시군구명,기준년월코드,기준분기코드,총직장인구수,남성직장인구수,여성직장인구수,연령대10직장인구수,연령대20직장인구수,연령대30직장인구수,연령대40직장인구수,연령대50직장인구수,연령대60이상직장인구수,남성연령대10직장인구수,남성연령대20직장인구수,남성연령대30직장인구수,남성연령대40직장인구수,남성연령대50직장인구수,남성연령대60이상직장인구수,여성연령대10직장인구수,여성연령대20직장인구수,여성연령대30직장인구수,여성연령대40직장인구수,여성연령대50직장인구수,여성연령대60이상직장인구수
강남구,2015,1,693089,396755,296334,5208,166848,236027,162911,84700,37395,2390,67240,146261,104792,50996,25076,2818,99608,89766,58119,33704,12319
강남구,2015,2,698039,397495,300544,3334,157962,237882,168648,89189,41024,1469,62081,145262,108697,53029,26957,1865,95881,92620,59951,36160,14067
강남구,2015,3,698039,397495,300544,3334,157962,237882,168648,89189,41024,1469,62081,145262,108697,53029,26957,1865,95881,92620,59951,36160,14067
강남구,2015,4,701865,399761,302104,4806,167046,233284,167286,88933,40510,2072,67433,143515,107418,52772,26551,2734,99613,89769,59868,36161,13959
강남구,2016,1,701865,399761,302104,4806,167046,233284,167286,88933,40510,2072,67433,143515,107418,52772,26551,2734,99613,89769,59868,36161,13959
강남구,2016,2,705284,401041,304243,3262,159073,234020,171432,92811,44686,1380,62359,141641,110937,55591,29133,1882,96714,92379,60495,37220,15553
강남구,2016,3,705284,401041,304243,3262,159073,234020,171432,92811,44686,1380,62359,141641,110937,55591,29133,1882,96714,92379,60495,37220,15553
강남구,2016,4,712048,405644,306404,5091,169264,230971,170354,92364,44004,2148,68573,141167,109587,55499,28670,2943,100691,89804,60767,36865,15334
강남구,2017,1,712048,405644,306404,5091,169264,230971,170354,92364,44004,2148,68573,141167,109587,55499,28670,2943,100691,89804,60767,36865,15334
강남구,2017,2,723476,410416,313060,3395,160124,233043,176369,100259,50286,1404,63960,140264,113607,58815,32366,1991,96164,92779,62762,41444,17920
강남구,2017,3,723476,410416,313060,3395,160124,233043,176369,100259,50286,1404,63960,140264,113607,58815,32366,1991,96164,92779,62762,41444,17920
강남구,2017,4,718896,407535,311361,4948,165538,225687,173262,99505,49956,2014,67074,136520,111677,58162,32088,2934,98464,89167,61585,41343,17868
강남구,2018,1,718896,407535,311361,4948,165538,225687,173262,99505,49956,2014,67074,136520,111677,58162,32088,2934,98464,89167,61585,41343,17868
강남구,2018,2,723405,415696,307709,2999,155236,231644,174160,104750,54616,1199,62031,138767,116305,62545,34849,1800,93205,92877,57855,42205,19767
강남구,2018,3,723405,415696,307709,2999,155236,231644,174160,104750,54616,1199,62031,138767,116305,62545,34849,1800,93205,92877,57855,42205,19767
강남구,2018,4,723405,415696,307709,2999,155236,231644,174160,104750,54616,1199,62031,138767,116305,62545,34849,1800,93205,92877,57855,42205,19767
강남구,2019,1,667059,361738,305321,4529,164423,207365,149310,89227,52205,1667,62739,117623,96304,51665,31740,2862,101684,89742,53006,37562,20465
강남구,2019,2,674493,397653,276840,1855,131886,207408,169334,111750,52260,754,57547,125589,112112,67937,33714,1101,74339,81819,57222,43813,18546
강남구,2019,3,674493,397653,276840,1855,131886,207408,169334,111750,52260,754,57547,125589,112112,67937,33714,1101,74339,81819,57222,43813,18546
강남구,2019,4,647429,380297,267132,2385,134709,195823,162508,105981,46023,932,60779,118302,106121,64093,30070,1453,73930,77521,56387,41888,15953
강동구,2015,1,33137,18589,14548,159,4209,7689,8437,7492,5151,84,1733,4379,4669,4211,3513,75,2476,3310,3768,3281,1638
강동구,2015,2,34109,19166,14943,64,4065,7785,8422,7954,5819,36,1645,4412,4729,4429,3915,28,2420,3373,3693,3525,1904
강동구,2015,3,34109,19166,14943,64,4065,7785,8422,7954,5819,36,1645,4412,4729,4429,3915,28,2420,3373,3693,3525,1904
강동구,2015,4,34933,19386,15547,88,4455,7853,8440,8141,5956,52,1845,4460,4647,4440,3942,36,2610,3393,3793,3701,2014
강동구,2016,1,34933,19386,15547,88,4455,7853,8440,8141,5956,52,1845,4460,4647,4440,3942,36,2610,3393,3793,3701,2014
강동구,2016,2,35324,19624,15700,73,4299,7896,8666,8059,6331,38,1805,4444,4809,4376,4152,35,2494,3452,3857,3683,2179
강동구,2016,3,35324,19624,15700,73,4299,7896,8666,8059,6331,38,1805,4444,4809,4376,4152,35,2494,3452,3857,3683,2179
강동구,2016,4,35921,19861,16060,114,4647,7966,8752,8129,6313,53,2012,4485,4781,4396,4134,61,2635,3481,3971,3733,2179
강동구,2017,1,35921,19861,16060,114,4647,7966,8752,8129,6313,53,2012,4485,4781,4396,4134,61,2635,3481,3971,3733,2179
강동구,2017,2,35978,19711,16267,78,4224,7757,8692,8206,7021,32,1792,4349,4706,4317,4515,46,2432,3408,3986,3889,2506
강동구,2017,3,35978,19711,16267,78,4224,7757,8692,8206,7021,32,1792,4349,4706,4317,4515,46,2432,3408,3986,3889,2506
강동구,2017,4,36170,19724,16446,177,4431,7703,8674,8206,6979,72,1938,4291,4638,4271,4514,105,2493,3412,4036,3935,2465
강동구,2018,1,36170,19724,16446,177,4431,7703,8674,8206,6979,72,1938,4291,4638,4271,4514,105,2493,3412,4036,3935,2465
강동구,2018,2,37029,19632,17397,105,4388,7625,8523,8376,8012,44,1781,4195,4564,4173,4875,61,2607,3430,3959,4203,3137
강동구,2018,3,37029,19632,17397,105,4388,7625,8523,8376,8012,44,1781,4195,4564,4173,4875,61,2607,3430,3959,4203,3137
강동구,2018,4,37029,19632,17397,105,4388,7625,8523,8376,8012,44,1781,4195,4564,4173,4875,61,2607,3430,3959,4203,3137
강동구,2019,1,36303,17894,18409,114,5005,7154,8030,8035,7965,47,1954,3774,4028,3476,4615,67,3051,3380,4002,4559,3350
강동구,2019,2,28605,16405,12200,85,3540,5690,6468,6608,6214,43,1526,3331,3743,3702,4060,42,2014,2359,2725,2906,2154
강동구,2019,3,28605,16405,12200,85,3540,5690,6468,6608,6214,43,1526,3331,3743,3702,4060,42,2014,2359,2725,2906,2154
강동구,2019,4,29676,18292,11384,94,3378,5237,6253,7102,7612,53,1794,3234,3772,4189,5250,41,1584,2003,2481,2913,2362
강북구,2015,1,14547,7531,7016,58,1757,3256,4003,3701,1772,34,583,1566,2144,2108,1096,24,1174,1690,1859,1593,676
강북구,2015,2,14798,7643,7155,39,1650,3326,3974,3762,2047,18,521,1625,2076,2126,1277,21,1129,1701,1898,1636,770
강북구,2015,3,14798,7643,7155,39,1650,3326,3974,3762,2047,18,521,1625,2076,2126,1277,21,1129,1701,1898,1636,770
강북구,2015,4,15032,7711,7321,60,1764,3339,3967,3805,2097,30,611,1634,2060,2111,1265,30,1153,1705,1907,1694,832
강북구,2016,1,15032,7711,7321,60,1764,3339,3967,3805,2097,30,611,1634,2060,2111,1265,30,1153,1705,1907,1694,832
강북구,2016,2,15098,7700,7398,45,1757,3284,3957,3761,2294,24,588,1640,2005,2081,1362,21,1169,1644,1952,1680,932
강북구,2016,3,15098,7700,7398,45,1757,3284,3957,3761,2294,24,588,1640,2005,2081,1362,21,1169,1644,1952,1680,932
강북구,2016,4,15092,7628,7464,58,1872,3261,3914,3736,2251,33,667,1606,1965,2045,1312,25,1205,1655,1949,1691,939
강북구,2017,1,15092,7628,7464,58,1872,3261,3914,3736,2251,33,667,1606,1965,2045,1312,25,1205,1655,1949,1691,939
강북구,2017,2,15197,7699,7498,43,1778,3202,3891,3819,2464,19,633,1580,1992,2045,1430,24,1145,1622,1899,1774,1034
강북구,2017,3,15197,7699,7498,43,1778,3202,3891,3819,2464,19,633,1580,1992,2045,1430,24,1145,1622,1899,1774,1034
강북구,2017,4,15394,7702,7692,59,1952,3186,3940,3838,2419,21,693,1584,1949,2065,1390,38,1259,1602,1991,1773,1029
강북구,2018,1,15394,7702,7692,59,1952,3186,3940,3838,2419,21,693,1584,1949,2065,1390,38,1259,1602,1991,1773,1029
강북구,2018,2,15457,7754,7703,33,1806,3199,3788,3985,2646,18,670,1566,1868,2124,1508,15,1136,1633,1920,1861,1138
강북구,2018,3,15457,7754,7703,33,1806,3199,3788,3985,2646,18,670,1566,1868,2124,1508,15,1136,1633,1920,1861,1138
강북구,2018,4,15457,7754,7703,33,1806,3199,3788,3985,2646,18,670,1566,1868,2124,1508,15,1136,1633,1920,1861,1138
강북구,2019,1,16241,7655,8586,64,2204,3228,3843,4037,2865,34,776,1551,1748,1899,1647,30,1428,1677,2095,2138,1218
강북구,2019,2,10868,5729,5139,16,1069,1951,2414,2585,2833,11,376,900,1200,1465,1777,5,693,1051,1214,1120,1056
강북구,2019,3,10868,5729,5139,16,1069,1951,2414,2585,2833,11,376,900,1200,1465,1777,5,693,1051,1214,1120,1056
강북구,2019,4,10526,5496,5030,26,1030,1772,2344,2601,2753,19,331,795,1142,1456,1753,7,699,977,1202,1145,1000
강서구,2015,1,28068,16872,11196,170,3979,7022,7266,6270,3361,103,1614,4333,4448,3971,2403,67,2365,2689,2818,2299,958
강서구,2015,2,28498,16934,11564,130,3923,6946,7302,6261,3936,72,1533,4181,4474,3886,2788,58,2390,2765,2828,2375,1148
강서구,2015,3,28498,16934,11564,130,3923,6946,7302,6261,3936,72,1533,4181,4474,3886,2788,58,2390,2765,2828,2375,1148
강서구,2015,4,28148,16519,11629,166,4030,6705,7192,6231,3824,95,1585,3972,4353,3840,2674,71,2445,2733,2839,2391,1150
강서구,2016,1,28148,16519,11629,166,4030,6705,7192,6231,3824,95,1585,3972,4353,3840,2674,71,2445,2733,2839,2391,1150
강서구,2016,2,28879,16810,12069,110,3984,6597,7309,6520,4359,60,1527,3950,4429,3892,2952,50,2457,2647,2880,2628,1407
강서구,2016,3,28879,16810,12069,110,3984,6597,7309,6520,4359,60,1527,3950,4429,3892,2952,50,2457,2647,2880,2628,1407
강서구,2016,4,29558,17191,12367,177,4347,6726,7392,6589,4327,103,1724,4026,4443,3941,2954,74,2623,2700,2949,2648,1373
강서구,2017,1,29558,17191,12367,177,4347,6726,7392,6589,4327,103,1724,4026,4443,3941,2954,74,2623,2700,2949,2648,1373
강서구,2017,2,29701,17352,12349,121,4133,6711,7462,6622,4652,71,1671,4004,4504,3931,3171,50,2462,2707,2958,2691,1481
강서구,2017,3,29701,17352,12349,121,4133,6711,7462,6622,4652,71,1671,4004,4504,3931,3171,50,2462,2707,2958,2691,1481
강서구,2017,4,28389,16472,11917,166,3609,6207,7315,6552,4540,87,1624,3647,4312,3800,3002,79,1985,2560,3003,2752,1538
강서구,2018,1,28389,16472,11917,166,3609,6207,7315,6552,4540,87,1624,3647,4312,3800,3002,79,1985,2560,3003,2752,1538
강서구,2018,2,28802,16517,12285,98,3474,6200,7261,6716,5053,53,1519,3596,4282,3819,3248,45,1955,2604,2979,2897,1805
강서구,2018,3,28802,16517,12285,98,3474,6200,7261,6716,5053,53,1519,3596,4282,3819,3248,45,1955,2604,2979,2897,1805
강서구,2018,4,28802,16517,12285,98,3474,6200,7261,6716,5053,53,1519,3596,4282,3819,3248,45,1955,2604,2979,2897,1805
강서구,2019,1,32654,17706,14948,98,4179,7314,8082,7743,5238,48,1659,3965,4561,4291,3182,50,2520,3349,3521,3452,2056
강서구,2019,2,30199,18490,11709,70,3793,6980,7359,7066,4931,45,1556,4091,4512,4622,3664,25,2237,2889,2847,2444,1267
강서구,2019,3,30199,18490,11709,70,3793,6980,7359,7066,4931,45,1556,4091,4512,4622,3664,25,2237,2889,2847,2444,1267
강서구,2019,4,29416,17937,11479,73,4128,6712,6983,6833,4687,40,1659,3831,4205,4531,3671,33,2469,2881,2778,2302,1016
관악구,2015,1,22762,11913,10849,99,3098,5017,5912,5138,3498,35,1037,2613,3106,2794,2328,64,2061,2404,2806,2344,1170
관악구,2015,2,22722,11847,10875,65,2899,4904,5841,5217,3796,26,931,2541,3114,2779,2456,39,1968,2363,2727,2438,1340
관악구,2015,3,22722,11847,10875,65,2899,4904,5841,5217,3796,26,931,2541,3114,2779,2456,39,1968,2363,2727,2438,1340
관악구,2015,4,22896,11863,11033,108,3096,4936,5897,5234,3625,42,1026,2573,3124,2785,2313,66,2070,2363,2773,2449,1312
관악구,2016,1,22896,11863,11033,108,3096,4936,5897,5234,3625,42,1026,2573,3124,2785,2313,66,2070,2363,2773,2449,1312
관악구,2016,2,23462,12011,11451,68,3070,4927,5907,5524,3966,25,1017,2557,3055,2872,2485,43,2053,2370,2852,2652,1481
관악구,2016,3,23462,12011,11451,68,3070,4927,5907,5524,3966,25,1017,2557,3055,2872,2485,43,2053,2370,2852,2652,1481
관악구,2016,4,22897,11787,11110,91,3093,4799,5750,5405,3759,39,1084,2476,2960,2844,2384,52,2009,2323,2790,2561,1375
관악구,2017,1,22897,11787,11110,91,3093,4799,5750,5405,3759,39,1084,2476,2960,2844,2384,52,2009,2323,2790,2561,1375
관악구,2017,2,22789,11806,10983,48,2974,4715,5595,5411,4046,21,1020,2436,2925,2857,2547,27,1954,2279,2670,2554,1499
관악구,2017,3,22789,11806,10983,48,2974,4715,5595,5411,4046,21,1020,2436,2925,2857,2547,27,1954,2279,2670,2554,1499
관악구,2017,4,22600,11578,11022,84,2972,4644,5651,5369,3880,44,1009,2393,2960,2773,2399,40,1963,2251,2691,2596,1481
관악구,2018,1,22600,11578,11022,84,2972,4644,5651,5369,3880,44,1009,2393,2960,2773,2399,40,1963,2251,2691,2596,1481
관악구,2018,2,22999,11689,11310,45,2870,4742,5600,5524,4218,19,981,2417,2957,2811,2504,26,1889,2325,2643,2713,1714
관악구,2018,3,22999,11689,11310,45,2870,4742,5600,5524,4218,19,981,2417,2957,2811,2504,26,1889,2325,2643,2713,1714
관악구,2018,4,22999,11689,11310,45,2870,4742,5600,5524,4218,19,981,2417,2957,2811,2504,26,1889,2325,2643,2713,1714
관악구,2019,1,30135,15380,14755,141,4879,6237,7133,6880,4865,54,2002,3368,3794,3366,2796,87,2877,2869,3339,3514,2069
관악구,2019,2,30583,17247,13336,61,4849,7442,7551,6612,4068,27,1931,4272,4601,3794,2622,34,2918,3170,2950,2818,1446
관악구,2019,3,30583,17247,13336,61,4849,7442,7551,6612,4068,27,1931,4272,4601,3794,2622,34,2918,3170,2950,2818,1446
관악구,2019,4,26541,16048,10493,66,3931,6494,6739,5805,3506,28,1821,4052,4286,3473,2388,38,2110,2442,2453,2332,1118
광진구,2015,1,25814,14401,11413,155,4096,6703,6341,5276,3243,79,1473,3721,3773,3097,2258,76,2623,2982,2568,2179,985
광진구,2015,2,26077,14370,11707,98,3905,6602,6481,5271,3720,53,1369,3612,3841,2995,2500,45,2536,2990,2640,2276,1220
광진구,2015,3,26077,14370,11707,98,3905,6602,6481,5271,3720,53,1369,3612,3841,2995,2500,45,2536,2990,2640,2276,1220
광진구,2015,4,26487,14397,12090,128,4129,6500,6554,5408,3768,73,1489,3537,3768,3033,2497,55,2640,2963,2786,2375,1271
광진구,2016,1,26487,14397,12090,128,4129,6500,6554,5408,3768,73,1489,3537,3768,3033,2497,55,2640,2963,2786,2375,1271
광진구,2016,2,27405,14691,12714,107,4280,6785,6800,5607,3826,58,1494,3541,3903,3141,2554,49,2786,3244,2897,2466,1272
광진구,2016,3,27405,14691,12714,107,4280,6785,6800,5607,3826,58,1494,3541,3903,3141,2554,49,2786,3244,2897,2466,1272
광진구,2016,4,27140,14494,12646,143,4474,6753,6632,5446,3692,69,1583,3565,3771,3021,2485,74,2891,3188,2861,2425,1207
광진구,2017,1,27140,14494,12646,143,4474,6753,6632,5446,3692,69,1583,3565,3771,3021,2485,74,2891,3188,2861,2425,1207
광진구,2017,2,27407,14496,12911,100,4291,6661,6611,5670,4074,52,1501,3426,3790,3075,2652,48,2790,3235,2821,2595,1422
광진구,2017,3,27407,14496,12911,100,4291,6661,6611,5670,4074,52,1501,3426,3790,3075,2652,48,2790,3235,2821,2595,1422
광진구,2017,4,27446,14365,13081,133,4489,6655,6553,5599,4017,67,1627,3451,3670,2953,2597,66,2862,3204,2883,2646,1420
광진구,2018,1,27446,14365,13081,133,4489,6655,6553,5599,4017,67,1627,3451,3670,2953,2597,66,2862,3204,2883,2646,1420
광진구,2018,2,27778,14579,13199,96,4428,6517,6505,5771,4461,50,1611,3350,3634,3086,2848,46,2817,3167,2871,2685,1613
광진구,2018,3,27778,14579,13199,96,4428,6517,6505,5771,4461,50,1611,3350,3634,3086,2848,46,2817,3167,2871,2685,1613
광진구,2018,4,27778,14579,13199,96,4428,6517,6505,5771,4461,50,1611,3350,3634,3086,2848,46,2817,3167,2871,2685,1613
광진구,2019,1,27691,14308,13383,124,4719,6091,6548,5814,4395,57,1837,3370,3597,2895,2552,67,2882,2721,2951,2919,1843
광진구,2019,2,21333,13344,7989,54,3148,4603,5521,4657,3350,32,1604,2895,3448,2938,2427,22,1544,1708,2073,1719,923
광진구,2019,3,21333,13344,7989,54,3148,4603,5521,4657,3350,32,1604,2895,3448,2938,2427,22,1544,1708,2073,1719,923
광진구,2019,4,19092,11690,7402,49,3036,4029,4851,4184,2943,30,1549,2480,2930,2593,2108,19,1487,1549,1921,1591,835
구로구,2015,1,103393,66614,36779,544,22501,37010,23580,12962,6796,314,11267,25528,16243,8513,4749,230,11234,11482,7337,4449,2047
구로구,2015,2,103424,65903,37521,345,20644,36783,24559,13525,7568,185,10016,24851,16821,8727,5303,160,10628,11932,7738,4798,2265
구로구,2015,3,103424,65903,37521,345,20644,36783,24559,13525,7568,185,10016,24851,16821,8727,5303,160,10628,11932,7738,4798,2265
구로구,2015,4,104085,66155,37930,572,22092,35858,24190,13718,7655,310,10899,24366,16406,8751,5423,262,11193,11492,7784,4967,2232
구로구,2016,1,104085,66155,37930,572,22092,35858,24190,13718,7655,310,10899,24366,16406,8751,5423,262,11193,11492,7784,4967,2232
구로구,2016,2,105632,66632,39000,382,20656,35962,25556,14517,8559,225,9850,24128,17310,9156,5963,157,10806,11834,8246,5361,2596
구로구,2016,3,105632,66632,39000,382,20656,35962,25556,14517,8559,225,9850,24128,17310,9156,5963,157,10806,11834,8246,5361,2596
구로구,2016,4,105091,66082,39009,623,21629,34809,25260,14333,8437,343,10495,23357,16948,9095,5844,280,11134,11452,8312,5238,2593
구로구,2017,1,105091,66082,39009,623,21629,34809,25260,14333,8437,343,10495,23357,16948,9095,5844,280,11134,11452,8312,5238,2593
구로구,2017,2,106443,66495,39948,413,20380,34804,26241,15098,9507,212,9703,23107,17622,9352,6499,201,10677,11697,8619,5746,3008
구로구,2017,3,106443,66495,39948,413,20380,34804,26241,15098,9507,212,9703,23107,17622,9352,6499,201,10677,11697,8619,5746,3008
구로구,2017,4,106631,66454,40177,616,21498,33989,26109,14966,9453,349,10398,22666,17408,9214,6419,267,11100,11323,8701,5752,3034
구로구,2018,1,106631,66454,40177,616,21498,33989,26109,14966,9453,349,10398,22666,17408,9214,6419,267,11100,11323,8701,5752,3034
구로구,2018,2,106652,66782,39870,362,19189,33838,26575,16229,10459,204,9284,22397,17899,9902,7096,158,9905,11441,8676,6327,3363
구로구,2018,3,106652,66782,39870,362,19189,33838,26575,16229,10459,204,9284,22397,17899,9902,7096,158,9905,11441,8676,6327,3363
구로구,2018,4,106652,66782,39870,362,19189,33838,26575,16229,10459,204,9284,22397,17899,9902,7096,158,9905,11441,8676,6327,3363
구로구,2019,1,110133,64645,45488,478,21798,32412,25051,16997,13397,276,10239,20723,15944,9032,8431,202,11559,11689,9107,7965,4966
구로구,2019,2,81627,51458,30169,253,14565,24881,20274,13420,8234,157,7354,16380,13601,8103,5863,96,7211,8501,6673,5317,2371
구로구,2019,3,81627,51458,30169,253,14565,24881,20274,13420,8234,157,7354,16380,13601,8103,5863,96,7211,8501,6673,5317,2371
구로구,2019,4,76345,47594,28751,277,14152,22511,18745,12667,7993,174,7197,14664,12231,7535,5793,103,6955,7847,6514,5132,2200
금천구,2015,1,129476,80155,49321,3304,29965,42375,29217,16297,8318,1448,14733,28537,19260,10106,6071,1856,15232,13838,9957,6191,2247
금천구,2015,2,134164,82833,51331,2785,30872,43045,30745,17604,9113,1212,14827,28799,20640,10802,6553,1573,16045,14246,10105,6802,2560
금천구,2015,3,134164,82833,51331,2785,30872,43045,30745,17604,9113,1212,14827,28799,20640,10802,6553,1573,16045,14246,10105,6802,2560
금천구,2015,4,137866,84574,53292,4067,32724,42765,31322,17724,9264,1849,15878,28521,20821,10848,6657,2218,16846,14244,10501,6876,2607
금천구,2016,1,137866,84574,53292,4067,32724,42765,31322,17724,9264,1849,15878,28521,20821,10848,6657,2218,16846,14244,10501,6876,2607
금천구,2016,2,140039,85861,54178,2605,32616,43184,32697,18698,10239,1171,15475,28344,22021,11468,7382,1434,17141,14840,10676,7230,2857
금천구,2016,3,140039,85861,54178,2605,32616,43184,32697,18698,10239,1171,15475,28344,22021,11468,7382,1434,17141,14840,10676,7230,2857
금천구,2016,4,139666,85374,54292,3713,32769,42076,32367,18518,10223,1638,15884,27582,21583,11311,7376,2075,16885,14494,10784,7207,2847
금천구,2017,1,139666,85374,54292,3713,32769,42076,32367,18518,10223,1638,15884,27582,21583,11311,7376,2075,16885,14494,10784,7207,2847
금천구,2017,2,140959,86198,54761,2629,32323,41744,32846,19626,11791,1208,15515,27074,22146,11847,8408,1421,16808,14670,10700,7779,3383
금천구,2017,3,140959,86198,54761,2629,32323,41744,32846,19626,11791,1208,15515,27074,22146,11847,8408,1421,16808,14670,10700,7779,3383
금천구,2017,4,137525,84321,53204,2632,31200,40466,32239,19380,11608,1230,15125,26361,21594,11773,8238,1402,16075,14105,10645,7607,3370
금천구,2018,1,137525,84321,53204,2632,31200,40466,32239,19380,11608,1230,15125,26361,21594,11773,8238,1402,16075,14105,10645,7607,3370
금천구,2018,2,154043,96963,57080,1491,33024,46897,37778,22250,12603,683,16296,30777,26492,14053,8662,808,16728,16120,11286,8197,3941
금천구,2018,3,154043,96963,57080,1491,33024,46897,37778,22250,12603,683,16296,30777,26492,14053,8662,808,16728,16120,11286,8197,3941
금천구,2018,4,154043,96963,57080,1491,33024,46897,37778,22250,12603,683,16296,30777,26492,14053,8662,808,16728,16120,11286,8197,3941
금천구,2019,1,125980,77507,48473,610,26395,36767,30621,19092,12495,311,12542,23881,20532,11615,8626,299,13853,12886,10089,7477,3869
금천구,2019,2,97611,61487,36124,936,20386,27060,21944,14157,13128,472,10345,17365,15039,8768,9498,464,10041,9695,6905,5389,3630
금천구,2019,3,97611,61487,36124,936,20386,27060,21944,14157,13128,472,10345,17365,15039,8768,9498,464,10041,9695,6905,5389,3630
금천구,2019,4,83875,53760,30115,282,14907,23419,19342,13037,12888,177,7708,15223,13258,8160,9234,105,7199,8196,6084,4877,3654
노원구,2015,1,6814,3363,3451,41,964,1364,1779,1607,1059,16,300,726,855,715,751,25,664,638,924,892,308
노원구,2015,2,6906,3399,3507,28,914,1300,1760,1693,1211,13,264,719,856,712,835,15,650,581,904,981,376
노원구,2015,3,6906,3399,3507,28,914,1300,1760,1693,1211,13,264,719,856,712,835,15,650,581,904,981,376
노원구,2015,4,7291,3525,3766,54,1066,1384,1835,1772,1180,30,334,776,874,720,791,24,732,608,961,1052,389
노원구,2016,1,7291,3525,3766,54,1066,1384,1835,1772,1180,30,334,776,874,720,791,24,732,608,961,1052,389
노원구,2016,2,7281,3419,3862,28,1025,1312,1799,1833,1284,12,355,720,867,742,723,16,670,592,932,1091,561
노원구,2016,3,7281,3419,3862,28,1025,1312,1799,1833,1284,12,355,720,867,742,723,16,670,592,932,1091,561
노원구,2016,4,7027,3340,3687,55,1035,1271,1713,1758,1195,20,344,700,813,744,719,35,691,571,900,1014,476
노원구,2017,1,7027,3340,3687,55,1035,1271,1713,1758,1195,20,344,700,813,744,719,35,691,571,900,1014,476
노원구,2017,2,6887,3191,3696,31,1019,1214,1677,1724,1222,20,327,653,772,715,704,11,692,561,905,1009,518
노원구,2017,3,6887,3191,3696,31,1019,1214,1677,1724,1222,20,327,653,772,715,704,11,692,561,905,1009,518
노원구,2017,4,6921,3189,3732,45,1015,1196,1681,1761,1223,19,326,656,757,731,700,26,689,540,924,1030,523
노원구,2018,1,6921,3189,3732,45,1015,1196,1681,1761,1223,19,326,656,757,731,700,26,689,540,924,1030,523
노원구,2018,2,7624,3624,4000,31,1113,1402,1807,1896,1375,9,369,814,902,778,752,22,744,588,905,1118,623
노원구,2018,3,7624,3624,4000,31,1113,1402,1807,1896,1375,9,369,814,902,778,752,22,744,588,905,1118,623
노원구,2018,4,7624,3624,4000,31,1113,1402,1807,1896,1375,9,369,814,902,778,752,22,744,588,905,1118,623
노원구,2019,1,10327,4881,5446,71,1648,1778,2333,2350,2147,27,570,888,1102,1019,1275,44,1078,890,1231,1331,872
노원구,2019,2,5722,3086,2636,13,717,890,1371,1401,1330,5,273,471,723,775,839,8,444,419,648,626,491
노원구,2019,3,5722,3086,2636,13,717,890,1371,1401,1330,5,273,471,723,775,839,8,444,419,648,626,491
노원구,2019,4,5212,2893,2319,17,652,829,1249,1331,1134,6,255,453,675,777,727,11,397,376,574,554,407
도봉구,2015,1,8578,4975,3603,38,999,1711,2448,2326,1056,33,354,971,1395,1479,743,5,645,740,1053,847,313
도봉구,2015,2,8741,5102,3639,20,951,1717,2371,2421,1261,13,330,968,1366,1540,885,7,621,749,1005,881,376
도봉구,2015,3,8741,5102,3639,20,951,1717,2371,2421,1261,13,330,968,1366,1540,885,7,621,749,1005,881,376
도봉구,2015,4,8900,5118,3782,42,1048,1762,2420,2422,1206,26,393,994,1358,1514,833,16,655,768,1062,908,373
도봉구,2016,1,8900,5118,3782,42,1048,1762,2420,2422,1206,26,393,994,1358,1514,833,16,655,768,1062,908,373
도봉구,2016,2,8996,5144,3852,28,987,1722,2378,2466,1415,17,355,962,1341,1506,963,11,632,760,1037,960,452
도봉구,2016,3,8996,5144,3852,28,987,1722,2378,2466,1415,17,355,962,1341,1506,963,11,632,760,1037,960,452
도봉구,2016,4,9107,5178,3929,34,1075,1746,2423,2434,1395,17,396,967,1366,1490,942,17,679,779,1057,944,453
도봉구,2017,1,9107,5178,3929,34,1075,1746,2423,2434,1395,17,396,967,1366,1490,942,17,679,779,1057,944,453
도봉구,2017,2,9092,5164,3928,16,1051,1694,2401,2419,1511,10,383,937,1346,1471,1017,6,668,757,1055,948,494
도봉구,2017,3,9092,5164,3928,16,1051,1694,2401,2419,1511,10,383,937,1346,1471,1017,6,668,757,1055,948,494
도봉구,2017,4,9019,5110,3909,35,1087,1691,2364,2390,1452,18,405,942,1317,1448,980,17,682,749,1047,942,472
도봉구,2018,1,9019,5110,3909,35,1087,1691,2364,2390,1452,18,405,942,1317,1448,980,17,682,749,1047,942,472
도봉구,2018,2,9334,5218,4116,24,1029,1755,2321,2550,1655,12,363,978,1286,1493,1086,12,666,777,1035,1057,569
도봉구,2018,3,9334,5218,4116,24,1029,1755,2321,2550,1655,12,363,978,1286,1493,1086,12,666,777,1035,1057,569
도봉구,2018,4,9334,5218,4116,24,1029,1755,2321,2550,1655,12,363,978,1286,1493,1086,12,666,777,1035,1057,569
도봉구,2019,1,8746,4289,4457,24,1096,1516,2102,2280,1728,14,409,740,974,1103,1049,10,687,776,1128,1177,679
도봉구,2019,2,7055,3864,3191,5,601,1075,1428,1742,2204,3,246,607,764,952,1292,2,355,468,664,790,912
도봉구,2019,3,7055,3864,3191,5,601,1075,1428,1742,2204,3,246,607,764,952,1292,2,355,468,664,790,912
도봉구,2019,4,6712,3631,3081,8,728,1118,1647,1893,1318,5,326,615,841,921,923,3,402,503,806,972,395
동대문구,2015,1,48594,31488,17106,241,6030,11135,14528,10568,6092,79,2733,7151,10429,6805,4291,162,3297,3984,4099,3763,1801
동대문구,2015,2,48131,30861,17270,135,5613,10711,14585,10679,6408,41,2414,6778,10424,6799,4405,94,3199,3933,4161,3880,2003
동대문구,2015,3,48131,30861,17270,135,5613,10711,14585,10679,6408,41,2414,6778,10424,6799,4405,94,3199,3933,4161,3880,2003
동대문구,2015,4,48661,30978,17683,239,6119,10618,14582,10756,6347,66,2734,6751,10329,6779,4319,173,3385,3867,4253,3977,2028
동대문구,2016,1,48661,30978,17683,239,6119,10618,14582,10756,6347,66,2734,6751,10329,6779,4319,173,3385,3867,4253,3977,2028
동대문구,2016,2,48631,30699,17932,166,5757,10463,14226,10976,7043,53,2547,6512,9989,6852,4746,113,3210,3951,4237,4124,2297
동대문구,2016,3,48631,30699,17932,166,5757,10463,14226,10976,7043,53,2547,6512,9989,6852,4746,113,3210,3951,4237,4124,2297
동대문구,2016,4,48928,30867,18061,298,6243,10326,14196,11011,6854,122,2905,6441,9937,6879,4583,176,3338,3885,4259,4132,2271
동대문구,2017,1,48928,30867,18061,298,6243,10326,14196,11011,6854,122,2905,6441,9937,6879,4583,176,3338,3885,4259,4132,2271
동대문구,2017,2,49281,31059,18222,197,6056,10083,13777,11479,7689,77,2777,6281,9644,7218,5062,120,3279,3802,4133,4261,2627
동대문구,2017,3,49281,31059,18222,197,6056,10083,13777,11479,7689,77,2777,6281,9644,7218,5062,120,3279,3802,4133,4261,2627
동대문구,2017,4,42228,24635,17593,269,6147,9078,9710,9650,7374,116,2780,5476,5932,5508,4823,153,3367,3602,3778,4142,2551
동대문구,2018,1,42228,24635,17593,269,6147,9078,9710,9650,7374,116,2780,5476,5932,5508,4823,153,3367,3602,3778,4142,2551
동대문구,2018,2,42445,24681,17764,146,6055,8986,9558,9600,8100,57,2709,5384,5891,5462,5178,89,3346,3602,3667,4138,2922
동대문구,2018,3,42445,24681,17764,146,6055,8986,9558,9600,8100,57,2709,5384,5891,5462,5178,89,3346,3602,3667,4138,2922
동대문구,2018,4,42445,24681,17764,146,6055,8986,9558,9600,8100,57,2709,5384,5891,5462,5178,89,3346,3602,3667,4138,2922
동대문구,2019,1,41876,21551,20325,190,5596,8808,10326,9528,7428,83,2316,4817,5342,4587,4406,107,3280,3991,4984,4941,3022
동대문구,2019,2,36439,19378,17061,78,5666,7840,8765,8343,5747,45,2769,4554,4619,3870,3521,33,2897,3286,4146,4473,2226
동대문구,2019,3,36439,19378,17061,78,5666,7840,8765,8343,5747,45,2769,4554,4619,3870,3521,33,2897,3286,4146,4473,2226
동대문구,2019,4,35976,19880,16096,125,5600,7331,8623,8257,6040,71,2916,4434,4717,4001,3741,54,2684,2897,3906,4256,2299
동작구,2015,1,48016,24544,23472,286,7852,12677,11818,10107,5276,107,3521,7137,6354,4534,2891,179,4331,5540,5464,5573,2385
동작구,2015,2,48981,25203,23778,191,7654,12931,12030,10286,5889,76,3502,7344,6432,4645,3204,115,4152,5587,5598,5641,2685
동작구,2015,3,48981,25203,23778,191,7654,12931,12030,10286,5889,76,3502,7344,6432,4645,3204,115,4152,5587,5598,5641,2685
동작구,2015,4,50515,25800,24715,385,8299,13223,12494,10469,5645,191,3853,7472,6508,4707,3069,194,4446,5751,5986,5762,2576
동작구,2016,1,50515,25800,24715,385,8299,13223,12494,10469,5645,191,3853,7472,6508,4707,3069,194,4446,5751,5986,5762,2576
동작구,2016,2,50310,25615,24695,237,7793,12973,12595,10609,6103,98,3582,7274,6564,4834,3263,139,4211,5699,6031,5775,2840
동작구,2016,3,50310,25615,24695,237,7793,12973,12595,10609,6103,98,3582,7274,6564,4834,3263,139,4211,5699,6031,5775,2840
동작구,2016,4,51564,26173,25391,339,8610,13059,12887,10744,5925,156,4201,7320,6587,4746,3163,183,4409,5739,6300,5998,2762
동작구,2017,1,51564,26173,25391,339,8610,13059,12887,10744,5925,156,4201,7320,6587,4746,3163,183,4409,5739,6300,5998,2762
동작구,2017,2,52243,26296,25947,218,8159,12673,12767,11483,6943,87,3959,7058,6588,5042,3562,131,4200,5615,6179,6441,3381
동작구,2017,3,52243,26296,25947,218,8159,12673,12767,11483,6943,87,3959,7058,6588,5042,3562,131,4200,5615,6179,6441,3381
동작구,2017,4,52795,26734,26061,292,8761,12607,12715,11484,6936,126,4389,7110,6564,5019,3526,166,4372,5497,6151,6465,3410
동작구,2018,1,52795,26734,26061,292,8761,12607,12715,11484,6936,126,4389,7110,6564,5019,3526,166,4372,5497,6151,6465,3410
동작구,2018,2,54091,28083,26008,185,8741,13029,12504,11733,7899,76,4556,7539,6568,5371,3973,109,4185,5490,5936,6362,3926
동작구,2018,3,54091,28083,26008,185,8741,13029,12504,11733,7899,76,4556,7539,6568,5371,3973,109,4185,5490,5936,6362,3926
동작구,2018,4,54091,28083,26008,185,8741,13029,12504,11733,7899,76,4556,7539,6568,5371,3973,109,4185,5490,5936,6362,3926
동작구,2019,1,33683,17218,16465,127,5156,8558,8804,6927,4111,52,2030,4367,4758,3660,2351,75,3126,4191,4046,3267,1760
동작구,2019,2,33919,20045,13874,53,5569,7530,7020,7259,6488,26,3483,5001,4235,3643,3657,27,2086,2529,2785,3616,2831
동작구,2019,3,33919,20045,13874,53,5569,7530,7020,7259,6488,26,3483,5001,4235,3643,3657,27,2086,2529,2785,3616,2831
동작구,2019,4,33786,19942,13844,89,5854,7181,6820,7617,6225,45,3811,4871,4015,3704,3496,44,2043,2310,2805,3913,2729
마포구,2015,1,101910,58612,43298,580,21705,33338,24112,14543,7632,239,8164,19890,15894,9021,5404,341,13541,13448,8218,5522,2228
마포구,2015,2,104675,58608,46067,393,23768,33247,24704,14634,7929,167,8666,19198,16261,8867,5449,226,15102,14049,8443,5767,2480
마포구,2015,3,104675,58608,46067,393,23768,33247,24704,14634,7929,167,8666,19198,16261,8867,5449,226,15102,14049,8443,5767,2480
마포구,2015,4,108368,60531,47837,956,26015,33634,25199,15082,7482,401,9874,19402,16417,9241,5196,555,16141,14232,8782,5841,2286
마포구,2016,1,108368,60531,47837,956,26015,33634,25199,15082,7482,401,9874,19402,16417,9241,5196,555,16141,14232,8782,5841,2286
마포구,2016,2,110653,61576,49077,521,25157,34276,26393,15743,8563,203,9525,19470,17200,9476,5702,318,15632,14806,9193,6267,2861
마포구,2016,3,110653,61576,49077,521,25157,34276,26393,15743,8563,203,9525,19470,17200,9476,5702,318,15632,14806,9193,6267,2861
마포구,2016,4,114126,63034,51092,944,27034,33936,26357,16788,9067,351,10350,19290,17063,10087,5893,593,16684,14646,9294,6701,3174
마포구,2017,1,114126,63034,51092,944,27034,33936,26357,16788,9067,351,10350,19290,17063,10087,5893,593,16684,14646,9294,6701,3174
마포구,2017,2,116072,63842,52230,551,25760,33324,27677,17970,10790,225,9725,18549,17807,10685,6851,326,16035,14775,9870,7285,3939
마포구,2017,3,116072,63842,52230,551,25760,33324,27677,17970,10790,225,9725,18549,17807,10685,6851,326,16035,14775,9870,7285,3939
마포구,2017,4,113284,63157,50127,761,23240,32828,28079,18088,10288,269,8984,18507,17996,10732,6669,492,14256,14321,10083,7356,3619
마포구,2018,1,113284,63157,50127,761,23240,32828,28079,18088,10288,269,8984,18507,17996,10732,6669,492,14256,14321,10083,7356,3619
마포구,2018,2,118009,66131,51878,489,23911,34248,28800,19297,11264,206,9381,19372,18618,11335,7219,283,14530,14876,10182,7962,4045
마포구,2018,3,118009,66131,51878,489,23911,34248,28800,19297,11264,206,9381,19372,18618,11335,7219,283,14530,14876,10182,7962,4045
마포구,2018,4,118009,66131,51878,489,23911,34248,28800,19297,11264,206,9381,19372,18618,11335,7219,283,14530,14876,10182,7962,4045
마포구,2019,1,136085,76511,59574,739,30058,37614,31640,21234,14800,316,12501,22015,20241,11993,9445,423,17557,15599,11399,9241,5355
마포구,2019,2,92893,55506,37387,354,15751,23927,21936,18958,11967,205,7103,14201,14503,12005,7489,149,8648,9726,7433,6953,4478
마포구,2019,3,92893,55506,37387,354,15751,23927,21936,18958,11967,205,7103,14201,14503,12005,7489,149,8648,9726,7433,6953,4478
마포구,2019,4,80492,45253,35239,415,16823,21520,19008,14083,8643,218,7339,12069,11516,8410,5701,197,9484,9451,7492,5673,2942
서대문구,2015,1,26801,15082,11719,98,4493,8757,6936,3758,2759,41,1418,4598,4420,2341,2264,57,3075,4159,2516,1417,495
서대문구,2015,2,30651,17715,12936,85,4713,9259,8090,4516,3988,34,1692,4900,4927,2751,3411,51,3021,4359,3163,1765,577
서대문구,2015,3,30651,17715,12936,85,4713,9259,8090,4516,3988,34,1692,4900,4927,2751,3411,51,3021,4359,3163,1765,577
서대문구,2015,4,31449,18265,13184,122,5021,9381,8233,4561,4131,50,1799,5058,5047,2775,3536,72,3222,4323,3186,1786,595
서대문구,2016,1,31449,18265,13184,122,5021,9381,8233,4561,4131,50,1799,5058,5047,2775,3536,72,3222,4323,3186,1786,595
서대문구,2016,2,31687,18138,13549,108,4893,9383,8434,4887,3982,45,1829,5016,5116,2885,3247,63,3064,4367,3318,2002,735
서대문구,2016,3,31687,18138,13549,108,4893,9383,8434,4887,3982,45,1829,5016,5116,2885,3247,63,3064,4367,3318,2002,735
서대문구,2016,4,32250,18455,13795,151,5174,9341,8532,5041,4011,74,1871,5035,5166,3007,3302,77,3303,4306,3366,2034,709
서대문구,2017,1,32250,18455,13795,151,5174,9341,8532,5041,4011,74,1871,5035,5166,3007,3302,77,3303,4306,3366,2034,709
서대문구,2017,2,30991,18154,12837,62,4710,9073,7788,4742,4616,31,1688,4883,4833,2980,3739,31,3022,4190,2955,1762,877
서대문구,2017,3,30991,18154,12837,62,4710,9073,7788,4742,4616,31,1688,4883,4833,2980,3739,31,3022,4190,2955,1762,877
서대문구,2017,4,29592,17725,11867,72,4701,8462,7482,4632,4243,29,1744,4816,4743,2921,3472,43,2957,3646,2739,1711,771
서대문구,2018,1,29592,17725,11867,72,4701,8462,7482,4632,4243,29,1744,4816,4743,2921,3472,43,2957,3646,2739,1711,771
서대문구,2018,2,29256,17277,11979,86,4620,8413,7342,4873,3922,37,1749,4749,4570,3027,3145,49,2871,3664,2772,1846,777
서대문구,2018,3,29256,17277,11979,86,4620,8413,7342,4873,3922,37,1749,4749,4570,3027,3145,49,2871,3664,2772,1846,777
서대문구,2018,4,29256,17277,11979,86,4620,8413,7342,4873,3922,37,1749,4749,4570,3027,3145,49,2871,3664,2772,1846,777
서대문구,2019,1,25071,13533,11538,117,4916,6872,5891,4795,2480,61,2031,3981,3393,2651,1416,56,2885,2891,2498,2144,1064
서대문구,2019,2,21191,13921,7270,21,2331,4575,4738,5601,3925,9,1167,2815,2853,3840,3237,12,1164,1760,1885,1761,688
서대문구,2019,3,21191,13921,7270,21,2331,4575,4738,5601,3925,9,1167,2815,2853,3840,3237,12,1164,1760,1885,1761,688
서대문구,2019,4,19691,13019,6672,53,2405,4526,4671,5258,2778,40,1285,2964,2922,3667,2141,13,1120,1562,1749,1591,637
서초구,2015,1,352076,223385,128691,2611,86332,128813,79726,38186,16408,1317,38166,87379,58621,25979,11923,1294,48166,41434,21105,12207,4485
서초구,2015,2,351790,221766,130024,1749,79667,129895,82341,40266,17872,963,34274,86491,60192,27107,12739,786,45393,43404,22149,13159,5133
서초구,2015,3,351790,221766,130024,1749,79667,129895,82341,40266,17872,963,34274,86491,60192,27107,12739,786,45393,43404,22149,13159,5133
서초구,2015,4,352268,221830,130438,2317,82978,128170,82338,39894,16571,1222,36255,85673,59795,26881,12004,1095,46723,42497,22543,13013,4567
서초구,2016,1,352268,221830,130438,2317,82978,128170,82338,39894,16571,1222,36255,85673,59795,26881,12004,1095,46723,42497,22543,13013,4567
서초구,2016,2,353197,221691,131506,1373,76570,129361,86003,41622,18268,705,32889,84964,62289,27740,13104,668,43681,44397,23714,13882,5164
서초구,2016,3,353197,221691,131506,1373,76570,129361,86003,41622,18268,705,32889,84964,62289,27740,13104,668,43681,44397,23714,13882,5164
서초구,2016,4,349237,218960,130277,2041,78673,124611,84393,41600,17919,1054,34513,82353,60879,27338,12823,987,44160,42258,23514,14262,5096
서초구,2017,1,349237,218960,130277,2041,78673,124611,84393,41600,17919,1054,34513,82353,60879,27338,12823,987,44160,42258,23514,14262,5096
서초구,2017,2,348546,217245,131301,1307,72290,124169,87309,43343,20128,688,30956,80036,62860,28465,14240,619,41334,44133,24449,14878,5888
서초구,2017,3,348546,217245,131301,1307,72290,124169,87309,43343,20128,688,30956,80036,62860,28465,14240,619,41334,44133,24449,14878,5888
서초구,2017,4,349420,217012,132408,2128,77675,122316,85767,42223,19311,1125,33918,79354,61631,27416,13568,1003,43757,42962,24136,14807,5743
서초구,2018,1,349420,217012,132408,2128,77675,122316,85767,42223,19311,1125,33918,79354,61631,27416,13568,1003,43757,42962,24136,14807,5743
서초구,2018,2,356255,221391,134864,1384,72459,124782,89415,46709,21506,674,31593,79175,64651,30482,14816,710,40866,45607,24764,16227,6690
서초구,2018,3,356255,221391,134864,1384,72459,124782,89415,46709,21506,674,31593,79175,64651,30482,14816,710,40866,45607,24764,16227,6690
서초구,2018,4,356255,221391,134864,1384,72459,124782,89415,46709,21506,674,31593,79175,64651,30482,14816,710,40866,45607,24764,16227,6690
서초구,2019,1,249743,137604,112139,1231,51018,71957,61095,39882,24560,392,19550,41350,37877,22632,15803,839,31468,30607,23218,17250,8757
서초구,2019,2,218142,127449,90693,575,39713,63185,56334,37843,20492,275,16728,37325,35717,23355,14049,300,22985,25860,20617,14488,6443
서초구,2019,3,218142,127449,90693,575,39713,63185,56334,37843,20492,275,16728,37325,35717,23355,14049,300,22985,25860,20617,14488,6443
서초구,2019,4,220997,128913,92084,706,44374,61518,53685,40144,20570,320,19069,35680,33011,26013,14820,386,25305,25838,20674,14131,5750
성동구,2015,1,55301,30846,24455,461,7836,15238,16063,11222,4481,152,3495,9413,8473,6072,3241,309,4341,5825,7590,5150,1240
성동구,2015,2,55360,31046,24314,288,7407,15049,16084,11693,4839,89,3221,9347,8753,6109,3527,199,4186,5702,7331,5584,1312
성동구,2015,3,55360,31046,24314,288,7407,15049,16084,11693,4839,89,3221,9347,8753,6109,3527,199,4186,5702,7331,5584,1312
성동구,2015,4,56044,31606,24438,352,7785,14879,16332,11881,4815,136,3497,9222,8923,6322,3506,216,4288,5657,7409,5559,1309
성동구,2016,1,56044,31606,24438,352,7785,14879,16332,11881,4815,136,3497,9222,8923,6322,3506,216,4288,5657,7409,5559,1309
성동구,2016,2,55870,31691,24179,141,7308,14503,16474,12281,5163,77,3292,8945,9244,6419,3714,64,4016,5558,7230,5862,1449
성동구,2016,3,55870,31691,24179,141,7308,14503,16474,12281,5163,77,3292,8945,9244,6419,3714,64,4016,5558,7230,5862,1449
성동구,2016,4,55749,31557,24192,227,7923,14324,16223,12217,4835,122,3618,8830,9154,6338,3495,105,4305,5494,7069,5879,1340
성동구,2017,1,55749,31557,24192,227,7923,14324,16223,12217,4835,122,3618,8830,9154,6338,3495,105,4305,5494,7069,5879,1340
성동구,2017,2,55809,31743,24066,190,7831,13929,15705,12654,5500,77,3529,8502,9250,6475,3910,113,4302,5427,6455,6179,1590
성동구,2017,3,55809,31743,24066,190,7831,13929,15705,12654,5500,77,3529,8502,9250,6475,3910,113,4302,5427,6455,6179,1590
성동구,2017,4,51076,29293,21783,249,7027,11687,14316,12385,5412,152,3369,7522,8180,6205,3865,97,3658,4165,6136,6180,1547
성동구,2018,1,51076,29293,21783,249,7027,11687,14316,12385,5412,152,3369,7522,8180,6205,3865,97,3658,4165,6136,6180,1547
성동구,2018,2,51560,29544,22016,146,6713,11503,13911,13055,6232,87,3206,7363,8119,6464,4305,59,3507,4140,5792,6591,1927
성동구,2018,3,51560,29544,22016,146,6713,11503,13911,13055,6232,87,3206,7363,8119,6464,4305,59,3507,4140,5792,6591,1927
성동구,2018,4,51560,29544,22016,146,6713,11503,13911,13055,6232,87,3206,7363,8119,6464,4305,59,3507,4140,5792,6591,1927
성동구,2019,1,77298,45989,31309,343,15194,19965,18026,14864,8906,158,6596,12376,11705,9231,5923,185,8598,7589,6321,5633,2983
성동구,2019,2,47595,26629,20966,167,7605,11511,11716,10742,5854,80,3547,7134,6816,5006,4046,87,4058,4377,4900,5736,1808
성동구,2019,3,47595,26629,20966,167,7605,11511,11716,10742,5854,80,3547,7134,6816,5006,4046,87,4058,4377,4900,5736,1808
성동구,2019,4,42774,26174,16600,177,7157,10087,9892,9270,6191,101,3311,6219,6473,5856,4214,76,3846,3868,3419,3414,1977
성북구,2015,1,27532,14714,12818,89,4216,6484,7276,6119,3348,39,1307,3342,4103,3760,2163,50,2909,3142,3173,2359,1185
성북구,2015,2,27998,14756,13242,53,4099,6555,7313,6216,3762,17,1186,3271,4088,3798,2396,36,2913,3284,3225,2418,1366
성북구,2015,3,27998,14756,13242,53,4099,6555,7313,6216,3762,17,1186,3271,4088,3798,2396,36,2913,3284,3225,2418,1366
성북구,2015,4,28537,15027,13510,94,4413,6730,7400,6188,3712,34,1308,3356,4112,3813,2404,60,3105,3374,3288,2375,1308
성북구,2016,1,28537,15027,13510,94,4413,6730,7400,6188,3712,34,1308,3356,4112,3813,2404,60,3105,3374,3288,2375,1308
성북구,2016,2,28629,14980,13649,67,4212,6691,7382,6288,3989,25,1283,3218,4070,3781,2603,42,2929,3473,3312,2507,1386
성북구,2016,3,28629,14980,13649,67,4212,6691,7382,6288,3989,25,1283,3218,4070,3781,2603,42,2929,3473,3312,2507,1386
성북구,2016,4,28776,15023,13753,112,4487,6825,7376,6243,3733,45,1405,3331,4053,3760,2429,67,3082,3494,3323,2483,1304
성북구,2017,1,28776,15023,13753,112,4487,6825,7376,6243,3733,45,1405,3331,4053,3760,2429,67,3082,3494,3323,2483,1304
성북구,2017,2,29875,15751,14124,63,4477,6885,7497,6604,4349,25,1432,3364,4194,3917,2819,38,3045,3521,3303,2687,1530
성북구,2017,3,29875,15751,14124,63,4477,6885,7497,6604,4349,25,1432,3364,4194,3917,2819,38,3045,3521,3303,2687,1530
성북구,2017,4,30234,15847,14387,98,4821,6984,7452,6630,4249,35,1576,3399,4141,3940,2756,63,3245,3585,3311,2690,1493
성북구,2018,1,30234,15847,14387,98,4821,6984,7452,6630,4249,35,1576,3399,4141,3940,2756,63,3245,3585,3311,2690,1493
성북구,2018,2,31058,16317,14741,96,4727,7208,7428,6919,4680,34,1617,3480,4062,4068,3056,62,3110,3728,3366,2851,1624
성북구,2018,3,31058,16317,14741,96,4727,7208,7428,6919,4680,34,1617,3480,4062,4068,3056,62,3110,3728,3366,2851,1624
성북구,2018,4,31058,16317,14741,96,4727,7208,7428,6919,4680,34,1617,3480,4062,4068,3056,62,3110,3728,3366,2851,1624
성북구,2019,1,23396,11724,11672,109,3544,4911,5806,5418,3608,35,1327,2423,2981,2845,2113,74,2217,2488,2825,2573,1495
성북구,2019,2,24644,15774,8870,77,2958,5849,5688,5573,4499,42,1364,3760,3665,3799,3144,35,1594,2089,2023,1774,1355
성북구,2019,3,24644,15774,8870,77,2958,5849,5688,5573,4499,42,1364,3760,3665,3799,3144,35,1594,2089,2023,1774,1355
성북구,2019,4,41869,24435,17434,142,4033,10455,12342,10525,4372,57,1834,5173,6487,7774,3110,85,2199,5282,5855,2751,1262
송파구,2015,1,107744,66476,41268,871,18639,29140,26340,20043,12711,385,9022,19095,17006,12149,8819,486,9617,10045,9334,7894,3892
송파구,2015,2,109372,67433,41939,515,17572,29097,26746,21097,14345,208,8254,18944,17464,12745,9818,307,9318,10153,9282,8352,4527
송파구,2015,3,109372,67433,41939,515,17572,29097,26746,21097,14345,208,8254,18944,17464,12745,9818,307,9318,10153,9282,8352,4527
송파구,2015,4,110341,67591,42750,901,18559,28719,26593,21220,14349,411,8728,18669,17220,12801,9762,490,9831,10050,9373,8419,4587
송파구,2016,1,110341,67591,42750,901,18559,28719,26593,21220,14349,411,8728,18669,17220,12801,9762,490,9831,10050,9373,8419,4587
송파구,2016,2,111417,67683,43734,517,17648,28474,27138,21996,15644,204,8182,18246,17524,12974,10553,313,9466,10228,9614,9022,5091
송파구,2016,3,111417,67683,43734,517,17648,28474,27138,21996,15644,204,8182,18246,17524,12974,10553,313,9466,10228,9614,9022,5091
송파구,2016,4,112443,67893,44550,893,18641,28309,26966,22025,15609,369,8809,18154,17250,12831,10480,524,9832,10155,9716,9194,5129
송파구,2017,1,112443,67893,44550,893,18641,28309,26966,22025,15609,369,8809,18154,17250,12831,10480,524,9832,10155,9716,9194,5129
송파구,2017,2,115505,68902,46603,702,19164,27982,27377,23029,17251,254,8664,17776,17547,13316,11345,448,10500,10206,9830,9713,5906
송파구,2017,3,115505,68902,46603,702,19164,27982,27377,23029,17251,254,8664,17776,17547,13316,11345,448,10500,10206,9830,9713,5906
송파구,2017,4,114496,68652,45844,1022,19356,27513,27098,22446,17061,371,9041,17583,17133,13052,11472,651,10315,9930,9965,9394,5589
송파구,2018,1,114496,68652,45844,1022,19356,27513,27098,22446,17061,371,9041,17583,17133,13052,11472,651,10315,9930,9965,9394,5589
송파구,2018,2,116349,69783,46566,452,18537,27419,26982,23538,19421,215,8508,17272,17147,13701,12940,237,10029,10147,9835,9837,6481
송파구,2018,3,116349,69783,46566,452,18537,27419,26982,23538,19421,215,8508,17272,17147,13701,12940,237,10029,10147,9835,9837,6481
송파구,2018,4,116349,69783,46566,452,18537,27419,26982,23538,19421,215,8508,17272,17147,13701,12940,237,10029,10147,9835,9837,6481
송파구,2019,1,128317,68460,59857,748,24243,30108,31315,27496,14407,319,10892,18064,16894,12226,10065,429,13351,12044,14421,15270,4342
송파구,2019,2,138418,82135,56283,375,24017,34591,33246,27933,18256,146,11881,21877,20950,14466,12815,229,12136,12714,12296,13467,5441
송파구,2019,3,138418,82135,56283,375,24017,34591,33246,27933,18256,146,11881,21877,20950,14466,12815,229,12136,12714,12296,13467,5441
송파구,2019,4,129740,76678,53062,429,20836,31916,32185,28244,16130,168,10199,20207,20123,14499,11482,261,10637,11709,12062,13745,4648
양천구,2015,1,18702,10060,8642,52,1959,3750,4931,4609,3401,27,605,1856,2373,2532,2667,25,1354,1894,2558,2077,734
양천구,2015,2,18815,10029,8786,28,1904,3687,4917,4730,3549,17,614,1785,2353,2564,2696,11,1290,1902,2564,2166,853
양천구,2015,3,18815,10029,8786,28,1904,3687,4917,4730,3549,17,614,1785,2353,2564,2696,11,1290,1902,2564,2166,853
양천구,2015,4,19206,10170,9036,51,2086,3780,5021,4781,3487,27,710,1881,2399,2551,2602,24,1376,1899,2622,2230,885
양천구,2016,1,19206,10170,9036,51,2086,3780,5021,4781,3487,27,710,1881,2399,2551,2602,24,1376,1899,2622,2230,885
양천구,2016,2,19151,9991,9160,40,1883,3676,4956,4912,3684,18,620,1840,2352,2540,2621,22,1263,1836,2604,2372,1063
양천구,2016,3,19151,9991,9160,40,1883,3676,4956,4912,3684,18,620,1840,2352,2540,2621,22,1263,1836,2604,2372,1063
양천구,2016,4,19210,10055,9155,71,1987,3640,5014,4862,3636,32,687,1831,2371,2526,2608,39,1300,1809,2643,2336,1028
양천구,2017,1,19210,10055,9155,71,1987,3640,5014,4862,3636,32,687,1831,2371,2526,2608,39,1300,1809,2643,2336,1028
양천구,2017,2,18857,9831,9026,31,1776,3503,4762,4744,4041,13,598,1725,2247,2418,2830,18,1178,1778,2515,2326,1211
양천구,2017,3,18857,9831,9026,31,1776,3503,4762,4744,4041,13,598,1725,2247,2418,2830,18,1178,1778,2515,2326,1211
양천구,2017,4,18523,9699,8824,43,1834,3428,4583,4646,3989,22,648,1689,2137,2387,2816,21,1186,1739,2446,2259,1173
양천구,2018,1,18523,9699,8824,43,1834,3428,4583,4646,3989,22,648,1689,2137,2387,2816,21,1186,1739,2446,2259,1173
양천구,2018,2,18935,9976,8959,33,1775,3430,4508,4802,4387,14,663,1693,2163,2394,3049,19,1112,1737,2345,2408,1338
양천구,2018,3,18935,9976,8959,33,1775,3430,4508,4802,4387,14,663,1693,2163,2394,3049,19,1112,1737,2345,2408,1338
양천구,2018,4,18935,9976,8959,33,1775,3430,4508,4802,4387,14,663,1693,2163,2394,3049,19,1112,1737,2345,2408,1338
양천구,2019,1,17823,8728,9095,43,1993,3341,4312,4499,3635,14,776,1671,2065,2095,2107,29,1217,1670,2247,2404,1528
양천구,2019,2,17269,10601,6668,38,1840,3311,4030,4265,3785,25,966,1942,2389,2450,2829,13,874,1369,1641,1815,956
양천구,2019,3,17269,10601,6668,38,1840,3311,4030,4265,3785,25,966,1942,2389,2450,2829,13,874,1369,1641,1815,956
양천구,2019,4,16548,10136,6412,57,1723,3166,3786,4129,3687,30,822,1788,2189,2471,2836,27,901,1378,1597,1658,851
영등포구,2015,1,199075,121458,77617,1941,34433,62822,55631,32259,11989,763,12617,35108,40411,24440,8119,1178,21816,27714,15220,7819,3870
영등포구,2015,2,203444,124604,78840,1123,32303,65211,56938,34525,13344,460,11778,36180,40630,26513,9043,663,20525,29031,16308,8012,4301
영등포구,2015,3,203444,124604,78840,1123,32303,65211,56938,34525,13344,460,11778,36180,40630,26513,9043,663,20525,29031,16308,8012,4301
영등포구,2015,4,205166,124777,80389,1721,35016,64600,56779,33892,13158,671,13103,36102,40466,25615,8820,1050,21913,28498,16313,8277,4338
영등포구,2016,1,205166,124777,80389,1721,35016,64600,56779,33892,13158,671,13103,36102,40466,25615,8820,1050,21913,28498,16313,8277,4338
영등포구,2016,2,206606,125923,80683,1346,32336,63266,57845,36342,15471,544,12331,34941,40237,27355,10515,802,20005,28325,17608,8987,4956
영등포구,2016,3,206606,125923,80683,1346,32336,63266,57845,36342,15471,544,12331,34941,40237,27355,10515,802,20005,28325,17608,8987,4956
영등포구,2016,4,209414,128150,81264,2022,34660,63014,57971,36804,14943,819,13906,35356,40361,27635,10073,1203,20754,27658,17610,9169,4870
영등포구,2017,1,209414,128150,81264,2022,34660,63014,57971,36804,14943,819,13906,35356,40361,27635,10073,1203,20754,27658,17610,9169,4870
영등포구,2017,2,203716,125205,78511,578,31151,61194,57363,37440,15990,166,12241,34382,39622,28245,10549,412,18910,26812,17741,9195,5441
영등포구,2017,3,203716,125205,78511,578,31151,61194,57363,37440,15990,166,12241,34382,39622,28245,10549,412,18910,26812,17741,9195,5441
영등포구,2017,4,205131,125134,79997,809,32835,60891,57054,37733,15809,242,13181,34317,39118,27994,10282,567,19654,26574,17936,9739,5527
영등포구,2018,1,205131,125134,79997,809,32835,60891,57054,37733,15809,242,13181,34317,39118,27994,10282,567,19654,26574,17936,9739,5527
영등포구,2018,2,206819,126469,80350,509,31086,61513,57065,39620,17026,123,12858,34609,38395,29314,11170,386,18228,26904,18670,10306,5856
영등포구,2018,3,206819,126469,80350,509,31086,61513,57065,39620,17026,123,12858,34609,38395,29314,11170,386,18228,26904,18670,10306,5856
영등포구,2018,4,206819,126469,80350,509,31086,61513,57065,39620,17026,123,12858,34609,38395,29314,11170,386,18228,26904,18670,10306,5856
영등포구,2019,1,231975,133345,98630,920,40096,67842,63123,40506,19488,263,16922,38089,39447,26465,12159,657,23174,29753,23676,14041,7329
영등포구,2019,2,135170,84220,50950,357,22051,39465,36191,24284,12822,110,9909,23793,24617,17020,8771,247,12142,15672,11574,7264,4051
영등포구,2019,3,135170,84220,50950,357,22051,39465,36191,24284,12822,110,9909,23793,24617,17020,8771,247,12142,15672,11574,7264,4051
영등포구,2019,4,139005,88251,50754,417,23657,39966,36657,25557,12751,132,11350,24499,25079,18412,8779,285,12307,15467,11578,7145,3972
용산구,2015,1,80586,47875,32711,1689,18679,26393,18898,10840,4087,767,8379,16192,12315,7431,2791,922,10300,10201,6583,3409,1296
용산구,2015,2,78512,46042,32470,913,17376,25743,18978,10851,4651,420,7578,15431,12100,7288,3225,493,9798,10312,6878,3563,1426
용산구,2015,3,78512,46042,32470,913,17376,25743,18978,10851,4651,420,7578,15431,12100,7288,3225,493,9798,10312,6878,3563,1426
용산구,2015,4,72925,44282,28643,1310,15908,22883,17657,10698,4469,561,7234,14552,11656,7149,3130,749,8674,8331,6001,3549,1339
용산구,2016,1,72925,44282,28643,1310,15908,22883,17657,10698,4469,561,7234,14552,11656,7149,3130,749,8674,8331,6001,3549,1339
용산구,2016,2,73857,44222,29635,821,15297,23009,18259,11341,5130,371,6736,14403,11900,7294,3518,450,8561,8606,6359,4047,1612
용산구,2016,3,73857,44222,29635,821,15297,23009,18259,11341,5130,371,6736,14403,11900,7294,3518,450,8561,8606,6359,4047,1612
용산구,2016,4,74134,44075,30059,1338,16098,22530,18022,11163,4983,586,7225,14113,11619,7128,3404,752,8873,8417,6403,4035,1579
용산구,2017,1,74134,44075,30059,1338,16098,22530,18022,11163,4983,586,7225,14113,11619,7128,3404,752,8873,8417,6403,4035,1579
용산구,2017,2,73785,43824,29961,793,15204,22347,18544,11569,5328,351,6873,13698,12022,7285,3595,442,8331,8649,6522,4284,1733
용산구,2017,3,73785,43824,29961,793,15204,22347,18544,11569,5328,351,6873,13698,12022,7285,3595,442,8331,8649,6522,4284,1733
용산구,2017,4,84007,45715,38292,1502,24927,23198,18265,10900,5215,537,9310,14024,11623,6753,3468,965,15617,9174,6642,4147,1747
용산구,2018,1,84007,45715,38292,1502,24927,23198,18265,10900,5215,537,9310,14024,11623,6753,3468,965,15617,9174,6642,4147,1747
용산구,2018,2,83226,45375,37851,657,23728,23301,18259,11521,5760,258,8615,13898,11655,7145,3804,399,15113,9403,6604,4376,1956
용산구,2018,3,83226,45375,37851,657,23728,23301,18259,11521,5760,258,8615,13898,11655,7145,3804,399,15113,9403,6604,4376,1956
용산구,2018,4,83226,45375,37851,657,23728,23301,18259,11521,5760,258,8615,13898,11655,7145,3804,399,15113,9403,6604,4376,1956
용산구,2019,1,105431,56946,48485,1336,30859,31479,21774,13117,6866,529,11671,18525,13988,8072,4161,807,19188,12954,7786,5045,2705
용산구,2019,2,64461,32737,31724,510,18095,19206,14197,8072,4381,227,6067,10566,8192,4686,2999,283,12028,8640,6005,3386,1382
용산구,2019,3,64461,32737,31724,510,18095,19206,14197,8072,4381,227,6067,10566,8192,4686,2999,283,12028,8640,6005,3386,1382
용산구,2019,4,62630,32101,30529,402,16529,18351,14348,9085,3915,154,5225,9897,8376,5642,2807,248,11304,8454,5972,3443,1108
은평구,2015,1,14135,6322,7813,50,1841,3390,3920,3313,1621,24,541,1557,1678,1523,999,26,1300,1833,2242,1790,622
은평구,2015,2,14694,6486,8208,40,1844,3389,4009,3442,1970,11,565,1557,1753,1481,1119,29,1279,1832,2256,1961,851
은평구,2015,3,14694,6486,8208,40,1844,3389,4009,3442,1970,11,565,1557,1753,1481,1119,29,1279,1832,2256,1961,851
은평구,2015,4,14399,6045,8354,68,1953,3226,3929,3314,1909,28,604,1379,1592,1365,1077,40,1349,1847,2337,1949,832
은평구,2016,1,14399,6045,8354,68,1953,3226,3929,3314,1909,28,604,1379,1592,1365,1077,40,1349,1847,2337,1949,832
은평구,2016,2,14775,6089,8686,49,1906,3128,4037,3511,2144,21,573,1297,1598,1435,1165,28,1333,1831,2439,2076,979
은평구,2016,3,14775,6089,8686,49,1906,3128,4037,3511,2144,21,573,1297,1598,1435,1165,28,1333,1831,2439,2076,979
은평구,2016,4,14953,6052,8901,66,2000,3161,4118,3522,2086,17,615,1309,1600,1395,1116,49,1385,1852,2518,2127,970
은평구,2017,1,14953,6052,8901,66,2000,3161,4118,3522,2086,17,615,1309,1600,1395,1116,49,1385,1852,2518,2127,970
은평구,2017,2,14997,6025,8972,36,1924,2987,3988,3673,2389,14,603,1213,1563,1382,1250,22,1321,1774,2425,2291,1139
은평구,2017,3,14997,6025,8972,36,1924,2987,3988,3673,2389,14,603,1213,1563,1382,1250,22,1321,1774,2425,2291,1139
은평구,2017,4,14814,5860,8954,54,2000,2921,3918,3607,2314,21,624,1153,1502,1354,1206,33,1376,1768,2416,2253,1108
은평구,2018,1,14814,5860,8954,54,2000,2921,3918,3607,2314,21,624,1153,1502,1354,1206,33,1376,1768,2416,2253,1108
은평구,2018,2,14820,5932,8888,36,1916,2882,3732,3690,2564,17,601,1191,1440,1364,1319,19,1315,1691,2292,2326,1245
은평구,2018,3,14820,5932,8888,36,1916,2882,3732,3690,2564,17,601,1191,1440,1364,1319,19,1315,1691,2292,2326,1245
은평구,2018,4,14820,5932,8888,36,1916,2882,3732,3690,2564,17,601,1191,1440,1364,1319,19,1315,1691,2292,2326,1245
은평구,2019,1,14757,6480,8277,48,1844,2696,3709,3719,2741,26,626,1182,1576,1591,1479,22,1218,1514,2133,2128,1262
은평구,2019,2,14918,7523,7395,29,1745,2809,3521,3626,3188,16,708,1484,1781,1691,1843,13,1037,1325,1740,1935,1345
은평구,2019,3,14918,7523,7395,29,1745,2809,3521,3626,3188,16,708,1484,1781,1691,1843,13,1037,1325,1740,1935,1345
은평구,2019,4,14887,7698,7189,25,1776,2806,3517,3570,3193,15,704,1438,1799,1779,1963,10,1072,1368,1718,1791,1230
종로구,2015,1,217269,133547,83722,1042,37890,73907,60272,33255,10903,335,14353,42663,44223,24573,7400,707,23537,31244,16049,8682,3503
종로구,2015,2,216931,132385,84546,681,34655,73438,60696,35397,12064,190,12757,41509,43510,26275,8144,491,21898,31929,17186,9122,3920
종로구,2015,3,216931,132385,84546,681,34655,73438,60696,35397,12064,190,12757,41509,43510,26275,8144,491,21898,31929,17186,9122,3920
종로구,2015,4,208871,129976,78895,1080,33909,69316,58846,34147,11573,345,13338,40682,42572,25277,7762,735,20571,28634,16274,8870,3811
종로구,2016,1,208871,129976,78895,1080,33909,69316,58846,34147,11573,345,13338,40682,42572,25277,7762,735,20571,28634,16274,8870,3811
종로구,2016,2,213632,132591,81041,714,32398,71042,60713,35708,13057,223,12671,41289,43285,26402,8721,491,19727,29753,17428,9306,4336
종로구,2016,3,213632,132591,81041,714,32398,71042,60713,35708,13057,223,12671,41289,43285,26402,8721,491,19727,29753,17428,9306,4336
종로구,2016,4,212740,131014,81726,1177,33969,69620,59962,35287,12725,365,13335,40624,42539,25765,8386,812,20634,28996,17423,9522,4339
종로구,2017,1,212740,131014,81726,1177,33969,69620,59962,35287,12725,365,13335,40624,42539,25765,8386,812,20634,28996,17423,9522,4339
종로구,2017,2,218394,133581,84813,1482,33576,69040,61581,38272,14443,570,13175,39933,42645,27778,9480,912,20401,29107,18936,10494,4963
종로구,2017,3,218394,133581,84813,1482,33576,69040,61581,38272,14443,570,13175,39933,42645,27778,9480,912,20401,29107,18936,10494,4963
종로구,2017,4,216734,131664,85070,1823,34477,67176,60809,38159,14290,657,13630,39034,42004,27156,9183,1166,20847,28142,18805,11003,5107
종로구,2018,1,216734,131664,85070,1823,34477,67176,60809,38159,14290,657,13630,39034,42004,27156,9183,1166,20847,28142,18805,11003,5107
종로구,2018,2,217584,132041,85543,1203,32450,66524,61074,40547,15786,464,12921,37888,41519,29149,10100,739,19529,28636,19555,11398,5686
종로구,2018,3,217584,132041,85543,1203,32450,66524,61074,40547,15786,464,12921,37888,41519,29149,10100,739,19529,28636,19555,11398,5686
종로구,2018,4,217584,132041,85543,1203,32450,66524,61074,40547,15786,464,12921,37888,41519,29149,10100,739,19529,28636,19555,11398,5686
종로구,2019,1,273069,168384,104685,1927,46192,82713,72359,49487,20391,737,19271,50323,49762,35372,12919,1190,26921,32390,22597,14115,7472
종로구,2019,2,177221,110460,66761,803,28775,53171,48090,32527,13855,369,12788,30308,32839,24537,9619,434,15987,22863,15251,7990,4236
종로구,2019,3,177221,110460,66761,803,28775,53171,48090,32527,13855,369,12788,30308,32839,24537,9619,434,15987,22863,15251,7990,4236
종로구,2019,4,208312,120164,88148,1955,36396,61590,58253,37006,13112,776,15924,34234,35314,25080,8836,1179,20472,27356,22939,11926,4276
중구,2015,1,520418,284419,235999,3019,104039,179611,143531,69381,20837,1052,36268,91338,93081,48427,14253,1967,67771,88273,50450,20954,6584
중구,2015,2,524558,283934,240624,1827,95903,180640,148159,75196,22833,572,32984,90053,93378,51304,15643,1255,62919,90587,54781,23892,7190
중구,2015,3,524558,283934,240624,1827,95903,180640,148159,75196,22833,572,32984,90053,93378,51304,15643,1255,62919,90587,54781,23892,7190
중구,2015,4,509531,273934,235597,2989,101410,175014,140993,68519,20606,1019,35498,87449,88696,46822,14450,1970,65912,87565,52297,21697,6156
중구,2016,1,509531,273934,235597,2989,101410,175014,140993,68519,20606,1019,35498,87449,88696,46822,14450,1970,65912,87565,52297,21697,6156
중구,2016,2,488973,262856,226117,1918,90510,168480,137462,67985,22618,537,31023,82624,85500,47477,15695,1381,59487,85856,51962,20508,6923
중구,2016,3,488973,262856,226117,1918,90510,168480,137462,67985,22618,537,31023,82624,85500,47477,15695,1381,59487,85856,51962,20508,6923
중구,2016,4,489786,264157,225629,2981,95343,166404,136658,66914,21486,901,33640,82714,85594,46617,14691,2080,61703,83690,51064,20297,6795
중구,2017,1,489786,264157,225629,2981,95343,166404,136658,66914,21486,901,33640,82714,85594,46617,14691,2080,61703,83690,51064,20297,6795
중구,2017,2,488213,262173,226040,1971,89418,163367,138036,71241,24180,541,31316,80022,85033,48891,16370,1430,58102,83345,53003,22350,7810
중구,2017,3,488213,262173,226040,1971,89418,163367,138036,71241,24180,541,31316,80022,85033,48891,16370,1430,58102,83345,53003,22350,7810
중구,2017,4,473806,252165,221641,2867,92485,154365,131817,68767,23505,790,32525,76643,80311,45943,15953,2077,59960,77722,51506,22824,7552
중구,2018,1,473806,252165,221641,2867,92485,154365,131817,68767,23505,790,32525,76643,80311,45943,15953,2077,59960,77722,51506,22824,7552
중구,2018,2,469698,248772,220926,1570,85507,153284,130043,73804,25490,419,30153,74935,77504,48748,17013,1151,55354,78349,52539,25056,8477
중구,2018,3,469698,248772,220926,1570,85507,153284,130043,73804,25490,419,30153,74935,77504,48748,17013,1151,55354,78349,52539,25056,8477
중구,2018,4,469698,248772,220926,1570,85507,153284,130043,73804,25490,419,30153,74935,77504,48748,17013,1151,55354,78349,52539,25056,8477
중구,2019,1,496789,253550,243239,3016,120160,156958,120239,69356,27060,1065,44501,76432,70440,43788,17324,1951,75659,80526,49799,25568,9736
중구,2019,2,356271,181426,174845,866,71612,111877,95923,59265,16728,274,23645,51919,54633,39856,11099,592,47967,59958,41290,19409,5629
중구,2019,3,356271,181426,174845,866,71612,111877,95923,59265,16728,274,23645,51919,54633,39856,11099,592,47967,59958,41290,19409,5629
중구,2019,4,279896,146614,133282,1187,69360,86471,65193,42123,15562,384,23210,43067,41809,27848,10296,803,46150,43404,23384,14275,5266
중랑구,2015,1,12100,6253,5847,27,1615,2558,3306,3050,1544,13,490,1290,1701,1663,1096,14,1125,1268,1605,1387,448
중랑구,2015,2,12243,6351,5892,12,1539,2503,3279,3117,1793,2,474,1251,1691,1701,1232,10,1065,1252,1588,1416,561
중랑구,2015,3,12243,6351,5892,12,1539,2503,3279,3117,1793,2,474,1251,1691,1701,1232,10,1065,1252,1588,1416,561
중랑구,2015,4,12654,6451,6203,34,1690,2607,3372,3190,1761,17,546,1304,1700,1690,1194,17,1144,1303,1672,1500,567
중랑구,2016,1,12654,6451,6203,34,1690,2607,3372,3190,1761,17,546,1304,1700,1690,1194,17,1144,1303,1672,1500,567
중랑구,2016,2,12773,6492,6281,36,1648,2527,3374,3213,1975,22,545,1243,1702,1674,1306,14,1103,1284,1672,1539,669
중랑구,2016,3,12773,6492,6281,36,1648,2527,3374,3213,1975,22,545,1243,1702,1674,1306,14,1103,1284,1672,1539,669
중랑구,2016,4,12704,6403,6301,43,1707,2515,3351,3183,1905,26,586,1227,1651,1666,1247,17,1121,1288,1700,1517,658
중랑구,2017,1,12704,6403,6301,43,1707,2515,3351,3183,1905,26,586,1227,1651,1666,1247,17,1121,1288,1700,1517,658
중랑구,2017,2,12856,6550,6306,24,1662,2459,3254,3202,2255,17,557,1219,1621,1651,1485,7,1105,1240,1633,1551,770
중랑구,2017,3,12856,6550,6306,24,1662,2459,3254,3202,2255,17,557,1219,1621,1651,1485,7,1105,1240,1633,1551,770
중랑구,2017,4,12608,6318,6290,32,1706,2453,3188,3164,2065,21,584,1186,1550,1630,1347,11,1122,1267,1638,1534,718
중랑구,2018,1,12608,6318,6290,32,1706,2453,3188,3164,2065,21,584,1186,1550,1630,1347,11,1122,1267,1638,1534,718
중랑구,2018,2,12899,6472,6427,22,1675,2398,3117,3264,2423,8,603,1142,1521,1657,1541,14,1072,1256,1596,1607,882
중랑구,2018,3,12899,6472,6427,22,1675,2398,3117,3264,2423,8,603,1142,1521,1657,1541,14,1072,1256,1596,1607,882
중랑구,2018,4,12899,6472,6427,22,1675,2398,3117,3264,2423,8,603,1142,1521,1657,1541,14,1072,1256,1596,1607,882
중랑구,2019,1,15006,7066,7940,55,1960,2791,3692,3926,2582,22,623,1301,1772,1835,1513,33,1337,1490,1920,2091,1069
중랑구,2019,2,9871,5508,4363,8,1218,1987,2439,2592,1627,3,501,1092,1312,1535,1065,5,717,895,1127,1057,562
중랑구,2019,3,9871,5508,4363,8,1218,1987,2439,2592,1627,3,501,1092,1312,1535,1065,5,717,895,1127,1057,562
중랑구,2019,4,9707,5673,4034,16,1193,1903,2383,2585,1627,4,510,1017,1318,1637,1187,12,683,886,1065,948,440
