기준년코드,기준분기코드,상권구분코드,상권구분코드명,상권코드,총상주인구수,남성상주인구수,여성상주인구수,연령대10상주인구수,연령대20상주인구수,연령대30상주인구수,연령대40상주인구수,연령대50상주인구수,연령대60이상상주인구수,남성연령대10상주인구수,남성연령대20상주인구수,남성연령대30상주인구수,남성연령대40상주인구수,남성연령대50상주인구수,남성연령대60이상상주인구수,여성연령대10상주인구수,여성연령대20상주인구수,여성연령대30상주인구수,여성연령대40상주인구수,여성연령대50상주인구수,여성연령대60이상상주인구수,총가구수,아파트가구수,비아파트가구수,상권코드명
2015,4,U,관광특구,1001495,16234,7853,8381,3077,2298,2899,2713,2516,2731,1606,1111,1375,1299,1167,1295,1471,1187,1524,1414,1349,1436,6369,2043,4326,잠실 관광특구
2015,4,U,관광특구,1001494,3909,2129,1780,424,489,477,629,810,1080,217,264,271,348,473,556,207,225,206,281,337,524,2146,159,1987,종로?청계 관광특구
2015,4,U,관광특구,1001493,1841,967,874,181,267,269,296,361,467,90,140,146,169,197,225,91,127,123,127,164,242,1008,308,700,동대문패션타운 관광특구
2015,4,U,관광특구,1001492,1277,671,606,130,131,178,201,267,370,63,63,92,113,158,182,67,68,86,88,109,188,779,28,751,명동 남대문 북창동 다동 무교동 관광특구
2015,4,U,관광특구,1001491,7461,3525,3936,827,1039,1320,1174,1238,1863,428,526,656,583,588,744,399,513,664,591,650,1119,4345,152,4193,이태원 관광특구
2015,4,R,전통시장,1001490,2854,1406,1448,456,434,525,444,484,511,240,212,268,222,224,240,216,222,257,222,260,271,1165,416,749,길동복조리시장
2015,4,R,전통시장,1001489,377,188,189,62,56,70,62,62,65,35,29,35,31,29,29,27,27,35,31,33,36,159,87,72,둔촌역전통시장
2015,4,R,전통시장,1001488,1147,571,576,152,171,216,175,202,231,77,84,116,90,98,106,75,87,100,85,104,125,548,60,488,성내골목시장
2015,4,R,전통시장,1001487,65,33,32,9,8,12,11,12,13,5,4,6,6,6,6,4,4,6,5,6,7,32,0,32,천호시장
2015,4,R,전통시장,1001486,240,122,118,34,32,43,38,44,49,18,16,23,20,22,23,16,16,20,18,22,26,114,0,114,동서울시장
2015,4,R,전통시장,1001485,366,184,182,53,51,61,57,67,77,28,26,32,30,32,36,25,25,29,27,35,41,171,0,171,고분다리골목시장
2015,4,R,전통시장,1001484,1007,497,510,237,116,160,184,154,156,119,62,74,93,72,77,118,54,86,91,82,79,326,25,301,양지골목시장
2015,4,R,전통시장,1001483,779,389,390,133,106,134,130,132,144,69,55,70,66,65,64,64,51,64,64,67,80,331,0,331,암사종합시장
2015,4,R,전통시장,1001482,256,134,122,37,35,31,44,51,58,20,20,17,24,26,27,17,15,14,20,25,31,142,50,92,고덕전통시장
2015,4,R,전통시장,1001481,1732,846,886,365,235,243,309,288,292,193,120,117,146,136,134,172,115,126,163,152,158,627,561,66,명일골목시장
2015,4,R,전통시장,1001480,3914,1866,2048,573,659,855,637,592,598,290,305,417,308,278,268,283,354,438,329,314,330,1914,0,1914,새마을시장
2015,4,R,전통시장,1001479,1073,526,547,166,164,207,180,178,178,88,83,102,88,87,78,78,81,105,92,91,100,433,60,373,석촌시장
2015,4,R,전통시장,1001478,4962,2417,2545,698,802,1099,754,803,806,371,384,557,370,366,369,327,418,542,384,437,437,2296,37,2259,방이시장
2015,4,R,전통시장,1001477,1220,623,597,196,164,170,204,226,260,102,91,91,105,114,120,94,73,79,99,112,140,494,0,494,마천시장
2015,4,R,전통시장,1001476,3120,1536,1584,471,421,509,500,554,665,236,219,262,253,264,302,235,202,247,247,290,363,1340,0,1340,풍납시장
2015,4,R,전통시장,1001474,266,124,142,65,32,47,59,30,33,33,14,20,27,16,14,32,18,27,32,14,19,110,76,34,도곡시장
2015,4,R,전통시장,1001473,119,56,63,23,17,21,21,17,20,12,8,9,10,8,9,11,9,12,11,9,11,48,48,0,청담삼익시장
2015,4,R,전통시장,1001472,101,47,54,14,16,24,17,13,17,7,7,11,8,6,8,7,9,13,9,7,9,50,0,50,논현종합시장
2015,4,R,전통시장,1001471,1165,538,627,106,231,326,181,144,177,53,100,149,91,66,79,53,131,177,90,78,98,684,0,684,영동전통시장
2015,4,R,전통시장,1001470,222,104,118,39,33,38,41,29,42,20,15,17,19,14,19,19,18,21,22,15,23,94,94,0,강남시장_강남
2015,4,R,전통시장,1001469,78,38,40,17,10,15,12,11,13,9,5,7,6,5,6,8,5,8,6,6,7,28,0,28,양재시장
2015,4,R,전통시장,1001468,147,69,78,33,19,20,29,22,24,16,9,9,13,11,11,17,10,11,16,11,13,55,0,55,남부종합시장
2015,4,R,전통시장,1001467,68,34,34,10,10,11,11,12,14,5,5,6,6,6,6,5,5,5,5,6,8,29,0,29,우림시장
2015,4,R,전통시장,1001466,998,498,500,164,148,159,160,166,201,82,76,85,80,80,95,82,72,74,80,86,106,414,39,375,미성동도깨비시장
2015,4,R,전통시장,1001465,645,325,320,92,84,87,105,116,161,48,44,48,56,57,72,44,40,39,49,59,89,275,0,275,신신림시장
2015,4,R,전통시장,1001464,426,214,212,61,55,57,70,77,106,32,29,31,37,37,48,29,26,26,33,40,58,182,0,182,삼성동시장
2015,4,R,전통시장,1001463,58,29,29,6,11,11,9,10,11,3,5,6,5,5,5,3,6,5,4,5,6,31,0,31,신림중앙시장
2015,4,R,전통시장,1001462,687,351,336,80,129,137,102,107,132,40,63,76,55,54,63,40,66,61,47,53,69,361,12,349,강남골목시장
2015,4,R,전통시장,1001460,2079,1048,1031,282,388,385,346,315,363,150,194,209,173,155,167,132,194,176,173,160,196,1061,19,1042,관악신사시장
2015,4,R,전통시장,1001459,402,202,200,52,75,76,60,58,81,26,40,41,33,27,35,26,35,35,27,31,46,201,0,201,신원시장
2015,4,R,전통시장,1001458,1623,808,815,242,302,340,251,203,285,125,147,182,128,98,128,117,155,158,123,105,157,777,0,777,인헌시장
2015,4,R,전통시장,1001457,97,47,50,10,22,19,13,13,20,5,10,10,7,6,9,5,12,9,6,7,11,56,0,56,봉천중앙시장
2015,4,R,전통시장,1001456,22,10,12,4,3,4,4,3,4,2,1,2,2,1,2,2,2,2,2,2,2,9,0,9,봉천현대시장
2015,4,R,전통시장,1001455,237,116,121,40,35,45,38,34,45,20,17,23,20,16,20,20,18,22,18,18,25,100,0,100,봉일시장
2015,4,R,전통시장,1001454,295,145,150,34,74,60,39,36,52,17,34,32,21,17,24,17,40,28,18,19,28,177,0,177,봉천제일종합시장
2015,4,R,전통시장,1001453,685,348,337,85,183,152,90,74,101,42,93,83,48,37,45,43,90,69,42,37,56,394,16,378,낙성대시장
2015,4,R,전통시장,1001452,812,400,412,95,184,173,111,105,144,48,86,91,59,50,66,47,98,82,52,55,78,440,0,440,중부시장
2015,4,R,전통시장,1001451,12,6,6,2,2,2,2,2,2,1,1,1,1,1,1,1,1,1,1,1,1,5,0,5,사당시장
2015,4,R,전통시장,1001450,672,328,344,95,103,131,102,103,138,49,51,67,52,48,61,46,52,64,50,55,77,290,0,290,남성역골목시장
2015,4,R,전통시장,1001449,716,349,367,107,102,139,104,112,152,56,50,69,52,52,70,51,52,70,52,60,82,301,0,301,남성사계시장
2015,4,R,전통시장,1001448,517,255,262,80,83,80,82,80,112,42,45,40,42,38,48,38,38,40,40,42,64,248,0,248,흑석시장
2015,4,R,전통시장,1001447,2005,989,1016,326,291,371,321,306,390,170,147,193,162,146,171,156,144,178,159,160,219,851,0,851,상도4동도깨비골목시장
2015,4,R,전통시장,1001446,148,72,76,24,22,27,24,22,29,12,11,14,12,10,13,12,11,13,12,12,16,62,0,62,성대시장
2015,4,R,전통시장,1001445,12,6,6,2,2,2,2,2,2,1,1,1,1,1,1,1,1,1,1,1,1,6,0,6,영도시장
2015,4,R,전통시장,1001444,1447,714,733,243,282,255,216,198,253,125,147,127,111,91,113,118,135,128,105,107,140,635,8,627,상도전통시장
2015,4,R,전통시장,1001443,158,78,80,27,31,28,23,22,27,14,16,14,12,10,12,13,15,14,11,12,15,70,0,70,강남시장_동작
2015,4,R,전통시장,1001442,5,3,2,0,1,0,0,2,2,0,1,0,0,1,1,0,0,0,0,1,1,3,0,3,신노량진시장
2015,4,R,전통시장,1001441,495,248,247,76,82,83,74,78,102,40,44,44,38,37,45,36,38,39,36,41,57,212,0,212,본동인정시장
2015,4,R,전통시장,1001440,324,159,165,50,54,54,48,51,67,26,28,28,24,24,29,24,26,26,24,27,38,136,0,136,노량진중앙시장
2015,4,R,전통시장,1001439,550,273,277,70,70,82,92,101,135,37,35,44,46,50,61,33,35,38,46,51,74,279,0,279,대림중앙시장
2015,4,R,전통시장,1001438,425,214,211,60,57,59,68,81,100,32,31,32,34,40,45,28,26,27,34,41,55,196,0,196,우리시장
2015,4,R,전통시장,1001437,179,89,90,27,26,30,28,31,37,14,13,16,14,15,17,13,13,14,14,16,20,78,0,78,영진시장A동
2015,4,R,전통시장,1001436,65,32,33,10,8,10,12,12,13,5,4,5,6,6,6,5,4,5,6,6,7,26,0,26,사러가시장
2015,4,R,전통시장,1001435,156,78,78,20,26,24,25,26,35,10,13,14,13,13,15,10,13,10,12,13,20,79,0,79,대신시장
2015,4,R,전통시장,1001434,91,46,45,15,13,21,14,12,16,8,6,11,8,6,7,7,7,10,6,6,9,42,0,42,양남시장
2015,4,R,전통시장,1001433,938,475,463,176,117,189,158,127,171,93,55,93,85,67,82,83,62,96,73,60,89,445,125,320,영일시장
2015,4,R,전통시장,1001432,51,26,25,7,8,10,8,8,10,4,4,5,4,4,5,3,4,5,4,4,5,28,0,28,도림시장
2015,4,R,전통시장,1001431,410,203,207,57,63,84,63,62,81,28,30,44,34,30,37,29,33,40,29,32,44,196,0,196,영등포청과시장
2015,4,R,전통시장,1001430,1987,1129,858,187,370,393,289,338,410,103,176,226,185,216,223,84,194,167,104,122,187,1288,60,1228,영등포전통시장
2015,4,R,전통시장,1001429,449,223,226,73,57,60,76,80,103,37,30,32,38,41,45,36,27,28,38,39,58,194,29,165,은행나무시장
2015,4,R,전통시장,1001428,123,62,61,20,15,18,19,23,28,10,8,10,10,11,13,10,7,8,9,12,15,50,19,31,박미시장
2015,4,R,전통시장,1001427,3473,1752,1721,582,465,569,571,598,688,305,245,294,292,294,322,277,220,275,279,304,366,1467,98,1369,현대시장
2015,4,R,전통시장,1001426,14,7,7,2,2,2,2,2,4,1,1,1,1,1,2,1,1,1,1,1,2,7,0,7,대명시장
2015,4,R,전통시장,1001425,43,21,22,6,6,6,8,8,9,3,3,3,4,4,4,3,3,3,4,4,5,19,19,0,푸른터시장
2015,4,R,전통시장,1001424,1767,894,873,247,250,261,299,350,360,126,130,141,151,178,168,121,120,120,148,172,192,824,0,824,남문시장
2015,4,R,전통시장,1001423,241,128,113,34,43,47,36,37,44,18,23,27,20,19,21,16,20,20,16,18,23,113,0,113,독산동 우시장
2015,4,R,전통시장,1001422,299,147,152,44,46,58,44,46,61,22,22,30,23,22,28,22,24,28,21,24,33,132,0,132,오류시장
2015,4,R,전통시장,1001421,427,211,216,76,53,77,63,68,90,39,27,39,32,31,43,37,26,38,31,37,47,161,0,161,개봉중앙시장
2015,4,R,전통시장,1001420,737,370,367,140,98,109,130,121,139,73,49,55,67,62,64,67,49,54,63,59,75,294,59,235,고척근린시장
2015,4,R,전통시장,1001419,192,106,86,18,21,23,37,44,49,9,12,14,22,27,22,9,9,9,15,17,27,116,0,116,가리봉시장
2015,4,R,전통시장,1001418,702,349,353,96,92,122,116,119,157,50,44,64,61,59,71,46,48,58,55,60,86,341,0,341,남구로시장
2015,4,R,전통시장,1001417,183,89,94,26,24,33,30,31,39,13,11,17,16,15,17,13,13,16,14,16,22,90,0,90,구로시장
2015,4,R,전통시장,1001416,25,12,13,4,4,4,4,4,5,2,2,2,2,2,2,2,2,2,2,2,3,11,0,11,공항시장
2015,4,R,전통시장,1001415,894,441,453,192,109,160,146,137,150,97,53,80,75,66,70,95,56,80,71,71,80,301,101,200,방신전통시장
2015,4,R,전통시장,1001414,1027,491,536,270,120,157,201,140,139,133,60,73,98,67,60,137,60,84,103,73,79,349,19,330,송화골목시장
2015,4,R,전통시장,1001413,1533,747,786,251,203,316,242,229,292,128,100,162,123,102,132,123,103,154,119,127,160,673,24,649,까치산시장
2015,4,R,전통시장,1001412,492,239,253,89,69,104,81,70,79,45,34,53,41,32,34,44,35,51,40,38,45,213,0,213,화곡본동시장
2015,4,R,전통시장,1001411,2178,1078,1100,346,296,400,356,360,420,180,154,207,178,166,193,166,142,193,178,194,227,934,60,874,남부골목시장
2015,4,R,전통시장,1001409,1431,710,721,194,226,310,208,227,266,98,110,166,106,106,124,96,116,144,102,121,142,691,0,691,화곡중앙골목시장
2015,4,R,전통시장,1001408,127,62,65,21,19,19,19,23,26,11,10,10,9,11,11,10,9,9,10,12,15,52,0,52,신월중앙시장
2015,4,R,전통시장,1001406,597,295,302,129,73,91,113,93,98,67,38,45,55,46,44,62,35,46,58,47,54,225,0,225,신정3동골목시장
2015,4,R,전통시장,1001405,862,427,435,203,119,86,177,154,123,108,60,39,82,81,57,95,59,47,95,73,66,296,0,296,신정2동골목시장
2015,4,R,전통시장,1001404,38,19,19,10,4,4,8,6,6,5,2,2,4,3,3,5,2,2,4,3,3,13,0,13,신정제일시장
2015,4,R,전통시장,1001403,232,114,118,40,30,38,37,40,47,20,15,20,19,19,21,20,15,18,18,21,26,98,20,78,신월7동골목시장
2015,4,R,전통시장,1001402,149,77,72,24,21,19,25,28,32,13,11,11,13,14,15,11,10,8,12,14,17,71,0,71,신월6동골목시장
2015,4,R,전통시장,1001401,247,125,122,41,34,32,40,48,52,22,18,17,20,23,25,19,16,15,20,25,27,117,0,117,신곡종합시장
2015,4,R,전통시장,1001400,655,342,313,106,95,100,111,118,125,55,51,55,61,63,57,51,44,45,50,55,68,292,0,292,신월3동골목시장
2015,4,R,전통시장,1001399,287,142,145,52,37,48,46,49,55,27,19,24,23,23,26,25,18,24,23,26,29,113,43,70,경창시장
2015,4,R,전통시장,1001398,1896,981,915,291,253,297,314,357,384,149,133,165,165,187,182,142,120,132,149,170,202,870,0,870,월정로시장
2015,4,R,전통시장,1001397,1156,598,558,177,153,181,191,219,235,91,82,100,100,114,111,86,71,81,91,105,124,530,10,520,신영시장
2015,4,R,전통시장,1001396,1256,624,632,295,177,148,264,203,169,161,94,70,120,104,75,134,83,78,144,99,94,457,57,400,목4동시장
2015,4,R,전통시장,1001395,974,475,499,159,154,173,151,166,171,86,77,87,71,77,77,73,77,86,80,89,94,416,166,250,목3동시장
2015,4,R,전통시장,1001394,810,399,411,145,130,146,132,133,124,77,65,74,62,65,56,68,65,72,70,68,68,315,53,262,목2동시장
2015,4,R,전통시장,1001392,48,23,25,6,9,10,8,6,9,3,4,5,4,3,4,3,5,5,4,3,5,24,0,24,동진시장
2015,4,R,전통시장,1001391,758,365,393,139,102,138,138,104,137,70,48,67,69,50,61,69,54,71,69,54,76,306,0,306,망원월드컵시장
2015,4,R,전통시장,1001390,1245,601,644,187,183,247,212,180,236,97,86,122,109,85,102,90,97,125,103,95,134,565,14,551,망원시장
2015,4,R,전통시장,1001389,83,40,43,13,15,18,12,11,14,7,7,9,6,5,6,6,8,9,6,6,8,40,0,40,합정시장
2015,4,R,전통시장,1001388,199,92,107,22,42,46,31,24,34,11,18,22,15,11,15,11,24,24,16,13,19,113,0,113,영진시장
2015,4,R,전통시장,1001386,111,55,56,20,15,20,20,16,20,10,8,10,10,8,9,10,7,10,10,8,11,46,0,46,신수시장
2015,4,R,전통시장,1001385,258,125,133,43,37,52,40,42,44,21,18,26,20,21,19,22,19,26,20,21,25,355,0,355,아현시장
2015,4,R,전통시장,1001384,0,0,0,0,0,0,0,0,0,0,0,0,0,0,0,0,0,0,0,0,0,7,0,7,마포시장
2015,4,R,전통시장,1001382,148,73,75,23,21,21,26,24,33,12,11,11,13,12,14,11,10,10,13,12,19,64,64,0,백련시장
2015,4,R,전통시장,1001381,169,83,86,40,18,33,30,22,26,20,9,15,16,11,12,20,9,18,14,11,14,24,0,24,모래내시장
2015,4,R,전통시장,1001380,734,362,372,122,97,96,122,127,170,61,51,50,61,65,74,61,46,46,61,62,96,313,0,313,포방터시장
2015,4,R,전통시장,1001379,279,138,141,44,35,38,48,46,68,23,18,21,24,23,29,21,17,17,24,23,39,119,0,119,인왕시장
2015,4,R,전통시장,1001378,395,191,204,58,60,65,68,64,80,28,30,34,34,32,33,30,30,31,34,32,47,135,0,135,아현가구거리상점가
2015,4,R,전통시장,1001377,787,381,406,146,97,121,139,121,163,75,51,58,70,60,67,71,46,63,69,61,96,345,10,335,영천시장
2015,4,R,전통시장,1001376,111,56,55,17,15,17,17,20,25,9,8,9,9,10,11,8,7,8,8,10,14,55,0,55,수일시장
2015,4,R,전통시장,1001375,143,71,72,23,19,22,24,23,32,12,10,11,12,11,15,11,9,11,12,12,17,58,0,58,증산종합시장
2015,4,R,전통시장,1001374,530,260,270,78,72,79,88,88,125,40,38,41,46,42,53,38,34,38,42,46,72,241,10,231,대림골목시장
2015,4,R,전통시장,1001373,371,184,187,75,41,64,68,53,70,40,21,32,35,26,30,35,20,32,33,27,40,194,18,176,신응암시장
2015,4,R,전통시장,1001372,42,19,23,8,6,7,7,6,8,4,3,3,3,3,3,4,3,4,4,3,5,22,0,22,녹번시장
2015,4,R,전통시장,1001369,76,37,39,12,11,11,13,13,16,6,6,6,6,6,7,6,5,5,7,7,9,33,0,33,갈현시장
2015,4,R,전통시장,1001368,183,92,91,26,26,27,30,32,42,14,14,15,15,15,19,12,12,12,15,17,23,86,69,17,연서시장
2015,4,R,전통시장,1001367,2189,1070,1119,374,314,284,384,376,457,193,161,147,184,183,202,181,153,137,200,193,255,856,0,856,상계중앙시장
2015,4,R,전통시장,1001366,14,7,7,2,2,2,2,2,4,1,1,1,1,1,2,1,1,1,1,1,2,6,0,6,상계시장
2015,4,R,전통시장,1001365,1602,782,820,260,267,272,246,261,296,131,133,141,124,120,133,129,134,131,122,141,163,706,48,658,공릉동도깨비시장
2015,4,R,전통시장,1001364,1322,672,650,213,175,173,229,238,294,113,97,95,117,117,133,100,78,78,112,121,161,567,0,567,방학동도깨비시장
2015,4,R,전통시장,1001363,782,383,399,117,110,128,126,129,172,61,54,66,64,60,78,56,56,62,62,69,94,339,0,339,쌍문역골목시장
2015,4,R,전통시장,1001362,513,251,262,88,68,70,85,88,114,45,34,36,42,42,52,43,34,34,43,46,62,209,0,209,백운시장
2015,4,R,전통시장,1001361,123,62,61,16,16,16,19,22,34,8,8,9,10,11,16,8,8,7,9,11,18,55,0,55,신도봉시장
2015,4,R,전통시장,1001360,903,452,451,154,117,126,158,154,194,81,62,67,79,77,86,73,55,59,79,77,108,388,0,388,창동골목시장
2015,4,R,전통시장,1001359,1843,907,936,329,253,300,311,307,343,168,128,150,153,150,158,161,125,150,158,157,185,783,112,671,창동신창시장
2015,4,R,전통시장,1001358,58,28,30,8,8,8,10,10,14,4,4,4,5,5,6,4,4,4,5,5,8,24,0,24,수유북부시장
2015,4,R,전통시장,1001357,1554,762,792,240,195,214,253,265,387,125,97,114,126,127,173,115,98,100,127,138,214,659,26,633,장미원골목시장
2015,4,R,전통시장,1001356,25,13,12,3,4,4,4,4,6,2,2,2,2,2,3,1,2,2,2,2,3,12,0,12,수유중앙시장
2015,4,R,전통시장,1001355,809,404,405,96,129,132,129,140,183,50,64,72,65,70,83,46,65,60,64,70,100,381,22,359,강북종합시장
2015,4,R,전통시장,1001354,1788,880,908,270,236,253,289,304,436,141,124,132,142,147,194,129,112,121,147,157,242,731,10,721,우이시장
2015,4,R,전통시장,1001353,526,266,260,78,73,79,84,92,120,40,38,44,44,45,55,38,35,35,40,47,65,230,79,151,수유전통시장
2015,4,R,전통시장,1001352,986,489,497,135,152,162,165,161,211,72,73,83,88,79,94,63,79,79,77,82,117,479,99,380,번동북부골목시장
2015,4,R,전통시장,1001351,400,195,205,101,40,63,83,54,59,52,20,30,42,26,25,49,20,33,41,28,34,136,0,136,솔샘시장
2015,4,R,전통시장,1001350,182,90,92,24,24,26,30,34,44,12,12,14,15,17,20,12,12,12,15,17,24,83,0,83,숭인시장
2015,4,R,전통시장,1001349,1505,733,772,211,207,220,248,262,357,108,102,116,124,124,159,103,105,104,124,138,198,700,0,700,방천골목시장
2015,4,R,전통시장,1001348,33,16,17,6,4,4,6,6,7,3,2,2,3,3,3,3,2,2,3,3,4,13,0,13,동북시장
2015,4,R,전통시장,1001347,2106,1058,1048,318,291,327,342,366,462,170,148,169,176,180,215,148,143,158,166,186,247,930,0,930,석관황금시장
2015,4,R,전통시장,1001346,151,76,75,23,21,23,25,26,33,12,11,12,13,13,15,11,10,11,12,13,18,67,0,67,석관시장
2015,4,R,전통시장,1001345,109,55,54,17,15,17,17,19,24,9,8,9,9,9,11,8,7,8,8,10,13,46,0,46,새석관시장
2015,4,R,전통시장,1001344,47,23,24,8,6,6,8,8,11,4,3,3,4,4,5,4,3,3,4,4,6,22,0,22,번동시장
2015,4,R,전통시장,1001343,1814,912,902,270,236,247,307,320,434,138,125,138,157,159,195,132,111,109,150,161,239,789,18,771,장위전통시장
2015,4,R,전통시장,1001342,147,71,76,30,16,23,27,21,30,15,8,11,14,10,13,15,8,12,13,11,17,55,0,55,밤나무골시장
2015,4,R,전통시장,1001341,88,42,46,23,9,16,18,10,12,12,4,7,9,5,5,11,5,9,9,5,7,33,0,33,길음시장
2015,4,R,전통시장,1001340,1364,676,688,210,215,194,215,214,316,107,118,105,107,102,137,103,97,89,108,112,179,612,12,600,정릉시장
2015,4,R,전통시장,1001339,411,201,210,76,51,62,69,65,88,40,26,31,34,30,40,36,25,31,35,35,48,170,9,161,정릉아리랑시장
2015,4,R,전통시장,1001338,158,78,80,26,26,26,28,22,30,14,12,14,14,10,14,12,14,12,14,12,16,77,0,77,돈암제일시장
2015,4,R,전통시장,1001337,83,41,42,13,12,12,14,15,17,6,6,6,7,8,8,7,6,6,7,7,9,38,0,38,유영시장
2015,4,R,전통시장,1001336,2458,1247,1211,364,349,367,390,468,520,185,180,200,200,239,243,179,169,167,190,229,277,1092,35,1057,우림골목시장
2015,4,R,전통시장,1001335,713,348,365,128,101,114,120,116,134,65,49,58,59,56,61,63,52,56,61,60,73,279,24,255,묵1동도깨비시장
2015,4,R,전통시장,1001334,742,383,359,91,105,110,121,151,164,48,55,60,64,79,77,43,50,50,57,72,87,370,103,267,태능시장
2015,4,R,전통시장,1001333,1965,999,966,263,279,312,320,374,417,138,140,167,169,190,195,125,139,145,151,184,222,924,0,924,중화제일시장
2015,4,R,전통시장,1001332,2040,1021,1019,292,296,317,338,371,426,149,151,169,175,183,194,143,145,148,163,188,232,915,54,861,사가정시장
2015,4,R,전통시장,1001331,1409,701,708,200,202,228,222,254,303,105,101,118,116,124,137,95,101,110,106,130,166,637,18,619,면목골목시장
2015,4,R,전통시장,1001330,2112,1055,1057,302,312,350,365,366,417,154,156,189,185,182,189,148,156,161,180,184,228,986,8,978,동원시장
2015,4,R,전통시장,1001329,1282,650,632,180,191,218,218,228,247,94,95,117,115,115,114,86,96,101,103,113,133,606,28,578,동부골목시장
2015,4,R,전통시장,1001327,222,111,111,27,45,35,34,34,47,14,22,19,18,17,21,13,23,16,16,17,26,121,0,121,이경시장
2015,4,R,전통시장,1001326,1113,538,575,162,277,192,150,135,197,79,135,99,75,65,85,83,142,93,75,70,112,602,311,291,회기시장
2015,4,R,전통시장,1001325,130,64,66,16,18,19,18,24,35,8,9,10,10,12,15,8,9,9,8,12,20,60,0,60,청량리청과물시장
2015,4,R,전통시장,1001324,311,158,153,60,37,54,55,47,58,32,19,27,29,24,27,28,18,27,26,23,31,128,0,128,전곡시장
2015,4,R,전통시장,1001323,493,240,253,84,64,74,85,82,104,42,33,37,43,39,46,42,31,37,42,43,58,186,0,186,답십리시장
2015,4,R,전통시장,1001321,621,306,315,106,81,96,105,103,130,53,42,48,53,50,60,53,39,48,52,53,70,238,0,238,답십리현대시장
2015,4,R,전통시장,1001320,31,16,15,4,4,4,5,6,8,2,2,2,3,3,4,2,2,2,2,3,4,18,0,18,전농로터리시장
2015,4,R,전통시장,1001319,234,120,114,31,36,36,34,38,59,16,20,20,18,19,27,15,16,16,16,19,32,115,0,115,청량리종합시장
2015,4,R,전통시장,1001318,131,66,65,16,21,21,18,22,33,8,11,11,10,11,15,8,10,10,8,11,18,64,0,64,청량리전통시장
2015,4,R,전통시장,1001317,216,111,105,28,34,33,31,35,55,14,19,18,17,18,25,14,15,15,14,17,30,107,20,87,청량리농수산물시장
2015,4,R,전통시장,1001316,1620,829,791,213,259,247,233,263,405,109,144,133,127,133,183,104,115,114,106,130,222,806,0,806,서울약령시장
2015,4,R,전통시장,1001313,416,213,203,50,66,70,64,70,96,26,34,38,34,36,45,24,32,32,30,34,51,219,0,219,청량리수산시장
2015,4,R,전통시장,1001310,21,10,11,4,2,4,4,3,4,2,1,2,2,1,2,2,1,2,2,2,2,8,0,8,구의시장
2015,4,R,전통시장,1001309,180,91,89,21,28,29,28,35,39,11,14,15,15,18,18,10,14,14,13,17,21,91,0,91,조양시장
2015,4,R,전통시장,1001308,1713,864,849,202,263,281,271,326,370,102,133,146,146,167,170,100,130,135,125,159,200,878,0,878,영동교골목시장
2015,4,R,전통시장,1001307,517,253,264,91,75,85,87,88,91,46,37,41,43,43,43,45,38,44,44,45,48,217,0,217,능동로골목시장
2015,4,R,전통시장,1001306,672,333,339,116,99,110,112,115,120,59,50,54,55,58,57,57,49,56,57,57,63,286,0,286,노룬산골목시장
2015,4,R,전통시장,1001305,52,26,26,9,8,10,8,8,9,5,4,5,4,4,4,4,4,5,4,4,5,21,0,21,자양종합시장
2015,4,R,전통시장,1001304,2239,1096,1143,324,381,411,368,360,395,169,183,208,184,175,177,155,198,203,184,185,218,1079,0,1079,자양골목시장
2015,4,R,전통시장,1001303,111,54,57,19,16,18,19,19,20,10,8,9,9,9,9,9,8,9,10,10,11,46,0,46,신성골목시장
2015,4,R,전통시장,1001302,558,280,278,83,84,94,95,99,103,43,44,50,47,49,47,40,40,44,48,50,56,258,0,258,면곡골목시장
2015,4,R,전통시장,1001301,1027,511,516,130,161,200,163,177,196,67,77,106,82,87,92,63,84,94,81,90,104,495,0,495,중곡제일시장
2015,4,R,전통시장,1001300,883,425,458,74,312,178,101,93,125,37,137,93,55,47,56,37,175,85,46,46,69,590,0,590,화양제일골목시장
2015,4,R,전통시장,1001299,95,46,49,8,34,19,11,10,13,4,15,10,6,5,6,4,19,9,5,5,7,63,0,63,한아름시장
2015,4,R,전통시장,1001298,1594,847,747,213,227,243,287,292,332,110,116,137,162,167,155,103,111,106,125,125,177,790,0,790,성동용답상가시장
2015,4,R,전통시장,1001297,396,207,189,55,59,63,67,76,76,29,32,33,36,41,36,26,27,30,31,35,40,183,0,183,뚝도시장
2015,4,R,전통시장,1001296,427,206,221,71,52,80,72,66,86,36,26,39,37,31,37,35,26,41,35,35,49,172,0,172,금남시장
2015,4,R,전통시장,1001295,1254,615,639,195,194,200,205,210,250,99,97,99,102,105,113,96,97,101,103,105,137,514,75,439,행당시장
2015,4,R,전통시장,1001294,729,362,367,118,125,110,117,120,139,61,63,55,58,61,64,57,62,55,59,59,75,314,0,314,마장축산물시장
2015,4,R,전통시장,1001293,13,6,7,2,2,2,2,2,3,1,1,1,1,1,1,1,1,1,1,1,2,7,0,7,보광시장
2015,4,R,전통시장,1001292,61,28,33,8,8,11,10,9,15,4,4,5,5,4,6,4,4,6,5,5,9,34,0,34,이태원제일시장
2015,4,R,전통시장,1001291,76,36,40,8,11,12,12,13,20,4,6,6,6,6,8,4,5,6,6,7,12,46,0,46,이태원시장
2015,4,R,전통시장,1001290,127,60,67,28,14,19,25,18,23,14,7,8,12,9,10,14,7,11,13,9,13,42,10,32,이촌종합시장
2015,4,R,전통시장,1001289,694,337,357,123,87,122,121,102,139,64,41,61,62,49,60,59,46,61,59,53,79,283,0,283,용문전통시장
2015,4,R,전통시장,1001288,51,24,27,7,10,8,8,8,10,4,4,4,4,4,4,3,6,4,4,4,6,27,0,27,만리시장
2015,4,R,전통시장,1001287,68,33,35,9,10,12,10,11,16,5,5,6,5,5,7,4,5,6,5,6,9,33,0,33,신흥시장
2015,4,R,전통시장,1001286,458,225,233,74,64,76,78,71,95,39,33,39,39,34,41,35,31,37,39,37,54,209,29,180,후암시장
2015,4,R,전통시장,1001285,2,1,1,0,0,0,0,0,2,0,0,0,0,0,1,0,0,0,0,0,1,4,0,4,합동(새벽)시장
2015,4,R,전통시장,1001284,1442,724,718,184,215,300,224,227,292,92,104,154,118,118,138,92,111,146,106,109,154,714,0,714,서울중앙시장
2015,4,R,전통시장,1001283,1031,511,520,164,138,161,182,176,210,84,71,81,95,90,90,80,67,80,87,86,120,462,0,462,백학시장
2015,4,R,전통시장,1001282,2789,1330,1459,418,349,464,442,460,656,210,175,224,226,215,280,208,174,240,216,245,376,1443,36,1407,약수시장
2015,4,R,전통시장,1001279,76,38,38,8,13,12,13,14,16,4,7,6,7,7,7,4,6,6,6,7,9,41,29,12,동평화시장
2015,4,R,전통시장,1001277,331,209,122,20,33,33,50,76,119,10,17,21,34,57,70,10,16,12,16,19,49,235,0,235,방산종합시장
2015,4,R,전통시장,1001275,164,87,77,15,21,24,23,33,48,7,11,13,14,18,24,8,10,11,9,15,24,96,0,96,인현시장
2015,4,R,전통시장,1001274,199,110,89,16,24,28,26,43,62,8,13,16,16,25,32,8,11,12,10,18,30,119,0,119,신중부시장
2015,4,R,전통시장,1001273,531,294,237,45,54,59,78,123,172,22,25,30,47,79,91,23,29,29,31,44,81,356,0,356,남대문시장
2015,4,R,전통시장,1001272,70,37,33,7,13,11,11,12,16,4,6,6,6,7,8,3,7,5,5,5,8,40,0,40,신설종합시장
2015,4,R,전통시장,1001271,850,436,414,85,152,142,130,147,194,44,70,75,71,80,96,41,82,67,59,67,98,475,224,251,동묘시장
2015,4,R,전통시장,1001270,330,174,156,40,41,40,58,68,83,21,22,23,31,37,40,19,19,17,27,31,43,179,0,179,창신골목시장
2015,4,R,전통시장,1001268,69,39,30,7,11,7,11,13,20,4,7,4,7,7,10,3,4,3,4,6,10,40,0,40,충신시장
2015,4,R,전통시장,1001267,156,87,69,18,26,19,25,28,40,11,15,11,14,16,20,7,11,8,11,12,20,93,0,93,종로신진시장
2015,4,R,전통시장,1001265,3,2,1,0,0,0,0,1,2,0,0,0,0,1,1,0,0,0,0,0,1,3,0,3,광장시장
2015,4,R,전통시장,1001264,671,316,355,131,85,102,124,95,134,70,43,45,55,47,56,61,42,57,69,48,78,276,0,276,통인시장
2015,4,D,발달상권,1001263,784,388,396,136,124,99,138,144,143,70,62,51,66,71,68,66,62,48,72,73,75,306,14,292,서울 노원구 노원역_3
2015,4,D,발달상권,1001262,576,270,306,120,77,95,107,87,90,60,38,44,51,39,38,60,39,51,56,48,52,230,0,230,서울 노원구 노원역_2
2015,4,D,발달상권,1001261,926,433,493,193,122,153,172,140,146,97,58,72,80,64,62,96,64,81,92,76,84,371,264,107,서울 노원구 노원역_1
2015,4,D,발달상권,1001260,2799,1358,1441,575,383,383,520,471,467,296,196,186,242,228,210,279,187,197,278,243,257,1073,120,953,창동역
2015,4,D,발달상권,1001259,549,274,275,66,86,91,86,95,125,34,42,50,44,47,57,32,44,41,42,48,68,261,14,247,서울 강북구 수유역_3
2015,4,D,발달상권,1001257,1430,712,718,169,226,237,228,245,325,87,113,129,116,120,147,82,113,108,112,125,178,683,162,521,서울 강북구 수유역_2
2015,4,D,발달상권,1001256,746,371,375,102,114,126,124,122,158,53,55,65,66,61,71,49,59,61,58,61,87,364,159,205,서울 강북구 수유역_1
2015,4,D,발달상권,1001255,49,25,24,7,7,7,8,9,11,4,4,4,4,4,5,3,3,3,4,5,6,23,0,23,서울 은평구 연신내역_3
2015,4,D,발달상권,1001254,844,407,437,153,118,132,149,133,159,77,59,69,70,63,69,76,59,63,79,70,90,344,39,305,서울 은평구 연신내역_2
2015,4,D,발달상권,1001253,141,67,74,22,21,24,24,21,29,11,10,12,12,10,12,11,11,12,12,11,17,64,54,10,서울 은평구 연신내역_1
2015,4,D,발달상권,1001252,789,389,400,125,102,117,131,136,178,65,52,60,66,66,80,60,50,57,65,70,98,292,0,292,서울 성북구 미아삼거리역_2
2015,4,D,발달상권,1001251,408,198,210,56,56,60,68,71,97,28,28,32,34,34,42,28,28,28,34,37,55,189,0,189,서울 강북구 미아삼거리역_1
2015,4,D,발달상권,1001249,1826,875,951,306,240,304,305,293,378,156,117,150,151,137,164,150,123,154,154,156,214,754,36,718,서울 은평구 불광역_2
2015,4,D,발달상권,1001248,656,314,342,98,99,115,108,101,135,48,46,58,54,48,60,50,53,57,54,53,75,301,71,230,서울 은평구 불광역_1
2015,4,D,발달상권,1001247,152,75,77,25,20,23,26,25,33,13,10,12,13,12,15,12,10,11,13,13,18,49,0,49,미아사거리_2
2015,4,D,발달상권,1001246,707,343,364,145,77,110,131,105,139,72,38,52,69,50,62,73,39,58,62,55,77,266,190,76,미아사거리_1
2015,4,D,발달상권,1001245,905,401,504,124,215,163,137,109,157,60,77,77,69,51,67,64,138,86,68,58,90,498,49,449,서울 성북구 성신여대입구역
2015,4,D,발달상권,1001244,627,302,325,92,158,108,83,75,111,44,76,55,42,37,48,48,82,53,41,38,63,340,22,318,경희대학교
2015,4,D,발달상권,1001243,469,241,228,58,129,71,66,65,80,31,68,40,34,32,36,27,61,31,32,33,44,259,16,243,서울 성북구 안암역
2015,4,D,발달상권,1001242,844,411,433,129,201,120,127,109,158,62,107,61,61,52,68,67,94,59,66,57,90,435,0,435,혜화역 대학로_3
2015,4,D,발달상권,1001241,839,408,431,127,201,121,126,109,155,62,107,61,61,52,65,65,94,60,65,57,90,434,0,434,혜화역 대학로_2
2015,4,D,발달상권,1001240,563,269,294,73,117,99,85,80,109,36,54,50,41,40,48,37,63,49,44,40,61,288,0,288,혜화역 대학로_1
2015,4,D,발달상권,1001239,195,94,101,49,23,31,40,24,28,25,11,14,20,12,12,24,12,17,20,12,16,72,72,0,디지털미디어시티
2015,4,D,발달상권,1001238,2189,1097,1092,289,283,297,323,396,601,149,149,158,171,199,271,140,134,139,152,197,330,1037,754,283,서울 동대문구 청량리역
2015,4,D,발달상권,1001237,331,153,178,53,42,51,56,52,77,28,19,23,25,24,34,25,23,28,31,28,43,217,0,217,서울 종로구 경복궁역_2
2015,4,D,발달상권,1001236,125,59,66,18,14,18,18,21,36,9,7,9,9,9,16,9,7,9,9,12,20,76,0,76,서울 종로구 안국역_2
2015,4,D,발달상권,1001235,72,33,39,10,8,11,14,11,18,5,4,5,7,5,7,5,4,6,7,6,11,35,0,35,서울 종로구 안국역_1
2015,4,D,발달상권,1001234,516,238,278,84,65,79,88,79,121,43,29,36,41,36,53,41,36,43,47,43,68,332,0,332,서울 종로구 경복궁역_1
2015,4,D,발달상권,1001233,546,318,228,44,68,65,81,112,176,20,36,38,52,74,98,24,32,27,29,38,78,377,0,377,서울 종로구 종로3가역_3
2015,4,D,발달상권,1001232,1595,930,665,132,203,188,229,325,518,61,105,111,149,215,289,71,98,77,80,110,229,1071,0,1071,서울 종로구 종로3가역_2
2015,4,D,발달상권,1001231,151,79,72,18,24,25,24,25,35,9,13,14,13,13,17,9,11,11,11,12,18,80,27,53,서울 동대문구 신설동역_2
2015,4,D,발달상권,1001230,444,260,184,37,55,51,64,92,145,17,29,31,41,62,80,20,26,20,23,30,65,311,149,162,인사동
2015,4,D,발달상권,1001229,540,314,226,45,68,64,79,110,174,21,35,38,51,72,97,24,33,26,28,38,77,375,0,375,서울 종로구 종로5가역_4
2015,4,D,발달상권,1001228,340,190,150,38,60,40,55,62,85,22,35,24,32,35,42,16,25,16,23,27,43,205,0,205,서울 종로구 종로5가역_3
2015,4,D,발달상권,1001227,286,164,122,23,36,34,41,58,94,10,19,19,26,39,51,13,17,15,15,19,43,196,54,142,종로구청
2015,4,D,발달상권,1001226,1232,679,553,126,195,159,191,227,334,65,102,90,111,138,173,61,93,69,80,89,161,728,303,425,서울 종로구 종로5가역_2
2015,4,D,발달상권,1001225,601,308,293,60,110,99,93,102,137,31,50,53,51,56,67,29,60,46,42,46,70,343,74,269,신설동역
2015,4,D,발달상권,1001224,64,33,31,8,10,11,10,11,14,4,5,6,5,6,7,4,5,5,5,5,7,34,0,34,서울 동대문구 신설동역_1
2015,4,D,발달상권,1001223,1637,756,881,262,202,251,279,258,385,136,91,111,128,121,169,126,111,140,151,137,216,799,593,206,서울 종로구 광화문역_2
2015,4,D,발달상권,1001222,643,345,298,73,80,79,106,135,170,38,43,45,56,76,87,35,37,34,50,59,83,377,240,137,동묘앞역
2015,4,D,발달상권,1001221,2549,1283,1266,451,323,454,435,401,485,233,165,229,229,198,229,218,158,225,206,203,256,1052,837,215,장안동사거리
2015,4,D,발달상권,1001220,977,524,453,112,119,121,160,205,260,58,65,68,84,117,132,54,54,53,76,88,128,573,0,573,서울 종로구 동대문역_2
2015,4,D,발달상권,1001219,129,65,64,17,18,16,24,25,29,9,9,9,12,13,13,8,9,7,12,12,16,60,0,60,서울 종로구 동대문역_1
2015,4,D,발달상권,1001218,6,4,2,0,1,0,1,2,2,0,1,0,1,1,1,0,0,0,0,1,1,4,0,4,동대문시장_2
2015,4,D,발달상권,1001217,6,4,2,0,1,0,1,2,2,0,1,0,1,1,1,0,0,0,0,1,1,4,0,4,서울 종로구 종로5가역_1
2015,4,D,발달상권,1001216,203,118,85,16,25,24,29,42,67,7,13,14,19,28,37,9,12,10,10,14,30,143,0,143,서울 종로구 종로3가역_1
2015,4,D,발달상권,1001213,47,28,19,4,5,5,6,10,17,2,3,3,4,7,9,2,2,2,2,3,8,34,28,6,종각역 젊음의 거리
2015,4,D,발달상권,1001212,334,161,173,49,41,48,61,52,83,25,20,24,31,27,34,24,21,24,30,25,49,203,0,203,서대문구 서대문역_1
2015,4,D,발달상권,1001211,5,3,2,0,0,0,1,2,2,0,0,0,1,1,1,0,0,0,0,1,1,4,0,4,동대문시장_1
2015,4,D,발달상권,1001210,79,45,34,11,7,18,15,14,14,5,4,11,10,8,7,6,3,7,5,6,7,47,0,47,시청역_2
2015,4,D,발달상권,1001209,46,19,27,4,4,6,8,9,15,2,2,3,3,4,5,2,2,3,5,5,10,19,0,19,서울시청
2015,4,D,발달상권,1001208,627,390,237,43,62,70,91,142,219,21,33,43,62,103,128,22,29,27,29,39,91,437,133,304,서울 중구 을지로3가역_2
2015,4,D,발달상권,1001207,350,181,169,37,56,53,63,65,76,19,29,28,35,35,35,18,27,25,28,30,41,188,150,38,서울 중구 신당역_2
2015,4,D,발달상권,1001206,970,473,497,169,126,147,169,155,204,87,65,72,87,77,85,82,61,75,82,78,119,441,176,265,서대문구 서대문역_2
2015,4,D,발달상권,1001205,366,196,170,33,45,52,50,75,111,16,24,28,30,42,56,17,21,24,20,33,55,206,0,206,동대문역사문화공원역
2015,4,D,발달상권,1001204,137,85,52,8,11,14,18,34,52,4,6,9,13,24,29,4,5,5,5,10,23,98,0,98,서울 중구 을지로3가역_1
2015,4,D,발달상권,1001203,56,23,33,6,6,7,10,10,17,3,3,3,4,4,6,3,3,4,6,6,11,28,0,28,명동거리
2015,4,D,발달상권,1001202,100,54,46,15,10,22,17,18,18,7,5,12,10,10,10,8,5,10,7,8,8,57,0,57,롯데백화점
2015,4,D,발달상권,1001201,787,392,395,124,102,121,141,136,163,63,53,62,73,71,70,61,49,59,68,65,93,358,37,321,서울 중구 신당역_1
2015,4,D,발달상권,1001200,186,98,88,29,20,39,32,32,34,14,10,22,18,17,17,15,10,17,14,15,17,104,0,104,북창동
2015,4,D,발달상권,1001199,619,341,278,57,72,83,86,129,192,28,37,46,53,77,100,29,35,37,33,52,92,359,180,179,서울 중구 충무로역_2
2015,4,D,발달상권,1001198,1829,934,895,260,283,329,287,304,366,135,141,180,156,151,171,125,142,149,131,153,195,904,55,849,서울 강서구 송정역
2015,4,D,발달상권,1001197,989,499,490,161,133,183,161,161,190,83,68,94,85,78,91,78,65,89,76,83,99,409,58,351,장한평역_2
2015,4,D,발달상권,1001196,376,204,172,54,39,83,67,64,69,26,20,48,39,36,35,28,19,35,28,28,34,218,78,140,시청역_1
2015,4,D,발달상권,1001195,642,313,329,105,101,112,104,105,115,52,49,56,52,53,51,53,52,56,52,52,64,215,0,215,왕십리역_2
2015,4,D,발달상권,1001194,490,235,255,79,75,73,72,88,103,41,39,37,34,41,43,38,36,36,38,47,60,202,0,202,서울 강서구 발산역
2015,4,D,발달상권,1001193,129,65,64,22,16,24,21,22,24,11,8,12,11,11,12,11,8,12,10,11,12,53,21,32,장한평역_1
2015,4,D,발달상권,1001192,584,298,286,72,90,93,83,96,150,36,48,51,47,48,68,36,42,42,36,48,82,317,0,317,서울 중구 충무로역_1
2015,4,D,발달상권,1001190,190,103,87,25,27,30,34,34,40,13,14,17,20,20,19,12,13,13,14,14,21,94,75,19,장한평역
2015,4,D,발달상권,1001189,625,269,356,54,66,86,110,123,186,25,33,39,49,53,70,29,33,47,61,70,116,301,14,287,서울 중구 명동역
2015,4,D,발달상권,1001188,229,118,111,29,56,37,33,28,46,15,31,20,17,14,21,14,25,17,16,14,25,123,96,27,장충동 족발거리
2015,4,D,발달상권,1001187,340,178,162,45,109,50,41,40,55,21,64,28,21,19,25,24,45,22,20,21,30,184,0,184,한양시장
2015,4,D,발달상권,1001186,889,414,475,113,281,158,106,96,135,60,116,80,53,45,60,53,165,78,53,51,75,542,74,468,서울 서대문구 이대역
2015,4,D,발달상권,1001185,1452,677,775,186,462,256,176,153,219,98,193,128,88,74,96,88,269,128,88,79,123,883,0,883,서울 서대문구 신촌역
2015,4,D,발달상권,1001184,43,20,23,6,8,10,6,6,7,3,3,5,3,3,3,3,5,5,3,3,4,25,0,25,서울 마포구 홍대입구역_3
2015,4,D,발달상권,1001183,668,310,358,73,138,155,105,82,115,36,59,73,51,40,51,37,79,82,54,42,64,380,0,380,서울 마포구 홍대입구역_2
2015,4,D,발달상권,1001182,7397,3437,3960,913,1490,1653,1175,928,1238,454,650,777,569,446,541,459,840,876,606,482,697,4190,160,4030,홍익대학교 주변
2015,4,D,발달상권,1001181,1867,913,954,242,369,402,270,267,317,127,171,204,138,128,145,115,198,198,132,139,172,945,34,911,서울 광진구 군자역
2015,4,D,발달상권,1001180,785,377,408,87,174,148,122,105,149,44,79,73,63,53,65,43,95,75,59,52,84,478,67,411,신촌역
2015,4,D,발달상권,1001179,3479,1718,1761,565,520,653,534,592,615,303,250,338,265,278,284,262,270,315,269,314,331,1460,365,1095,강서구청
2015,4,D,발달상권,1001178,647,296,351,72,133,150,103,80,109,36,56,70,49,37,48,36,77,80,54,43,61,372,34,338,서울 마포구 홍대입구역_1
2015,4,D,발달상권,1001177,13,6,7,2,2,2,2,2,3,1,1,1,1,1,1,1,1,1,1,1,2,7,0,7,서울 중구 약수역_2
2015,4,D,발달상권,1001176,107,52,55,16,14,18,17,17,25,8,7,9,9,8,11,8,7,9,8,9,14,55,0,55,서울 중구 약수역_1
2015,4,D,발달상권,1001175,2655,1327,1328,581,399,281,470,495,429,317,221,129,213,239,208,264,178,152,257,256,221,851,608,243,서울 강동구 고덕역
2015,4,D,발달상권,1001174,954,466,488,154,151,168,150,163,168,83,77,85,71,75,75,71,74,83,79,88,93,404,94,310,등촌역
2015,4,D,발달상권,1001173,1659,811,848,349,226,232,298,275,279,185,115,111,141,131,128,164,111,121,157,144,151,668,211,457,서울 강동구 명일역
2015,4,D,발달상권,1001172,633,311,322,69,171,127,84,82,100,35,79,66,45,41,45,34,92,61,39,41,55,364,90,274,어린이대공원역
2015,4,D,발달상권,1001169,888,543,345,70,112,128,157,188,233,38,58,74,106,128,139,32,54,54,51,60,94,575,0,575,서울 용산구 숙대입구역
2015,4,D,발달상권,1001168,11,6,5,0,2,2,2,2,3,0,1,1,1,1,2,0,1,1,1,1,1,7,0,7,남영역
2015,4,D,발달상권,1001166,4497,2158,2339,924,521,860,864,609,719,465,246,403,439,299,306,459,275,457,425,310,413,1829,971,858,서울 마포구 마포역_2
2015,4,D,발달상권,1001165,2698,1300,1398,224,953,549,308,285,379,110,420,288,168,145,169,114,533,261,140,140,210,1830,19,1811,서울 광진구 건대입구역_2
2015,4,D,발달상권,1001164,746,355,391,122,104,132,120,116,152,63,49,63,59,56,65,59,55,69,61,60,87,294,0,294,서울 마포구 마포역_1
2015,4,D,발달상권,1001163,1674,847,827,223,234,302,259,302,354,116,115,161,139,149,167,107,119,141,120,153,187,809,500,309,서울 강동구 천호역_2
2015,4,D,발달상권,1001162,1985,1002,983,233,305,328,314,378,427,118,154,171,168,194,197,115,151,157,146,184,230,1005,0,1005,서울 광진구 건대입구역_1
2015,4,D,발달상권,1001160,2023,971,1052,271,370,417,329,299,337,137,170,209,165,140,150,134,200,208,164,159,187,1016,57,959,서울 광진구 구의역
2015,4,D,발달상권,1001159,263,130,133,38,37,46,42,46,54,19,19,24,21,22,25,19,18,22,21,24,29,117,0,117,서울 강동구 천호역
2015,4,D,발달상권,1001158,1096,519,577,174,208,238,156,149,171,87,88,116,78,71,79,87,120,122,78,78,92,516,103,413,당산역_2
2015,4,D,발달상권,1001157,331,165,166,44,48,64,50,58,67,23,24,34,26,27,31,21,24,30,24,31,36,159,0,159,서울 강동구 천호역_1
2015,4,D,발달상권,1001156,4468,2204,2264,714,675,818,696,761,804,377,331,416,348,353,379,337,344,402,348,408,425,1821,1361,460,서울 강동구 길동역
2015,4,D,발달상권,1001155,954,473,481,146,138,204,150,139,177,77,63,101,80,69,83,69,75,103,70,70,94,461,0,461,용산 전자상가_5
2015,4,D,발달상권,1001154,311,150,161,54,41,59,53,46,58,26,19,29,27,23,26,28,22,30,26,23,32,136,0,136,용산 전자상가_4
2015,4,D,발달상권,1001153,1466,715,751,247,259,311,225,203,221,126,115,157,114,100,103,121,144,154,111,103,118,655,109,546,당산역_1
2015,4,D,발달상권,1001152,140,67,73,26,22,23,24,23,22,13,11,11,11,11,10,13,11,12,13,12,12,54,54,0,서울 광진구 강변역
2015,4,D,발달상권,1001151,512,249,263,78,72,102,81,78,101,39,34,51,41,38,46,39,38,51,40,40,55,243,69,174,용산 전자상가_3
2015,4,D,발달상권,1001150,1197,565,632,127,167,200,187,205,311,66,87,100,93,99,120,61,80,100,94,106,191,715,47,668,서울 용산구 이태원역
2015,4,D,발달상권,1001149,435,209,226,54,58,87,71,69,96,28,28,43,35,33,42,26,30,44,36,36,54,236,0,236,한남오거리
2015,4,D,발달상권,1001147,114,57,57,13,16,20,17,20,28,7,8,10,9,10,13,6,8,10,8,10,15,59,56,3,용산 전자상가_2
2015,4,D,발달상권,1001146,200,94,106,21,29,34,30,34,52,11,15,17,15,16,20,10,14,17,15,18,32,121,0,121,용산구청
2015,4,D,발달상권,1001145,201,100,101,23,26,36,29,36,51,12,13,18,15,18,24,11,13,18,14,18,27,106,89,17,용산 전자상가_1
2015,4,D,발달상권,1001143,369,185,184,43,50,65,55,64,92,24,25,32,28,32,44,19,25,33,27,32,48,220,0,220,서울 용산구 신용산역
2015,4,D,발달상권,1001141,3306,1532,1774,672,394,507,615,434,684,333,182,221,288,206,302,339,212,286,327,228,382,1285,238,1047,압구정 로데오거리_2
2015,4,D,발달상권,1001140,3590,1664,1926,733,424,553,671,463,746,365,197,242,311,219,330,368,227,311,360,244,416,1398,57,1341,서울 강남구 압구정역
2015,4,D,발달상권,1001139,1077,531,546,146,165,223,164,163,216,71,77,117,89,77,100,75,88,106,75,86,116,521,0,521,서울 영등포구 영등포구청역
2015,4,D,발달상권,1001138,759,360,399,141,106,134,138,112,128,75,52,59,65,53,56,66,54,75,73,59,72,325,62,263,압구정 로데오거리_1
2015,4,D,발달상권,1001137,877,437,440,145,130,159,144,146,153,80,68,80,72,68,69,65,62,79,72,78,84,370,10,360,서울 강동구 둔촌동역
2015,4,D,발달상권,1001136,1059,511,548,286,127,129,238,157,122,144,60,55,112,81,59,142,67,74,126,76,63,367,224,143,오목교역
2015,4,D,발달상권,1001135,5627,2630,2997,1013,810,970,1035,745,1054,522,368,426,478,355,481,491,442,544,557,390,573,2441,189,2252,신사동 가로수길
2015,4,D,발달상권,1001133,204,96,108,39,29,36,36,30,34,20,14,16,17,14,15,19,15,20,19,16,19,89,34,55,청담사거리_3
2015,4,D,발달상권,1001132,628,311,317,87,97,130,95,95,124,43,46,68,51,46,57,44,51,62,44,49,67,303,0,303,영등포유통상가
2015,4,D,발달상권,1001131,443,209,234,82,63,79,78,66,75,43,30,35,36,31,34,39,33,44,42,35,41,177,177,0,청담역_2
2015,4,D,발달상권,1001130,161,76,85,29,23,29,28,24,28,15,11,13,13,11,13,14,12,16,15,13,15,66,46,20,청담역_1
2015,4,D,발달상권,1001129,300,142,158,56,43,53,53,45,50,29,21,24,24,21,23,27,22,29,29,24,27,122,94,28,청담사거리_2
2015,4,D,발달상권,1001128,700,332,368,131,99,126,125,102,117,69,48,56,58,48,53,62,51,70,67,54,64,290,191,99,청담사거리_1
2015,4,D,발달상권,1001127,1243,591,652,236,152,199,202,189,265,120,72,90,98,90,121,116,80,109,104,99,144,445,445,0,서울 영등포구 여의도역_1
2015,4,D,발달상권,1001126,364,179,185,57,52,69,57,59,70,29,25,36,28,28,33,28,27,33,29,31,37,161,12,149,서울 양천구 신정네거리역_2
2015,4,D,발달상권,1001125,441,209,232,82,64,77,78,65,75,43,31,34,36,31,34,39,33,43,42,34,41,181,114,67,학동사거리_2
2015,4,D,발달상권,1001124,1112,633,479,107,206,221,163,187,228,59,98,129,104,119,124,48,108,92,59,68,104,714,0,714,서울 영등포구 영등포시장역
2015,4,D,발달상권,1001123,548,257,291,83,82,121,93,72,97,43,36,54,44,35,45,40,46,67,49,37,52,262,44,218,학동사거리_1
2015,4,D,발달상권,1001122,550,262,288,102,68,88,90,84,118,52,32,40,44,40,54,50,36,48,46,44,64,196,196,0,여의도 시범아파트앞
2015,4,D,발달상권,1001121,602,344,258,56,112,120,86,103,125,30,54,70,56,66,68,26,58,50,30,37,57,387,162,225,영등포역_3
2015,4,D,발달상권,1001120,509,235,274,99,63,85,95,66,101,50,28,37,44,31,45,49,35,48,51,35,56,205,20,185,도산공원사거리_1
2015,4,D,발달상권,1001119,889,507,382,84,165,176,130,152,182,47,79,102,83,97,99,37,86,74,47,55,83,562,170,392,영등포역_2
2015,4,D,발달상권,1001118,207,102,105,43,23,42,36,26,37,22,11,20,19,13,17,21,12,22,17,13,20,80,80,0,문래동 주민센터
2015,4,D,발달상권,1001117,1022,473,549,95,200,285,159,128,155,48,86,130,80,59,70,47,114,155,79,69,85,597,0,597,강남구 신사역_2
2015,4,D,발달상권,1001116,206,118,88,20,39,41,30,34,42,11,19,24,19,22,23,9,20,17,11,12,19,128,88,40,영등포역_1
2015,4,D,발달상권,1001115,185,88,97,26,29,44,31,24,31,14,13,19,15,12,15,12,16,25,16,12,16,93,0,93,서울 강남구 강남구청역_2
2015,4,D,발달상권,1001114,1500,713,787,324,186,261,319,203,207,166,87,117,153,99,91,158,99,144,166,104,116,679,19,660,강남구 신사역_1
2015,4,D,발달상권,1001113,25,12,13,4,4,4,4,4,5,2,2,2,2,2,2,2,2,2,2,2,3,11,0,11,서울 동작구 노량진1동_1
2015,4,D,발달상권,1001112,172,81,91,25,28,41,27,23,28,13,12,19,13,11,13,12,16,22,14,12,15,88,0,88,서울 강남구 학동역_3
2015,4,D,발달상권,1001111,509,241,268,72,83,120,84,65,85,39,34,55,41,32,40,33,49,65,43,33,45,257,71,186,서울 강남구 강남구청역_1
2015,4,D,발달상권,1001110,3845,1827,2018,753,544,584,619,644,701,375,272,265,276,302,337,378,272,319,343,342,364,1324,944,380,잠실역
2015,4,D,발달상권,1001109,3204,1521,1683,693,399,560,681,433,438,355,186,250,326,211,193,338,213,310,355,222,245,1429,0,1429,강남구 논현역_4
2015,4,D,발달상권,1001108,674,311,363,60,133,189,105,85,102,30,57,86,53,39,46,30,76,103,52,46,56,394,266,128,학동역
2015,4,D,발달상권,1001107,3101,1514,1587,436,502,687,473,499,504,233,240,349,233,226,233,203,262,338,240,273,271,1446,0,1446,방이동 먹자골목
2015,4,D,발달상권,1001106,137,66,71,19,22,32,23,18,23,10,10,15,11,9,11,9,12,17,12,9,12,69,0,69,서울 강남구 학동역_2
2015,4,D,발달상권,1001105,1555,780,775,237,263,264,232,242,317,124,141,141,120,113,141,113,122,123,112,129,176,659,67,592,서울 동작구 노량진역
2015,4,D,발달상권,1001104,2,1,1,1,0,0,1,0,0,1,0,0,0,0,0,0,0,0,1,0,0,2,0,2,삼성역_3
2015,4,D,발달상권,1001102,1004,463,541,92,197,281,156,125,153,46,85,128,79,57,68,46,112,153,77,68,85,588,10,578,서울 강남구 학동역_1
2015,4,D,발달상권,1001101,1960,937,1023,409,253,400,405,228,265,222,119,168,195,114,119,187,134,232,210,114,146,864,53,811,선정릉역_2
2015,4,D,발달상권,1001100,115,53,62,12,21,32,18,15,17,6,9,14,9,7,8,6,12,18,9,8,9,66,0,66,강남구 논현역_3
2015,4,D,발달상권,1001099,668,334,334,123,100,107,113,107,118,72,52,51,51,52,56,51,48,56,62,55,62,299,33,266,포스코사거리_2
2015,4,D,발달상권,1001098,3565,1702,1863,739,461,732,737,416,480,402,215,308,355,208,214,337,246,424,382,208,266,1569,341,1228,포스코사거리_1
2015,4,D,발달상권,1001097,4145,1992,2153,917,514,647,720,616,731,475,250,285,344,285,353,442,264,362,376,331,378,1418,0,1418,잠실역 롯데월드
2015,4,D,발달상권,1001096,1114,547,567,191,173,222,176,166,186,97,80,110,90,82,88,94,93,112,86,84,98,472,472,0,신도림역
2015,4,D,발달상권,1001095,4258,1966,2292,388,845,1187,666,525,647,195,363,539,339,240,290,193,482,648,327,285,357,2501,258,2243,강남구 논현역_2
2015,4,D,발달상권,1001094,728,348,380,151,95,150,151,84,97,82,45,63,73,42,43,69,50,87,78,42,54,320,36,284,선정릉역_1
2015,4,D,발달상권,1001093,2644,1260,1384,391,446,574,432,403,398,198,209,278,210,190,175,193,237,296,222,213,223,1290,9,1281,신천역
2015,4,D,발달상권,1001092,4731,2266,2465,960,681,948,916,588,638,491,302,425,473,290,285,469,379,523,443,298,353,1989,51,1938,강남구 논현역_1
2015,4,D,발달상권,1001091,487,244,243,115,71,46,99,87,69,66,38,20,43,44,33,49,33,26,56,43,36,165,0,165,삼성역_2
2015,4,D,발달상권,1001090,728,340,388,101,119,171,121,94,122,53,51,76,59,45,56,48,68,95,62,49,66,367,0,367,삼정역_2
2015,4,D,발달상권,1001089,61,28,33,6,13,18,10,6,8,3,5,9,5,3,3,3,8,9,5,3,5,42,0,42,삼정역_1
2015,4,D,발달상권,1001088,4310,2181,2129,1014,637,414,871,769,605,582,343,190,376,397,293,432,294,224,495,372,312,1454,37,1417,삼성역_1
2015,4,D,발달상권,1001087,2051,979,1072,182,428,602,319,245,275,91,180,290,168,120,130,91,248,312,151,125,145,1367,28,1339,서울 강남구 선릉역_2
2015,4,D,발달상권,1001085,2983,1424,1559,270,625,869,465,358,396,135,263,417,247,177,185,135,362,452,218,181,211,1958,312,1646,서울 서초구 강남역
2015,4,D,발달상권,1001084,1666,793,873,346,217,341,342,196,224,188,100,142,165,98,100,158,117,199,177,98,124,734,418,316,서울 강남구 선릉역_1
2015,4,D,발달상권,1001083,444,213,231,65,74,99,66,68,72,33,34,48,32,32,34,32,40,51,34,36,38,198,14,184,서울 송파구 석촌역_2
2015,4,D,발달상권,1001082,4902,2315,2587,898,812,903,1024,688,577,480,387,387,460,346,255,418,425,516,564,342,322,2421,1069,1352,선릉역_2
2015,4,D,발달상권,1001081,872,417,455,78,181,256,136,105,116,39,76,124,72,51,55,39,105,132,64,54,61,574,63,511,서울 강남구 역삼역_2
2015,4,D,발달상권,1001080,245,117,128,36,41,54,36,38,40,18,19,26,17,18,19,18,22,28,19,20,21,111,0,111,서울 송파구 석촌역_1
2015,4,D,발달상권,1001078,2679,1305,1374,657,307,380,552,363,420,342,150,167,262,182,202,315,157,213,290,181,218,847,263,584,서울 강남구 강남역_2
2015,4,D,발달상권,1001077,1430,674,756,344,173,252,318,164,179,175,77,108,150,85,79,169,96,144,168,79,100,586,149,437,선릉역_1
2015,4,D,발달상권,1001076,330,161,169,51,55,66,51,50,57,26,25,33,26,25,26,25,30,33,25,25,31,137,0,137,구로역
2015,4,D,발달상권,1001075,309,145,164,76,38,54,69,34,38,39,17,23,32,17,17,37,21,31,37,17,21,124,0,124,역삼역_2
2015,4,D,발달상권,1001074,505,248,257,78,84,102,78,76,87,40,38,51,40,38,41,38,46,51,38,38,46,230,225,5,대림역_2
2015,4,D,발달상권,1001073,3269,1561,1708,292,683,961,508,392,433,146,288,464,269,191,203,146,395,497,239,201,230,2152,235,1917,서울 강남구 역삼역_1
2015,4,D,발달상권,1001072,1416,690,726,267,208,239,249,200,253,137,101,119,123,97,113,130,107,120,126,103,140,578,121,457,신대방삼거리역
2015,4,D,발달상권,1001071,1676,791,885,308,278,308,351,234,197,163,132,132,159,118,87,145,146,176,192,116,110,868,11,857,서울 강남구 한티역
2015,4,D,발달상권,1001070,525,265,260,122,79,51,106,93,74,70,42,23,45,49,36,52,37,28,61,44,38,177,83,94,은마아파트입구사거리_4
2015,4,D,발달상권,1001069,258,123,135,48,43,48,53,36,30,26,21,21,24,18,13,22,22,27,29,18,17,135,14,121,은마아파트입구사거리_3
2015,4,D,발달상권,1001068,127,64,63,29,19,12,26,23,18,17,10,5,11,12,9,12,9,7,15,11,9,43,0,43,은마아파트입구사거리_2
2015,4,D,발달상권,1001067,1447,711,736,213,223,282,208,222,299,105,106,147,109,106,138,108,117,135,99,116,161,640,488,152,오류동역
2015,4,D,발달상권,1001066,779,371,408,70,163,228,120,94,104,35,68,110,63,46,49,35,95,118,57,48,55,501,245,256,서울 강남구 강남역
2015,4,D,발달상권,1001065,226,113,113,68,26,18,55,33,26,38,13,7,24,18,13,30,13,11,31,15,13,48,0,48,은마아파트입구사거리_1
2015,4,D,발달상권,1001064,465,232,233,65,62,87,74,75,102,34,30,46,39,37,46,31,32,41,35,38,56,227,180,47,대림역_1
2015,4,D,발달상권,1001063,1943,945,998,479,221,277,400,263,303,249,108,121,189,132,146,230,113,156,211,131,157,609,346,263,교대역_4
2015,4,D,발달상권,1001062,1889,920,969,368,259,363,329,264,306,192,126,167,163,126,146,176,133,196,166,138,160,839,427,412,서울 강남구 강남역_1
2015,4,D,발달상권,1001061,2758,1289,1469,612,357,375,549,410,455,297,163,168,249,204,208,315,194,207,300,206,247,1004,505,499,방배동카페골목
2015,4,D,발달상권,1001059,193,94,99,32,31,31,32,31,36,17,15,15,15,15,17,15,16,16,17,16,19,81,0,81,교대역_3
2015,4,D,발달상권,1001058,2425,1158,1267,216,507,711,380,291,320,108,213,343,202,142,150,108,294,368,178,149,170,1579,223,1356,역삼역_1
2015,4,D,발달상권,1001057,1796,860,936,320,265,337,309,257,308,166,128,154,147,120,145,154,137,183,162,137,163,763,343,420,교대역_2
2015,4,D,발달상권,1001056,416,209,207,71,66,71,70,74,64,37,33,37,34,37,31,34,33,34,36,37,33,167,157,10,서울 송파구 가락시장역
2015,4,D,발달상권,1001055,218,108,110,37,34,35,35,35,42,21,17,17,16,17,20,16,17,18,19,18,22,91,0,91,서울 서초구 서초역
2015,4,D,발달상권,1001054,254,127,127,77,29,20,61,38,29,43,14,8,27,21,14,34,15,12,34,17,15,54,54,0,서울 강남구 대치역_2
2015,4,D,발달상권,1001053,657,328,329,199,75,52,158,97,76,111,37,21,69,53,37,88,38,31,89,44,39,140,140,0,서울 강남구 대치역_1
2015,4,D,발달상권,1001052,1131,540,591,102,235,331,177,135,151,51,99,159,94,66,71,51,136,172,83,69,80,730,332,398,뱅뱅사거리_2
2015,4,D,발달상권,1001051,2506,1231,1275,473,360,446,430,346,451,247,170,227,213,167,207,226,190,219,217,179,244,1051,927,124,보라매공원
2015,4,D,발달상권,1001050,2571,1273,1298,434,409,412,425,414,477,241,201,202,199,204,226,193,208,210,226,210,251,1061,30,1031,교대역_1
2015,4,D,발달상권,1001049,2662,1314,1348,474,333,468,413,424,550,242,170,240,208,194,260,232,163,228,205,230,290,1005,22,983,개봉동 현대아파트 인근
2015,4,D,발달상권,1001048,2399,1168,1231,467,327,464,416,336,389,244,160,212,206,160,186,223,167,252,210,176,203,869,597,272,뱅뱅사거리
2015,4,D,발달상권,1001047,1703,807,896,341,260,273,291,270,268,163,122,125,138,132,127,178,138,148,153,138,141,827,55,772,뱅뱅사거리_1
2015,4,D,발달상권,1001046,2907,1470,1437,185,981,785,336,265,355,94,447,443,192,132,162,91,534,342,144,133,193,2094,300,1794,서울 관악구 신림역_4
2015,4,D,발달상권,1001045,1474,716,758,219,210,287,215,233,310,115,102,141,108,108,142,104,108,146,107,125,168,616,31,585,동작구 총신대입구역_1
2015,4,D,발달상권,1001044,2268,1107,1161,440,311,436,392,320,369,229,153,201,194,153,177,211,158,235,198,167,192,1010,335,675,양재역_3
2015,4,D,발달상권,1001043,1946,903,1043,399,266,323,364,277,317,190,120,144,169,136,144,209,146,179,195,141,173,765,689,76,동작구 총신대입구역_2
2015,4,D,발달상권,1001042,859,411,448,154,126,162,147,122,148,80,61,74,70,57,69,74,65,88,77,65,79,365,56,309,서울 서초구 남부터미널역_3
2015,4,D,발달상권,1001041,2184,999,1185,226,272,426,228,378,654,113,138,227,115,160,246,113,134,199,113,218,408,1031,520,511,서울 강남구 수서역
2015,4,D,발달상권,1001040,1043,528,515,68,351,282,120,96,126,34,161,159,68,48,58,34,190,123,52,48,68,732,166,566,서울 관악구 신림역_3
2015,4,D,발달상권,1001039,3484,1719,1765,582,557,558,573,563,651,322,272,272,269,276,308,260,285,286,304,287,343,1446,462,984,서울 서초구 남부터미널역_2
2015,4,D,발달상권,1001038,2269,1146,1123,328,421,563,353,262,342,167,194,306,197,126,156,161,227,257,156,136,186,1035,0,1035,구로디지탈1단지
2015,4,D,발달상권,1001037,2281,1082,1199,456,352,366,387,360,360,218,165,169,183,175,172,238,187,197,204,185,188,1007,317,690,양재역
2015,4,D,발달상권,1001036,450,221,229,78,72,76,69,81,74,40,36,38,33,38,36,38,36,38,36,43,38,175,0,175,문정역
2015,4,D,발달상권,1001035,1707,796,911,407,218,223,334,259,266,191,100,95,149,129,132,216,118,128,185,130,134,542,15,527,매봉역
2015,4,D,발달상권,1001034,1252,599,653,208,187,249,202,178,228,111,87,117,96,81,107,97,100,132,106,97,121,520,146,374,서울 서초구 방배역
2015,4,D,발달상권,1001033,1025,492,533,183,151,192,175,148,176,95,73,88,84,69,83,88,78,104,91,79,93,433,352,81,서울 서초구 남부터미널역_1
2015,4,D,발달상권,1001032,1899,973,926,190,435,424,260,258,332,98,227,239,137,118,154,92,208,185,123,140,178,1031,84,947,서울 관악구 신림역_2
2015,4,D,발달상권,1001031,217,113,104,22,49,48,30,30,38,12,26,27,16,14,18,10,23,21,14,16,20,117,86,31,서울 관악구 신림역_1
2015,4,D,발달상권,1001030,1194,578,616,264,148,229,194,159,200,135,74,107,100,74,88,129,74,122,94,85,112,437,46,391,양재역_2
2015,4,D,발달상권,1001029,18,9,9,4,2,4,3,2,3,2,1,2,2,1,1,2,1,2,1,1,2,7,0,7,양재역_1
2015,4,D,발달상권,1001028,966,474,492,111,218,204,130,128,175,56,102,108,69,60,79,55,116,96,61,68,96,526,0,526,서울 관악구 서울대입구역_2
2015,4,D,발달상권,1001027,2482,1381,1101,246,532,547,353,401,403,123,273,341,212,224,208,123,259,206,141,177,195,1488,398,1090,가산디지털단지역_3
2015,4,D,발달상권,1001026,193,105,88,18,21,25,35,44,50,9,12,14,20,26,24,9,9,11,15,18,26,116,0,116,구로디지털단지역
2015,4,D,발달상권,1001025,3515,1747,1768,417,880,735,474,422,587,209,421,393,254,204,266,208,459,342,220,218,321,2022,855,1167,서울 관악구 서울대입구역_1
2015,4,D,발달상권,1001024,656,313,343,105,102,110,102,108,129,53,50,53,48,50,59,52,52,57,54,58,70,268,49,219,관악구 사당역_1
2015,4,D,발달상권,1001023,868,484,384,86,187,191,124,139,141,43,96,119,75,78,73,43,91,72,49,61,68,521,0,521,가산디지털단지역_2
2015,4,D,발달상권,1001022,1013,487,526,109,203,224,133,152,192,58,92,114,67,67,89,51,111,110,66,85,103,499,60,439,관악구 사당역_2
2015,4,D,발달상권,1001021,520,290,230,52,111,114,74,84,85,26,57,71,45,47,44,26,54,43,29,37,41,310,0,310,가산디지털단지역_1
2015,4,D,발달상권,1001019,161,79,82,29,25,27,29,27,24,15,13,14,13,13,11,14,12,13,16,14,13,79,0,79,포이사거리_1
2015,4,D,발달상권,1001018,2935,1468,1467,473,453,632,521,418,438,243,218,333,272,205,197,230,235,299,249,213,241,1469,0,1469,포이사거리_2
2015,4,D,발달상권,1001017,770,371,399,104,156,166,99,109,136,52,71,85,50,50,63,52,85,81,49,59,73,358,8,350,관악구 사당역_3
2015,4,D,발달상권,1001016,2549,1485,1064,259,621,546,385,333,405,136,381,353,249,175,191,123,240,193,136,158,214,1505,0,1505,서울 관악구 대학동_1
2015,4,D,발달상권,1001015,949,499,450,134,164,182,146,147,176,70,87,104,80,76,82,64,77,78,66,71,94,440,0,440,서울 금천구 독산1동_1
2015,4,D,발달상권,1001014,137,68,69,22,21,29,25,20,20,11,10,15,13,10,9,11,11,14,12,10,11,68,0,68,양재동 꽃시장
2015,4,D,발달상권,1001013,954,477,477,154,147,206,168,137,142,79,71,108,88,67,64,75,76,98,80,70,78,478,390,88,양재 화물트럭터미널앞_2
2015,4,D,발달상권,1001012,27,14,13,4,4,6,5,4,4,2,2,3,3,2,2,2,2,3,2,2,2,14,0,14,양재 화물트럭터미널앞_1
2015,4,D,발달상권,1001011,973,489,484,163,130,161,160,168,191,85,69,83,81,83,88,78,61,78,79,85,103,411,61,350,서울 금천구 시흥1동_4
2015,4,A,골목상권,1001010,2833,1409,1424,375,421,541,432,497,567,190,208,288,223,240,260,185,213,253,209,257,307,1339,12,1327,풍성로37가길
2015,4,A,골목상권,1001009,4088,2031,2057,541,608,780,618,716,825,274,298,418,319,345,377,267,310,362,299,371,448,1940,25,1915,천호옛길
2015,4,A,골목상권,1001008,2447,1216,1231,323,363,468,369,431,493,163,178,252,190,208,225,160,185,216,179,223,268,1166,67,1099,천호옛14길
2015,4,A,골목상권,1001007,1853,927,926,335,293,217,300,384,324,172,163,114,135,188,155,163,130,103,165,196,169,1062,0,1062,천호대로219길
2015,4,A,골목상권,1001006,3979,1961,2018,635,604,729,620,678,713,334,296,371,310,315,335,301,308,358,310,363,378,1620,607,1013,천호대로197길
2015,4,A,골목상권,1001005,3133,1545,1588,498,476,571,488,538,562,263,233,290,244,251,264,235,243,281,244,287,298,1273,143,1130,천호대로187길
2015,4,A,골목상권,1001004,3566,1774,1792,471,529,681,542,625,718,240,261,365,280,299,329,231,268,316,262,326,389,1674,346,1328,천호대로170길
2015,4,A,골목상권,1001003,1996,990,1006,263,295,382,304,351,401,133,144,204,156,169,184,130,151,178,148,182,217,947,292,655,천호대로162길
2015,4,A,골목상권,1001002,3977,1958,2019,671,590,697,639,675,705,355,291,351,315,315,331,316,299,346,324,360,374,1602,364,1238,천중로51길
2015,4,A,골목상권,1001001,5452,2723,2729,808,763,898,862,990,1131,415,386,473,443,480,526,393,377,425,419,510,605,2431,700,1731,천중로39길
2015,4,A,골목상권,1001000,2003,988,1015,319,303,367,312,342,360,168,148,188,156,160,168,151,155,179,156,182,192,816,83,733,진황도로47길
2015,4,A,골목상권,1000999,7474,3790,3684,969,1049,1354,1128,1341,1633,505,514,728,609,662,772,464,535,626,519,679,861,3769,784,2985,진황도로27길
2015,4,A,골목상권,1000998,2676,1337,1339,462,358,461,446,451,498,239,185,240,226,224,223,223,173,221,220,227,275,1134,192,942,올림픽로98길
2015,4,A,골목상권,1000997,2817,1420,1397,396,380,506,458,506,571,206,190,264,243,253,264,190,190,242,215,253,307,1349,0,1349,올림픽로80길
2015,4,A,골목상권,1000996,1528,774,754,216,206,276,248,272,310,113,103,145,132,136,145,103,103,131,116,136,165,726,67,659,올림픽로78길
2015,4,A,골목상권,1000995,3041,1534,1507,426,411,546,494,547,617,222,205,285,264,273,285,204,206,261,230,274,332,1453,19,1434,올림픽로77길
2015,4,A,골목상권,1000994,3694,1864,1830,519,502,658,600,667,748,271,251,345,319,333,345,248,251,313,281,334,403,1770,0,1770,올림픽로71길
2015,4,A,골목상권,1000993,1813,885,928,351,242,332,304,274,310,179,121,160,152,130,143,172,121,172,152,144,167,679,96,583,올림픽로48길
2015,4,A,골목상권,1000992,3132,1552,1580,589,450,498,494,543,558,307,232,250,243,259,261,282,218,248,251,284,297,1178,684,494,양재대로96길
2015,4,A,골목상권,1000991,3842,1921,1921,634,564,703,632,638,671,353,298,353,317,297,303,281,266,350,315,341,368,1615,199,1416,양재대로95길
2015,4,A,골목상권,1000990,3712,1859,1853,612,548,684,606,614,648,341,288,344,305,287,294,271,260,340,301,327,354,1562,481,1081,양재대로91길
2015,4,A,골목상권,1000989,4816,2409,2407,741,676,763,769,880,987,384,346,402,395,426,456,357,330,361,374,454,531,2116,411,1705,양재대로133길
2015,4,A,골목상권,1000988,5357,2641,2716,855,810,981,838,913,960,452,396,498,419,424,452,403,414,483,419,489,508,2183,331,1852,양재대로124길
2015,4,A,골목상권,1000987,1721,850,871,275,260,316,266,295,309,145,128,161,133,138,145,130,132,155,133,157,164,702,212,490,양재대로116길
2015,4,A,골목상권,1000986,5111,2554,2557,843,756,938,835,844,895,468,398,470,420,393,405,375,358,468,415,451,490,2143,350,1793,양재대로101길
2015,4,A,골목상권,1000985,6838,3414,3424,1179,918,1177,1142,1153,1269,610,476,612,578,570,568,569,442,565,564,583,701,2904,147,2757,암사길
2015,4,A,골목상권,1000984,3677,1793,1884,712,490,671,622,554,628,364,246,322,311,260,290,348,244,349,311,294,338,1382,246,1136,성안로3길
2015,4,A,골목상권,1000983,3484,1697,1787,676,464,636,590,523,595,345,233,304,295,246,274,331,231,332,295,277,321,1313,757,556,성내로5길
2015,4,A,골목상권,1000982,1064,535,529,191,166,126,173,222,186,99,92,67,78,110,89,92,74,59,95,112,97,635,0,635,상일로5길
2015,4,A,골목상권,1000981,2370,1164,1206,472,291,461,413,351,382,241,145,220,212,166,180,231,146,241,201,185,202,915,324,591,상암로5길
2015,4,A,골목상권,1000980,2792,1367,1425,588,381,392,497,463,471,312,196,190,233,219,217,276,185,202,264,244,254,1082,439,643,상암로51길
2015,4,A,골목상권,1000979,4664,2322,2342,791,606,867,784,764,852,409,302,432,410,373,396,382,304,435,374,391,456,2004,136,1868,상암로4길
2015,4,A,골목상권,1000978,2794,1411,1383,393,378,502,451,504,566,205,189,262,241,252,262,188,189,240,210,252,304,1313,452,861,상암로14길
2015,4,A,골목상권,1000977,2236,1105,1131,420,319,357,356,386,398,218,164,180,175,183,185,202,155,177,181,203,213,850,143,707,명일로13길
2015,4,A,골목상권,1000976,3861,1958,1903,885,493,600,672,633,578,482,266,300,332,317,261,403,227,300,340,316,317,1317,0,1317,동남로85길
2015,4,A,골목상권,1000975,847,448,399,124,114,99,142,170,198,67,65,57,77,90,92,57,49,42,65,80,106,473,30,443,동남로82길
2015,4,A,골목상권,1000974,4243,2128,2115,928,639,448,751,792,685,509,355,208,340,382,334,419,284,240,411,410,351,1442,0,1442,동남로65길
2015,4,A,골목상권,1000973,4265,2128,2137,652,598,683,684,775,873,334,305,358,352,374,405,318,293,325,332,401,468,1914,101,1813,구천면로42길
2015,4,A,골목상권,1000972,4892,2467,2425,682,660,877,797,884,992,355,330,458,424,441,459,327,330,419,373,443,533,2306,298,2008,구천면로41길
2015,4,A,골목상권,1000971,3179,1601,1578,448,445,544,494,574,674,233,222,290,260,280,316,215,223,254,234,294,358,1510,0,1510,구천면로36길
2015,4,A,골목상권,1000970,1403,712,691,320,181,218,244,231,209,174,97,109,122,116,94,146,84,109,122,115,115,478,0,478,고덕로61길
2015,4,A,골목상권,1000969,1558,769,789,367,180,247,285,238,241,185,96,114,143,112,119,182,84,133,142,126,122,506,192,314,고덕로25길
2015,4,A,골목상권,1000968,2089,1043,1046,360,280,360,351,352,386,187,145,187,178,173,173,173,135,173,173,179,213,890,93,797,고덕로10길
2015,4,A,골목상권,1000967,3106,1553,1553,514,458,573,505,515,541,286,242,288,254,239,244,228,216,285,251,276,297,1302,304,998,강동대로53길
2015,4,A,골목상권,1000966,2518,1238,1280,381,340,411,401,449,536,191,175,213,204,214,241,190,165,198,197,235,295,1083,0,1083,풍성로25길
2015,4,A,골목상권,1000965,2704,1325,1379,594,394,403,498,440,375,306,197,193,238,213,178,288,197,210,260,227,197,975,117,858,오금로46길
2015,4,A,골목상권,1000964,3240,1616,1624,558,513,558,536,580,495,287,257,287,260,290,235,271,256,271,276,290,260,1295,67,1228,오금로36길
2015,4,A,골목상권,1000963,4696,2289,2407,662,757,1043,716,757,761,352,362,530,351,343,351,310,395,513,365,414,410,2178,55,2123,오금로11길
2015,4,A,골목상권,1000962,2111,1045,1066,372,331,304,345,384,375,192,173,152,163,185,180,180,158,152,182,199,195,802,355,447,양재대로72길
2015,4,A,골목상권,1000961,2051,1010,1041,428,299,285,378,340,321,221,156,138,173,166,156,207,143,147,205,174,165,783,71,712,양재대로71길
2015,4,A,골목상권,1000960,3154,1577,1577,539,498,541,523,567,486,278,251,278,256,283,231,261,247,263,267,284,255,1263,80,1183,양재대로64길
2015,4,A,골목상권,1000959,1754,871,883,302,277,304,289,316,266,154,139,155,140,157,126,148,138,149,149,159,140,704,291,413,양재대로62길
2015,4,A,골목상권,1000958,3108,1551,1557,531,491,536,513,563,474,274,246,276,248,281,226,257,245,260,265,282,248,1247,363,884,송파대로30길
2015,4,A,골목상권,1000957,3287,1619,1668,581,516,559,513,581,537,298,265,278,246,270,262,283,251,281,267,311,275,1263,363,900,송이로36길
2015,4,A,골목상권,1000956,5717,2822,2895,986,919,971,883,1014,944,506,469,485,423,473,466,480,450,486,460,541,478,2210,257,1953,송이로32길
2015,4,A,골목상권,1000955,5759,2827,2932,1260,840,863,1064,936,796,650,419,415,511,455,377,610,421,448,553,481,419,2060,184,1876,송이로23길
2015,4,A,골목상권,1000954,7169,3418,3751,1051,1207,1564,1162,1086,1099,535,558,760,561,512,492,516,649,804,601,574,607,3489,59,3430,삼전로13길
2015,4,A,골목상권,1000953,7125,3471,3654,1007,1153,1582,1086,1144,1153,535,552,802,533,520,529,472,601,780,553,624,624,3321,312,3009,백제고분로50길
2015,4,A,골목상권,1000952,3391,1623,1768,527,562,713,510,527,552,264,262,346,243,247,261,263,300,367,267,280,291,1474,17,1457,백제고분로46길
2015,4,A,골목상권,1000951,4910,2348,2562,723,827,1089,731,745,795,363,384,530,348,349,374,360,443,559,383,396,421,2205,326,1879,백제고분로45길
2015,4,A,골목상권,1000950,4619,2207,2412,683,777,1024,685,702,748,344,360,498,325,328,352,339,417,526,360,374,396,2069,8,2061,백제고분로42길
2015,4,A,골목상권,1000949,3863,1880,1983,579,609,846,627,587,615,296,294,419,315,278,278,283,315,427,312,309,337,1789,11,1778,백제고분로39길
2015,4,A,골목상권,1000948,8159,3970,4189,1225,1287,1784,1329,1236,1298,627,619,881,669,586,588,598,668,903,660,650,710,3776,96,3680,백제고분로34길
2015,4,A,골목상권,1000947,6648,3238,3410,998,1048,1451,1079,1012,1060,511,507,717,543,480,480,487,541,734,536,532,580,3084,65,3019,백제고분로33길
2015,4,A,골목상권,1000946,6175,2957,3218,963,976,1421,1039,879,897,501,460,690,502,405,399,462,516,731,537,474,498,2836,63,2773,백제고분로32길
2015,4,A,골목상권,1000945,6899,3303,3596,1079,1092,1585,1160,986,997,560,513,770,561,456,443,519,579,815,599,530,554,3164,15,3149,백제고분로31길
2015,4,A,골목상권,1000944,6847,3285,3562,1067,1081,1574,1148,981,996,556,510,766,557,453,443,511,571,808,591,528,553,3146,31,3115,백제고분로22길
2015,4,A,골목상권,1000943,2773,1330,1443,434,440,638,467,394,400,227,207,309,228,182,177,207,233,329,239,212,223,1273,90,1183,백제고분로21길
2015,4,A,골목상권,1000942,4304,2190,2114,737,551,608,727,759,922,375,296,323,381,387,428,362,255,285,346,372,494,1740,119,1621,마천로51길
2015,4,A,골목상권,1000941,3481,1709,1772,764,503,522,644,567,481,393,251,250,309,276,230,371,252,272,335,291,251,1236,391,845,동남로20길
2015,4,A,골목상권,1000940,2981,1515,1466,479,397,416,500,552,637,251,216,218,258,280,292,228,181,198,242,272,345,1212,0,1212,거마로20길
2015,4,A,골목상권,1000939,1904,900,1004,354,272,337,338,280,323,187,131,148,156,132,146,167,141,189,182,148,177,763,632,131,학동로77길
2015,4,A,골목상권,1000938,1661,769,892,149,329,465,260,206,252,76,141,212,132,95,113,73,188,253,128,111,139,973,15,958,학동로6길
2015,4,A,골목상권,1000937,403,193,210,84,52,83,84,46,54,46,24,35,41,23,24,38,28,48,43,23,30,179,123,56,학동로56길
2015,4,A,골목상권,1000936,1669,783,886,233,272,394,275,214,281,124,116,178,134,102,129,109,156,216,141,112,152,835,109,726,학동로38길
2015,4,A,골목상권,1000935,788,396,392,145,118,126,133,127,139,85,62,60,61,62,66,60,56,66,72,65,73,387,0,387,테헤란로81길
2015,4,A,골목상권,1000934,3989,1944,2045,611,626,653,562,684,853,329,317,337,278,315,368,282,309,316,284,369,485,2197,19,2178,일원로9길
2015,4,A,골목상권,1000933,2986,1453,1533,457,471,488,427,510,633,245,238,251,210,235,274,212,233,237,217,275,359,1644,80,1564,일원로3길
2015,4,A,골목상권,1000932,2319,1172,1147,545,344,218,471,416,325,313,185,99,204,215,156,232,159,119,267,201,169,789,0,789,영동대로65길
2015,4,A,골목상권,1000931,2632,1311,1321,483,393,421,444,422,469,282,203,200,202,203,221,201,190,221,242,219,248,1028,691,337,영동대로112길
2015,4,A,골목상권,1000930,5549,2623,2926,1331,672,984,1235,636,691,675,303,424,585,331,305,656,369,560,650,305,386,2453,487,1966,언주로81길
2015,4,A,골목상권,1000929,1126,525,601,201,165,193,205,148,214,104,75,85,94,70,97,97,90,108,111,78,117,489,99,390,압구정로2길
2015,4,A,골목상권,1000928,639,310,329,132,90,101,116,110,90,68,48,49,53,54,38,64,42,52,63,56,52,282,17,265,선릉로18길
2015,4,A,골목상권,1000927,2860,1352,1508,530,406,512,509,422,481,279,194,227,235,199,218,251,212,285,274,223,263,1271,0,1271,선릉로146길
2015,4,A,골목상권,1000926,1769,827,942,245,287,415,293,227,302,132,123,184,141,109,138,113,164,231,152,118,164,870,167,703,선릉로133길
2015,4,A,골목상권,1000925,2019,951,1068,377,287,359,357,300,339,198,137,159,164,141,152,179,150,200,193,159,187,844,315,529,선릉로132길
2015,4,A,골목상권,1000924,1348,630,718,189,219,316,223,173,228,101,94,141,107,82,105,88,125,175,116,91,123,676,28,648,선릉로121길
2015,4,A,골목상권,1000923,2549,1202,1347,469,423,468,529,361,299,251,201,201,236,181,132,218,222,267,293,180,167,1261,293,968,삼성로75길
2015,4,A,골목상권,1000922,3085,1457,1628,564,512,568,648,430,363,302,243,244,292,217,159,262,269,324,356,213,204,1565,31,1534,삼성로69길
2015,4,A,골목상권,1000921,2879,1458,1421,676,428,274,584,510,407,388,229,126,253,265,197,288,199,148,331,245,210,978,708,270,삼성로64길
2015,4,A,골목상권,1000920,4015,1897,2118,733,666,739,839,567,471,393,317,317,377,285,208,340,349,422,462,282,263,2063,66,1997,삼성로63길
2015,4,A,골목상권,1000919,2262,1132,1130,687,257,181,543,333,261,383,127,74,237,183,128,304,130,107,306,150,133,482,426,56,삼성로57길
2015,4,A,골목상권,1000918,1354,641,713,252,193,242,240,200,227,133,92,107,112,94,103,119,101,135,128,106,124,584,25,559,삼성로147길
2015,4,A,골목상권,1000917,2928,1397,1531,609,381,596,605,344,393,331,178,248,292,172,176,278,203,348,313,172,217,1293,172,1121,삼성로115길
2015,4,A,골목상권,1000916,2169,1036,1133,451,281,443,449,254,291,245,132,185,217,127,130,206,149,258,232,127,161,957,13,944,봉은사로68길
2015,4,A,골목상권,1000915,525,248,277,110,70,108,108,60,69,60,32,44,52,30,30,50,38,64,56,30,39,233,61,172,봉은사로57길
2015,4,A,골목상권,1000914,2895,1359,1536,405,472,681,481,372,484,217,203,306,233,177,223,188,269,375,248,195,261,1451,146,1305,봉은사로43길
2015,4,A,골목상권,1000913,1517,710,807,213,246,354,250,198,256,113,106,159,120,94,118,100,140,195,130,104,138,758,34,724,봉은사로29길
2015,4,A,골목상권,1000912,2062,1025,1037,378,309,330,348,330,367,221,159,157,157,158,173,157,150,173,191,172,194,860,235,625,봉은사로109길
2015,4,A,골목상권,1000911,799,378,421,149,114,142,141,118,135,78,55,64,65,55,61,71,59,78,76,63,74,338,36,302,도산대로89길
2015,4,A,골목상권,1000910,705,333,372,131,100,125,124,105,120,69,48,56,57,49,54,62,52,69,67,56,66,305,38,267,도산대로81길
2015,4,A,골목상권,1000909,1963,919,1044,276,318,461,327,251,330,146,136,207,157,121,152,130,182,254,170,130,178,972,457,515,도산대로50길
2015,4,A,골목상권,1000908,1417,662,755,198,229,333,234,181,242,104,98,149,114,85,112,94,131,184,120,96,130,711,0,711,도산대로38길
2015,4,A,골목상권,1000907,1254,587,667,175,205,297,206,160,211,92,87,134,100,77,97,83,118,163,106,83,114,637,13,624,도산대로30길
2015,4,A,골목상권,1000906,1967,917,1050,351,287,338,355,262,374,180,131,148,162,125,171,171,156,190,193,137,203,858,34,824,도산대로23길
2015,4,A,골목상권,1000905,1020,478,542,182,148,176,187,135,192,94,68,77,86,65,88,88,80,99,101,70,104,444,11,433,도산대로15길
2015,4,A,골목상권,1000904,6912,3265,3647,1661,841,1219,1536,795,860,842,377,524,727,414,381,819,464,695,809,381,479,3070,179,2891,도곡로37길
2015,4,A,골목상권,1000903,3495,1726,1769,627,528,590,636,587,527,326,268,304,297,288,243,301,260,286,339,299,284,1696,26,1670,논현로8길
2015,4,A,골목상권,1000902,1873,892,981,168,392,550,293,223,247,84,164,264,154,110,116,84,228,286,139,113,131,1214,185,1029,논현로63길
2015,4,A,골목상권,1000901,695,325,370,166,90,89,136,106,108,78,41,38,61,53,54,88,49,51,75,53,54,239,0,239,논현로28길
2015,4,A,골목상권,1000900,3162,1476,1686,755,404,412,619,477,495,353,188,175,276,238,246,402,216,237,343,239,249,912,0,912,논현로26길
2015,4,A,골목상권,1000899,784,367,417,141,113,134,141,105,150,72,52,59,64,51,69,69,61,75,77,54,81,342,15,327,논현로159길
2015,4,A,골목상권,1000898,1636,758,878,148,324,457,255,203,249,76,140,208,129,92,113,72,184,249,126,111,136,959,29,930,논현로139길
2015,4,A,골목상권,1000897,1710,791,919,155,336,477,268,213,261,78,144,217,136,99,117,77,192,260,132,114,144,1002,0,1002,논현로123길
2015,4,A,골목상권,1000896,3133,1446,1687,285,623,879,490,383,473,144,269,399,248,176,210,141,354,480,242,207,263,1841,86,1755,논현로115길
2015,4,A,골목상권,1000895,1493,736,757,266,227,252,272,250,226,138,115,130,127,122,104,128,112,122,145,128,122,717,0,717,논현로10길
2015,4,A,골목상권,1000894,2245,1072,1173,200,470,657,351,267,300,100,197,316,186,131,142,100,273,341,165,136,158,1469,75,1394,논현로106길
2015,4,A,골목상권,1000893,1890,896,994,378,289,303,322,297,301,180,136,139,151,146,144,198,153,164,171,151,157,806,479,327,남부순환로365길
2015,4,A,골목상권,1000891,1873,928,945,338,283,315,339,314,284,177,144,163,159,153,132,161,139,152,180,161,152,910,32,878,개포로28길
2015,4,A,골목상권,1000890,2570,1271,1299,460,388,435,467,432,388,240,196,225,219,212,179,220,192,210,248,220,209,1257,51,1206,개포로20길
2015,4,A,골목상권,1000889,3048,1505,1543,543,461,518,555,512,459,282,234,266,259,252,212,261,227,252,296,260,247,1486,64,1422,개포로17길
2015,4,A,골목상권,1000888,1761,819,942,157,348,494,277,217,268,79,151,225,142,101,121,78,197,269,135,116,147,1032,683,349,강남대로140길
2015,4,A,골목상권,1000887,1143,527,616,105,225,319,178,142,174,53,96,146,90,64,78,52,129,173,88,78,96,668,185,483,강남대로136길
2015,4,A,골목상권,1000886,1651,764,887,148,328,460,258,204,253,75,142,208,131,94,114,73,186,252,127,110,139,954,26,928,강남대로118길
2015,4,A,골목상권,1000885,2678,1279,1399,478,396,503,460,383,458,248,190,230,222,176,213,230,206,273,238,207,245,1148,167,981,서초중앙로8길
2015,4,A,골목상권,1000884,2331,1092,1239,518,301,318,467,347,380,250,138,144,213,173,174,268,163,174,254,174,206,876,157,719,방배중앙로21길
2015,4,A,골목상권,1000883,1668,813,855,327,225,321,292,233,270,171,110,147,145,110,130,156,115,174,147,123,140,744,456,288,효령로72길
2015,4,A,골목상권,1000882,1460,707,753,247,229,212,225,256,291,126,116,104,104,121,136,121,113,108,121,135,155,560,294,266,효령로34길
2015,4,A,골목상권,1000881,1762,842,920,290,263,352,283,251,323,156,121,165,134,116,150,134,142,187,149,135,173,724,24,700,효령로31길
2015,4,A,골목상권,1000880,4451,2128,2323,737,666,887,715,632,814,397,307,415,338,291,380,340,359,472,377,341,434,1847,309,1538,효령로23길
2015,4,A,골목상권,1000879,3021,1444,1577,491,465,508,472,495,590,250,227,249,218,227,273,241,238,259,254,268,317,1213,78,1135,청두곶길
2015,4,A,골목상권,1000878,4993,2395,2598,1015,718,998,966,622,674,518,319,448,500,309,301,497,399,550,466,313,373,2036,31,2005,주흥길
2015,4,A,골목상권,1000877,3714,1784,1930,752,535,742,720,463,502,384,238,332,374,231,225,368,297,410,346,232,277,1528,70,1458,주흥15길
2015,4,A,골목상권,1000876,1962,982,980,314,302,424,349,279,294,162,145,223,183,137,132,152,157,201,166,142,162,971,14,957,언남길
2015,4,A,골목상권,1000875,3817,1810,2007,828,473,666,812,515,523,423,221,298,388,251,229,405,252,368,424,264,294,1651,296,1355,신반포로45길
2015,4,A,골목상권,1000874,5161,2461,2700,831,798,866,806,851,1009,421,390,421,373,390,466,410,408,445,433,461,543,2088,27,2061,서초대로8길
2015,4,A,골목상권,1000873,1072,514,558,192,158,203,181,155,183,99,76,93,88,72,86,93,82,110,93,83,97,451,354,97,서초대로64길
2015,4,A,골목상권,1000872,3296,1571,1725,533,510,554,514,543,642,269,248,269,239,248,298,264,262,285,275,295,344,1323,125,1198,서초대로4길
2015,4,A,골목상권,1000871,1326,613,713,271,181,220,248,189,217,129,81,98,114,93,98,142,100,122,134,96,119,528,12,516,서초대로25길
2015,4,A,골목상권,1000870,2762,1279,1483,565,378,458,514,394,453,268,169,206,238,192,206,297,209,252,276,202,247,1090,327,763,서초대로23길
2015,4,A,골목상권,1000869,4375,2026,2349,895,599,728,816,622,715,427,270,325,377,302,325,468,329,403,439,320,390,1733,64,1669,서초대로15길
2015,4,A,골목상권,1000868,2134,1025,1109,432,307,428,413,267,287,221,136,193,214,133,128,211,171,235,199,134,159,872,16,856,사평대로57길
2015,4,A,골목상권,1000867,297,141,156,64,38,49,53,43,50,33,18,22,24,20,24,31,20,27,29,23,26,110,0,110,사평대로26길
2015,4,A,골목상권,1000866,1831,871,960,395,236,304,333,261,302,204,113,134,155,121,144,191,123,170,178,140,158,674,69,605,사평대로22길
2015,4,A,골목상권,1000865,1103,528,575,197,161,206,192,156,191,104,78,93,92,73,88,93,83,113,100,83,103,470,113,357,사임당로17길
2015,4,A,골목상권,1000864,1225,573,652,274,157,166,245,183,200,133,72,74,111,91,92,141,85,92,134,92,108,469,26,443,방배로42길
2015,4,A,골목상권,1000863,2160,1004,1156,467,283,316,422,316,356,224,127,141,193,155,164,243,156,175,229,161,192,824,65,759,방배로35길
2015,4,A,골목상권,1000862,1869,892,977,310,280,373,299,265,342,167,129,174,140,122,160,143,151,199,159,143,182,772,26,746,방배로18길
2015,4,A,골목상권,1000861,1428,706,722,240,229,229,236,229,265,134,112,112,111,112,125,106,117,117,125,117,140,589,15,574,반포대로9길
2015,4,A,골목상권,1000860,1760,850,910,388,219,338,287,236,292,198,110,158,147,109,128,190,109,180,140,127,164,650,68,582,바우뫼로39길
2015,4,A,골목상권,1000859,1481,740,741,238,227,319,263,213,221,124,109,168,137,104,98,114,118,151,126,109,123,739,55,684,마방로2길
2015,4,A,골목상권,1000858,1057,504,553,170,164,178,164,174,207,86,80,86,77,80,95,84,84,92,87,94,112,422,0,422,방배천로4안길
2015,4,A,골목상권,1000857,1814,910,904,291,280,390,322,260,271,149,135,207,168,128,123,142,145,183,154,132,148,915,62,853,동산로19길
2015,4,A,골목상권,1000856,2678,1337,1341,433,411,578,475,381,400,223,197,304,248,186,179,210,214,274,227,195,221,1340,85,1255,동산로10길
2015,4,A,골목상권,1000855,1243,590,653,266,161,206,226,178,206,137,76,91,105,83,98,129,85,115,121,95,108,456,73,383,동광로39길
2015,4,A,골목상권,1000854,4131,1929,2202,915,532,564,822,617,681,442,244,252,373,306,312,473,288,312,449,311,369,1546,34,1512,동광로1길
2015,4,A,골목상권,1000853,1272,588,684,263,176,210,237,180,206,124,80,93,109,89,93,139,96,117,128,91,113,508,11,497,동광로12길
2015,4,A,골목상권,1000852,3054,1472,1582,676,373,588,498,408,511,347,187,273,255,187,223,329,186,315,243,221,288,1125,201,924,논현로27길
2015,4,A,골목상권,1000851,2723,1360,1363,440,417,586,483,390,407,226,201,309,252,190,182,214,216,277,231,200,225,1350,121,1229,논현로1길
2015,4,A,골목상권,1000850,1156,553,603,204,174,215,198,166,199,106,84,98,95,76,94,98,90,117,103,90,105,489,59,430,남부순환로339길
2015,4,A,골목상권,1000849,2186,1081,1105,364,352,353,358,355,404,204,172,172,169,174,190,160,180,181,189,181,214,909,561,348,남부순환로325길
2015,4,A,골목상권,1000848,1529,755,774,256,245,245,253,246,284,142,120,120,118,120,135,114,125,125,135,126,149,633,162,471,남부순환로317길
2015,4,A,골목상권,1000847,1372,651,721,296,178,226,247,198,227,152,84,100,115,93,107,144,94,126,132,105,120,504,310,194,고무래로8길
2015,4,A,골목상권,1000846,3153,1578,1575,507,486,680,558,453,469,261,234,360,290,224,209,246,252,320,268,229,260,1575,79,1496,강남대로8길
2015,4,A,골목상권,1000845,3247,1564,1683,718,398,623,532,434,542,367,199,291,272,199,236,351,199,332,260,235,306,1192,110,1082,강남대로34길
2015,4,A,골목상권,1000844,1455,701,754,321,180,282,237,195,240,164,90,132,120,90,105,157,90,150,117,105,135,542,35,507,강남대로23길
2015,4,A,골목상권,1000843,3882,1916,1966,444,973,782,528,474,681,224,450,416,285,227,314,220,523,366,243,247,367,2342,0,2342,소담길
2015,4,A,골목상권,1000842,1621,815,806,233,209,215,265,294,405,121,112,118,141,141,182,112,97,97,124,153,223,690,127,563,원신길
2015,4,A,골목상권,1000841,1921,968,953,274,248,256,317,346,480,143,132,141,168,169,215,131,116,115,149,177,265,817,0,817,양지길
2015,4,A,골목상권,1000840,1217,636,581,157,209,202,186,197,266,83,117,118,102,94,122,74,92,84,84,103,144,586,279,307,양산길
2015,4,A,골목상권,1000839,2792,1687,1105,267,699,600,450,359,417,138,441,402,310,199,197,129,258,198,140,160,220,1744,0,1744,호암로24길
2015,4,A,골목상권,1000838,3136,1896,1240,303,784,674,505,402,468,158,494,453,346,224,221,145,290,221,159,178,247,1938,29,1909,호암로20길
2015,4,A,골목상권,1000837,6640,3260,3380,785,1499,1419,895,863,1179,398,702,748,469,407,536,387,797,671,426,456,643,3577,0,3577,행운길
2015,4,A,골목상권,1000836,2987,1470,1517,355,673,641,404,386,528,180,317,339,212,182,240,175,356,302,192,204,288,1639,19,1620,행운1길
2015,4,A,골목상권,1000835,3855,1890,1965,741,452,742,640,532,748,377,225,373,338,249,328,364,227,369,302,283,420,1602,20,1582,청림3길
2015,4,A,골목상권,1000834,1716,848,868,196,430,345,233,210,302,100,198,183,126,101,140,96,232,162,107,109,162,1025,83,942,청룡길
2015,4,A,골목상권,1000833,1762,869,893,200,444,356,239,214,309,100,205,191,128,101,144,100,239,165,111,113,165,1060,0,1060,청룡8길
2015,4,A,골목상권,1000832,3354,1636,1718,362,756,656,449,464,667,182,346,350,241,222,295,180,410,306,208,242,372,1924,64,1860,중앙길
2015,4,A,골목상권,1000831,4181,2129,2052,486,782,833,621,656,803,243,380,459,336,330,381,243,402,374,285,326,422,2205,99,2106,조원중앙로2길
2015,4,A,골목상권,1000830,1514,773,741,176,284,299,226,240,289,88,138,167,122,120,138,88,146,132,104,120,151,795,27,768,조원로18길
2015,4,A,골목상권,1000829,1871,956,915,220,349,371,279,295,357,110,170,206,151,149,170,110,179,165,128,146,187,985,158,827,조원로10길
2015,4,A,골목상권,1000828,1808,886,922,206,455,364,246,220,317,103,210,192,132,104,145,103,245,172,114,116,172,1084,0,1084,장군봉2길
2015,4,A,골목상권,1000827,815,403,412,93,204,162,111,101,144,47,94,87,60,48,67,46,110,75,51,53,77,492,0,492,장군봉1길
2015,4,A,골목상권,1000826,3562,1766,1796,532,666,749,544,448,623,271,325,399,277,216,278,261,341,350,267,232,345,1707,28,1679,인헌길
2015,4,A,골목상권,1000825,1457,714,743,292,170,224,268,215,288,153,85,110,137,103,126,139,85,114,131,112,162,549,171,378,은천로25길
2015,4,A,골목상권,1000824,4202,2049,2153,455,954,823,562,577,831,229,436,438,302,275,369,226,518,385,260,302,462,2399,108,2291,양녕로6길
2015,4,A,골목상권,1000823,2743,1362,1381,340,511,518,412,398,564,174,263,278,216,187,244,166,248,240,196,211,320,1374,0,1374,신원로3길
2015,4,A,골목상권,1000822,2223,1118,1105,300,416,409,372,338,388,158,208,221,187,166,178,142,208,188,185,172,210,1136,95,1041,신사로20길
2015,4,A,골목상권,1000821,2264,1146,1118,143,763,613,260,207,278,73,348,345,151,103,126,70,415,268,109,104,152,1571,136,1435,신림로65길
2015,4,A,골목상권,1000820,2262,1143,1119,143,763,610,263,206,277,72,347,345,151,102,126,71,416,265,112,104,151,1604,0,1604,신림로64길
2015,4,A,골목상권,1000819,2732,1402,1330,272,625,611,376,372,476,140,326,345,198,171,222,132,299,266,178,201,254,1485,0,1485,신림로48길
2015,4,A,골목상권,1000818,1978,1089,889,216,463,426,272,263,338,114,271,262,159,126,157,102,192,164,113,137,181,1083,10,1073,신림로38길
2015,4,A,골목상권,1000817,3712,2048,1664,411,865,793,515,493,635,216,510,487,301,238,296,195,355,306,214,255,339,2050,0,2050,신림로28길
2015,4,A,골목상권,1000816,4418,2670,1748,428,1103,947,716,568,656,223,694,638,493,314,308,205,409,309,223,254,348,2681,107,2574,신림로11길
2015,4,A,골목상권,1000815,3568,1805,1763,223,1205,963,411,325,441,113,549,544,235,162,202,110,656,419,176,163,239,2500,150,2350,신림동길
2015,4,A,골목상권,1000814,3665,1771,1894,498,744,787,476,516,644,250,340,402,242,238,299,248,404,385,234,278,345,1690,144,1546,승방길
2015,4,A,골목상권,1000813,6081,3358,2723,671,1419,1301,842,809,1039,354,836,800,492,391,485,317,583,501,350,418,554,3383,38,3345,서림7길
2015,4,A,골목상권,1000812,4623,2278,2345,799,664,861,759,658,882,408,327,441,394,309,399,391,337,420,365,349,483,1973,510,1463,봉천로33길
2015,4,A,골목상권,1000811,4715,2340,2375,691,732,874,719,728,971,358,371,459,368,345,439,333,361,415,351,383,532,2122,9,2113,봉천로13길
2015,4,A,골목상권,1000810,4214,2329,1885,463,986,903,583,559,720,244,579,555,342,272,337,219,407,348,241,287,383,2312,19,2293,복은길
2015,4,A,골목상권,1000809,1672,843,829,266,245,257,275,285,344,137,128,139,140,140,159,129,117,118,135,145,185,706,83,623,법원단지길
2015,4,A,골목상권,1000808,4956,2514,2442,771,708,740,834,863,1040,403,375,405,431,424,476,368,333,335,403,439,564,2108,57,2051,법원단지9길
2015,4,A,골목상권,1000807,4072,2034,2038,664,604,644,657,679,824,336,307,346,329,328,388,328,297,298,328,351,436,1692,291,1401,미성5길
2015,4,A,골목상권,1000806,2063,1250,813,195,518,444,334,266,306,103,327,298,229,147,146,92,191,146,105,119,160,1262,8,1254,대학길
2015,4,A,골목상권,1000805,2630,1589,1041,254,657,563,428,337,391,133,414,376,293,187,186,121,243,187,135,150,205,1602,0,1602,대학14길
2015,4,A,골목상권,1000804,2053,1018,1035,303,318,382,310,319,421,156,162,200,159,151,190,147,156,182,151,168,231,927,0,927,당곡길
2015,4,A,골목상권,1000803,1857,893,964,254,376,397,240,264,326,128,171,202,122,120,150,126,205,195,118,144,176,859,139,720,남현길
2015,4,A,골목상권,1000802,1511,727,784,204,307,324,196,213,267,102,139,166,98,98,124,102,168,158,98,115,143,690,35,655,남현3길
2015,4,A,골목상권,1000801,2827,1365,1462,384,576,606,366,397,498,193,263,310,185,182,232,191,313,296,181,215,266,1297,31,1266,남현2길
2015,4,A,골목상권,1000800,1924,952,972,288,360,405,295,238,338,147,176,216,149,113,151,141,184,189,146,125,187,922,51,871,남부순환로248길
2015,4,A,골목상권,1000799,2127,1084,1043,261,571,468,278,236,313,130,290,256,148,118,142,131,281,212,130,118,171,1232,33,1199,남부순환로234길
2015,4,A,골목상권,1000798,2612,1305,1307,397,414,440,413,417,531,201,212,236,210,201,245,196,202,204,203,216,286,1134,81,1053,남부순환로172길
2015,4,A,골목상권,1000797,3666,1848,1818,495,680,678,609,558,646,263,340,370,305,273,297,232,340,308,304,285,349,1870,34,1836,남부순환로161길
2015,4,A,골목상권,1000796,2989,1506,1483,404,556,555,496,456,522,214,278,303,249,224,238,190,278,252,247,232,284,1528,35,1493,남부순환로151길
2015,4,A,골목상권,1000795,3778,1884,1894,617,562,600,608,629,762,312,285,321,304,304,358,305,277,279,304,325,404,1572,212,1360,남부순환로142길
2015,4,A,골목상권,1000794,2542,1263,1279,513,273,416,480,366,494,267,143,203,252,177,221,246,130,213,228,189,273,973,8,965,난향길
2015,4,A,골목상권,1000793,2882,1438,1444,470,429,456,464,482,581,236,219,245,232,234,272,234,210,211,232,248,309,1196,38,1158,난우길
2015,4,A,골목상권,1000792,1950,984,966,265,362,361,322,299,341,141,181,196,162,146,158,124,181,165,160,153,183,995,11,984,난곡로74길
2015,4,A,골목상권,1000791,2728,1383,1345,425,390,410,457,475,571,222,207,224,236,233,261,203,183,186,221,242,310,1162,218,944,난곡로34길
2015,4,A,골목상권,1000790,3685,1867,1818,576,528,549,619,640,773,300,280,300,319,313,355,276,248,249,300,327,418,1566,44,1522,난곡로26길
2015,4,A,골목상권,1000789,3004,1525,1479,466,431,451,504,522,630,243,229,247,261,256,289,223,202,204,243,266,341,1283,0,1283,난곡로24길
2015,4,A,골목상권,1000788,4259,2125,2134,613,863,902,636,519,726,315,426,482,325,253,324,298,437,420,311,266,402,2126,48,2078,낙성대역길
2015,4,A,골목상권,1000787,4942,2439,2503,853,711,923,806,704,945,437,352,474,417,331,428,416,359,449,389,373,517,2089,51,2038,국회단지길
2015,4,A,골목상권,1000786,2575,1257,1318,513,302,401,466,382,511,266,151,198,236,183,223,247,151,203,230,199,288,976,357,619,구암길
2015,4,A,골목상권,1000785,3311,1672,1639,207,1116,894,386,303,405,105,509,505,220,149,184,102,607,389,166,154,221,2193,61,2132,관천로22길
2015,4,A,골목상권,1000784,4790,2415,2375,649,894,886,798,725,838,343,447,484,399,358,384,306,447,402,399,367,454,2452,18,2434,관천로15길
2015,4,A,골목상권,1000783,2392,1173,1219,397,374,479,368,323,451,202,180,245,194,151,201,195,194,234,174,172,250,1078,704,374,관악로30길
2015,4,A,골목상권,1000782,1700,835,865,201,384,364,227,221,303,102,179,192,119,105,138,99,205,172,108,116,165,912,695,217,관악로28길
2015,4,A,골목상권,1000781,1580,801,779,195,423,349,207,174,232,97,214,189,110,87,104,98,209,160,97,87,128,916,44,872,관악로14길
2015,4,A,골목상권,1000780,4089,2082,2007,503,1095,904,535,450,602,250,556,495,285,225,271,253,539,409,250,225,331,2366,293,2073,관악로10길
2015,4,A,골목상권,1000779,2052,1009,1043,316,325,324,331,321,435,165,174,163,168,152,187,151,151,161,163,169,248,981,16,965,흑석로9길
2015,4,A,골목상권,1000778,2180,1071,1109,336,343,340,351,343,467,175,182,171,180,163,200,161,161,169,171,180,267,1040,27,1013,흑석로13길
2015,4,A,골목상권,1000777,2628,1338,1290,289,461,391,398,472,617,151,244,221,208,233,281,138,217,170,190,239,336,1323,0,1323,장승배기로27길
2015,4,A,골목상권,1000776,2174,1110,1064,241,382,322,329,392,508,126,204,181,173,193,233,115,178,141,156,199,275,1095,0,1095,장승배기로19길
2015,4,A,골목상권,1000775,279,137,142,45,43,52,44,41,54,23,21,26,22,20,25,22,22,26,22,21,29,126,18,108,장승배기로10길
2015,4,A,골목상권,1000774,2234,1074,1160,454,345,330,418,315,372,230,166,160,203,155,160,224,179,170,215,160,212,883,736,147,여의대방로46길
2015,4,A,골목상권,1000773,2728,1315,1413,551,412,419,505,386,455,282,196,206,246,188,197,269,216,213,259,198,258,1085,232,853,여의대방로24길
2015,4,A,골목상권,1000772,4008,1965,2043,794,563,706,714,536,695,415,261,353,353,262,321,379,302,353,361,274,374,1662,127,1535,여의대방로22카길
2015,4,A,골목상권,1000771,3209,1577,1632,638,451,566,570,427,557,336,208,283,283,209,258,302,243,283,287,218,299,1321,192,1129,여의대방로22나길
2015,4,A,골목상권,1000770,2337,1148,1189,467,328,409,413,312,408,245,152,205,204,154,188,222,176,204,209,158,220,973,186,787,여의대방로22길
2015,4,A,골목상권,1000769,1550,770,780,256,221,283,247,242,301,135,113,148,124,116,134,121,108,135,123,126,167,645,186,459,양녕로26길
2015,4,A,골목상권,1000768,6501,3178,3323,1318,869,978,1180,1008,1148,660,427,481,583,492,535,658,442,497,597,516,613,2534,0,2534,신대방길
2015,4,A,골목상권,1000767,2276,1126,1150,377,321,416,364,357,441,197,164,218,183,171,193,180,157,198,181,186,248,940,0,940,성대로29길
2015,4,A,골목상권,1000766,1063,523,540,175,149,195,171,168,205,91,76,101,86,80,89,84,73,94,85,88,116,439,0,439,성대로1길
2015,4,A,골목상권,1000765,512,252,260,79,82,81,82,79,109,41,44,41,41,38,47,38,38,40,41,41,62,249,0,249,서달로8가길
2015,4,A,골목상권,1000764,418,206,212,64,67,64,66,66,91,33,36,32,34,31,40,31,31,32,32,35,51,201,0,201,서달로15길
2015,4,A,골목상권,1000763,323,159,164,50,52,50,51,51,69,26,28,25,26,24,30,24,24,25,25,27,39,160,0,160,서달로14길
2015,4,A,골목상권,1000762,3266,1608,1658,505,518,512,525,511,695,263,276,259,266,245,299,242,242,253,259,266,396,1589,0,1589,서달로10길
2015,4,A,골목상권,1000761,2418,1193,1225,407,471,426,362,330,422,210,246,210,186,152,189,197,225,216,176,178,233,1052,11,1041,상도로62길
2015,4,A,골목상권,1000760,4342,2143,2199,727,844,763,652,596,760,375,441,377,337,273,340,352,403,386,315,323,420,1791,347,1444,상도로61길
2015,4,A,골목상권,1000759,4150,2046,2104,692,810,730,621,570,727,357,422,361,319,262,325,335,388,369,302,308,402,1836,155,1681,상도로47길
2015,4,A,골목상권,1000758,1610,794,816,269,314,284,239,222,282,139,163,140,123,103,126,130,151,144,116,119,156,708,27,681,상도로37길
2015,4,A,골목상권,1000757,3856,1878,1978,618,594,724,610,555,755,318,292,361,309,259,339,300,302,363,301,296,416,1705,147,1558,상도로15길
2015,4,A,골목상권,1000756,2322,1140,1182,388,333,452,375,342,432,206,164,227,191,159,193,182,169,225,184,183,239,1108,17,1091,사당로8길
2015,4,A,골목상권,1000755,1326,634,692,141,267,293,173,200,252,75,120,148,88,87,116,66,147,145,85,113,136,654,0,654,사당로30길
2015,4,A,골목상권,1000754,2036,1002,1034,339,291,397,330,299,380,180,144,200,168,140,170,159,147,197,162,159,210,972,166,806,사당로2차길
2015,4,A,골목상권,1000753,3742,1831,1911,597,531,676,562,584,792,308,261,331,286,278,367,289,270,345,276,306,425,1496,8,1488,사당로29길
2015,4,A,골목상권,1000752,3229,1549,1680,346,651,711,418,487,616,184,294,361,215,212,283,162,357,350,203,275,333,1589,24,1565,사당로26길
2015,4,A,골목상권,1000751,1777,871,906,283,252,319,266,279,378,147,124,157,134,133,176,136,128,162,132,146,202,710,0,710,사당로23나길
2015,4,A,골목상권,1000750,1512,738,774,243,213,273,227,237,319,126,104,133,115,112,148,117,109,140,112,125,171,605,214,391,사당로23길
2015,4,A,골목상권,1000749,3023,1458,1565,341,581,652,404,459,586,179,267,332,208,203,269,162,314,320,196,256,317,1456,0,1456,사당로20길
2015,4,A,골목상권,1000748,3490,1697,1793,487,543,682,527,535,716,252,267,346,272,246,314,235,276,336,255,289,402,1501,12,1489,사당로16길
2015,4,A,골목상권,1000747,2268,1105,1163,328,344,445,348,346,457,171,169,226,177,160,202,157,175,219,171,186,255,1012,19,993,사당로16가길
2015,4,A,골목상권,1000746,4330,2162,2168,659,731,733,643,678,886,346,389,389,331,315,392,313,342,344,312,363,494,1843,575,1268,만양로8길
2015,4,A,골목상권,1000745,1769,883,886,270,297,299,264,279,360,141,158,158,136,130,160,129,139,141,128,149,200,745,0,745,만양로14길
2015,4,A,골목상권,1000744,2852,1381,1471,549,446,423,522,416,496,280,218,209,255,204,215,269,228,214,267,212,281,1155,153,1002,등용로14길
2015,4,A,골목상권,1000743,3711,1782,1929,397,744,820,482,560,708,211,336,417,248,245,325,186,408,403,234,315,383,1833,113,1720,동작대로7길
2015,4,A,골목상권,1000742,3326,1618,1708,496,474,643,481,528,704,262,232,319,242,242,321,234,242,324,239,286,383,1392,18,1374,동작대로35길
2015,4,A,골목상권,1000741,3571,1738,1833,533,510,691,516,563,758,281,249,340,261,260,347,252,261,351,255,303,411,1497,38,1459,동작대로33길
2015,4,A,골목상권,1000740,822,397,425,123,116,158,120,131,174,64,56,78,60,60,79,59,60,80,60,71,95,340,228,112,동작대로29길
2015,4,A,골목상권,1000739,2162,1030,1132,232,434,478,280,327,411,122,197,242,141,141,187,110,237,236,139,186,224,1064,5,1059,동작대로17길
2015,4,A,골목상권,1000738,4010,1929,2081,815,618,596,747,569,665,414,298,290,362,279,286,401,320,306,385,290,379,1577,138,1439,대방동2길
2015,4,A,골목상권,1000737,4800,2307,2493,975,738,712,896,680,799,495,356,346,436,332,342,480,382,366,460,348,457,1876,104,1772,대방동27길
2015,4,A,골목상권,1000736,3469,1752,1717,439,596,516,548,595,775,226,313,283,285,294,351,213,283,233,263,301,424,1676,0,1676,노량진로6길
2015,4,A,골목상권,1000735,4141,2019,2122,656,610,759,668,619,829,334,306,385,334,288,372,322,304,374,334,331,457,1738,52,1686,국사봉길
2015,4,A,골목상권,1000734,1741,852,889,336,245,310,309,234,307,175,114,155,153,113,142,161,131,155,156,121,165,726,16,710,국사봉2길
2015,4,A,골목상권,1000733,3224,1574,1650,510,475,592,522,479,646,260,239,301,261,222,291,250,236,291,261,257,355,1345,12,1333,국사봉1길
2015,4,A,골목상권,1000732,3518,1774,1744,540,491,631,572,578,706,277,249,323,300,296,329,263,242,308,272,282,377,1642,90,1552,영신로9길
2015,4,A,골목상권,1000731,1950,992,958,270,312,323,324,309,412,143,161,180,171,154,183,127,151,143,153,155,229,1028,117,911,영등포로84길
2015,4,A,골목상권,1000730,2250,1143,1107,279,366,373,369,366,497,145,188,213,196,181,220,134,178,160,173,185,277,1231,0,1231,영등포로80길
2015,4,A,골목상권,1000729,1870,947,923,294,254,324,302,314,382,152,131,164,160,162,178,142,123,160,142,152,204,829,28,801,영등포로62길
2015,4,A,골목상권,1000728,1506,858,648,142,282,298,218,252,314,77,136,173,141,161,170,65,146,125,77,91,144,973,0,973,영등포로35길
2015,4,A,골목상권,1000727,2770,1374,1396,382,425,572,423,418,550,189,201,301,228,201,254,193,224,271,195,217,296,1329,99,1230,영등포로27길
2015,4,A,골목상권,1000726,2637,1305,1332,361,405,543,401,399,528,177,192,285,215,192,244,184,213,258,186,207,284,1266,0,1266,영등포로25길
2015,4,A,골목상권,1000725,2599,1320,1279,367,413,430,436,412,541,193,212,240,227,207,241,174,201,190,209,205,300,1335,341,994,여의대방로61길
2015,4,A,골목상권,1000724,2717,1370,1347,534,394,453,487,404,445,282,205,234,241,209,199,252,189,219,246,195,246,1257,500,757,여의대방로43나길
2015,4,A,골목상권,1000723,777,392,385,166,109,130,144,111,117,88,57,65,72,58,52,78,52,65,72,53,65,396,0,396,여의대방로39길
2015,4,A,골목상권,1000722,2446,1223,1223,446,351,403,411,386,449,236,180,206,204,194,203,210,171,197,207,192,246,1110,18,1092,여의대방로35길
2015,4,A,골목상권,1000721,2894,1454,1440,540,454,596,489,412,403,280,215,306,256,214,183,260,239,290,233,198,220,1214,722,492,양평로28길
2015,4,A,골목상권,1000720,1147,576,571,215,180,237,193,162,160,111,85,121,102,84,73,104,95,116,91,78,87,483,190,293,양평로22라길
2015,4,A,골목상권,1000719,3293,1656,1637,614,516,681,557,465,460,318,245,351,292,242,208,296,271,330,265,223,252,1386,786,600,양평로19길
2015,4,A,골목상권,1000718,4231,2140,2091,666,575,729,685,714,862,343,297,370,359,370,401,323,278,359,326,344,461,1892,0,1892,신길로60길
2015,4,A,골목상권,1000717,3124,1578,1546,428,432,396,519,619,730,222,225,221,267,314,329,206,207,175,252,305,401,1416,76,1340,신길로42길
2015,4,A,골목상권,1000716,4996,2524,2472,649,760,738,823,894,1132,335,388,417,429,449,506,314,372,321,394,445,626,2509,245,2264,신길로42가길
2015,4,A,골목상권,1000715,1574,788,786,247,200,233,278,286,330,132,102,121,139,143,151,115,98,112,139,143,179,645,0,645,신길로39길
2015,4,A,골목상권,1000714,3319,1664,1655,487,433,452,560,613,774,253,229,246,281,303,352,234,204,206,279,310,422,1499,31,1468,신길로17길
2015,4,A,골목상권,1000713,1511,759,752,246,209,356,242,186,272,127,100,186,136,91,119,119,109,170,106,95,153,795,100,695,선유서로28길
2015,4,A,골목상권,1000712,3212,1614,1598,525,444,752,513,398,580,269,213,393,288,195,256,256,231,359,225,203,324,1586,576,1010,선유서로25길
2015,4,A,골목상권,1000711,1626,817,809,267,223,380,262,200,294,138,107,198,146,99,129,129,116,182,116,101,165,936,95,841,선유서로24길
2015,4,A,골목상권,1000710,3868,1948,1920,722,610,802,651,544,539,374,289,414,342,283,246,348,321,388,309,261,293,1652,71,1581,선유로55길
2015,4,A,골목상권,1000709,959,484,475,134,135,130,159,176,225,71,71,72,82,86,102,63,64,58,77,90,123,440,0,440,디지털로74길
2015,4,A,골목상권,1000708,1301,642,659,164,166,193,218,240,320,85,83,103,109,117,145,79,83,90,109,123,175,653,15,638,디지털로57길
2015,4,A,골목상권,1000707,2225,1101,1124,283,284,331,370,411,546,150,142,174,185,200,250,133,142,157,185,211,296,1129,0,1129,디지털로37길
2015,4,A,골목상권,1000706,1540,782,758,191,255,253,252,251,338,100,130,145,133,125,149,91,125,108,119,126,189,839,0,839,도신로62길
2015,4,A,골목상권,1000705,796,407,389,98,130,134,128,130,176,52,65,78,68,65,79,46,65,56,60,65,97,439,0,439,도신로60길
2015,4,A,골목상권,1000704,2033,1022,1011,288,301,399,328,319,398,152,144,209,173,161,183,136,157,190,155,158,215,1060,84,976,도신로29길
2015,4,A,골목상권,1000703,2532,1276,1256,357,375,507,409,390,494,189,179,267,218,196,227,168,196,240,191,194,267,1333,0,1333,도신로15길
2015,4,A,골목상권,1000702,2178,1080,1098,275,278,329,360,402,534,145,139,174,180,198,244,130,139,155,180,204,290,1092,206,886,도림천로21길
2015,4,A,골목상권,1000701,1861,927,934,280,232,255,318,342,434,142,121,137,159,171,197,138,111,118,159,171,237,838,0,838,도림로63길
2015,4,A,골목상권,1000700,1608,797,811,330,185,327,273,208,285,172,88,157,143,104,133,158,97,170,130,104,152,1111,0,1111,도림로147길
2015,4,A,골목상권,1000699,3522,1777,1745,503,516,690,569,550,694,265,251,361,302,278,320,238,265,329,267,272,374,1851,0,1851,도림로112길
2015,4,A,골목상권,1000698,3307,1669,1638,465,461,454,546,606,775,250,245,251,275,296,352,215,216,203,271,310,423,1516,19,1497,대림로8길
2015,4,A,골목상권,1000697,1141,566,575,146,143,172,190,210,280,78,71,91,95,103,128,68,72,81,95,107,152,579,0,579,대림로7길
2015,4,A,골목상권,1000696,2210,1122,1088,347,306,372,366,393,426,184,158,200,184,198,198,163,148,172,182,195,228,959,32,927,대림로44길
2015,4,A,골목상권,1000695,2426,1230,1196,380,333,406,402,435,470,201,170,217,203,219,220,179,163,189,199,216,250,1049,116,933,대림로34길
2015,4,A,골목상권,1000694,2534,1281,1253,398,352,427,419,451,487,211,181,226,211,226,226,187,171,201,208,225,261,1074,146,928,대림로31길
2015,4,A,골목상권,1000693,3421,1733,1688,535,475,577,563,612,659,283,246,307,283,307,307,252,229,270,280,305,352,1484,298,1186,대림로29길
2015,4,A,골목상권,1000692,3115,1576,1539,436,434,428,516,568,733,236,231,237,262,278,332,200,203,191,254,290,401,1422,493,929,대림로22길
2015,4,A,골목상권,1000691,3732,1768,1964,576,716,810,527,508,595,288,304,399,261,241,275,288,412,411,266,267,320,1863,42,1821,당산로46길
2015,4,A,골목상권,1000690,2393,1136,1257,368,460,519,339,327,380,184,195,256,169,155,177,184,265,263,170,172,203,1152,5,1147,당산로38길
2015,4,A,골목상권,1000689,1394,662,732,216,269,301,198,188,222,108,115,148,99,89,103,108,154,153,99,99,119,667,184,483,당산로37길
2015,4,A,골목상권,1000688,847,420,427,119,128,173,131,127,169,59,61,90,70,61,79,60,67,83,61,66,90,408,45,363,당산로31길
2015,4,A,골목상권,1000687,2588,1477,1111,245,481,512,377,437,536,133,231,298,244,280,291,112,250,214,133,157,245,1641,141,1500,국회대로56길
2015,4,A,골목상권,1000686,306,152,154,64,34,63,52,38,55,34,15,30,28,19,26,30,19,33,24,19,29,169,0,169,경인로90길
2015,4,A,골목상권,1000685,669,334,335,138,78,138,115,82,118,72,38,66,60,41,57,66,40,72,55,41,61,353,0,353,경인로80길
2015,4,A,골목상권,1000684,1156,574,582,238,133,236,195,150,204,123,63,114,104,75,95,115,70,122,91,75,109,653,0,653,경인로77길
2015,4,A,골목상권,1000683,1685,847,838,267,213,254,296,302,353,143,111,132,148,151,162,124,102,122,148,151,191,693,0,693,가마산로61길
2015,4,A,골목상권,1000682,4473,2269,2204,672,663,631,779,881,847,346,350,342,390,446,395,326,313,289,389,435,452,1990,79,1911,시흥대로94길
2015,4,A,골목상권,1000681,6553,3316,3237,1036,933,992,1110,1217,1265,537,492,527,560,608,592,499,441,465,550,609,673,2844,47,2797,시흥대로84길
2015,4,A,골목상권,1000680,2768,1396,1372,464,373,455,456,474,546,242,198,235,232,233,256,222,175,220,224,241,290,1170,0,1170,시흥대로68길
2015,4,A,골목상권,1000679,1116,562,554,185,150,184,184,191,222,96,79,95,94,95,103,89,71,89,90,96,119,475,328,147,시흥대로63길
2015,4,A,골목상권,1000678,4517,2280,2237,755,611,738,744,777,892,396,323,383,379,381,418,359,288,355,365,396,474,1900,28,1872,시흥대로62가길
2015,4,A,골목상권,1000677,2374,1195,1179,376,304,351,372,431,540,188,162,188,194,208,255,188,142,163,178,223,285,967,10,957,시흥대로36길
2015,4,A,골목상권,1000676,2976,1502,1474,471,384,444,464,538,675,237,204,240,241,261,319,234,180,204,223,277,356,1212,107,1105,시흥대로22길
2015,4,A,골목상권,1000675,1823,1016,807,180,391,401,260,296,295,90,201,250,156,167,152,90,190,151,104,129,143,1080,164,916,시흥대로153길
2015,4,A,골목상권,1000674,3570,1802,1768,499,504,526,606,706,729,252,258,287,304,359,342,247,246,239,302,347,387,1656,323,1333,시흥대로150길
2015,4,A,골목상권,1000673,4610,2429,2181,645,801,900,704,712,848,334,426,522,387,369,391,311,375,378,317,343,457,2171,52,2119,시흥대로141길
2015,4,A,골목상권,1000672,795,401,394,110,113,118,131,159,164,55,58,64,66,81,77,55,55,54,65,78,87,368,36,332,시흥대로138길
2015,4,A,골목상권,1000671,3688,1864,1824,551,513,523,670,719,712,277,266,276,337,373,335,274,247,247,333,346,377,1644,56,1588,시흥대로120길
2015,4,A,골목상권,1000670,1793,996,797,180,383,394,255,291,290,90,196,245,152,164,149,90,187,149,103,127,141,1073,0,1073,벚꽃로56길
2015,4,A,골목상권,1000669,1600,844,756,225,279,314,243,245,294,117,149,182,133,127,136,108,130,132,110,118,158,756,304,452,범안로17길
2015,4,A,골목상권,1000668,933,492,441,132,164,182,141,142,172,68,89,106,77,73,79,64,75,76,64,69,93,445,98,347,범안로11길
2015,4,A,골목상권,1000667,3926,1989,1937,546,556,578,669,776,801,278,289,316,336,395,375,268,267,262,333,381,426,1827,91,1736,문성로5길
2015,4,A,골목상권,1000666,705,357,348,98,99,104,120,140,144,50,52,57,60,71,67,48,47,47,60,69,77,327,11,316,독산로85길
2015,4,A,골목상권,1000665,3643,1840,1803,541,510,515,663,710,704,271,266,271,333,367,332,270,244,244,330,343,372,1632,116,1516,독산로78다길
2015,4,A,골목상권,1000664,2791,1414,1377,415,393,392,506,547,538,209,206,208,254,284,253,206,187,184,252,263,285,1253,0,1253,독산로70길
2015,4,A,골목상권,1000663,2480,1258,1222,371,370,351,428,488,472,192,195,190,214,247,220,179,175,161,214,241,252,1101,22,1079,독산로64길
2015,4,A,골목상권,1000662,1692,849,843,278,232,239,283,316,344,143,122,125,143,158,158,135,110,114,140,158,186,683,180,503,독산로50길
2015,4,A,골목상권,1000661,2716,1361,1355,446,375,382,455,505,553,227,197,199,230,252,256,219,178,183,225,253,297,1114,47,1067,독산로40길
2015,4,A,골목상권,1000660,2029,1027,1002,285,289,300,346,398,411,144,150,163,175,203,192,141,139,137,171,195,219,944,43,901,독산로108길
2015,4,A,골목상권,1000659,2270,1267,1003,227,485,499,326,365,368,116,250,311,194,206,190,111,235,188,132,159,178,1351,20,1331,남부순환로112길
2015,4,A,골목상권,1000658,5589,2794,2795,905,720,747,950,994,1273,466,379,405,477,507,560,439,341,342,473,487,713,2423,0,2423,금하로24길
2015,4,A,골목상권,1000657,2532,1331,1201,354,437,498,385,392,466,182,231,289,211,202,216,172,206,209,174,190,250,1193,0,1193,금하로1길
2015,4,A,골목상권,1000656,2324,1171,1153,390,312,381,383,400,458,204,164,197,195,197,214,186,148,184,188,203,244,982,37,945,금하로14길
2015,4,A,골목상권,1000655,2137,1183,954,219,448,468,309,343,350,110,231,291,183,190,178,109,217,177,126,153,172,1258,145,1113,가산로5길
2015,4,A,골목상권,1000654,1189,632,557,160,214,236,179,185,215,83,113,138,100,97,101,77,101,98,79,88,114,583,19,564,가산로3길
2015,4,A,골목상권,1000653,822,412,410,149,113,123,132,138,167,77,61,63,66,68,77,72,52,60,66,70,90,315,299,16,중앙로1길
2015,4,A,골목상권,1000652,1300,653,647,245,170,197,230,214,244,128,88,99,118,108,112,117,82,98,112,106,132,508,184,324,중앙로15길
2015,4,A,골목상권,1000651,1244,677,567,119,136,154,232,287,316,63,74,89,132,169,150,56,62,65,100,118,166,752,0,752,우마길
2015,4,A,골목상권,1000650,3184,1567,1617,706,377,558,521,444,578,361,188,274,268,210,266,345,189,284,253,234,312,1160,54,1106,오류로8길
2015,4,A,골목상권,1000649,1344,657,687,288,169,265,225,192,205,146,80,126,113,93,99,142,89,139,112,99,106,619,0,619,신도림로13길
2015,4,A,골목상권,1000648,2784,1366,1418,430,464,564,426,419,481,219,211,282,220,208,226,211,253,282,206,211,255,1204,677,527,새말로18길
2015,4,A,골목상권,1000647,765,382,383,143,98,132,124,122,146,77,49,67,63,59,67,66,49,65,61,63,79,294,0,294,부일로1길
2015,4,A,골목상권,1000646,1598,798,800,300,204,281,256,253,304,160,104,141,131,121,141,140,100,140,125,132,163,613,9,604,부일로15길
2015,4,A,골목상권,1000645,1458,731,727,271,186,256,235,230,280,145,96,130,120,110,130,126,90,126,115,120,150,560,19,541,부일로11길
2015,4,A,골목상권,1000644,2436,1229,1207,351,453,602,379,285,366,177,210,327,211,137,167,174,243,275,168,148,199,1206,65,1141,디지털로32길
2015,4,A,골목상권,1000643,3974,2009,1965,577,737,981,619,463,597,293,343,533,345,223,272,284,394,448,274,240,325,1891,90,1801,디지털로32가길
2015,4,A,골목상권,1000642,1105,591,514,120,141,170,198,224,252,61,73,96,113,129,119,59,68,74,85,95,133,613,0,613,디지털로27길
2015,4,A,골목상권,1000641,1878,969,909,245,310,400,309,279,335,125,148,220,173,147,156,120,162,180,136,132,179,904,310,594,도림로6길
2015,4,A,골목상권,1000640,1834,928,906,267,342,453,286,212,274,135,159,246,161,102,125,132,183,207,125,110,149,911,487,424,도림로12길
2015,4,A,골목상권,1000639,1221,602,619,218,151,221,181,192,258,112,76,112,92,87,123,106,75,109,89,105,135,456,442,14,남부순환로97길
2015,4,A,골목상권,1000638,3417,1700,1717,472,452,639,549,555,750,247,219,336,290,272,336,225,233,303,259,283,414,1654,368,1286,구로중앙로8길
2015,4,A,골목상권,1000637,1041,515,526,145,138,195,168,167,228,76,66,102,88,81,102,69,72,93,80,86,126,493,0,493,구로중앙로7길
2015,4,A,골목상권,1000636,1882,922,960,401,236,372,318,271,284,203,113,178,161,131,136,198,123,194,157,140,148,794,0,794,구로중앙로42길
2015,4,A,골목상권,1000635,1955,958,997,302,326,396,300,294,337,154,148,198,155,146,157,148,178,198,145,148,180,863,10,853,구로중앙로34길
2015,4,A,골목상권,1000634,3929,1927,2002,606,654,794,604,593,678,308,297,398,312,295,317,298,357,396,292,298,361,1749,275,1474,구로중앙로28길
2015,4,A,골목상권,1000633,811,410,401,109,104,113,141,151,193,57,52,61,75,77,88,52,52,52,66,74,105,389,0,389,구로중앙로19길
2015,4,A,골목상권,1000632,7783,3876,3907,1077,1031,1460,1257,1258,1700,563,502,768,662,617,764,514,529,692,595,641,936,3793,1663,2130,구로동로8길
2015,4,A,골목상권,1000631,3172,1668,1504,362,380,414,580,660,776,186,199,233,320,368,362,176,181,181,260,292,414,1739,167,1572,구로동로7길
2015,4,A,골목상권,1000630,2461,1247,1214,329,322,346,427,452,585,168,161,190,226,233,269,161,161,156,201,219,316,1186,128,1058,구로동로42길
2015,4,A,골목상권,1000629,2350,1189,1161,314,307,334,410,430,555,161,154,184,217,220,253,153,153,150,193,210,302,1148,19,1129,구로동로41길
2015,4,A,골목상권,1000628,2348,1187,1161,314,305,331,409,431,558,161,153,184,216,219,254,153,152,147,193,212,304,1155,19,1136,구로동로38길
2015,4,A,골목상권,1000627,1682,846,836,228,217,273,284,295,385,119,107,147,151,147,175,109,110,126,133,148,210,810,45,765,구로동로28길
2015,4,A,골목상권,1000626,1279,645,634,171,168,179,223,237,301,87,84,98,119,120,137,84,84,81,104,117,164,624,0,624,구로동로15길
2015,4,A,골목상권,1000625,1118,548,570,174,186,225,172,169,192,88,85,113,88,84,90,86,101,112,84,85,102,493,349,144,공원로6가길
2015,4,A,골목상권,1000624,3285,1649,1636,602,439,495,557,548,644,313,230,253,283,272,298,289,209,242,274,276,346,1293,684,609,고척로52길
2015,4,A,골목상권,1000623,5326,2675,2651,1009,700,796,946,871,1004,529,357,403,484,438,464,480,343,393,462,433,540,2114,13,2101,고척로27다길
2015,4,A,골목상권,1000622,2574,1290,1284,446,335,405,420,438,530,227,172,207,216,219,249,219,163,198,204,219,281,1045,46,999,고척로27길
2015,4,A,골목상권,1000621,2879,1438,1441,501,370,451,464,495,598,252,186,230,241,246,283,249,184,221,223,249,315,1154,24,1130,고척로21나길
2015,4,A,골목상권,1000620,977,490,487,180,133,147,156,165,196,93,71,76,78,81,91,87,62,71,78,84,105,378,200,178,경인로47길
2015,4,A,골목상권,1000619,3811,1911,1900,687,498,585,646,636,759,353,255,298,333,319,353,334,243,287,313,317,406,1541,0,1541,경인로35길
2015,4,A,골목상권,1000618,1993,999,994,346,260,312,324,339,412,176,132,160,167,169,195,170,128,152,157,170,217,814,0,814,경인로31길
2015,4,A,골목상권,1000617,5398,2663,2735,796,834,1038,790,830,1110,394,400,543,416,396,514,402,434,495,374,434,596,2410,61,2349,경인로15길
2015,4,A,골목상권,1000616,2714,1344,1370,485,344,458,445,436,546,250,181,235,223,201,254,235,163,223,222,235,292,1046,84,962,개봉로3길
2015,4,A,골목상권,1000615,2532,1253,1279,452,318,440,400,403,519,233,164,226,202,184,244,219,154,214,198,219,275,966,35,931,개봉로2길
2015,4,A,골목상권,1000614,1012,508,504,176,131,157,164,174,210,89,66,80,86,87,100,87,65,77,78,87,110,405,173,232,개봉로23가길
2015,4,A,골목상권,1000613,3154,1551,1603,558,392,574,466,496,668,285,197,292,234,225,318,273,195,282,232,271,350,1175,1104,71,개봉로20길
2015,4,A,골목상권,1000612,2361,1167,1194,423,295,400,387,380,476,217,154,206,194,174,222,206,141,194,193,206,254,918,157,761,개봉로1길
2015,4,A,골목상권,1000611,4404,2173,2231,784,547,796,650,694,933,402,276,405,329,315,446,382,271,391,321,379,487,1619,118,1501,개봉로17다길
2015,4,A,골목상권,1000610,6815,3362,3453,1213,844,1235,1008,1072,1443,622,425,630,510,486,689,591,419,605,498,586,754,2516,96,2420,개봉로17길
2015,4,A,골목상권,1000609,5263,2609,2654,942,666,889,861,847,1058,484,350,460,433,387,495,458,316,429,428,460,563,2030,55,1975,개봉로11길
2015,4,A,골목상권,1000608,4053,1935,2118,629,770,873,616,570,595,341,306,441,298,283,266,288,464,432,318,287,329,2007,569,1438,화곡로64길
2015,4,A,골목상권,1000607,2185,1080,1105,356,327,408,336,371,387,190,158,211,168,174,179,166,169,197,168,197,208,924,397,527,화곡로59길
2015,4,A,골목상권,1000606,3037,1489,1548,510,447,594,482,485,519,265,215,307,243,225,234,245,232,287,239,260,285,1293,116,1177,화곡로44나길
2015,4,A,골목상권,1000605,7516,3627,3889,1728,924,1210,1446,1090,1118,849,453,568,706,524,527,879,471,642,740,566,591,2596,69,2527,화곡로31길
2015,4,A,골목상권,1000604,2454,1214,1240,402,364,457,392,401,438,205,180,240,193,193,203,197,184,217,199,208,235,1048,114,934,화곡로20길
2015,4,A,골목상권,1000603,3250,1596,1654,560,488,515,514,563,610,288,243,260,248,272,285,272,245,255,266,291,325,1255,123,1132,화곡로13길
2015,4,A,골목상권,1000602,7456,3672,3784,1573,936,1338,1209,1136,1264,794,458,664,622,545,589,779,478,674,587,591,675,2461,19,2442,초원로16길
2015,4,A,골목상권,1000601,4874,2382,2492,866,688,1035,818,688,779,438,337,534,420,311,342,428,351,501,398,377,437,2118,10,2108,초록마을로8길
2015,4,A,골목상권,1000600,2819,1377,1442,503,402,596,472,396,450,253,197,307,243,179,198,250,205,289,229,217,252,1231,171,1060,초록마을로3길
2015,4,A,골목상권,1000599,1843,916,927,249,292,397,268,296,341,127,142,213,137,137,160,122,150,184,131,159,181,888,352,536,월정로20길
2015,4,A,골목상권,1000598,5753,2784,2969,1325,707,922,1106,833,860,650,349,431,543,405,406,675,358,491,563,428,454,2006,861,1145,우장산로6길
2015,4,A,골목상권,1000597,2357,1163,1194,556,302,400,456,347,296,287,151,191,226,173,135,269,151,209,230,174,161,806,459,347,양천로73가길
2015,4,A,골목상권,1000596,4310,2129,2181,1019,552,731,834,635,539,527,275,348,414,317,248,492,277,383,420,318,291,1479,1395,84,양천로71길
2015,4,A,골목상권,1000595,653,320,333,117,111,124,103,108,90,61,52,62,51,52,42,56,59,62,52,56,48,253,74,179,양천로49길
2015,4,A,골목상권,1000594,1546,758,788,330,192,278,251,235,260,167,94,137,128,111,121,163,98,141,123,124,139,572,550,22,양천로26길
2015,4,A,골목상권,1000593,5505,2706,2799,1176,681,990,895,836,927,595,332,489,460,399,431,581,349,501,435,437,496,1875,723,1152,양천로24길
2015,4,A,골목상권,1000592,3549,1748,1801,759,440,637,577,539,597,384,216,315,297,258,278,375,224,322,280,281,319,1235,468,767,양천로24가길
2015,4,A,골목상권,1000591,3567,1758,1809,519,520,572,538,605,813,267,252,304,286,293,356,252,268,268,252,312,457,1619,838,781,양천로14길
2015,4,A,골목상권,1000590,3862,1973,1889,550,597,698,605,642,770,285,296,382,329,319,362,265,301,316,276,323,408,1920,0,1920,방화대로6라길
2015,4,A,골목상권,1000589,2547,1291,1256,413,373,457,405,413,486,212,185,245,218,204,227,201,188,212,187,209,259,1139,48,1091,방화대로21길
2015,4,A,골목상권,1000588,1480,732,748,234,202,272,240,248,284,121,104,142,120,115,130,113,98,130,120,133,154,631,111,520,등촌로5길
2015,4,A,골목상권,1000587,3160,1575,1585,554,505,517,494,552,538,304,261,260,233,261,256,250,244,257,261,291,282,1176,219,957,등촌로55길
2015,4,A,골목상권,1000586,2293,1146,1147,401,366,376,362,400,388,219,191,191,170,191,184,182,175,185,192,209,204,848,268,580,등촌로51길
2015,4,A,골목상권,1000585,3107,1548,1559,544,498,508,488,539,530,298,257,257,228,257,251,246,241,251,260,282,279,1156,47,1109,등촌로39길
2015,4,A,골목상권,1000584,3799,1882,1917,605,527,690,619,635,723,317,273,359,308,294,331,288,254,331,311,341,392,1605,24,1581,등촌로13길
2015,4,A,골목상권,1000583,3658,1873,1785,518,566,658,575,610,731,270,280,363,315,303,342,248,286,295,260,307,389,1794,148,1646,남부순환로11길
2015,4,A,골목상권,1000582,4104,2006,2098,730,581,867,692,581,653,370,284,447,355,263,287,360,297,420,337,318,366,1784,19,1765,까치산로4길
2015,4,A,골목상권,1000581,2591,1278,1313,439,341,488,436,411,476,226,173,253,219,189,218,213,168,235,217,222,258,1151,140,1011,국회대로7길
2015,4,A,골목상권,1000580,3559,1821,1738,508,547,645,554,594,711,264,271,354,303,296,333,244,276,291,251,298,378,1760,55,1705,공항대로8길
2015,4,A,골목상권,1000579,2622,1282,1340,558,383,480,475,381,345,291,177,233,235,189,157,267,206,247,240,192,188,1048,385,663,공항대로61길
2015,4,A,골목상권,1000578,3774,1863,1911,893,484,639,733,552,473,461,241,303,365,276,217,432,243,336,368,276,256,1314,490,824,공항대로59다길
2015,4,A,골목상권,1000577,3037,1449,1588,469,578,654,463,424,449,254,230,330,224,211,200,215,348,324,239,213,249,1496,0,1496,공항대로59길
2015,4,A,골목상권,1000576,2663,1273,1390,413,510,574,401,374,391,225,204,289,194,186,175,188,306,285,207,188,216,1356,225,1131,공항대로55길
2015,4,A,골목상권,1000575,1368,660,708,314,167,220,265,199,203,154,81,102,129,97,97,160,86,118,136,102,106,477,117,360,공항대로42길
2015,4,A,골목상권,1000574,298,145,153,69,36,49,57,43,44,34,18,23,28,21,21,35,18,26,29,22,23,105,0,105,공항대로38길
2015,4,A,골목상권,1000573,2083,1031,1052,332,285,380,338,347,401,173,148,197,169,161,183,159,137,183,169,186,218,891,41,850,곰달래로60길
2015,4,A,골목상권,1000572,3600,1781,1819,573,490,657,587,602,691,298,255,341,294,277,316,275,235,316,293,325,375,1534,149,1385,곰달래로53길
2015,4,A,골목상권,1000571,3807,1869,1938,668,494,734,657,584,670,340,246,381,329,267,306,328,248,353,328,317,364,1716,53,1663,곰달래로47길
2015,4,A,골목상권,1000570,3046,1487,1559,530,395,615,509,451,546,268,194,317,256,204,248,262,201,298,253,247,298,1394,103,1291,곰달래로31길
2015,4,A,골목상권,1000569,2723,1328,1395,443,358,567,433,404,518,225,176,291,219,182,235,218,182,276,214,222,283,1194,44,1150,곰달래로25길
2015,4,A,골목상권,1000568,2803,1383,1420,406,410,451,424,472,640,209,198,240,226,230,280,197,212,211,198,242,360,1285,140,1145,개화동로25길
2015,4,A,골목상권,1000567,4767,2349,2418,694,698,764,719,806,1086,356,339,407,381,391,475,338,359,357,338,415,611,2190,68,2122,개화동로23길
2015,4,A,골목상권,1000566,3495,1710,1785,588,457,713,572,520,645,300,224,369,289,234,294,288,233,344,283,286,351,1562,277,1285,강서로8길
2015,4,A,골목상권,1000565,3520,1721,1799,644,447,689,623,518,599,326,219,356,312,234,274,318,228,333,311,284,325,1630,169,1461,강서로5라길
2015,4,A,골목상권,1000564,1850,920,930,251,291,398,270,295,345,131,143,212,137,137,160,120,148,186,133,158,185,888,424,464,강서로5나길
2015,4,A,골목상권,1000563,1485,737,748,202,234,320,218,236,275,104,114,171,111,111,126,98,120,149,107,125,149,681,277,404,강서로5가길
2015,4,A,골목상권,1000562,4036,1930,2106,1055,478,613,796,550,544,520,239,285,390,264,232,535,239,328,406,286,312,1386,276,1110,강서로47라길
2015,4,A,골목상권,1000561,3015,1441,1574,789,356,461,591,411,407,387,178,216,290,195,175,402,178,245,301,216,232,1037,258,779,강서로47길
2015,4,A,골목상권,1000560,3299,1601,1698,525,516,519,484,585,670,268,253,257,231,276,316,257,263,262,253,309,354,1279,199,1080,강서로45다길
2015,4,A,골목상권,1000559,875,423,452,170,127,136,144,139,159,85,63,67,70,65,73,85,64,69,74,74,86,327,134,193,강서로45길
2015,4,A,골목상권,1000558,6061,2939,3122,961,950,954,894,1070,1232,492,465,469,428,505,580,469,485,485,466,565,652,2352,109,2243,강서로35길
2015,4,A,골목상권,1000557,2363,1170,1193,319,374,510,340,379,441,163,181,271,175,174,206,156,193,239,165,205,235,1122,121,1001,강서로29길
2015,4,A,골목상권,1000556,7178,3495,3683,1185,940,1474,1158,1066,1355,602,462,757,582,476,616,583,478,717,576,590,739,3150,190,2960,강서로18길
2015,4,A,골목상권,1000555,3259,1614,1645,444,514,704,473,518,606,227,249,376,241,240,281,217,265,328,232,278,325,1573,280,1293,강서로17가길
2015,4,A,골목상권,1000554,4851,2399,2452,658,764,1049,706,772,902,333,371,558,360,359,418,325,393,491,346,413,484,2317,156,2161,강서로15길
2015,4,A,골목상권,1000553,3131,1549,1582,425,493,677,456,498,582,216,240,362,231,230,270,209,253,315,225,268,312,1492,150,1342,가로공원로80길
2015,4,A,골목상권,1000552,3894,1931,1963,530,614,840,567,620,723,270,299,448,289,289,336,260,315,392,278,331,387,1844,76,1768,가로공원로76가길
2015,4,A,골목상권,1000551,1540,762,778,290,221,244,261,261,263,149,112,125,125,130,121,141,109,119,136,131,142,591,109,482,화곡로4길
2015,4,A,골목상권,1000550,2607,1287,1320,491,370,416,444,438,448,254,187,213,213,215,205,237,183,203,231,223,243,1002,406,596,화곡로3길
2015,4,A,골목상권,1000549,3943,1949,1994,675,508,651,623,673,813,340,267,346,318,318,360,335,241,305,305,355,453,1674,0,1674,지양로7길
2015,4,A,골목상권,1000548,3157,1568,1589,568,418,534,494,535,608,295,217,272,250,254,280,273,201,262,244,281,328,1312,285,1027,중앙로55길
2015,4,A,골목상권,1000547,3253,1617,1636,586,428,552,511,553,623,303,221,283,258,264,288,283,207,269,253,289,335,1330,636,694,중앙로51길
2015,4,A,골목상권,1000546,8812,4374,4438,1927,1096,1308,1675,1381,1425,1007,572,646,826,683,640,920,524,662,849,698,785,3331,18,3313,중앙로47길
2015,4,A,골목상권,1000545,4696,2330,2366,1027,586,698,893,731,761,536,307,346,440,360,341,491,279,352,453,371,420,1767,56,1711,중앙로45길
2015,4,A,골목상권,1000544,728,357,371,183,92,73,150,119,111,94,47,32,70,62,52,89,45,41,80,57,59,250,29,221,중앙로36길
2015,4,A,골목상권,1000543,607,299,308,155,74,65,128,95,90,80,37,29,61,49,43,75,37,36,67,46,47,210,81,129,중앙로32길
2015,4,A,골목상권,1000542,3587,1778,1809,785,446,536,681,559,580,410,233,264,336,275,260,375,213,272,345,284,320,1355,43,1312,중앙로25길
2015,4,A,골목상권,1000541,3608,1774,1834,568,512,678,569,588,693,288,246,353,280,280,327,280,266,325,289,308,366,1585,206,1379,은행정로7길
2015,4,A,골목상권,1000540,595,291,304,148,76,61,125,95,90,76,39,26,59,49,42,72,37,35,66,46,48,203,24,179,은행정로5길
2015,4,A,골목상권,1000539,2709,1334,1375,563,320,477,437,421,491,287,162,235,218,202,230,276,158,242,219,219,261,947,558,389,오목로5길
2015,4,A,골목상권,1000538,3838,1892,1946,801,455,677,613,593,699,408,228,334,306,287,329,393,227,343,307,306,370,1341,729,612,오목로3길
2015,4,A,골목상권,1000537,4119,2025,2094,648,584,771,648,674,794,328,278,403,319,320,377,320,306,368,329,354,417,1814,51,1763,오목로30길
2015,4,A,골목상권,1000536,5416,2665,2751,855,768,1016,854,880,1043,435,367,531,418,419,495,420,401,485,436,461,548,2378,148,2230,오목로23길
2015,4,A,골목상권,1000535,1881,954,927,313,258,260,302,357,391,166,138,139,155,172,184,147,120,121,147,185,207,835,99,736,신월로20길
2015,4,A,골목상권,1000534,5466,2691,2775,1136,645,963,875,851,996,579,325,472,436,412,467,557,320,491,439,439,529,1919,843,1076,신월로15길
2015,4,A,골목상권,1000533,3499,1727,1772,833,477,362,726,611,490,436,240,165,338,320,228,397,237,197,388,291,262,1316,290,1026,신목로6길
2015,4,A,골목상권,1000532,2085,1033,1052,486,289,211,426,371,302,257,146,96,198,196,140,229,143,115,228,175,162,705,447,258,신목로5길
2015,4,A,골목상권,1000531,2510,1239,1271,589,350,251,513,446,361,311,177,114,236,234,167,278,173,137,277,212,194,854,369,485,신목로2길
2015,4,A,골목상권,1000530,1818,901,917,429,256,216,381,290,246,232,136,103,172,149,109,197,120,113,209,141,137,665,46,619,목동중앙서로8가길
2015,4,A,골목상권,1000529,4376,2173,2203,1026,614,524,918,704,590,559,325,251,416,360,262,467,289,273,502,344,328,1595,139,1456,목동중앙서로7길
2015,4,A,골목상권,1000528,2357,1152,1205,379,376,414,370,406,412,204,191,210,174,187,186,175,185,204,196,219,226,1014,110,904,목동중앙북로8길
2015,4,A,골목상권,1000527,4074,1997,2077,727,655,733,660,676,623,382,327,370,309,331,278,345,328,363,351,345,345,1581,29,1552,목동중앙북로16길
2015,4,A,골목상권,1000526,2429,1196,1233,482,362,357,448,405,375,260,188,178,205,197,168,222,174,179,243,208,207,915,189,726,목동중앙본로7길
2015,4,A,골목상권,1000525,2245,1114,1131,526,316,266,474,361,302,287,168,128,214,184,133,239,148,138,260,177,169,811,72,739,목동중앙로3길
2015,4,A,골목상권,1000524,1243,611,632,220,202,224,203,205,189,116,101,113,95,101,85,104,101,111,108,104,104,484,21,463,목동중앙로13나길
2015,4,A,골목상권,1000523,2283,1126,1157,465,339,326,429,378,346,252,177,162,195,186,154,213,162,164,234,192,192,881,175,706,목동중앙남로3가길
2015,4,A,골목상권,1000522,3050,1503,1547,479,432,573,481,495,590,243,207,301,236,236,280,236,225,272,245,259,310,1333,157,1176,목동로9길
2015,4,A,골목상권,1000521,2398,1178,1220,378,341,451,376,391,461,192,164,235,183,185,219,186,177,216,193,206,242,1056,125,931,목동로19길
2015,4,A,골목상권,1000520,1151,566,585,280,157,121,238,199,156,148,79,54,108,104,73,132,78,67,130,95,83,372,170,202,목동동로8길
2015,4,A,골목상권,1000519,2936,1418,1518,785,354,354,657,440,346,398,167,152,308,229,164,387,187,202,349,211,182,1134,315,819,목동동로12길
2015,4,A,골목상권,1000518,1216,597,619,247,168,139,231,215,216,131,87,68,110,107,94,116,81,71,121,108,122,298,164,134,목동남로4길
2015,4,A,골목상권,1000517,602,297,305,132,75,90,114,94,97,69,39,44,56,46,43,63,36,46,58,48,54,223,201,22,남부순환로88길
2015,4,A,골목상권,1000516,2294,1168,1126,377,315,302,375,441,484,200,172,162,192,212,230,177,143,140,183,229,254,999,95,904,남부순환로79길
2015,4,A,골목상권,1000515,4782,2371,2411,816,612,790,763,818,983,410,320,422,391,391,437,406,292,368,372,427,546,2030,20,2010,남부순환로70길
2015,4,A,골목상권,1000514,1802,944,858,295,265,272,300,324,346,153,143,150,166,173,159,142,122,122,134,151,187,816,20,796,남부순환로58길
2015,4,A,골목상권,1000513,3292,1721,1571,540,483,496,550,592,631,279,261,271,303,318,289,261,222,225,247,274,342,1468,12,1456,남부순환로40길
2015,4,A,골목상권,1000512,4031,2000,2031,761,574,641,686,680,689,390,293,331,331,338,317,371,281,310,355,342,372,1535,104,1431,남부순환로33길
2015,4,A,골목상권,1000511,3643,1880,1763,560,486,569,603,686,739,287,253,316,316,358,350,273,233,253,287,328,389,1660,97,1563,곰달래로5길
2015,4,A,골목상권,1000510,3344,1726,1618,515,446,523,554,628,678,263,233,290,290,328,322,252,213,233,264,300,356,1515,339,1176,곰달래로3길
2015,4,A,골목상권,1000509,3738,1929,1809,574,499,584,616,706,759,294,262,322,322,369,360,280,237,262,294,337,399,1693,425,1268,곰달래로2길
2015,4,A,골목상권,1000508,3842,1985,1857,591,514,600,636,724,777,303,269,333,333,380,367,288,245,267,303,344,410,1751,32,1719,곰달래로10길
2015,4,A,골목상권,1000507,3393,1777,1616,557,495,517,563,611,650,288,269,283,312,327,298,269,226,234,251,284,352,1513,29,1484,가로공원로58길
2015,4,A,골목상권,1000506,3742,1810,1932,595,552,640,645,591,719,306,265,320,319,291,309,289,287,320,326,300,410,1671,16,1655,효창원로93길
2015,4,A,골목상권,1000505,1481,707,774,306,170,284,287,199,235,154,80,132,146,96,99,152,90,152,141,103,136,601,261,340,토정로37길
2015,4,A,골목상권,1000504,1798,833,965,202,372,417,284,220,303,100,158,196,138,106,135,102,214,221,146,114,168,1033,15,1018,월드컵로8길
2015,4,A,골목상권,1000503,2356,1127,1229,360,422,517,333,315,409,188,188,257,170,147,177,172,234,260,163,168,232,1122,0,1122,월드컵로7길
2015,4,A,골목상권,1000502,3698,1785,1913,743,470,618,696,514,657,386,228,303,342,255,271,357,242,315,354,259,386,1560,127,1433,월드컵로36길
2015,4,A,골목상권,1000501,3250,1566,1684,595,435,588,589,455,588,300,208,286,295,216,261,295,227,302,294,239,327,1310,300,1010,월드컵로25길
2015,4,A,골목상권,1000500,2106,1017,1089,316,311,416,360,303,400,164,147,204,185,143,174,152,164,212,175,160,226,949,0,949,월드컵로19길
2015,4,A,골목상권,1000499,2397,1114,1283,283,477,542,388,296,411,142,205,256,188,141,182,141,272,286,200,155,229,1317,31,1286,월드컵로16길
2015,4,A,골목상권,1000498,2571,1244,1327,387,377,510,439,373,485,200,179,251,226,177,211,187,198,259,213,196,274,1155,18,1137,월드컵로11길
2015,4,A,골목상권,1000497,1850,855,995,207,384,425,291,226,317,103,163,200,141,108,140,104,221,225,150,118,177,1039,95,944,월드컵로10길
2015,4,A,골목상권,1000496,2486,1188,1298,413,450,484,412,351,376,209,217,223,204,172,163,204,233,261,208,179,213,1305,0,1305,와우산로3길
2015,4,A,골목상권,1000495,997,462,535,114,206,230,157,121,169,57,87,108,76,58,76,57,119,122,81,63,93,569,81,488,와우산로29길
2015,4,A,골목상권,1000494,681,316,365,78,143,156,108,82,114,39,62,73,52,40,50,39,81,83,56,42,64,391,0,391,와우산로29가길
2015,4,A,골목상권,1000493,1603,770,833,246,284,354,227,215,277,128,128,176,117,100,121,118,156,178,110,115,156,759,52,707,양화진길
2015,4,A,골목상권,1000492,2953,1414,1539,451,528,650,413,395,516,235,235,323,214,183,224,216,293,327,199,212,292,1407,92,1315,양화로1길
2015,4,A,골목상권,1000491,770,358,412,88,161,178,121,92,130,44,69,84,59,44,58,44,92,94,62,48,72,436,19,417,양화로11길
2015,4,A,골목상권,1000490,793,383,410,131,112,160,126,129,135,64,53,80,63,64,59,67,59,80,63,65,76,842,0,842,신촌로30길
2015,4,A,골목상권,1000489,1839,883,956,305,263,373,286,299,313,147,123,186,144,146,137,158,140,187,142,153,176,1129,0,1129,신촌로28가길
2015,4,A,골목상권,1000488,1596,746,850,214,312,347,258,205,260,107,140,161,126,99,113,107,172,186,132,106,147,918,28,890,신촌로12길
2015,4,A,골목상권,1000487,2245,1103,1142,317,362,363,386,349,468,160,178,188,198,177,202,157,184,175,188,172,266,1173,73,1100,숭문길
2015,4,A,골목상권,1000486,2192,1078,1114,324,330,346,385,346,461,164,167,180,195,175,197,160,163,166,190,171,264,1090,192,898,숭문8길
2015,4,A,골목상권,1000485,1413,677,736,217,252,308,200,190,246,112,112,154,103,90,106,105,140,154,97,100,140,681,0,681,성지3길
2015,4,A,골목상권,1000484,3050,1454,1596,487,448,573,549,440,553,250,215,277,263,206,243,237,233,296,286,234,310,1359,144,1215,성산로4길
2015,4,A,골목상권,1000483,1342,629,713,166,245,286,211,182,252,84,110,138,107,82,108,82,135,148,104,100,144,680,12,668,성미산로32길
2015,4,A,골목상권,1000482,3251,1550,1701,518,478,608,588,469,590,266,230,294,282,219,259,252,248,314,306,250,331,1451,92,1359,성미산로1길
2015,4,A,골목상권,1000481,3783,1800,1983,580,578,730,665,539,691,297,275,354,322,251,301,283,303,376,343,288,390,1726,71,1655,성미산로11길
2015,4,A,골목상권,1000480,1047,516,531,130,206,174,170,158,209,68,98,89,89,82,90,62,108,85,81,76,119,606,114,492,백범로16길
2015,4,A,골목상권,1000479,5037,2426,2611,922,670,915,913,706,911,465,319,444,457,337,404,457,351,471,456,369,507,2031,741,1290,방울내로9안길
2015,4,A,골목상권,1000478,3065,1478,1587,614,391,517,576,424,543,318,190,253,284,208,225,296,201,264,292,216,318,1309,79,1230,모래내로7길
2015,4,A,골목상권,1000477,5572,2715,2857,1410,637,885,1142,688,810,723,309,406,582,340,355,687,328,479,560,348,455,2005,11,1994,매봉산로2길
2015,4,A,골목상권,1000476,4413,2133,2280,667,647,879,750,636,834,344,305,434,387,302,361,323,342,445,363,334,473,2005,37,1968,망원로2길
2015,4,A,골목상권,1000475,1666,802,864,305,224,301,302,233,301,154,107,145,151,111,134,151,117,156,151,122,167,671,42,629,망원로11길
2015,4,A,골목상권,1000474,3118,1501,1617,475,469,545,530,503,596,240,220,274,264,248,255,235,249,271,266,255,341,1456,23,1433,만리재옛길
2015,4,A,골목상권,1000473,1196,573,623,196,166,210,196,188,240,102,78,102,97,90,104,94,88,108,99,98,136,482,181,301,마포대로4길
2015,4,A,골목상권,1000472,1324,637,687,204,200,226,223,215,256,103,94,114,111,106,109,101,106,112,112,109,147,592,85,507,마포대로20길
2015,4,A,골목상권,1000471,1518,730,788,252,214,304,241,249,258,122,100,152,121,122,113,130,114,152,120,127,145,422,45,377,마포대로12길
2015,4,A,골목상권,1000470,2128,1001,1127,256,397,457,336,287,395,132,178,219,169,132,171,124,219,238,167,155,224,1114,0,1114,동교로38길
2015,4,A,골목상권,1000469,2860,1342,1518,349,532,617,450,386,526,178,237,296,227,177,227,171,295,321,223,209,299,1484,15,1469,동교로27길
2015,4,A,골목상권,1000468,1520,714,806,185,283,328,239,205,280,95,126,158,119,95,121,90,157,170,120,110,159,784,40,744,동교로25길
2015,4,A,골목상권,1000467,1884,881,1003,243,352,408,311,242,328,123,155,194,149,115,145,120,197,214,162,127,183,992,439,553,동교로19길
2015,4,A,골목상권,1000466,1714,796,918,201,348,392,272,211,290,101,150,184,131,102,128,100,198,208,141,109,162,963,49,914,동교로17길
2015,4,A,골목상권,1000465,1605,768,837,248,285,352,226,214,280,128,127,175,115,101,122,120,158,177,111,113,158,765,87,678,독막로8길
2015,4,A,골목상권,1000464,2942,1448,1494,537,411,527,521,415,531,279,214,262,259,202,232,258,197,265,262,213,299,1230,183,1047,독막로32길
2015,4,A,골목상권,1000463,826,395,431,138,151,161,137,115,124,70,73,74,68,56,54,68,78,87,69,59,70,417,127,290,독막로22길
2015,4,A,골목상권,1000462,982,469,513,162,138,173,158,152,199,83,65,83,79,73,86,79,73,90,79,79,113,396,155,241,도화길
2015,4,A,골목상권,1000461,4028,1933,2095,667,563,704,654,627,813,347,266,343,325,301,351,320,297,361,329,326,462,1659,1238,421,도화4길
2015,4,A,골목상권,1000460,2394,1170,1224,342,379,385,414,373,501,172,188,197,210,189,214,170,191,188,204,184,287,1226,0,1226,대흥로28길
2015,4,A,골목상권,1000459,5108,2507,2601,562,1181,885,766,719,995,291,545,456,410,375,430,271,636,429,356,344,565,3242,27,3215,대흥로21길
2015,4,A,골목상권,1000458,1789,884,905,307,274,317,307,255,329,161,140,158,154,126,145,146,134,159,153,129,184,798,120,678,광성로6길
2015,4,A,골목상권,1000457,3240,1541,1699,540,415,502,563,515,705,267,211,251,268,240,304,273,204,251,295,275,401,1335,253,1082,홍제내길
2015,4,A,골목상권,1000456,1379,672,707,199,257,223,223,201,276,104,132,111,110,94,121,95,125,112,113,107,155,662,149,513,홍연길
2015,4,A,골목상권,1000455,1460,695,765,241,190,229,253,229,318,119,97,115,121,106,137,122,93,114,132,123,181,602,70,532,통일로39길
2015,4,A,골목상권,1000454,1362,650,712,228,174,211,238,215,296,113,89,106,114,99,129,115,85,105,124,116,167,563,83,480,통일로37길
2015,4,A,골목상권,1000453,373,181,192,69,46,59,65,56,78,36,24,28,33,28,32,33,22,31,32,28,46,167,0,167,통일로11길
2015,4,A,골목상권,1000452,504,248,256,70,76,77,83,87,111,35,38,39,43,44,49,35,38,38,40,43,62,242,108,134,충정로6길
2015,4,A,골목상권,1000451,162,80,82,23,24,24,26,28,37,12,12,12,14,14,16,11,12,12,12,14,21,80,0,80,충정로4길
2015,4,A,골목상권,1000450,3993,1952,2041,664,581,549,696,655,848,338,296,284,345,314,375,326,285,265,351,341,473,1673,56,1617,증가로6길
2015,4,A,골목상권,1000449,5311,2606,2705,898,743,821,909,853,1087,462,382,411,459,408,484,436,361,410,450,445,603,2148,60,2088,증가로23나길
2015,4,A,골목상권,1000448,3690,1816,1874,618,517,559,632,589,775,318,266,283,319,286,344,300,251,276,313,303,431,1530,76,1454,증가로20가길
2015,4,A,골목상권,1000447,3723,1831,1892,615,531,517,650,602,808,317,273,270,323,294,354,298,258,247,327,308,454,1601,60,1541,증가로10길
2015,4,A,골목상권,1000446,3389,1663,1726,575,473,520,582,542,697,294,244,260,294,260,311,281,229,260,288,282,386,1384,61,1323,응암로1길
2015,4,A,골목상권,1000445,2384,1156,1228,344,447,382,384,348,479,177,229,189,187,165,209,167,218,193,197,183,270,1144,0,1144,연희로10길
2015,4,A,골목상권,1000444,903,438,465,133,138,148,156,146,182,64,69,78,78,72,77,69,69,70,78,74,105,309,0,309,신촌로37길
2015,4,A,골목상권,1000443,4268,2078,2190,857,511,703,767,643,787,442,254,335,386,314,347,415,257,368,381,329,440,2283,254,2029,수색로8길
2015,4,A,골목상권,1000442,4345,2126,2219,676,563,587,739,718,1062,343,285,313,371,359,455,333,278,274,368,359,607,1854,48,1806,세무서길
2015,4,A,골목상권,1000441,2680,1292,1388,436,362,376,447,467,592,224,181,189,219,225,254,212,181,187,228,242,338,1072,48,1024,세무서2길
2015,4,A,골목상권,1000440,1014,500,514,168,131,129,171,179,236,84,69,67,86,90,104,84,62,62,85,89,132,429,118,311,세검정로1길
2015,4,A,골목상권,1000439,3781,1837,1944,553,571,620,653,617,767,267,288,328,328,305,321,286,283,292,325,312,446,1394,77,1317,북아현로4길
2015,4,A,골목상권,1000438,2836,1401,1435,462,403,399,489,448,635,239,208,211,244,223,276,223,195,188,245,225,359,1247,707,540,모래내로15길
2015,4,A,골목상권,1000437,2545,1249,1296,417,361,353,444,413,557,214,187,183,219,203,243,203,174,170,225,210,314,1099,28,1071,명지대길
2015,4,A,골목상권,1000436,4046,1966,2080,725,513,621,706,631,850,371,267,299,362,314,353,354,246,322,344,317,497,1825,466,1359,독립문로8길
2015,4,A,골목상권,1000435,2811,1389,1422,459,397,396,488,445,626,239,206,208,243,222,271,220,191,188,245,223,355,1243,8,1235,가재울로6길
2015,4,A,골목상권,1000434,4129,2035,2094,594,580,621,665,720,949,311,301,331,333,335,424,283,279,290,332,385,525,1928,87,1841,통일로92길
2015,4,A,골목상권,1000433,1725,846,879,272,254,255,289,294,361,146,130,131,139,139,161,126,124,124,150,155,200,746,20,726,통일로87길
2015,4,A,골목상권,1000432,3334,1648,1686,479,470,500,536,580,769,251,245,267,268,272,345,228,225,233,268,308,424,1558,61,1497,통일로78길
2015,4,A,골목상권,1000431,1555,740,815,233,234,273,257,235,323,114,108,138,127,112,141,119,126,135,130,123,182,719,0,719,통일로69길
2015,4,A,골목상권,1000430,3820,1841,1979,680,503,663,657,585,732,344,247,330,326,271,323,336,256,333,331,314,409,1514,156,1358,진흥로1길
2015,4,A,골목상권,1000429,6638,3215,3423,1030,869,1118,1108,1079,1434,529,431,563,555,513,624,501,438,555,553,566,810,2411,55,2356,진흥로12길
2015,4,A,골목상권,1000428,2641,1318,1323,431,347,407,440,434,582,224,182,209,222,210,271,207,165,198,218,224,311,1076,119,957,증산서길
2015,4,A,골목상권,1000427,3049,1521,1528,501,399,472,506,504,667,260,209,242,254,244,312,241,190,230,252,260,355,1241,64,1177,증산로9길
2015,4,A,골목상권,1000426,2475,1239,1236,408,324,381,410,412,540,212,170,198,207,200,252,196,154,183,203,212,288,1003,111,892,증산로5길
2015,4,A,골목상권,1000425,5675,2773,2902,977,774,951,951,925,1097,509,393,483,462,438,488,468,381,468,489,487,609,2243,265,1978,증산로21길
2015,4,A,골목상권,1000424,1556,782,774,278,204,234,268,258,314,151,107,121,134,126,143,127,97,113,134,132,171,626,92,534,증산로17길
2015,4,A,골목상권,1000423,2141,1074,1067,373,284,325,364,355,440,198,150,167,182,175,202,175,134,158,182,180,238,858,315,543,증산로15길
2015,4,A,골목상권,1000422,2387,1191,1196,394,319,367,397,392,518,207,167,188,202,188,239,187,152,179,195,204,279,974,27,947,증산로13길
2015,4,A,골목상권,1000421,4316,2096,2220,827,518,737,770,634,830,435,255,359,387,304,356,392,263,378,383,330,474,2197,76,2121,응암로34길
2015,4,A,골목상권,1000420,3459,1704,1755,646,405,571,619,523,695,342,209,285,316,252,300,304,196,286,303,271,395,1734,19,1715,응암로22길
2015,4,A,골목상권,1000419,1855,908,947,272,252,275,304,315,437,141,130,142,155,153,187,131,122,133,149,162,250,849,32,817,응암로14길
2015,4,A,골목상권,1000418,1387,681,706,204,189,206,230,233,325,106,98,106,118,114,139,98,91,100,112,119,186,634,8,626,응암로13길
2015,4,A,골목상권,1000417,1232,604,628,181,167,182,204,208,290,94,87,94,104,101,124,87,80,88,100,107,166,565,0,565,응암로12길
2015,4,A,골목상권,1000416,2263,1086,1177,410,292,381,384,346,450,213,140,187,189,164,193,197,152,194,195,182,257,1043,154,889,은평로8길
2015,4,A,골목상권,1000415,2395,1164,1231,419,322,410,406,379,459,215,162,207,198,179,203,204,160,203,208,200,256,948,30,918,은평로3길
2015,4,A,골목상권,1000414,1922,924,998,353,247,325,332,289,376,183,119,159,166,136,161,170,128,166,166,153,215,931,14,917,은평로20길
2015,4,A,골목상권,1000413,3018,1457,1561,495,392,509,507,479,636,254,192,254,253,228,276,241,200,255,254,251,360,1212,27,1185,은평로13길
2015,4,A,골목상권,1000412,3018,1451,1567,556,385,514,518,452,593,289,185,252,257,214,254,267,200,262,261,238,339,1444,23,1421,은평로10길
2015,4,A,골목상권,1000411,2823,1360,1463,501,372,491,485,435,539,255,182,245,239,202,237,246,190,246,246,233,302,1126,145,981,연서로5길
2015,4,A,골목상권,1000410,2636,1296,1340,382,372,394,421,459,608,198,194,209,211,212,272,184,178,185,210,247,336,1237,40,1197,연서로41길
2015,4,A,골목상권,1000409,3599,1735,1864,640,475,623,617,553,691,324,233,310,305,258,305,316,242,313,312,295,386,1436,122,1314,연서로3길
2015,4,A,골목상권,1000408,1958,967,991,279,274,294,317,342,452,146,143,157,159,160,202,133,131,137,158,182,250,917,10,907,연서로34길
2015,4,A,골목상권,1000407,1451,715,736,209,205,219,234,250,334,108,106,117,117,117,150,101,99,102,117,133,184,679,5,674,연서로33길
2015,4,A,골목상권,1000406,1166,577,589,182,173,175,195,198,243,98,90,92,94,94,109,84,83,83,101,104,134,507,19,488,연서로29길
2015,4,A,골목상권,1000405,4089,1949,2140,612,611,724,669,622,851,301,281,366,334,295,372,311,330,358,335,327,479,1872,76,1796,연서로28길
2015,4,A,골목상권,1000404,2863,1379,1484,529,396,464,505,445,524,265,193,241,241,212,227,264,203,223,264,233,297,1143,63,1080,연서로27길
2015,4,A,골목상권,1000403,4289,2064,2225,794,593,692,757,666,787,400,289,360,360,314,341,394,304,332,397,352,446,1712,192,1520,연서로21길
2015,4,A,골목상권,1000402,1949,936,1013,361,270,314,342,304,358,181,132,162,162,144,155,180,138,152,180,160,203,779,108,671,연서로17길
2015,4,A,골목상권,1000401,5208,2506,2702,923,688,907,894,798,998,465,337,453,441,371,439,458,351,454,453,427,559,2066,98,1968,연서로16길
2015,4,A,골목상권,1000400,4474,2268,2206,805,574,638,774,742,941,396,288,329,395,382,478,409,286,309,379,360,463,1663,50,1613,연서로13길
2015,4,A,골목상권,1000399,3539,1765,1774,634,457,543,612,572,721,314,227,278,309,286,351,320,230,265,303,286,370,1356,157,1199,연서로11길
2015,4,A,골목상권,1000398,5371,2559,2812,804,804,948,885,814,1116,394,371,480,441,387,486,410,433,468,444,427,630,2467,84,2383,역말로9길
2015,4,A,골목상권,1000397,1992,1006,986,289,259,289,312,364,479,153,140,153,167,185,208,136,119,136,145,179,271,955,20,935,수색로18길
2015,4,A,골목상권,1000396,2841,1356,1485,425,426,500,470,429,591,208,197,254,235,204,258,217,229,246,235,225,333,1295,25,1270,서오릉로8길
2015,4,A,골목상권,1000395,4217,2139,2078,762,538,603,730,699,885,375,269,312,373,360,450,387,269,291,357,339,435,1585,315,1270,서오릉로21길
2015,4,A,골목상권,1000394,3753,1845,1908,558,511,563,613,629,879,292,266,292,313,306,376,266,245,271,300,323,503,1718,85,1633,불광천길
2015,4,A,골목상권,1000393,2956,1435,1521,523,389,500,509,460,575,264,193,250,252,217,259,259,196,250,257,243,316,1169,140,1029,갈현로7길
2015,4,A,골목상권,1000392,3333,1641,1692,526,493,494,555,569,696,279,256,257,269,269,311,247,237,237,286,300,385,1443,0,1443,갈현로41길
2015,4,A,골목상권,1000391,3760,1824,1936,641,538,583,645,613,740,330,269,301,308,291,325,311,269,282,337,322,415,1569,197,1372,갈현로33길
2015,4,A,골목상권,1000390,2219,1083,1136,383,301,374,371,362,428,198,153,189,180,172,191,185,148,185,191,190,237,877,134,743,갈현로1길
2015,4,A,골목상권,1000389,2804,1382,1422,421,381,419,462,470,651,222,196,219,237,229,279,199,185,200,225,241,372,1277,112,1165,가좌로7길
2015,4,A,골목상권,1000388,4622,2257,2365,788,643,595,811,785,1000,405,332,310,391,382,437,383,311,285,420,403,563,1884,33,1851,한글비석로44길
2015,4,A,골목상권,1000387,3952,1937,2015,670,549,512,693,669,859,346,286,266,336,327,376,324,263,246,357,342,483,1616,0,1616,한글비석로24길
2015,4,A,골목상권,1000386,2323,1138,1185,479,298,273,443,376,454,254,159,136,216,184,189,225,139,137,227,192,265,860,429,431,한글비석로22길
2015,4,A,골목상권,1000385,1464,756,708,245,236,227,220,230,306,132,138,116,114,113,143,113,98,111,106,117,163,586,84,502,석계로1길
2015,4,A,골목상권,1000384,3240,1593,1647,561,491,420,565,567,636,288,250,215,272,279,289,273,241,205,293,288,347,1318,0,1318,상계로9가길
2015,4,A,골목상권,1000383,1078,532,546,188,170,136,187,199,198,97,85,69,89,98,94,91,85,67,98,101,104,423,290,133,상계로1길
2015,4,A,골목상권,1000382,3797,1875,1922,656,608,483,663,696,691,338,304,245,316,344,328,318,304,238,347,352,363,1519,241,1278,상계로12길
2015,4,A,골목상권,1000381,2760,1351,1409,499,389,392,458,493,529,258,198,194,221,236,244,241,191,198,237,257,285,1005,215,790,동일로242길
2015,4,A,골목상권,1000380,2969,1452,1517,484,499,504,454,476,552,244,249,260,230,220,249,240,250,244,224,256,303,1298,16,1282,동일로192길
2015,4,A,골목상권,1000379,3579,1751,1828,581,599,608,545,581,665,295,299,313,277,268,299,286,300,295,268,313,366,1579,573,1006,동일로173가길
2015,4,A,골목상권,1000378,2432,1178,1254,493,409,247,443,430,410,272,222,123,199,207,155,221,187,124,244,223,255,768,28,740,공릉로58길
2015,4,A,골목상권,1000377,797,390,407,144,118,120,125,142,148,74,59,60,60,67,70,70,59,60,65,75,78,298,119,179,해등로16길
2015,4,A,골목상권,1000376,2181,1095,1086,371,282,306,380,373,469,195,147,163,191,187,212,176,135,143,189,186,257,934,14,920,우이천로4다길
2015,4,A,골목상권,1000375,2741,1338,1403,469,362,370,456,475,609,237,182,190,227,225,277,232,180,180,229,250,332,1099,203,896,우이천로32길
2015,4,A,골목상권,1000374,3390,1724,1666,440,433,448,514,620,935,226,227,251,266,315,439,214,206,197,248,305,496,1500,0,1500,시루봉로23길
2015,4,A,골목상권,1000373,1504,737,767,252,196,203,249,260,344,129,99,104,124,124,157,123,97,99,125,136,187,620,0,620,삼양로144길
2015,4,A,골목상권,1000372,2178,1086,1092,353,309,294,365,408,449,183,159,153,182,200,209,170,150,141,183,208,240,900,19,881,방학로6가길
2015,4,A,골목상권,1000371,3695,1799,1896,616,510,568,608,612,781,327,259,295,294,283,341,289,251,273,314,329,440,1444,54,1390,방학로5길
2015,4,A,골목상권,1000370,3404,1667,1737,682,479,422,582,623,616,365,254,202,275,293,278,317,225,220,307,330,338,1165,968,197,방학로15길
2015,4,A,골목상권,1000369,2040,1041,999,332,272,267,354,362,453,175,149,148,181,181,207,157,123,119,173,181,246,876,0,876,방학로10길
2015,4,A,골목상권,1000368,1743,888,855,226,224,231,263,316,483,117,118,128,136,161,228,109,106,103,127,155,255,760,163,597,도봉산길
2015,4,A,골목상권,1000367,413,210,203,53,54,56,64,74,112,27,29,31,33,37,53,26,25,25,31,37,59,182,0,182,도봉산4길
2015,4,A,골목상권,1000366,1918,974,944,248,247,254,290,349,530,128,130,142,150,175,249,120,117,112,140,174,281,842,0,842,도봉로181길
2015,4,A,골목상권,1000365,2209,1124,1085,283,286,294,334,403,609,146,149,164,174,204,287,137,137,130,160,199,322,970,240,730,도봉로169나길
2015,4,A,골목상권,1000364,2196,1083,1113,344,264,334,323,385,546,176,137,169,167,179,255,168,127,165,156,206,291,865,10,855,도봉로156길
2015,4,A,골목상권,1000363,1152,571,581,182,137,174,169,203,287,94,71,88,88,96,134,88,66,86,81,107,153,459,0,459,도봉로152가길
2015,4,A,골목상권,1000362,4872,2433,2439,787,696,659,817,911,1002,409,358,345,408,447,466,378,338,314,409,464,536,2010,10,2000,도봉로147길
2015,4,A,골목상권,1000361,1832,915,917,295,264,246,308,342,377,154,137,128,154,166,176,141,127,118,154,176,201,756,96,660,도봉로143길
2015,4,A,골목상권,1000360,6901,3349,3552,1308,853,1076,1253,1111,1300,667,431,544,600,529,578,641,422,532,653,582,722,2778,294,2484,도봉로114길
2015,4,A,골목상권,1000359,2048,1007,1041,306,287,337,326,340,452,160,143,175,165,159,205,146,144,162,161,181,247,880,126,754,도봉로109길
2015,4,A,골목상권,1000358,2832,1414,1418,445,397,385,466,526,613,229,206,202,234,258,285,216,191,183,232,268,328,1180,8,1172,도당로29길
2015,4,A,골목상권,1000357,4003,2018,1985,629,550,532,671,730,891,330,294,285,339,360,410,299,256,247,332,370,481,1695,10,1685,도당로19길
2015,4,A,골목상권,1000356,3067,1558,1509,496,409,402,531,545,684,261,226,221,271,270,309,235,183,181,260,275,375,1318,0,1318,도당로13바길
2015,4,A,골목상권,1000355,1356,685,671,220,182,177,234,242,301,115,100,95,120,120,135,105,82,82,114,122,166,579,0,579,도당로13가길
2015,4,A,골목상권,1000354,2097,1053,1044,357,271,294,366,360,449,187,141,158,183,181,203,170,130,136,183,179,246,884,78,806,덕릉로60길
2015,4,A,골목상권,1000353,1855,904,951,330,270,282,294,336,343,171,135,141,138,157,162,159,135,141,156,179,181,698,370,328,노해로63다길
2015,4,A,골목상권,1000352,2270,1107,1163,340,318,371,364,376,501,176,156,190,184,174,227,164,162,181,180,202,274,978,69,909,노해로60길
2015,4,A,골목상권,1000351,1801,899,902,218,283,297,287,308,408,113,141,161,146,151,187,105,142,136,141,157,221,856,0,856,한천로140길
2015,4,A,골목상권,1000350,1525,765,760,183,238,253,244,260,347,95,119,139,125,128,159,88,119,114,119,132,188,724,0,724,한천로139가길
2015,4,A,골목상권,1000349,1773,879,894,241,268,294,297,294,379,127,127,150,160,145,170,114,141,144,137,149,209,853,90,763,한천로132길
2015,4,A,골목상권,1000348,3382,1676,1706,465,512,564,569,552,720,242,243,290,304,274,323,223,269,274,265,278,397,1634,16,1618,한천로130길
2015,4,A,골목상권,1000347,1790,891,899,245,273,295,305,290,382,130,132,153,164,142,170,115,141,142,141,148,212,873,123,750,한천로124나길
2015,4,A,골목상권,1000346,1771,848,923,294,202,252,288,265,470,149,101,133,148,127,190,145,101,119,140,138,280,639,454,185,한천로109길
2015,4,A,골목상권,1000345,3081,1504,1577,472,396,434,491,529,759,241,199,229,247,252,336,231,197,205,244,277,423,1307,10,1297,인수봉로79길
2015,4,A,골목상권,1000344,3718,1819,1899,572,479,524,591,640,912,294,242,277,297,304,405,278,237,247,294,336,507,1547,405,1142,인수봉로72길
2015,4,A,골목상권,1000343,2044,1000,1044,313,264,290,326,350,501,159,135,154,163,166,223,154,129,136,163,184,278,874,0,874,인수봉로56길
2015,4,A,골목상권,1000342,2216,1097,1119,305,335,368,373,362,473,159,159,189,198,180,212,146,176,179,175,182,261,1075,138,937,오패산로67길
2015,4,A,골목상권,1000341,2670,1303,1367,375,374,396,436,465,624,195,185,209,218,224,272,180,189,187,218,241,352,1180,0,1180,오패산로52길
2015,4,A,골목상권,1000340,893,434,459,125,123,132,144,155,214,64,61,70,72,72,95,61,62,62,72,83,119,407,0,407,오패산로30길
2015,4,A,골목상권,1000339,2482,1240,1242,370,351,367,396,431,567,191,179,201,203,209,257,179,172,166,193,222,310,1089,174,915,수유로12길
2015,4,A,골목상권,1000338,2567,1285,1282,345,335,362,425,475,625,175,171,198,220,237,284,170,164,164,205,238,341,1160,108,1052,솔샘로65길
2015,4,A,골목상권,1000337,2216,1083,1133,304,326,330,359,390,507,158,157,175,181,187,225,146,169,155,178,203,282,1037,20,1017,솔매로50길
2015,4,A,골목상권,1000336,2041,995,1046,274,316,310,329,362,450,141,151,164,165,176,198,133,165,146,164,186,252,979,11,968,솔매로45길
2015,4,A,골목상권,1000335,3605,1763,1842,505,538,545,588,637,792,261,261,286,296,310,349,244,277,259,292,327,443,1679,14,1665,솔매로41길
2015,4,A,골목상권,1000334,2869,1401,1468,438,371,405,453,495,707,223,189,215,227,235,312,215,182,190,226,260,395,1216,11,1205,삼양로93길
2015,4,A,골목상권,1000333,3291,1647,1644,492,459,488,523,572,757,254,236,267,269,278,343,238,223,221,254,294,414,1443,8,1435,삼양로77길
2015,4,A,골목상권,1000332,3827,1895,1932,517,530,550,632,698,900,261,266,296,322,345,405,256,264,254,310,353,495,1774,28,1746,삼양로54길
2015,4,A,골목상권,1000331,5115,2556,2559,876,642,753,875,868,1101,455,340,392,443,432,494,421,302,361,432,436,607,2154,8,2146,삼양로41길
2015,4,A,골목상권,1000330,568,276,292,143,56,89,120,76,84,73,29,41,60,37,36,70,27,48,60,39,48,193,44,149,삼양로27길
2015,4,A,골목상권,1000329,2367,1182,1185,318,309,333,394,437,576,161,158,181,202,218,262,157,151,152,192,219,314,1084,88,996,삼양로24길
2015,4,A,골목상권,1000328,2210,1103,1107,297,289,313,367,408,536,151,146,170,188,204,244,146,143,143,179,204,292,1015,0,1015,삼양로20길
2015,4,A,골목상권,1000327,3645,1820,1825,435,575,603,580,626,826,227,286,328,294,309,376,208,289,275,286,317,450,1733,62,1671,삼각산로28길
2015,4,A,골목상권,1000326,2412,1203,1209,290,379,398,385,414,546,149,189,217,196,204,248,141,190,181,189,210,298,1151,20,1131,도봉로99길
2015,4,A,골목상권,1000325,201,100,101,28,26,29,34,36,48,15,13,16,17,17,22,13,13,13,17,19,26,96,0,96,도봉로8길
2015,4,A,골목상권,1000324,3502,1706,1796,468,541,531,562,626,774,243,259,279,282,304,339,225,282,252,280,322,435,1660,387,1273,도봉로76길
2015,4,A,골목상권,1000323,1647,813,834,246,233,247,273,289,359,127,116,130,139,142,159,119,117,117,134,147,200,749,0,749,도봉로67길
2015,4,A,골목상권,1000322,3416,1677,1739,458,507,509,551,617,774,237,246,270,278,303,343,221,261,239,273,314,431,1598,61,1537,도봉로45길
2015,4,A,골목상권,1000321,3088,1504,1584,432,427,457,505,537,730,220,211,242,253,253,325,212,216,215,252,284,405,1405,62,1343,도봉로18길
2015,4,A,골목상권,1000320,1497,748,749,205,197,208,244,278,365,104,102,113,125,139,165,101,95,95,119,139,200,687,0,687,도봉로13길
2015,4,A,골목상권,1000319,2419,1200,1219,333,367,401,407,394,517,174,176,207,217,195,231,159,191,194,190,199,286,1172,26,1146,덕릉로41길
2015,4,A,골목상권,1000318,2536,1243,1293,381,320,367,412,423,633,199,167,196,208,207,266,182,153,171,204,216,367,1098,0,1098,덕릉로40길
2015,4,A,골목상권,1000317,2826,1392,1434,429,369,398,460,480,690,225,194,208,227,233,305,204,175,190,233,247,385,1162,41,1121,노해로33길
2015,4,A,골목상권,1000316,1355,668,687,203,180,189,221,231,331,107,95,99,110,111,146,96,85,90,111,120,185,546,0,546,노해로23길
2015,4,A,골목상권,1000315,2561,1282,1279,308,406,423,409,439,576,161,203,231,208,216,263,147,203,192,201,223,313,1212,35,1177,노해로17길
2015,4,A,골목상권,1000314,1394,699,695,210,193,216,226,243,306,112,98,112,117,118,142,98,95,104,109,125,164,610,0,610,화랑로40길
2015,4,A,골목상권,1000313,3794,1908,1886,578,527,588,612,661,828,308,270,307,315,321,387,270,257,281,297,340,441,1649,0,1649,화랑로32길
2015,4,A,골목상권,1000312,2224,1082,1142,453,248,350,407,334,432,225,124,167,217,157,192,228,124,183,190,177,240,832,98,734,화랑로1길
2015,4,A,골목상권,1000311,2796,1395,1401,447,399,402,467,464,617,230,200,212,243,231,279,217,199,190,224,233,338,1200,0,1200,화랑로19길
2015,4,A,골목상권,1000310,1654,816,838,279,256,248,275,256,340,141,121,127,145,128,154,138,135,121,130,128,186,694,0,694,화랑로14길
2015,4,A,골목상권,1000309,864,429,435,149,130,130,144,134,177,77,62,66,76,67,81,72,68,64,68,67,96,364,0,364,화랑로13길
2015,4,A,골목상권,1000308,1878,943,935,287,261,289,303,329,409,153,133,150,156,160,191,134,128,139,147,169,218,820,122,698,한천로76길
2015,4,A,골목상권,1000307,3649,1836,1813,590,477,479,632,658,813,299,254,256,323,330,374,291,223,223,309,328,439,1600,203,1397,한천로101가길
2015,4,A,골목상권,1000306,1181,568,613,181,219,180,192,168,241,93,108,87,95,81,104,88,111,93,97,87,137,554,18,536,창경궁로43길
2015,4,A,골목상권,1000305,2522,1233,1289,350,425,415,430,406,496,174,213,217,217,195,217,176,212,198,213,211,279,1221,16,1205,지봉로20길
2015,4,A,골목상권,1000304,2006,997,1009,383,286,301,358,307,371,199,154,151,183,150,160,184,132,150,175,157,211,832,162,670,종암로5길
2015,4,A,골목상권,1000303,2407,1197,1210,459,345,363,431,365,444,239,185,183,219,179,192,220,160,180,212,186,252,996,438,558,종암로24가길
2015,4,A,골목상권,1000302,1155,574,581,219,165,175,204,176,216,116,89,88,103,86,92,103,76,87,101,90,124,476,208,268,종암로21길
2015,4,A,골목상권,1000301,1566,781,785,301,223,239,279,238,286,156,121,120,143,117,124,145,102,119,136,121,162,637,172,465,종암로19길
2015,4,A,골목상권,1000300,3062,1523,1539,589,439,461,545,462,566,308,236,231,278,225,245,281,203,230,267,237,321,1269,0,1269,종암로16길
2015,4,A,골목상권,1000299,1629,812,817,238,276,223,247,255,390,120,154,125,122,124,167,118,122,98,125,131,223,754,0,754,정릉로8길
2015,4,A,골목상권,1000298,2665,1313,1352,484,328,412,450,424,567,256,172,207,223,199,256,228,156,205,227,225,311,1087,0,1087,정릉로27길
2015,4,A,골목상권,1000297,457,225,232,84,56,71,76,73,97,44,30,36,37,34,44,40,26,35,39,39,53,168,0,168,정릉로26길
2015,4,A,골목상권,1000296,1750,892,858,287,214,231,301,317,400,144,116,120,161,162,189,143,98,111,140,155,211,802,0,802,장위로50길
2015,4,A,골목상권,1000295,2435,1200,1235,412,374,366,406,380,497,210,176,187,212,190,225,202,198,179,194,190,272,1025,278,747,장월로1길
2015,4,A,골목상권,1000294,456,225,231,62,80,75,80,70,89,31,40,40,40,34,40,31,40,35,40,36,49,218,12,206,인촌로6길
2015,4,A,골목상권,1000293,1776,851,925,230,463,295,254,229,305,116,210,152,128,113,132,114,253,143,126,116,173,989,40,949,인촌로5길
2015,4,A,골목상권,1000292,706,361,345,86,193,109,99,98,121,46,104,60,50,49,52,40,89,49,49,49,69,391,0,391,인촌로24길
2015,4,A,골목상권,1000291,1055,538,517,129,291,159,149,146,181,69,153,88,76,73,79,60,138,71,73,73,102,580,21,559,개운사길
2015,4,A,골목상권,1000290,1231,603,628,172,208,203,213,196,239,86,104,106,107,94,106,86,104,97,106,102,133,595,0,595,인촌로1길
2015,4,A,골목상권,1000289,1902,972,930,234,523,290,266,261,328,126,277,160,136,130,143,108,246,130,130,131,185,1048,0,1048,인촌로17가길
2015,4,A,골목상권,1000288,3060,1509,1551,517,474,458,510,474,627,263,223,232,267,238,286,254,251,226,243,236,341,1294,171,1123,오패산로4길
2015,4,A,골목상권,1000287,3390,1653,1737,690,375,531,623,507,664,342,186,252,330,246,297,348,189,279,293,261,367,1261,524,737,오패산로3길
2015,4,A,골목상권,1000286,1787,872,915,362,196,280,329,272,348,180,97,134,174,132,155,182,99,146,155,140,193,665,0,665,오패산로19길
2015,4,A,골목상권,1000285,2141,1092,1049,259,586,326,303,299,368,137,309,182,155,148,161,122,277,144,148,151,207,1181,27,1154,안암로5길
2015,4,A,골목상권,1000284,3109,1362,1747,419,763,556,463,370,538,200,267,261,231,174,229,219,496,295,232,196,309,1744,52,1692,아리랑로4길
2015,4,A,골목상권,1000283,1853,919,934,270,315,252,279,294,443,136,177,140,138,139,189,134,138,112,141,155,254,858,12,846,솔샘로6길
2015,4,A,골목상권,1000282,1166,557,609,179,182,181,201,174,249,93,85,86,100,84,109,86,97,95,101,90,140,535,111,424,성북로8길
2015,4,A,골목상권,1000281,3444,1699,1745,566,440,525,572,582,759,300,222,264,288,281,344,266,218,261,284,301,415,1253,48,1205,삼양로8길
2015,4,A,골목상권,1000280,1040,502,538,168,173,168,176,155,200,86,83,85,88,74,86,82,90,83,88,81,114,503,0,503,삼선교로16가길
2015,4,A,골목상권,1000279,1651,804,847,264,273,263,287,249,315,137,129,136,144,122,136,127,144,127,143,127,179,803,8,795,삼선교로10다길
2015,4,A,골목상권,1000278,1272,613,659,205,210,204,217,192,244,104,101,103,109,92,104,101,109,101,108,100,140,621,0,621,삼선교로10길
2015,4,A,골목상권,1000277,1537,672,865,211,377,275,224,185,265,101,133,129,111,87,111,110,244,146,113,98,154,857,0,857,보문로32길
2015,4,A,골목상권,1000276,1847,893,954,297,306,295,322,275,352,153,144,151,162,131,152,144,162,144,160,144,200,893,61,832,보문로31길
2015,4,A,골목상권,1000275,1634,833,801,198,449,250,231,226,280,106,236,138,118,113,122,92,213,112,113,113,158,901,22,879,보문로26길
2015,4,A,골목상권,1000274,2272,1114,1158,317,380,376,388,363,448,158,191,197,197,174,197,159,189,179,191,189,251,1101,0,1101,보문로13길
2015,4,A,골목상권,1000273,2905,1415,1490,544,346,467,520,434,594,282,173,227,261,205,267,262,173,240,259,229,327,1139,148,991,보국문로16길
2015,4,A,골목상권,1000272,168,85,83,27,28,27,30,24,32,15,13,15,15,12,15,12,15,12,15,12,17,82,0,82,동소문로6길
2015,4,A,골목상권,1000271,237,114,123,38,39,38,40,37,45,19,19,19,20,18,19,19,20,19,20,19,26,116,0,116,동소문로2길
2015,4,A,골목상권,1000270,2009,886,1123,269,495,363,299,239,344,130,174,171,149,115,147,139,321,192,150,124,197,1127,79,1048,동소문로26가길
2015,4,A,골목상권,1000269,1050,460,590,140,258,188,156,124,184,68,91,87,78,58,78,72,167,101,78,66,106,584,118,466,동소문로15길
2015,4,A,골목상권,1000268,1931,908,1023,291,334,309,325,277,395,148,144,148,161,134,173,143,190,161,164,143,222,918,405,513,동소문로13길
2015,4,A,골목상권,1000267,1334,671,663,201,185,204,219,233,292,105,96,105,114,115,136,96,89,99,105,118,156,590,0,590,돌곶이로8길
2015,4,A,골목상권,1000266,1732,866,866,275,235,227,300,313,382,141,125,124,149,156,171,134,110,103,151,157,211,726,0,726,돌곶이로41길
2015,4,A,골목상권,1000265,1693,852,841,262,213,226,290,302,400,133,112,123,149,151,184,129,101,103,141,151,216,750,123,627,돌곶이로28길
2015,4,A,골목상권,1000264,2826,1411,1415,415,366,383,479,504,679,211,189,211,246,248,306,204,177,172,233,256,373,1225,0,1225,돌곶이로27길
2015,4,A,골목상권,1000263,1221,615,606,185,169,187,198,213,269,98,87,98,102,104,126,87,82,89,96,109,143,531,0,531,돌곶이로22길
2015,4,A,골목상권,1000262,1286,649,637,195,177,200,208,224,282,105,90,105,108,109,132,90,87,95,100,115,150,567,0,567,돌곶이로14길
2015,4,A,골목상권,1000261,1830,881,949,461,178,320,380,222,269,234,85,146,194,104,118,227,93,174,186,118,151,662,0,662,길음로7길
2015,4,A,골목상권,1000260,2617,1321,1296,393,374,427,452,469,502,201,188,229,236,238,229,192,186,198,216,231,273,1208,162,1046,중랑천로10길
2015,4,A,골목상권,1000259,3429,1722,1707,493,501,531,565,625,714,249,257,287,292,309,328,244,244,244,273,316,386,1530,0,1530,용마산로94길
2015,4,A,골목상권,1000258,1545,783,762,229,219,231,245,295,326,117,113,125,125,151,152,112,106,106,120,144,174,689,0,689,용마산로118길
2015,4,A,골목상권,1000257,2665,1351,1314,391,382,401,422,508,561,199,196,217,217,259,263,192,186,184,205,249,298,1184,155,1029,용마산로112길
2015,4,A,골목상권,1000256,3100,1554,1546,471,433,453,537,571,635,232,222,240,274,299,287,239,211,213,263,272,348,1402,0,1402,용마산로100길
2015,4,A,골목상권,1000255,772,379,393,149,113,110,132,140,128,78,57,55,64,68,57,71,56,55,68,72,71,298,79,219,신내로7가길
2015,4,A,골목상권,1000254,3144,1567,1577,447,448,508,499,567,675,233,225,264,260,277,308,214,223,244,239,290,367,1415,11,1404,사가정로54길
2015,4,A,골목상권,1000253,2904,1440,1464,413,416,472,459,523,621,213,208,244,238,254,283,200,208,228,221,269,338,1297,481,816,사가정로42길
2015,4,A,골목상권,1000252,3998,1964,2034,844,540,626,616,658,714,433,278,308,300,318,327,411,262,318,316,340,387,1395,740,655,봉화산로56길
2015,4,A,골목상권,1000251,4507,2327,2180,545,637,675,740,917,993,286,330,368,395,482,466,259,307,307,345,435,527,2231,0,2231,봉화산로4길
2015,4,A,골목상권,1000250,2978,1477,1501,518,437,482,455,533,553,269,223,248,227,256,254,249,214,234,228,277,299,1164,23,1141,봉화산로30길
2015,4,A,골목상권,1000249,2686,1354,1332,311,460,508,413,465,529,161,220,268,221,234,250,150,240,240,192,231,279,1370,0,1370,봉우재로33길
2015,4,A,골목상권,1000248,5964,2984,2980,857,887,989,1024,1038,1169,438,442,533,524,517,530,419,445,456,500,521,639,2777,77,2700,면목로78길
2015,4,A,골목상권,1000247,3148,1579,1569,449,468,507,532,557,635,230,236,273,275,276,289,219,232,234,257,281,346,1432,47,1385,면목로56길
2015,4,A,골목상권,1000246,1809,908,901,260,268,290,306,318,367,133,135,157,157,158,168,127,133,133,149,160,199,826,41,785,면목로55길
2015,4,A,골목상권,1000245,2969,1487,1482,425,435,460,491,541,617,215,223,246,254,265,284,210,212,214,237,276,333,1322,25,1297,면목로49길
2015,4,A,골목상권,1000244,3352,1675,1677,482,490,518,555,611,696,244,249,277,285,301,319,238,241,241,270,310,377,1503,34,1469,면목로48길
2015,4,A,골목상권,1000243,1809,905,904,261,265,279,300,329,375,132,135,149,155,163,171,129,130,130,145,166,204,810,0,810,면목로45길
2015,4,A,골목상권,1000242,3175,1571,1604,482,467,517,528,527,654,250,218,273,277,264,289,232,249,244,251,263,365,1471,30,1441,면목로33길
2015,4,A,골목상권,1000241,2163,1071,1092,331,319,354,363,353,443,173,147,188,192,177,194,158,172,166,171,176,249,1000,76,924,면목로21길
2015,4,A,골목상권,1000240,1924,978,946,283,273,286,305,369,408,144,140,157,157,189,191,139,133,129,148,180,217,858,0,858,망우로73길
2015,4,A,골목상권,1000239,2655,1346,1309,391,381,398,422,504,559,199,197,216,216,257,261,192,184,182,206,247,298,1189,8,1181,망우로68길
2015,4,A,골목상권,1000238,3099,1540,1559,469,438,538,500,529,625,247,213,281,255,258,286,222,225,257,245,271,339,1363,85,1278,동일로163길
2015,4,A,골목상권,1000237,2603,1294,1309,395,367,452,419,447,523,207,179,236,215,218,239,188,188,216,204,229,284,1136,10,1126,동일로157길
2015,4,A,골목상권,1000236,3029,1506,1523,462,430,526,488,514,609,242,209,276,250,250,279,220,221,250,238,264,330,1325,114,1211,동일로149길
2015,4,A,골목상권,1000235,2320,1150,1170,385,336,395,350,406,448,199,170,205,176,193,207,186,166,190,174,213,241,924,24,900,동일로140길
2015,4,A,골목상권,1000234,2398,1239,1159,292,337,356,395,489,529,153,175,194,211,257,249,139,162,162,184,232,280,1192,0,1192,동일로139길
2015,4,A,골목상권,1000233,1493,758,735,204,210,240,243,281,315,107,107,128,126,144,146,97,103,112,117,137,169,701,307,394,동일로139가길
2015,4,A,골목상권,1000232,3695,1832,1863,602,538,634,546,655,720,310,272,331,277,310,332,292,266,303,269,345,388,1471,75,1396,동일로130길
2015,4,A,골목상권,1000231,2399,1241,1158,291,339,357,397,488,527,154,176,194,212,257,248,137,163,163,185,231,279,1195,0,1195,동일로123길
2015,4,A,골목상권,1000230,5204,2632,2572,595,892,979,811,897,1030,312,431,518,434,451,486,283,461,461,377,446,544,2658,258,2400,동일로112길
2015,4,A,골목상권,1000229,3057,1543,1514,480,416,481,542,553,585,244,214,261,280,279,265,236,202,220,262,274,320,1360,154,1206,동일로101길
2015,4,A,골목상권,1000228,4623,2336,2287,732,623,728,817,834,889,374,321,392,423,421,405,358,302,336,394,413,484,2063,141,1922,동일로100길
2015,4,A,골목상권,1000227,2256,1113,1143,348,335,367,377,367,462,181,154,194,199,184,201,167,181,173,178,183,261,1049,78,971,답십리로75길
2015,4,A,골목상권,1000226,3918,1916,2002,706,548,631,664,630,739,361,268,319,325,303,340,345,280,312,339,327,399,1522,353,1169,공릉로2길
2015,4,A,골목상권,1000225,1239,605,634,222,174,199,208,201,235,113,85,100,103,97,107,109,89,99,105,104,128,487,12,475,공릉로12가길
2015,4,A,골목상권,1000224,4899,2452,2447,702,731,814,838,847,967,359,364,440,427,422,440,343,367,374,411,425,527,2251,112,2139,겸재로54길
2015,4,A,골목상권,1000223,4046,2026,2020,580,603,676,691,698,798,298,301,364,353,347,363,282,302,312,338,351,435,1881,177,1704,겸재로36길
2015,4,A,골목상권,1000222,2302,1149,1153,331,341,380,396,400,454,169,169,206,201,199,205,162,172,174,195,201,249,1074,17,1057,겸재로29길
2015,4,A,골목상권,1000221,4245,2126,2119,592,882,628,658,627,858,303,466,339,337,306,375,289,416,289,321,321,483,2166,12,2154,휘경로3길
2015,4,A,골목상권,1000220,1697,849,848,233,353,252,264,251,344,119,185,136,136,123,150,114,168,116,128,128,194,863,0,863,휘경로2길
2015,4,A,골목상권,1000219,2335,1172,1163,321,480,352,364,345,473,165,252,190,188,169,208,156,228,162,176,176,265,1195,0,1195,휘경로23길
2015,4,A,골목상권,1000218,2173,1092,1081,266,440,339,337,327,464,138,215,184,180,166,209,128,225,155,157,161,255,1181,0,1181,휘경로14길
2015,4,A,골목상권,1000217,1984,994,990,371,300,315,337,293,368,190,159,159,172,145,169,181,141,156,165,148,199,821,480,341,한천로46길
2015,4,A,골목상권,1000216,1909,966,943,367,227,326,342,289,358,194,118,163,180,145,166,173,109,163,162,144,192,790,0,790,한천로40길
2015,4,A,골목상권,1000215,792,389,403,145,99,118,140,130,160,74,52,58,71,62,72,71,47,60,69,68,88,299,0,299,한천로33길
2015,4,A,골목상권,1000214,3273,1647,1626,534,435,604,534,534,632,274,219,309,283,260,302,260,216,295,251,274,330,1352,74,1278,한천로14길
2015,4,A,골목상권,1000213,2503,1262,1241,410,334,458,410,411,480,209,167,233,220,202,231,201,167,225,190,209,249,1051,529,522,천호대로97길
2015,4,A,골목상권,1000212,2048,1029,1019,335,274,378,334,335,392,172,137,192,178,163,187,163,137,186,156,172,205,853,188,665,천호대로77길
2015,4,A,골목상권,1000211,3190,1647,1543,393,498,543,485,533,738,205,260,293,262,277,350,188,238,250,223,256,388,1703,0,1703,천호대로45길
2015,4,A,골목상권,1000210,2363,1218,1145,291,374,402,357,397,542,150,195,216,196,207,254,141,179,186,161,190,288,1254,32,1222,천호대로17길
2015,4,A,골목상권,1000209,1119,579,540,137,176,188,171,188,259,71,92,101,93,98,124,66,84,87,78,90,135,597,0,597,천호대로12길
2015,4,A,골목상권,1000208,1342,671,671,183,278,196,209,201,275,95,146,106,106,98,120,88,132,90,103,103,155,672,0,672,천장산로7길
2015,4,A,골목상권,1000207,1466,754,712,190,234,223,212,239,368,98,130,124,116,121,165,92,104,99,96,118,203,726,0,726,제기로5길
2015,4,A,골목상권,1000206,4755,2374,2381,611,602,638,688,868,1348,316,317,342,363,434,602,295,285,296,325,434,746,2221,0,2221,제기로21길
2015,4,A,골목상권,1000205,2167,1068,1099,366,283,330,373,359,456,183,148,165,191,176,205,183,135,165,182,183,251,834,0,834,전농로4길
2015,4,A,골목상권,1000204,1885,928,957,321,268,349,311,293,343,162,131,175,159,147,154,159,137,174,152,146,189,855,0,855,전농로3길
2015,4,A,골목상권,1000203,2123,1080,1043,326,300,313,347,360,477,165,157,163,185,188,222,161,143,150,162,172,255,1222,6,1216,전농로29길
2015,4,A,골목상권,1000202,2055,1032,1023,336,273,378,334,336,398,172,137,193,175,164,191,164,136,185,159,172,207,855,287,568,장한로8길
2015,4,A,골목상권,1000201,1982,999,983,323,264,364,322,324,385,166,132,187,171,158,185,157,132,177,151,166,200,817,91,726,장한로5길
2015,4,A,골목상권,1000200,1791,905,886,345,211,307,321,270,337,183,110,153,169,135,155,162,101,154,152,135,182,721,0,721,장한로27길
2015,4,A,골목상권,1000199,1680,847,833,322,199,289,299,256,315,170,103,144,157,128,145,152,96,145,142,128,170,681,9,672,장한로27가길
2015,4,A,골목상권,1000198,2043,1027,1016,349,265,371,341,328,389,180,134,188,179,161,185,169,131,183,162,167,204,853,774,79,장한로26길
2015,4,A,골목상권,1000197,1214,613,601,227,149,210,212,187,229,120,77,105,112,93,106,107,72,105,100,94,123,488,256,232,장한로26가길
2015,4,A,골목상권,1000196,855,430,425,139,113,158,140,140,165,72,57,81,75,67,78,67,56,77,65,73,87,354,17,337,장한로25길
2015,4,A,골목상권,1000195,1534,772,762,253,203,281,250,254,293,129,103,143,133,124,140,124,100,138,117,130,153,639,299,340,장한로14길
2015,4,A,골목상권,1000194,4457,2201,2256,806,623,653,776,699,900,412,315,335,389,347,403,394,308,318,387,352,497,1757,0,1757,이문로42길
2015,4,A,골목상권,1000193,2823,1408,1415,364,356,379,406,516,802,187,187,202,214,258,360,177,169,177,192,258,442,1311,122,1189,왕산로43길
2015,4,A,골목상권,1000192,624,318,306,79,101,94,90,100,160,41,55,51,49,50,72,38,46,43,41,50,88,313,0,313,왕산로33길
2015,4,A,골목상권,1000191,1197,617,580,148,187,203,181,201,277,78,98,108,98,105,130,70,89,95,83,96,147,636,22,614,왕산로32길
2015,4,A,골목상권,1000190,1889,964,925,241,287,279,272,316,494,125,158,152,147,159,223,116,129,127,125,157,271,920,26,894,약령시로17길
2015,4,A,골목상권,1000189,2325,1163,1162,378,325,382,382,381,477,192,165,196,198,194,218,186,160,186,184,187,259,1197,0,1197,서울시립대로4길
2015,4,A,골목상권,1000188,4661,2329,2332,775,757,691,756,735,947,389,399,358,383,366,434,386,358,333,373,369,513,2244,192,2052,서울시립대로29길
2015,4,A,골목상권,1000187,2028,1031,997,309,282,305,334,345,453,159,148,159,176,178,211,150,134,146,158,167,242,1140,18,1122,서울시립대로16길
2015,4,A,골목상권,1000186,2597,1280,1317,448,368,477,428,405,471,227,180,240,218,203,212,221,188,237,210,202,259,1163,239,924,사가정로2길
2015,4,A,골목상권,1000185,2375,1203,1172,456,282,405,425,361,446,241,147,202,224,182,207,215,135,203,201,179,239,963,252,711,사가정로23가길
2015,4,A,골목상권,1000184,2457,1197,1260,466,312,344,436,400,499,235,164,166,213,195,224,231,148,178,223,205,275,912,148,764,사가정로13길
2015,4,A,골목상권,1000183,1744,903,841,216,275,295,263,295,400,112,142,160,144,155,190,104,133,135,119,140,210,907,28,879,무학로45길
2015,4,A,골목상권,1000182,1460,756,704,181,229,247,221,244,338,95,119,134,121,127,160,86,110,113,100,117,178,777,0,777,무학로16길
2015,4,A,골목상권,1000181,250,125,125,32,50,40,38,38,52,16,24,22,20,20,23,16,26,18,18,18,29,133,0,133,망우로21길
2015,4,A,골목상권,1000180,2046,1008,1038,366,380,303,332,294,371,181,200,154,163,142,168,185,180,149,169,152,203,860,0,860,망우로18길
2015,4,A,골목상권,1000179,3910,1929,1981,699,731,578,631,564,707,347,387,295,310,271,319,352,344,283,321,293,388,1635,0,1635,망우로18가길
2015,4,A,골목상권,1000178,1264,639,625,230,157,221,220,197,239,121,81,111,116,98,112,109,76,110,104,99,127,520,19,501,답십리로72길
2015,4,A,골목상권,1000177,1427,721,706,274,169,244,256,216,268,144,89,121,135,108,124,130,80,123,121,108,144,572,245,327,답십리로69길
2015,4,A,골목상권,1000176,2361,1190,1171,385,314,434,387,385,456,196,159,222,205,189,219,189,155,212,182,196,237,982,176,806,답십리로68길
2015,4,A,골목상권,1000175,4296,2163,2133,703,568,791,703,704,827,359,286,403,375,344,396,344,282,388,328,360,431,1767,30,1737,답십리로64길
2015,4,A,골목상권,1000174,2079,1050,1029,401,247,359,368,312,392,211,129,179,194,156,181,190,118,180,174,156,211,855,18,837,답십리로63길
2015,4,A,골목상권,1000173,2044,1006,1038,346,263,304,353,343,435,173,139,152,180,166,196,173,124,152,173,177,239,782,228,554,답십리로60길
2015,4,A,골목상권,1000172,4074,2003,2071,690,523,606,703,684,868,345,276,303,358,330,391,345,247,303,345,354,477,1556,454,1102,답십리로56길
2015,4,A,골목상권,1000171,2416,1226,1190,369,336,360,394,412,545,189,177,188,208,211,253,180,159,172,186,201,292,1382,0,1382,답십리로23길
2015,4,A,골목상권,1000170,223,116,107,28,36,37,34,38,50,15,19,20,19,20,23,13,17,17,15,18,27,116,0,116,난계로30길
2015,4,A,골목상권,1000169,1609,778,831,236,406,281,216,190,280,116,196,145,109,91,121,120,210,136,107,99,159,871,0,871,경희대로4길
2015,4,A,골목상권,1000168,886,429,457,129,224,154,118,105,156,64,108,79,60,50,68,65,116,75,58,55,88,480,0,480,경희대로3길
2015,4,A,골목상권,1000167,2722,1340,1382,479,372,449,466,449,507,248,189,227,229,216,231,231,183,222,237,233,276,1113,81,1032,천호대로129길
2015,4,A,골목상권,1000166,3047,1490,1557,477,500,560,491,503,516,246,247,281,237,242,237,231,253,279,254,261,279,1331,100,1231,천호대로123길
2015,4,A,골목상권,1000165,3719,1819,1900,579,611,684,599,616,630,298,302,345,289,296,289,281,309,339,310,320,341,1633,18,1615,천호대로109길
2015,4,A,골목상권,1000164,3848,1868,1980,781,543,632,659,628,605,393,268,298,319,305,285,388,275,334,340,323,320,1413,208,1205,자양번영로3길
2015,4,A,골목상권,1000163,2911,1441,1470,482,423,475,491,495,545,254,216,241,241,243,246,228,207,234,250,252,299,1191,71,1120,자양로53길
2015,4,A,골목상권,1000162,4569,2242,2327,825,611,752,790,743,848,423,311,379,391,354,384,402,300,373,399,389,464,1866,25,1841,자양로50길
2015,4,A,골목상권,1000161,2313,1147,1166,382,335,379,389,396,432,201,170,193,192,195,196,181,165,186,197,201,236,945,39,906,자양로45길
2015,4,A,골목상권,1000160,2805,1347,1458,373,515,577,457,415,468,188,235,289,229,196,210,185,280,288,228,219,258,1396,72,1324,자양로26길
2015,4,A,골목상권,1000159,2085,1023,1062,303,352,383,342,337,368,159,169,194,171,165,165,144,183,189,171,172,203,999,37,962,자양로15길
2015,4,A,골목상권,1000158,4172,2041,2131,612,705,766,684,669,736,322,338,386,342,325,328,290,367,380,342,344,408,2005,36,1969,자양로11길
2015,4,A,골목상권,1000157,3249,1587,1662,505,532,599,525,535,553,258,264,301,254,256,254,247,268,298,271,279,299,1433,56,1377,용마산로3길
2015,4,A,골목상권,1000156,5183,2548,2635,803,841,940,846,863,890,414,421,478,409,418,408,389,420,462,437,445,482,2289,77,2212,용마산로21길
2015,4,A,골목상권,1000155,2327,1132,1195,639,264,286,532,324,282,327,132,124,251,168,130,312,132,162,281,156,152,758,421,337,아차산로78길
2015,4,A,골목상권,1000154,3352,1620,1732,617,518,563,572,549,533,307,261,277,264,264,247,310,257,286,308,285,286,1306,104,1202,아차산로65길
2015,4,A,골목상권,1000153,3410,1634,1776,456,624,701,558,503,568,229,287,351,279,237,251,227,337,350,279,266,317,1706,0,1706,아차산로55길
2015,4,A,골목상권,1000152,1870,895,975,251,343,386,304,276,310,126,158,193,152,129,137,125,185,193,152,147,173,925,7,918,아차산로51길
2015,4,A,골목상권,1000151,2931,1433,1498,427,497,537,482,470,518,225,237,271,241,228,231,202,260,266,241,242,287,1413,45,1368,아차산로40길
2015,4,A,골목상권,1000150,4083,2042,2041,611,612,690,688,737,745,312,320,370,340,364,336,299,292,320,348,373,409,1891,0,1891,면목로17길
2015,4,A,골목상권,1000149,3272,1620,1652,577,460,585,552,532,566,302,234,292,273,253,266,275,226,293,279,279,300,1362,0,1362,뚝섬로64길
2015,4,A,골목상권,1000148,3323,1644,1679,585,469,593,562,541,573,305,239,296,278,257,269,280,230,297,284,284,304,1369,286,1083,뚝섬로58길
2015,4,A,골목상권,1000147,3785,1876,1909,669,534,674,639,615,654,350,275,337,317,293,304,319,259,337,322,322,350,1562,56,1506,뚝섬로54길
2015,4,A,골목상권,1000146,4207,2083,2124,740,591,751,711,689,725,384,302,375,352,329,341,356,289,376,359,360,384,1732,20,1712,뚝섬로48길
2015,4,A,골목상권,1000145,2269,1144,1125,268,345,376,361,430,489,136,174,196,192,222,224,132,171,180,169,208,265,1172,0,1172,뚝섬로24길
2015,4,A,골목상권,1000144,3156,1556,1600,526,463,520,523,547,577,265,231,256,263,273,268,261,232,264,260,274,309,1348,0,1348,뚝섬로23길
2015,4,A,골목상권,1000143,1925,929,996,162,678,394,218,200,273,81,298,207,120,102,121,81,380,187,98,98,152,1338,161,1177,동일로24길
2015,4,A,골목상권,1000142,3295,1661,1634,386,504,543,524,628,710,195,255,282,279,324,326,191,249,261,245,304,384,1667,6,1661,동일로18길
2015,4,A,골목상권,1000141,2494,1223,1271,453,359,411,420,425,426,228,179,198,209,210,199,225,180,213,211,215,227,989,716,273,능동로4길
2015,4,A,골목상권,1000140,3173,1593,1580,406,480,524,509,592,662,205,243,269,269,302,305,201,237,255,240,290,357,1564,345,1219,능동로3길
2015,4,A,골목상권,1000139,4828,2278,2550,616,933,1193,668,615,803,328,386,589,336,279,360,288,547,604,332,336,443,2455,25,2430,능동로34길
2015,4,A,골목상권,1000138,2314,1118,1196,193,821,470,262,243,325,96,360,246,144,125,147,97,461,224,118,118,178,1565,443,1122,능동로19길
2015,4,A,골목상권,1000137,2748,1328,1420,228,972,561,312,290,385,114,428,294,171,149,172,114,544,267,141,141,213,1858,10,1848,능동로13길
2015,4,A,골목상권,1000136,2261,1128,1133,332,340,388,381,405,415,170,174,209,188,199,188,162,166,179,193,206,227,1049,0,1049,긴고랑로9길
2015,4,A,골목상권,1000135,4316,2146,2170,548,680,852,676,736,824,283,327,449,340,360,387,265,353,403,336,376,437,2082,19,2063,긴고랑로8길
2015,4,A,골목상권,1000134,4456,2219,2237,621,683,810,730,780,832,319,343,429,362,384,382,302,340,381,368,396,450,2102,70,2032,긴고랑로7길
2015,4,A,골목상권,1000133,4086,1997,2089,639,671,754,657,674,691,328,333,379,316,325,316,311,338,375,341,349,375,1775,48,1727,긴고랑로20길
2015,4,A,골목상권,1000132,6175,2980,3195,1132,958,1037,1055,1015,978,562,483,507,487,489,452,570,475,530,568,526,526,2412,51,2361,광나루로52길
2015,4,A,골목상권,1000131,4011,1927,2084,536,734,831,652,590,668,271,340,416,326,278,296,265,394,415,326,312,372,2014,69,1945,광나루로40길
2015,4,A,골목상권,1000130,707,347,360,128,94,117,122,114,132,66,48,59,60,54,60,62,46,58,62,60,72,288,0,288,광나루로37길
2015,4,A,골목상권,1000129,2311,1110,1201,308,423,477,376,340,387,156,195,239,188,160,172,152,228,238,188,180,215,1150,70,1080,광나루로36길
2015,4,A,골목상권,1000128,1196,575,621,98,425,245,135,124,169,48,186,129,74,63,75,50,239,116,61,61,94,824,0,824,광나루로24길
2015,4,A,골목상권,1000127,1952,941,1011,162,691,396,224,206,273,80,304,208,122,104,123,82,387,188,102,102,150,1293,89,1204,광나루로12길
2015,4,A,골목상권,1000126,2281,1084,1197,398,297,451,368,340,427,202,141,212,183,157,189,196,156,239,185,183,238,926,732,194,한림말길
2015,4,A,골목상권,1000125,1011,480,531,176,132,200,163,152,188,89,62,94,81,71,83,87,70,106,82,81,105,442,65,377,한림말3길
2015,4,A,골목상권,1000124,3778,1876,1902,611,650,564,605,618,730,314,325,286,301,313,337,297,325,278,304,305,393,1644,0,1644,청계천로10나길
2015,4,A,골목상권,1000123,2368,1148,1220,402,284,456,404,360,462,207,145,220,207,171,198,195,139,236,197,189,264,963,0,963,장터길
2015,4,A,골목상권,1000122,3029,1614,1415,404,435,466,546,553,625,208,222,263,310,317,294,196,213,203,236,236,331,1504,0,1504,용답중앙길
2015,4,A,골목상권,1000121,3033,1613,1420,405,436,464,545,554,629,209,222,260,309,318,295,196,214,204,236,236,334,1504,157,1347,용답29길
2015,4,A,골목상권,1000120,2356,1186,1170,377,364,439,393,393,390,190,184,225,203,199,185,187,180,214,190,194,205,1047,218,829,왕십리로6길
2015,4,A,골목상권,1000119,2493,1231,1262,398,363,392,439,414,487,201,182,200,224,212,212,197,181,192,215,202,275,1083,55,1028,왕십리로31길
2015,4,A,골목상권,1000118,3970,1935,2035,651,624,694,638,648,715,322,302,347,319,329,316,329,322,347,319,319,399,1452,306,1146,왕십리로26길
2015,4,A,골목상권,1000117,5033,2406,2627,974,639,844,932,750,894,468,315,401,465,366,391,506,324,443,467,384,503,1973,0,1973,왕십리로21길
2015,4,A,골목상권,1000116,2022,1017,1005,311,318,391,331,331,340,159,159,199,175,164,161,152,159,192,156,167,179,923,183,740,왕십리로14길
2015,4,A,골목상권,1000115,2084,1081,1003,281,320,376,315,376,416,142,160,198,173,202,206,139,160,178,142,174,210,976,237,739,아차산로5길
2015,4,A,골목상권,1000114,769,401,368,102,118,141,114,141,153,53,59,74,64,75,76,49,59,67,50,66,77,357,0,357,아차산로15길
2015,4,A,골목상권,1000113,625,327,298,82,94,114,92,115,128,41,47,62,51,63,63,41,47,52,41,52,65,294,49,245,아차산로11길
2015,4,A,골목상권,1000112,2639,1403,1236,366,374,449,450,503,497,188,201,253,251,271,239,178,173,196,199,232,258,1282,0,1282,송정4가길
2015,4,A,골목상권,1000111,1287,684,603,180,182,220,219,245,241,93,98,123,121,132,117,87,84,97,98,113,124,619,0,619,송정12라길
2015,4,A,골목상권,1000110,871,454,417,116,130,159,130,160,176,60,65,84,71,87,87,56,65,75,59,73,89,408,0,408,성수일로6길
2015,4,A,골목상권,1000109,1956,1017,939,271,295,325,315,369,381,140,154,171,171,198,183,131,141,154,144,171,198,911,24,887,성수이로7길
2015,4,A,골목상권,1000108,580,305,275,76,88,98,90,110,118,39,46,53,50,60,57,37,42,45,40,50,61,273,0,273,성수이로18길
2015,4,A,골목상권,1000107,4300,2173,2127,739,648,733,748,737,695,374,330,384,374,387,324,365,318,349,374,350,371,1807,0,1807,성덕정길
2015,4,A,골목상권,1000106,4278,2228,2050,594,636,681,715,824,828,307,340,359,388,445,389,287,296,322,327,379,439,1990,0,1990,성덕정17길
2015,4,A,골목상권,1000105,2748,1388,1360,423,435,532,446,450,462,217,218,270,237,224,222,206,217,262,209,226,240,1260,54,1206,서울숲2길
2015,4,A,골목상권,1000104,864,435,429,133,136,168,142,141,144,68,68,86,75,70,68,65,68,82,67,71,76,394,99,295,상원길
2015,4,A,골목상권,1000103,2633,1327,1306,403,414,510,429,435,442,207,207,260,226,216,211,196,207,250,203,219,231,1202,423,779,상원12길
2015,4,A,골목상권,1000102,3200,1677,1523,417,1012,471,390,384,526,198,594,263,199,183,240,219,418,208,191,201,286,1816,0,1816,사근동길
2015,4,A,골목상권,1000101,1951,954,997,333,281,311,350,315,361,166,139,156,175,159,159,167,142,155,175,156,202,801,157,644,무학봉길
2015,4,A,골목상권,1000100,1240,607,633,201,187,195,218,205,234,101,91,99,108,104,104,100,96,96,110,101,130,514,83,431,무학봉28길
2015,4,A,골목상권,1000099,2303,1121,1182,380,360,402,370,377,414,189,172,201,185,191,183,191,188,201,185,186,231,816,18,798,무학로6길
2015,4,A,골목상권,1000098,1330,646,684,224,161,246,227,203,269,115,81,121,115,97,117,109,80,125,112,106,152,545,96,449,무수막길
2015,4,A,골목상권,1000097,960,461,499,167,116,192,163,142,180,86,58,91,83,67,76,81,58,101,80,75,104,404,217,187,매봉길
2015,4,A,골목상권,1000096,704,367,337,91,223,105,86,84,115,43,131,59,43,40,51,48,92,46,43,44,64,400,38,362,마조로1길
2015,4,A,골목상권,1000095,2153,1072,1081,349,370,321,344,354,415,181,185,163,172,181,190,168,185,158,172,173,225,938,277,661,마조로16길
2015,4,A,골목상권,1000094,888,442,446,143,155,131,142,145,172,74,78,66,71,74,79,69,77,65,71,71,93,357,110,247,마장로39길
2015,4,A,골목상권,1000093,1954,970,984,315,337,292,313,320,377,161,169,148,156,161,175,154,168,144,157,159,202,860,11,849,마장로27길
2015,4,A,골목상권,1000092,942,479,463,154,141,157,165,165,160,79,72,82,84,87,75,75,69,75,81,78,85,406,127,279,뚝섬로5길
2015,4,A,골목상권,1000091,3283,1681,1602,514,494,542,561,595,577,262,257,284,290,317,271,252,237,258,271,278,306,1445,0,1445,둘레9길
2015,4,A,골목상권,1000090,3200,1551,1649,533,391,598,544,490,644,274,196,292,276,232,281,259,195,306,268,258,363,1310,102,1208,금호산길
2015,4,A,골목상권,1000089,2544,1236,1308,425,310,475,431,390,513,217,156,234,220,186,223,208,154,241,211,204,290,1043,0,1043,금호산2길
2015,4,A,골목상권,1000088,2509,1231,1278,389,392,405,414,416,493,198,196,200,207,208,222,191,196,205,207,208,271,1031,14,1017,고산자로6길
2015,4,A,골목상권,1000087,3673,1808,1865,588,510,607,639,570,759,312,264,312,321,276,323,276,246,295,318,294,436,1710,63,1647,후암로28길
2015,4,A,골목상권,1000086,2875,1387,1488,513,355,496,506,423,582,261,170,242,257,208,249,252,185,254,249,215,333,1141,77,1064,효창원로39길
2015,4,A,골목상권,1000085,1661,769,892,210,220,289,273,254,415,104,110,139,134,110,172,106,110,150,139,144,243,921,101,820,회나무로13길
2015,4,A,골목상권,1000084,803,383,420,97,108,162,134,127,175,51,52,80,66,59,75,46,56,82,68,68,100,434,388,46,한남대로20길
2015,4,A,골목상권,1000083,108,66,42,8,13,15,19,24,29,4,7,9,13,16,17,4,6,6,6,8,12,71,0,71,한강대로88길
2015,4,A,골목상권,1000082,597,295,302,72,82,104,88,102,149,39,41,51,45,51,68,33,41,53,43,51,81,358,0,358,한강대로7길
2015,4,A,골목상권,1000081,883,437,446,103,121,155,132,153,219,55,60,76,67,76,103,48,61,79,65,77,116,521,36,485,한강대로62길
2015,4,A,골목상권,1000080,585,287,298,68,79,103,89,100,146,36,39,50,45,50,67,32,40,53,44,50,79,335,0,335,한강대로52길
2015,4,A,골목상권,1000079,1089,538,551,126,148,192,163,189,271,68,73,94,83,94,126,58,75,98,80,95,145,588,358,230,한강대로43길
2015,4,A,골목상권,1000078,546,271,275,65,73,97,82,94,135,36,36,47,42,47,63,29,37,50,40,47,72,328,0,328,한강대로15길
2015,4,A,골목상권,1000077,1668,986,682,155,212,247,296,338,420,85,110,138,191,222,240,70,102,109,105,116,180,1030,75,955,한강대로104길
2015,4,A,골목상권,1000076,2963,1419,1544,410,553,484,490,445,581,216,237,253,246,222,245,194,316,231,244,223,336,1515,0,1515,청파로73길
2015,4,A,골목상권,1000075,3547,1702,1845,489,661,584,588,529,696,258,286,305,297,264,292,231,375,279,291,265,404,1809,10,1799,청파로71길
2015,4,A,골목상권,1000074,2881,1380,1501,399,535,471,480,428,568,210,230,247,241,213,239,189,305,224,239,215,329,1472,23,1449,청파로47나길
2015,4,A,골목상권,1000073,2313,1111,1202,319,426,379,388,347,454,167,183,199,195,173,194,152,243,180,193,174,260,1184,0,1184,청파로47길
2015,4,A,골목상권,1000072,2757,1346,1411,342,394,451,465,485,620,186,213,241,228,224,254,156,181,210,237,261,366,1411,0,1411,장문로45길
2015,4,A,골목상권,1000071,1676,801,875,204,226,338,277,263,368,106,109,168,136,122,160,98,117,170,141,141,208,902,15,887,이태원로54길
2015,4,A,골목상권,1000070,1143,540,603,118,165,190,177,193,300,61,85,95,88,93,118,57,80,95,89,100,182,685,15,670,이태원로27길
2015,4,A,골목상권,1000069,3061,1462,1599,462,362,527,475,507,728,242,189,262,237,231,301,220,173,265,238,276,427,1369,184,1185,이촌로22길
2015,4,A,골목상권,1000068,1048,510,538,163,159,219,170,153,184,84,71,109,88,76,82,79,88,110,82,77,102,508,0,508,원효로89길
2015,4,A,골목상권,1000067,2474,1199,1275,427,321,457,424,363,482,220,152,224,217,177,209,207,169,233,207,186,273,1030,0,1030,원효로53길
2015,4,A,골목상권,1000066,1989,937,1052,385,237,319,358,305,385,175,114,154,178,151,165,210,123,165,180,154,220,776,0,776,원효로41길
2015,4,A,골목상권,1000065,2441,1148,1293,471,290,391,442,376,471,212,137,190,220,186,203,259,153,201,222,190,268,955,158,797,원효로19길
2015,4,A,골목상권,1000064,2891,1409,1482,358,413,475,491,509,645,196,221,254,240,235,263,162,192,221,251,274,382,1480,0,1480,우사단로4길
2015,4,A,골목상권,1000063,1150,548,602,136,158,220,187,183,266,71,77,109,93,86,112,65,81,111,94,97,154,637,59,578,우사단로14길
2015,4,A,골목상권,1000062,2829,1369,1460,349,393,513,477,471,626,186,203,263,235,219,263,163,190,250,242,252,363,1484,0,1484,우사단로10길
2015,4,A,골목상권,1000061,2900,1411,1489,430,400,500,476,455,639,225,206,257,236,214,273,205,194,243,240,241,366,1392,0,1392,신흥로20길
2015,4,A,골목상권,1000060,2431,1171,1260,337,333,434,377,386,564,174,169,223,184,177,244,163,164,211,193,209,320,1203,0,1203,소월로20길
2015,4,A,골목상권,1000059,3367,1627,1740,683,433,406,686,519,640,348,214,190,335,269,271,335,219,216,351,250,369,1313,0,1313,서빙고로71길
2015,4,A,골목상권,1000058,1197,589,608,190,174,261,192,171,209,99,79,130,101,84,96,91,95,131,91,87,113,562,502,60,백범로90길
2015,4,A,골목상권,1000057,3841,1877,1964,644,552,701,653,570,721,344,265,347,324,281,316,300,287,354,329,289,405,1741,115,1626,백범로79길
2015,4,A,골목상권,1000056,2569,1409,1160,312,339,399,452,468,599,167,175,213,265,278,311,145,164,186,187,190,288,1426,0,1426,두텁바위로1길
2015,4,A,골목상권,1000055,1148,548,600,139,154,229,193,182,251,71,73,114,96,85,109,68,81,115,97,97,142,621,44,577,대사관로34길
2015,4,A,골목상권,1000054,1010,467,543,130,134,175,165,156,250,64,67,83,82,67,104,66,67,92,83,89,146,563,9,554,녹사평대로46길
2015,4,A,골목상권,1000053,892,412,480,105,121,155,141,144,226,52,62,74,70,64,90,53,59,81,71,80,136,514,0,514,녹사평대로40나길
2015,4,A,골목상권,1000052,614,289,325,65,86,102,96,104,161,34,44,51,48,50,62,31,42,51,48,54,99,369,40,329,녹사평대로32길
2015,4,A,골목상권,1000051,1225,578,647,131,173,204,189,208,320,68,89,102,94,100,125,63,84,102,95,108,195,735,0,735,녹사평대로26길
2015,4,A,골목상권,1000050,783,380,403,158,100,95,160,120,150,80,50,45,79,62,64,78,50,50,81,58,86,306,0,306,녹사평대로11길
2015,4,A,골목상권,1000049,3083,1547,1536,472,401,488,552,525,645,241,209,253,295,275,274,231,192,235,257,250,371,1469,70,1399,퇴계로90길
2015,4,A,골목상권,1000048,993,545,448,89,100,110,149,224,321,43,46,56,89,143,168,46,54,54,60,81,153,663,60,603,퇴계로8길
2015,4,A,골목상권,1000047,1032,538,494,114,198,157,147,164,252,57,109,84,81,87,120,57,89,73,66,77,132,596,0,596,퇴계로56길
2015,4,A,골목상권,1000046,479,246,233,62,97,75,68,67,110,31,54,41,37,33,50,31,43,34,31,34,60,263,0,263,퇴계로46길
2015,4,A,골목상권,1000045,1324,569,755,116,137,181,233,260,397,54,67,84,105,111,148,62,70,97,128,149,249,639,0,639,퇴계로18길
2015,4,A,골목상권,1000044,646,358,288,57,65,73,96,147,208,28,30,38,58,94,110,29,35,35,38,53,98,435,140,295,퇴계로12길
2015,4,A,골목상권,1000043,2770,1331,1439,424,390,458,451,456,591,218,195,230,225,217,246,206,195,228,226,239,345,1321,0,1321,청구로1길
2015,4,A,골목상권,1000042,1566,767,799,220,242,270,260,248,326,113,127,139,131,115,142,107,115,131,129,133,184,697,32,665,청구로17길
2015,4,A,골목상권,1000041,1177,604,573,139,223,181,180,187,267,70,121,97,97,96,123,69,102,84,83,91,144,640,0,640,장충단로8길
2015,4,A,골목상권,1000040,26,11,15,2,2,4,5,5,8,1,1,2,2,2,3,1,1,2,3,3,5,13,0,13,삼일대로4길
2015,4,A,골목상권,1000039,117,50,67,10,12,16,20,23,36,5,6,7,9,10,13,5,6,9,11,13,23,58,0,58,명동길
2015,4,A,골목상권,1000038,1309,625,684,196,164,218,207,217,307,99,83,105,105,102,131,97,81,113,102,115,176,676,19,657,동호로8길
2015,4,A,골목상권,1000037,1858,921,937,256,334,312,296,278,382,131,180,162,150,131,167,125,154,150,146,147,215,879,34,845,동호로20길
2015,4,A,골목상권,1000036,2127,1037,1090,295,326,368,355,339,444,150,169,186,182,157,193,145,157,182,173,182,251,940,0,940,동호로15길
2015,4,A,골목상권,1000035,3077,1500,1577,430,471,530,513,489,644,220,247,269,261,225,278,210,224,261,252,264,366,1369,134,1235,동호로11길
2015,4,A,골목상권,1000034,3402,1636,1766,520,486,564,553,556,723,266,242,284,276,264,304,254,244,280,277,292,419,1638,197,1441,동호로10길
2015,4,A,골목상권,1000033,1121,580,541,123,185,167,199,207,240,62,96,91,110,111,110,61,89,76,89,96,130,572,0,572,다산로39길
2015,4,A,골목상권,1000032,1766,855,911,308,251,261,298,308,340,157,126,125,145,151,151,151,125,136,153,157,189,667,214,453,다산로38길
2015,4,A,골목상권,1000031,1924,937,987,332,276,289,326,333,368,168,140,140,161,164,164,164,136,149,165,169,204,723,0,723,다산로36길
2015,4,A,골목상권,1000030,3477,1789,1688,381,570,524,616,640,746,195,297,281,338,341,337,186,273,243,278,299,409,1811,14,1797,다산로33길
2015,4,A,골목상권,1000029,943,473,470,121,141,194,146,149,192,60,69,100,77,77,90,61,72,94,69,72,102,455,35,420,난계로21길
2015,4,A,골목상권,1000028,2251,1126,1125,289,337,468,346,354,457,144,163,240,182,182,215,145,174,228,164,172,242,1103,337,766,난계로11길
2015,4,A,골목상권,1000027,546,250,296,87,68,85,92,87,127,45,30,38,42,40,55,42,38,47,50,47,72,328,13,315,필운대로1길
2015,4,A,골목상권,1000026,2022,961,1061,367,283,252,337,357,426,194,147,116,147,172,185,173,136,136,190,185,241,790,19,771,평창길
2015,4,A,골목상권,1000025,1101,527,574,200,132,144,206,177,242,96,65,69,105,89,103,104,67,75,101,88,139,369,0,369,통일로12길
2015,4,A,골목상권,1000024,2395,1218,1177,324,341,289,431,463,547,165,179,167,222,241,244,159,162,122,209,222,303,1107,79,1028,창신길
2015,4,A,골목상권,1000023,1081,567,514,131,137,134,187,220,272,67,73,76,99,120,132,64,64,58,88,100,140,583,0,583,창신5길
2015,4,A,골목상권,1000022,975,497,478,132,137,115,178,190,223,67,72,67,92,98,101,65,65,48,86,92,122,454,9,445,창신2길
2015,4,A,골목상권,1000021,684,336,348,105,163,100,103,86,127,51,87,51,51,42,54,54,76,49,52,44,73,351,0,351,창경궁로35길
2015,4,A,골목상권,1000020,2363,1179,1184,344,322,364,413,411,509,178,161,193,210,210,227,166,161,171,203,201,282,1079,0,1079,지봉로8길
2015,4,A,골목상권,1000019,2763,1409,1354,301,473,455,434,476,624,158,218,242,233,256,302,143,255,213,201,220,322,1438,110,1328,종로65길
2015,4,A,골목상권,1000018,620,316,304,61,113,103,96,106,141,32,51,54,53,57,69,29,62,49,43,49,72,350,43,307,종로58가길
2015,4,A,골목상권,1000017,194,113,81,16,25,23,28,39,63,8,13,13,18,26,35,8,12,10,10,13,28,134,0,134,종로24길
2015,4,A,골목상권,1000016,609,285,324,111,78,94,108,90,128,58,38,43,48,44,54,53,40,51,60,46,74,298,0,298,자하문로7길
2015,4,A,골목상권,1000015,1455,685,770,183,299,253,221,212,287,88,134,127,107,104,125,95,165,126,114,108,162,745,0,745,이화장길
2015,4,A,골목상권,1000014,368,203,165,43,62,44,59,68,92,25,36,25,33,38,46,18,26,19,26,30,46,210,68,142,율곡로16길
2015,4,A,골목상권,1000013,460,268,192,39,58,55,66,95,147,18,29,33,43,62,83,21,29,22,23,33,64,316,0,316,율곡로10길
2015,4,A,골목상권,1000012,2666,1260,1406,523,334,406,491,379,533,283,170,181,218,186,222,240,164,225,273,193,311,1095,8,1087,옥인길
2015,4,A,골목상권,1000011,1062,546,516,106,193,175,165,182,241,56,89,93,90,100,118,50,104,82,75,82,123,567,0,567,숭인동길
2015,4,A,골목상권,1000010,1146,561,585,175,274,167,172,147,211,86,146,84,84,71,90,89,128,83,88,76,121,575,0,575,성균관로5길
2015,4,A,골목상권,1000009,724,341,383,103,81,104,104,125,207,53,39,50,51,56,92,50,42,54,53,69,115,445,0,445,삼청로5길
2015,4,A,골목상권,1000008,577,271,306,81,66,84,82,99,165,41,32,40,41,45,72,40,34,44,41,54,93,357,0,357,북촌로5나길
2015,4,A,골목상권,1000007,309,146,163,45,33,46,46,52,87,23,16,22,23,24,38,22,17,24,23,28,49,185,0,185,북촌로5길
2015,4,A,골목상권,1000006,368,170,198,56,42,57,65,57,91,28,20,26,32,26,38,28,22,31,33,31,53,178,0,178,북촌로11길
2015,4,A,골목상권,1000005,1826,891,935,310,255,232,319,304,406,168,139,112,147,141,184,142,116,120,172,163,222,760,27,733,백석동길
2015,4,A,골목상권,1000004,1283,630,653,195,305,187,193,165,238,96,163,95,96,80,100,99,142,92,97,85,138,660,25,635,명륜길
2015,4,A,골목상권,1000003,1180,687,493,99,149,140,171,241,380,46,78,82,111,159,211,53,71,58,60,82,169,819,408,411,돈화문로11가길
2015,4,A,골목상권,1000002,1050,539,511,105,190,173,163,180,239,55,86,92,89,99,118,50,104,81,74,81,121,599,270,329,난계로27길
2015,4,A,골목상권,1000001,1526,707,819,230,176,236,275,237,372,115,81,111,134,112,154,115,95,125,141,125,218,727,0,727,계동길
2015,3,U,관광특구,1001495,16376,7933,8443,3244,2377,2947,2773,2563,2472,1686,1147,1395,1328,1194,1183,1558,1230,1552,1445,1369,1289,6340,2043,4297,잠실 관광특구
2015,3,U,관광특구,1001494,3814,2057,1757,450,463,477,663,788,973,230,250,270,363,450,494,220,213,207,300,338,479,2195,131,2064,종로?청계 관광특구
2015,3,U,관광특구,1001493,1851,977,874,199,254,262,317,364,455,100,129,143,183,201,221,99,125,119,134,163,234,1042,158,884,동대문패션타운 관광특구
2015,3,U,관광특구,1001492,1318,682,636,131,144,194,219,284,346,60,72,101,122,161,166,71,72,93,97,123,180,750,0,750,명동 남대문 북창동 다동 무교동 관광특구
2015,3,U,관광특구,1001491,8420,3954,4466,1007,1179,1550,1352,1410,1922,503,601,777,657,654,762,504,578,773,695,756,1160,4590,152,4438,이태원 관광특구
2015,3,R,전통시장,1001490,2908,1439,1469,503,440,549,456,500,460,266,218,283,222,232,218,237,222,266,234,268,242,1154,416,738,길동복조리시장
2015,3,R,전통시장,1001489,381,190,191,66,58,73,62,64,58,37,29,37,31,29,27,29,29,36,31,35,31,157,87,70,둔촌역전통시장
2015,3,R,전통시장,1001488,1233,613,620,174,193,244,187,214,221,89,96,130,96,101,101,85,97,114,91,113,120,577,60,517,성내골목시장
2015,3,R,전통시장,1001487,69,35,34,10,10,13,11,12,13,5,5,7,6,6,6,5,5,6,5,6,7,30,0,30,천호시장
2015,3,R,전통시장,1001486,257,131,126,38,36,48,42,46,47,20,18,25,23,23,22,18,18,23,19,23,25,110,0,110,동서울시장
2015,3,R,전통시장,1001485,401,202,199,62,58,71,63,73,74,32,29,38,33,36,34,30,29,33,30,37,40,177,0,177,고분다리골목시장
2015,3,R,전통시장,1001484,1002,494,508,241,123,167,177,161,133,121,65,78,88,76,66,120,58,89,89,85,67,321,25,296,양지골목시장
2015,3,R,전통시장,1001483,842,420,422,153,115,151,144,141,138,79,59,79,72,69,62,74,56,72,72,72,76,345,0,345,암사종합시장
2015,3,R,전통시장,1001482,551,283,268,95,84,75,93,111,93,52,46,40,46,56,43,43,38,35,47,55,50,223,50,173,고덕전통시장
2015,3,R,전통시장,1001481,2169,1061,1108,476,303,334,387,358,311,250,154,162,183,171,141,226,149,172,204,187,170,768,551,217,명일골목시장
2015,3,R,전통시장,1001480,4122,1963,2159,648,720,908,668,620,558,331,324,444,322,289,253,317,396,464,346,331,305,1930,0,1930,새마을시장
2015,3,R,전통시장,1001479,913,442,471,149,144,200,148,140,132,77,67,99,74,65,60,72,77,101,74,75,72,622,230,392,석촌시장
2015,3,R,전통시장,1001478,5126,2511,2615,784,838,1134,810,819,741,416,406,574,394,376,345,368,432,560,416,443,396,2316,37,2279,방이시장
2015,3,R,전통시장,1001477,1294,664,630,227,175,198,221,231,242,120,95,106,115,115,113,107,80,92,106,116,129,502,0,502,마천시장
2015,3,R,전통시장,1001476,3353,1651,1702,540,477,568,551,594,623,271,245,286,282,282,285,269,232,282,269,312,338,1456,0,1456,풍납시장
2015,3,R,전통시장,1001474,315,149,166,75,39,61,66,37,37,38,17,27,32,18,17,37,22,34,34,19,20,127,76,51,도곡시장
2015,3,R,전통시장,1001473,119,57,62,23,17,22,21,17,19,12,8,10,10,8,9,11,9,12,11,9,10,48,48,0,청담삼익시장
2015,3,R,전통시장,1001472,100,47,53,15,16,24,16,13,16,8,7,11,8,6,7,7,9,13,8,7,9,49,0,49,논현종합시장
2015,3,R,전통시장,1001471,1255,577,678,125,255,351,192,156,176,63,106,158,99,70,81,62,149,193,93,86,95,712,0,712,영동전통시장
2015,3,R,전통시장,1001470,219,102,117,40,33,41,38,29,38,20,15,18,18,14,17,20,18,23,20,15,21,94,94,0,강남시장_강남
2015,3,R,전통시장,1001469,75,37,38,17,10,15,12,10,11,9,5,7,6,5,5,8,5,8,6,5,6,28,0,28,양재시장
2015,3,R,전통시장,1001468,154,73,81,35,20,22,31,22,24,17,9,10,15,11,11,18,11,12,16,11,13,56,0,56,남부종합시장
2015,3,R,전통시장,1001467,70,35,35,12,10,11,12,12,13,6,5,6,6,6,6,6,5,5,6,6,7,29,0,29,우림시장
2015,3,R,전통시장,1001466,1026,516,510,177,152,170,167,174,186,90,80,90,83,84,89,87,72,80,84,90,97,422,39,383,미성동도깨비시장
2015,3,R,전통시장,1001465,705,355,350,109,93,102,118,124,159,57,49,56,62,60,71,52,44,46,56,64,88,246,0,246,신신림시장
2015,3,R,전통시장,1001464,467,234,233,72,61,67,79,82,106,37,32,37,42,39,47,35,29,30,37,43,59,164,0,164,삼성동시장
2015,3,R,전통시장,1001463,61,31,30,8,10,13,9,10,11,4,5,7,5,5,5,4,5,6,4,5,6,31,0,31,신림중앙시장
2015,3,R,전통시장,1001462,705,357,348,93,124,146,106,112,124,46,60,81,57,55,58,47,64,65,49,57,66,350,12,338,강남골목시장
2015,3,R,전통시장,1001460,2162,1080,1082,313,387,431,365,319,347,163,190,234,182,154,157,150,197,197,183,165,190,1120,19,1101,관악신사시장
2015,3,R,전통시장,1001459,424,209,215,57,72,81,68,64,82,29,36,43,36,29,36,28,36,38,32,35,46,210,0,210,신원시장
2015,3,R,전통시장,1001458,1690,841,849,268,313,367,263,209,270,137,153,196,135,99,121,131,160,171,128,110,149,805,0,805,인헌시장
2015,3,R,전통시장,1001457,113,55,58,14,24,22,15,16,22,7,11,12,8,7,10,7,13,10,7,9,12,60,0,60,봉천중앙시장
2015,3,R,전통시장,1001456,22,10,12,4,3,4,4,3,4,2,1,2,2,1,2,2,2,2,2,2,2,9,0,9,봉천현대시장
2015,3,R,전통시장,1001455,250,124,126,46,35,50,40,36,43,24,17,26,21,17,19,22,18,24,19,19,24,106,0,106,봉일시장
2015,3,R,전통시장,1001454,355,178,177,43,84,73,49,46,60,22,39,40,27,22,28,21,45,33,22,24,32,192,0,192,봉천제일종합시장
2015,3,R,전통시장,1001453,670,340,330,90,170,152,89,76,93,45,86,83,48,36,42,45,84,69,41,40,51,377,16,361,낙성대시장
2015,3,R,전통시장,1001452,876,435,441,111,191,194,118,116,146,56,91,105,63,53,67,55,100,89,55,63,79,462,0,462,중부시장
2015,3,R,전통시장,1001451,12,6,6,2,2,2,2,2,2,1,1,1,1,1,1,1,1,1,1,1,1,5,0,5,사당시장
2015,3,R,전통시장,1001450,690,338,352,104,104,144,102,105,131,54,51,75,53,47,58,50,53,69,49,58,73,310,0,310,남성역골목시장
2015,3,R,전통시장,1001449,837,408,429,128,124,168,121,136,160,67,60,84,61,63,73,61,64,84,60,73,87,329,0,329,남성사계시장
2015,3,R,전통시장,1001448,610,305,305,98,99,105,97,90,121,50,54,55,49,44,53,48,45,50,48,46,68,269,0,269,흑석시장
2015,3,R,전통시장,1001447,2150,1064,1086,376,310,404,348,326,386,198,155,208,175,156,172,178,155,196,173,170,214,853,0,853,상도4동도깨비골목시장
2015,3,R,전통시장,1001446,144,71,73,25,21,28,22,21,27,13,10,15,11,10,12,12,11,13,11,11,15,59,0,59,성대시장
2015,3,R,전통시장,1001445,14,6,8,2,2,3,2,2,3,1,1,1,1,1,1,1,1,2,1,1,2,7,0,7,영도시장
2015,3,R,전통시장,1001444,1415,697,718,242,276,269,207,194,227,125,141,134,106,89,102,117,135,135,101,105,125,636,8,628,상도전통시장
2015,3,R,전통시장,1001443,158,78,80,27,31,30,23,22,25,14,16,15,12,10,11,13,15,15,11,12,14,70,0,70,강남시장_동작
2015,3,R,전통시장,1001442,7,5,2,0,1,1,1,2,2,0,1,1,1,1,1,0,0,0,0,1,1,3,0,3,신노량진시장
2015,3,R,전통시장,1001441,580,291,289,95,95,103,88,90,109,49,51,55,46,42,48,46,44,48,42,48,61,230,0,230,본동인정시장
2015,3,R,전통시장,1001440,333,166,167,54,54,59,51,53,62,28,28,32,26,25,27,26,26,27,25,28,35,140,0,140,노량진중앙시장
2015,3,R,전통시장,1001439,647,320,327,91,84,105,110,116,141,48,42,55,55,56,64,43,42,50,55,60,77,310,0,310,대림중앙시장
2015,3,R,전통시장,1001438,503,254,249,78,67,76,87,89,106,42,35,42,44,44,47,36,32,34,43,45,59,215,0,215,우리시장
2015,3,R,전통시장,1001437,185,92,93,31,26,31,31,31,35,16,13,16,16,15,16,15,13,15,15,16,19,79,0,79,영진시장A동
2015,3,R,전통시장,1001436,74,38,36,14,8,12,14,12,14,8,4,6,8,6,6,6,4,6,6,6,8,43,0,43,사러가시장
2015,3,R,전통시장,1001435,160,81,79,22,26,28,27,26,31,12,13,15,14,13,14,10,13,13,13,13,17,79,0,79,대신시장
2015,3,R,전통시장,1001434,95,48,47,17,12,23,15,12,16,9,6,12,8,6,7,8,6,11,7,6,9,42,0,42,양남시장
2015,3,R,전통시장,1001433,1091,553,538,211,140,228,178,151,183,109,67,113,98,77,89,102,73,115,80,74,94,452,125,327,영일시장
2015,3,R,전통시장,1001432,66,34,32,10,10,13,11,10,12,5,5,7,6,5,6,5,5,6,5,5,6,31,0,31,도림시장
2015,3,R,전통시장,1001431,463,229,234,69,68,93,72,73,88,34,34,48,38,35,40,35,34,45,34,38,48,223,0,223,영등포청과시장
2015,3,R,전통시장,1001430,2183,1241,942,221,393,421,329,386,433,115,194,242,215,243,232,106,199,179,114,143,201,1316,60,1256,영등포전통시장
2015,3,R,전통시장,1001429,451,228,223,77,61,65,79,78,91,40,33,35,40,40,40,37,28,30,39,38,51,182,0,182,은행나무시장
2015,3,R,전통시장,1001428,125,63,62,21,17,19,20,23,25,11,9,10,10,11,12,10,8,9,10,12,13,50,19,31,박미시장
2015,3,R,전통시장,1001427,3714,1878,1836,639,516,638,623,639,659,338,270,335,319,312,304,301,246,303,304,327,355,1462,98,1364,현대시장
2015,3,R,전통시장,1001426,16,8,8,3,2,3,2,3,3,2,1,2,1,1,1,1,1,1,1,2,2,7,0,7,대명시장
2015,3,R,전통시장,1001425,43,22,21,6,6,7,8,8,8,3,3,4,4,4,4,3,3,3,4,4,4,19,19,0,푸른터시장
2015,3,R,전통시장,1001424,1842,937,905,276,259,281,338,353,335,141,135,155,169,178,159,135,124,126,169,175,176,805,0,805,남문시장
2015,3,R,전통시장,1001423,243,128,115,38,40,49,39,37,40,20,22,28,21,19,18,18,18,21,18,18,22,115,0,115,독산동 우시장
2015,3,R,전통시장,1001422,333,165,168,53,51,65,49,53,62,26,25,34,26,25,29,27,26,31,23,28,33,135,0,135,오류시장
2015,3,R,전통시장,1001421,426,210,216,79,54,82,61,69,81,40,27,42,31,31,39,39,27,40,30,38,42,154,0,154,개봉중앙시장
2015,3,R,전통시장,1001420,808,408,400,166,102,130,145,128,137,86,53,65,75,65,64,80,49,65,70,63,73,323,59,264,고척근린시장
2015,3,R,전통시장,1001419,293,161,132,31,30,39,60,66,67,16,16,23,36,39,31,15,14,16,24,27,36,164,0,164,가리봉시장
2015,3,R,전통시장,1001418,830,419,411,125,111,152,142,135,165,66,55,82,76,66,74,59,56,70,66,69,91,406,0,406,남구로시장
2015,3,R,전통시장,1001417,190,96,94,30,26,38,31,29,36,16,13,21,16,14,16,14,13,17,15,15,20,94,0,94,구로시장
2015,3,R,전통시장,1001416,25,12,13,4,4,4,4,4,5,2,2,2,2,2,2,2,2,2,2,2,3,11,0,11,공항시장
2015,3,R,전통시장,1001415,766,381,385,160,95,136,126,124,125,82,49,68,64,60,58,78,46,68,62,64,67,291,101,190,방신전통시장
2015,3,R,전통시장,1001414,1007,482,525,275,117,161,196,136,122,136,57,76,95,66,52,139,60,85,101,70,70,354,19,335,송화골목시장
2015,3,R,전통시장,1001413,1573,769,804,268,210,348,241,238,268,137,103,178,122,106,123,131,107,170,119,132,145,689,24,665,까치산시장
2015,3,R,전통시장,1001412,497,243,254,97,68,109,81,70,72,49,33,56,41,32,32,48,35,53,40,38,40,214,0,214,화곡본동시장
2015,3,R,전통시장,1001411,2208,1097,1111,379,303,417,362,370,377,199,154,219,181,169,175,180,149,198,181,201,202,910,16,894,남부골목시장
2015,3,R,전통시장,1001409,1439,719,720,213,226,300,216,235,249,110,113,159,110,109,118,103,113,141,106,126,131,697,0,697,화곡중앙골목시장
2015,3,R,전통시장,1001408,130,62,68,23,21,19,20,24,23,12,11,10,9,11,9,11,10,9,11,13,14,51,0,51,신월중앙시장
2015,3,R,전통시장,1001406,703,352,351,164,85,115,133,104,102,86,45,56,67,52,46,78,40,59,66,52,56,266,0,266,신정3동골목시장
2015,3,R,전통시장,1001405,933,464,469,224,134,89,203,163,120,120,67,40,95,87,55,104,67,49,108,76,65,299,0,299,신정2동골목시장
2015,3,R,전통시장,1001404,38,18,20,10,4,4,9,6,5,5,2,2,4,3,2,5,2,2,5,3,3,13,0,13,신정제일시장
2015,3,R,전통시장,1001403,239,119,120,45,32,41,38,40,43,23,17,22,19,19,19,22,15,19,19,21,24,99,20,79,신월7동골목시장
2015,3,R,전통시장,1001402,189,97,92,32,25,26,32,38,36,17,13,14,17,19,17,15,12,12,15,19,19,79,0,79,신월6동골목시장
2015,3,R,전통시장,1001401,327,167,160,57,45,45,55,64,61,30,24,24,28,32,29,27,21,21,27,32,32,145,0,145,신곡종합시장
2015,3,R,전통시장,1001400,621,323,298,103,85,94,112,115,112,53,45,51,61,62,51,50,40,43,51,53,61,283,0,283,신월3동골목시장
2015,3,R,전통시장,1001399,326,161,165,62,42,59,50,56,57,31,22,31,25,26,26,31,20,28,25,30,31,122,43,79,경창시장
2015,3,R,전통시장,1001398,2015,1033,982,347,272,328,346,373,349,178,140,178,179,195,163,169,132,150,167,178,186,837,0,837,월정로시장
2015,3,R,전통시장,1001397,1219,622,597,211,166,198,208,225,211,107,85,107,107,118,98,104,81,91,101,107,113,514,10,504,신영시장
2015,3,R,전통시장,1001396,1309,654,655,327,176,159,288,199,160,178,93,76,133,104,70,149,83,83,155,95,90,471,57,414,목4동시장
2015,3,R,전통시장,1001395,1049,510,539,182,171,184,167,180,165,96,85,94,76,86,73,86,86,90,91,94,92,426,166,260,목3동시장
2015,3,R,전통시장,1001394,807,398,409,152,126,142,137,138,112,81,64,71,65,67,50,71,62,71,72,71,62,313,53,260,목2동시장
2015,3,R,전통시장,1001392,51,24,27,7,9,11,8,7,9,4,4,5,4,3,4,3,5,6,4,4,5,24,0,24,동진시장
2015,3,R,전통시장,1001391,789,381,408,153,103,149,141,111,132,77,48,73,71,53,59,76,55,76,70,58,73,306,0,306,망원월드컵시장
2015,3,R,전통시장,1001390,1432,697,735,235,208,295,243,204,247,122,98,149,124,97,107,113,110,146,119,107,140,632,47,585,망원시장
2015,3,R,전통시장,1001389,85,41,44,14,15,19,12,11,14,7,7,10,6,5,6,7,8,9,6,6,8,40,0,40,합정시장
2015,3,R,전통시장,1001388,210,97,113,24,46,50,32,25,33,12,19,23,16,12,15,12,27,27,16,13,18,120,0,120,영진시장
2015,3,R,전통시장,1001386,123,61,62,23,18,22,22,17,21,12,10,11,11,8,9,11,8,11,11,9,12,54,0,54,신수시장
2015,3,R,전통시장,1001385,440,213,227,70,60,84,71,72,83,35,29,42,36,36,35,35,31,42,35,36,48,213,0,213,아현시장
2015,3,R,전통시장,1001384,25,12,13,4,4,4,4,4,5,2,2,2,2,2,2,2,2,2,2,2,3,13,0,13,마포시장
2015,3,R,전통시장,1001382,150,74,76,27,21,22,26,24,30,14,11,11,13,12,13,13,10,11,13,12,17,64,64,0,백련시장
2015,3,R,전통시장,1001381,49,25,24,7,5,7,8,9,13,4,3,3,4,5,6,3,2,4,4,4,7,20,0,20,모래내시장
2015,3,R,전통시장,1001380,837,411,426,148,112,113,148,143,173,75,57,58,75,71,75,73,55,55,73,72,98,349,0,349,포방터시장
2015,3,R,전통시장,1001379,319,156,163,54,40,45,56,53,71,27,20,24,29,26,30,27,20,21,27,27,41,140,0,140,인왕시장
2015,3,R,전통시장,1001378,319,155,164,49,45,53,57,51,64,25,23,27,28,26,26,24,22,26,29,25,38,138,0,138,아현가구거리상점가
2015,3,R,전통시장,1001377,848,411,437,164,102,137,151,129,165,85,51,67,77,64,67,79,51,70,74,65,98,372,10,362,영천시장
2015,3,R,전통시장,1001376,185,93,92,30,25,28,30,32,40,16,13,15,16,16,17,14,12,13,14,16,23,68,0,68,수일시장
2015,3,R,전통시장,1001375,160,80,80,28,20,27,27,27,31,15,10,14,14,13,14,13,10,13,13,14,17,65,0,65,증산종합시장
2015,3,R,전통시장,1001374,552,272,280,90,74,86,96,92,114,48,38,44,48,44,50,42,36,42,48,48,64,240,10,230,대림골목시장
2015,3,R,전통시장,1001373,525,260,265,107,58,96,93,76,95,57,31,47,47,37,41,50,27,49,46,39,54,213,0,213,신응암시장
2015,3,R,전통시장,1001372,50,24,26,10,6,9,8,8,9,5,3,4,4,4,4,5,3,5,4,4,5,21,0,21,녹번시장
2015,3,R,전통시장,1001369,54,26,28,9,8,8,9,9,11,5,4,4,4,4,5,4,4,4,5,5,6,24,0,24,갈현시장
2015,3,R,전통시장,1001368,186,91,95,29,25,30,31,32,39,15,13,16,15,15,17,14,12,14,16,17,22,86,69,17,연서시장
2015,3,R,전통시장,1001367,1716,841,875,324,246,238,306,292,310,166,127,123,146,142,137,158,119,115,160,150,173,676,0,676,상계중앙시장
2015,3,R,전통시장,1001366,14,7,7,2,2,2,2,2,4,1,1,1,1,1,2,1,1,1,1,1,2,6,0,6,상계시장
2015,3,R,전통시장,1001365,1649,810,839,279,277,296,251,268,278,144,140,152,126,124,124,135,137,144,125,144,154,709,48,661,공릉동도깨비시장
2015,3,R,전통시장,1001364,1402,710,692,250,185,189,254,248,276,133,98,102,130,123,124,117,87,87,124,125,152,588,0,588,방학동도깨비시장
2015,3,R,전통시장,1001363,857,420,437,135,123,146,136,143,174,71,61,76,69,64,79,64,62,70,67,79,95,406,0,406,쌍문역골목시장
2015,3,R,전통시장,1001362,695,340,355,126,92,98,119,119,141,63,46,50,60,56,65,63,46,48,59,63,76,270,0,270,백운시장
2015,3,R,전통시장,1001361,134,69,65,19,17,19,21,24,34,10,9,11,11,12,16,9,8,8,10,12,18,57,0,57,신도봉시장
2015,3,R,전통시장,1001360,1015,511,504,183,127,161,180,168,196,96,67,84,92,84,88,87,60,77,88,84,108,373,0,373,창동골목시장
2015,3,R,전통시장,1001359,2095,1031,1064,398,293,344,360,347,353,204,148,172,177,170,160,194,145,172,183,177,193,736,98,638,창동신창시장
2015,3,R,전통시장,1001358,59,30,29,9,8,9,10,10,13,5,4,5,5,5,6,4,4,4,5,5,7,24,0,24,수유북부시장
2015,3,R,전통시장,1001357,1600,786,814,262,202,226,270,272,368,137,101,118,134,131,165,125,101,108,136,141,203,675,26,649,장미원골목시장
2015,3,R,전통시장,1001356,25,12,13,4,4,4,4,4,5,2,2,2,2,2,2,2,2,2,2,2,3,12,0,12,수유중앙시장
2015,3,R,전통시장,1001355,850,423,427,114,126,149,138,144,179,61,63,80,69,69,81,53,63,69,69,75,98,420,22,398,강북종합시장
2015,3,R,전통시장,1001354,1893,931,962,308,247,289,304,324,421,160,127,152,152,153,187,148,120,137,152,171,234,740,10,730,우이시장
2015,3,R,전통시장,1001353,574,289,285,92,79,89,96,98,120,48,41,48,50,47,55,44,38,41,46,51,65,244,79,165,수유전통시장
2015,3,R,전통시장,1001352,1081,536,545,164,161,190,184,171,211,86,78,99,97,82,94,78,83,91,87,89,117,497,99,398,번동북부골목시장
2015,3,R,전통시장,1001351,420,204,216,109,44,72,87,53,55,55,22,33,45,26,23,54,22,39,42,27,32,143,0,143,솔샘시장
2015,3,R,전통시장,1001350,225,113,112,33,30,34,39,40,49,17,16,18,20,20,22,16,14,16,19,20,27,101,0,101,숭인시장
2015,3,R,전통시장,1001349,1768,860,908,271,245,281,294,305,372,136,121,150,144,142,167,135,124,131,150,163,205,759,0,759,방천골목시장
2015,3,R,전통시장,1001348,33,17,16,6,4,5,6,6,6,3,2,3,3,3,3,3,2,2,3,3,3,14,0,14,동북시장
2015,3,R,전통시장,1001347,2456,1235,1221,392,346,398,407,425,488,206,176,206,209,210,228,186,170,192,198,215,260,1067,0,1067,석관황금시장
2015,3,R,전통시장,1001346,169,84,85,27,24,27,28,29,34,14,12,14,14,14,16,13,12,13,14,15,18,75,0,75,석관시장
2015,3,R,전통시장,1001345,120,60,60,19,17,19,20,21,24,10,9,10,10,10,11,9,8,9,10,11,13,53,0,53,새석관시장
2015,3,R,전통시장,1001344,73,38,35,13,9,10,13,13,15,7,5,5,7,7,7,6,4,5,6,6,8,33,0,33,번동시장
2015,3,R,전통시장,1001343,1941,976,965,315,256,281,340,337,412,161,133,154,176,164,188,154,123,127,164,173,224,774,18,756,장위전통시장
2015,3,R,전통시장,1001342,187,91,96,38,22,32,32,29,34,19,11,15,17,14,15,19,11,17,15,15,19,70,0,70,밤나무골시장
2015,3,R,전통시장,1001341,91,44,47,23,10,17,18,11,12,12,5,8,9,5,5,11,5,9,9,6,7,35,0,35,길음시장
2015,3,R,전통시장,1001340,1578,786,792,258,240,238,253,254,335,135,130,129,126,120,146,123,110,109,127,134,189,708,12,696,정릉시장
2015,3,R,전통시장,1001339,458,226,232,88,56,75,77,73,89,47,28,38,39,35,39,41,28,37,38,38,50,184,0,184,정릉아리랑시장
2015,3,R,전통시장,1001338,182,88,94,31,30,31,32,25,33,16,14,16,16,12,14,15,16,15,16,13,19,88,0,88,돈암제일시장
2015,3,R,전통시장,1001337,88,43,45,15,12,13,16,16,16,7,6,7,8,8,7,8,6,6,8,8,9,40,0,40,유영시장
2015,3,R,전통시장,1001336,2590,1310,1280,411,377,406,425,490,481,209,194,216,217,250,224,202,183,190,208,240,257,1093,35,1058,우림골목시장
2015,3,R,전통시장,1001335,1103,540,563,205,158,187,186,179,188,105,76,94,92,86,87,100,82,93,94,93,101,441,24,417,묵1동도깨비시장
2015,3,R,전통시장,1001334,837,433,404,112,122,129,144,167,163,60,62,69,78,88,76,52,60,60,66,79,87,395,103,292,태능시장
2015,3,R,전통시장,1001333,2125,1086,1039,308,308,342,358,398,411,165,156,184,188,202,191,143,152,158,170,196,220,971,0,971,중화제일시장
2015,3,R,전통시장,1001332,2169,1087,1082,342,321,354,370,386,396,172,167,187,187,191,183,170,154,167,183,195,213,960,54,906,사가정시장
2015,3,R,전통시장,1001331,1574,789,785,243,231,263,259,282,296,126,118,139,131,141,134,117,113,124,128,141,162,664,18,646,면목골목시장
2015,3,R,전통시장,1001330,2305,1161,1144,363,347,388,405,389,413,191,174,208,207,192,189,172,173,180,198,197,224,1054,8,1046,동원시장
2015,3,R,전통시장,1001329,1418,713,705,215,212,246,248,246,251,110,104,131,130,123,115,105,108,115,118,123,136,638,23,615,동부골목시장
2015,3,R,전통시장,1001327,274,138,136,38,51,46,44,41,54,20,25,25,23,21,24,18,26,21,21,20,30,143,0,143,이경시장
2015,3,R,전통시장,1001326,1195,577,618,179,291,222,158,148,197,88,140,116,80,69,84,91,151,106,78,79,113,636,311,325,회기시장
2015,3,R,전통시장,1001325,80,39,41,12,12,12,12,14,18,6,6,6,6,7,8,6,6,6,6,7,10,39,0,39,청량리청과물시장
2015,3,R,전통시장,1001324,326,165,161,64,40,58,57,51,56,34,21,29,30,25,26,30,19,29,27,26,30,125,0,125,전곡시장
2015,3,R,전통시장,1001323,528,261,267,97,66,84,94,86,101,49,34,42,48,42,46,48,32,42,46,44,55,202,0,202,답십리시장
2015,3,R,전통시장,1001321,783,390,393,145,98,124,142,124,150,74,51,62,74,61,68,71,47,62,68,63,82,328,0,328,답십리현대시장
2015,3,R,전통시장,1001320,64,33,31,10,9,10,11,11,13,5,5,5,6,6,6,5,4,5,5,5,7,28,0,28,전농로터리시장
2015,3,R,전통시장,1001319,275,141,134,39,45,44,40,44,63,20,25,24,22,22,28,19,20,20,18,22,35,128,0,128,청량리종합시장
2015,3,R,전통시장,1001318,163,82,81,23,25,26,25,26,38,12,13,14,13,13,17,11,12,12,12,13,21,74,0,74,청량리전통시장
2015,3,R,전통시장,1001317,169,87,82,24,27,27,25,28,38,12,15,15,14,14,17,12,12,12,11,14,21,82,0,82,청량리농수산물시장
2015,3,R,전통시장,1001316,1949,1004,945,273,314,313,286,315,448,140,174,173,158,156,203,133,140,140,128,159,245,880,0,880,서울약령시장
2015,3,R,전통시장,1001314,12,6,6,2,2,2,2,2,2,1,1,1,1,1,1,1,1,1,1,1,1,4,0,4,경동시장
2015,3,R,전통시장,1001313,437,226,211,60,65,75,69,73,95,31,33,41,38,39,44,29,32,34,31,34,51,223,0,223,청량리수산시장
2015,3,R,전통시장,1001310,34,17,17,6,4,6,6,6,6,3,2,3,3,3,3,3,2,3,3,3,3,13,0,13,구의시장
2015,3,R,전통시장,1001309,193,99,94,25,31,32,33,35,37,13,16,17,18,18,17,12,15,15,15,17,20,96,0,96,조양시장
2015,3,R,전통시장,1001308,1922,978,944,244,308,322,327,354,367,126,155,171,175,183,168,118,153,151,152,171,199,981,0,981,영동교골목시장
2015,3,R,전통시장,1001307,610,302,308,111,94,102,103,106,94,57,47,50,52,53,43,54,47,52,51,53,51,246,0,246,능동로골목시장
2015,3,R,전통시장,1001306,731,363,368,131,111,124,123,126,116,66,56,61,63,63,54,65,55,63,60,63,62,300,0,300,노룬산골목시장
2015,3,R,전통시장,1001305,54,26,28,10,8,10,9,9,8,5,4,5,4,4,4,5,4,5,5,5,4,22,0,22,자양종합시장
2015,3,R,전통시장,1001304,2434,1204,1230,382,406,460,402,390,394,200,200,236,201,190,177,182,206,224,201,200,217,1155,0,1155,자양골목시장
2015,3,R,전통시장,1001303,127,63,64,23,18,21,22,21,22,12,9,11,11,10,10,11,9,10,11,11,12,49,0,49,신성골목시장
2015,3,R,전통시장,1001302,588,294,294,97,86,101,106,101,97,52,44,53,53,48,44,45,42,48,53,53,53,261,0,261,면곡골목시장
2015,3,R,전통시장,1001301,1124,559,565,161,183,221,184,187,188,83,89,116,93,91,87,78,94,105,91,96,101,510,0,510,중곡제일시장
2015,3,R,전통시장,1001300,893,438,455,84,294,186,110,100,119,42,133,98,62,49,54,42,161,88,48,51,65,545,0,545,화양제일골목시장
2015,3,R,전통시장,1001299,100,49,51,10,33,21,12,11,13,5,15,11,7,5,6,5,18,10,5,6,7,63,0,63,한아름시장
2015,3,R,전통시장,1001298,2097,1112,985,308,301,338,395,368,387,159,152,191,223,206,181,149,149,147,172,162,206,999,0,999,성동용답상가시장
2015,3,R,전통시장,1001297,411,214,197,64,62,67,72,76,70,33,33,36,39,40,33,31,29,31,33,36,37,183,0,183,뚝도시장
2015,3,R,전통시장,1001296,457,220,237,80,57,92,77,67,84,41,28,45,39,31,36,39,29,47,38,36,48,201,0,201,금남시장
2015,3,R,전통시장,1001295,1520,750,770,247,232,256,253,253,279,124,118,131,125,128,124,123,114,125,128,125,155,668,75,593,행당시장
2015,3,R,전통시장,1001294,778,388,390,138,128,120,130,125,137,73,63,61,65,63,63,65,65,59,65,62,74,332,0,332,마장축산물시장
2015,3,R,전통시장,1001293,13,6,7,2,2,2,2,2,3,1,1,1,1,1,1,1,1,1,1,1,2,6,0,6,보광시장
2015,3,R,전통시장,1001292,65,30,35,9,8,13,10,10,15,5,4,6,5,4,6,4,4,7,5,6,9,34,0,34,이태원제일시장
2015,3,R,전통시장,1001291,95,44,51,11,13,16,15,17,23,5,7,8,7,8,9,6,6,8,8,9,14,53,0,53,이태원시장
2015,3,R,전통시장,1001290,137,64,73,32,15,21,27,19,23,16,7,9,13,9,10,16,8,12,14,10,13,46,10,36,이촌종합시장
2015,3,R,전통시장,1001289,714,347,367,134,91,133,122,103,131,68,45,65,63,49,57,66,46,68,59,54,74,266,0,266,용문전통시장
2015,3,R,전통시장,1001288,56,26,30,8,10,10,10,8,10,4,4,5,5,4,4,4,6,5,5,4,6,27,0,27,만리시장
2015,3,R,전통시장,1001287,72,35,37,11,10,13,11,11,16,6,5,7,5,5,7,5,5,6,6,6,9,34,0,34,신흥시장
2015,3,R,전통시장,1001286,462,230,232,81,62,78,81,72,88,43,33,41,41,35,37,38,29,37,40,37,51,200,29,171,후암시장
2015,3,R,전통시장,1001285,10,5,5,2,0,2,2,2,2,1,0,1,1,1,1,1,0,1,1,1,1,6,0,6,합동(새벽)시장
2015,3,R,전통시장,1001284,1473,741,732,199,229,296,235,230,284,104,109,152,126,121,129,95,120,144,109,109,155,699,0,699,서울중앙시장
2015,3,R,전통시장,1001283,1198,599,599,203,159,204,214,196,222,105,83,104,113,100,94,98,76,100,101,96,128,549,0,549,백학시장
2015,3,R,전통시장,1001282,2842,1365,1477,451,366,501,451,465,608,229,179,249,227,222,259,222,187,252,224,243,349,1450,36,1414,약수시장
2015,3,R,전통시장,1001279,81,41,40,11,12,12,16,14,16,6,6,6,9,7,7,5,6,6,7,7,9,42,29,13,동평화시장
2015,3,R,전통시장,1001277,367,229,138,30,32,40,53,89,123,15,16,23,37,64,74,15,16,17,16,25,49,241,0,241,방산종합시장
2015,3,R,전통시장,1001275,179,95,84,16,24,24,28,37,50,8,12,13,17,20,25,8,12,11,11,17,25,102,0,102,인현시장
2015,3,R,전통시장,1001274,228,126,102,19,27,32,34,50,66,9,14,18,21,30,34,10,13,14,13,20,32,137,0,137,신중부시장
2015,3,R,전통시장,1001273,579,313,266,53,59,70,92,137,168,25,28,37,54,83,86,28,31,33,38,54,82,354,0,354,남대문시장
2015,3,R,전통시장,1001272,71,36,35,8,12,12,11,13,15,4,6,6,6,7,7,4,6,6,5,6,8,40,0,40,신설종합시장
2015,3,R,전통시장,1001271,909,465,444,102,152,158,148,156,193,53,73,83,79,84,93,49,79,75,69,72,100,509,224,285,동묘시장
2015,3,R,전통시장,1001270,489,254,235,67,64,62,93,95,108,34,34,35,48,51,52,33,30,27,45,44,56,244,0,244,창신골목시장
2015,3,R,전통시장,1001268,88,48,40,11,13,11,16,16,21,6,7,7,9,9,10,5,6,4,7,7,11,48,0,48,충신시장
2015,3,R,전통시장,1001267,169,92,77,20,25,21,31,31,41,11,13,13,17,18,20,9,12,8,14,13,21,98,0,98,종로신진시장
2015,3,R,전통시장,1001265,3,2,1,0,0,0,0,1,2,0,0,0,0,1,1,0,0,0,0,0,1,3,0,3,광장시장
2015,3,R,전통시장,1001264,815,389,426,170,101,124,153,113,154,92,52,54,70,56,65,78,49,70,83,57,89,309,0,309,통인시장
2015,3,D,발달상권,1001263,793,392,401,148,123,104,141,145,132,75,61,52,68,72,64,73,62,52,73,73,68,310,14,296,서울 노원구 노원역_3
2015,3,D,발달상권,1001262,583,272,311,127,76,104,108,86,82,64,37,48,51,38,34,63,39,56,57,48,48,228,0,228,서울 노원구 노원역_2
2015,3,D,발달상권,1001261,940,442,498,206,122,165,176,140,131,105,58,76,84,64,55,101,64,89,92,76,76,368,264,104,서울 노원구 노원역_1
2015,3,D,발달상권,1001260,2875,1389,1486,631,390,420,544,468,422,323,193,201,254,232,186,308,197,219,290,236,236,1080,120,960,창동역
2015,3,D,발달상권,1001259,599,298,301,80,90,104,97,101,127,43,45,56,49,48,57,37,45,48,48,53,70,297,14,283,서울 강북구 수유역_3
2015,3,D,발달상권,1001257,1506,750,756,202,226,261,244,253,320,106,114,139,122,122,147,96,112,122,122,131,173,731,143,588,서울 강북구 수유역_2
2015,3,D,발달상권,1001256,776,385,391,118,116,137,130,123,152,61,56,71,69,59,69,57,60,66,61,64,83,360,159,201,서울 강북구 수유역_1
2015,3,D,발달상권,1001255,51,25,26,8,7,8,8,9,11,4,4,4,4,4,5,4,3,4,4,5,6,23,0,23,서울 은평구 연신내역_3
2015,3,D,발달상권,1001254,870,425,445,165,122,142,154,134,153,84,61,74,74,64,68,81,61,68,80,70,85,351,39,312,서울 은평구 연신내역_2
2015,3,D,발달상권,1001253,143,68,75,24,20,26,24,22,27,12,9,13,12,10,12,12,11,13,12,12,15,64,54,10,서울 은평구 연신내역_1
2015,3,D,발달상권,1001252,1160,576,584,190,155,185,194,199,237,101,79,94,99,97,106,89,76,91,95,102,131,514,0,514,서울 성북구 미아삼거리역_2
2015,3,D,발달상권,1001251,519,252,267,80,71,84,87,90,107,40,35,44,43,42,48,40,36,40,44,48,59,223,0,223,서울 강북구 미아삼거리역_1
2015,3,D,발달상권,1001249,1839,889,950,337,242,323,308,287,342,174,118,159,154,137,147,163,124,164,154,150,195,746,36,710,서울 은평구 불광역_2
2015,3,D,발달상권,1001248,659,315,344,108,96,119,110,101,125,53,45,61,55,46,55,55,51,58,55,55,70,298,53,245,서울 은평구 불광역_1
2015,3,D,발달상권,1001247,174,87,87,30,23,28,29,29,35,16,12,14,15,14,16,14,11,14,14,15,19,76,0,76,미아사거리_2
2015,3,D,발달상권,1001246,777,382,395,160,89,133,137,121,137,80,45,64,72,59,62,80,44,69,65,62,75,293,190,103,미아사거리_1
2015,3,D,발달상권,1001245,952,423,529,136,218,173,144,120,161,68,78,83,71,55,68,68,140,90,73,65,93,507,20,487,서울 성북구 성신여대입구역
2015,3,D,발달상권,1001244,667,321,346,99,165,127,86,81,109,48,79,66,44,38,46,51,86,61,42,43,63,360,22,338,경희대학교
2015,3,D,발달상권,1001243,516,262,254,68,137,81,75,71,84,36,71,45,39,35,36,32,66,36,36,36,48,272,16,256,서울 성북구 안암역
2015,3,D,발달상권,1001242,968,478,490,148,225,150,148,125,172,76,119,77,72,62,72,72,106,73,76,63,100,508,0,508,혜화역 대학로_3
2015,3,D,발달상권,1001241,910,450,460,138,211,143,139,117,162,71,113,74,68,57,67,67,98,69,71,60,95,465,0,465,혜화역 대학로_2
2015,3,D,발달상권,1001240,612,293,319,87,124,109,97,85,110,44,57,56,46,42,48,43,67,53,51,43,62,314,0,314,혜화역 대학로_1
2015,3,D,발달상권,1001239,203,99,104,54,22,35,39,25,28,28,11,16,20,12,12,26,11,19,19,13,16,72,72,0,디지털미디어시티
2015,3,D,발달상권,1001238,2369,1187,1182,334,313,346,363,429,584,171,167,185,191,213,260,163,146,161,172,216,324,1080,754,326,서울 동대문구 청량리역
2015,3,D,발달상권,1001237,555,259,296,91,71,88,94,88,123,47,32,41,45,41,53,44,39,47,49,47,70,285,0,285,서울 종로구 경복궁역_2
2015,3,D,발달상권,1001236,198,95,103,29,22,30,30,34,53,15,11,15,15,16,23,14,11,15,15,18,30,116,0,116,서울 종로구 안국역_2
2015,3,D,발달상권,1001235,122,57,65,20,14,19,22,19,28,10,6,9,11,9,12,10,8,10,11,10,16,56,0,56,서울 종로구 안국역_1
2015,3,D,발달상권,1001234,997,467,530,162,129,157,170,158,221,84,59,73,81,74,96,78,70,84,89,84,125,510,0,510,서울 종로구 경복궁역_1
2015,3,D,발달상권,1001233,587,335,252,57,67,73,91,126,173,23,36,42,60,81,93,34,31,31,31,45,80,416,0,416,서울 종로구 종로3가역_3
2015,3,D,발달상권,1001232,1924,1109,815,183,222,235,295,420,569,77,122,137,197,269,307,106,100,98,98,151,262,1355,0,1355,서울 종로구 종로3가역_2
2015,3,D,발달상권,1001231,179,92,87,25,27,31,27,30,39,13,14,17,14,16,18,12,13,14,13,14,21,94,27,67,서울 동대문구 신설동역_2
2015,3,D,발달상권,1001230,592,342,250,56,68,72,91,129,176,24,37,42,61,83,95,32,31,30,30,46,81,416,149,267,인사동
2015,3,D,발달상권,1001229,592,339,253,57,68,74,91,128,174,24,37,43,60,81,94,33,31,31,31,47,80,416,0,416,서울 종로구 종로5가역_4
2015,3,D,발달상권,1001228,393,212,181,45,60,51,72,70,95,24,33,32,39,39,45,21,27,19,33,31,50,229,0,229,서울 종로구 종로5가역_3
2015,3,D,발달상권,1001227,348,198,150,34,40,44,54,74,102,14,21,25,35,48,55,20,19,19,19,26,47,239,54,185,종로구청
2015,3,D,발달상권,1001226,1243,676,567,144,179,169,202,232,317,70,92,96,119,139,160,74,87,73,83,93,157,753,303,450,서울 종로구 종로5가역_2
2015,3,D,발달상권,1001225,627,324,303,72,105,108,103,105,134,39,50,57,56,57,65,33,55,51,47,48,69,351,74,277,신설동역
2015,3,D,발달상권,1001224,78,40,38,11,12,13,12,13,17,6,6,7,6,7,8,5,6,6,6,6,9,39,0,39,서울 동대문구 신설동역_1
2015,3,D,발달상권,1001223,1867,878,989,302,242,297,317,297,412,154,112,140,151,141,180,148,130,157,166,156,232,876,593,283,서울 종로구 광화문역_2
2015,3,D,발달상권,1001222,693,369,324,87,85,88,125,140,168,46,46,49,65,78,85,41,39,39,60,62,83,380,240,140,동묘앞역
2015,3,D,발달상권,1001221,2609,1315,1294,476,332,480,443,428,450,246,171,241,235,210,212,230,161,239,208,218,238,1051,837,214,장안동사거리
2015,3,D,발달상권,1001220,1056,561,495,132,128,134,188,215,259,70,69,75,98,119,130,62,59,59,90,96,129,557,0,557,서울 종로구 동대문역_2
2015,3,D,발달상권,1001219,158,80,78,23,23,20,31,29,32,12,12,11,16,15,14,11,11,9,15,14,18,72,0,72,서울 종로구 동대문역_1
2015,3,D,발달상권,1001218,8,5,3,0,1,1,2,2,2,0,1,1,1,1,1,0,0,0,1,1,1,4,0,4,동대문시장_2
2015,3,D,발달상권,1001217,8,5,3,0,1,1,2,2,2,0,1,1,1,1,1,0,0,0,1,1,1,4,0,4,서울 종로구 종로5가역_1
2015,3,D,발달상권,1001216,236,136,100,22,26,28,36,53,71,10,14,16,24,34,38,12,12,12,12,19,33,168,0,168,서울 종로구 종로3가역_1
2015,3,D,발달상권,1001213,6,4,2,0,0,0,0,2,4,0,0,0,0,2,2,0,0,0,0,0,2,6,0,6,종각역 젊음의 거리
2015,3,D,발달상권,1001212,399,194,205,63,48,63,69,66,90,31,23,33,37,33,37,32,25,30,32,33,53,228,0,228,서대문구 서대문역_1
2015,3,D,발달상권,1001211,6,4,2,0,0,1,1,2,2,0,0,1,1,1,1,0,0,0,0,1,1,4,0,4,동대문시장_1
2015,3,D,발달상권,1001210,79,42,37,9,9,20,14,13,14,4,5,11,7,8,7,5,4,9,7,5,7,46,0,46,시청역_2
2015,3,D,발달상권,1001209,50,20,30,3,6,7,8,11,15,1,3,3,4,4,5,2,3,4,4,7,10,24,0,24,서울시청
2015,3,D,발달상권,1001208,672,410,262,52,59,77,99,163,222,26,30,42,69,112,131,26,29,35,30,51,91,438,133,305,서울 중구 을지로3가역_2
2015,3,D,발달상권,1001207,86,44,42,12,12,12,17,15,18,6,6,6,10,8,8,6,6,6,7,7,10,52,0,52,서울 중구 신당역_2
2015,3,D,발달상권,1001206,1039,505,534,188,132,167,183,163,206,97,67,83,92,80,86,91,65,84,91,83,120,460,176,284,서대문구 서대문역_2
2015,3,D,발달상권,1001205,394,212,182,35,51,54,62,83,109,17,26,30,38,46,55,18,25,24,24,37,54,225,0,225,동대문역사문화공원역
2015,3,D,발달상권,1001204,160,98,62,12,14,18,23,38,55,6,7,11,16,26,32,6,7,7,7,12,23,107,0,107,서울 중구 을지로3가역_1
2015,3,D,발달상권,1001203,62,27,35,6,6,7,12,14,17,3,3,3,6,6,6,3,3,4,6,8,11,29,0,29,명동거리
2015,3,D,발달상권,1001202,100,54,46,13,12,23,18,17,17,6,7,13,10,10,8,7,5,10,8,7,9,58,0,58,롯데백화점
2015,3,D,발달상권,1001201,900,450,450,151,116,156,162,147,168,77,61,81,86,74,71,74,55,75,76,73,97,413,37,376,서울 중구 신당역_1
2015,3,D,발달상권,1001200,200,104,96,27,26,44,35,33,35,12,14,25,18,18,17,15,12,19,17,15,18,98,0,98,북창동
2015,3,D,발달상권,1001199,623,344,279,59,76,82,94,131,181,29,39,46,58,78,94,30,37,36,36,53,87,365,180,185,서울 중구 충무로역_2
2015,3,D,발달상권,1001198,1934,986,948,298,291,377,298,320,350,154,142,208,162,158,162,144,149,169,136,162,188,893,29,864,서울 강서구 송정역
2015,3,D,발달상권,1001197,1090,550,540,186,145,207,178,184,190,94,75,105,94,90,92,92,70,102,84,94,98,456,58,398,장한평역_2
2015,3,D,발달상권,1001196,348,184,164,46,43,81,60,57,61,21,24,45,32,32,30,25,19,36,28,25,31,196,59,137,시청역_1
2015,3,D,발달상권,1001195,419,207,212,66,68,71,69,67,78,34,33,36,35,34,35,32,35,35,34,33,43,187,0,187,왕십리역_2
2015,3,D,발달상권,1001194,504,240,264,91,78,74,79,91,91,47,40,38,36,43,36,44,38,36,43,48,55,201,0,201,서울 강서구 발산역
2015,3,D,발달상권,1001193,160,81,79,28,20,30,26,28,28,14,10,15,14,14,14,14,10,15,12,14,14,65,21,44,장한평역_1
2015,3,D,발달상권,1001192,630,332,298,75,103,104,92,112,144,38,56,61,54,56,67,37,47,43,38,56,77,350,0,350,서울 중구 충무로역_1
2015,3,D,발달상권,1001190,198,105,93,29,28,31,38,35,37,15,14,18,21,20,17,14,14,13,17,15,20,94,75,19,장한평역
2015,3,D,발달상권,1001189,667,290,377,58,74,96,120,135,184,27,36,42,57,57,71,31,38,54,63,78,113,308,14,294,서울 중구 명동역
2015,3,D,발달상권,1001188,241,126,115,33,56,42,35,31,44,17,32,23,18,16,20,16,24,19,17,15,24,126,96,30,장충동 족발거리
2015,3,D,발달상권,1001187,318,169,149,39,104,48,38,36,53,19,61,29,19,17,24,20,43,19,19,19,29,187,0,187,한양시장
2015,3,D,발달상권,1001186,904,426,478,121,268,170,110,99,136,66,113,85,55,48,59,55,155,85,55,51,77,540,54,486,서울 서대문구 이대역
2015,3,D,발달상권,1001185,1529,718,811,207,464,280,188,162,228,112,193,140,94,80,99,95,271,140,94,82,129,920,0,920,서울 서대문구 신촌역
2015,3,D,발달상권,1001184,62,28,34,8,14,14,8,8,10,4,6,6,4,4,4,4,8,8,4,4,6,36,0,36,서울 마포구 홍대입구역_3
2015,3,D,발달상권,1001183,712,330,382,83,153,168,111,87,110,41,64,79,55,42,49,42,89,89,56,45,61,405,0,405,서울 마포구 홍대입구역_2
2015,3,D,발달상권,1001182,8286,3852,4434,1054,1744,1885,1307,1027,1269,526,745,877,644,491,569,528,999,1008,663,536,700,4545,160,4385,홍익대학교 주변
2015,3,D,발달상권,1001181,2014,981,1033,280,397,434,295,288,320,143,187,222,149,134,146,137,210,212,146,154,174,1042,34,1008,서울 광진구 군자역
2015,3,D,발달상권,1001180,1050,503,547,119,231,210,159,147,184,61,106,104,84,70,78,58,125,106,75,77,106,608,67,541,신촌역
2015,3,D,발달상권,1001179,3563,1760,1803,626,538,686,554,598,561,335,260,361,272,273,259,291,278,325,282,325,302,1481,365,1116,강서구청
2015,3,D,발달상권,1001178,704,325,379,85,151,166,108,86,108,42,62,77,53,42,49,43,89,89,55,44,59,400,34,366,서울 마포구 홍대입구역_1
2015,3,D,발달상권,1001177,14,7,7,2,2,3,2,2,3,1,1,2,1,1,1,1,1,1,1,1,2,8,0,8,서울 중구 약수역_2
2015,3,D,발달상권,1001176,115,55,60,18,15,20,18,19,25,9,7,10,9,9,11,9,8,10,9,10,14,59,0,59,서울 중구 약수역_1
2015,3,D,발달상권,1001175,2669,1342,1327,589,421,293,477,513,376,321,232,141,213,250,185,268,189,152,264,263,191,847,608,239,서울 강동구 고덕역
2015,3,D,발달상권,1001174,1018,498,520,177,165,178,164,176,158,94,82,91,76,85,70,83,83,87,88,91,88,414,67,347,등촌역
2015,3,D,발달상권,1001173,3620,1772,1848,794,504,557,646,601,518,419,257,271,304,286,235,375,247,286,342,315,283,1274,211,1063,서울 강동구 명일역
2015,3,D,발달상권,1001172,660,328,332,79,171,133,89,90,98,40,80,70,49,44,45,39,91,63,40,46,53,365,90,275,어린이대공원역
2015,3,D,발달상권,1001171,85,42,43,12,12,18,13,14,16,6,6,9,7,7,7,6,6,9,6,7,9,44,0,44,서울 마포구 공덕역_2
2015,3,D,발달상권,1001170,141,69,72,22,19,26,23,24,27,11,9,13,12,12,12,11,10,13,11,12,15,68,0,68,공덕역
2015,3,D,발달상권,1001169,868,531,337,78,101,131,160,193,205,44,51,78,109,130,119,34,50,53,51,63,86,569,0,569,서울 용산구 숙대입구역
2015,3,D,발달상권,1001168,11,6,5,1,2,2,2,2,2,1,1,1,1,1,1,0,1,1,1,1,1,7,0,7,남영역
2015,3,D,발달상권,1001166,4465,2150,2315,922,526,838,865,607,707,468,257,383,444,301,297,454,269,455,421,306,410,1818,971,847,서울 마포구 마포역_2
2015,3,D,발달상권,1001165,2875,1410,1465,272,944,597,352,325,385,136,426,316,198,161,173,136,518,281,154,164,212,1739,19,1720,서울 광진구 건대입구역_2
2015,3,D,발달상권,1001164,833,399,434,152,112,149,138,127,155,80,52,72,68,61,66,72,60,77,70,66,89,332,0,332,서울 마포구 마포역_1
2015,3,D,발달상권,1001163,2112,1070,1042,299,298,398,335,384,398,153,150,212,180,189,186,146,148,186,155,195,212,979,656,323,서울 강동구 천호역_2
2015,3,D,발달상권,1001162,2184,1114,1070,281,352,364,369,400,418,146,177,194,199,206,192,135,175,170,170,194,226,1097,0,1097,서울 광진구 건대입구역_1
2015,3,D,발달상권,1001160,2054,994,1060,301,368,430,336,305,314,153,175,219,165,143,139,148,193,211,171,162,175,972,13,959,서울 광진구 구의역
2015,3,D,발달상권,1001159,295,145,150,46,44,53,48,51,53,23,22,28,24,24,24,23,22,25,24,27,29,134,0,134,서울 강동구 천호역
2015,3,D,발달상권,1001158,1179,565,614,201,215,251,172,164,176,102,94,124,86,78,81,99,121,127,86,86,95,505,103,402,당산역_2
2015,3,D,발달상권,1001157,364,180,184,51,56,72,55,64,66,26,28,38,28,30,30,25,28,34,27,34,36,176,0,176,서울 강동구 천호역_1
2015,3,D,발달상권,1001156,3784,1870,1914,655,570,714,597,649,599,347,282,367,292,299,283,308,288,347,305,350,316,1501,1074,427,서울 강동구 길동역
2015,3,D,발달상권,1001155,990,488,502,158,144,213,156,148,171,81,66,106,84,74,77,77,78,107,72,74,94,472,0,472,용산 전자상가_5
2015,3,D,발달상권,1001154,316,151,165,57,43,61,53,47,55,27,20,30,27,23,24,30,23,31,26,24,31,131,0,131,용산 전자상가_4
2015,3,D,발달상권,1001153,1536,750,786,279,261,321,241,215,219,141,117,161,124,107,100,138,144,160,117,108,119,642,109,533,당산역_1
2015,3,D,발달상권,1001152,140,68,72,27,22,24,24,23,20,14,11,12,11,11,9,13,11,12,13,12,11,54,54,0,서울 광진구 강변역
2015,3,D,발달상권,1001151,516,253,263,81,73,103,83,81,95,41,35,51,44,40,42,40,38,52,39,41,53,240,69,171,용산 전자상가_3
2015,3,D,발달상권,1001150,1363,638,725,155,193,238,215,235,327,77,101,120,104,109,127,78,92,118,111,126,200,761,47,714,서울 용산구 이태원역
2015,3,D,발달상권,1001149,464,221,243,59,64,98,77,73,93,30,31,49,38,34,39,29,33,49,39,39,54,240,0,240,한남오거리
2015,3,D,발달상권,1001147,113,56,57,14,16,20,17,20,26,7,8,10,9,10,12,7,8,10,8,10,14,59,56,3,용산 전자상가_2
2015,3,D,발달상권,1001146,221,104,117,26,31,39,35,38,52,13,16,20,17,18,20,13,15,19,18,20,32,123,0,123,용산구청
2015,3,D,발달상권,1001145,209,104,105,25,30,38,32,36,48,13,15,19,17,18,22,12,15,19,15,18,26,104,89,15,용산 전자상가_1
2015,3,D,발달상권,1001144,1116,534,582,218,140,182,188,168,220,113,67,84,92,79,99,105,73,98,96,89,121,403,0,403,국회의사당역_2
2015,3,D,발달상권,1001143,492,244,248,60,68,88,75,88,113,31,34,44,39,44,52,29,34,44,36,44,61,251,0,251,서울 용산구 신용산역
2015,3,D,발달상권,1001142,314,150,164,61,39,52,53,47,62,31,19,24,26,22,28,30,20,28,27,25,34,114,0,114,국회의사당역_1
2015,3,D,발달상권,1001141,3298,1529,1769,691,386,544,595,434,648,343,174,240,280,202,290,348,212,304,315,232,358,1286,238,1048,압구정 로데오거리_2
2015,3,D,발달상권,1001140,3612,1676,1936,755,422,601,663,473,698,374,193,266,311,219,313,381,229,335,352,254,385,1412,57,1355,서울 강남구 압구정역
2015,3,D,발달상권,1001139,1173,582,591,174,175,234,180,189,221,86,88,119,95,92,102,88,87,115,85,97,119,548,0,548,서울 영등포구 영등포구청역
2015,3,D,발달상권,1001138,827,396,431,156,121,152,148,123,127,85,58,68,68,58,59,71,63,84,80,65,68,335,62,273,압구정 로데오거리_1
2015,3,D,발달상권,1001137,911,457,454,157,139,175,149,152,139,87,71,90,74,71,64,70,68,85,75,81,75,375,10,365,서울 강동구 둔촌동역
2015,3,D,발달상권,1001136,1137,551,586,308,143,143,255,171,117,156,68,63,120,88,56,152,75,80,135,83,61,366,224,142,오목교역
2015,3,D,발달상권,1001135,6154,2889,3265,1128,918,1144,1087,817,1060,577,414,510,514,388,486,551,504,634,573,429,574,2678,189,2489,신사동 가로수길
2015,3,D,발달상권,1001134,1224,582,642,240,153,200,205,184,242,122,73,92,100,86,109,118,80,108,105,98,133,446,0,446,서울 영등포구 여의도역_2
2015,3,D,발달상권,1001133,245,118,127,48,35,46,42,36,38,26,17,21,20,17,17,22,18,25,22,19,21,99,18,81,청담사거리_3
2015,3,D,발달상권,1001132,683,338,345,101,100,137,105,110,130,49,50,70,56,53,60,52,50,67,49,57,70,325,0,325,영등포유통상가
2015,3,D,발달상권,1001131,441,210,231,84,63,81,78,66,69,45,30,36,36,31,32,39,33,45,42,35,37,177,177,0,청담역_2
2015,3,D,발달상권,1001130,167,79,88,32,25,30,29,25,26,17,12,13,13,12,12,15,13,17,16,13,14,67,46,21,청담역_1
2015,3,D,발달상권,1001129,307,146,161,58,45,56,54,46,48,31,21,25,25,21,23,27,24,31,29,25,25,124,94,30,청담사거리_2
2015,3,D,발달상권,1001128,730,348,382,139,107,133,129,109,113,74,51,60,60,51,52,65,56,73,69,58,61,295,191,104,청담사거리_1
2015,3,D,발달상권,1001127,2430,1155,1275,477,303,396,406,365,483,243,145,182,197,170,218,234,158,214,209,195,265,877,445,432,서울 영등포구 여의도역_1
2015,3,D,발달상권,1001126,383,190,193,64,55,75,60,62,67,33,27,39,30,29,32,31,28,36,30,33,35,161,12,149,서울 양천구 신정네거리역_2
2015,3,D,발달상권,1001125,457,218,239,87,67,85,80,67,71,47,32,38,37,32,32,40,35,47,43,35,39,184,114,70,학동사거리_2
2015,3,D,발달상권,1001124,1220,691,529,126,219,233,183,216,243,64,109,133,119,135,131,62,110,100,64,81,112,737,0,737,서울 영등포구 영등포시장역
2015,3,D,발달상권,1001123,542,254,288,84,83,123,89,72,91,43,37,55,43,34,42,41,46,68,46,38,49,254,44,210,학동사거리_1
2015,3,D,발달상권,1001122,877,417,460,172,110,142,147,133,173,88,52,65,72,62,78,84,58,77,75,71,95,319,196,123,여의도 시범아파트앞
2015,3,D,발달상권,1001121,619,356,263,62,110,121,92,111,123,33,54,70,62,70,67,29,56,51,30,41,56,387,162,225,영등포역_3
2015,3,D,발달상권,1001120,507,235,272,101,63,88,91,66,98,51,28,39,43,30,44,50,35,49,48,36,54,205,20,185,도산공원사거리_1
2015,3,D,발달상권,1001119,666,377,289,68,120,127,100,116,135,35,59,73,65,73,72,33,61,54,35,43,63,414,16,398,영등포역_2
2015,3,D,발달상권,1001118,206,102,104,43,25,43,34,27,34,22,12,21,18,13,16,21,13,22,16,14,18,80,80,0,문래동 주민센터
2015,3,D,발달상권,1001117,1081,497,584,110,217,304,165,132,153,55,90,137,85,60,70,55,127,167,80,72,83,611,0,611,강남구 신사역_2
2015,3,D,발달상권,1001116,209,119,90,22,38,40,31,36,42,11,19,23,20,23,23,11,19,17,11,13,19,130,88,42,영등포역_1
2015,3,D,발달상권,1001115,183,86,97,26,29,44,30,24,30,14,13,19,15,11,14,12,16,25,15,13,16,89,0,89,서울 강남구 강남구청역_2
2015,3,D,발달상권,1001114,1743,831,912,386,222,324,364,232,215,197,103,148,177,110,96,189,119,176,187,122,119,711,19,692,강남구 신사역_1
2015,3,D,발달상권,1001113,26,13,13,4,4,5,4,4,5,2,2,3,2,2,2,2,2,2,2,2,3,11,0,11,서울 동작구 노량진1동_1
2015,3,D,발달상권,1001112,169,80,89,25,28,41,26,22,27,13,12,19,13,10,13,12,16,22,13,12,14,84,0,84,서울 강남구 학동역_3
2015,3,D,발달상권,1001111,515,247,268,73,86,124,83,66,83,40,38,57,41,32,39,33,48,67,42,34,44,251,71,180,서울 강남구 강남구청역_1
2015,3,D,발달상권,1001110,3894,1854,2040,796,574,586,647,671,620,398,285,269,290,315,297,398,289,317,357,356,323,1323,944,379,잠실역
2015,3,D,발달상권,1001109,3733,1771,1962,827,475,694,784,494,459,422,218,316,380,234,201,405,257,378,404,260,258,1533,30,1503,강남구 논현역_4
2015,3,D,발달상권,1001108,721,331,390,72,145,203,108,91,102,36,60,92,56,41,46,36,85,111,52,50,56,412,266,146,학동역
2015,3,D,발달상권,1001107,3175,1554,1621,489,513,702,505,507,459,260,248,354,245,233,214,229,265,348,260,274,245,1441,0,1441,방이동 먹자골목
2015,3,D,발달상권,1001106,135,65,70,19,22,32,22,19,21,10,10,15,11,9,10,9,12,17,11,10,11,66,0,66,서울 강남구 학동역_2
2015,3,D,발달상권,1001105,1610,805,805,262,267,284,244,248,305,136,143,151,127,115,133,126,124,133,117,133,172,670,67,603,서울 동작구 노량진역
2015,3,D,발달상권,1001104,3,1,2,2,0,0,1,0,0,1,0,0,0,0,0,1,0,0,1,0,0,2,0,2,삼성역_3
2015,3,D,발달상권,1001102,1082,499,583,109,219,303,164,135,152,55,92,136,84,62,70,54,127,167,80,73,82,611,10,601,서울 강남구 학동역_1
2015,3,D,발달상권,1001101,1925,922,1003,407,256,408,386,226,242,223,119,172,190,109,109,184,137,236,196,117,133,839,53,786,선정릉역_2
2015,3,D,발달상권,1001100,125,58,67,12,26,35,19,15,18,6,11,16,10,7,8,6,15,19,9,8,10,73,0,73,강남구 논현역_3
2015,3,D,발달상권,1001099,807,406,401,156,118,134,136,131,132,93,62,64,61,63,63,63,56,70,75,68,69,299,33,266,포스코사거리_2
2015,3,D,발달상권,1001098,3641,1743,1898,771,480,774,727,427,462,421,223,328,356,208,207,350,257,446,371,219,255,1574,341,1233,포스코사거리_1
2015,3,D,발달상권,1001097,4157,1997,2160,938,538,667,716,636,662,481,260,296,345,295,320,457,278,371,371,341,342,1417,0,1417,잠실역 롯데월드
2015,3,D,발달상권,1001096,1023,507,516,186,153,211,165,151,157,95,71,106,86,74,75,91,82,105,79,77,82,418,418,0,신도림역
2015,3,D,발달상권,1001095,4487,2064,2423,446,908,1259,678,563,633,223,378,567,349,258,289,223,530,692,329,305,344,2554,258,2296,강남구 논현역_2
2015,3,D,발달상권,1001094,738,355,383,157,97,156,147,87,94,87,45,66,73,42,42,70,52,90,74,45,52,318,36,282,선정릉역_1
2015,3,D,발달상권,1001093,2788,1326,1462,441,485,613,452,416,381,224,221,298,219,193,171,217,264,315,233,223,210,1324,9,1315,신천역
2015,3,D,발달상권,1001092,5075,2450,2625,1042,749,1052,941,666,625,538,345,483,485,319,280,504,404,569,456,347,345,2271,51,2220,강남구 논현역_1
2015,3,D,발달상권,1001091,493,249,244,119,75,46,101,91,61,69,39,20,43,48,30,50,36,26,58,43,31,166,0,166,삼성역_2
2015,3,D,발달상권,1001090,741,349,392,106,123,180,119,96,117,56,54,83,58,44,54,50,69,97,61,52,63,361,0,361,삼정역_2
2015,3,D,발달상권,1001089,68,31,37,6,14,20,10,9,9,3,6,9,5,4,4,3,8,11,5,5,5,41,0,41,삼정역_1
2015,3,D,발달상권,1001088,4554,2303,2251,1097,691,437,948,817,564,628,368,198,408,429,272,469,323,239,540,388,292,1530,37,1493,삼성역_1
2015,3,D,발달상권,1001087,2250,1064,1186,223,471,656,339,279,282,111,192,311,181,137,132,112,279,345,158,142,150,1356,28,1328,서울 강남구 선릉역_2
2015,3,D,발달상권,1001085,3321,1570,1751,324,698,969,503,409,418,160,286,460,269,200,195,164,412,509,234,209,223,1983,312,1671,서울 서초구 강남역
2015,3,D,발달상권,1001084,1693,811,882,360,224,360,337,198,214,197,105,152,165,96,96,163,119,208,172,102,118,738,418,320,서울 강남구 선릉역_1
2015,3,D,발달상권,1001083,484,230,254,78,82,104,75,74,71,39,37,50,36,35,33,39,45,54,39,39,38,214,14,200,서울 송파구 석촌역_2
2015,3,D,발달상권,1001082,5143,2425,2718,976,875,981,1080,675,556,525,408,423,477,338,254,451,467,558,603,337,302,2457,1069,1388,선릉역_2
2015,3,D,발달상권,1001081,958,454,504,98,201,277,146,118,118,49,81,132,78,58,56,49,120,145,68,60,62,569,63,506,서울 강남구 역삼역_2
2015,3,D,발달상권,1001080,258,123,135,42,44,56,39,39,38,21,20,27,19,18,18,21,24,29,20,21,20,115,0,115,서울 송파구 석촌역_1
2015,3,D,발달상권,1001078,3214,1563,1651,791,373,492,663,429,466,408,179,214,326,210,226,383,194,278,337,219,240,1123,407,716,서울 강남구 강남역_2
2015,3,D,발달상권,1001077,1435,676,759,346,178,278,298,167,168,178,78,120,142,83,75,168,100,158,156,84,93,583,149,434,선릉역_1
2015,3,D,발달상권,1001076,384,190,194,64,62,79,61,57,61,33,28,40,32,28,29,31,34,39,29,29,32,170,0,170,구로역
2015,3,D,발달상권,1001075,367,176,191,90,47,70,75,42,43,46,21,31,37,21,20,44,26,39,38,21,23,144,0,144,역삼역_2
2015,3,D,발달상권,1001074,523,259,264,87,83,108,84,78,83,45,38,55,44,38,39,42,45,53,40,40,44,230,225,5,대림역_2
2015,3,D,발달상권,1001073,3423,1621,1802,339,719,996,517,423,429,168,295,474,275,207,202,171,424,522,242,216,227,2048,137,1911,서울 강남구 역삼역_1
2015,3,D,발달상권,1001072,1349,662,687,264,192,240,235,192,226,137,93,122,117,92,101,127,99,118,118,100,125,536,81,455,신대방삼거리역
2015,3,D,발달상권,1001071,1984,935,1049,375,340,376,416,263,214,202,158,162,184,132,97,173,182,214,232,131,117,949,11,938,서울 강남구 한티역
2015,3,D,발달상권,1001070,549,277,272,133,83,52,114,99,68,77,44,23,49,52,32,56,39,29,65,47,36,186,83,103,은마아파트입구사거리_4
2015,3,D,발달상권,1001069,293,137,156,55,50,55,61,40,32,29,23,23,27,20,15,26,27,32,34,20,17,141,14,127,은마아파트입구사거리_3
2015,3,D,발달상권,1001068,129,64,65,32,19,12,27,23,16,18,10,5,12,12,7,14,9,7,15,11,9,45,0,45,은마아파트입구사거리_2
2015,3,D,발달상권,1001067,1307,644,663,210,200,254,190,208,245,103,99,132,99,98,113,107,101,122,91,110,132,551,386,165,오류동역
2015,3,D,발달상권,1001066,860,407,453,85,181,250,131,107,106,42,74,119,70,53,49,43,107,131,61,54,57,517,245,272,서울 강남구 강남역
2015,3,D,발달상권,1001065,181,90,91,56,21,14,44,26,20,31,10,6,19,14,10,25,11,8,25,12,10,48,0,48,은마아파트입구사거리_1
2015,3,D,발달상권,1001064,481,241,240,74,64,98,79,73,93,39,31,52,42,35,42,35,33,46,37,38,51,233,180,53,대림역_1
2015,3,D,발달상권,1001063,880,427,453,218,104,133,181,117,127,113,50,58,88,58,60,105,54,75,93,59,67,303,49,254,교대역_4
2015,3,D,발달상권,1001062,2465,1205,1260,503,331,481,427,348,375,263,162,223,213,164,180,240,169,258,214,184,195,984,570,414,서울 강남구 강남역_1
2015,3,D,발달상권,1001061,2767,1303,1464,628,355,395,562,403,424,303,164,176,263,199,198,325,191,219,299,204,226,1018,505,513,방배동카페골목
2015,3,D,발달상권,1001059,193,96,97,34,30,33,32,31,33,19,15,16,15,15,16,15,15,17,17,16,17,77,0,77,교대역_3
2015,3,D,발달상권,1001058,2597,1234,1363,257,546,755,392,321,326,128,225,360,209,158,154,129,321,395,183,163,172,1556,223,1333,역삼역_1
2015,3,D,발달상권,1001057,1861,893,968,344,285,361,301,275,295,176,136,167,146,129,139,168,149,194,155,146,156,780,343,437,교대역_2
2015,3,D,발달상권,1001056,423,212,211,79,68,71,74,74,57,41,34,37,36,37,27,38,34,34,38,37,30,167,157,10,서울 송파구 가락시장역
2015,3,D,발달상권,1001055,219,109,110,39,34,36,37,35,38,22,17,18,17,17,18,17,17,18,20,18,20,86,0,86,서울 서초구 서초역
2015,3,D,발달상권,1001054,204,102,102,63,24,15,50,30,22,35,12,6,22,16,11,28,12,9,28,14,11,54,54,0,서울 강남구 대치역_2
2015,3,D,발달상권,1001053,530,263,267,163,62,40,129,78,58,90,30,17,56,42,28,73,32,23,73,36,30,140,140,0,서울 강남구 대치역_1
2015,3,D,발달상권,1001052,1191,567,624,118,251,347,178,148,149,59,103,166,96,73,70,59,148,181,82,75,79,712,325,387,뱅뱅사거리_2
2015,3,D,발달상권,1001051,2557,1262,1295,503,351,476,443,357,427,260,168,244,222,171,197,243,183,232,221,186,230,1050,920,130,보라매공원
2015,3,D,발달상권,1001050,2768,1375,1393,493,437,453,468,440,477,277,218,223,217,216,224,216,219,230,251,224,253,1099,79,1020,교대역_1
2015,3,D,발달상권,1001049,2688,1335,1353,506,342,495,411,435,499,262,177,252,207,200,237,244,165,243,204,235,262,984,22,962,개봉동 현대아파트 인근
2015,3,D,발달상권,1001048,1838,897,941,374,247,360,319,258,280,195,121,166,158,123,134,179,126,194,161,135,146,738,460,278,뱅뱅사거리
2015,3,D,발달상권,1001047,2130,1018,1112,430,333,354,364,341,308,212,156,166,172,165,147,218,177,188,192,176,161,806,55,751,뱅뱅사거리_1
2015,3,D,발달상권,1001046,2966,1498,1468,207,966,807,356,282,348,104,441,457,198,137,161,103,525,350,158,145,187,2079,286,1793,서울 관악구 신림역_4
2015,3,D,발달상권,1001045,1551,756,795,237,231,316,220,252,295,126,110,158,110,118,134,111,121,158,110,134,161,621,31,590,동작구 총신대입구역_1
2015,3,D,발달상권,1001044,2534,1237,1297,517,341,495,440,355,386,270,168,229,218,168,184,247,173,266,222,187,202,1027,335,692,양재역_3
2015,3,D,발달상권,1001043,2178,1017,1161,449,308,369,398,310,344,215,139,170,183,151,159,234,169,199,215,159,185,847,773,74,동작구 총신대입구역_2
2015,3,D,발달상권,1001042,872,420,452,163,132,170,141,130,136,84,63,79,69,61,64,79,69,91,72,69,72,357,56,301,서울 서초구 남부터미널역_3
2015,3,D,발달상권,1001041,2243,1021,1222,254,308,435,237,420,589,124,154,238,113,173,219,130,154,197,124,247,370,1033,520,513,서울 강남구 수서역
2015,3,D,발달상권,1001040,1012,510,502,70,329,276,121,97,119,36,150,156,67,46,55,34,179,120,54,51,64,703,142,561,서울 관악구 신림역_3
2015,3,D,발달상권,1001039,3543,1763,1780,628,564,581,593,565,612,351,281,286,278,277,290,277,283,295,315,288,322,1437,462,975,서울 서초구 남부터미널역_2
2015,3,D,발달상권,1001038,2297,1166,1131,348,439,611,328,259,312,179,206,334,183,121,143,169,233,277,145,138,169,1051,0,1051,구로디지탈1단지
2015,3,D,발달상권,1001037,2642,1264,1378,532,414,439,452,423,382,262,195,206,215,205,181,270,219,233,237,218,201,994,317,677,양재역
2015,3,D,발달상권,1001036,489,240,249,89,81,81,79,88,71,46,41,40,38,40,35,43,40,41,41,48,36,186,0,186,문정역
2015,3,D,발달상권,1001035,1680,791,889,407,220,226,334,254,239,195,102,98,150,127,119,212,118,128,184,127,120,544,15,529,매봉역
2015,3,D,발달상권,1001034,1286,614,672,222,190,263,206,186,219,118,89,122,98,86,101,104,101,141,108,100,118,534,146,388,서울 서초구 방배역
2015,3,D,발달상권,1001033,1033,495,538,190,159,200,168,152,164,98,76,92,81,71,77,92,83,108,87,81,87,432,352,80,서울 서초구 남부터미널역_1
2015,3,D,발달상권,1001032,1992,1015,977,224,450,461,273,265,319,115,233,259,141,118,149,109,217,202,132,147,170,1039,84,955,서울 관악구 신림역_2
2015,3,D,발달상권,1001031,221,113,108,26,49,50,31,30,35,13,26,28,16,14,16,13,23,22,15,16,19,119,86,33,서울 관악구 신림역_1
2015,3,D,발달상권,1001030,1157,560,597,264,144,234,181,157,177,135,72,112,92,72,77,129,72,122,89,85,100,423,46,377,양재역_2
2015,3,D,발달상권,1001029,17,8,9,4,2,4,2,2,3,2,1,2,1,1,1,2,1,2,1,1,2,7,0,7,양재역_1
2015,3,D,발달상권,1001028,1020,505,515,128,222,220,136,138,176,65,104,119,73,64,80,63,118,101,63,74,96,530,0,530,서울 관악구 서울대입구역_2
2015,3,D,발달상권,1001027,2071,1169,902,226,418,442,319,347,319,113,230,279,192,193,162,113,188,163,127,154,157,1186,99,1087,가산디지털단지역_3
2015,3,D,발달상권,1001026,369,202,167,40,38,51,75,82,83,21,20,30,44,48,39,19,18,21,31,34,44,205,0,205,구로디지털단지역
2015,3,D,발달상권,1001025,3719,1862,1857,475,879,806,504,466,589,240,423,439,272,220,268,235,456,367,232,246,321,2063,837,1226,서울 관악구 서울대입구역_1
2015,3,D,발달상권,1001024,701,334,367,120,108,121,111,117,124,61,52,61,51,53,56,59,56,60,60,64,68,280,49,231,관악구 사당역_1
2015,3,D,발달상권,1001023,899,508,391,98,181,192,139,152,137,49,99,121,84,85,70,49,82,71,55,67,67,514,0,514,가산디지털단지역_2
2015,3,D,발달상권,1001022,933,452,481,109,189,208,121,142,164,59,87,106,61,62,77,50,102,102,60,80,87,446,0,446,관악구 사당역_2
2015,3,D,발달상권,1001021,538,304,234,58,109,115,82,91,83,29,59,73,50,51,42,29,50,42,32,40,41,306,0,306,가산디지털단지역_1
2015,3,D,발달상권,1001019,185,91,94,36,27,33,34,31,24,19,13,17,16,15,11,17,14,16,18,16,13,79,0,79,포이사거리_1
2015,3,D,발달상권,1001018,3238,1635,1603,561,484,725,564,464,440,294,239,380,292,227,203,267,245,345,272,237,237,1491,0,1491,포이사거리_2
2015,3,D,발달상권,1001017,773,373,400,112,156,168,103,107,127,56,71,87,52,48,59,56,85,81,51,59,68,358,8,350,관악구 사당역_3
2015,3,D,발달상권,1001016,2581,1491,1090,281,614,580,394,335,377,148,367,380,250,169,177,133,247,200,144,166,200,1518,0,1518,서울 관악구 대학동_1
2015,3,D,발달상권,1001015,976,512,464,152,160,195,153,151,165,80,87,112,82,77,74,72,73,83,71,74,91,451,0,451,서울 금천구 독산1동_1
2015,3,D,발달상권,1001014,148,74,74,25,22,34,26,21,20,13,11,18,13,10,9,12,11,16,13,11,11,68,0,68,양재동 꽃시장
2015,3,D,발달상권,1001013,204,104,100,35,30,46,36,29,28,19,15,24,19,14,13,16,15,22,17,15,15,98,0,98,양재 화물트럭터미널앞_2
2015,3,D,발달상권,1001012,31,16,15,6,4,7,6,4,4,3,2,4,3,2,2,3,2,3,3,2,2,15,0,15,양재 화물트럭터미널앞_1
2015,3,D,발달상권,1001011,1024,516,508,175,141,175,174,176,183,92,73,91,89,86,85,83,68,84,85,90,98,412,61,351,서울 금천구 시흥1동_4
2015,3,A,골목상권,1001010,3048,1515,1533,429,474,598,466,531,550,221,232,317,240,254,251,208,242,281,226,277,299,1423,12,1411,풍성로37가길
2015,3,A,골목상권,1001009,4447,2219,2228,627,694,873,676,776,801,324,344,465,349,371,366,303,350,408,327,405,435,2096,25,2071,천호옛길
2015,3,A,골목상권,1001008,2700,1340,1360,380,419,533,410,472,486,194,208,282,210,224,222,186,211,251,200,248,264,1294,67,1227,천호옛14길
2015,3,A,골목상권,1001007,3691,1842,1849,726,574,500,619,722,550,379,313,263,286,342,259,347,261,237,333,380,291,1344,0,1344,천호대로219길
2015,3,A,골목상권,1001006,4080,2018,2062,704,614,771,644,698,649,373,302,398,316,322,307,331,312,373,328,376,342,1606,551,1055,천호대로197길
2015,3,A,골목상권,1001005,3268,1617,1651,564,493,616,519,560,516,298,242,318,255,261,243,266,251,298,264,299,273,1290,143,1147,천호대로187길
2015,3,A,골목상권,1001004,3676,1831,1845,519,570,721,560,643,663,269,281,383,287,308,303,250,289,338,273,335,360,1701,292,1409,천호대로170길
2015,3,A,골목상권,1001003,2191,1091,1100,306,344,429,336,382,394,157,170,228,174,182,180,149,174,201,162,200,214,1028,278,750,천호대로162길
2015,3,A,골목상권,1001002,4411,2177,2234,807,657,798,719,746,684,426,325,408,349,349,320,381,332,390,370,397,364,1697,354,1343,천중로51길
2015,3,A,골목상권,1001001,5750,2896,2854,905,827,1017,914,1036,1051,470,419,544,472,506,485,435,408,473,442,530,566,2500,660,1840,천중로39길
2015,3,A,골목상권,1001000,2265,1121,1144,389,343,428,359,389,357,207,168,221,177,180,168,182,175,207,182,209,189,893,83,810,진황도로47길
2015,3,A,골목상권,1000999,8355,4224,4131,1119,1203,1591,1277,1545,1620,563,597,856,688,758,762,556,606,735,589,787,858,4012,784,3228,진황도로27길
2015,3,A,골목상권,1000998,2772,1385,1387,502,377,496,478,464,455,261,193,259,240,227,205,241,184,237,238,237,250,1134,176,958,올림픽로98길
2015,3,A,골목상권,1000997,3078,1557,1521,463,424,570,512,548,561,242,213,298,275,269,260,221,211,272,237,279,301,1364,0,1364,올림픽로80길
2015,3,A,골목상권,1000996,1700,859,841,255,233,315,285,302,310,132,117,165,154,147,144,123,116,150,131,155,166,753,67,686,올림픽로78길
2015,3,A,골목상권,1000995,3241,1639,1602,489,448,602,538,575,589,255,225,314,290,282,273,234,223,288,248,293,316,1442,19,1423,올림픽로77길
2015,3,A,골목상권,1000994,4027,2042,1985,608,553,749,669,714,734,319,279,393,360,351,340,289,274,356,309,363,394,1784,0,1784,올림픽로71길
2015,3,A,골목상권,1000993,1841,906,935,372,247,355,300,279,288,190,125,173,150,133,135,182,122,182,150,146,153,686,96,590,올림픽로48길
2015,3,A,골목상권,1000992,3266,1624,1642,651,483,518,535,582,497,338,252,261,267,275,231,313,231,257,268,307,266,1176,684,492,양재대로96길
2015,3,A,골목상권,1000991,3971,1982,1989,685,604,762,652,663,605,380,306,388,322,307,279,305,298,374,330,356,326,1632,191,1441,양재대로95길
2015,3,A,골목상권,1000990,3847,1923,1924,665,586,737,633,640,586,369,297,377,312,298,270,296,289,360,321,342,316,1592,481,1111,양재대로91길
2015,3,A,골목상권,1000989,5182,2597,2585,852,745,900,832,926,927,445,376,482,423,448,423,407,369,418,409,478,504,2207,401,1806,양재대로133길
2015,3,A,골목상권,1000988,5541,2743,2798,956,837,1043,873,951,881,508,413,537,429,439,417,448,424,506,444,512,464,2178,331,1847,양재대로124길
2015,3,A,골목상권,1000987,1765,874,891,304,268,333,280,300,280,161,132,172,138,139,132,143,136,161,142,161,148,697,212,485,양재대로116길
2015,3,A,골목상권,1000986,5237,2622,2615,904,798,1004,861,875,795,501,408,513,426,408,366,403,390,491,435,467,429,2158,350,1808,양재대로101길
2015,3,A,골목상권,1000985,7199,3599,3600,1312,980,1283,1238,1205,1181,682,500,671,620,593,533,630,480,612,618,612,648,2943,137,2806,암사길
2015,3,A,골목상권,1000984,3752,1840,1912,757,507,723,619,563,583,389,256,350,311,262,272,368,251,373,308,301,311,1402,246,1156,성안로3길
2015,3,A,골목상권,1000983,3545,1743,1802,718,479,683,579,533,553,369,241,332,292,251,258,349,238,351,287,282,295,1323,757,566,성내로5길
2015,3,A,골목상권,1000982,2246,1122,1124,440,348,305,379,438,336,230,190,160,176,208,158,210,158,145,203,230,178,818,0,818,상일로5길
2015,3,A,골목상권,1000981,2434,1196,1238,522,294,518,408,352,340,261,145,251,215,165,159,261,149,267,193,187,181,935,324,611,상암로5길
2015,3,A,골목상권,1000980,4064,1987,2077,893,567,627,726,672,579,470,287,305,343,320,262,423,280,322,383,352,317,1424,409,1015,상암로51길
2015,3,A,골목상권,1000979,4926,2463,2463,897,641,978,820,796,794,457,321,493,438,385,369,440,320,485,382,411,425,2081,136,1945,상암로4길
2015,3,A,골목상권,1000978,2923,1481,1442,439,402,542,487,520,533,230,202,284,263,254,248,209,200,258,224,266,285,1335,438,897,상암로14길
2015,3,A,골목상권,1000977,2353,1170,1183,468,350,371,386,419,359,242,183,187,193,198,167,226,167,184,193,221,192,838,135,703,명일로13길
2015,3,A,골목상권,1000976,4245,2153,2092,1001,569,655,756,704,560,545,313,321,373,354,247,456,256,334,383,350,313,1466,0,1466,동남로85길
2015,3,A,골목상권,1000975,2124,1089,1035,367,323,292,359,426,357,199,177,156,177,215,165,168,146,136,182,211,192,846,30,816,동남로82길
2015,3,A,골목상권,1000974,4604,2312,2292,1016,727,503,825,887,646,554,401,239,369,434,315,462,326,264,456,453,331,1472,0,1472,동남로65길
2015,3,A,골목상권,1000973,4832,2426,2406,786,696,840,775,861,874,410,351,448,398,419,400,376,345,392,377,442,474,2071,101,1970,구천면로42길
2015,3,A,골목상권,1000972,5190,2626,2564,784,714,964,862,921,945,409,357,506,464,451,439,375,357,458,398,470,506,2336,298,2038,구천면로41길
2015,3,A,골목상권,1000971,3490,1757,1733,515,504,636,546,637,652,263,253,340,287,311,303,252,251,296,259,326,349,1590,0,1590,구천면로36길
2015,3,A,골목상권,1000970,1476,748,728,349,197,229,263,245,193,190,108,112,130,123,85,159,89,117,133,122,108,505,0,505,고덕로61길
2015,3,A,골목상권,1000969,1623,801,822,392,198,269,286,262,216,196,105,125,143,124,108,196,93,144,143,138,108,521,192,329,고덕로25길
2015,3,A,골목상권,1000968,2177,1091,1086,397,294,389,375,364,358,207,150,204,189,179,162,190,144,185,186,185,196,890,93,797,고덕로10길
2015,3,A,골목상권,1000967,3155,1577,1578,547,480,606,514,527,481,305,243,309,255,243,222,242,237,297,259,284,259,1299,304,995,강동대로53길
2015,3,A,골목상권,1000966,2691,1327,1364,433,381,458,443,475,501,217,196,231,227,227,229,216,185,227,216,248,272,1160,0,1160,풍성로25길
2015,3,A,골목상권,1000965,2892,1413,1479,667,426,421,553,472,353,340,213,202,261,231,166,327,213,219,292,241,187,1015,117,898,오금로46길
2015,3,A,골목상권,1000964,3384,1692,1692,632,541,567,592,597,455,330,267,291,289,302,213,302,274,276,303,295,242,1351,67,1284,오금로36길
2015,3,A,골목상권,1000963,4734,2320,2414,722,771,1051,747,758,685,384,374,531,363,348,320,338,397,520,384,410,365,2142,55,2087,오금로11길
2015,3,A,골목상권,1000962,2180,1079,1101,415,337,317,378,394,339,217,174,154,180,195,159,198,163,163,198,199,180,810,355,455,양재대로72길
2015,3,A,골목상권,1000961,2059,1017,1042,446,300,295,389,340,289,232,157,141,181,169,137,214,143,154,208,171,152,774,71,703,양재대로71길
2015,3,A,골목상권,1000960,3422,1710,1712,637,549,574,596,603,463,333,271,296,290,303,217,304,278,278,306,300,246,1362,80,1282,양재대로64길
2015,3,A,골목상권,1000959,1842,922,920,344,295,309,321,324,249,181,146,160,157,162,116,163,149,149,164,162,133,730,291,439,양재대로62길
2015,3,A,골목상권,1000958,3220,1611,1609,603,513,538,562,571,433,316,254,277,275,287,202,287,259,261,287,284,231,1283,363,920,송파대로30길
2015,3,A,골목상권,1000957,3909,1923,1986,760,614,671,647,670,547,390,309,332,316,312,264,370,305,339,331,358,283,1459,363,1096,송이로36길
2015,3,A,골목상권,1000956,5997,2944,3053,1084,1005,992,971,1073,872,556,506,490,465,495,432,528,499,502,506,578,440,2261,257,2004,송이로32길
2015,3,A,골목상권,1000955,6115,2990,3125,1411,903,888,1168,1005,740,721,450,424,553,495,347,690,453,464,615,510,393,2145,160,1985,송이로23길
2015,3,A,골목상권,1000954,7388,3516,3872,1162,1289,1627,1195,1108,1007,593,581,794,574,515,459,569,708,833,621,593,548,3515,59,3456,삼전로13길
2015,3,A,골목상권,1000953,7200,3527,3673,1099,1173,1597,1138,1147,1046,585,569,806,553,526,488,514,604,791,585,621,558,3287,312,2975,백제고분로50길
2015,3,A,골목상권,1000952,3666,1750,1916,616,616,751,575,574,534,308,284,362,277,270,249,308,332,389,298,304,285,1564,17,1547,백제고분로46길
2015,3,A,골목상권,1000951,5154,2448,2706,830,878,1110,797,788,751,415,395,532,388,369,349,415,483,578,409,419,402,2281,326,1955,백제고분로45길
2015,3,A,골목상권,1000950,4813,2291,2522,773,820,1033,743,740,704,386,370,497,361,348,329,387,450,536,382,392,375,2133,8,2125,백제고분로42길
2015,3,A,골목상권,1000949,3955,1921,2034,636,622,883,638,611,565,330,289,441,320,282,259,306,333,442,318,329,306,1802,11,1791,백제고분로39길
2015,3,A,골목상권,1000948,8338,4049,4289,1340,1312,1862,1342,1288,1194,697,610,928,672,595,547,643,702,934,670,693,647,3805,96,3709,백제고분로34길
2015,3,A,골목상권,1000947,6822,3308,3514,1102,1071,1521,1097,1054,977,573,495,759,549,486,446,529,576,762,548,568,531,3107,65,3042,백제고분로33길
2015,3,A,골목상권,1000946,6399,3051,3348,1069,1027,1535,1049,910,809,558,467,745,505,416,360,511,560,790,544,494,449,2949,63,2886,백제고분로32길
2015,3,A,골목상권,1000945,7105,3387,3718,1183,1136,1709,1164,1010,903,618,517,831,560,460,401,565,619,878,604,550,502,3285,15,3270,백제고분로31길
2015,3,A,골목상권,1000944,6981,3332,3649,1167,1119,1677,1147,988,883,610,509,814,553,452,394,557,610,863,594,536,489,3221,31,3190,백제고분로22길
2015,3,A,골목상권,1000943,2926,1395,1531,491,470,704,477,415,369,255,215,342,230,189,164,236,255,362,247,226,205,1349,90,1259,백제고분로21길
2015,3,A,골목상권,1000942,4523,2295,2228,844,578,705,783,770,843,432,309,371,410,388,385,412,269,334,373,382,458,1760,119,1641,마천로51길
2015,3,A,골목상권,1000941,3711,1814,1897,856,546,536,711,611,451,437,272,257,336,301,211,419,274,279,375,310,240,1302,391,911,동남로20길
2015,3,A,골목상권,1000940,3233,1647,1586,568,438,495,550,580,602,297,237,265,284,285,279,271,201,230,266,295,323,1259,0,1259,거마로20길
2015,3,A,골목상권,1000939,1904,909,995,363,279,349,335,282,296,194,133,156,156,134,136,169,146,193,179,148,160,766,632,134,학동로77길
2015,3,A,골목상권,1000938,1733,799,934,173,349,488,263,216,244,87,146,220,135,99,112,86,203,268,128,117,132,981,15,966,학동로6길
2015,3,A,골목상권,1000937,412,198,214,87,55,87,83,48,52,48,26,37,41,23,23,39,29,50,42,25,29,179,123,56,학동로56길
2015,3,A,골목상권,1000936,1742,822,920,249,286,420,282,226,279,132,125,193,138,104,130,117,161,227,144,122,149,848,109,739,학동로38길
2015,3,A,골목상권,1000935,1031,519,512,201,152,170,173,167,168,121,80,81,77,80,80,80,72,89,96,87,88,396,0,396,테헤란로81길
2015,3,A,골목상권,1000934,4124,2011,2113,674,662,696,594,718,780,357,338,365,285,328,338,317,324,331,309,390,442,2198,19,2179,일원로9길
2015,3,A,골목상권,1000933,3103,1512,1591,505,498,522,451,540,587,266,255,275,217,244,255,239,243,247,234,296,332,1650,80,1570,일원로3길
2015,3,A,골목상권,1000932,2355,1191,1164,567,358,221,490,425,294,325,190,100,211,223,142,242,168,121,279,202,152,789,0,789,영동대로65길
2015,3,A,골목상권,1000931,2718,1370,1348,530,395,449,460,440,444,317,208,214,206,212,213,213,187,235,254,228,231,1029,691,338,영동대로112길
2015,3,A,골목상권,1000930,5906,2786,3120,1425,730,1146,1236,680,689,732,323,496,590,337,308,693,407,650,646,343,381,2392,487,1905,언주로81길
2015,3,A,골목상권,1000929,1205,565,640,221,182,223,212,158,209,113,82,100,100,74,96,108,100,123,112,84,113,523,99,424,압구정로2길
2015,3,A,골목상권,1000928,1596,771,825,336,241,270,291,263,195,173,122,130,133,128,85,163,119,140,158,135,110,595,17,578,선릉로18길
2015,3,A,골목상권,1000927,3316,1578,1738,636,480,607,581,494,518,338,229,271,269,233,238,298,251,336,312,261,280,1354,0,1354,선릉로146길
2015,3,A,골목상권,1000926,1762,834,928,251,290,427,281,231,282,133,127,197,138,108,131,118,163,230,143,123,151,856,167,689,선릉로133길
2015,3,A,골목상권,1000925,2161,1028,1133,412,311,395,381,324,338,220,149,177,175,152,155,192,162,218,206,172,183,874,315,559,선릉로132길
2015,3,A,골목상권,1000924,1375,651,724,198,226,332,221,179,219,105,99,153,109,83,102,93,127,179,112,96,117,670,28,642,선릉로121길
2015,3,A,골목상권,1000923,2664,1253,1411,507,456,503,560,352,286,273,212,216,247,176,129,234,244,287,313,176,157,1276,293,983,삼성로75길
2015,3,A,골목상권,1000922,3341,1575,1766,635,573,635,696,440,362,342,268,274,307,221,163,293,305,361,389,219,199,1602,31,1571,삼성로69길
2015,3,A,골목상권,1000921,2917,1476,1441,704,444,279,605,525,360,402,237,126,261,276,174,302,207,153,344,249,186,980,708,272,삼성로64길
2015,3,A,골목상권,1000920,4488,2116,2372,853,769,853,935,594,484,459,358,367,414,298,220,394,411,486,521,296,264,2155,66,2089,삼성로63길
2015,3,A,골목상권,1000919,1824,909,915,559,216,134,446,268,201,309,104,57,196,145,98,250,112,77,250,123,103,482,426,56,삼성로57길
2015,3,A,골목상권,1000918,1609,766,843,308,231,294,284,240,252,163,111,132,132,112,116,145,120,162,152,128,136,655,25,630,삼성로147길
2015,3,A,골목상권,1000917,2980,1424,1556,634,393,632,598,348,375,347,182,266,293,168,168,287,211,366,305,180,207,1295,172,1123,삼성로115길
2015,3,A,골목상권,1000916,2187,1045,1142,465,290,463,437,257,275,255,135,195,214,123,123,210,155,268,223,134,152,947,13,934,봉은사로68길
2015,3,A,골목상권,1000915,538,256,282,115,71,114,108,62,68,63,32,49,52,30,30,52,39,65,56,32,38,235,61,174,봉은사로57길
2015,3,A,골목상권,1000914,2970,1402,1568,424,485,719,480,387,475,225,212,330,236,178,221,199,273,389,244,209,254,1450,146,1304,봉은사로43길
2015,3,A,골목상권,1000913,1545,730,815,225,254,372,247,200,247,119,111,171,122,92,115,106,143,201,125,108,132,751,34,717,봉은사로29길
2015,3,A,골목상권,1000912,2327,1174,1153,452,339,384,394,377,381,270,182,182,176,182,182,182,157,202,218,195,199,892,235,657,봉은사로109길
2015,3,A,골목상권,1000911,884,422,462,171,127,162,154,132,138,91,61,73,72,62,63,80,66,89,82,70,75,359,36,323,도산대로89길
2015,3,A,골목상권,1000910,797,379,418,152,115,145,141,120,124,81,55,65,65,56,57,71,60,80,76,64,67,323,38,285,도산대로81길
2015,3,A,골목상권,1000909,1981,937,1044,283,325,477,318,258,320,150,143,220,156,121,147,133,182,257,162,137,173,966,457,509,도산대로50길
2015,3,A,골목상권,1000908,1438,682,756,206,235,349,235,185,228,109,103,162,116,86,106,97,132,187,119,99,122,703,0,703,도산대로38길
2015,3,A,골목상권,1000907,1280,605,675,182,213,309,206,168,202,97,92,142,101,79,94,85,121,167,105,89,108,627,13,614,도산대로30길
2015,3,A,골목상권,1000906,2179,1021,1158,397,323,406,384,292,377,202,146,181,182,138,172,195,177,225,202,154,205,958,34,924,도산대로23길
2015,3,A,골목상권,1000905,1102,517,585,202,165,204,194,146,191,103,74,92,92,69,87,99,91,112,102,77,104,481,11,470,도산대로15길
2015,3,A,골목상권,1000904,7409,3499,3910,1788,921,1430,1547,860,863,916,409,619,742,427,386,872,512,811,805,433,477,2996,195,2801,도곡로37길
2015,3,A,골목상권,1000903,4058,1990,2068,783,600,716,749,675,535,405,293,370,357,323,242,378,307,346,392,352,293,1709,26,1683,논현로8길
2015,3,A,골목상권,1000902,1987,939,1048,200,414,579,299,248,247,99,169,274,158,123,116,101,245,305,141,125,131,1192,185,1007,논현로63길
2015,3,A,골목상권,1000901,741,349,392,180,95,101,148,113,104,87,44,44,67,56,51,93,51,57,81,57,53,238,0,238,논현로28길
2015,3,A,골목상권,1000900,2818,1332,1486,684,368,377,564,426,399,330,173,162,257,213,197,354,195,215,307,213,202,911,0,911,논현로26길
2015,3,A,골목상권,1000899,864,406,458,157,129,162,152,115,149,80,58,72,72,55,69,77,71,90,80,60,80,383,15,368,논현로159길
2015,3,A,골목상권,1000898,1798,828,970,178,363,504,272,226,255,89,151,227,140,104,117,89,212,277,132,122,138,1028,29,999,논현로139길
2015,3,A,골목상권,1000897,1768,812,956,176,359,496,269,219,249,88,150,223,138,100,113,88,209,273,131,119,136,1005,0,1005,논현로123길
2015,3,A,골목상권,1000896,3323,1530,1793,331,673,935,506,413,465,166,282,421,259,190,212,165,391,514,247,223,253,1886,86,1800,논현로115길
2015,3,A,골목상권,1000895,1713,839,874,330,252,302,317,287,225,171,124,156,150,137,101,159,128,146,167,150,124,720,0,720,논현로10길
2015,3,A,골목상권,1000894,2389,1135,1254,236,500,695,361,296,301,116,207,331,193,146,142,120,293,364,168,150,159,1433,75,1358,논현로106길
2015,3,A,골목상권,1000893,2358,1124,1234,477,370,390,402,378,341,234,173,183,189,182,163,243,197,207,213,196,178,884,569,315,남부순환로365길
2015,3,A,골목상권,1000891,2159,1057,1102,413,320,382,398,362,284,213,158,197,189,174,126,200,162,185,209,188,158,909,32,877,개포로28길
2015,3,A,골목상권,1000890,2966,1454,1512,570,438,521,549,496,392,294,215,268,262,238,177,276,223,253,287,258,215,1250,41,1209,개포로20길
2015,3,A,골목상권,1000889,3623,1776,1847,698,535,635,670,606,479,361,264,328,319,289,215,337,271,307,351,317,264,1524,64,1460,개포로17길
2015,3,A,골목상권,1000888,1831,844,987,185,371,512,278,227,258,93,155,230,143,105,118,92,216,282,135,122,140,1043,683,360,강남대로140길
2015,3,A,골목상권,1000887,1206,556,650,122,244,339,182,149,170,61,102,153,93,69,78,61,142,186,89,80,92,687,173,514,강남대로136길
2015,3,A,골목상권,1000886,1697,782,915,170,343,478,255,210,241,85,144,216,131,96,110,85,199,262,124,114,131,955,26,929,강남대로118길
2015,3,A,골목상권,1000885,3001,1438,1563,556,460,581,486,441,477,283,219,268,235,208,225,273,241,313,251,233,252,1209,167,1042,서초중앙로8길
2015,3,A,골목상권,1000884,2407,1133,1274,548,307,345,488,351,368,265,142,155,228,173,170,283,165,190,260,178,198,882,157,725,방배중앙로21길
2015,3,A,골목상권,1000883,1804,881,923,367,240,354,313,255,275,191,118,164,156,120,132,176,122,190,157,135,143,725,432,293,효령로72길
2015,3,A,골목상권,1000882,1506,729,777,269,237,225,232,272,271,138,121,109,106,128,127,131,116,116,126,144,144,560,294,266,효령로34길
2015,3,A,골목상권,1000881,1821,871,950,317,270,371,288,261,314,168,127,173,137,122,144,149,143,198,151,139,170,758,24,734,효령로31길
2015,3,A,골목상권,1000880,4541,2171,2370,787,677,923,716,654,784,419,317,431,339,304,361,368,360,492,377,350,423,1892,309,1583,효령로23길
2015,3,A,골목상권,1000879,3159,1515,1644,544,491,549,496,521,558,278,231,276,229,241,260,266,260,273,267,280,298,1260,78,1182,청두곶길
2015,3,A,골목상권,1000878,5403,2608,2795,1108,798,1121,999,710,667,571,368,513,515,341,300,537,430,608,484,369,367,2406,31,2375,주흥길
2015,3,A,골목상권,1000877,3982,1921,2061,816,591,825,736,523,491,421,272,377,379,251,221,395,319,448,357,272,270,1779,42,1737,주흥15길
2015,3,A,골목상권,1000876,2163,1094,1069,374,325,487,377,308,292,196,161,256,196,151,134,178,164,231,181,157,158,986,14,972,언남길
2015,3,A,골목상권,1000875,4498,2142,2356,996,573,833,945,599,552,507,266,381,459,284,245,489,307,452,486,315,307,1819,434,1385,신반포로45길
2015,3,A,골목상권,1000874,5434,2609,2825,931,842,943,854,905,959,475,400,473,397,416,448,456,442,470,457,489,511,2148,27,2121,서초대로8길
2015,3,A,골목상권,1000873,1106,529,577,204,168,215,180,163,176,104,80,99,87,77,82,100,88,116,93,86,94,462,354,108,서초대로64길
2015,3,A,골목상권,1000872,3265,1569,1696,564,500,570,514,540,577,288,238,286,238,250,269,276,262,284,276,290,308,1301,80,1221,서초대로4길
2015,3,A,골목상권,1000871,1389,648,741,287,194,234,255,199,220,137,87,107,118,98,101,150,107,127,137,101,119,543,12,531,서초대로25길
2015,3,A,골목상권,1000870,2771,1293,1478,570,391,471,506,397,436,273,176,217,233,193,201,297,215,254,273,204,235,1076,327,749,서초대로23길
2015,3,A,골목상권,1000869,4242,1978,2264,875,599,720,775,606,667,420,268,332,357,295,306,455,331,388,418,311,361,1648,64,1584,서초대로15길
2015,3,A,골목상권,1000868,2318,1119,1199,475,343,480,428,305,287,245,159,220,221,146,128,230,184,260,207,159,159,1034,16,1018,사평대로57길
2015,3,A,골목상권,1000867,303,143,160,67,41,53,53,44,45,34,20,24,24,20,21,33,21,29,29,24,24,109,0,109,사평대로26길
2015,3,A,골목상권,1000866,1886,895,991,415,256,325,335,269,286,211,120,147,157,124,136,204,136,178,178,145,150,680,61,619,사평대로22길
2015,3,A,골목상권,1000865,1128,539,589,212,171,220,182,166,177,107,81,102,89,77,83,105,90,118,93,89,94,473,113,360,사임당로17길
2015,3,A,골목상권,1000864,1308,617,691,296,167,186,266,192,201,143,77,83,125,95,94,153,90,103,141,97,107,487,26,461,방배로42길
2015,3,A,골목상권,1000863,2164,1015,1149,477,286,326,426,314,335,231,131,148,199,152,154,246,155,178,227,162,181,815,65,750,방배로35길
2015,3,A,골목상권,1000862,1964,938,1026,340,293,400,310,283,338,181,137,187,147,130,156,159,156,213,163,153,182,827,26,801,방배로18길
2015,3,A,골목상권,1000861,1454,723,731,259,230,237,244,231,253,146,114,116,114,113,120,113,116,121,130,118,133,587,15,572,반포대로9길
2015,3,A,골목상권,1000860,1741,840,901,398,216,351,274,235,267,204,107,166,139,108,116,194,109,185,135,127,151,639,68,571,바우뫼로39길
2015,3,A,골목상권,1000859,1641,827,814,283,246,369,285,235,223,148,122,194,147,114,102,135,124,175,138,121,121,754,55,699,마방로2길
2015,3,A,골목상권,1000858,1088,524,564,187,168,190,173,179,191,95,81,95,81,83,89,92,87,95,92,96,102,432,0,432,방배천로4안길
2015,3,A,골목상권,1000857,2023,1021,1002,350,301,454,355,290,273,184,149,238,183,142,125,166,152,216,172,148,148,935,62,873,동산로19길
2015,3,A,골목상권,1000856,2975,1502,1473,514,445,666,517,428,405,269,221,350,267,209,186,245,224,316,250,219,219,1365,85,1280,동산로10길
2015,3,A,골목상권,1000855,1275,606,669,280,172,221,227,184,191,143,81,99,106,86,91,137,91,122,121,98,100,461,73,388,동광로39길
2015,3,A,골목상권,1000854,4238,1992,2246,963,544,608,858,618,647,465,252,270,402,303,300,498,292,338,456,315,347,1553,34,1519,동광로1길
2015,3,A,골목상권,1000853,1280,598,682,266,182,217,233,181,201,126,82,101,108,89,92,140,100,116,125,92,109,499,11,488,동광로12길
2015,3,A,골목상권,1000852,2988,1443,1545,684,370,603,471,404,456,351,183,285,239,186,199,333,187,318,232,218,257,1098,201,897,논현로27길
2015,3,A,골목상권,1000851,2935,1484,1451,505,439,658,510,421,402,264,218,346,263,208,185,241,221,312,247,213,217,1352,121,1231,논현로1길
2015,3,A,골목상권,1000850,1459,700,759,271,223,283,236,216,230,139,105,130,115,102,109,132,118,153,121,114,121,612,147,465,남부순환로339길
2015,3,A,골목상권,1000849,2259,1124,1135,398,361,369,381,362,388,221,180,182,179,179,183,177,181,187,202,183,205,913,561,352,남부순환로325길
2015,3,A,골목상권,1000848,1543,768,775,274,245,254,257,247,266,154,121,125,121,120,127,120,124,129,136,127,139,622,162,460,남부순환로317길
2015,3,A,골목상권,1000847,1369,650,719,301,185,236,242,198,207,153,87,107,113,92,98,148,98,129,129,106,109,490,303,187,고무래로8길
2015,3,A,골목상권,1000846,3559,1795,1764,617,532,800,619,507,484,322,263,419,321,247,223,295,269,381,298,260,261,1626,79,1547,강남대로8길
2015,3,A,골목상권,1000845,3227,1557,1670,738,401,648,508,437,495,377,199,307,257,201,216,361,202,341,251,236,279,1186,110,1076,강남대로34길
2015,3,A,골목상권,1000844,1458,699,759,331,178,295,231,198,225,170,86,139,116,91,97,161,92,156,115,107,128,537,35,502,강남대로23길
2015,3,A,골목상권,1000843,4709,2351,2358,573,1115,969,658,611,783,291,522,528,358,290,362,282,593,441,300,321,421,2556,0,2556,소담길
2015,3,A,골목상권,1000842,1932,970,962,300,254,278,327,339,434,155,135,153,172,162,193,145,119,125,155,177,241,705,127,578,원신길
2015,3,A,골목상권,1000841,2064,1038,1026,320,271,298,347,363,465,165,143,163,183,177,207,155,128,135,164,186,258,733,0,733,양지길
2015,3,A,골목상권,1000840,1263,658,605,176,214,221,198,201,253,91,118,130,109,96,114,85,96,91,89,105,139,549,279,270,양산길
2015,3,A,골목상권,1000839,2823,1693,1130,285,704,638,459,361,376,150,431,434,310,192,176,135,273,204,149,169,200,1766,0,1766,호암로24길
2015,3,A,골목상권,1000838,3169,1895,1274,324,789,712,514,405,425,169,481,484,347,213,201,155,308,228,167,192,224,1969,29,1940,호암로20길
2015,3,A,골목상권,1000837,6977,3459,3518,887,1525,1543,935,925,1162,448,725,835,500,425,526,439,800,708,435,500,636,3642,0,3642,행운길
2015,3,A,골목상권,1000836,3366,1670,1696,427,735,743,453,446,562,216,350,403,242,204,255,211,385,340,211,242,307,1789,19,1770,행운1길
2015,3,A,골목상권,1000835,4142,2047,2095,817,482,871,674,561,737,426,251,432,359,259,320,391,231,439,315,302,417,1632,20,1612,청림3길
2015,3,A,골목상권,1000834,2056,1026,1030,253,485,423,287,269,339,128,228,230,156,128,156,125,257,193,131,141,183,1141,83,1058,청룡길
2015,3,A,골목상권,1000833,2101,1048,1053,258,495,434,293,273,348,130,231,236,159,130,162,128,264,198,134,143,186,1132,0,1132,청룡8길
2015,3,A,골목상권,1000832,3741,1834,1907,448,791,754,507,533,708,228,355,407,270,248,326,220,436,347,237,285,382,1947,64,1883,중앙길
2015,3,A,골목상권,1000831,4357,2224,2133,569,756,897,667,699,769,282,373,499,361,344,365,287,383,398,306,355,404,2178,69,2109,조원중앙로2길
2015,3,A,골목상권,1000830,1597,815,782,210,276,328,244,255,284,105,136,182,132,125,135,105,140,146,112,130,149,794,27,767,조원로18길
2015,3,A,골목상권,1000829,1959,998,961,256,340,403,300,315,345,126,167,225,162,154,164,130,173,178,138,161,181,983,158,825,조원로10길
2015,3,A,골목상권,1000828,2135,1067,1068,262,506,439,298,275,355,134,236,240,161,133,163,128,270,199,137,142,192,1159,0,1159,장군봉2길
2015,3,A,골목상권,1000827,1006,501,505,124,237,206,142,130,167,63,110,111,77,63,77,61,127,95,65,67,90,568,0,568,장군봉1길
2015,3,A,골목상권,1000826,3703,1845,1858,584,684,803,579,456,597,301,332,430,298,215,269,283,352,373,281,241,328,1761,28,1733,인헌길
2015,3,A,골목상권,1000825,2220,1096,1124,462,251,376,403,318,410,244,125,189,207,150,181,218,126,187,196,168,229,808,171,637,은천로25길
2015,3,A,골목상권,1000824,4600,2257,2343,548,972,930,624,656,870,282,435,502,333,307,398,266,537,428,291,349,472,2418,98,2320,양녕로6길
2015,3,A,골목상권,1000823,2833,1400,1433,384,488,550,442,417,552,197,250,290,227,195,241,187,238,260,215,222,311,1374,0,1374,신원로3길
2015,3,A,골목상권,1000822,2315,1157,1158,337,414,461,388,344,371,177,203,250,194,165,168,160,211,211,194,179,203,1199,95,1104,신사로20길
2015,3,A,골목상권,1000821,2210,1118,1092,156,721,600,264,209,260,78,331,338,147,103,121,78,390,262,117,106,139,1529,118,1411,신림로65길
2015,3,A,골목상권,1000820,2320,1172,1148,164,755,631,278,219,273,82,345,356,155,107,127,82,410,275,123,112,146,1619,0,1619,신림로64길
2015,3,A,골목상권,1000819,2761,1407,1354,311,626,638,379,368,439,161,322,358,197,165,204,150,304,280,182,203,235,1442,0,1442,신림로48길
2015,3,A,골목상권,1000818,1902,1047,855,222,428,423,269,252,308,118,246,264,154,121,144,104,182,159,115,131,164,993,0,993,신림로38길
2015,3,A,골목상권,1000817,3703,2036,1667,435,832,831,520,488,597,230,480,518,297,234,277,205,352,313,223,254,320,1982,0,1982,신림로28길
2015,3,A,골목상권,1000816,4445,2660,1785,449,1107,999,728,567,595,237,674,678,491,299,281,212,433,321,237,268,314,2763,107,2656,신림로11길
2015,3,A,골목상권,1000815,3504,1769,1735,249,1137,955,418,331,414,125,519,539,234,160,192,124,618,416,184,171,222,2439,131,2308,신림동길
2015,3,A,골목상권,1000814,3697,1790,1907,540,743,797,498,518,601,270,342,412,250,234,282,270,401,385,248,284,319,1713,144,1569,승방길
2015,3,A,골목상권,1000813,6175,3400,2775,729,1390,1378,868,812,998,387,799,859,499,392,464,342,591,519,369,420,534,3333,38,3295,서림7길
2015,3,A,골목상권,1000812,4842,2402,2440,887,679,956,784,702,834,457,334,495,405,329,382,430,345,461,379,373,452,2034,476,1558,봉천로33길
2015,3,A,골목상권,1000811,4839,2408,2431,767,735,955,743,744,895,396,373,508,376,348,407,371,362,447,367,396,488,2231,0,2231,봉천로13길
2015,3,A,골목상권,1000810,4126,2268,1858,484,929,922,581,544,666,257,535,572,333,261,310,227,394,350,248,283,356,2176,19,2157,복은길
2015,3,A,골목상권,1000809,1727,870,857,295,250,279,289,291,323,152,132,149,146,143,148,143,118,130,143,148,175,723,70,653,법원단지길
2015,3,A,골목상권,1000808,5110,2587,2523,872,724,806,882,856,970,452,384,437,445,431,438,420,340,369,437,425,532,2134,67,2067,법원단지9길
2015,3,A,골목상권,1000807,4246,2142,2104,731,624,707,692,720,772,376,332,376,345,347,366,355,292,331,347,373,406,1738,397,1341,미성5길
2015,3,A,골목상권,1000806,2068,1236,832,212,516,467,337,261,275,112,314,317,228,137,128,100,202,150,109,124,147,1284,8,1276,대학길
2015,3,A,골목상권,1000805,2627,1570,1057,264,656,594,425,336,352,138,400,403,288,176,165,126,256,191,137,160,187,1650,0,1650,대학14길
2015,3,A,골목상권,1000804,2163,1079,1084,343,330,424,333,331,402,177,169,226,170,154,183,166,161,198,163,177,219,995,0,995,당곡길
2015,3,A,골목상권,1000803,1867,905,962,270,374,403,251,264,305,135,173,208,126,119,144,135,201,195,125,145,161,856,139,717,남현길
2015,3,A,골목상권,1000802,1479,718,761,214,297,320,201,207,240,107,138,165,101,94,113,107,159,155,100,113,127,687,35,652,남현3길
2015,3,A,골목상권,1000801,2761,1337,1424,400,554,598,369,389,451,200,256,310,185,175,211,200,298,288,184,214,240,1253,28,1225,남현2길
2015,3,A,골목상권,1000800,1954,971,983,309,364,423,304,241,313,159,177,227,156,112,140,150,187,196,148,129,173,929,51,878,남부순환로248길
2015,3,A,골목상권,1000799,2146,1096,1050,286,549,488,280,244,299,142,277,271,153,118,135,144,272,217,127,126,164,1213,33,1180,남부순환로234길
2015,3,A,골목상권,1000798,2639,1324,1315,429,408,464,422,429,487,220,214,247,212,205,226,209,194,217,210,224,261,1141,61,1080,남부순환로172길
2015,3,A,골목상권,1000797,3809,1904,1905,551,681,757,643,567,610,287,335,411,321,274,276,264,346,346,322,293,334,1967,22,1945,남부순환로161길
2015,3,A,골목상권,1000796,3107,1553,1554,449,557,617,524,460,500,233,274,333,262,224,227,216,283,284,262,236,273,1600,19,1581,남부순환로151길
2015,3,A,골목상권,1000795,3899,1963,1936,671,575,650,633,661,709,345,304,345,315,318,336,326,271,305,318,343,373,1599,187,1412,남부순환로142길
2015,3,A,골목상권,1000794,2670,1330,1340,571,284,494,486,372,463,300,149,240,258,177,206,271,135,254,228,195,257,1078,8,1070,난향길
2015,3,A,골목상권,1000793,2945,1484,1461,508,432,491,478,499,537,261,229,261,237,241,255,247,203,230,241,258,282,1209,38,1171,난우길
2015,3,A,골목상권,1000792,2037,1019,1018,298,362,403,341,306,327,156,177,218,170,148,150,142,185,185,171,158,177,1057,11,1046,난곡로74길
2015,3,A,골목상권,1000791,2678,1355,1323,458,379,421,463,449,508,238,200,228,235,225,229,220,179,193,228,224,279,1134,151,983,난곡로34길
2015,3,A,골목상권,1000790,3783,1917,1866,644,536,595,655,635,718,334,284,324,331,320,324,310,252,271,324,315,394,1604,44,1560,난곡로26길
2015,3,A,골목상권,1000789,3133,1585,1548,535,444,493,541,524,596,278,234,268,273,264,268,257,210,225,268,260,328,1329,0,1329,난곡로24길
2015,3,A,골목상권,1000788,4349,2176,2173,668,862,952,659,529,679,343,423,512,343,249,306,325,439,440,316,280,373,2141,48,2093,낙성대역길
2015,3,A,골목상권,1000787,5942,2950,2992,1085,836,1171,962,859,1029,558,414,607,498,402,471,527,422,564,464,457,558,2506,22,2484,국회단지길
2015,3,A,골목상권,1000786,3923,1929,1994,815,445,667,711,566,719,428,221,335,364,266,315,387,224,332,347,300,404,1446,163,1283,구암길
2015,3,A,골목상권,1000785,3076,1556,1520,216,1005,833,372,290,360,109,460,472,206,141,168,107,545,361,166,149,192,2101,51,2050,관천로22길
2015,3,A,골목상권,1000784,4963,2482,2481,720,888,987,834,736,798,375,436,535,417,357,362,345,452,452,417,379,436,2565,18,2547,관천로15길
2015,3,A,골목상권,1000783,2333,1154,1179,397,362,502,352,313,407,205,180,259,187,144,179,192,182,243,165,169,228,1043,675,368,관악로30길
2015,3,A,골목상권,1000782,1761,874,887,225,385,389,235,233,294,114,183,210,126,107,134,111,202,179,109,126,160,921,695,226,관악로28길
2015,3,A,골목상권,1000781,1552,786,766,209,393,351,205,176,218,103,198,193,111,83,98,106,195,158,94,93,120,863,0,863,관악로14길
2015,3,A,골목상권,1000780,4295,2182,2113,577,1094,976,561,487,600,286,553,539,303,233,268,291,541,437,258,254,332,2448,293,2155,관악로10길
2015,3,A,골목상권,1000779,2594,1274,1320,416,417,444,414,392,511,209,219,231,207,190,218,207,198,213,207,202,293,1152,16,1136,흑석로9길
2015,3,A,골목상권,1000778,2615,1291,1324,416,425,448,416,394,516,210,224,234,210,191,222,206,201,214,206,203,294,1151,27,1124,흑석로13길
2015,3,A,골목상권,1000777,2810,1426,1384,351,482,450,444,497,586,182,254,253,237,238,262,169,228,197,207,259,324,1502,0,1502,장승배기로27길
2015,3,A,골목상권,1000776,2302,1172,1130,290,392,370,364,405,481,151,208,207,195,196,215,139,184,163,169,209,266,1234,0,1234,장승배기로19길
2015,3,A,골목상권,1000775,366,178,188,63,57,70,57,54,65,32,28,34,29,26,29,31,29,36,28,28,36,160,18,142,장승배기로10길
2015,3,A,골목상권,1000774,2268,1103,1165,482,337,351,428,325,345,248,166,173,209,159,148,234,171,178,219,166,197,888,736,152,여의대방로46길
2015,3,A,골목상권,1000773,2915,1416,1499,618,425,466,544,411,451,317,207,232,265,201,194,301,218,234,279,210,257,1159,232,927,여의대방로24길
2015,3,A,골목상권,1000772,3884,1910,1974,805,519,715,688,528,629,416,244,359,344,256,291,389,275,356,344,272,338,1509,13,1496,여의대방로22카길
2015,3,A,골목상권,1000771,3309,1625,1684,686,441,610,588,448,536,354,206,307,294,216,248,332,235,303,294,232,288,1282,192,1090,여의대방로22나길
2015,3,A,골목상권,1000770,2369,1166,1203,487,316,438,422,322,384,251,149,221,211,156,178,236,167,217,211,166,206,924,171,753,여의대방로22길
2015,3,A,골목상권,1000769,1582,787,795,278,221,294,258,245,286,147,113,155,129,118,125,131,108,139,129,127,161,634,186,448,양녕로26길
2015,3,A,골목상권,1000768,6825,3353,3472,1440,914,1064,1262,1060,1085,727,455,520,635,512,504,713,459,544,627,548,581,2766,0,2766,신대방길
2015,3,A,골목상권,1000767,2327,1158,1169,409,324,434,380,360,420,218,164,228,190,173,185,191,160,206,190,187,235,897,0,897,성대로29길
2015,3,A,골목상권,1000766,1080,536,544,189,151,201,178,166,195,100,76,105,89,80,86,89,75,96,89,86,109,419,0,419,성대로1길
2015,3,A,골목상권,1000765,637,314,323,102,104,110,100,96,125,52,55,58,50,46,53,50,49,52,50,50,72,284,0,284,서달로8가길
2015,3,A,골목상권,1000764,499,248,251,79,81,85,79,76,99,40,43,45,40,37,43,39,38,40,39,39,56,229,0,229,서달로15길
2015,3,A,골목상권,1000763,405,200,205,66,64,69,66,61,79,33,34,36,33,30,34,33,30,33,33,31,45,177,0,177,서달로14길
2015,3,A,골목상권,1000762,4077,2010,2067,651,662,697,650,613,804,329,350,364,328,296,343,322,312,333,322,317,461,1823,0,1823,서달로10길
2015,3,A,골목상권,1000761,2405,1186,1219,412,471,456,353,329,384,214,240,228,180,151,173,198,231,228,173,178,211,1080,11,1069,상도로62길
2015,3,A,골목상권,1000760,4098,2020,2078,702,803,777,599,561,656,365,408,388,307,257,295,337,395,389,292,304,361,1824,347,1477,상도로61길
2015,3,A,골목상권,1000759,4267,2102,2165,731,835,810,625,584,682,379,425,404,320,267,307,352,410,406,305,317,375,1907,155,1752,상도로47길
2015,3,A,골목상권,1000758,1647,811,836,282,321,312,242,226,264,147,163,155,124,104,118,135,158,157,118,122,146,744,27,717,상도로37길
2015,3,A,골목상권,1000757,4354,2116,2238,748,667,831,687,637,784,382,327,413,348,297,349,366,340,418,339,340,435,1866,168,1698,상도로15길
2015,3,A,골목상권,1000756,2731,1360,1371,478,386,554,437,402,474,252,196,287,223,188,214,226,190,267,214,214,260,1165,17,1148,사당로8길
2015,3,A,골목상권,1000755,1344,649,695,152,272,305,174,204,237,81,125,156,88,89,110,71,147,149,86,115,127,646,0,646,사당로30길
2015,3,A,골목상권,1000754,2383,1189,1194,418,339,481,381,351,413,221,171,251,196,165,185,197,168,230,185,186,228,1016,166,850,사당로2차길
2015,3,A,골목상권,1000753,4358,2142,2216,717,635,833,650,691,832,371,312,417,328,323,391,346,323,416,322,368,441,1817,8,1809,사당로29길
2015,3,A,골목상권,1000752,3363,1622,1741,381,679,759,434,517,593,204,311,386,221,225,275,177,368,373,213,292,318,1615,24,1591,사당로26길
2015,3,A,골목상권,1000751,2189,1079,1110,360,318,420,327,345,419,187,157,210,166,161,198,173,161,210,161,184,221,911,0,911,사당로23나길
2015,3,A,골목상권,1000750,1832,901,931,301,268,350,273,290,350,156,131,175,138,137,164,145,137,175,135,153,186,753,214,539,사당로23길
2015,3,A,골목상권,1000749,3101,1506,1595,373,598,690,409,479,552,198,279,354,209,211,255,175,319,336,200,268,297,1460,0,1460,사당로20길
2015,3,A,골목상권,1000748,3468,1703,1765,525,524,721,514,528,656,271,258,378,268,235,293,254,266,343,246,293,363,1567,12,1555,사당로16길
2015,3,A,골목상권,1000747,2401,1184,1217,376,356,498,359,366,446,194,176,262,186,165,201,182,180,236,173,201,245,1059,19,1040,사당로16가길
2015,3,A,골목상권,1000746,4415,2211,2204,722,731,776,673,681,832,377,392,411,351,315,365,345,339,365,322,366,467,1854,575,1279,만양로8길
2015,3,A,골목상권,1000745,1768,884,884,288,292,312,269,274,333,150,156,165,139,127,147,138,136,147,130,147,186,731,0,731,만양로14길
2015,3,A,골목상권,1000744,3010,1469,1541,608,456,469,555,443,479,314,227,235,273,216,204,294,229,234,282,227,275,1257,153,1104,등용로14길
2015,3,A,골목상권,1000743,3835,1851,1984,434,775,866,494,590,676,233,356,441,251,257,313,201,419,425,243,333,363,1845,113,1732,동작대로7길
2015,3,A,골목상권,1000742,3657,1784,1873,566,547,738,524,590,692,298,261,369,265,276,315,268,286,369,259,314,377,1432,18,1414,동작대로35길
2015,3,A,골목상권,1000741,3865,1888,1977,596,581,781,554,624,729,316,278,391,279,293,331,280,303,390,275,331,398,1509,38,1471,동작대로33길
2015,3,A,골목상권,1000740,841,410,431,130,125,170,121,135,160,69,60,85,61,63,72,61,65,85,60,72,88,341,228,113,동작대로29길
2015,3,A,골목상권,1000739,2224,1073,1151,251,450,503,288,343,389,135,207,256,146,150,179,116,243,247,142,193,210,1063,5,1058,동작대로17길
2015,3,A,골목상권,1000738,4187,2036,2151,891,624,650,787,598,637,459,307,322,384,293,271,432,317,328,403,305,366,1655,138,1517,대방동2길
2015,3,A,골목상권,1000737,5079,2462,2617,1081,757,786,956,725,774,555,372,389,465,354,327,526,385,397,491,371,447,2018,83,1935,대방동27길
2015,3,A,골목상권,1000736,3664,1846,1818,514,614,590,598,622,726,267,322,324,313,299,321,247,292,266,285,323,405,1866,0,1866,노량진로6길
2015,3,A,골목상권,1000735,4206,2057,2149,701,614,812,655,620,804,365,296,422,329,289,356,336,318,390,326,331,448,1719,52,1667,국사봉길
2015,3,A,골목상권,1000734,1831,898,933,371,248,339,322,250,301,192,117,171,161,119,138,179,131,168,161,131,163,711,16,695,국사봉2길
2015,3,A,골목상권,1000733,3197,1563,1634,534,469,618,496,470,610,277,228,321,249,218,270,257,241,297,247,252,340,1313,0,1313,국사봉1길
2015,3,A,골목상권,1000732,3904,1975,1929,633,554,731,652,640,694,330,276,379,342,326,322,303,278,352,310,314,372,1743,90,1653,영신로9길
2015,3,A,골목상권,1000731,2210,1120,1090,329,342,379,375,355,430,174,174,209,196,174,193,155,168,170,179,181,237,1085,117,968,영등포로84길
2015,3,A,골목상권,1000730,2654,1345,1309,370,413,457,440,431,543,196,210,255,229,210,245,174,203,202,211,221,298,1352,0,1352,영등포로80길
2015,3,A,골목상권,1000729,2072,1048,1024,352,286,366,348,352,368,183,145,188,182,178,172,169,141,178,166,174,196,903,28,875,영등포로62길
2015,3,A,골목상권,1000728,1643,937,706,167,296,314,248,291,327,88,147,181,161,184,176,79,149,133,87,107,151,980,0,980,영등포로35길
2015,3,A,골목상권,1000727,3229,1600,1629,478,476,652,497,515,611,235,240,334,264,247,280,243,236,318,233,268,331,1540,99,1441,영등포로27길
2015,3,A,골목상권,1000726,2952,1465,1487,437,436,594,456,472,557,216,219,304,243,227,256,221,217,290,213,245,301,1389,0,1389,영등포로25길
2015,3,A,골목상권,1000725,2908,1474,1434,438,449,495,495,470,561,228,232,274,257,231,252,210,217,221,238,239,309,1421,341,1080,여의대방로61길
2015,3,A,골목상권,1000724,3108,1569,1539,604,455,517,552,492,488,314,241,266,281,249,218,290,214,251,271,243,270,1313,500,813,여의대방로43나길
2015,3,A,골목상권,1000723,1046,528,518,217,152,173,188,165,151,113,81,88,95,84,67,104,71,85,93,81,84,425,0,425,여의대방로39길
2015,3,A,골목상권,1000722,2817,1405,1412,535,405,467,484,459,467,278,210,237,243,227,210,257,195,230,241,232,257,1190,18,1172,여의대방로35길
2015,3,A,골목상권,1000721,3036,1529,1507,607,456,619,528,422,404,308,216,318,281,221,185,299,240,301,247,201,219,1211,722,489,양평로28길
2015,3,A,골목상권,1000720,1191,600,591,239,179,243,207,165,158,121,85,124,111,87,72,118,94,119,96,78,86,469,178,291,양평로22라길
2015,3,A,골목상권,1000719,3478,1748,1730,696,522,709,604,486,461,353,245,365,322,253,210,343,277,344,282,233,251,1375,786,589,양평로19길
2015,3,A,골목상권,1000718,4668,2362,2306,788,644,828,783,789,836,412,328,425,410,401,386,376,316,403,373,388,450,2026,0,2026,신길로60길
2015,3,A,골목상권,1000717,3342,1687,1655,516,454,441,597,634,700,270,239,240,313,315,310,246,215,201,284,319,390,1464,76,1388,신길로42길
2015,3,A,골목상권,1000716,5679,2877,2802,823,836,873,976,998,1173,434,433,483,513,492,522,389,403,390,463,506,651,2639,245,2394,신길로42가길
2015,3,A,골목상권,1000715,1675,848,827,287,210,251,302,299,326,155,107,132,156,149,149,132,103,119,146,150,177,782,0,782,신길로39길
2015,3,A,골목상권,1000714,3725,1863,1862,594,480,548,649,673,781,307,253,297,326,327,353,287,227,251,323,346,428,1600,31,1569,신길로17길
2015,3,A,골목상권,1000713,1714,867,847,299,226,405,266,226,292,158,110,212,147,110,130,141,116,193,119,116,162,702,100,602,선유서로28길
2015,3,A,골목상권,1000712,3687,1869,1818,641,482,876,570,484,634,338,236,458,316,237,284,303,246,418,254,247,350,1576,660,916,선유서로25길
2015,3,A,골목상권,1000711,1926,976,950,334,253,457,297,254,331,176,123,239,165,124,149,158,130,218,132,130,182,738,95,643,선유서로24길
2015,3,A,골목상권,1000710,4128,2074,2054,828,618,839,718,575,550,421,289,432,382,300,250,407,329,407,336,275,300,1610,71,1539,선유로55길
2015,3,A,골목상권,1000709,1076,544,532,168,146,165,185,189,223,91,75,91,94,93,100,77,71,74,91,96,123,462,0,462,디지털로74길
2015,3,A,골목상권,1000708,1532,759,773,217,198,245,264,273,335,116,99,128,132,133,151,101,99,117,132,140,184,757,15,742,디지털로57길
2015,3,A,골목상권,1000707,2680,1332,1348,378,345,431,463,477,586,202,173,226,231,233,267,176,172,205,232,244,319,1286,0,1286,디지털로37길
2015,3,A,골목상권,1000706,1773,899,874,247,275,306,294,288,363,132,140,171,154,140,162,115,135,135,140,148,201,902,0,902,도신로62길
2015,3,A,골목상권,1000705,998,506,492,139,154,172,167,161,205,73,79,97,88,78,91,66,75,75,79,83,114,512,0,512,도신로60길
2015,3,A,골목상권,1000704,2496,1267,1229,373,368,511,412,385,447,194,177,272,221,193,210,179,191,239,191,192,237,1181,84,1097,도신로29길
2015,3,A,골목상권,1000703,3149,1592,1557,462,471,653,519,480,564,242,224,347,275,242,262,220,247,306,244,238,302,1497,0,1497,도신로15길
2015,3,A,골목상권,1000702,2597,1283,1314,369,338,415,440,464,571,196,169,215,220,224,259,173,169,200,220,240,312,1260,206,1054,도림천로21길
2015,3,A,골목상권,1000701,2013,1003,1010,325,251,295,355,367,420,165,135,158,177,178,190,160,116,137,178,189,230,845,0,845,도림로63길
2015,3,A,골목상권,1000700,3080,1530,1550,641,369,649,506,411,504,331,177,316,269,199,238,310,192,333,237,212,266,1118,0,1118,도림로147길
2015,3,A,골목상권,1000699,4448,2259,2189,665,656,905,738,691,793,349,316,480,394,348,372,316,340,425,344,343,421,2136,0,2136,도림로112길
2015,3,A,골목상권,1000698,3630,1839,1791,566,491,550,620,643,760,305,254,305,316,316,343,261,237,245,304,327,417,1537,19,1518,대림로8길
2015,3,A,골목상권,1000697,1340,664,676,190,173,215,231,238,293,101,87,112,115,116,133,89,86,103,116,122,160,643,0,643,대림로7길
2015,3,A,골목상권,1000696,2399,1211,1188,404,343,420,412,410,410,211,175,221,211,205,188,193,168,199,201,205,222,974,32,942,대림로44길
2015,3,A,골목상권,1000695,2639,1333,1306,448,376,458,454,447,456,233,194,242,233,223,208,215,182,216,221,224,248,1078,116,962,대림로34길
2015,3,A,골목상권,1000694,2746,1390,1356,465,395,480,475,465,466,245,202,252,245,232,214,220,193,228,230,233,252,1124,146,978,대림로31길
2015,3,A,골목상권,1000693,3774,1905,1869,638,538,659,649,647,643,333,274,348,333,323,294,305,264,311,316,324,349,1534,298,1236,대림로29길
2015,3,A,골목상권,1000692,3394,1718,1676,527,463,517,578,599,710,284,243,285,294,293,319,243,220,232,284,306,391,1450,493,957,대림로22길
2015,3,A,골목상권,1000691,4167,1996,2171,706,769,880,602,577,633,359,335,435,300,275,292,347,434,445,302,302,341,1791,42,1749,당산로46길
2015,3,A,골목상권,1000690,2628,1261,1367,443,485,557,380,365,398,226,211,276,190,175,183,217,274,281,190,190,215,1131,5,1126,당산로38길
2015,3,A,골목상권,1000689,1502,720,782,253,278,318,217,209,227,129,121,157,108,100,105,124,157,161,109,109,122,638,184,454,당산로37길
2015,3,A,골목상권,1000688,928,459,469,137,136,187,143,149,176,67,68,95,76,72,81,70,68,92,67,77,95,431,45,386,당산로31길
2015,3,A,골목상권,1000687,2563,1460,1103,262,456,491,388,455,511,136,224,283,254,287,276,126,232,208,134,168,235,1553,101,1452,국회대로56길
2015,3,A,골목상권,1000686,454,225,229,96,53,97,74,60,74,50,25,47,39,29,35,46,28,50,35,31,39,173,0,173,경인로90길
2015,3,A,골목상권,1000685,1004,500,504,209,121,214,163,134,163,109,57,104,87,65,78,100,64,110,76,69,85,374,0,374,경인로80길
2015,3,A,골목상권,1000684,1877,936,941,391,223,397,308,250,308,202,108,194,163,122,147,189,115,203,145,128,161,703,0,703,경인로77길
2015,3,A,골목상권,1000683,1728,868,860,294,215,263,309,308,339,158,110,136,158,153,153,136,105,127,151,155,186,823,0,823,가마산로61길
2015,3,A,골목상권,1000682,4676,2380,2296,784,679,694,882,868,769,406,356,373,451,436,358,378,323,321,431,432,411,2079,79,2000,시흥대로94길
2015,3,A,골목상권,1000681,6863,3481,3382,1165,974,1094,1233,1230,1167,608,509,580,631,612,541,557,465,514,602,618,626,2906,55,2851,시흥대로84길
2015,3,A,골목상권,1000680,2819,1427,1392,485,388,485,474,486,501,256,204,255,243,238,231,229,184,230,231,248,270,1118,0,1118,시흥대로68길
2015,3,A,골목상권,1000679,1164,589,575,201,160,201,195,201,206,106,84,106,100,98,95,95,76,95,95,103,111,489,328,161,시흥대로63길
2015,3,A,골목상권,1000678,4567,2309,2258,788,630,785,767,787,810,416,330,411,393,385,374,372,300,374,374,402,436,1804,28,1776,시흥대로62가길
2015,3,A,골목상권,1000677,2405,1214,1191,399,326,370,384,437,489,202,175,197,197,210,233,197,151,173,187,227,256,966,0,966,시흥대로36길
2015,3,A,골목상권,1000676,3064,1546,1518,511,415,470,489,558,621,258,221,251,253,268,295,253,194,219,236,290,326,1225,107,1118,시흥대로22길
2015,3,A,골목상권,1000675,1933,1092,841,208,391,412,298,326,298,104,215,261,179,182,151,104,176,151,119,144,147,1128,154,974,시흥대로153길
2015,3,A,골목상권,1000674,3713,1893,1820,560,522,568,682,707,674,286,273,315,342,357,320,274,249,253,340,350,354,1632,239,1393,시흥대로150길
2015,3,A,골목상권,1000673,4895,2576,2319,756,817,989,763,742,828,399,441,569,409,382,376,357,376,420,354,360,452,2234,52,2182,시흥대로141길
2015,3,A,골목상권,1000672,848,430,418,127,119,129,153,165,155,66,61,70,77,84,72,61,58,59,76,81,83,371,36,335,시흥대로138길
2015,3,A,골목상권,1000671,3849,1954,1895,638,518,607,737,700,649,322,268,316,380,361,307,316,250,291,357,339,342,1670,56,1614,시흥대로120길
2015,3,A,골목상권,1000670,1690,954,736,183,343,362,260,281,261,92,186,229,157,157,133,91,157,133,103,124,128,990,0,990,벚꽃로56길
2015,3,A,골목상권,1000669,1623,854,769,250,272,327,252,246,276,131,147,188,136,127,125,119,125,139,116,119,151,747,304,443,범안로17길
2015,3,A,골목상권,1000668,962,507,455,147,162,195,149,145,164,77,89,113,80,75,73,70,73,82,69,70,91,454,98,356,범안로11길
2015,3,A,골목상권,1000667,4131,2104,2027,621,583,627,760,790,750,317,304,345,382,399,357,304,279,282,378,391,393,1839,91,1748,문성로5길
2015,3,A,골목상권,1000666,750,382,368,113,106,115,138,142,136,58,55,64,69,72,64,55,51,51,69,70,72,335,11,324,독산로85길
2015,3,A,골목상권,1000665,3820,1936,1884,631,516,601,733,695,644,319,267,311,377,357,305,312,249,290,356,338,339,1647,116,1531,독산로78다길
2015,3,A,골목상권,1000664,2939,1491,1448,489,401,459,561,534,495,248,208,239,289,273,234,241,193,220,272,261,261,1269,0,1269,독산로70길
2015,3,A,골목상권,1000663,2564,1300,1264,429,373,381,482,475,424,220,195,205,246,238,196,209,178,176,236,237,228,1148,22,1126,독산로64길
2015,3,A,골목상권,1000662,1732,870,862,311,239,258,299,310,315,160,125,133,153,154,145,151,114,125,146,156,170,690,180,510,독산로50길
2015,3,A,골목상권,1000661,2842,1429,1413,510,392,419,494,512,515,263,203,217,253,256,237,247,189,202,241,256,278,1143,47,1096,독산로40길
2015,3,A,골목상권,1000660,2124,1080,1044,319,300,325,389,404,387,163,156,179,195,204,183,156,144,146,194,200,204,945,34,911,독산로108길
2015,3,A,골목상권,1000659,2335,1319,1016,255,473,497,360,392,358,128,259,314,214,221,183,127,214,183,146,171,175,1361,20,1341,남부순환로112길
2015,3,A,골목상권,1000658,5868,2937,2931,1013,788,840,1025,1016,1186,523,415,451,515,513,520,490,373,389,510,503,666,2342,0,2342,금하로24길
2015,3,A,골목상권,1000657,2492,1314,1178,383,419,503,386,378,423,202,226,289,208,196,193,181,193,214,178,182,230,1143,0,1143,금하로1길
2015,3,A,골목상권,1000656,2436,1232,1204,417,336,419,412,418,434,220,176,219,210,205,202,197,160,200,202,213,232,975,37,938,금하로14길
2015,3,A,골목상권,1000655,2194,1230,964,247,436,468,339,364,340,125,238,294,200,201,172,122,198,174,139,163,168,1251,119,1132,가산로5길
2015,3,A,골목상권,1000654,1232,653,579,182,211,250,192,188,209,95,114,146,104,98,96,87,97,104,88,90,113,590,19,571,가산로3길
2015,3,A,골목상권,1000653,841,424,417,162,113,131,143,144,148,85,60,68,71,72,68,77,53,63,72,72,80,315,299,16,중앙로1길
2015,3,A,골목상권,1000652,1369,692,677,282,173,218,249,215,232,148,89,108,129,110,108,134,84,110,120,105,124,541,184,357,중앙로15길
2015,3,A,골목상권,1000651,1639,893,746,177,172,220,334,368,368,91,90,127,196,214,175,86,82,93,138,154,193,905,0,905,우마길
2015,3,A,골목상권,1000650,3918,1941,1977,899,448,744,631,545,651,460,228,368,328,256,301,439,220,376,303,289,350,1457,54,1403,오류로8길
2015,3,A,골목상권,1000649,1796,881,915,396,228,370,292,261,249,199,110,180,146,127,119,197,118,190,146,134,130,626,0,626,신도림로13길
2015,3,A,골목상권,1000648,2866,1424,1442,477,459,590,458,426,456,247,210,301,241,210,215,230,249,289,217,216,241,1247,677,570,새말로18길
2015,3,A,골목상권,1000647,785,394,391,153,101,144,125,125,137,83,51,74,64,59,63,70,50,70,61,66,74,304,0,304,부일로1길
2015,3,A,골목상권,1000646,1610,812,798,316,210,291,255,260,278,172,108,150,131,122,129,144,102,141,124,138,149,623,9,614,부일로15길
2015,3,A,골목상권,1000645,1473,740,733,290,190,270,232,236,255,157,96,139,119,112,117,133,94,131,113,124,138,564,19,545,부일로11길
2015,3,A,골목상권,1000644,2642,1343,1299,402,500,702,378,299,361,208,235,383,211,139,167,194,265,319,167,160,194,1211,65,1146,디지털로32길
2015,3,A,골목상권,1000643,4177,2123,2054,634,795,1111,597,472,568,328,373,608,333,219,262,306,422,503,264,253,306,1914,90,1824,디지털로32가길
2015,3,A,골목상권,1000642,1384,742,642,157,164,218,268,285,292,80,82,124,156,163,137,77,82,94,112,122,155,749,0,749,디지털로27길
2015,3,A,골목상권,1000641,1944,1015,929,267,313,429,320,294,321,139,152,238,182,154,150,128,161,191,138,140,171,955,310,645,도림로6길
2015,3,A,골목상권,1000640,1982,1010,972,301,377,527,284,223,270,156,178,290,158,103,125,145,199,237,126,120,145,911,487,424,도림로12길
2015,3,A,골목상권,1000639,1252,622,630,232,158,242,181,203,236,119,81,123,92,93,114,113,77,119,89,110,122,456,442,14,남부순환로97길
2015,3,A,골목상권,1000638,4146,2076,2070,643,550,842,680,628,803,337,268,447,361,301,362,306,282,395,319,327,441,1998,368,1630,구로중앙로8길
2015,3,A,골목상권,1000637,1330,666,664,207,176,268,217,204,258,109,86,143,115,97,116,98,90,125,102,107,142,635,0,635,구로중앙로7길
2015,3,A,골목상권,1000636,2404,1179,1225,530,305,491,393,351,334,266,147,240,197,169,160,264,158,251,196,182,174,832,0,832,구로중앙로42길
2015,3,A,골목상권,1000635,2191,1087,1104,365,353,449,350,326,348,187,163,230,182,160,165,178,190,219,168,166,183,961,10,951,구로중앙로34길
2015,3,A,골목상권,1000634,4335,2147,2188,722,697,891,694,643,688,372,318,455,364,315,323,350,379,436,330,328,365,1895,275,1620,구로중앙로28길
2015,3,A,골목상권,1000633,1063,544,519,156,137,162,194,188,226,82,69,90,105,95,103,74,68,72,89,93,123,525,0,525,구로중앙로19길
2015,3,A,골목상권,1000632,7884,3945,3939,1223,1048,1600,1290,1199,1524,641,509,849,684,574,688,582,539,751,606,625,836,3816,1663,2153,구로동로8길
2015,3,A,골목상권,1000631,4206,2209,1997,536,494,605,809,845,917,277,254,341,455,459,423,259,240,264,354,386,494,2210,167,2043,구로동로7길
2015,3,A,골목상권,1000630,3191,1629,1562,472,411,493,578,561,676,246,210,272,310,283,308,226,201,221,268,278,368,1554,128,1426,구로동로42길
2015,3,A,골목상권,1000629,1909,973,936,282,247,297,345,338,400,147,127,163,184,170,182,135,120,134,161,168,218,935,19,916,구로동로41길
2015,3,A,골목상권,1000628,2449,1248,1201,363,317,376,442,435,516,191,161,207,235,220,234,172,156,169,207,215,282,1210,19,1191,구로동로38길
2015,3,A,골목상권,1000627,1918,969,949,290,252,341,332,316,387,152,124,185,177,156,175,138,128,156,155,160,212,924,45,879,구로동로28길
2015,3,A,골목상권,1000626,1534,781,753,227,197,239,278,269,324,118,99,131,149,135,149,109,98,108,129,134,175,774,0,774,구로동로15길
2015,3,A,골목상권,1000625,1279,634,645,213,205,263,205,190,203,110,93,135,107,93,96,103,112,128,98,97,107,559,349,210,공원로6가길
2015,3,A,골목상권,1000624,3478,1756,1722,678,456,554,605,572,613,353,236,282,310,288,287,325,220,272,295,284,326,1325,684,641,고척로52길
2015,3,A,골목상권,1000623,5589,2816,2773,1150,706,900,1010,882,941,595,363,447,524,450,437,555,343,453,486,432,504,2223,13,2210,고척로27다길
2015,3,A,골목상권,1000622,2965,1495,1470,526,390,487,489,508,565,269,199,252,256,252,267,257,191,235,233,256,298,1201,46,1155,고척로27길
2015,3,A,골목상권,1000621,3194,1609,1585,567,422,527,526,548,604,290,218,271,273,271,286,277,204,256,253,277,318,1299,24,1275,고척로21나길
2015,3,A,골목상권,1000620,1028,517,511,195,140,162,174,174,183,102,73,84,87,87,84,93,67,78,87,87,99,385,200,185,경인로47길
2015,3,A,골목상권,1000619,4314,2175,2139,818,561,703,740,713,779,423,288,357,383,357,367,395,273,346,357,356,412,1751,0,1751,경인로35길
2015,3,A,골목상권,1000618,2297,1159,1138,412,301,376,381,394,433,210,154,194,200,195,206,202,147,182,181,199,227,937,0,937,경인로31길
2015,3,A,골목상권,1000617,5461,2708,2753,877,841,1056,799,870,1018,430,417,554,420,409,478,447,424,502,379,461,540,2313,61,2252,경인로15길
2015,3,A,골목상권,1000616,2885,1444,1441,550,366,503,474,470,522,287,195,260,238,221,243,263,171,243,236,249,279,1087,59,1028,개봉로3길
2015,3,A,골목상권,1000615,2560,1277,1283,483,324,465,402,416,470,251,170,238,203,193,222,232,154,227,199,223,248,940,35,905,개봉로2길
2015,3,A,골목상권,1000614,1010,509,501,180,134,166,165,174,191,92,68,86,86,86,91,88,66,80,79,88,100,401,173,228,개봉로23가길
2015,3,A,골목상권,1000613,3222,1598,1624,597,409,623,461,521,611,306,209,317,233,237,296,291,200,306,228,284,315,1172,1104,68,개봉로20길
2015,3,A,골목상권,1000612,2419,1208,1211,460,305,424,400,393,437,241,161,218,200,185,203,219,144,206,200,208,234,909,157,752,개봉로1길
2015,3,A,골목상권,1000611,4372,2169,2203,809,552,847,626,712,826,413,280,434,317,325,400,396,272,413,309,387,426,1576,107,1469,개봉로17다길
2015,3,A,골목상권,1000610,6879,3410,3469,1274,869,1333,985,1118,1300,652,441,681,498,508,630,622,428,652,487,610,670,2481,86,2395,개봉로17길
2015,3,A,골목상권,1000609,5407,2704,2703,1028,688,944,889,882,976,538,367,486,445,414,454,490,321,458,444,468,522,2037,55,1982,개봉로11길
2015,3,A,골목상권,1000608,4478,2144,2334,766,841,946,698,628,599,405,336,474,344,315,270,361,505,472,354,313,329,2065,569,1496,화곡로64길
2015,3,A,골목상권,1000607,2204,1089,1115,385,334,424,344,371,346,206,162,223,168,169,161,179,172,201,176,202,185,909,378,531,화곡로59길
2015,3,A,골목상권,1000606,3140,1555,1585,572,461,632,500,494,481,302,225,332,249,226,221,270,236,300,251,268,260,1311,116,1195,화곡로44나길
2015,3,A,골목상권,1000605,4584,2227,2357,1072,590,729,881,691,621,536,293,343,428,334,293,536,297,386,453,357,328,1625,69,1556,화곡로31길
2015,3,A,골목상권,1000604,2540,1257,1283,448,380,456,416,423,417,228,191,236,207,200,195,220,189,220,209,223,222,1071,114,957,화곡로20길
2015,3,A,골목상권,1000603,3281,1610,1671,601,496,520,531,577,556,306,252,256,257,277,262,295,244,264,274,300,294,1256,113,1143,화곡로13길
2015,3,A,골목상권,1000602,6181,3073,3108,1270,783,1107,1008,1001,1012,652,399,556,516,485,465,618,384,551,492,516,547,2376,19,2357,초원로16길
2015,3,A,골목상권,1000601,4953,2424,2529,956,686,1085,826,690,710,483,337,561,421,308,314,473,349,524,405,382,396,2123,10,2113,초록마을로8길
2015,3,A,골목상권,1000600,2874,1406,1468,551,404,630,482,401,406,279,198,326,244,179,180,272,206,304,238,222,226,1231,171,1060,초록마을로3길
2015,3,A,골목상권,1000599,1810,903,907,266,285,378,273,295,313,137,143,201,139,136,147,129,142,177,134,159,166,871,333,538,월정로20길
2015,3,A,골목상권,1000598,4982,2422,2560,1162,647,786,959,750,678,581,322,371,465,364,319,581,325,415,494,386,359,1781,931,850,우장산로6길
2015,3,A,골목상권,1000597,2580,1272,1308,631,323,442,507,378,299,323,160,211,253,188,137,308,163,231,254,190,162,889,510,379,양천로73가길
2015,3,A,골목상권,1000596,4320,2129,2191,1058,544,741,848,631,498,543,269,354,422,314,227,515,275,387,426,317,271,1479,1395,84,양천로71길
2015,3,A,골목상권,1000595,1408,706,702,293,202,251,234,243,185,153,108,125,114,120,86,140,94,126,120,123,99,505,62,443,양천로49길
2015,3,A,골목상권,1000594,1530,760,770,317,192,272,251,248,250,163,98,136,127,121,115,154,94,136,124,127,135,572,550,22,양천로26길
2015,3,A,골목상권,1000593,4822,2390,2432,1000,605,862,791,780,784,515,307,430,403,376,359,485,298,432,388,404,425,1821,723,1098,양천로24길
2015,3,A,골목상권,1000592,3092,1534,1558,642,389,554,504,499,504,330,197,276,257,242,232,312,192,278,247,257,272,1153,468,685,양천로24가길
2015,3,A,골목상권,1000591,3899,1928,1971,622,563,642,605,678,789,322,275,337,322,328,344,300,288,305,283,350,445,1728,907,821,양천로14길
2015,3,A,골목상권,1000590,4053,2069,1984,622,607,788,627,674,735,321,298,434,342,332,342,301,309,354,285,342,393,1854,0,1854,방화대로6라길
2015,3,A,골목상권,1000589,2547,1293,1254,423,367,488,397,420,452,219,181,264,213,207,209,204,186,224,184,213,243,1130,48,1082,방화대로21길
2015,3,A,골목상권,1000588,1566,777,789,267,218,295,254,263,269,140,110,155,127,121,124,127,108,140,127,142,145,656,121,535,등촌로5길
2015,3,A,골목상권,1000587,3278,1646,1632,617,517,525,535,574,510,336,273,268,251,278,240,281,244,257,284,296,270,1215,205,1010,등촌로55길
2015,3,A,골목상권,1000586,2359,1184,1175,447,371,381,382,410,368,243,196,195,178,199,173,204,175,186,204,211,195,882,253,629,등촌로51길
2015,3,A,골목상권,1000585,3243,1629,1614,606,512,523,531,566,505,329,271,268,250,274,237,277,241,255,281,292,268,1216,47,1169,등촌로39길
2015,3,A,골목상권,1000584,3952,1966,1986,683,552,735,645,664,673,361,281,385,320,306,313,322,271,350,325,358,360,1634,24,1610,등촌로13길
2015,3,A,골목상권,1000583,3757,1917,1840,576,563,731,582,625,680,296,276,402,318,310,315,280,287,329,264,315,365,1738,106,1632,남부순환로11길
2015,3,A,골목상권,1000582,4113,2013,2100,793,572,900,685,574,589,401,280,464,348,258,262,392,292,436,337,316,327,1764,0,1764,까치산로4길
2015,3,A,골목상권,1000581,2663,1315,1348,486,352,516,451,424,434,252,175,266,225,196,201,234,177,250,226,228,233,1153,132,1021,국회대로7길
2015,3,A,골목상권,1000580,3775,1925,1850,580,565,735,585,628,682,299,275,404,319,311,317,281,290,331,266,317,365,1747,55,1692,공항대로8길
2015,3,A,골목상권,1000579,3110,1522,1588,699,442,568,578,447,376,361,204,275,286,223,173,338,238,293,292,224,203,1177,437,740,공항대로61길
2015,3,A,골목상권,1000578,3851,1898,1953,941,485,662,759,558,446,483,241,315,378,278,203,458,244,347,381,280,243,1332,490,842,공항대로59다길
2015,3,A,골목상권,1000577,3232,1548,1684,551,607,684,506,453,431,292,243,343,249,227,194,259,364,341,257,226,237,1494,0,1494,공항대로59길
2015,3,A,골목상권,1000576,3012,1445,1567,513,563,642,470,420,404,272,226,322,232,211,182,241,337,320,238,209,222,1389,225,1164,공항대로55길
2015,3,A,골목상권,1000575,1003,485,518,229,130,160,195,151,138,114,64,75,94,74,64,115,66,85,101,77,74,357,117,240,공항대로42길
2015,3,A,골목상권,1000574,246,120,126,58,32,39,47,37,33,29,16,19,23,18,15,29,16,20,24,19,18,88,0,88,공항대로38길
2015,3,A,골목상권,1000573,2080,1032,1048,357,285,391,342,347,358,188,144,204,171,159,166,169,141,187,171,188,192,856,15,841,곰달래로60길
2015,3,A,골목상권,1000572,3749,1861,1888,641,517,706,615,627,643,338,261,369,307,286,300,303,256,337,308,341,343,1557,163,1394,곰달래로53길
2015,3,A,골목상권,1000571,3853,1894,1959,732,501,761,654,590,615,375,247,388,327,272,285,357,254,373,327,318,330,1706,37,1669,곰달래로47길
2015,3,A,골목상권,1000570,3117,1525,1592,581,404,656,511,462,503,295,198,333,257,209,233,286,206,323,254,253,270,1383,83,1300,곰달래로31길
2015,3,A,골목상권,1000569,2790,1366,1424,480,370,617,430,419,474,247,183,316,217,185,218,233,187,301,213,234,256,1209,44,1165,곰달래로25길
2015,3,A,골목상권,1000568,2942,1455,1487,471,426,482,457,510,596,244,210,253,243,245,260,227,216,229,214,265,336,1326,116,1210,개화동로25길
2015,3,A,골목상권,1000567,5200,2566,2634,831,754,853,805,903,1054,430,367,446,428,436,459,401,387,407,377,467,595,2320,68,2252,개화동로23길
2015,3,A,골목상권,1000566,3575,1752,1823,637,471,776,565,535,591,324,232,397,286,240,273,313,239,379,279,295,318,1571,243,1328,강서로8길
2015,3,A,골목상권,1000565,3497,1716,1781,692,443,702,606,514,540,351,218,354,303,238,252,341,225,348,303,276,288,1583,92,1491,강서로5라길
2015,3,A,골목상권,1000564,1838,912,926,270,291,385,275,301,316,138,146,202,139,138,149,132,145,183,136,163,167,886,408,478,강서로5나길
2015,3,A,골목상권,1000563,1425,706,719,211,220,298,215,235,246,108,110,158,109,107,114,103,110,140,106,128,132,684,277,407,강서로5가길
2015,3,A,골목상권,1000562,3859,1840,2019,1055,447,615,750,521,471,517,217,288,363,254,201,538,230,327,387,267,270,1370,276,1094,강서로47라길
2015,3,A,골목상권,1000561,2878,1373,1505,788,334,459,557,389,351,386,163,217,267,190,150,402,171,242,290,199,201,1023,258,765,강서로47길
2015,3,A,골목상권,1000560,3415,1661,1754,576,540,550,515,616,618,292,272,267,247,292,291,284,268,283,268,324,327,1316,199,1117,강서로45다길
2015,3,A,골목상권,1000559,861,417,444,174,125,138,143,142,139,86,62,67,69,68,65,88,63,71,74,74,74,323,134,189,강서로45길
2015,3,A,골목상권,1000558,6271,3052,3219,1060,994,1010,945,1130,1132,536,501,490,454,537,534,524,493,520,491,593,598,2448,95,2353,강서로35길
2015,3,A,골목상권,1000557,2340,1165,1175,343,371,489,350,382,405,177,186,259,177,176,190,166,185,230,173,206,215,1123,109,1014,강서로29길
2015,3,A,골목상권,1000556,7289,3563,3726,1271,964,1599,1134,1095,1226,650,474,818,572,486,563,621,490,781,562,609,663,3168,166,3002,강서로18길
2015,3,A,골목상권,1000555,3255,1625,1630,479,511,682,487,531,565,247,258,362,247,244,267,232,253,320,240,287,298,1571,280,1291,강서로17가길
2015,3,A,골목상권,1000554,4750,2375,2375,700,749,991,709,779,822,361,378,526,361,360,389,339,371,465,348,419,433,2294,98,2196,강서로15길
2015,3,A,골목상권,1000553,3078,1534,1544,454,485,646,459,502,532,233,245,342,233,230,251,221,240,304,226,272,281,1485,167,1318,가로공원로80길
2015,3,A,골목상권,1000552,3794,1893,1901,556,598,798,567,618,657,286,302,424,287,284,310,270,296,374,280,334,347,1837,43,1794,가로공원로76가길
2015,3,A,골목상권,1000551,1565,773,792,314,223,246,275,265,242,160,113,123,136,128,113,154,110,123,139,137,129,585,109,476,화곡로4길
2015,3,A,골목상권,1000550,2505,1234,1271,502,358,392,440,426,387,256,181,197,214,205,181,246,177,195,226,221,206,945,345,600,화곡로3길
2015,3,A,골목상권,1000549,4083,2029,2054,763,529,708,659,688,736,390,276,374,335,327,327,373,253,334,324,361,409,1677,0,1677,지양로7길
2015,3,A,골목상권,1000548,3848,1915,1933,730,499,695,598,654,672,371,256,362,303,310,313,359,243,333,295,344,359,1427,192,1235,중앙로55길
2015,3,A,골목상권,1000547,3823,1903,1920,725,495,689,594,652,668,369,253,358,302,309,312,356,242,331,292,343,356,1424,461,963,중앙로51길
2015,3,A,골목상권,1000546,10206,5064,5142,2367,1242,1669,1946,1521,1461,1237,644,811,974,747,651,1130,598,858,972,774,810,3885,18,3867,중앙로47길
2015,3,A,골목상권,1000545,5279,2618,2661,1223,641,864,1010,787,754,640,332,419,506,386,335,583,309,445,504,401,419,1990,56,1934,중앙로45길
2015,3,A,골목상권,1000544,760,370,390,198,94,79,169,118,102,102,47,33,80,61,47,96,47,46,89,57,55,251,29,222,중앙로36길
2015,3,A,골목상권,1000543,622,302,320,164,74,65,141,93,85,84,37,29,66,47,39,80,37,36,75,46,46,210,81,129,중앙로32길
2015,3,A,골목상권,1000542,4051,2011,2040,938,493,661,778,603,578,491,255,321,390,297,257,447,238,340,388,306,321,1535,43,1492,중앙로25길
2015,3,A,골목상권,1000541,3696,1826,1870,611,534,724,581,598,648,315,259,374,286,282,310,296,275,350,295,316,338,1563,182,1381,은행정로7길
2015,3,A,골목상권,1000540,619,304,315,162,78,63,137,95,84,84,39,27,65,49,40,78,39,36,72,46,44,204,24,180,은행정로5길
2015,3,A,골목상권,1000539,2681,1328,1353,573,318,492,434,429,435,298,159,245,217,203,206,275,159,247,217,226,229,935,537,398,오목로5길
2015,3,A,골목상권,1000538,3739,1851,1888,799,444,690,600,598,608,415,222,344,300,284,286,384,222,346,300,314,322,1311,679,632,오목로3길
2015,3,A,골목상권,1000537,4291,2124,2167,711,623,840,673,695,749,366,304,436,332,328,358,345,319,404,341,367,391,1823,51,1772,오목로30길
2015,3,A,골목상권,1000536,5618,2777,2841,929,813,1102,883,912,979,480,395,571,435,430,466,449,418,531,448,482,513,2380,120,2260,오목로23길
2015,3,A,골목상권,1000535,2235,1134,1101,401,307,322,369,425,411,211,160,173,188,209,193,190,147,149,181,216,218,980,99,881,신월로20길
2015,3,A,골목상권,1000534,5674,2811,2863,1216,670,1039,918,905,926,630,335,519,459,430,438,586,335,520,459,475,488,1982,892,1090,신월로15길
2015,3,A,골목상권,1000533,3884,1919,1965,957,542,400,844,657,484,505,268,180,397,346,223,452,274,220,447,311,261,1249,247,1002,신목로6길
2015,3,A,골목상권,1000532,2156,1069,1087,517,310,211,463,376,279,276,155,96,218,198,126,241,155,115,245,178,153,708,447,261,신목로5길
2015,3,A,골목상권,1000531,2638,1310,1328,633,377,257,566,460,345,338,188,118,266,243,157,295,189,139,300,217,188,859,369,490,신목로2길
2015,3,A,골목상권,1000530,1892,945,947,474,252,234,414,288,230,257,134,113,190,150,101,217,118,121,224,138,129,684,46,638,목동중앙서로8가길
2015,3,A,골목상권,1000529,4478,2239,2239,1122,598,550,981,681,546,609,317,267,451,356,239,513,281,283,530,325,307,1618,91,1527,목동중앙서로7길
2015,3,A,골목상권,1000528,2543,1246,1297,442,411,447,408,439,396,236,205,230,189,210,176,206,206,217,219,229,220,1035,96,939,목동중앙북로8길
2015,3,A,골목상권,1000527,4162,2052,2110,790,653,719,711,705,584,422,329,360,337,344,260,368,324,359,374,361,324,1609,29,1580,목동중앙북로16길
2015,3,A,골목상권,1000526,2424,1198,1226,513,358,364,460,393,336,276,183,181,212,197,149,237,175,183,248,196,187,925,175,750,목동중앙본로7길
2015,3,A,골목상권,1000525,2320,1160,1160,581,311,282,508,353,285,314,166,137,234,184,125,267,145,145,274,169,160,833,47,786,목동중앙로3길
2015,3,A,골목상권,1000524,1304,641,663,246,205,226,221,221,185,131,103,113,104,108,82,115,102,113,117,113,103,499,21,478,목동중앙로13나길
2015,3,A,골목상권,1000523,2293,1134,1159,498,334,334,444,368,315,268,171,167,204,184,140,230,163,167,240,184,175,868,147,721,목동중앙남로3가길
2015,3,A,골목상권,1000522,3104,1534,1570,512,449,612,485,502,544,265,219,316,238,237,259,247,230,296,247,265,285,1339,157,1182,목동로9길
2015,3,A,골목상권,1000521,2505,1236,1269,415,362,491,394,406,437,215,175,254,194,191,207,200,187,237,200,215,230,1074,125,949,목동로19길
2015,3,A,골목상권,1000520,1176,580,596,295,163,121,257,197,143,157,82,54,119,103,65,138,81,67,138,94,78,371,170,201,목동동로8길
2015,3,A,골목상권,1000519,3560,1731,1829,958,453,436,797,540,376,491,215,192,375,279,179,467,238,244,422,261,197,1148,315,833,목동동로12길
2015,3,A,골목상권,1000518,1439,712,727,307,195,172,280,254,231,165,103,84,133,128,99,142,92,88,147,126,132,513,164,349,목동남로4길
2015,3,A,골목상권,1000517,611,302,309,141,75,101,116,90,88,73,39,49,58,44,39,68,36,52,58,46,49,225,201,24,남부순환로88길
2015,3,A,골목상권,1000516,2667,1360,1307,470,364,368,447,522,496,248,192,200,227,260,233,222,172,168,220,262,263,1122,95,1027,남부순환로79길
2015,3,A,골목상권,1000515,4942,2453,2489,923,643,858,796,830,892,472,336,453,405,392,395,451,307,405,391,438,497,2031,20,2011,남부순환로70길
2015,3,A,골목상권,1000514,1704,889,815,279,231,257,310,315,312,145,122,140,169,170,143,134,109,117,141,145,169,779,0,779,남부순환로58길
2015,3,A,골목상권,1000513,3192,1660,1532,530,428,484,577,590,583,273,224,262,315,318,268,257,204,222,262,272,315,1456,12,1444,남부순환로40길
2015,3,A,골목상권,1000512,4036,1994,2042,811,577,628,712,683,625,415,292,316,348,331,292,396,285,312,364,352,333,1500,66,1434,남부순환로33길
2015,3,A,골목상권,1000511,3861,1976,1885,665,520,630,661,713,672,341,267,342,343,371,312,324,253,288,318,342,360,1618,97,1521,곰달래로5길
2015,3,A,골목상권,1000510,3506,1794,1712,604,474,573,600,647,608,309,244,309,311,338,283,295,230,264,289,309,325,1490,339,1151,곰달래로3길
2015,3,A,골목상권,1000509,3926,2013,1913,677,529,640,672,728,680,349,271,349,350,378,316,328,258,291,322,350,364,1664,425,1239,곰달래로2길
2015,3,A,골목상권,1000508,4042,2065,1977,695,550,659,691,745,702,356,282,356,356,389,326,339,268,303,335,356,376,1711,32,1679,곰달래로10길
2015,3,A,골목상권,1000507,3261,1697,1564,543,441,490,587,604,596,280,230,266,321,325,275,263,211,224,266,279,321,1469,29,1440,가로공원로58길
2015,3,A,골목상권,1000506,3994,1940,2054,680,569,681,715,616,733,349,279,343,356,301,312,331,290,338,359,315,421,1677,16,1661,효창원로93길
2015,3,A,골목상권,1000505,834,399,435,172,99,156,164,112,131,87,48,71,84,55,54,85,51,85,80,57,77,338,0,338,토정로37길
2015,3,A,골목상권,1000504,1988,914,1074,232,433,469,306,240,308,113,180,216,150,116,139,119,253,253,156,124,169,1131,15,1116,월드컵로8길
2015,3,A,골목상권,1000503,2500,1205,1295,404,441,548,360,335,412,209,199,278,180,155,184,195,242,270,180,180,228,1178,0,1178,월드컵로7길
2015,3,A,골목상권,1000502,3808,1849,1959,824,457,664,719,519,625,429,228,324,362,252,254,395,229,340,357,267,371,1460,127,1333,월드컵로36길
2015,3,A,골목상권,1000501,3299,1597,1702,643,426,623,592,462,553,324,202,304,300,221,246,319,224,319,292,241,307,1288,300,988,월드컵로25길
2015,3,A,골목상권,1000500,2251,1095,1156,371,325,462,384,321,388,190,153,234,197,153,168,181,172,228,187,168,220,981,0,981,월드컵로19길
2015,3,A,골목상권,1000499,2516,1170,1346,311,519,583,396,310,397,156,218,271,195,150,180,155,301,312,201,160,217,1381,31,1350,월드컵로16길
2015,3,A,골목상권,1000498,2773,1349,1424,458,404,571,471,392,477,235,191,290,241,187,205,223,213,281,230,205,272,1211,18,1193,월드컵로11길
2015,3,A,골목상권,1000497,1858,858,1000,216,403,439,284,225,291,108,167,204,140,108,131,108,236,235,144,117,160,1047,76,971,월드컵로10길
2015,3,A,골목상권,1000496,2716,1301,1415,466,500,525,460,374,391,236,238,246,230,179,172,230,262,279,230,195,219,1263,0,1263,와우산로3길
2015,3,A,골목상권,1000495,1085,502,583,127,236,256,165,132,169,63,98,119,82,64,76,64,138,137,83,68,93,617,81,536,와우산로29길
2015,3,A,골목상권,1000494,783,360,423,89,170,185,121,95,123,44,70,86,59,45,56,45,100,99,62,50,67,448,0,448,와우산로29가길
2015,3,A,골목상권,1000493,1668,801,867,268,293,366,242,225,274,136,133,186,121,103,122,132,160,180,121,122,152,785,52,733,양화진길
2015,3,A,골목상권,1000492,3066,1476,1590,496,540,671,446,410,503,256,244,340,223,187,226,240,296,331,223,223,277,1423,92,1331,양화로1길
2015,3,A,골목상권,1000491,818,377,441,96,177,192,125,100,128,47,73,89,62,48,58,49,104,103,63,52,70,462,19,443,양화로11길
2015,3,A,골목상권,1000490,866,423,443,133,121,164,140,145,163,67,60,82,73,73,68,66,61,82,67,72,95,422,0,422,신촌로30길
2015,3,A,골목상권,1000489,1662,809,853,260,230,318,267,274,313,130,112,159,137,138,133,130,118,159,130,136,180,805,0,805,신촌로28가길
2015,3,A,골목상권,1000488,1877,881,996,261,386,411,299,238,282,131,170,191,148,115,126,130,216,220,151,123,156,997,28,969,신촌로12길
2015,3,A,골목상권,1000487,2846,1401,1445,426,460,474,489,447,550,215,230,246,253,221,236,211,230,228,236,226,314,1435,73,1362,숭문길
2015,3,A,골목상권,1000486,2502,1231,1271,392,379,404,441,399,487,197,191,210,227,198,208,195,188,194,214,201,279,1218,192,1026,숭문8길
2015,3,A,골목상권,1000485,1514,730,784,245,267,331,218,204,249,127,120,168,109,95,111,118,147,163,109,109,138,719,0,719,성지3길
2015,3,A,골목상권,1000484,3183,1527,1656,539,455,615,564,471,539,276,219,300,273,223,236,263,236,315,291,248,303,1384,144,1240,성산로4길
2015,3,A,골목상권,1000483,1431,682,749,194,251,309,230,199,248,101,115,154,115,90,107,93,136,155,115,109,141,694,12,682,성미산로32길
2015,3,A,골목상권,1000482,3359,1618,1741,572,479,650,598,496,564,294,234,317,291,235,247,278,245,333,307,261,317,1452,92,1360,성미산로1길
2015,3,A,골목상권,1000481,3905,1874,2031,636,579,776,681,570,663,326,278,381,333,267,289,310,301,395,348,303,374,1710,71,1639,성미산로11길
2015,3,A,골목상권,1000480,1496,732,764,194,293,267,239,223,280,100,142,136,125,110,119,94,151,131,114,113,161,823,114,709,백범로16길
2015,3,A,골목상권,1000479,5021,2431,2590,981,649,951,902,703,835,493,308,463,458,337,372,488,341,488,444,366,463,1981,677,1304,방울내로9안길
2015,3,A,골목상권,1000478,3162,1536,1626,686,383,551,595,430,517,357,191,268,300,210,210,329,192,283,295,220,307,1207,79,1128,모래내로7길
2015,3,A,골목상권,1000477,5307,2589,2718,1413,568,917,1040,649,720,721,285,417,533,320,313,692,283,500,507,329,407,1937,0,1937,매봉산로2길
2015,3,A,골목상권,1000476,4590,2236,2354,760,666,944,778,652,790,392,315,478,399,312,340,368,351,466,379,340,450,2029,37,1992,망원로2길
2015,3,A,골목상권,1000475,1713,829,884,334,223,325,307,238,286,168,106,159,156,113,127,166,117,166,151,125,159,660,42,618,망원로11길
2015,3,A,골목상권,1000474,3441,1673,1768,561,509,590,612,536,633,281,250,300,307,266,269,280,259,290,305,270,364,1545,23,1522,만리재옛길
2015,3,A,골목상권,1000473,1198,575,623,216,159,213,201,184,225,112,75,104,99,89,96,104,84,109,102,95,129,485,181,304,마포대로4길
2015,3,A,골목상권,1000472,1477,718,759,240,218,253,262,230,274,120,107,129,133,112,117,120,111,124,129,118,157,660,85,575,마포대로20길
2015,3,A,골목상권,1000471,448,218,230,68,63,88,71,74,84,34,30,44,37,37,36,34,33,44,34,37,48,222,45,177,마포대로12길
2015,3,A,골목상권,1000470,2313,1099,1214,304,420,507,370,316,396,158,189,250,185,145,172,146,231,257,185,171,224,1111,0,1111,동교로38길
2015,3,A,골목상권,1000469,3098,1471,1627,409,557,683,493,423,533,214,251,335,247,193,231,195,306,348,246,230,302,1542,15,1527,동교로27길
2015,3,A,골목상권,1000468,1628,774,854,215,295,354,261,224,279,111,133,175,131,103,121,104,162,179,130,121,158,806,40,766,동교로25길
2015,3,A,골목상권,1000467,1979,923,1056,266,382,439,321,255,316,134,163,206,157,122,141,132,219,233,164,133,175,1031,430,601,동교로19길
2015,3,A,골목상권,1000466,1826,847,979,222,384,423,285,226,286,111,161,197,140,109,129,111,223,226,145,117,157,1013,49,964,동교로17길
2015,3,A,골목상권,1000465,1716,825,891,275,300,377,252,230,282,142,135,192,126,104,126,133,165,185,126,126,156,799,106,693,독막로8길
2015,3,A,골목상권,1000464,3261,1612,1649,600,472,592,567,466,564,308,252,295,292,220,245,292,220,297,275,246,319,1362,119,1243,독막로32길
2015,3,A,골목상권,1000463,881,423,458,151,163,169,150,122,126,76,78,80,75,59,55,75,85,89,75,63,71,399,127,272,독막로22길
2015,3,A,골목상권,1000462,1011,485,526,183,135,179,170,155,189,97,63,86,84,75,80,86,72,93,86,80,109,411,155,256,도화길
2015,3,A,골목상권,1000461,4134,1991,2143,743,558,730,694,633,776,391,265,353,344,306,332,352,293,377,350,327,444,1678,1238,440,도화4길
2015,3,A,골목상권,1000460,2760,1357,1403,420,435,459,478,434,534,212,217,237,247,214,230,208,218,222,231,220,304,1359,0,1359,대흥로28길
2015,3,A,골목상권,1000459,7380,3609,3771,852,1640,1375,1100,1077,1336,445,780,695,589,526,574,407,860,680,511,551,762,4313,27,4286,대흥로21길
2015,3,A,골목상권,1000458,1875,924,951,325,293,344,319,269,325,167,153,172,164,128,140,158,140,172,155,141,185,832,120,712,광성로6길
2015,3,A,골목상권,1000457,3543,1708,1835,616,454,581,614,563,715,315,230,295,299,262,307,301,224,286,315,301,408,1461,253,1208,홍제내길
2015,3,A,골목상권,1000456,1457,709,748,231,264,244,238,206,274,118,136,121,117,96,121,113,128,123,121,110,153,656,149,507,홍연길
2015,3,A,골목상권,1000455,1727,833,894,303,221,282,301,274,346,155,114,143,146,126,149,148,107,139,155,148,197,709,70,639,통일로39길
2015,3,A,골목상권,1000454,1520,733,787,264,195,250,264,242,305,135,99,127,129,113,130,129,96,123,135,129,175,633,83,550,통일로37길
2015,3,A,골목상권,1000453,416,202,214,81,50,68,74,62,81,41,26,33,38,31,33,40,24,35,36,31,48,182,0,182,통일로11길
2015,3,A,골목상권,1000452,603,297,306,91,88,95,103,104,122,47,44,49,53,52,52,44,44,46,50,52,70,272,108,164,충정로6길
2015,3,A,골목상권,1000451,240,119,121,35,34,38,42,42,49,18,17,21,21,21,21,17,17,17,21,21,28,97,0,97,충정로4길
2015,3,A,골목상권,1000450,4149,2038,2111,748,591,608,729,680,793,386,305,307,364,326,350,362,286,301,365,354,443,1716,48,1668,증가로6길
2015,3,A,골목상권,1000449,5253,2587,2666,957,706,858,912,829,991,490,362,441,454,394,446,467,344,417,458,435,545,2204,60,2144,증가로23나길
2015,3,A,골목상권,1000448,4120,2033,2087,739,559,650,720,650,802,381,290,332,359,314,357,358,269,318,361,336,445,1701,76,1625,증가로20가길
2015,3,A,골목상권,1000447,4062,2002,2060,721,573,595,716,652,805,371,299,302,358,320,352,350,274,293,358,332,453,1709,60,1649,증가로10길
2015,3,A,골목상권,1000446,3315,1634,1681,605,443,542,575,523,627,311,226,281,286,248,282,294,217,261,289,275,345,1372,54,1318,응암로1길
2015,3,A,골목상권,1000445,2475,1206,1269,386,448,414,405,353,469,200,229,205,199,167,206,186,219,209,206,186,263,1148,0,1148,연희로10길
2015,3,A,골목상권,1000444,771,374,397,118,110,126,138,124,155,60,56,64,69,62,63,58,54,62,69,62,92,355,0,355,신촌로37길
2015,3,A,골목상권,1000443,8864,4353,4511,1855,1081,1611,1540,1304,1473,961,538,791,781,623,659,894,543,820,759,681,814,1441,254,1187,수색로8길
2015,3,A,골목상권,1000442,4676,2285,2391,791,587,670,821,761,1046,404,295,355,416,366,449,387,292,315,405,395,597,2060,48,2012,세무서길
2015,3,A,골목상권,1000441,3079,1489,1590,543,415,456,538,522,605,278,208,230,266,249,258,265,207,226,272,273,347,1213,48,1165,세무서2길
2015,3,A,골목상권,1000440,1158,572,586,205,154,157,206,195,241,104,79,82,105,97,105,101,75,75,101,98,136,477,118,359,세검정로1길
2015,3,A,골목상권,1000439,3241,1577,1664,491,458,535,583,518,656,248,233,272,291,263,270,243,225,263,292,255,386,1516,77,1439,북아현로4길
2015,3,A,골목상권,1000438,3096,1529,1567,545,433,449,549,488,632,281,230,227,275,244,272,264,203,222,274,244,360,1308,707,601,모래내로15길
2015,3,A,골목상권,1000437,2694,1328,1366,478,380,392,476,432,536,247,199,198,238,213,233,231,181,194,238,219,303,1127,28,1099,명지대길
2015,3,A,골목상권,1000436,4233,2056,2177,791,521,686,754,646,835,405,264,339,384,318,346,386,257,347,370,328,489,1886,466,1420,독립문로8길
2015,3,A,골목상권,1000435,3292,1628,1664,579,459,479,584,522,669,297,244,243,292,262,290,282,215,236,292,260,379,1381,8,1373,가재울로6길
2015,3,A,골목상권,1000434,4243,2091,2152,656,586,661,711,723,906,347,298,353,349,341,403,309,288,308,362,382,503,1932,57,1875,통일로92길
2015,3,A,골목상권,1000433,1845,915,930,317,265,286,312,311,354,165,137,152,154,149,158,152,128,134,158,162,196,804,20,784,통일로87길
2015,3,A,골목상권,1000432,3325,1640,1685,516,458,519,559,568,705,273,232,278,274,271,312,243,226,241,285,297,393,1519,46,1473,통일로78길
2015,3,A,골목상권,1000431,1561,748,813,257,224,284,257,240,299,128,103,144,128,112,133,129,121,140,129,128,166,713,0,713,통일로69길
2015,3,A,골목상권,1000430,3826,1856,1970,723,503,693,658,583,666,368,247,347,326,277,291,355,256,346,332,306,375,1530,146,1384,진흥로1길
2015,3,A,골목상권,1000429,6120,2966,3154,983,795,1092,1019,967,1264,503,389,557,514,454,549,480,406,535,505,513,715,2815,55,2760,진흥로12길
2015,3,A,골목상권,1000428,2701,1345,1356,479,341,451,459,448,523,251,176,230,231,215,242,228,165,221,228,233,281,1094,119,975,증산서길
2015,3,A,골목상권,1000427,3513,1747,1766,622,446,585,598,581,681,324,230,299,300,280,314,298,216,286,298,301,367,1422,183,1239,증산로9길
2015,3,A,골목상권,1000426,2586,1291,1295,456,327,432,438,433,500,239,169,221,222,210,230,217,158,211,216,223,270,1044,111,933,증산로5길
2015,3,A,골목상권,1000425,5752,2815,2937,1046,796,1031,951,923,1005,537,399,524,471,428,456,509,397,507,480,495,549,2213,237,1976,증산로21길
2015,3,A,골목상권,1000424,1602,803,799,308,210,244,283,265,292,165,110,126,139,132,131,143,100,118,144,133,161,640,92,548,증산로17길
2015,3,A,골목상권,1000423,2204,1104,1100,419,288,342,386,365,404,224,150,176,191,180,183,195,138,166,195,185,221,890,315,575,증산로15길
2015,3,A,골목상권,1000422,2538,1264,1274,454,323,421,433,419,488,238,166,214,217,203,226,216,157,207,216,216,262,1022,27,995,증산로13길
2015,3,A,골목상권,1000421,5792,2844,2948,1156,685,1039,1019,853,1040,613,347,512,514,409,449,543,338,527,505,444,591,2366,42,2324,응암로34길
2015,3,A,골목상권,1000420,4652,2303,2349,905,537,823,822,701,864,480,282,407,418,342,374,425,255,416,404,359,490,1945,19,1926,응암로22길
2015,3,A,골목상권,1000419,1966,974,992,314,264,314,338,323,413,167,135,164,172,157,179,147,129,150,166,166,234,924,32,892,응암로14길
2015,3,A,골목상권,1000418,1396,692,704,225,189,221,239,230,292,119,98,115,122,112,126,106,91,106,117,118,166,632,8,624,응암로13길
2015,3,A,골목상권,1000417,1251,619,632,202,169,197,214,208,261,107,87,102,108,102,113,95,82,95,106,106,148,573,0,573,응암로12길
2015,3,A,골목상권,1000416,2468,1201,1267,475,314,433,429,369,448,251,154,214,214,175,193,224,160,219,215,194,255,1024,144,880,은평로8길
2015,3,A,골목상권,1000415,2419,1180,1239,450,327,434,406,379,423,230,164,219,199,178,190,220,163,215,207,201,233,950,30,920,은평로3길
2015,3,A,골목상권,1000414,2304,1120,1184,452,292,406,402,340,412,238,142,202,200,160,178,214,150,204,202,180,234,931,14,917,은평로20길
2015,3,A,골목상권,1000413,2904,1408,1496,498,372,517,491,452,574,257,181,261,246,214,249,241,191,256,245,238,325,1285,14,1271,은평로13길
2015,3,A,골목상권,1000412,3422,1663,1759,669,433,601,597,511,611,353,210,298,298,241,263,316,223,303,299,270,348,1404,23,1381,은평로10길
2015,3,A,골목상권,1000411,2793,1353,1440,529,368,508,478,424,486,268,180,255,237,199,214,261,188,253,241,225,272,1121,130,991,연서로5길
2015,3,A,골목상권,1000410,2686,1318,1368,415,371,415,451,462,572,219,188,221,221,218,251,196,183,194,230,244,321,1227,40,1187,연서로41길
2015,3,A,골목상권,1000409,3648,1769,1879,690,480,664,624,554,636,349,235,334,308,262,281,341,245,330,316,292,355,1462,100,1362,연서로3길
2015,3,A,골목상권,1000408,2048,1015,1033,314,284,318,344,349,439,168,144,172,169,167,195,146,140,146,175,182,244,937,10,927,연서로34길
2015,3,A,골목상권,1000407,1469,729,740,227,203,228,248,252,311,122,103,123,122,122,137,105,100,105,126,130,174,670,0,670,연서로33길
2015,3,A,골목상권,1000406,1192,590,602,206,172,183,201,203,227,107,90,97,99,97,100,99,82,86,102,106,127,517,19,498,연서로29길
2015,3,A,골목상권,1000405,4024,1920,2104,660,576,730,667,620,771,324,266,370,330,289,341,336,310,360,337,331,430,1838,60,1778,연서로28길
2015,3,A,골목상권,1000404,2812,1362,1450,549,394,461,500,435,473,280,191,238,237,206,210,269,203,223,263,229,263,1095,53,1042,연서로27길
2015,3,A,골목상권,1000403,4237,2045,2192,828,589,695,755,654,716,422,286,356,355,310,316,406,303,339,400,344,400,1665,154,1511,연서로21길
2015,3,A,골목상권,1000402,1988,958,1030,389,277,324,352,310,336,198,134,165,165,147,149,191,143,159,187,163,187,785,108,677,연서로17길
2015,3,A,골목상권,1000401,5229,2532,2697,988,688,952,899,794,908,499,337,479,443,373,401,489,351,473,456,421,507,2120,98,2022,연서로16길
2015,3,A,골목상권,1000400,4591,2341,2250,859,584,669,806,781,892,428,290,348,409,409,457,431,294,321,397,372,435,1696,17,1679,연서로13길
2015,3,A,골목상권,1000399,3565,1786,1779,673,458,562,619,583,670,337,226,291,310,294,328,336,232,271,309,289,342,1360,84,1276,연서로11길
2015,3,A,골목상권,1000398,5418,2593,2825,888,777,990,892,832,1039,440,359,504,444,387,459,448,418,486,448,445,580,2477,41,2436,역말로9길
2015,3,A,골목상권,1000397,2656,1336,1320,428,355,405,432,471,565,226,186,218,228,235,243,202,169,187,204,236,322,1058,20,1038,수색로18길
2015,3,A,골목상권,1000396,2837,1357,1480,467,406,518,467,436,543,232,187,263,232,203,240,235,219,255,235,233,303,1301,25,1276,서오릉로8길
2015,3,A,골목상권,1000395,4263,2177,2086,800,536,626,749,723,829,399,265,327,380,379,427,401,271,299,369,344,402,1580,295,1285,서오릉로21길
2015,3,A,골목상권,1000394,3758,1858,1900,604,507,596,645,618,788,320,261,308,329,300,340,284,246,288,316,318,448,1710,57,1653,불광천길
2015,3,A,골목상권,1000393,2901,1416,1485,547,382,515,499,449,509,278,188,260,247,214,229,269,194,255,252,235,280,1158,113,1045,갈현로7길
2015,3,A,골목상권,1000392,3451,1707,1744,593,500,534,582,582,660,310,261,281,285,277,293,283,239,253,297,305,367,1502,0,1502,갈현로41길
2015,3,A,골목상권,1000391,3795,1857,1938,693,538,602,658,615,689,360,271,312,315,292,307,333,267,290,343,323,382,1555,197,1358,갈현로33길
2015,3,A,골목상권,1000390,2316,1135,1181,423,321,411,383,372,406,217,161,208,190,174,185,206,160,203,193,198,221,889,134,755,갈현로1길
2015,3,A,골목상권,1000389,2864,1415,1449,464,387,457,490,469,597,244,199,236,249,227,260,220,188,221,241,242,337,1312,112,1200,가좌로7길
2015,3,A,골목상권,1000388,4105,2012,2093,768,567,576,731,689,774,394,296,297,354,335,336,374,271,279,377,354,438,1614,23,1591,한글비석로44길
2015,3,A,골목상권,1000387,3282,1612,1670,611,450,461,579,553,628,313,235,238,280,272,274,298,215,223,299,281,354,1287,0,1287,한글비석로24길
2015,3,A,골목상권,1000386,2008,984,1024,424,257,255,386,325,361,224,136,131,186,159,148,200,121,124,200,166,213,747,293,454,한글비석로22길
2015,3,A,골목상권,1000385,1405,721,684,239,222,232,217,225,270,125,129,119,112,111,125,114,93,113,105,114,145,593,84,509,석계로1길
2015,3,A,골목상권,1000384,2930,1441,1489,545,440,395,522,518,510,275,222,201,252,256,235,270,218,194,270,262,275,1120,0,1120,상계로9가길
2015,3,A,골목상권,1000383,1087,539,548,203,169,142,194,198,181,103,84,74,94,98,86,100,85,68,100,100,95,419,290,129,상계로1길
2015,3,A,골목상권,1000382,3699,1834,1865,688,575,492,663,670,611,351,286,253,319,334,291,337,289,239,344,336,320,1410,154,1256,상계로12길
2015,3,A,골목상권,1000381,2842,1399,1443,553,407,408,489,502,483,291,208,200,232,245,223,262,199,208,257,257,260,1017,215,802,동일로242길
2015,3,A,골목상권,1000380,2986,1468,1518,504,499,531,460,484,508,260,250,274,230,225,229,244,249,257,230,259,279,1287,16,1271,동일로192길
2015,3,A,골목상권,1000379,3675,1810,1865,622,614,651,566,596,626,322,311,336,283,276,282,300,303,315,283,320,344,1584,573,1011,동일로173가길
2015,3,A,골목상권,1000378,2111,1020,1091,453,323,230,401,376,328,249,172,112,179,185,123,204,151,118,222,191,205,764,18,746,공릉로58길
2015,3,A,골목상권,1000377,823,405,418,155,122,128,138,145,135,81,62,64,66,69,63,74,60,64,72,76,72,302,119,183,해등로16길
2015,3,A,골목상권,1000376,2325,1170,1155,425,292,364,416,378,450,224,152,189,213,189,203,201,140,175,203,189,247,916,14,902,우이천로4다길
2015,3,A,골목상권,1000375,2802,1373,1429,511,374,389,478,481,569,256,187,200,241,227,262,255,187,189,237,254,307,1101,203,898,우이천로32길
2015,3,A,골목상권,1000374,3656,1864,1792,508,469,522,565,676,916,267,246,292,292,338,429,241,223,230,273,338,487,1564,0,1564,시루봉로23길
2015,3,A,골목상권,1000373,1543,756,787,273,204,216,262,264,324,139,102,111,131,125,148,134,102,105,131,139,176,607,0,607,삼양로144길
2015,3,A,골목상권,1000372,2242,1124,1118,391,325,313,382,422,409,205,170,161,190,206,192,186,155,152,192,216,217,885,19,866,방학로6가길
2015,3,A,골목상권,1000371,3699,1810,1889,640,520,583,617,631,708,338,263,302,294,295,318,302,257,281,323,336,390,1386,32,1354,방학로5길
2015,3,A,골목상권,1000370,3460,1695,1765,737,498,435,621,640,529,393,262,205,290,309,236,344,236,230,331,331,293,1182,968,214,방학로15길
2015,3,A,골목상권,1000369,2159,1092,1067,384,287,292,389,383,424,204,152,157,200,188,191,180,135,135,189,195,233,914,0,914,방학로10길
2015,3,A,골목상권,1000368,1753,894,859,243,225,250,269,324,442,127,118,140,139,162,208,116,107,110,130,162,234,754,163,591,도봉산길
2015,3,A,골목상권,1000367,516,259,257,70,67,74,77,94,134,36,34,40,39,47,63,34,33,34,38,47,71,220,0,220,도봉산4길
2015,3,A,골목상권,1000366,2019,1030,989,283,259,286,312,371,508,149,134,161,160,186,240,134,125,125,152,185,268,869,0,869,도봉로181길
2015,3,A,골목상권,1000365,2241,1142,1099,311,286,317,345,415,567,165,148,179,175,209,266,146,138,138,170,206,301,968,240,728,도봉로169나길
2015,3,A,골목상권,1000364,2246,1114,1132,377,278,356,333,407,495,196,144,179,170,193,232,181,134,177,163,214,263,868,10,858,도봉로156길
2015,3,A,골목상권,1000363,1301,646,655,219,161,207,193,234,287,113,84,105,98,111,135,106,77,102,95,123,152,501,0,501,도봉로152가길
2015,3,A,골목상권,1000362,5055,2534,2521,883,728,704,861,953,926,465,378,364,426,466,435,418,350,340,435,487,491,2046,0,2046,도봉로147길
2015,3,A,골목상권,1000361,1945,976,969,338,279,274,332,365,357,178,147,142,163,178,168,160,132,132,169,187,189,765,86,679,도봉로143길
2015,3,A,골목상권,1000360,7651,3722,3929,1522,978,1232,1390,1223,1306,783,497,611,674,575,582,739,481,621,716,648,724,2972,276,2696,도봉로114길
2015,3,A,골목상권,1000359,2138,1047,1091,339,308,360,340,357,434,177,150,187,171,162,200,162,158,173,169,195,234,969,126,843,도봉로109길
2015,3,A,골목상권,1000358,2894,1458,1436,486,413,406,488,543,558,256,216,214,244,266,262,230,197,192,244,277,296,1139,8,1131,도당로29길
2015,3,A,골목상권,1000357,4177,2108,2069,712,573,578,724,761,829,375,301,308,367,374,383,337,272,270,357,387,446,1681,0,1681,도당로19길
2015,3,A,골목상권,1000356,3363,1706,1657,596,449,451,610,595,662,317,241,243,313,293,299,279,208,208,297,302,363,1394,0,1394,도당로13바길
2015,3,A,골목상권,1000355,1410,716,694,250,188,191,255,248,278,132,101,104,131,123,125,118,87,87,124,125,153,569,0,569,도당로13가길
2015,3,A,골목상권,1000354,2100,1057,1043,382,264,328,377,342,407,201,137,171,194,171,183,181,127,157,183,171,224,828,64,764,덕릉로60길
2015,3,A,골목상권,1000353,1897,930,967,362,279,295,316,334,311,188,141,147,152,157,145,174,138,148,164,177,166,700,370,330,노해로63다길
2015,3,A,골목상권,1000352,2272,1113,1159,360,323,383,364,378,464,189,157,200,183,171,213,171,166,183,181,207,251,986,34,952,노해로60길
2015,3,A,골목상권,1000351,1903,946,957,257,285,332,310,314,405,136,143,177,155,151,184,121,142,155,155,163,221,944,0,944,한천로140길
2015,3,A,골목상권,1000350,1625,808,817,218,244,284,263,273,343,115,122,152,132,131,156,103,122,132,131,142,187,801,0,801,한천로139가길
2015,3,A,골목상권,1000349,1781,881,900,272,267,314,301,280,347,142,129,163,157,133,157,130,138,151,144,147,190,814,50,764,한천로132길
2015,3,A,골목상권,1000348,3574,1774,1800,543,535,631,603,563,699,282,259,330,316,272,315,261,276,301,287,291,384,1627,16,1611,한천로130길
2015,3,A,골목상권,1000347,1890,938,952,285,283,332,321,300,369,148,137,172,169,144,168,137,146,160,152,156,201,859,123,736,한천로124나길
2015,3,A,골목상권,1000346,1831,884,947,329,206,288,293,268,447,169,105,149,152,127,182,160,101,139,141,141,265,644,454,190,한천로109길
2015,3,A,골목상권,1000345,3225,1586,1639,525,413,480,523,556,728,276,206,256,260,264,324,249,207,224,263,292,404,1324,10,1314,인수봉로79길
2015,3,A,골목상권,1000344,3857,1890,1967,628,498,576,624,665,866,329,249,306,310,314,382,299,249,270,314,351,484,1565,405,1160,인수봉로72길
2015,3,A,골목상권,1000343,2235,1097,1138,367,288,332,358,386,504,192,144,177,178,182,224,175,144,155,180,204,280,924,0,924,인수봉로56길
2015,3,A,골목상권,1000342,2272,1127,1145,346,340,398,386,355,447,180,163,208,203,171,202,166,177,190,183,184,245,1038,108,930,오패산로67길
2015,3,A,골목상권,1000341,2759,1351,1408,422,379,440,457,477,584,216,193,230,228,227,257,206,186,210,229,250,327,1184,0,1184,오패산로52길
2015,3,A,골목상권,1000340,1189,579,610,183,165,188,197,206,250,92,82,99,98,96,112,91,83,89,99,110,138,510,0,510,오패산로30길
2015,3,A,골목상권,1000339,2285,1148,1137,370,317,352,376,392,478,193,161,191,196,190,217,177,156,161,180,202,261,966,30,936,수유로12길
2015,3,A,골목상권,1000338,2923,1462,1461,438,383,437,501,529,635,222,200,233,259,264,284,216,183,204,242,265,351,1311,108,1203,솔샘로65길
2015,3,A,골목상권,1000337,2473,1213,1260,369,355,394,412,431,512,189,179,208,203,205,229,180,176,186,209,226,283,1114,20,1094,솔매로50길
2015,3,A,골목상권,1000336,2427,1198,1229,350,355,386,407,431,498,183,179,203,203,207,223,167,176,183,204,224,275,1128,11,1117,솔매로45길
2015,3,A,골목상권,1000335,4039,2003,2036,611,572,642,683,708,823,320,291,337,343,344,368,291,281,305,340,364,455,1829,14,1815,솔매로41길
2015,3,A,골목상권,1000334,3048,1493,1555,498,396,454,491,526,683,260,197,241,244,248,303,238,199,213,247,278,380,1249,11,1238,삼양로93길
2015,3,A,골목상권,1000333,3701,1861,1840,600,512,573,611,633,772,310,260,310,319,309,353,290,252,263,292,324,419,1563,8,1555,삼양로77길
2015,3,A,골목상권,1000332,4325,2157,2168,641,592,659,734,774,925,332,307,348,377,382,411,309,285,311,357,392,514,1945,28,1917,삼양로54길
2015,3,A,골목상권,1000331,5569,2798,2771,1021,686,883,980,905,1094,537,360,458,506,450,487,484,326,425,474,455,607,2187,8,2179,삼양로41길
2015,3,A,골목상권,1000330,575,279,296,149,58,101,118,74,75,76,29,48,60,35,31,73,29,53,58,39,44,195,44,151,삼양로27길
2015,3,A,골목상권,1000329,2792,1397,1395,418,372,418,477,504,603,213,194,222,247,252,269,205,178,196,230,252,334,1270,88,1182,삼양로24길
2015,3,A,골목상권,1000328,2717,1360,1357,409,361,405,465,490,587,210,189,216,240,244,261,199,172,189,225,246,326,1165,0,1165,삼양로20길
2015,3,A,골목상권,1000327,3929,1954,1975,527,589,684,637,656,836,280,295,364,320,313,382,247,294,320,317,343,454,1904,62,1842,삼각산로28길
2015,3,A,골목상권,1000326,2542,1264,1278,342,380,444,415,423,538,181,191,236,208,202,246,161,189,208,207,221,292,1244,10,1234,도봉로99길
2015,3,A,골목상권,1000325,276,134,142,42,38,45,46,48,57,21,19,24,22,22,26,21,19,21,24,26,31,108,0,108,도봉로8길
2015,3,A,골목상권,1000324,3163,1561,1602,457,465,502,529,561,649,239,235,263,263,270,291,218,230,239,266,291,358,1480,89,1391,도봉로76길
2015,3,A,골목상권,1000323,1964,977,987,316,269,313,335,336,395,165,138,163,170,164,177,151,131,150,165,172,218,838,0,838,도봉로67길
2015,3,A,골목상권,1000322,3809,1887,1922,554,544,598,641,680,792,289,278,313,323,330,354,265,266,285,318,350,438,1754,60,1694,도봉로45길
2015,3,A,골목상권,1000321,3597,1751,1846,554,500,567,595,624,757,278,248,299,295,292,339,276,252,268,300,332,418,1570,33,1537,도봉로18길
2015,3,A,골목상권,1000320,1754,879,875,260,236,262,301,319,376,133,123,139,157,159,168,127,113,123,144,160,208,756,0,756,도봉로13길
2015,3,A,골목상권,1000319,2543,1260,1283,388,382,447,432,396,498,202,185,233,226,190,224,186,197,214,206,206,274,1149,26,1123,덕릉로41길
2015,3,A,골목상권,1000318,3086,1518,1568,515,386,486,507,506,686,269,207,257,252,247,286,246,179,229,255,259,400,1209,0,1209,덕릉로40길
2015,3,A,골목상권,1000317,2981,1469,1512,484,393,452,478,510,664,252,203,239,239,241,295,232,190,213,239,269,369,1164,41,1123,노해로33길
2015,3,A,골목상권,1000316,1369,673,696,224,180,207,218,233,307,115,94,109,109,110,136,109,86,98,109,123,171,545,0,545,노해로23길
2015,3,A,골목상권,1000315,2601,1293,1308,352,390,452,420,436,551,186,196,242,210,209,250,166,194,210,210,227,301,1272,10,1262,노해로17길
2015,3,A,골목상권,1000314,1630,822,808,262,230,264,270,280,324,138,118,138,138,139,151,124,112,126,132,141,173,703,0,703,화랑로40길
2015,3,A,골목상권,1000313,4126,2078,2048,666,580,671,681,710,818,349,298,349,350,350,382,317,282,322,331,360,436,1723,0,1723,화랑로32길
2015,3,A,골목상권,1000312,2583,1268,1315,531,293,441,459,401,458,266,148,214,241,193,206,265,145,227,218,208,252,991,98,893,화랑로1길
2015,3,A,골목상권,1000311,3053,1524,1529,522,433,473,519,499,607,268,216,245,271,247,277,254,217,228,248,252,330,1267,0,1267,화랑로19길
2015,3,A,골목상권,1000310,1953,967,986,344,297,320,323,301,368,177,141,160,173,149,167,167,156,160,150,152,201,834,0,834,화랑로14길
2015,3,A,골목상권,1000309,920,455,465,165,136,151,154,141,173,84,65,75,82,70,79,81,71,76,72,71,94,382,0,382,화랑로13길
2015,3,A,골목상권,1000308,2139,1080,1059,346,300,347,356,367,423,182,152,182,183,183,198,164,148,165,173,184,225,904,122,782,한천로76길
2015,3,A,골목상권,1000307,4460,2255,2205,772,575,636,808,773,896,402,305,344,409,384,411,370,270,292,399,389,485,1896,203,1693,한천로101가길
2015,3,A,골목상권,1000306,1292,625,667,204,231,206,214,183,254,105,115,104,103,88,110,99,116,102,111,95,144,597,18,579,창경궁로43길
2015,3,A,골목상권,1000305,2930,1435,1495,438,479,512,509,462,530,221,234,267,256,226,231,217,245,245,253,236,299,1378,16,1362,지봉로20길
2015,3,A,골목상권,1000304,1959,979,980,391,284,320,350,287,327,206,150,161,179,142,141,185,134,159,171,145,186,791,96,695,종암로5길
2015,3,A,골목상권,1000303,2730,1362,1368,545,395,445,484,402,459,286,209,224,248,198,197,259,186,221,236,204,262,1104,438,666,종암로24가길
2015,3,A,골목상권,1000302,1362,681,681,273,197,222,241,202,227,145,104,112,124,99,97,128,93,110,117,103,130,544,208,336,종암로21길
2015,3,A,골목상권,1000301,1751,875,876,348,254,283,313,259,294,182,134,142,162,128,127,166,120,141,151,131,167,690,162,528,종암로19길
2015,3,A,골목상권,1000300,3816,1907,1909,764,554,617,676,565,640,403,294,311,346,278,275,361,260,306,330,287,365,1495,0,1495,종암로16길
2015,3,A,골목상권,1000299,1759,878,881,268,288,259,272,286,386,139,159,144,133,136,167,129,129,115,139,150,219,811,0,811,정릉로8길
2015,3,A,골목상권,1000298,3179,1574,1605,609,382,519,538,502,629,322,196,261,273,238,284,287,186,258,265,264,345,1303,0,1303,정릉로27길
2015,3,A,골목상권,1000297,450,223,227,86,55,72,77,72,88,45,28,37,39,34,40,41,27,35,38,38,48,189,0,189,정릉로26길
2015,3,A,골목상권,1000296,2407,1227,1180,410,295,337,432,423,510,213,161,177,221,216,239,197,134,160,211,207,271,974,0,974,장위로50길
2015,3,A,골목상권,1000295,2541,1254,1287,446,382,416,421,396,480,229,182,208,222,196,217,217,200,208,199,200,263,1074,278,796,장월로1길
2015,3,A,골목상권,1000294,587,287,300,86,97,101,103,94,106,43,48,52,52,46,46,43,49,49,51,48,60,285,12,273,인촌로6길
2015,3,A,골목상권,1000293,2011,958,1053,274,503,339,298,265,332,142,225,174,150,125,142,132,278,165,148,140,190,1080,40,1040,인촌로5길
2015,3,A,골목상권,1000292,740,379,361,99,196,117,109,100,119,53,104,66,56,50,50,46,92,51,53,50,69,393,0,393,인촌로24길
2015,3,A,골목상권,1000291,1124,567,557,152,296,178,166,150,182,81,153,97,85,72,79,71,143,81,81,78,103,585,21,564,개운사길
2015,3,A,골목상권,1000290,1634,799,835,251,268,283,283,257,292,126,132,147,143,125,126,125,136,136,140,132,166,804,0,804,인촌로1길
2015,3,A,골목상권,1000289,2061,1047,1014,275,541,329,303,280,333,148,280,182,156,138,143,127,261,147,147,142,190,1075,0,1075,인촌로17가길
2015,3,A,골목상권,1000288,3417,1689,1728,599,518,561,568,530,641,308,246,280,302,262,291,291,272,281,266,268,350,1432,171,1261,오패산로4길
2015,3,A,골목상권,1000287,3584,1756,1828,739,414,612,636,552,631,370,207,296,333,269,281,369,207,316,303,283,350,1403,524,879,오패산로3길
2015,3,A,골목상권,1000286,2094,1031,1063,432,237,359,374,323,369,217,119,175,198,157,165,215,118,184,176,166,204,836,0,836,오패산로19길
2015,3,A,골목상권,1000285,2624,1331,1293,349,688,420,387,357,423,188,355,232,199,175,182,161,333,188,188,182,241,1385,152,1233,안암로5길
2015,3,A,골목상권,1000284,3419,1500,1919,485,791,620,512,429,582,238,276,290,252,197,247,247,515,330,260,232,335,1864,52,1812,아리랑로4길
2015,3,A,골목상권,1000283,2135,1067,1068,329,352,311,330,347,466,172,195,174,162,164,200,157,157,137,168,183,266,983,12,971,솔샘로6길
2015,3,A,골목상권,1000282,1334,641,693,214,205,217,228,197,273,110,96,106,112,96,121,104,109,111,116,101,152,578,111,467,성북로8길
2015,3,A,골목상권,1000281,3761,1855,1906,629,505,616,632,628,751,333,257,309,320,302,334,296,248,307,312,326,417,1640,48,1592,삼양로8길
2015,3,A,골목상권,1000280,1146,555,591,196,186,193,202,165,204,102,88,97,102,79,87,94,98,96,100,86,117,545,0,545,삼선교로16가길
2015,3,A,골목상권,1000279,1860,902,958,316,301,314,327,273,329,162,142,158,166,133,141,154,159,156,161,140,188,883,8,875,삼선교로10다길
2015,3,A,골목상권,1000278,1395,676,719,237,226,236,246,203,247,122,106,119,125,98,106,115,120,117,121,105,141,663,0,663,삼선교로10길
2015,3,A,골목상권,1000277,1662,733,929,236,386,301,245,212,282,117,137,140,122,98,119,119,249,161,123,114,163,910,0,910,보문로32길
2015,3,A,골목상권,1000276,1958,952,1006,336,318,330,345,286,343,174,151,167,174,138,148,162,167,163,171,148,195,931,61,870,보문로31길
2015,3,A,골목상권,1000275,1795,912,883,239,473,286,263,245,289,129,245,158,135,120,125,110,228,128,128,125,164,940,22,918,보문로26길
2015,3,A,골목상권,1000274,2791,1374,1417,417,459,484,483,446,502,209,228,253,247,218,219,208,231,231,236,228,283,1334,0,1334,보문로13길
2015,3,A,골목상권,1000273,2960,1451,1509,585,357,499,529,446,544,303,176,244,274,211,243,282,181,255,255,235,301,1181,104,1077,보국문로16길
2015,3,A,골목상권,1000272,262,125,137,46,42,46,46,37,45,23,19,23,23,18,19,23,23,23,23,19,26,123,0,123,동소문로6길
2015,3,A,골목상권,1000271,323,157,166,55,53,54,56,46,59,28,26,27,28,22,26,27,27,27,28,24,33,152,0,152,동소문로2길
2015,3,A,골목상권,1000270,2153,952,1201,308,498,388,324,270,365,152,176,181,161,126,156,156,322,207,163,144,209,1168,36,1132,동소문로26가길
2015,3,A,골목상권,1000269,1139,502,637,162,263,206,171,144,193,80,92,97,85,66,82,82,171,109,86,78,111,620,100,520,동소문로15길
2015,3,A,골목상권,1000268,2026,955,1071,322,343,338,339,291,393,164,147,165,168,138,173,158,196,173,171,153,220,956,405,551,동소문로13길
2015,3,A,골목상권,1000267,1715,861,854,274,240,277,286,296,342,144,122,144,146,146,159,130,118,133,140,150,183,753,0,753,돌곶이로8길
2015,3,A,골목상권,1000266,2034,1012,1022,353,273,292,366,348,402,180,142,159,183,168,180,173,131,133,183,180,222,872,0,872,돌곶이로41길
2015,3,A,골목상권,1000265,2055,1037,1018,342,261,296,365,358,433,175,137,159,189,178,199,167,124,137,176,180,234,846,123,723,돌곶이로28길
2015,3,A,골목상권,1000264,3092,1556,1536,507,405,451,543,537,649,256,211,249,280,263,297,251,194,202,263,274,352,1264,0,1264,돌곶이로27길
2015,3,A,골목상권,1000263,1358,683,675,218,192,222,226,232,268,115,99,114,115,115,125,103,93,108,111,117,143,588,0,588,돌곶이로22길
2015,3,A,골목상권,1000262,1533,772,761,246,217,251,252,265,302,130,111,130,130,131,140,116,106,121,122,134,162,667,0,667,돌곶이로14길
2015,3,A,골목상권,1000261,2013,974,1039,502,209,389,386,253,274,256,101,177,203,117,120,246,108,212,183,136,154,770,0,770,길음로7길
2015,3,A,골목상권,1000260,2799,1410,1389,449,400,475,506,479,490,231,200,254,264,239,222,218,200,221,242,240,268,1225,162,1063,중랑천로10길
2015,3,A,골목상권,1000259,3577,1793,1784,559,529,584,611,637,657,281,274,310,312,315,301,278,255,274,299,322,356,1572,0,1572,용마산로94길
2015,3,A,골목상권,1000258,1727,875,852,275,253,270,284,325,320,140,131,145,145,165,149,135,122,125,139,160,171,737,0,737,용마산로118길
2015,3,A,골목상권,1000257,2819,1422,1397,447,408,440,463,538,523,226,208,234,237,275,242,221,200,206,226,263,281,1192,155,1037,용마산로112길
2015,3,A,골목상권,1000256,3463,1748,1715,582,476,520,625,628,632,288,242,277,323,325,293,294,234,243,302,303,339,1546,0,1546,용마산로100길
2015,3,A,골목상권,1000255,810,400,410,169,119,115,145,140,122,88,61,57,70,70,54,81,58,58,75,70,68,299,79,220,신내로7가길
2015,3,A,골목상권,1000254,3484,1743,1741,540,515,578,572,625,654,280,260,306,288,313,296,260,255,272,284,312,358,1456,11,1445,사가정로54길
2015,3,A,골목상권,1000253,3205,1603,1602,495,472,535,526,577,600,256,239,282,265,290,271,239,233,253,261,287,329,1346,481,865,사가정로42길
2015,3,A,골목상권,1000252,4511,2221,2290,999,605,732,717,735,723,509,309,362,350,362,329,490,296,370,367,373,394,1539,721,818,봉화산로56길
2015,3,A,골목상권,1000251,5170,2672,2498,691,750,791,893,1036,1009,368,387,428,479,545,465,323,363,363,414,491,544,2431,0,2431,봉화산로4길
2015,3,A,골목상권,1000250,3385,1683,1702,634,497,547,557,595,555,331,252,284,273,290,253,303,245,263,284,305,302,1273,12,1261,봉화산로30길
2015,3,A,골목상권,1000249,2843,1441,1402,347,475,538,440,507,536,186,228,288,235,252,252,161,247,250,205,255,284,1433,0,1433,봉우재로33길
2015,3,A,골목상권,1000248,6286,3151,3135,980,956,1062,1108,1065,1115,511,478,567,566,526,503,469,478,495,542,539,612,2876,77,2799,면목로78길
2015,3,A,골목상권,1000247,3371,1691,1680,528,504,562,584,585,608,272,257,298,298,289,277,256,247,264,286,296,331,1538,37,1501,면목로56길
2015,3,A,골목상권,1000246,1853,931,922,293,277,306,320,322,335,150,141,164,164,159,153,143,136,142,156,163,182,840,17,823,면목로55길
2015,3,A,골목상권,1000245,3082,1545,1537,482,454,505,526,549,566,243,236,268,268,271,259,239,218,237,258,278,307,1361,25,1336,면목로49길
2015,3,A,골목상권,1000244,3495,1752,1743,549,515,568,594,624,645,278,267,301,302,308,296,271,248,267,292,316,349,1558,20,1538,면목로48길
2015,3,A,골목상권,1000243,1887,946,941,295,280,309,321,336,346,148,145,164,164,166,159,147,135,145,157,170,187,839,0,839,면목로45길
2015,3,A,골목상권,1000242,3360,1671,1689,545,501,569,570,543,632,285,227,305,304,271,279,260,274,264,266,272,353,1539,20,1519,면목로33길
2015,3,A,골목상권,1000241,2300,1143,1157,378,340,393,394,365,430,199,150,211,212,182,189,179,190,182,182,183,241,1063,50,1013,면목로21길
2015,3,A,골목상권,1000240,2090,1057,1033,332,303,326,343,395,391,169,155,175,175,201,182,163,148,151,168,194,209,866,0,866,망우로73길
2015,3,A,골목상권,1000239,2881,1456,1425,457,423,450,474,543,534,231,215,241,243,276,250,226,208,209,231,267,284,1202,8,1194,망우로68길
2015,3,A,골목상권,1000238,3642,1826,1816,582,523,634,589,623,691,309,255,333,302,302,325,273,268,301,287,321,366,1535,85,1450,동일로163길
2015,3,A,골목상권,1000237,2756,1380,1376,444,393,477,448,470,524,236,191,251,229,229,244,208,202,226,219,241,280,1170,10,1160,동일로157길
2015,3,A,골목상권,1000236,3053,1529,1524,490,438,531,493,520,581,260,214,279,252,252,272,230,224,252,241,268,309,1306,28,1278,동일로149길
2015,3,A,골목상권,1000235,2405,1195,1210,428,351,411,384,419,412,221,175,216,190,201,192,207,176,195,194,218,220,933,0,933,동일로140길
2015,3,A,골목상권,1000234,2644,1370,1274,352,382,402,460,532,516,187,199,219,247,280,238,165,183,183,213,252,278,1267,0,1267,동일로139길
2015,3,A,골목상권,1000233,1595,815,780,235,228,261,268,300,303,125,115,139,142,152,142,110,113,122,126,148,161,731,307,424,동일로139가길
2015,3,A,골목상권,1000232,3990,1983,2007,701,586,683,628,706,686,361,295,360,311,338,318,340,291,323,317,368,368,1557,56,1501,동일로130길
2015,3,A,골목상권,1000231,2707,1404,1303,359,393,413,467,545,530,192,205,225,250,287,245,167,188,188,217,258,285,1282,0,1282,동일로123길
2015,3,A,골목상권,1000230,5285,2678,2607,650,877,1000,824,937,997,349,418,536,440,467,468,301,459,464,384,470,529,2670,185,2485,동일로112길
2015,3,A,골목상권,1000229,3367,1688,1679,579,463,547,630,577,571,292,235,294,326,288,253,287,228,253,304,289,318,1423,154,1269,동일로101길
2015,3,A,골목상권,1000228,5048,2535,2513,867,688,825,943,861,864,438,349,440,492,430,386,429,339,385,451,431,478,2140,141,1999,동일로100길
2015,3,A,골목상권,1000227,2398,1185,1213,390,354,411,411,385,447,202,158,219,219,192,195,188,196,192,192,193,252,1105,78,1027,답십리로75길
2015,3,A,골목상권,1000226,4087,2010,2077,762,584,692,690,664,695,393,284,350,342,318,323,369,300,342,348,346,372,1614,353,1261,공릉로2길
2015,3,A,골목상권,1000225,1321,646,675,246,191,223,223,213,225,126,92,112,111,101,104,120,99,111,112,112,121,525,0,525,공릉로12가길
2015,3,A,골목상권,1000224,5127,2568,2559,800,772,867,902,870,916,416,387,461,460,430,414,384,385,406,442,440,502,2346,85,2261,겸재로54길
2015,3,A,골목상권,1000223,4344,2179,2165,680,655,733,765,738,773,354,328,391,390,364,352,326,327,342,375,374,421,1992,177,1815,겸재로36길
2015,3,A,골목상권,1000222,2525,1271,1254,393,382,428,446,428,448,206,192,229,228,212,204,187,190,199,218,216,244,1152,17,1135,겸재로29길
2015,3,A,골목상권,1000221,4559,2294,2265,669,927,733,714,673,843,346,493,400,366,328,361,323,434,333,348,345,482,2137,12,2125,휘경로3길
2015,3,A,골목상권,1000220,1795,903,892,263,364,286,284,265,333,136,193,156,145,129,144,127,171,130,139,136,189,866,0,866,휘경로2길
2015,3,A,골목상권,1000219,2650,1337,1313,385,536,431,417,393,488,200,282,235,213,194,213,185,254,196,204,199,275,1243,0,1243,휘경로23길
2015,3,A,골목상권,1000218,2787,1398,1389,382,522,466,455,413,549,200,257,248,238,210,245,182,265,218,217,203,304,1422,0,1422,휘경로14길
2015,3,A,골목상권,1000217,2156,1080,1076,414,310,368,372,330,362,211,165,184,192,163,165,203,145,184,180,167,197,870,480,390,한천로46길
2015,3,A,골목상권,1000216,2293,1160,1133,451,280,410,407,359,386,237,147,204,214,179,179,214,133,206,193,180,207,886,0,886,한천로40길
2015,3,A,골목상권,1000215,834,410,424,164,102,130,150,134,154,84,54,64,75,63,70,80,48,66,75,71,84,307,0,307,한천로33길
2015,3,A,골목상권,1000214,3315,1673,1642,566,439,625,541,563,581,288,227,316,288,275,279,278,212,309,253,288,302,1382,74,1308,한천로14길
2015,3,A,골목상권,1000213,2527,1273,1254,433,336,470,417,429,442,221,173,237,221,208,213,212,163,233,196,221,229,1040,519,521,천호대로97길
2015,3,A,골목상권,1000212,1823,917,906,312,243,342,297,308,321,157,124,173,157,151,155,155,119,169,140,157,166,758,60,698,천호대로77길
2015,3,A,골목상권,1000211,3659,1891,1768,495,552,635,561,617,799,263,283,341,306,323,375,232,269,294,255,294,424,1838,0,1838,천호대로45길
2015,3,A,골목상권,1000210,2566,1330,1236,347,390,446,393,432,558,185,203,240,214,226,262,162,187,206,179,206,296,1285,32,1253,천호대로17길
2015,3,A,골목상권,1000209,1259,653,606,171,190,218,195,212,273,90,99,117,107,111,129,81,91,101,88,101,144,710,0,710,천호대로12길
2015,3,A,골목상권,1000208,1444,729,715,213,293,236,224,214,264,109,156,129,115,105,115,104,137,107,109,109,149,724,0,724,천장산로7길
2015,3,A,골목상권,1000207,1815,930,885,255,292,292,267,295,414,132,159,157,148,145,189,123,133,135,119,150,225,814,0,814,제기로5길
2015,3,A,골목상권,1000206,5226,2616,2610,716,678,743,782,961,1346,369,364,397,408,477,601,347,314,346,374,484,745,2330,0,2330,제기로21길
2015,3,A,골목상권,1000205,2750,1362,1388,506,344,435,493,445,527,256,181,218,254,218,235,250,163,217,239,227,292,1092,0,1092,전농로4길
2015,3,A,골목상권,1000204,1917,960,957,331,247,328,335,296,380,172,124,167,176,149,172,159,123,161,159,147,208,785,0,785,전농로3길
2015,3,A,골목상권,1000203,3216,1637,1579,530,444,509,538,547,648,270,236,263,290,283,295,260,208,246,248,264,353,1505,6,1499,전농로29길
2015,3,A,골목상권,1000202,2100,1057,1043,358,278,395,346,355,368,183,143,200,183,172,176,175,135,195,163,183,192,870,208,662,장한로8길
2015,3,A,골목상권,1000201,2075,1049,1026,353,278,389,339,353,363,180,145,196,180,173,175,173,133,193,159,180,188,864,91,773,장한로5길
2015,3,A,골목상권,1000200,1910,967,943,375,232,341,335,301,326,198,123,169,177,149,151,177,109,172,158,152,175,747,0,747,장한로27길
2015,3,A,골목상권,1000199,1850,938,912,361,227,332,323,292,315,191,120,165,171,145,146,170,107,167,152,147,169,720,9,711,장한로27가길
2015,3,A,골목상권,1000198,2103,1063,1040,374,272,387,352,352,366,193,141,195,187,173,174,181,131,192,165,179,192,852,774,78,장한로26길
2015,3,A,골목상권,1000197,1289,652,637,247,157,233,225,207,220,129,82,117,119,102,103,118,75,116,106,105,117,512,256,256,장한로26가길
2015,3,A,골목상권,1000196,904,456,448,155,120,169,148,153,159,78,62,86,78,75,77,77,58,83,70,78,82,375,17,358,장한로25길
2015,3,A,골목상권,1000195,1551,783,768,264,207,288,256,264,272,135,107,145,135,129,132,129,100,143,121,135,140,643,299,344,장한로14길
2015,3,A,골목상권,1000194,4825,2392,2433,931,663,773,847,743,868,481,339,395,428,361,388,450,324,378,419,382,480,1778,0,1778,이문로42길
2015,3,A,골목상권,1000193,3013,1499,1514,409,390,425,453,557,779,210,207,226,236,274,346,199,183,199,217,283,433,1364,122,1242,왕산로43길
2015,3,A,골목상권,1000192,817,419,398,115,130,130,121,134,187,59,71,71,67,67,84,56,59,59,54,67,103,346,0,346,왕산로33길
2015,3,A,골목상권,1000191,1385,716,669,189,210,240,212,232,302,100,109,129,116,121,141,89,101,111,96,111,161,674,10,664,왕산로32길
2015,3,A,골목상권,1000190,2212,1122,1090,305,337,343,329,376,522,155,183,185,179,187,233,150,154,158,150,189,289,1008,26,982,약령시로17길
2015,3,A,골목상권,1000189,2895,1462,1433,486,391,475,490,475,578,248,203,245,261,243,262,238,188,230,229,232,316,1286,0,1286,서울시립대로4길
2015,3,A,골목상권,1000188,5474,2752,2722,961,839,872,912,874,1016,476,451,448,476,439,462,485,388,424,436,435,554,2469,192,2277,서울시립대로29길
2015,3,A,골목상권,1000187,2757,1397,1360,455,382,437,461,468,554,230,202,226,247,241,251,225,180,211,214,227,303,1288,18,1270,서울시립대로16길
2015,3,A,골목상권,1000186,2150,1075,1075,368,278,369,374,332,429,191,140,187,197,168,192,177,138,182,177,164,237,875,0,875,사가정로2길
2015,3,A,골목상권,1000185,2510,1273,1237,489,307,449,440,397,428,260,162,224,230,197,200,229,145,225,210,200,228,988,252,736,사가정로23가길
2015,3,A,골목상권,1000184,2729,1330,1399,546,342,411,490,437,503,278,178,201,242,205,226,268,164,210,248,232,277,919,148,771,사가정로13길
2015,3,A,골목상권,1000183,2131,1101,1030,290,319,369,331,357,465,154,164,198,180,187,218,136,155,171,151,170,247,1112,28,1084,무학로45길
2015,3,A,골목상권,1000182,1615,837,778,220,244,281,250,271,349,117,125,152,137,142,164,103,119,129,113,129,185,824,0,824,무학로16길
2015,3,A,골목상권,1000181,301,152,149,41,57,50,49,44,60,22,28,27,26,22,27,19,29,23,23,22,33,154,0,154,망우로21길
2015,3,A,골목상권,1000180,2102,1042,1060,396,369,337,344,308,348,193,199,170,172,151,157,203,170,167,172,157,191,890,0,890,망우로18길
2015,3,A,골목상권,1000179,3966,1967,1999,750,694,633,657,579,653,365,376,321,328,282,295,385,318,312,329,297,358,1689,0,1689,망우로18가길
2015,3,A,골목상권,1000178,1435,727,708,270,179,261,246,233,246,141,93,130,131,116,116,129,86,131,115,117,130,570,19,551,답십리로72길
2015,3,A,골목상권,1000177,1577,800,777,309,189,285,276,249,269,163,100,142,146,124,125,146,89,143,130,125,144,619,245,374,답십리로69길
2015,3,A,골목상권,1000176,2640,1330,1310,451,351,494,433,446,465,229,180,250,230,217,224,222,171,244,203,229,241,1096,166,930,답십리로68길
2015,3,A,골목상권,1000175,4491,2266,2225,768,593,839,739,763,789,392,306,424,393,372,379,376,287,415,346,391,410,1877,30,1847,답십리로64길
2015,3,A,골목상권,1000174,2343,1185,1158,458,285,418,412,372,398,240,150,207,218,185,185,218,135,211,194,187,213,903,18,885,답십리로63길
2015,3,A,골목상권,1000173,2276,1128,1148,423,282,356,411,369,435,213,149,178,211,181,196,210,133,178,200,188,239,908,228,680,답십리로60길
2015,3,A,골목상권,1000172,4415,2187,2228,817,548,694,798,716,842,412,291,347,411,349,377,405,257,347,387,367,465,1735,454,1281,답십리로56길
2015,3,A,골목상권,1000171,3357,1709,1648,553,463,531,563,572,675,281,247,275,302,297,307,272,216,256,261,275,368,1570,0,1570,답십리로23길
2015,3,A,골목상권,1000170,250,131,119,33,38,44,39,42,54,18,20,23,22,22,26,15,18,21,17,20,28,124,0,124,난계로30길
2015,3,A,골목상권,1000169,1798,867,931,266,448,341,232,219,292,132,214,177,119,100,125,134,234,164,113,119,167,970,0,970,경희대로4길
2015,3,A,골목상권,1000168,938,451,487,140,233,177,122,115,151,69,112,91,61,54,64,71,121,86,61,61,87,503,0,503,경희대로3길
2015,3,A,골목상권,1000167,2819,1389,1430,525,388,483,495,454,474,268,196,247,246,217,215,257,192,236,249,237,259,1136,71,1065,천호대로129길
2015,3,A,골목상권,1000166,3124,1526,1598,530,504,575,521,508,486,273,243,287,255,245,223,257,261,288,266,263,263,1410,82,1328,천호대로123길
2015,3,A,골목상권,1000165,3962,1931,2031,673,639,727,659,645,619,347,307,361,320,313,283,326,332,366,339,332,336,1759,18,1741,천호대로109길
2015,3,A,골목상권,1000164,4198,2040,2158,863,620,717,714,703,581,434,309,336,350,339,272,429,311,381,364,364,309,1504,208,1296,자양번영로3길
2015,3,A,골목상권,1000163,2969,1471,1498,537,429,498,522,487,496,281,219,253,256,237,225,256,210,245,266,250,271,1167,51,1116,자양로53길
2015,3,A,골목상권,1000162,4916,2414,2502,924,665,849,859,789,830,465,335,434,428,374,378,459,330,415,431,415,452,1993,25,1968,자양로50길
2015,3,A,골목상권,1000161,2428,1200,1228,438,351,407,428,397,407,229,179,206,209,193,184,209,172,201,219,204,223,956,19,937,자양로45길
2015,3,A,골목상권,1000160,2887,1397,1490,423,516,605,473,427,443,215,246,306,233,200,197,208,270,299,240,227,246,1358,72,1286,자양로26길
2015,3,A,골목상권,1000159,2132,1058,1074,335,354,401,351,343,348,175,175,207,176,168,157,160,179,194,175,175,191,1029,0,1029,자양로15길
2015,3,A,골목상권,1000158,4389,2175,2214,686,730,831,725,706,711,357,361,429,363,345,320,329,369,402,362,361,391,2076,26,2050,자양로11길
2015,3,A,골목상권,1000157,3401,1656,1745,575,545,626,567,553,535,296,262,311,276,265,246,279,283,315,291,288,289,1507,56,1451,용마산로3길
2015,3,A,골목상권,1000156,5279,2594,2685,890,835,964,890,870,830,461,406,485,436,425,381,429,429,479,454,445,449,2351,67,2284,용마산로21길
2015,3,A,골목상권,1000155,2383,1162,1221,666,277,306,548,324,262,342,138,133,262,167,120,324,139,173,286,157,142,784,401,383,아차산로78길
2015,3,A,골목상권,1000154,3304,1602,1702,637,520,572,559,541,475,322,255,283,264,257,221,315,265,289,295,284,254,1287,74,1213,아차산로65길
2015,3,A,골목상권,1000153,3490,1694,1796,511,627,730,570,515,537,260,300,371,281,243,239,251,327,359,289,272,298,1640,0,1640,아차산로55길
2015,3,A,골목상권,1000152,1907,920,987,279,341,399,313,284,291,141,163,203,152,133,128,138,178,196,161,151,163,896,7,889,아차산로51길
2015,3,A,골목상권,1000151,3013,1496,1517,472,499,570,497,484,491,248,248,293,249,236,222,224,251,277,248,248,269,1440,45,1395,아차산로40길
2015,3,A,골목상권,1000150,4473,2256,2217,733,660,765,797,779,739,390,338,405,401,384,338,343,322,360,396,395,401,1953,0,1953,면목로17길
2015,3,A,골목상권,1000149,3569,1772,1797,666,503,654,608,594,544,352,253,328,300,286,253,314,250,326,308,308,291,1485,0,1485,뚝섬로64길
2015,3,A,골목상권,1000148,3469,1727,1742,650,486,635,592,578,528,345,244,319,293,279,247,305,242,316,299,299,281,1428,286,1142,뚝섬로58길
2015,3,A,골목상권,1000147,4093,2032,2061,765,579,748,692,680,629,404,290,375,341,329,293,361,289,373,351,351,336,1696,56,1640,뚝섬로54길
2015,3,A,골목상권,1000146,4420,2196,2224,829,622,812,753,731,673,437,311,408,374,353,313,392,311,404,379,378,360,1847,10,1837,뚝섬로48길
2015,3,A,골목상권,1000145,2624,1336,1288,338,421,440,445,480,500,174,212,235,239,247,229,164,209,205,206,233,271,1375,0,1375,뚝섬로24길
2015,3,A,골목상권,1000144,3466,1719,1747,592,531,588,589,606,560,300,265,293,301,302,258,292,266,295,288,304,302,1454,0,1454,뚝섬로23길
2015,3,A,골목상권,1000143,2152,1057,1095,202,708,447,263,245,287,101,321,236,148,121,130,101,387,211,115,124,157,1301,161,1140,동일로24길
2015,3,A,골목상권,1000142,3538,1798,1740,450,570,595,599,650,674,233,286,317,321,333,308,217,284,278,278,317,366,1784,6,1778,동일로18길
2015,3,A,골목상권,1000141,2548,1255,1293,478,383,432,432,438,385,242,190,210,218,217,178,236,193,222,214,221,207,1007,720,287,능동로4길
2015,3,A,골목상권,1000140,3527,1788,1739,482,560,594,598,645,648,248,281,314,320,329,296,234,279,280,278,316,352,1753,345,1408,능동로3길
2015,3,A,골목상권,1000139,4857,2284,2573,648,952,1185,678,642,752,337,407,594,325,284,337,311,545,591,353,358,415,2534,25,2509,능동로34길
2015,3,A,골목상권,1000138,1997,977,1020,186,659,413,242,228,269,93,298,218,136,111,121,93,361,195,106,117,148,1262,147,1115,능동로19길
2015,3,A,골목상권,1000137,2935,1438,1497,270,968,609,361,335,392,135,438,319,202,165,179,135,530,290,159,170,213,1784,10,1774,능동로13길
2015,3,A,골목상권,1000136,2454,1235,1219,395,367,428,432,426,406,208,188,225,217,210,187,187,179,203,215,216,219,1090,0,1090,긴고랑로9길
2015,3,A,골목상권,1000135,4601,2286,2315,657,748,898,755,770,773,338,367,471,379,375,356,319,381,427,376,395,417,2068,19,2049,긴고랑로8길
2015,3,A,골목상권,1000134,4747,2377,2370,731,734,865,816,812,789,383,366,457,410,399,362,348,368,408,406,413,427,2093,62,2031,긴고랑로7길
2015,3,A,골목상권,1000133,4289,2090,2199,726,692,789,713,696,673,376,333,391,346,336,308,350,359,398,367,360,365,1920,48,1872,긴고랑로20길
2015,3,A,골목상권,1000132,6391,3104,3287,1233,1004,1105,1081,1050,918,627,491,548,509,500,429,606,513,557,572,550,489,2475,51,2424,광나루로52길
2015,3,A,골목상권,1000131,4226,2052,2174,618,755,887,694,625,647,314,360,451,342,296,289,304,395,436,352,329,358,1980,69,1911,광나루로40길
2015,3,A,골목상권,1000130,827,407,420,156,110,142,144,133,142,78,56,73,71,64,65,78,54,69,73,69,77,334,0,334,광나루로37길
2015,3,A,골목상권,1000129,2381,1151,1230,349,427,500,388,353,364,176,204,253,190,167,161,173,223,247,198,186,203,1111,30,1081,광나루로36길
2015,3,A,골목상권,1000128,1300,636,664,116,430,270,161,149,174,58,195,142,90,73,78,58,235,128,71,76,96,783,0,783,광나루로24길
2015,3,A,골목상권,1000127,1991,977,1014,190,656,413,243,225,264,95,297,219,136,111,119,95,359,194,107,114,145,1242,82,1160,광나루로12길
2015,3,A,골목상권,1000126,2331,1117,1214,412,316,480,373,358,392,210,148,231,184,168,176,202,168,249,189,190,216,938,732,206,한림말길
2015,3,A,골목상권,1000125,1248,599,649,219,171,258,200,192,208,112,81,124,98,90,94,107,90,134,102,102,114,511,65,446,한림말3길
2015,3,A,골목상권,1000124,4056,2017,2039,721,665,627,681,650,712,375,324,318,345,327,328,346,341,309,336,323,384,1611,0,1611,청계천로10나길
2015,3,A,골목상권,1000123,2889,1395,1494,513,354,591,489,438,504,262,177,287,248,204,217,251,177,304,241,234,287,1228,0,1228,장터길
2015,3,A,골목상권,1000122,3418,1816,1602,502,490,546,648,600,632,261,249,310,364,337,295,241,241,236,284,263,337,1630,0,1630,용답중앙길
2015,3,A,골목상권,1000121,3531,1877,1654,517,506,566,669,619,654,269,258,319,377,347,307,248,248,247,292,272,347,1688,157,1531,용답29길
2015,3,A,골목상권,1000120,2659,1349,1310,451,418,503,455,430,402,229,214,262,237,219,188,222,204,241,218,211,214,1160,168,992,왕십리로6길
2015,3,A,골목상권,1000119,2731,1358,1373,474,391,455,490,436,485,244,195,234,252,221,212,230,196,221,238,215,273,1202,55,1147,왕십리로31길
2015,3,A,골목상권,1000118,2911,1436,1475,450,469,497,484,466,545,235,226,254,243,237,241,215,243,243,241,229,304,1274,264,1010,왕십리로26길
2015,3,A,골목상권,1000117,5314,2559,2755,1076,661,955,973,782,867,521,326,457,492,381,382,555,335,498,481,401,485,2120,0,2120,왕십리로21길
2015,3,A,골목상권,1000116,2130,1079,1051,342,344,422,349,344,329,173,175,218,186,172,155,169,169,204,163,172,174,959,183,776,왕십리로14길
2015,3,A,골목상권,1000115,2145,1111,1034,310,335,401,335,378,386,161,166,208,186,204,186,149,169,193,149,174,200,986,237,749,아차산로5길
2015,3,A,골목상권,1000114,791,407,384,115,123,148,123,140,142,59,61,76,68,75,68,56,62,72,55,65,74,354,0,354,아차산로15길
2015,3,A,골목상권,1000113,642,330,312,91,99,125,96,115,116,48,49,64,53,63,53,43,50,61,43,52,63,292,49,243,아차산로11길
2015,3,A,골목상권,1000112,3167,1672,1495,485,445,535,583,590,529,251,237,294,327,315,248,234,208,241,256,275,281,1463,0,1463,송정4가길
2015,3,A,골목상권,1000111,1462,773,689,224,206,247,268,270,247,116,109,135,151,146,116,108,97,112,117,124,131,670,0,670,송정12라길
2015,3,A,골목상권,1000110,893,461,432,127,138,169,139,158,162,65,69,87,77,85,78,62,69,82,62,73,84,405,0,405,성수일로6길
2015,3,A,골목상권,1000109,2121,1106,1015,323,319,365,360,389,365,170,167,193,197,207,172,153,152,172,163,182,193,947,24,923,성수이로7길
2015,3,A,골목상권,1000108,629,328,301,93,96,113,102,117,108,49,50,60,56,64,49,44,46,53,46,53,59,281,0,281,성수이로18길
2015,3,A,골목상권,1000107,4567,2319,2248,854,686,771,847,750,659,438,354,402,429,395,301,416,332,369,418,355,358,1778,0,1778,성덕정길
2015,3,A,골목상권,1000106,4739,2478,2261,735,706,776,840,883,799,385,378,413,456,473,373,350,328,363,384,410,426,2081,0,2081,성덕정17길
2015,3,A,골목상권,1000105,2998,1520,1478,483,483,597,490,483,462,243,247,308,263,242,217,240,236,289,227,241,245,1345,54,1291,서울숲2길
2015,3,A,골목상권,1000104,901,460,441,144,145,180,149,143,140,74,75,93,80,72,66,70,70,87,69,71,74,404,99,305,상원길
2015,3,A,골목상권,1000103,2806,1421,1385,451,452,557,462,451,433,229,230,287,245,227,203,222,222,270,217,224,230,1241,423,818,상원12길
2015,3,A,골목상권,1000102,3377,1789,1588,424,1082,493,417,395,566,202,640,288,215,193,251,222,442,205,202,202,315,1981,0,1981,사근동길
2015,3,A,골목상권,1000101,2077,1016,1061,383,295,348,375,325,351,193,143,174,189,162,155,190,152,174,186,163,196,871,157,714,무학봉길
2015,3,A,골목상권,1000100,1345,665,680,238,201,220,240,214,232,123,97,112,122,108,103,115,104,108,118,106,129,569,83,486,무학봉28길
2015,3,A,골목상권,1000099,1624,799,825,255,261,277,268,260,303,131,126,142,135,131,134,124,135,135,133,129,169,710,18,692,무학로6길
2015,3,A,골목상권,1000098,1461,706,755,255,181,294,247,215,269,131,90,144,124,100,117,124,91,150,123,115,152,598,96,502,무수막길
2015,3,A,골목상권,1000097,1092,528,564,197,132,230,182,169,182,101,65,112,92,79,79,96,67,118,90,90,103,461,217,244,매봉길
2015,3,A,골목상권,1000096,638,337,301,81,204,93,79,75,106,39,121,54,40,36,47,42,83,39,39,39,59,361,38,323,마조로1길
2015,3,A,골목상권,1000095,2377,1183,1194,421,391,365,400,381,419,219,191,186,202,192,193,202,200,179,198,189,226,951,277,674,마조로16길
2015,3,A,골목상권,1000094,868,434,434,153,144,133,145,140,153,79,71,68,74,71,71,74,73,65,71,69,82,366,110,256,마장로39길
2015,3,A,골목상권,1000093,2124,1057,1067,376,349,331,354,341,373,196,171,169,179,171,171,180,178,162,175,170,202,856,11,845,마장로27길
2015,3,A,골목상권,1000092,968,493,475,173,147,161,177,165,145,89,76,84,91,87,66,84,71,77,86,78,79,399,127,272,뚝섬로5길
2015,3,A,골목상권,1000091,3552,1828,1724,611,534,591,642,622,552,316,281,311,335,331,254,295,253,280,307,291,298,1472,0,1472,둘레9길
2015,3,A,골목상권,1000090,3342,1614,1728,583,414,670,565,494,616,299,206,327,285,231,266,284,208,343,280,263,350,1359,102,1257,금호산길
2015,3,A,골목상권,1000089,2761,1335,1426,484,343,552,466,405,511,248,171,269,236,189,222,236,172,283,230,216,289,1123,0,1123,금호산2길
2015,3,A,골목상권,1000088,3019,1487,1532,492,462,507,502,500,556,246,234,259,248,251,249,246,228,248,254,249,307,1326,0,1326,고산자로6길
2015,3,A,골목상권,1000087,3808,1885,1923,674,499,647,663,598,727,357,263,335,334,289,307,317,236,312,329,309,420,1681,63,1618,후암로28길
2015,3,A,골목상권,1000086,2927,1424,1503,551,363,542,506,424,541,279,181,264,259,204,237,272,182,278,247,220,304,1148,77,1071,효창원로39길
2015,3,A,골목상권,1000085,1862,862,1000,252,239,358,299,285,429,128,115,172,147,125,175,124,124,186,152,160,254,957,101,856,회나무로13길
2015,3,A,골목상권,1000084,862,413,449,112,119,178,144,137,172,57,58,89,71,64,74,55,61,89,73,73,98,446,388,58,한남대로20길
2015,3,A,골목상권,1000083,114,71,43,10,13,17,22,25,27,6,7,10,15,17,16,4,6,7,7,8,11,78,0,78,한강대로88길
2015,3,A,골목상권,1000082,867,433,434,109,120,151,136,150,201,57,60,76,73,75,92,52,60,75,63,75,109,403,0,403,한강대로7길
2015,3,A,골목상권,1000081,1074,537,537,132,148,189,167,188,250,70,74,95,89,94,115,62,74,94,78,94,135,536,36,500,한강대로62길
2015,3,A,골목상권,1000080,675,338,337,82,95,120,105,119,154,44,48,60,56,59,71,38,47,60,49,60,83,342,0,342,한강대로52길
2015,3,A,골목상권,1000079,1196,600,596,147,168,211,186,208,276,78,84,107,99,104,128,69,84,104,87,104,148,593,358,235,한강대로43길
2015,3,A,골목상권,1000078,710,355,355,87,100,126,109,124,164,46,50,64,58,62,75,41,50,62,51,62,89,338,0,338,한강대로15길
2015,3,A,골목상권,1000077,1678,988,690,179,200,258,308,351,382,99,102,149,200,226,212,80,98,109,108,125,170,1011,75,936,한강대로104길
2015,3,A,골목상권,1000076,3238,1562,1676,481,585,576,554,461,581,254,258,295,284,225,246,227,327,281,270,236,335,1636,0,1636,청파로73길
2015,3,A,골목상권,1000075,3782,1825,1957,562,685,676,646,532,681,298,304,346,331,258,288,264,381,330,315,274,393,1886,10,1876,청파로71길
2015,3,A,골목상권,1000074,3107,1499,1608,462,560,555,533,440,557,243,248,286,273,215,234,219,312,269,260,225,323,1553,23,1530,청파로47나길
2015,3,A,골목상권,1000073,2434,1175,1259,362,440,433,416,344,439,191,196,222,213,168,185,171,244,211,203,176,254,1219,0,1219,청파로47길
2015,3,A,골목상권,1000072,2923,1424,1499,402,411,500,529,496,585,217,220,260,260,227,240,185,191,240,269,269,345,1424,0,1424,장문로45길
2015,3,A,골목상권,1000071,1854,888,966,243,257,382,308,293,371,124,127,189,153,136,159,119,130,193,155,157,212,959,15,944,이태원로54길
2015,3,A,골목상권,1000070,1282,599,683,151,182,228,199,218,304,75,94,116,96,101,117,76,88,112,103,117,187,716,15,701,이태원로27길
2015,3,A,골목상권,1000069,3190,1534,1656,518,363,560,516,517,716,271,190,274,269,231,299,247,173,286,247,286,417,1375,184,1191,이촌로22길
2015,3,A,골목상권,1000068,1108,542,566,177,170,236,177,163,185,91,77,117,94,80,83,86,93,119,83,83,102,534,0,534,원효로89길
2015,3,A,골목상권,1000067,2518,1227,1291,456,331,490,424,366,451,233,161,239,221,175,198,223,170,251,203,191,253,1047,0,1047,원효로53길
2015,3,A,골목상권,1000066,2087,988,1099,414,253,341,383,320,376,190,123,168,188,160,159,224,130,173,195,160,217,774,0,774,원효로41길
2015,3,A,골목상권,1000065,2502,1179,1323,498,302,411,460,381,450,227,145,202,225,190,190,271,157,209,235,191,260,951,138,813,원효로19길
2015,3,A,골목상권,1000064,3185,1554,1631,437,447,546,575,541,639,235,240,284,284,249,262,202,207,262,291,292,377,1508,0,1508,우사단로4길
2015,3,A,골목상권,1000063,1298,613,685,164,180,260,215,208,271,82,88,129,106,96,112,82,92,131,109,112,159,684,59,625,우사단로14길
2015,3,A,골목상권,1000062,3120,1505,1615,420,435,589,541,512,623,221,223,299,266,236,260,199,212,290,275,276,363,1551,0,1551,우사단로10길
2015,3,A,골목상권,1000061,3045,1493,1552,495,404,531,507,492,616,262,209,275,249,234,264,233,195,256,258,258,352,1371,0,1371,신흥로20길
2015,3,A,골목상권,1000060,2571,1252,1319,383,342,463,408,426,549,204,173,242,197,201,235,179,169,221,211,225,314,1196,0,1196,소월로20길
2015,3,A,골목상권,1000059,3536,1701,1835,748,437,464,723,532,632,375,214,218,353,279,262,373,223,246,370,253,370,1429,0,1429,서빙고로71길
2015,3,A,골목상권,1000058,1197,588,609,196,177,265,188,175,196,100,81,132,101,86,88,96,96,133,87,89,108,563,502,61,백범로90길
2015,3,A,골목상권,1000057,4348,2124,2224,779,610,815,744,635,765,410,293,403,376,305,337,369,317,412,368,330,428,1808,115,1693,백범로79길
2015,3,A,골목상권,1000056,2634,1449,1185,362,326,422,473,493,558,195,168,234,280,289,283,167,158,188,193,204,275,1396,0,1396,두텁바위로1길
2015,3,A,골목상권,1000055,1240,593,647,159,173,256,207,197,248,81,85,127,103,92,105,78,88,129,104,105,143,641,35,606,대사관로34길
2015,3,A,골목상권,1000054,1122,518,604,151,144,215,182,172,258,76,69,102,90,75,106,75,75,113,92,97,152,577,9,568,녹사평대로46길
2015,3,A,골목상권,1000053,1019,471,548,126,137,189,165,164,238,62,69,93,80,73,94,64,68,96,85,91,144,543,0,543,녹사평대로40나길
2015,3,A,골목상권,1000052,683,319,364,78,97,118,107,119,164,39,51,59,51,55,64,39,46,59,56,64,100,381,40,341,녹사평대로32길
2015,3,A,골목상권,1000051,1360,636,724,158,194,237,214,233,324,79,101,119,104,109,124,79,93,118,110,124,200,758,0,758,녹사평대로26길
2015,3,A,골목상권,1000050,819,394,425,174,101,107,166,124,147,87,50,50,81,65,61,87,51,57,85,59,86,329,0,329,녹사평대로11길
2015,3,A,골목상권,1000049,3277,1656,1621,536,417,573,590,536,625,275,221,302,320,275,263,261,196,271,270,261,362,1553,10,1543,퇴계로90길
2015,3,A,골목상권,1000048,1078,581,497,100,113,132,169,252,312,46,53,68,100,154,160,54,60,64,69,98,152,679,60,619,퇴계로8길
2015,3,A,골목상권,1000047,1250,655,595,149,236,194,185,204,282,74,130,105,103,109,134,75,106,89,82,95,148,646,0,646,퇴계로56길
2015,3,A,골목상권,1000046,515,269,246,67,102,86,74,79,107,34,57,48,40,40,50,33,45,38,34,39,57,270,0,270,퇴계로46길
2015,3,A,골목상권,1000045,1441,628,813,124,161,209,259,293,395,57,79,91,124,126,151,67,82,118,135,167,244,670,0,670,퇴계로18길
2015,3,A,골목상권,1000044,694,377,317,64,72,84,109,164,201,30,34,44,65,100,104,34,38,40,44,64,97,439,140,299,퇴계로12길
2015,3,A,골목상권,1000043,3631,1754,1877,601,522,606,613,586,703,313,256,304,305,288,288,288,266,302,308,298,415,1468,0,1468,청구로1길
2015,3,A,골목상권,1000042,1690,834,856,255,257,295,288,270,325,134,134,152,145,127,142,121,123,143,143,143,183,780,32,748,청구로17길
2015,3,A,골목상권,1000041,1334,690,644,166,239,214,209,219,287,85,130,114,113,114,134,81,109,100,96,105,153,704,0,704,장충단로8길
2015,3,A,골목상권,1000040,28,12,16,2,4,4,5,5,8,1,2,2,2,2,3,1,2,2,3,3,5,13,0,13,삼일대로4길
2015,3,A,골목상권,1000039,125,55,70,11,14,17,23,25,35,5,7,7,11,11,14,6,7,10,12,14,21,59,0,59,명동길
2015,3,A,골목상권,1000038,1327,638,689,209,171,235,210,217,285,106,84,117,106,103,122,103,87,118,104,114,163,681,19,662,동호로8길
2015,3,A,골목상권,1000037,2078,1033,1045,306,364,361,337,313,397,157,194,187,171,150,174,149,170,174,166,163,223,991,34,957,동호로20길
2015,3,A,골목상권,1000036,2288,1122,1166,348,347,398,390,364,441,182,179,203,196,170,192,166,168,195,194,194,249,1065,0,1065,동호로15길
2015,3,A,골목상권,1000035,3273,1604,1669,498,497,570,557,519,632,259,257,292,280,242,274,239,240,278,277,277,358,1486,134,1352,동호로11길
2015,3,A,골목상권,1000034,4114,1988,2126,689,592,682,691,667,793,358,290,341,345,327,327,331,302,341,346,340,466,1705,185,1520,동호로10길
2015,3,A,골목상권,1000033,1444,743,701,183,209,212,273,262,305,94,107,113,151,140,138,89,102,99,122,122,167,797,0,797,다산로39길
2015,3,A,골목상권,1000032,1999,963,1036,370,279,314,363,331,342,186,141,145,180,163,148,184,138,169,183,168,194,752,214,538,다산로38길
2015,3,A,골목상권,1000031,2299,1115,1184,426,322,362,413,379,397,217,163,168,206,187,174,209,159,194,207,192,223,873,0,873,다산로36길
2015,3,A,골목상권,1000030,4072,2101,1971,520,588,598,770,739,857,264,302,319,429,398,389,256,286,279,341,341,468,2240,14,2226,다산로33길
2015,3,A,골목상권,1000029,972,490,482,131,150,194,158,153,186,68,74,99,84,79,86,63,76,95,74,74,100,460,35,425,난계로21길
2015,3,A,골목상권,1000028,2293,1152,1141,312,355,456,366,362,442,161,173,234,195,188,201,151,182,222,171,174,241,1100,316,784,난계로11길
2015,3,A,골목상권,1000027,831,390,441,135,109,131,141,131,184,69,51,62,66,62,80,66,58,69,75,69,104,401,13,388,필운대로1길
2015,3,A,골목상권,1000026,2175,1030,1145,405,302,275,386,373,434,213,158,123,171,174,191,192,144,152,215,199,243,844,19,825,평창길
2015,3,A,골목상권,1000025,1596,763,833,303,188,223,297,260,325,143,90,113,150,128,139,160,98,110,147,132,186,701,0,701,통일로12길
2015,3,A,골목상권,1000024,2629,1335,1294,391,381,337,515,481,524,199,199,195,261,248,233,192,182,142,254,233,291,1179,79,1100,창신길
2015,3,A,골목상권,1000023,1201,627,574,163,156,153,224,236,269,84,83,87,116,128,129,79,73,66,108,108,140,621,0,621,창신5길
2015,3,A,골목상권,1000022,1112,564,548,165,161,143,218,204,221,84,84,81,111,105,99,81,77,62,107,99,122,502,9,493,창신2길
2015,3,A,골목상권,1000021,721,356,365,111,166,113,111,90,130,57,88,59,54,44,54,54,78,54,57,46,76,365,0,365,창경궁로35길
2015,3,A,골목상권,1000020,2992,1508,1484,473,412,479,539,515,574,251,213,249,283,253,259,222,199,230,256,262,315,1337,0,1337,지봉로8길
2015,3,A,골목상권,1000019,2806,1436,1370,347,453,475,469,476,586,183,221,249,251,252,280,164,232,226,218,224,306,1486,110,1376,종로65길
2015,3,A,골목상권,1000018,660,340,320,76,110,114,108,111,141,40,53,60,58,61,68,36,57,54,50,50,73,369,43,326,종로58가길
2015,3,A,골목상권,1000017,225,129,96,22,26,27,34,49,67,9,14,16,23,31,36,13,12,11,11,18,31,159,0,159,종로24길
2015,3,A,골목상권,1000016,926,439,487,174,117,145,165,138,187,91,57,66,77,67,81,83,60,79,88,71,106,408,0,408,자하문로7길
2015,3,A,골목상권,1000015,1555,743,812,218,309,286,244,216,282,110,139,148,116,107,123,108,170,138,128,109,159,813,0,813,이화장길
2015,3,A,골목상권,1000014,439,238,201,53,65,56,79,80,106,28,35,35,44,45,51,25,30,21,35,35,55,242,68,174,율곡로16길
2015,3,A,골목상권,1000013,540,311,229,51,62,66,83,116,162,22,34,38,55,75,87,29,28,28,28,41,75,384,0,384,율곡로10길
2015,3,A,골목상권,1000012,2824,1349,1475,591,350,426,528,395,534,320,178,189,243,195,224,271,172,237,285,200,310,1115,8,1107,옥인길
2015,3,A,골목상권,1000011,1078,556,522,122,183,185,175,184,229,65,88,97,95,100,111,57,95,88,80,84,118,602,0,602,숭인동길
2015,3,A,골목상권,1000010,1182,583,599,181,271,184,182,153,211,93,144,95,88,75,88,88,127,89,94,78,123,598,0,598,성균관로5길
2015,3,A,골목상권,1000009,839,402,437,122,96,124,127,144,226,64,48,62,62,68,98,58,48,62,65,76,128,494,0,494,삼청로5길
2015,3,A,골목상권,1000008,753,361,392,108,86,112,115,129,203,57,43,56,56,61,88,51,43,56,59,68,115,445,0,445,북촌로5나길
2015,3,A,골목상권,1000007,456,219,237,66,52,68,70,78,122,35,26,34,34,37,53,31,26,34,36,41,69,267,0,267,북촌로5길
2015,3,A,골목상권,1000006,565,263,302,94,67,87,103,84,130,47,31,42,51,37,55,47,36,45,52,47,75,259,0,259,북촌로11길
2015,3,A,골목상권,1000005,1975,971,1004,369,274,249,359,323,401,202,144,123,164,153,185,167,130,126,195,170,216,803,27,776,백석동길
2015,3,A,골목상권,1000004,1377,679,698,210,318,214,211,179,245,109,169,111,101,88,101,101,149,103,110,91,144,705,25,680,명륜길
2015,3,A,골목상권,1000003,1321,754,567,127,152,162,203,287,390,52,82,93,134,183,210,75,70,69,69,104,180,918,408,510,돈화문로11가길
2015,3,A,골목상권,1000002,1082,559,523,124,181,186,176,185,230,66,87,98,95,101,112,58,94,88,81,84,118,601,270,331,난계로27길
2015,3,A,골목상권,1000001,2122,992,1130,346,253,325,393,313,492,174,116,157,196,139,210,172,137,168,197,174,282,957,0,957,계동길
2015,2,U,관광특구,1001495,16376,7933,8443,3244,2377,2947,2773,2563,2472,1686,1147,1395,1328,1194,1183,1558,1230,1552,1445,1369,1289,6340,2043,4297,잠실 관광특구
2015,2,U,관광특구,1001494,3814,2057,1757,450,463,477,663,788,973,230,250,270,363,450,494,220,213,207,300,338,479,2195,131,2064,종로?청계 관광특구
2015,2,U,관광특구,1001493,1851,977,874,199,254,262,317,364,455,100,129,143,183,201,221,99,125,119,134,163,234,1042,158,884,동대문패션타운 관광특구
2015,2,U,관광특구,1001492,1318,682,636,131,144,194,219,284,346,60,72,101,122,161,166,71,72,93,97,123,180,750,0,750,명동 남대문 북창동 다동 무교동 관광특구
2015,2,U,관광특구,1001491,8420,3954,4466,1007,1179,1550,1352,1410,1922,503,601,777,657,654,762,504,578,773,695,756,1160,4590,152,4438,이태원 관광특구
2015,2,R,전통시장,1001490,2908,1439,1469,503,440,549,456,500,460,266,218,283,222,232,218,237,222,266,234,268,242,1154,416,738,길동복조리시장
2015,2,R,전통시장,1001489,381,190,191,66,58,73,62,64,58,37,29,37,31,29,27,29,29,36,31,35,31,157,87,70,둔촌역전통시장
2015,2,R,전통시장,1001488,1233,613,620,174,193,244,187,214,221,89,96,130,96,101,101,85,97,114,91,113,120,577,60,517,성내골목시장
2015,2,R,전통시장,1001487,69,35,34,10,10,13,11,12,13,5,5,7,6,6,6,5,5,6,5,6,7,30,0,30,천호시장
2015,2,R,전통시장,1001486,257,131,126,38,36,48,42,46,47,20,18,25,23,23,22,18,18,23,19,23,25,110,0,110,동서울시장
2015,2,R,전통시장,1001485,401,202,199,62,58,71,63,73,74,32,29,38,33,36,34,30,29,33,30,37,40,177,0,177,고분다리골목시장
2015,2,R,전통시장,1001484,1002,494,508,241,123,167,177,161,133,121,65,78,88,76,66,120,58,89,89,85,67,321,25,296,양지골목시장
2015,2,R,전통시장,1001483,842,420,422,153,115,151,144,141,138,79,59,79,72,69,62,74,56,72,72,72,76,345,0,345,암사종합시장
2015,2,R,전통시장,1001482,551,283,268,95,84,75,93,111,93,52,46,40,46,56,43,43,38,35,47,55,50,223,50,173,고덕전통시장
2015,2,R,전통시장,1001481,2169,1061,1108,476,303,334,387,358,311,250,154,162,183,171,141,226,149,172,204,187,170,768,551,217,명일골목시장
2015,2,R,전통시장,1001480,4122,1963,2159,648,720,908,668,620,558,331,324,444,322,289,253,317,396,464,346,331,305,1930,0,1930,새마을시장
2015,2,R,전통시장,1001479,913,442,471,149,144,200,148,140,132,77,67,99,74,65,60,72,77,101,74,75,72,622,230,392,석촌시장
2015,2,R,전통시장,1001478,5126,2511,2615,784,838,1134,810,819,741,416,406,574,394,376,345,368,432,560,416,443,396,2316,37,2279,방이시장
2015,2,R,전통시장,1001477,1294,664,630,227,175,198,221,231,242,120,95,106,115,115,113,107,80,92,106,116,129,502,0,502,마천시장
2015,2,R,전통시장,1001476,3353,1651,1702,540,477,568,551,594,623,271,245,286,282,282,285,269,232,282,269,312,338,1456,0,1456,풍납시장
2015,2,R,전통시장,1001474,315,149,166,75,39,61,66,37,37,38,17,27,32,18,17,37,22,34,34,19,20,127,76,51,도곡시장
2015,2,R,전통시장,1001473,119,57,62,23,17,22,21,17,19,12,8,10,10,8,9,11,9,12,11,9,10,48,48,0,청담삼익시장
2015,2,R,전통시장,1001472,100,47,53,15,16,24,16,13,16,8,7,11,8,6,7,7,9,13,8,7,9,49,0,49,논현종합시장
2015,2,R,전통시장,1001471,1255,577,678,125,255,351,192,156,176,63,106,158,99,70,81,62,149,193,93,86,95,712,0,712,영동전통시장
2015,2,R,전통시장,1001470,219,102,117,40,33,41,38,29,38,20,15,18,18,14,17,20,18,23,20,15,21,94,94,0,강남시장_강남
2015,2,R,전통시장,1001469,75,37,38,17,10,15,12,10,11,9,5,7,6,5,5,8,5,8,6,5,6,28,0,28,양재시장
2015,2,R,전통시장,1001468,154,73,81,35,20,22,31,22,24,17,9,10,15,11,11,18,11,12,16,11,13,56,0,56,남부종합시장
2015,2,R,전통시장,1001467,70,35,35,12,10,11,12,12,13,6,5,6,6,6,6,6,5,5,6,6,7,29,0,29,우림시장
2015,2,R,전통시장,1001466,1026,516,510,177,152,170,167,174,186,90,80,90,83,84,89,87,72,80,84,90,97,422,39,383,미성동도깨비시장
2015,2,R,전통시장,1001465,705,355,350,109,93,102,118,124,159,57,49,56,62,60,71,52,44,46,56,64,88,246,0,246,신신림시장
2015,2,R,전통시장,1001464,467,234,233,72,61,67,79,82,106,37,32,37,42,39,47,35,29,30,37,43,59,164,0,164,삼성동시장
2015,2,R,전통시장,1001463,61,31,30,8,10,13,9,10,11,4,5,7,5,5,5,4,5,6,4,5,6,31,0,31,신림중앙시장
2015,2,R,전통시장,1001462,705,357,348,93,124,146,106,112,124,46,60,81,57,55,58,47,64,65,49,57,66,350,12,338,강남골목시장
2015,2,R,전통시장,1001460,2162,1080,1082,313,387,431,365,319,347,163,190,234,182,154,157,150,197,197,183,165,190,1120,19,1101,관악신사시장
2015,2,R,전통시장,1001459,424,209,215,57,72,81,68,64,82,29,36,43,36,29,36,28,36,38,32,35,46,210,0,210,신원시장
2015,2,R,전통시장,1001458,1690,841,849,268,313,367,263,209,270,137,153,196,135,99,121,131,160,171,128,110,149,805,0,805,인헌시장
2015,2,R,전통시장,1001457,113,55,58,14,24,22,15,16,22,7,11,12,8,7,10,7,13,10,7,9,12,60,0,60,봉천중앙시장
2015,2,R,전통시장,1001456,22,10,12,4,3,4,4,3,4,2,1,2,2,1,2,2,2,2,2,2,2,9,0,9,봉천현대시장
2015,2,R,전통시장,1001455,250,124,126,46,35,50,40,36,43,24,17,26,21,17,19,22,18,24,19,19,24,106,0,106,봉일시장
2015,2,R,전통시장,1001454,355,178,177,43,84,73,49,46,60,22,39,40,27,22,28,21,45,33,22,24,32,192,0,192,봉천제일종합시장
2015,2,R,전통시장,1001453,670,340,330,90,170,152,89,76,93,45,86,83,48,36,42,45,84,69,41,40,51,377,16,361,낙성대시장
2015,2,R,전통시장,1001452,876,435,441,111,191,194,118,116,146,56,91,105,63,53,67,55,100,89,55,63,79,462,0,462,중부시장
2015,2,R,전통시장,1001451,12,6,6,2,2,2,2,2,2,1,1,1,1,1,1,1,1,1,1,1,1,5,0,5,사당시장
2015,2,R,전통시장,1001450,690,338,352,104,104,144,102,105,131,54,51,75,53,47,58,50,53,69,49,58,73,310,0,310,남성역골목시장
2015,2,R,전통시장,1001449,837,408,429,128,124,168,121,136,160,67,60,84,61,63,73,61,64,84,60,73,87,329,0,329,남성사계시장
2015,2,R,전통시장,1001448,610,305,305,98,99,105,97,90,121,50,54,55,49,44,53,48,45,50,48,46,68,269,0,269,흑석시장
2015,2,R,전통시장,1001447,2150,1064,1086,376,310,404,348,326,386,198,155,208,175,156,172,178,155,196,173,170,214,853,0,853,상도4동도깨비골목시장
2015,2,R,전통시장,1001446,144,71,73,25,21,28,22,21,27,13,10,15,11,10,12,12,11,13,11,11,15,59,0,59,성대시장
2015,2,R,전통시장,1001445,14,6,8,2,2,3,2,2,3,1,1,1,1,1,1,1,1,2,1,1,2,7,0,7,영도시장
2015,2,R,전통시장,1001444,1415,697,718,242,276,269,207,194,227,125,141,134,106,89,102,117,135,135,101,105,125,636,8,628,상도전통시장
2015,2,R,전통시장,1001443,158,78,80,27,31,30,23,22,25,14,16,15,12,10,11,13,15,15,11,12,14,70,0,70,강남시장_동작
2015,2,R,전통시장,1001442,7,5,2,0,1,1,1,2,2,0,1,1,1,1,1,0,0,0,0,1,1,3,0,3,신노량진시장
2015,2,R,전통시장,1001441,580,291,289,95,95,103,88,90,109,49,51,55,46,42,48,46,44,48,42,48,61,230,0,230,본동인정시장
2015,2,R,전통시장,1001440,333,166,167,54,54,59,51,53,62,28,28,32,26,25,27,26,26,27,25,28,35,140,0,140,노량진중앙시장
2015,2,R,전통시장,1001439,647,320,327,91,84,105,110,116,141,48,42,55,55,56,64,43,42,50,55,60,77,310,0,310,대림중앙시장
2015,2,R,전통시장,1001438,503,254,249,78,67,76,87,89,106,42,35,42,44,44,47,36,32,34,43,45,59,215,0,215,우리시장
2015,2,R,전통시장,1001437,185,92,93,31,26,31,31,31,35,16,13,16,16,15,16,15,13,15,15,16,19,79,0,79,영진시장A동
2015,2,R,전통시장,1001436,74,38,36,14,8,12,14,12,14,8,4,6,8,6,6,6,4,6,6,6,8,43,0,43,사러가시장
2015,2,R,전통시장,1001435,160,81,79,22,26,28,27,26,31,12,13,15,14,13,14,10,13,13,13,13,17,79,0,79,대신시장
2015,2,R,전통시장,1001434,95,48,47,17,12,23,15,12,16,9,6,12,8,6,7,8,6,11,7,6,9,42,0,42,양남시장
2015,2,R,전통시장,1001433,1091,553,538,211,140,228,178,151,183,109,67,113,98,77,89,102,73,115,80,74,94,452,125,327,영일시장
2015,2,R,전통시장,1001432,66,34,32,10,10,13,11,10,12,5,5,7,6,5,6,5,5,6,5,5,6,31,0,31,도림시장
2015,2,R,전통시장,1001431,463,229,234,69,68,93,72,73,88,34,34,48,38,35,40,35,34,45,34,38,48,223,0,223,영등포청과시장
2015,2,R,전통시장,1001430,2183,1241,942,221,393,421,329,386,433,115,194,242,215,243,232,106,199,179,114,143,201,1316,60,1256,영등포전통시장
2015,2,R,전통시장,1001429,451,228,223,77,61,65,79,78,91,40,33,35,40,40,40,37,28,30,39,38,51,182,0,182,은행나무시장
2015,2,R,전통시장,1001428,125,63,62,21,17,19,20,23,25,11,9,10,10,11,12,10,8,9,10,12,13,50,19,31,박미시장
2015,2,R,전통시장,1001427,3714,1878,1836,639,516,638,623,639,659,338,270,335,319,312,304,301,246,303,304,327,355,1462,98,1364,현대시장
2015,2,R,전통시장,1001426,16,8,8,3,2,3,2,3,3,2,1,2,1,1,1,1,1,1,1,2,2,7,0,7,대명시장
2015,2,R,전통시장,1001425,43,22,21,6,6,7,8,8,8,3,3,4,4,4,4,3,3,3,4,4,4,19,19,0,푸른터시장
2015,2,R,전통시장,1001424,1842,937,905,276,259,281,338,353,335,141,135,155,169,178,159,135,124,126,169,175,176,805,0,805,남문시장
2015,2,R,전통시장,1001423,243,128,115,38,40,49,39,37,40,20,22,28,21,19,18,18,18,21,18,18,22,115,0,115,독산동 우시장
2015,2,R,전통시장,1001422,333,165,168,53,51,65,49,53,62,26,25,34,26,25,29,27,26,31,23,28,33,135,0,135,오류시장
2015,2,R,전통시장,1001421,426,210,216,79,54,82,61,69,81,40,27,42,31,31,39,39,27,40,30,38,42,154,0,154,개봉중앙시장
2015,2,R,전통시장,1001420,808,408,400,166,102,130,145,128,137,86,53,65,75,65,64,80,49,65,70,63,73,323,59,264,고척근린시장
2015,2,R,전통시장,1001419,293,161,132,31,30,39,60,66,67,16,16,23,36,39,31,15,14,16,24,27,36,164,0,164,가리봉시장
2015,2,R,전통시장,1001418,830,419,411,125,111,152,142,135,165,66,55,82,76,66,74,59,56,70,66,69,91,406,0,406,남구로시장
2015,2,R,전통시장,1001417,190,96,94,30,26,38,31,29,36,16,13,21,16,14,16,14,13,17,15,15,20,94,0,94,구로시장
2015,2,R,전통시장,1001416,25,12,13,4,4,4,4,4,5,2,2,2,2,2,2,2,2,2,2,2,3,11,0,11,공항시장
2015,2,R,전통시장,1001415,766,381,385,160,95,136,126,124,125,82,49,68,64,60,58,78,46,68,62,64,67,291,101,190,방신전통시장
2015,2,R,전통시장,1001414,1007,482,525,275,117,161,196,136,122,136,57,76,95,66,52,139,60,85,101,70,70,354,19,335,송화골목시장
2015,2,R,전통시장,1001413,1573,769,804,268,210,348,241,238,268,137,103,178,122,106,123,131,107,170,119,132,145,689,24,665,까치산시장
2015,2,R,전통시장,1001412,497,243,254,97,68,109,81,70,72,49,33,56,41,32,32,48,35,53,40,38,40,214,0,214,화곡본동시장
2015,2,R,전통시장,1001411,2208,1097,1111,379,303,417,362,370,377,199,154,219,181,169,175,180,149,198,181,201,202,910,16,894,남부골목시장
2015,2,R,전통시장,1001409,1439,719,720,213,226,300,216,235,249,110,113,159,110,109,118,103,113,141,106,126,131,697,0,697,화곡중앙골목시장
2015,2,R,전통시장,1001408,130,62,68,23,21,19,20,24,23,12,11,10,9,11,9,11,10,9,11,13,14,51,0,51,신월중앙시장
2015,2,R,전통시장,1001406,703,352,351,164,85,115,133,104,102,86,45,56,67,52,46,78,40,59,66,52,56,266,0,266,신정3동골목시장
2015,2,R,전통시장,1001405,933,464,469,224,134,89,203,163,120,120,67,40,95,87,55,104,67,49,108,76,65,299,0,299,신정2동골목시장
2015,2,R,전통시장,1001404,38,18,20,10,4,4,9,6,5,5,2,2,4,3,2,5,2,2,5,3,3,13,0,13,신정제일시장
2015,2,R,전통시장,1001403,239,119,120,45,32,41,38,40,43,23,17,22,19,19,19,22,15,19,19,21,24,99,20,79,신월7동골목시장
2015,2,R,전통시장,1001402,189,97,92,32,25,26,32,38,36,17,13,14,17,19,17,15,12,12,15,19,19,79,0,79,신월6동골목시장
2015,2,R,전통시장,1001401,327,167,160,57,45,45,55,64,61,30,24,24,28,32,29,27,21,21,27,32,32,145,0,145,신곡종합시장
2015,2,R,전통시장,1001400,621,323,298,103,85,94,112,115,112,53,45,51,61,62,51,50,40,43,51,53,61,283,0,283,신월3동골목시장
2015,2,R,전통시장,1001399,326,161,165,62,42,59,50,56,57,31,22,31,25,26,26,31,20,28,25,30,31,122,43,79,경창시장
2015,2,R,전통시장,1001398,2015,1033,982,347,272,328,346,373,349,178,140,178,179,195,163,169,132,150,167,178,186,837,0,837,월정로시장
2015,2,R,전통시장,1001397,1219,622,597,211,166,198,208,225,211,107,85,107,107,118,98,104,81,91,101,107,113,514,10,504,신영시장
2015,2,R,전통시장,1001396,1309,654,655,327,176,159,288,199,160,178,93,76,133,104,70,149,83,83,155,95,90,471,57,414,목4동시장
2015,2,R,전통시장,1001395,1049,510,539,182,171,184,167,180,165,96,85,94,76,86,73,86,86,90,91,94,92,426,166,260,목3동시장
2015,2,R,전통시장,1001394,807,398,409,152,126,142,137,138,112,81,64,71,65,67,50,71,62,71,72,71,62,313,53,260,목2동시장
2015,2,R,전통시장,1001392,51,24,27,7,9,11,8,7,9,4,4,5,4,3,4,3,5,6,4,4,5,24,0,24,동진시장
2015,2,R,전통시장,1001391,789,381,408,153,103,149,141,111,132,77,48,73,71,53,59,76,55,76,70,58,73,306,0,306,망원월드컵시장
2015,2,R,전통시장,1001390,1432,697,735,235,208,295,243,204,247,122,98,149,124,97,107,113,110,146,119,107,140,632,47,585,망원시장
2015,2,R,전통시장,1001389,85,41,44,14,15,19,12,11,14,7,7,10,6,5,6,7,8,9,6,6,8,40,0,40,합정시장
2015,2,R,전통시장,1001388,210,97,113,24,46,50,32,25,33,12,19,23,16,12,15,12,27,27,16,13,18,120,0,120,영진시장
2015,2,R,전통시장,1001386,123,61,62,23,18,22,22,17,21,12,10,11,11,8,9,11,8,11,11,9,12,54,0,54,신수시장
2015,2,R,전통시장,1001385,440,213,227,70,60,84,71,72,83,35,29,42,36,36,35,35,31,42,35,36,48,213,0,213,아현시장
2015,2,R,전통시장,1001384,25,12,13,4,4,4,4,4,5,2,2,2,2,2,2,2,2,2,2,2,3,13,0,13,마포시장
2015,2,R,전통시장,1001382,150,74,76,27,21,22,26,24,30,14,11,11,13,12,13,13,10,11,13,12,17,64,64,0,백련시장
2015,2,R,전통시장,1001381,49,25,24,7,5,7,8,9,13,4,3,3,4,5,6,3,2,4,4,4,7,20,0,20,모래내시장
2015,2,R,전통시장,1001380,837,411,426,148,112,113,148,143,173,75,57,58,75,71,75,73,55,55,73,72,98,349,0,349,포방터시장
2015,2,R,전통시장,1001379,319,156,163,54,40,45,56,53,71,27,20,24,29,26,30,27,20,21,27,27,41,140,0,140,인왕시장
2015,2,R,전통시장,1001378,319,155,164,49,45,53,57,51,64,25,23,27,28,26,26,24,22,26,29,25,38,138,0,138,아현가구거리상점가
2015,2,R,전통시장,1001377,848,411,437,164,102,137,151,129,165,85,51,67,77,64,67,79,51,70,74,65,98,372,10,362,영천시장
2015,2,R,전통시장,1001376,185,93,92,30,25,28,30,32,40,16,13,15,16,16,17,14,12,13,14,16,23,68,0,68,수일시장
2015,2,R,전통시장,1001375,160,80,80,28,20,27,27,27,31,15,10,14,14,13,14,13,10,13,13,14,17,65,0,65,증산종합시장
2015,2,R,전통시장,1001374,552,272,280,90,74,86,96,92,114,48,38,44,48,44,50,42,36,42,48,48,64,240,10,230,대림골목시장
2015,2,R,전통시장,1001373,525,260,265,107,58,96,93,76,95,57,31,47,47,37,41,50,27,49,46,39,54,213,0,213,신응암시장
2015,2,R,전통시장,1001372,50,24,26,10,6,9,8,8,9,5,3,4,4,4,4,5,3,5,4,4,5,21,0,21,녹번시장
2015,2,R,전통시장,1001369,54,26,28,9,8,8,9,9,11,5,4,4,4,4,5,4,4,4,5,5,6,24,0,24,갈현시장
2015,2,R,전통시장,1001368,186,91,95,29,25,30,31,32,39,15,13,16,15,15,17,14,12,14,16,17,22,86,69,17,연서시장
2015,2,R,전통시장,1001367,1716,841,875,324,246,238,306,292,310,166,127,123,146,142,137,158,119,115,160,150,173,676,0,676,상계중앙시장
2015,2,R,전통시장,1001366,14,7,7,2,2,2,2,2,4,1,1,1,1,1,2,1,1,1,1,1,2,6,0,6,상계시장
2015,2,R,전통시장,1001365,1649,810,839,279,277,296,251,268,278,144,140,152,126,124,124,135,137,144,125,144,154,709,48,661,공릉동도깨비시장
2015,2,R,전통시장,1001364,1402,710,692,250,185,189,254,248,276,133,98,102,130,123,124,117,87,87,124,125,152,588,0,588,방학동도깨비시장
2015,2,R,전통시장,1001363,857,420,437,135,123,146,136,143,174,71,61,76,69,64,79,64,62,70,67,79,95,406,0,406,쌍문역골목시장
2015,2,R,전통시장,1001362,695,340,355,126,92,98,119,119,141,63,46,50,60,56,65,63,46,48,59,63,76,270,0,270,백운시장
2015,2,R,전통시장,1001361,134,69,65,19,17,19,21,24,34,10,9,11,11,12,16,9,8,8,10,12,18,57,0,57,신도봉시장
2015,2,R,전통시장,1001360,1015,511,504,183,127,161,180,168,196,96,67,84,92,84,88,87,60,77,88,84,108,373,0,373,창동골목시장
2015,2,R,전통시장,1001359,2095,1031,1064,398,293,344,360,347,353,204,148,172,177,170,160,194,145,172,183,177,193,736,98,638,창동신창시장
2015,2,R,전통시장,1001358,59,30,29,9,8,9,10,10,13,5,4,5,5,5,6,4,4,4,5,5,7,24,0,24,수유북부시장
2015,2,R,전통시장,1001357,1600,786,814,262,202,226,270,272,368,137,101,118,134,131,165,125,101,108,136,141,203,675,26,649,장미원골목시장
2015,2,R,전통시장,1001356,25,12,13,4,4,4,4,4,5,2,2,2,2,2,2,2,2,2,2,2,3,12,0,12,수유중앙시장
2015,2,R,전통시장,1001355,850,423,427,114,126,149,138,144,179,61,63,80,69,69,81,53,63,69,69,75,98,420,22,398,강북종합시장
2015,2,R,전통시장,1001354,1893,931,962,308,247,289,304,324,421,160,127,152,152,153,187,148,120,137,152,171,234,740,10,730,우이시장
2015,2,R,전통시장,1001353,574,289,285,92,79,89,96,98,120,48,41,48,50,47,55,44,38,41,46,51,65,244,79,165,수유전통시장
2015,2,R,전통시장,1001352,1081,536,545,164,161,190,184,171,211,86,78,99,97,82,94,78,83,91,87,89,117,497,99,398,번동북부골목시장
2015,2,R,전통시장,1001351,420,204,216,109,44,72,87,53,55,55,22,33,45,26,23,54,22,39,42,27,32,143,0,143,솔샘시장
2015,2,R,전통시장,1001350,225,113,112,33,30,34,39,40,49,17,16,18,20,20,22,16,14,16,19,20,27,101,0,101,숭인시장
2015,2,R,전통시장,1001349,1768,860,908,271,245,281,294,305,372,136,121,150,144,142,167,135,124,131,150,163,205,759,0,759,방천골목시장
2015,2,R,전통시장,1001348,33,17,16,6,4,5,6,6,6,3,2,3,3,3,3,3,2,2,3,3,3,14,0,14,동북시장
2015,2,R,전통시장,1001347,2456,1235,1221,392,346,398,407,425,488,206,176,206,209,210,228,186,170,192,198,215,260,1067,0,1067,석관황금시장
2015,2,R,전통시장,1001346,169,84,85,27,24,27,28,29,34,14,12,14,14,14,16,13,12,13,14,15,18,75,0,75,석관시장
2015,2,R,전통시장,1001345,120,60,60,19,17,19,20,21,24,10,9,10,10,10,11,9,8,9,10,11,13,53,0,53,새석관시장
2015,2,R,전통시장,1001344,73,38,35,13,9,10,13,13,15,7,5,5,7,7,7,6,4,5,6,6,8,33,0,33,번동시장
2015,2,R,전통시장,1001343,1941,976,965,315,256,281,340,337,412,161,133,154,176,164,188,154,123,127,164,173,224,774,18,756,장위전통시장
2015,2,R,전통시장,1001342,187,91,96,38,22,32,32,29,34,19,11,15,17,14,15,19,11,17,15,15,19,70,0,70,밤나무골시장
2015,2,R,전통시장,1001341,91,44,47,23,10,17,18,11,12,12,5,8,9,5,5,11,5,9,9,6,7,35,0,35,길음시장
2015,2,R,전통시장,1001340,1578,786,792,258,240,238,253,254,335,135,130,129,126,120,146,123,110,109,127,134,189,708,12,696,정릉시장
2015,2,R,전통시장,1001339,458,226,232,88,56,75,77,73,89,47,28,38,39,35,39,41,28,37,38,38,50,184,0,184,정릉아리랑시장
2015,2,R,전통시장,1001338,182,88,94,31,30,31,32,25,33,16,14,16,16,12,14,15,16,15,16,13,19,88,0,88,돈암제일시장
2015,2,R,전통시장,1001337,88,43,45,15,12,13,16,16,16,7,6,7,8,8,7,8,6,6,8,8,9,40,0,40,유영시장
2015,2,R,전통시장,1001336,2590,1310,1280,411,377,406,425,490,481,209,194,216,217,250,224,202,183,190,208,240,257,1093,35,1058,우림골목시장
2015,2,R,전통시장,1001335,1103,540,563,205,158,187,186,179,188,105,76,94,92,86,87,100,82,93,94,93,101,441,24,417,묵1동도깨비시장
2015,2,R,전통시장,1001334,837,433,404,112,122,129,144,167,163,60,62,69,78,88,76,52,60,60,66,79,87,395,103,292,태능시장
2015,2,R,전통시장,1001333,2125,1086,1039,308,308,342,358,398,411,165,156,184,188,202,191,143,152,158,170,196,220,971,0,971,중화제일시장
2015,2,R,전통시장,1001332,2169,1087,1082,342,321,354,370,386,396,172,167,187,187,191,183,170,154,167,183,195,213,960,54,906,사가정시장
2015,2,R,전통시장,1001331,1574,789,785,243,231,263,259,282,296,126,118,139,131,141,134,117,113,124,128,141,162,664,18,646,면목골목시장
2015,2,R,전통시장,1001330,2305,1161,1144,363,347,388,405,389,413,191,174,208,207,192,189,172,173,180,198,197,224,1054,8,1046,동원시장
2015,2,R,전통시장,1001329,1418,713,705,215,212,246,248,246,251,110,104,131,130,123,115,105,108,115,118,123,136,638,23,615,동부골목시장
2015,2,R,전통시장,1001327,274,138,136,38,51,46,44,41,54,20,25,25,23,21,24,18,26,21,21,20,30,143,0,143,이경시장
2015,2,R,전통시장,1001326,1195,577,618,179,291,222,158,148,197,88,140,116,80,69,84,91,151,106,78,79,113,636,311,325,회기시장
2015,2,R,전통시장,1001325,80,39,41,12,12,12,12,14,18,6,6,6,6,7,8,6,6,6,6,7,10,39,0,39,청량리청과물시장
2015,2,R,전통시장,1001324,326,165,161,64,40,58,57,51,56,34,21,29,30,25,26,30,19,29,27,26,30,125,0,125,전곡시장
2015,2,R,전통시장,1001323,528,261,267,97,66,84,94,86,101,49,34,42,48,42,46,48,32,42,46,44,55,202,0,202,답십리시장
2015,2,R,전통시장,1001321,783,390,393,145,98,124,142,124,150,74,51,62,74,61,68,71,47,62,68,63,82,328,0,328,답십리현대시장
2015,2,R,전통시장,1001320,64,33,31,10,9,10,11,11,13,5,5,5,6,6,6,5,4,5,5,5,7,28,0,28,전농로터리시장
2015,2,R,전통시장,1001319,275,141,134,39,45,44,40,44,63,20,25,24,22,22,28,19,20,20,18,22,35,128,0,128,청량리종합시장
2015,2,R,전통시장,1001318,163,82,81,23,25,26,25,26,38,12,13,14,13,13,17,11,12,12,12,13,21,74,0,74,청량리전통시장
2015,2,R,전통시장,1001317,169,87,82,24,27,27,25,28,38,12,15,15,14,14,17,12,12,12,11,14,21,82,0,82,청량리농수산물시장
2015,2,R,전통시장,1001316,1949,1004,945,273,314,313,286,315,448,140,174,173,158,156,203,133,140,140,128,159,245,880,0,880,서울약령시장
2015,2,R,전통시장,1001314,12,6,6,2,2,2,2,2,2,1,1,1,1,1,1,1,1,1,1,1,1,4,0,4,경동시장
2015,2,R,전통시장,1001313,437,226,211,60,65,75,69,73,95,31,33,41,38,39,44,29,32,34,31,34,51,223,0,223,청량리수산시장
2015,2,R,전통시장,1001310,34,17,17,6,4,6,6,6,6,3,2,3,3,3,3,3,2,3,3,3,3,13,0,13,구의시장
2015,2,R,전통시장,1001309,193,99,94,25,31,32,33,35,37,13,16,17,18,18,17,12,15,15,15,17,20,96,0,96,조양시장
2015,2,R,전통시장,1001308,1922,978,944,244,308,322,327,354,367,126,155,171,175,183,168,118,153,151,152,171,199,981,0,981,영동교골목시장
2015,2,R,전통시장,1001307,610,302,308,111,94,102,103,106,94,57,47,50,52,53,43,54,47,52,51,53,51,246,0,246,능동로골목시장
2015,2,R,전통시장,1001306,731,363,368,131,111,124,123,126,116,66,56,61,63,63,54,65,55,63,60,63,62,300,0,300,노룬산골목시장
2015,2,R,전통시장,1001305,54,26,28,10,8,10,9,9,8,5,4,5,4,4,4,5,4,5,5,5,4,22,0,22,자양종합시장
2015,2,R,전통시장,1001304,2434,1204,1230,382,406,460,402,390,394,200,200,236,201,190,177,182,206,224,201,200,217,1155,0,1155,자양골목시장
2015,2,R,전통시장,1001303,127,63,64,23,18,21,22,21,22,12,9,11,11,10,10,11,9,10,11,11,12,49,0,49,신성골목시장
2015,2,R,전통시장,1001302,588,294,294,97,86,101,106,101,97,52,44,53,53,48,44,45,42,48,53,53,53,261,0,261,면곡골목시장
2015,2,R,전통시장,1001301,1124,559,565,161,183,221,184,187,188,83,89,116,93,91,87,78,94,105,91,96,101,510,0,510,중곡제일시장
2015,2,R,전통시장,1001300,893,438,455,84,294,186,110,100,119,42,133,98,62,49,54,42,161,88,48,51,65,545,0,545,화양제일골목시장
2015,2,R,전통시장,1001299,100,49,51,10,33,21,12,11,13,5,15,11,7,5,6,5,18,10,5,6,7,63,0,63,한아름시장
2015,2,R,전통시장,1001298,2097,1112,985,308,301,338,395,368,387,159,152,191,223,206,181,149,149,147,172,162,206,999,0,999,성동용답상가시장
2015,2,R,전통시장,1001297,411,214,197,64,62,67,72,76,70,33,33,36,39,40,33,31,29,31,33,36,37,183,0,183,뚝도시장
2015,2,R,전통시장,1001296,457,220,237,80,57,92,77,67,84,41,28,45,39,31,36,39,29,47,38,36,48,201,0,201,금남시장
2015,2,R,전통시장,1001295,1520,750,770,247,232,256,253,253,279,124,118,131,125,128,124,123,114,125,128,125,155,668,75,593,행당시장
2015,2,R,전통시장,1001294,778,388,390,138,128,120,130,125,137,73,63,61,65,63,63,65,65,59,65,62,74,332,0,332,마장축산물시장
2015,2,R,전통시장,1001293,13,6,7,2,2,2,2,2,3,1,1,1,1,1,1,1,1,1,1,1,2,6,0,6,보광시장
2015,2,R,전통시장,1001292,65,30,35,9,8,13,10,10,15,5,4,6,5,4,6,4,4,7,5,6,9,34,0,34,이태원제일시장
2015,2,R,전통시장,1001291,95,44,51,11,13,16,15,17,23,5,7,8,7,8,9,6,6,8,8,9,14,53,0,53,이태원시장
2015,2,R,전통시장,1001290,137,64,73,32,15,21,27,19,23,16,7,9,13,9,10,16,8,12,14,10,13,46,10,36,이촌종합시장
2015,2,R,전통시장,1001289,714,347,367,134,91,133,122,103,131,68,45,65,63,49,57,66,46,68,59,54,74,266,0,266,용문전통시장
2015,2,R,전통시장,1001288,56,26,30,8,10,10,10,8,10,4,4,5,5,4,4,4,6,5,5,4,6,27,0,27,만리시장
2015,2,R,전통시장,1001287,72,35,37,11,10,13,11,11,16,6,5,7,5,5,7,5,5,6,6,6,9,34,0,34,신흥시장
2015,2,R,전통시장,1001286,462,230,232,81,62,78,81,72,88,43,33,41,41,35,37,38,29,37,40,37,51,200,29,171,후암시장
2015,2,R,전통시장,1001285,10,5,5,2,0,2,2,2,2,1,0,1,1,1,1,1,0,1,1,1,1,6,0,6,합동(새벽)시장
2015,2,R,전통시장,1001284,1473,741,732,199,229,296,235,230,284,104,109,152,126,121,129,95,120,144,109,109,155,699,0,699,서울중앙시장
2015,2,R,전통시장,1001283,1198,599,599,203,159,204,214,196,222,105,83,104,113,100,94,98,76,100,101,96,128,549,0,549,백학시장
2015,2,R,전통시장,1001282,2842,1365,1477,451,366,501,451,465,608,229,179,249,227,222,259,222,187,252,224,243,349,1450,36,1414,약수시장
2015,2,R,전통시장,1001279,81,41,40,11,12,12,16,14,16,6,6,6,9,7,7,5,6,6,7,7,9,42,29,13,동평화시장
2015,2,R,전통시장,1001277,367,229,138,30,32,40,53,89,123,15,16,23,37,64,74,15,16,17,16,25,49,241,0,241,방산종합시장
2015,2,R,전통시장,1001275,179,95,84,16,24,24,28,37,50,8,12,13,17,20,25,8,12,11,11,17,25,102,0,102,인현시장
2015,2,R,전통시장,1001274,228,126,102,19,27,32,34,50,66,9,14,18,21,30,34,10,13,14,13,20,32,137,0,137,신중부시장
2015,2,R,전통시장,1001273,579,313,266,53,59,70,92,137,168,25,28,37,54,83,86,28,31,33,38,54,82,354,0,354,남대문시장
2015,2,R,전통시장,1001272,71,36,35,8,12,12,11,13,15,4,6,6,6,7,7,4,6,6,5,6,8,40,0,40,신설종합시장
2015,2,R,전통시장,1001271,909,465,444,102,152,158,148,156,193,53,73,83,79,84,93,49,79,75,69,72,100,509,224,285,동묘시장
2015,2,R,전통시장,1001270,489,254,235,67,64,62,93,95,108,34,34,35,48,51,52,33,30,27,45,44,56,244,0,244,창신골목시장
2015,2,R,전통시장,1001268,88,48,40,11,13,11,16,16,21,6,7,7,9,9,10,5,6,4,7,7,11,48,0,48,충신시장
2015,2,R,전통시장,1001267,169,92,77,20,25,21,31,31,41,11,13,13,17,18,20,9,12,8,14,13,21,98,0,98,종로신진시장
2015,2,R,전통시장,1001265,3,2,1,0,0,0,0,1,2,0,0,0,0,1,1,0,0,0,0,0,1,3,0,3,광장시장
2015,2,R,전통시장,1001264,815,389,426,170,101,124,153,113,154,92,52,54,70,56,65,78,49,70,83,57,89,309,0,309,통인시장
2015,2,D,발달상권,1001263,793,392,401,148,123,104,141,145,132,75,61,52,68,72,64,73,62,52,73,73,68,310,14,296,서울 노원구 노원역_3
2015,2,D,발달상권,1001262,583,272,311,127,76,104,108,86,82,64,37,48,51,38,34,63,39,56,57,48,48,228,0,228,서울 노원구 노원역_2
2015,2,D,발달상권,1001261,940,442,498,206,122,165,176,140,131,105,58,76,84,64,55,101,64,89,92,76,76,368,264,104,서울 노원구 노원역_1
2015,2,D,발달상권,1001260,2875,1389,1486,631,390,420,544,468,422,323,193,201,254,232,186,308,197,219,290,236,236,1080,120,960,창동역
2015,2,D,발달상권,1001259,599,298,301,80,90,104,97,101,127,43,45,56,49,48,57,37,45,48,48,53,70,297,14,283,서울 강북구 수유역_3
2015,2,D,발달상권,1001257,1506,750,756,202,226,261,244,253,320,106,114,139,122,122,147,96,112,122,122,131,173,731,143,588,서울 강북구 수유역_2
2015,2,D,발달상권,1001256,776,385,391,118,116,137,130,123,152,61,56,71,69,59,69,57,60,66,61,64,83,360,159,201,서울 강북구 수유역_1
2015,2,D,발달상권,1001255,51,25,26,8,7,8,8,9,11,4,4,4,4,4,5,4,3,4,4,5,6,23,0,23,서울 은평구 연신내역_3
2015,2,D,발달상권,1001254,870,425,445,165,122,142,154,134,153,84,61,74,74,64,68,81,61,68,80,70,85,351,39,312,서울 은평구 연신내역_2
2015,2,D,발달상권,1001253,143,68,75,24,20,26,24,22,27,12,9,13,12,10,12,12,11,13,12,12,15,64,54,10,서울 은평구 연신내역_1
2015,2,D,발달상권,1001252,1160,576,584,190,155,185,194,199,237,101,79,94,99,97,106,89,76,91,95,102,131,514,0,514,서울 성북구 미아삼거리역_2
2015,2,D,발달상권,1001251,519,252,267,80,71,84,87,90,107,40,35,44,43,42,48,40,36,40,44,48,59,223,0,223,서울 강북구 미아삼거리역_1
2015,2,D,발달상권,1001249,1839,889,950,337,242,323,308,287,342,174,118,159,154,137,147,163,124,164,154,150,195,746,36,710,서울 은평구 불광역_2
2015,2,D,발달상권,1001248,659,315,344,108,96,119,110,101,125,53,45,61,55,46,55,55,51,58,55,55,70,298,53,245,서울 은평구 불광역_1
2015,2,D,발달상권,1001247,174,87,87,30,23,28,29,29,35,16,12,14,15,14,16,14,11,14,14,15,19,76,0,76,미아사거리_2
2015,2,D,발달상권,1001246,777,382,395,160,89,133,137,121,137,80,45,64,72,59,62,80,44,69,65,62,75,293,190,103,미아사거리_1
2015,2,D,발달상권,1001245,952,423,529,136,218,173,144,120,161,68,78,83,71,55,68,68,140,90,73,65,93,507,20,487,서울 성북구 성신여대입구역
2015,2,D,발달상권,1001244,667,321,346,99,165,127,86,81,109,48,79,66,44,38,46,51,86,61,42,43,63,360,22,338,경희대학교
2015,2,D,발달상권,1001243,516,262,254,68,137,81,75,71,84,36,71,45,39,35,36,32,66,36,36,36,48,272,16,256,서울 성북구 안암역
2015,2,D,발달상권,1001242,968,478,490,148,225,150,148,125,172,76,119,77,72,62,72,72,106,73,76,63,100,508,0,508,혜화역 대학로_3
2015,2,D,발달상권,1001241,910,450,460,138,211,143,139,117,162,71,113,74,68,57,67,67,98,69,71,60,95,465,0,465,혜화역 대학로_2
2015,2,D,발달상권,1001240,612,293,319,87,124,109,97,85,110,44,57,56,46,42,48,43,67,53,51,43,62,314,0,314,혜화역 대학로_1
2015,2,D,발달상권,1001239,203,99,104,54,22,35,39,25,28,28,11,16,20,12,12,26,11,19,19,13,16,72,72,0,디지털미디어시티
2015,2,D,발달상권,1001238,2369,1187,1182,334,313,346,363,429,584,171,167,185,191,213,260,163,146,161,172,216,324,1080,754,326,서울 동대문구 청량리역
2015,2,D,발달상권,1001237,555,259,296,91,71,88,94,88,123,47,32,41,45,41,53,44,39,47,49,47,70,285,0,285,서울 종로구 경복궁역_2
2015,2,D,발달상권,1001236,198,95,103,29,22,30,30,34,53,15,11,15,15,16,23,14,11,15,15,18,30,116,0,116,서울 종로구 안국역_2
2015,2,D,발달상권,1001235,122,57,65,20,14,19,22,19,28,10,6,9,11,9,12,10,8,10,11,10,16,56,0,56,서울 종로구 안국역_1
2015,2,D,발달상권,1001234,997,467,530,162,129,157,170,158,221,84,59,73,81,74,96,78,70,84,89,84,125,510,0,510,서울 종로구 경복궁역_1
2015,2,D,발달상권,1001233,587,335,252,57,67,73,91,126,173,23,36,42,60,81,93,34,31,31,31,45,80,416,0,416,서울 종로구 종로3가역_3
2015,2,D,발달상권,1001232,1924,1109,815,183,222,235,295,420,569,77,122,137,197,269,307,106,100,98,98,151,262,1355,0,1355,서울 종로구 종로3가역_2
2015,2,D,발달상권,1001231,179,92,87,25,27,31,27,30,39,13,14,17,14,16,18,12,13,14,13,14,21,94,27,67,서울 동대문구 신설동역_2
2015,2,D,발달상권,1001230,592,342,250,56,68,72,91,129,176,24,37,42,61,83,95,32,31,30,30,46,81,416,149,267,인사동
2015,2,D,발달상권,1001229,592,339,253,57,68,74,91,128,174,24,37,43,60,81,94,33,31,31,31,47,80,416,0,416,서울 종로구 종로5가역_4
2015,2,D,발달상권,1001228,393,212,181,45,60,51,72,70,95,24,33,32,39,39,45,21,27,19,33,31,50,229,0,229,서울 종로구 종로5가역_3
2015,2,D,발달상권,1001227,348,198,150,34,40,44,54,74,102,14,21,25,35,48,55,20,19,19,19,26,47,239,54,185,종로구청
2015,2,D,발달상권,1001226,1243,676,567,144,179,169,202,232,317,70,92,96,119,139,160,74,87,73,83,93,157,753,303,450,서울 종로구 종로5가역_2
2015,2,D,발달상권,1001225,627,324,303,72,105,108,103,105,134,39,50,57,56,57,65,33,55,51,47,48,69,351,74,277,신설동역
2015,2,D,발달상권,1001224,78,40,38,11,12,13,12,13,17,6,6,7,6,7,8,5,6,6,6,6,9,39,0,39,서울 동대문구 신설동역_1
2015,2,D,발달상권,1001223,1867,878,989,302,242,297,317,297,412,154,112,140,151,141,180,148,130,157,166,156,232,876,593,283,서울 종로구 광화문역_2
2015,2,D,발달상권,1001222,693,369,324,87,85,88,125,140,168,46,46,49,65,78,85,41,39,39,60,62,83,380,240,140,동묘앞역
2015,2,D,발달상권,1001221,2609,1315,1294,476,332,480,443,428,450,246,171,241,235,210,212,230,161,239,208,218,238,1051,837,214,장안동사거리
2015,2,D,발달상권,1001220,1056,561,495,132,128,134,188,215,259,70,69,75,98,119,130,62,59,59,90,96,129,557,0,557,서울 종로구 동대문역_2
2015,2,D,발달상권,1001219,158,80,78,23,23,20,31,29,32,12,12,11,16,15,14,11,11,9,15,14,18,72,0,72,서울 종로구 동대문역_1
2015,2,D,발달상권,1001218,8,5,3,0,1,1,2,2,2,0,1,1,1,1,1,0,0,0,1,1,1,4,0,4,동대문시장_2
2015,2,D,발달상권,1001217,8,5,3,0,1,1,2,2,2,0,1,1,1,1,1,0,0,0,1,1,1,4,0,4,서울 종로구 종로5가역_1
2015,2,D,발달상권,1001216,236,136,100,22,26,28,36,53,71,10,14,16,24,34,38,12,12,12,12,19,33,168,0,168,서울 종로구 종로3가역_1
2015,2,D,발달상권,1001213,6,4,2,0,0,0,0,2,4,0,0,0,0,2,2,0,0,0,0,0,2,6,0,6,종각역 젊음의 거리
2015,2,D,발달상권,1001212,399,194,205,63,48,63,69,66,90,31,23,33,37,33,37,32,25,30,32,33,53,228,0,228,서대문구 서대문역_1
2015,2,D,발달상권,1001211,6,4,2,0,0,1,1,2,2,0,0,1,1,1,1,0,0,0,0,1,1,4,0,4,동대문시장_1
2015,2,D,발달상권,1001210,79,42,37,9,9,20,14,13,14,4,5,11,7,8,7,5,4,9,7,5,7,46,0,46,시청역_2
2015,2,D,발달상권,1001209,50,20,30,3,6,7,8,11,15,1,3,3,4,4,5,2,3,4,4,7,10,24,0,24,서울시청
2015,2,D,발달상권,1001208,672,410,262,52,59,77,99,163,222,26,30,42,69,112,131,26,29,35,30,51,91,438,133,305,서울 중구 을지로3가역_2
2015,2,D,발달상권,1001207,86,44,42,12,12,12,17,15,18,6,6,6,10,8,8,6,6,6,7,7,10,52,0,52,서울 중구 신당역_2
2015,2,D,발달상권,1001206,1039,505,534,188,132,167,183,163,206,97,67,83,92,80,86,91,65,84,91,83,120,460,176,284,서대문구 서대문역_2
2015,2,D,발달상권,1001205,394,212,182,35,51,54,62,83,109,17,26,30,38,46,55,18,25,24,24,37,54,225,0,225,동대문역사문화공원역
2015,2,D,발달상권,1001204,160,98,62,12,14,18,23,38,55,6,7,11,16,26,32,6,7,7,7,12,23,107,0,107,서울 중구 을지로3가역_1
2015,2,D,발달상권,1001203,62,27,35,6,6,7,12,14,17,3,3,3,6,6,6,3,3,4,6,8,11,29,0,29,명동거리
2015,2,D,발달상권,1001202,100,54,46,13,12,23,18,17,17,6,7,13,10,10,8,7,5,10,8,7,9,58,0,58,롯데백화점
2015,2,D,발달상권,1001201,900,450,450,151,116,156,162,147,168,77,61,81,86,74,71,74,55,75,76,73,97,413,37,376,서울 중구 신당역_1
2015,2,D,발달상권,1001200,200,104,96,27,26,44,35,33,35,12,14,25,18,18,17,15,12,19,17,15,18,98,0,98,북창동
2015,2,D,발달상권,1001199,623,344,279,59,76,82,94,131,181,29,39,46,58,78,94,30,37,36,36,53,87,365,180,185,서울 중구 충무로역_2
2015,2,D,발달상권,1001198,1934,986,948,298,291,377,298,320,350,154,142,208,162,158,162,144,149,169,136,162,188,893,29,864,서울 강서구 송정역
2015,2,D,발달상권,1001197,1090,550,540,186,145,207,178,184,190,94,75,105,94,90,92,92,70,102,84,94,98,456,58,398,장한평역_2
2015,2,D,발달상권,1001196,348,184,164,46,43,81,60,57,61,21,24,45,32,32,30,25,19,36,28,25,31,196,59,137,시청역_1
2015,2,D,발달상권,1001195,419,207,212,66,68,71,69,67,78,34,33,36,35,34,35,32,35,35,34,33,43,187,0,187,왕십리역_2
2015,2,D,발달상권,1001194,504,240,264,91,78,74,79,91,91,47,40,38,36,43,36,44,38,36,43,48,55,201,0,201,서울 강서구 발산역
2015,2,D,발달상권,1001193,160,81,79,28,20,30,26,28,28,14,10,15,14,14,14,14,10,15,12,14,14,65,21,44,장한평역_1
2015,2,D,발달상권,1001192,630,332,298,75,103,104,92,112,144,38,56,61,54,56,67,37,47,43,38,56,77,350,0,350,서울 중구 충무로역_1
2015,2,D,발달상권,1001190,198,105,93,29,28,31,38,35,37,15,14,18,21,20,17,14,14,13,17,15,20,94,75,19,장한평역
2015,2,D,발달상권,1001189,667,290,377,58,74,96,120,135,184,27,36,42,57,57,71,31,38,54,63,78,113,308,14,294,서울 중구 명동역
2015,2,D,발달상권,1001188,241,126,115,33,56,42,35,31,44,17,32,23,18,16,20,16,24,19,17,15,24,126,96,30,장충동 족발거리
2015,2,D,발달상권,1001187,318,169,149,39,104,48,38,36,53,19,61,29,19,17,24,20,43,19,19,19,29,187,0,187,한양시장
2015,2,D,발달상권,1001186,904,426,478,121,268,170,110,99,136,66,113,85,55,48,59,55,155,85,55,51,77,540,54,486,서울 서대문구 이대역
2015,2,D,발달상권,1001185,1529,718,811,207,464,280,188,162,228,112,193,140,94,80,99,95,271,140,94,82,129,920,0,920,서울 서대문구 신촌역
2015,2,D,발달상권,1001184,62,28,34,8,14,14,8,8,10,4,6,6,4,4,4,4,8,8,4,4,6,36,0,36,서울 마포구 홍대입구역_3
2015,2,D,발달상권,1001183,712,330,382,83,153,168,111,87,110,41,64,79,55,42,49,42,89,89,56,45,61,405,0,405,서울 마포구 홍대입구역_2
2015,2,D,발달상권,1001182,8286,3852,4434,1054,1744,1885,1307,1027,1269,526,745,877,644,491,569,528,999,1008,663,536,700,4545,160,4385,홍익대학교 주변
2015,2,D,발달상권,1001181,2014,981,1033,280,397,434,295,288,320,143,187,222,149,134,146,137,210,212,146,154,174,1042,34,1008,서울 광진구 군자역
2015,2,D,발달상권,1001180,1050,503,547,119,231,210,159,147,184,61,106,104,84,70,78,58,125,106,75,77,106,608,67,541,신촌역
2015,2,D,발달상권,1001179,3563,1760,1803,626,538,686,554,598,561,335,260,361,272,273,259,291,278,325,282,325,302,1481,365,1116,강서구청
2015,2,D,발달상권,1001178,704,325,379,85,151,166,108,86,108,42,62,77,53,42,49,43,89,89,55,44,59,400,34,366,서울 마포구 홍대입구역_1
2015,2,D,발달상권,1001177,14,7,7,2,2,3,2,2,3,1,1,2,1,1,1,1,1,1,1,1,2,8,0,8,서울 중구 약수역_2
2015,2,D,발달상권,1001176,115,55,60,18,15,20,18,19,25,9,7,10,9,9,11,9,8,10,9,10,14,59,0,59,서울 중구 약수역_1
2015,2,D,발달상권,1001175,2669,1342,1327,589,421,293,477,513,376,321,232,141,213,250,185,268,189,152,264,263,191,847,608,239,서울 강동구 고덕역
2015,2,D,발달상권,1001174,1018,498,520,177,165,178,164,176,158,94,82,91,76,85,70,83,83,87,88,91,88,414,67,347,등촌역
2015,2,D,발달상권,1001173,3620,1772,1848,794,504,557,646,601,518,419,257,271,304,286,235,375,247,286,342,315,283,1274,211,1063,서울 강동구 명일역
2015,2,D,발달상권,1001172,660,328,332,79,171,133,89,90,98,40,80,70,49,44,45,39,91,63,40,46,53,365,90,275,어린이대공원역
2015,2,D,발달상권,1001171,85,42,43,12,12,18,13,14,16,6,6,9,7,7,7,6,6,9,6,7,9,44,0,44,서울 마포구 공덕역_2
2015,2,D,발달상권,1001170,141,69,72,22,19,26,23,24,27,11,9,13,12,12,12,11,10,13,11,12,15,68,0,68,공덕역
2015,2,D,발달상권,1001169,868,531,337,78,101,131,160,193,205,44,51,78,109,130,119,34,50,53,51,63,86,569,0,569,서울 용산구 숙대입구역
2015,2,D,발달상권,1001168,11,6,5,1,2,2,2,2,2,1,1,1,1,1,1,0,1,1,1,1,1,7,0,7,남영역
2015,2,D,발달상권,1001166,4465,2150,2315,922,526,838,865,607,707,468,257,383,444,301,297,454,269,455,421,306,410,1818,971,847,서울 마포구 마포역_2
2015,2,D,발달상권,1001165,2875,1410,1465,272,944,597,352,325,385,136,426,316,198,161,173,136,518,281,154,164,212,1739,19,1720,서울 광진구 건대입구역_2
2015,2,D,발달상권,1001164,833,399,434,152,112,149,138,127,155,80,52,72,68,61,66,72,60,77,70,66,89,332,0,332,서울 마포구 마포역_1
2015,2,D,발달상권,1001163,2112,1070,1042,299,298,398,335,384,398,153,150,212,180,189,186,146,148,186,155,195,212,979,656,323,서울 강동구 천호역_2
2015,2,D,발달상권,1001162,2184,1114,1070,281,352,364,369,400,418,146,177,194,199,206,192,135,175,170,170,194,226,1097,0,1097,서울 광진구 건대입구역_1
2015,2,D,발달상권,1001160,2054,994,1060,301,368,430,336,305,314,153,175,219,165,143,139,148,193,211,171,162,175,972,13,959,서울 광진구 구의역
2015,2,D,발달상권,1001159,295,145,150,46,44,53,48,51,53,23,22,28,24,24,24,23,22,25,24,27,29,134,0,134,서울 강동구 천호역
2015,2,D,발달상권,1001158,1179,565,614,201,215,251,172,164,176,102,94,124,86,78,81,99,121,127,86,86,95,505,103,402,당산역_2
2015,2,D,발달상권,1001157,364,180,184,51,56,72,55,64,66,26,28,38,28,30,30,25,28,34,27,34,36,176,0,176,서울 강동구 천호역_1
2015,2,D,발달상권,1001156,3784,1870,1914,655,570,714,597,649,599,347,282,367,292,299,283,308,288,347,305,350,316,1501,1074,427,서울 강동구 길동역
2015,2,D,발달상권,1001155,990,488,502,158,144,213,156,148,171,81,66,106,84,74,77,77,78,107,72,74,94,472,0,472,용산 전자상가_5
2015,2,D,발달상권,1001154,316,151,165,57,43,61,53,47,55,27,20,30,27,23,24,30,23,31,26,24,31,131,0,131,용산 전자상가_4
2015,2,D,발달상권,1001153,1536,750,786,279,261,321,241,215,219,141,117,161,124,107,100,138,144,160,117,108,119,642,109,533,당산역_1
2015,2,D,발달상권,1001152,140,68,72,27,22,24,24,23,20,14,11,12,11,11,9,13,11,12,13,12,11,54,54,0,서울 광진구 강변역
2015,2,D,발달상권,1001151,516,253,263,81,73,103,83,81,95,41,35,51,44,40,42,40,38,52,39,41,53,240,69,171,용산 전자상가_3
2015,2,D,발달상권,1001150,1363,638,725,155,193,238,215,235,327,77,101,120,104,109,127,78,92,118,111,126,200,761,47,714,서울 용산구 이태원역
2015,2,D,발달상권,1001149,464,221,243,59,64,98,77,73,93,30,31,49,38,34,39,29,33,49,39,39,54,240,0,240,한남오거리
2015,2,D,발달상권,1001147,113,56,57,14,16,20,17,20,26,7,8,10,9,10,12,7,8,10,8,10,14,59,56,3,용산 전자상가_2
2015,2,D,발달상권,1001146,221,104,117,26,31,39,35,38,52,13,16,20,17,18,20,13,15,19,18,20,32,123,0,123,용산구청
2015,2,D,발달상권,1001145,209,104,105,25,30,38,32,36,48,13,15,19,17,18,22,12,15,19,15,18,26,104,89,15,용산 전자상가_1
2015,2,D,발달상권,1001144,1116,534,582,218,140,182,188,168,220,113,67,84,92,79,99,105,73,98,96,89,121,403,0,403,국회의사당역_2
2015,2,D,발달상권,1001143,492,244,248,60,68,88,75,88,113,31,34,44,39,44,52,29,34,44,36,44,61,251,0,251,서울 용산구 신용산역
2015,2,D,발달상권,1001142,314,150,164,61,39,52,53,47,62,31,19,24,26,22,28,30,20,28,27,25,34,114,0,114,국회의사당역_1
2015,2,D,발달상권,1001141,3298,1529,1769,691,386,544,595,434,648,343,174,240,280,202,290,348,212,304,315,232,358,1286,238,1048,압구정 로데오거리_2
2015,2,D,발달상권,1001140,3612,1676,1936,755,422,601,663,473,698,374,193,266,311,219,313,381,229,335,352,254,385,1412,57,1355,서울 강남구 압구정역
2015,2,D,발달상권,1001139,1173,582,591,174,175,234,180,189,221,86,88,119,95,92,102,88,87,115,85,97,119,548,0,548,서울 영등포구 영등포구청역
2015,2,D,발달상권,1001138,827,396,431,156,121,152,148,123,127,85,58,68,68,58,59,71,63,84,80,65,68,335,62,273,압구정 로데오거리_1
2015,2,D,발달상권,1001137,911,457,454,157,139,175,149,152,139,87,71,90,74,71,64,70,68,85,75,81,75,375,10,365,서울 강동구 둔촌동역
2015,2,D,발달상권,1001136,1137,551,586,308,143,143,255,171,117,156,68,63,120,88,56,152,75,80,135,83,61,366,224,142,오목교역
2015,2,D,발달상권,1001135,6154,2889,3265,1128,918,1144,1087,817,1060,577,414,510,514,388,486,551,504,634,573,429,574,2678,189,2489,신사동 가로수길
2015,2,D,발달상권,1001134,1224,582,642,240,153,200,205,184,242,122,73,92,100,86,109,118,80,108,105,98,133,446,0,446,서울 영등포구 여의도역_2
2015,2,D,발달상권,1001133,245,118,127,48,35,46,42,36,38,26,17,21,20,17,17,22,18,25,22,19,21,99,18,81,청담사거리_3
2015,2,D,발달상권,1001132,683,338,345,101,100,137,105,110,130,49,50,70,56,53,60,52,50,67,49,57,70,325,0,325,영등포유통상가
2015,2,D,발달상권,1001131,441,210,231,84,63,81,78,66,69,45,30,36,36,31,32,39,33,45,42,35,37,177,177,0,청담역_2
2015,2,D,발달상권,1001130,167,79,88,32,25,30,29,25,26,17,12,13,13,12,12,15,13,17,16,13,14,67,46,21,청담역_1
2015,2,D,발달상권,1001129,307,146,161,58,45,56,54,46,48,31,21,25,25,21,23,27,24,31,29,25,25,124,94,30,청담사거리_2
2015,2,D,발달상권,1001128,730,348,382,139,107,133,129,109,113,74,51,60,60,51,52,65,56,73,69,58,61,295,191,104,청담사거리_1
2015,2,D,발달상권,1001127,2430,1155,1275,477,303,396,406,365,483,243,145,182,197,170,218,234,158,214,209,195,265,877,445,432,서울 영등포구 여의도역_1
2015,2,D,발달상권,1001126,383,190,193,64,55,75,60,62,67,33,27,39,30,29,32,31,28,36,30,33,35,161,12,149,서울 양천구 신정네거리역_2
2015,2,D,발달상권,1001125,457,218,239,87,67,85,80,67,71,47,32,38,37,32,32,40,35,47,43,35,39,184,114,70,학동사거리_2
2015,2,D,발달상권,1001124,1220,691,529,126,219,233,183,216,243,64,109,133,119,135,131,62,110,100,64,81,112,737,0,737,서울 영등포구 영등포시장역
2015,2,D,발달상권,1001123,542,254,288,84,83,123,89,72,91,43,37,55,43,34,42,41,46,68,46,38,49,254,44,210,학동사거리_1
2015,2,D,발달상권,1001122,877,417,460,172,110,142,147,133,173,88,52,65,72,62,78,84,58,77,75,71,95,319,196,123,여의도 시범아파트앞
2015,2,D,발달상권,1001121,619,356,263,62,110,121,92,111,123,33,54,70,62,70,67,29,56,51,30,41,56,387,162,225,영등포역_3
2015,2,D,발달상권,1001120,507,235,272,101,63,88,91,66,98,51,28,39,43,30,44,50,35,49,48,36,54,205,20,185,도산공원사거리_1
2015,2,D,발달상권,1001119,666,377,289,68,120,127,100,116,135,35,59,73,65,73,72,33,61,54,35,43,63,414,16,398,영등포역_2
2015,2,D,발달상권,1001118,206,102,104,43,25,43,34,27,34,22,12,21,18,13,16,21,13,22,16,14,18,80,80,0,문래동 주민센터
2015,2,D,발달상권,1001117,1081,497,584,110,217,304,165,132,153,55,90,137,85,60,70,55,127,167,80,72,83,611,0,611,강남구 신사역_2
2015,2,D,발달상권,1001116,209,119,90,22,38,40,31,36,42,11,19,23,20,23,23,11,19,17,11,13,19,130,88,42,영등포역_1
2015,2,D,발달상권,1001115,183,86,97,26,29,44,30,24,30,14,13,19,15,11,14,12,16,25,15,13,16,89,0,89,서울 강남구 강남구청역_2
2015,2,D,발달상권,1001114,1743,831,912,386,222,324,364,232,215,197,103,148,177,110,96,189,119,176,187,122,119,711,19,692,강남구 신사역_1
2015,2,D,발달상권,1001113,26,13,13,4,4,5,4,4,5,2,2,3,2,2,2,2,2,2,2,2,3,11,0,11,서울 동작구 노량진1동_1
2015,2,D,발달상권,1001112,169,80,89,25,28,41,26,22,27,13,12,19,13,10,13,12,16,22,13,12,14,84,0,84,서울 강남구 학동역_3
2015,2,D,발달상권,1001111,515,247,268,73,86,124,83,66,83,40,38,57,41,32,39,33,48,67,42,34,44,251,71,180,서울 강남구 강남구청역_1
2015,2,D,발달상권,1001110,3894,1854,2040,796,574,586,647,671,620,398,285,269,290,315,297,398,289,317,357,356,323,1323,944,379,잠실역
2015,2,D,발달상권,1001109,3733,1771,1962,827,475,694,784,494,459,422,218,316,380,234,201,405,257,378,404,260,258,1533,30,1503,강남구 논현역_4
2015,2,D,발달상권,1001108,721,331,390,72,145,203,108,91,102,36,60,92,56,41,46,36,85,111,52,50,56,412,266,146,학동역
2015,2,D,발달상권,1001107,3175,1554,1621,489,513,702,505,507,459,260,248,354,245,233,214,229,265,348,260,274,245,1441,0,1441,방이동 먹자골목
2015,2,D,발달상권,1001106,135,65,70,19,22,32,22,19,21,10,10,15,11,9,10,9,12,17,11,10,11,66,0,66,서울 강남구 학동역_2
2015,2,D,발달상권,1001105,1610,805,805,262,267,284,244,248,305,136,143,151,127,115,133,126,124,133,117,133,172,670,67,603,서울 동작구 노량진역
2015,2,D,발달상권,1001104,3,1,2,2,0,0,1,0,0,1,0,0,0,0,0,1,0,0,1,0,0,2,0,2,삼성역_3
2015,2,D,발달상권,1001102,1082,499,583,109,219,303,164,135,152,55,92,136,84,62,70,54,127,167,80,73,82,611,10,601,서울 강남구 학동역_1
2015,2,D,발달상권,1001101,1925,922,1003,407,256,408,386,226,242,223,119,172,190,109,109,184,137,236,196,117,133,839,53,786,선정릉역_2
2015,2,D,발달상권,1001100,125,58,67,12,26,35,19,15,18,6,11,16,10,7,8,6,15,19,9,8,10,73,0,73,강남구 논현역_3
2015,2,D,발달상권,1001099,807,406,401,156,118,134,136,131,132,93,62,64,61,63,63,63,56,70,75,68,69,299,33,266,포스코사거리_2
2015,2,D,발달상권,1001098,3641,1743,1898,771,480,774,727,427,462,421,223,328,356,208,207,350,257,446,371,219,255,1574,341,1233,포스코사거리_1
2015,2,D,발달상권,1001097,4157,1997,2160,938,538,667,716,636,662,481,260,296,345,295,320,457,278,371,371,341,342,1417,0,1417,잠실역 롯데월드
2015,2,D,발달상권,1001096,1023,507,516,186,153,211,165,151,157,95,71,106,86,74,75,91,82,105,79,77,82,418,418,0,신도림역
2015,2,D,발달상권,1001095,4487,2064,2423,446,908,1259,678,563,633,223,378,567,349,258,289,223,530,692,329,305,344,2554,258,2296,강남구 논현역_2
2015,2,D,발달상권,1001094,738,355,383,157,97,156,147,87,94,87,45,66,73,42,42,70,52,90,74,45,52,318,36,282,선정릉역_1
2015,2,D,발달상권,1001093,2788,1326,1462,441,485,613,452,416,381,224,221,298,219,193,171,217,264,315,233,223,210,1324,9,1315,신천역
2015,2,D,발달상권,1001092,5075,2450,2625,1042,749,1052,941,666,625,538,345,483,485,319,280,504,404,569,456,347,345,2271,51,2220,강남구 논현역_1
2015,2,D,발달상권,1001091,493,249,244,119,75,46,101,91,61,69,39,20,43,48,30,50,36,26,58,43,31,166,0,166,삼성역_2
2015,2,D,발달상권,1001090,741,349,392,106,123,180,119,96,117,56,54,83,58,44,54,50,69,97,61,52,63,361,0,361,삼정역_2
2015,2,D,발달상권,1001089,68,31,37,6,14,20,10,9,9,3,6,9,5,4,4,3,8,11,5,5,5,41,0,41,삼정역_1
2015,2,D,발달상권,1001088,4554,2303,2251,1097,691,437,948,817,564,628,368,198,408,429,272,469,323,239,540,388,292,1530,37,1493,삼성역_1
2015,2,D,발달상권,1001087,2250,1064,1186,223,471,656,339,279,282,111,192,311,181,137,132,112,279,345,158,142,150,1356,28,1328,서울 강남구 선릉역_2
2015,2,D,발달상권,1001085,3321,1570,1751,324,698,969,503,409,418,160,286,460,269,200,195,164,412,509,234,209,223,1983,312,1671,서울 서초구 강남역
2015,2,D,발달상권,1001084,1693,811,882,360,224,360,337,198,214,197,105,152,165,96,96,163,119,208,172,102,118,738,418,320,서울 강남구 선릉역_1
2015,2,D,발달상권,1001083,484,230,254,78,82,104,75,74,71,39,37,50,36,35,33,39,45,54,39,39,38,214,14,200,서울 송파구 석촌역_2
2015,2,D,발달상권,1001082,5143,2425,2718,976,875,981,1080,675,556,525,408,423,477,338,254,451,467,558,603,337,302,2457,1069,1388,선릉역_2
2015,2,D,발달상권,1001081,958,454,504,98,201,277,146,118,118,49,81,132,78,58,56,49,120,145,68,60,62,569,63,506,서울 강남구 역삼역_2
2015,2,D,발달상권,1001080,258,123,135,42,44,56,39,39,38,21,20,27,19,18,18,21,24,29,20,21,20,115,0,115,서울 송파구 석촌역_1
2015,2,D,발달상권,1001078,3214,1563,1651,791,373,492,663,429,466,408,179,214,326,210,226,383,194,278,337,219,240,1123,407,716,서울 강남구 강남역_2
2015,2,D,발달상권,1001077,1435,676,759,346,178,278,298,167,168,178,78,120,142,83,75,168,100,158,156,84,93,583,149,434,선릉역_1
2015,2,D,발달상권,1001076,384,190,194,64,62,79,61,57,61,33,28,40,32,28,29,31,34,39,29,29,32,170,0,170,구로역
2015,2,D,발달상권,1001075,367,176,191,90,47,70,75,42,43,46,21,31,37,21,20,44,26,39,38,21,23,144,0,144,역삼역_2
2015,2,D,발달상권,1001074,523,259,264,87,83,108,84,78,83,45,38,55,44,38,39,42,45,53,40,40,44,230,225,5,대림역_2
2015,2,D,발달상권,1001073,3423,1621,1802,339,719,996,517,423,429,168,295,474,275,207,202,171,424,522,242,216,227,2048,137,1911,서울 강남구 역삼역_1
2015,2,D,발달상권,1001072,1349,662,687,264,192,240,235,192,226,137,93,122,117,92,101,127,99,118,118,100,125,536,81,455,신대방삼거리역
2015,2,D,발달상권,1001071,1984,935,1049,375,340,376,416,263,214,202,158,162,184,132,97,173,182,214,232,131,117,949,11,938,서울 강남구 한티역
2015,2,D,발달상권,1001070,549,277,272,133,83,52,114,99,68,77,44,23,49,52,32,56,39,29,65,47,36,186,83,103,은마아파트입구사거리_4
2015,2,D,발달상권,1001069,293,137,156,55,50,55,61,40,32,29,23,23,27,20,15,26,27,32,34,20,17,141,14,127,은마아파트입구사거리_3
2015,2,D,발달상권,1001068,129,64,65,32,19,12,27,23,16,18,10,5,12,12,7,14,9,7,15,11,9,45,0,45,은마아파트입구사거리_2
2015,2,D,발달상권,1001067,1307,644,663,210,200,254,190,208,245,103,99,132,99,98,113,107,101,122,91,110,132,551,386,165,오류동역
2015,2,D,발달상권,1001066,860,407,453,85,181,250,131,107,106,42,74,119,70,53,49,43,107,131,61,54,57,517,245,272,서울 강남구 강남역
2015,2,D,발달상권,1001065,181,90,91,56,21,14,44,26,20,31,10,6,19,14,10,25,11,8,25,12,10,48,0,48,은마아파트입구사거리_1
2015,2,D,발달상권,1001064,481,241,240,74,64,98,79,73,93,39,31,52,42,35,42,35,33,46,37,38,51,233,180,53,대림역_1
2015,2,D,발달상권,1001063,880,427,453,218,104,133,181,117,127,113,50,58,88,58,60,105,54,75,93,59,67,303,49,254,교대역_4
2015,2,D,발달상권,1001062,2465,1205,1260,503,331,481,427,348,375,263,162,223,213,164,180,240,169,258,214,184,195,984,570,414,서울 강남구 강남역_1
2015,2,D,발달상권,1001061,2767,1303,1464,628,355,395,562,403,424,303,164,176,263,199,198,325,191,219,299,204,226,1018,505,513,방배동카페골목
2015,2,D,발달상권,1001059,193,96,97,34,30,33,32,31,33,19,15,16,15,15,16,15,15,17,17,16,17,77,0,77,교대역_3
2015,2,D,발달상권,1001058,2597,1234,1363,257,546,755,392,321,326,128,225,360,209,158,154,129,321,395,183,163,172,1556,223,1333,역삼역_1
2015,2,D,발달상권,1001057,1861,893,968,344,285,361,301,275,295,176,136,167,146,129,139,168,149,194,155,146,156,780,343,437,교대역_2
2015,2,D,발달상권,1001056,423,212,211,79,68,71,74,74,57,41,34,37,36,37,27,38,34,34,38,37,30,167,157,10,서울 송파구 가락시장역
2015,2,D,발달상권,1001055,219,109,110,39,34,36,37,35,38,22,17,18,17,17,18,17,17,18,20,18,20,86,0,86,서울 서초구 서초역
2015,2,D,발달상권,1001054,204,102,102,63,24,15,50,30,22,35,12,6,22,16,11,28,12,9,28,14,11,54,54,0,서울 강남구 대치역_2
2015,2,D,발달상권,1001053,530,263,267,163,62,40,129,78,58,90,30,17,56,42,28,73,32,23,73,36,30,140,140,0,서울 강남구 대치역_1
2015,2,D,발달상권,1001052,1191,567,624,118,251,347,178,148,149,59,103,166,96,73,70,59,148,181,82,75,79,712,325,387,뱅뱅사거리_2
2015,2,D,발달상권,1001051,2557,1262,1295,503,351,476,443,357,427,260,168,244,222,171,197,243,183,232,221,186,230,1050,920,130,보라매공원
2015,2,D,발달상권,1001050,2768,1375,1393,493,437,453,468,440,477,277,218,223,217,216,224,216,219,230,251,224,253,1099,79,1020,교대역_1
2015,2,D,발달상권,1001049,2688,1335,1353,506,342,495,411,435,499,262,177,252,207,200,237,244,165,243,204,235,262,984,22,962,개봉동 현대아파트 인근
2015,2,D,발달상권,1001048,1838,897,941,374,247,360,319,258,280,195,121,166,158,123,134,179,126,194,161,135,146,738,460,278,뱅뱅사거리
2015,2,D,발달상권,1001047,2130,1018,1112,430,333,354,364,341,308,212,156,166,172,165,147,218,177,188,192,176,161,806,55,751,뱅뱅사거리_1
2015,2,D,발달상권,1001046,2966,1498,1468,207,966,807,356,282,348,104,441,457,198,137,161,103,525,350,158,145,187,2079,286,1793,서울 관악구 신림역_4
2015,2,D,발달상권,1001045,1551,756,795,237,231,316,220,252,295,126,110,158,110,118,134,111,121,158,110,134,161,621,31,590,동작구 총신대입구역_1
2015,2,D,발달상권,1001044,2534,1237,1297,517,341,495,440,355,386,270,168,229,218,168,184,247,173,266,222,187,202,1027,335,692,양재역_3
2015,2,D,발달상권,1001043,2178,1017,1161,449,308,369,398,310,344,215,139,170,183,151,159,234,169,199,215,159,185,847,773,74,동작구 총신대입구역_2
2015,2,D,발달상권,1001042,872,420,452,163,132,170,141,130,136,84,63,79,69,61,64,79,69,91,72,69,72,357,56,301,서울 서초구 남부터미널역_3
2015,2,D,발달상권,1001041,2243,1021,1222,254,308,435,237,420,589,124,154,238,113,173,219,130,154,197,124,247,370,1033,520,513,서울 강남구 수서역
2015,2,D,발달상권,1001040,1012,510,502,70,329,276,121,97,119,36,150,156,67,46,55,34,179,120,54,51,64,703,142,561,서울 관악구 신림역_3
2015,2,D,발달상권,1001039,3543,1763,1780,628,564,581,593,565,612,351,281,286,278,277,290,277,283,295,315,288,322,1437,462,975,서울 서초구 남부터미널역_2
2015,2,D,발달상권,1001038,2297,1166,1131,348,439,611,328,259,312,179,206,334,183,121,143,169,233,277,145,138,169,1051,0,1051,구로디지탈1단지
2015,2,D,발달상권,1001037,2642,1264,1378,532,414,439,452,423,382,262,195,206,215,205,181,270,219,233,237,218,201,994,317,677,양재역
2015,2,D,발달상권,1001036,489,240,249,89,81,81,79,88,71,46,41,40,38,40,35,43,40,41,41,48,36,186,0,186,문정역
2015,2,D,발달상권,1001035,1680,791,889,407,220,226,334,254,239,195,102,98,150,127,119,212,118,128,184,127,120,544,15,529,매봉역
2015,2,D,발달상권,1001034,1286,614,672,222,190,263,206,186,219,118,89,122,98,86,101,104,101,141,108,100,118,534,146,388,서울 서초구 방배역
2015,2,D,발달상권,1001033,1033,495,538,190,159,200,168,152,164,98,76,92,81,71,77,92,83,108,87,81,87,432,352,80,서울 서초구 남부터미널역_1
2015,2,D,발달상권,1001032,1992,1015,977,224,450,461,273,265,319,115,233,259,141,118,149,109,217,202,132,147,170,1039,84,955,서울 관악구 신림역_2
2015,2,D,발달상권,1001031,221,113,108,26,49,50,31,30,35,13,26,28,16,14,16,13,23,22,15,16,19,119,86,33,서울 관악구 신림역_1
2015,2,D,발달상권,1001030,1157,560,597,264,144,234,181,157,177,135,72,112,92,72,77,129,72,122,89,85,100,423,46,377,양재역_2
2015,2,D,발달상권,1001029,17,8,9,4,2,4,2,2,3,2,1,2,1,1,1,2,1,2,1,1,2,7,0,7,양재역_1
2015,2,D,발달상권,1001028,1020,505,515,128,222,220,136,138,176,65,104,119,73,64,80,63,118,101,63,74,96,530,0,530,서울 관악구 서울대입구역_2
2015,2,D,발달상권,1001027,2071,1169,902,226,418,442,319,347,319,113,230,279,192,193,162,113,188,163,127,154,157,1186,99,1087,가산디지털단지역_3
2015,2,D,발달상권,1001026,369,202,167,40,38,51,75,82,83,21,20,30,44,48,39,19,18,21,31,34,44,205,0,205,구로디지털단지역
2015,2,D,발달상권,1001025,3719,1862,1857,475,879,806,504,466,589,240,423,439,272,220,268,235,456,367,232,246,321,2063,837,1226,서울 관악구 서울대입구역_1
2015,2,D,발달상권,1001024,701,334,367,120,108,121,111,117,124,61,52,61,51,53,56,59,56,60,60,64,68,280,49,231,관악구 사당역_1
2015,2,D,발달상권,1001023,899,508,391,98,181,192,139,152,137,49,99,121,84,85,70,49,82,71,55,67,67,514,0,514,가산디지털단지역_2
2015,2,D,발달상권,1001022,933,452,481,109,189,208,121,142,164,59,87,106,61,62,77,50,102,102,60,80,87,446,0,446,관악구 사당역_2
2015,2,D,발달상권,1001021,538,304,234,58,109,115,82,91,83,29,59,73,50,51,42,29,50,42,32,40,41,306,0,306,가산디지털단지역_1
2015,2,D,발달상권,1001019,185,91,94,36,27,33,34,31,24,19,13,17,16,15,11,17,14,16,18,16,13,79,0,79,포이사거리_1
2015,2,D,발달상권,1001018,3238,1635,1603,561,484,725,564,464,440,294,239,380,292,227,203,267,245,345,272,237,237,1491,0,1491,포이사거리_2
2015,2,D,발달상권,1001017,773,373,400,112,156,168,103,107,127,56,71,87,52,48,59,56,85,81,51,59,68,358,8,350,관악구 사당역_3
2015,2,D,발달상권,1001016,2581,1491,1090,281,614,580,394,335,377,148,367,380,250,169,177,133,247,200,144,166,200,1518,0,1518,서울 관악구 대학동_1
2015,2,D,발달상권,1001015,976,512,464,152,160,195,153,151,165,80,87,112,82,77,74,72,73,83,71,74,91,451,0,451,서울 금천구 독산1동_1
2015,2,D,발달상권,1001014,148,74,74,25,22,34,26,21,20,13,11,18,13,10,9,12,11,16,13,11,11,68,0,68,양재동 꽃시장
2015,2,D,발달상권,1001013,204,104,100,35,30,46,36,29,28,19,15,24,19,14,13,16,15,22,17,15,15,98,0,98,양재 화물트럭터미널앞_2
2015,2,D,발달상권,1001012,31,16,15,6,4,7,6,4,4,3,2,4,3,2,2,3,2,3,3,2,2,15,0,15,양재 화물트럭터미널앞_1
2015,2,D,발달상권,1001011,1024,516,508,175,141,175,174,176,183,92,73,91,89,86,85,83,68,84,85,90,98,412,61,351,서울 금천구 시흥1동_4
2015,2,A,골목상권,1001010,3048,1515,1533,429,474,598,466,531,550,221,232,317,240,254,251,208,242,281,226,277,299,1423,12,1411,풍성로37가길
2015,2,A,골목상권,1001009,4447,2219,2228,627,694,873,676,776,801,324,344,465,349,371,366,303,350,408,327,405,435,2096,25,2071,천호옛길
2015,2,A,골목상권,1001008,2700,1340,1360,380,419,533,410,472,486,194,208,282,210,224,222,186,211,251,200,248,264,1294,67,1227,천호옛14길
2015,2,A,골목상권,1001007,3691,1842,1849,726,574,500,619,722,550,379,313,263,286,342,259,347,261,237,333,380,291,1344,0,1344,천호대로219길
2015,2,A,골목상권,1001006,4080,2018,2062,704,614,771,644,698,649,373,302,398,316,322,307,331,312,373,328,376,342,1606,551,1055,천호대로197길
2015,2,A,골목상권,1001005,3268,1617,1651,564,493,616,519,560,516,298,242,318,255,261,243,266,251,298,264,299,273,1290,143,1147,천호대로187길
2015,2,A,골목상권,1001004,3676,1831,1845,519,570,721,560,643,663,269,281,383,287,308,303,250,289,338,273,335,360,1701,292,1409,천호대로170길
2015,2,A,골목상권,1001003,2191,1091,1100,306,344,429,336,382,394,157,170,228,174,182,180,149,174,201,162,200,214,1028,278,750,천호대로162길
2015,2,A,골목상권,1001002,4411,2177,2234,807,657,798,719,746,684,426,325,408,349,349,320,381,332,390,370,397,364,1697,354,1343,천중로51길
2015,2,A,골목상권,1001001,5750,2896,2854,905,827,1017,914,1036,1051,470,419,544,472,506,485,435,408,473,442,530,566,2500,660,1840,천중로39길
2015,2,A,골목상권,1001000,2265,1121,1144,389,343,428,359,389,357,207,168,221,177,180,168,182,175,207,182,209,189,893,83,810,진황도로47길
2015,2,A,골목상권,1000999,8355,4224,4131,1119,1203,1591,1277,1545,1620,563,597,856,688,758,762,556,606,735,589,787,858,4012,784,3228,진황도로27길
2015,2,A,골목상권,1000998,2772,1385,1387,502,377,496,478,464,455,261,193,259,240,227,205,241,184,237,238,237,250,1134,176,958,올림픽로98길
2015,2,A,골목상권,1000997,3078,1557,1521,463,424,570,512,548,561,242,213,298,275,269,260,221,211,272,237,279,301,1364,0,1364,올림픽로80길
2015,2,A,골목상권,1000996,1700,859,841,255,233,315,285,302,310,132,117,165,154,147,144,123,116,150,131,155,166,753,67,686,올림픽로78길
2015,2,A,골목상권,1000995,3241,1639,1602,489,448,602,538,575,589,255,225,314,290,282,273,234,223,288,248,293,316,1442,19,1423,올림픽로77길
2015,2,A,골목상권,1000994,4027,2042,1985,608,553,749,669,714,734,319,279,393,360,351,340,289,274,356,309,363,394,1784,0,1784,올림픽로71길
2015,2,A,골목상권,1000993,1841,906,935,372,247,355,300,279,288,190,125,173,150,133,135,182,122,182,150,146,153,686,96,590,올림픽로48길
2015,2,A,골목상권,1000992,3266,1624,1642,651,483,518,535,582,497,338,252,261,267,275,231,313,231,257,268,307,266,1176,684,492,양재대로96길
2015,2,A,골목상권,1000991,3971,1982,1989,685,604,762,652,663,605,380,306,388,322,307,279,305,298,374,330,356,326,1632,191,1441,양재대로95길
2015,2,A,골목상권,1000990,3847,1923,1924,665,586,737,633,640,586,369,297,377,312,298,270,296,289,360,321,342,316,1592,481,1111,양재대로91길
2015,2,A,골목상권,1000989,5182,2597,2585,852,745,900,832,926,927,445,376,482,423,448,423,407,369,418,409,478,504,2207,401,1806,양재대로133길
2015,2,A,골목상권,1000988,5541,2743,2798,956,837,1043,873,951,881,508,413,537,429,439,417,448,424,506,444,512,464,2178,331,1847,양재대로124길
2015,2,A,골목상권,1000987,1765,874,891,304,268,333,280,300,280,161,132,172,138,139,132,143,136,161,142,161,148,697,212,485,양재대로116길
2015,2,A,골목상권,1000986,5237,2622,2615,904,798,1004,861,875,795,501,408,513,426,408,366,403,390,491,435,467,429,2158,350,1808,양재대로101길
2015,2,A,골목상권,1000985,7199,3599,3600,1312,980,1283,1238,1205,1181,682,500,671,620,593,533,630,480,612,618,612,648,2943,137,2806,암사길
2015,2,A,골목상권,1000984,3752,1840,1912,757,507,723,619,563,583,389,256,350,311,262,272,368,251,373,308,301,311,1402,246,1156,성안로3길
2015,2,A,골목상권,1000983,3545,1743,1802,718,479,683,579,533,553,369,241,332,292,251,258,349,238,351,287,282,295,1323,757,566,성내로5길
2015,2,A,골목상권,1000982,2246,1122,1124,440,348,305,379,438,336,230,190,160,176,208,158,210,158,145,203,230,178,818,0,818,상일로5길
2015,2,A,골목상권,1000981,2434,1196,1238,522,294,518,408,352,340,261,145,251,215,165,159,261,149,267,193,187,181,935,324,611,상암로5길
2015,2,A,골목상권,1000980,4064,1987,2077,893,567,627,726,672,579,470,287,305,343,320,262,423,280,322,383,352,317,1424,409,1015,상암로51길
2015,2,A,골목상권,1000979,4926,2463,2463,897,641,978,820,796,794,457,321,493,438,385,369,440,320,485,382,411,425,2081,136,1945,상암로4길
2015,2,A,골목상권,1000978,2923,1481,1442,439,402,542,487,520,533,230,202,284,263,254,248,209,200,258,224,266,285,1335,438,897,상암로14길
2015,2,A,골목상권,1000977,2353,1170,1183,468,350,371,386,419,359,242,183,187,193,198,167,226,167,184,193,221,192,838,135,703,명일로13길
2015,2,A,골목상권,1000976,4245,2153,2092,1001,569,655,756,704,560,545,313,321,373,354,247,456,256,334,383,350,313,1466,0,1466,동남로85길
2015,2,A,골목상권,1000975,2124,1089,1035,367,323,292,359,426,357,199,177,156,177,215,165,168,146,136,182,211,192,846,30,816,동남로82길
2015,2,A,골목상권,1000974,4604,2312,2292,1016,727,503,825,887,646,554,401,239,369,434,315,462,326,264,456,453,331,1472,0,1472,동남로65길
2015,2,A,골목상권,1000973,4832,2426,2406,786,696,840,775,861,874,410,351,448,398,419,400,376,345,392,377,442,474,2071,101,1970,구천면로42길
2015,2,A,골목상권,1000972,5190,2626,2564,784,714,964,862,921,945,409,357,506,464,451,439,375,357,458,398,470,506,2336,298,2038,구천면로41길
2015,2,A,골목상권,1000971,3490,1757,1733,515,504,636,546,637,652,263,253,340,287,311,303,252,251,296,259,326,349,1590,0,1590,구천면로36길
2015,2,A,골목상권,1000970,1476,748,728,349,197,229,263,245,193,190,108,112,130,123,85,159,89,117,133,122,108,505,0,505,고덕로61길
2015,2,A,골목상권,1000969,1623,801,822,392,198,269,286,262,216,196,105,125,143,124,108,196,93,144,143,138,108,521,192,329,고덕로25길
2015,2,A,골목상권,1000968,2177,1091,1086,397,294,389,375,364,358,207,150,204,189,179,162,190,144,185,186,185,196,890,93,797,고덕로10길
2015,2,A,골목상권,1000967,3155,1577,1578,547,480,606,514,527,481,305,243,309,255,243,222,242,237,297,259,284,259,1299,304,995,강동대로53길
2015,2,A,골목상권,1000966,2691,1327,1364,433,381,458,443,475,501,217,196,231,227,227,229,216,185,227,216,248,272,1160,0,1160,풍성로25길
2015,2,A,골목상권,1000965,2892,1413,1479,667,426,421,553,472,353,340,213,202,261,231,166,327,213,219,292,241,187,1015,117,898,오금로46길
2015,2,A,골목상권,1000964,3384,1692,1692,632,541,567,592,597,455,330,267,291,289,302,213,302,274,276,303,295,242,1351,67,1284,오금로36길
2015,2,A,골목상권,1000963,4734,2320,2414,722,771,1051,747,758,685,384,374,531,363,348,320,338,397,520,384,410,365,2142,55,2087,오금로11길
2015,2,A,골목상권,1000962,2180,1079,1101,415,337,317,378,394,339,217,174,154,180,195,159,198,163,163,198,199,180,810,355,455,양재대로72길
2015,2,A,골목상권,1000961,2059,1017,1042,446,300,295,389,340,289,232,157,141,181,169,137,214,143,154,208,171,152,774,71,703,양재대로71길
2015,2,A,골목상권,1000960,3422,1710,1712,637,549,574,596,603,463,333,271,296,290,303,217,304,278,278,306,300,246,1362,80,1282,양재대로64길
2015,2,A,골목상권,1000959,1842,922,920,344,295,309,321,324,249,181,146,160,157,162,116,163,149,149,164,162,133,730,291,439,양재대로62길
2015,2,A,골목상권,1000958,3220,1611,1609,603,513,538,562,571,433,316,254,277,275,287,202,287,259,261,287,284,231,1283,363,920,송파대로30길
2015,2,A,골목상권,1000957,3909,1923,1986,760,614,671,647,670,547,390,309,332,316,312,264,370,305,339,331,358,283,1459,363,1096,송이로36길
2015,2,A,골목상권,1000956,5997,2944,3053,1084,1005,992,971,1073,872,556,506,490,465,495,432,528,499,502,506,578,440,2261,257,2004,송이로32길
2015,2,A,골목상권,1000955,6115,2990,3125,1411,903,888,1168,1005,740,721,450,424,553,495,347,690,453,464,615,510,393,2145,160,1985,송이로23길
2015,2,A,골목상권,1000954,7388,3516,3872,1162,1289,1627,1195,1108,1007,593,581,794,574,515,459,569,708,833,621,593,548,3515,59,3456,삼전로13길
2015,2,A,골목상권,1000953,7200,3527,3673,1099,1173,1597,1138,1147,1046,585,569,806,553,526,488,514,604,791,585,621,558,3287,312,2975,백제고분로50길
2015,2,A,골목상권,1000952,3666,1750,1916,616,616,751,575,574,534,308,284,362,277,270,249,308,332,389,298,304,285,1564,17,1547,백제고분로46길
2015,2,A,골목상권,1000951,5154,2448,2706,830,878,1110,797,788,751,415,395,532,388,369,349,415,483,578,409,419,402,2281,326,1955,백제고분로45길
2015,2,A,골목상권,1000950,4813,2291,2522,773,820,1033,743,740,704,386,370,497,361,348,329,387,450,536,382,392,375,2133,8,2125,백제고분로42길
2015,2,A,골목상권,1000949,3955,1921,2034,636,622,883,638,611,565,330,289,441,320,282,259,306,333,442,318,329,306,1802,11,1791,백제고분로39길
2015,2,A,골목상권,1000948,8338,4049,4289,1340,1312,1862,1342,1288,1194,697,610,928,672,595,547,643,702,934,670,693,647,3805,96,3709,백제고분로34길
2015,2,A,골목상권,1000947,6822,3308,3514,1102,1071,1521,1097,1054,977,573,495,759,549,486,446,529,576,762,548,568,531,3107,65,3042,백제고분로33길
2015,2,A,골목상권,1000946,6399,3051,3348,1069,1027,1535,1049,910,809,558,467,745,505,416,360,511,560,790,544,494,449,2949,63,2886,백제고분로32길
2015,2,A,골목상권,1000945,7105,3387,3718,1183,1136,1709,1164,1010,903,618,517,831,560,460,401,565,619,878,604,550,502,3285,15,3270,백제고분로31길
2015,2,A,골목상권,1000944,6981,3332,3649,1167,1119,1677,1147,988,883,610,509,814,553,452,394,557,610,863,594,536,489,3221,31,3190,백제고분로22길
2015,2,A,골목상권,1000943,2926,1395,1531,491,470,704,477,415,369,255,215,342,230,189,164,236,255,362,247,226,205,1349,90,1259,백제고분로21길
2015,2,A,골목상권,1000942,4523,2295,2228,844,578,705,783,770,843,432,309,371,410,388,385,412,269,334,373,382,458,1760,119,1641,마천로51길
2015,2,A,골목상권,1000941,3711,1814,1897,856,546,536,711,611,451,437,272,257,336,301,211,419,274,279,375,310,240,1302,391,911,동남로20길
2015,2,A,골목상권,1000940,3233,1647,1586,568,438,495,550,580,602,297,237,265,284,285,279,271,201,230,266,295,323,1259,0,1259,거마로20길
2015,2,A,골목상권,1000939,1904,909,995,363,279,349,335,282,296,194,133,156,156,134,136,169,146,193,179,148,160,766,632,134,학동로77길
2015,2,A,골목상권,1000938,1733,799,934,173,349,488,263,216,244,87,146,220,135,99,112,86,203,268,128,117,132,981,15,966,학동로6길
2015,2,A,골목상권,1000937,412,198,214,87,55,87,83,48,52,48,26,37,41,23,23,39,29,50,42,25,29,179,123,56,학동로56길
2015,2,A,골목상권,1000936,1742,822,920,249,286,420,282,226,279,132,125,193,138,104,130,117,161,227,144,122,149,848,109,739,학동로38길
2015,2,A,골목상권,1000935,1031,519,512,201,152,170,173,167,168,121,80,81,77,80,80,80,72,89,96,87,88,396,0,396,테헤란로81길
2015,2,A,골목상권,1000934,4124,2011,2113,674,662,696,594,718,780,357,338,365,285,328,338,317,324,331,309,390,442,2198,19,2179,일원로9길
2015,2,A,골목상권,1000933,3103,1512,1591,505,498,522,451,540,587,266,255,275,217,244,255,239,243,247,234,296,332,1650,80,1570,일원로3길
2015,2,A,골목상권,1000932,2355,1191,1164,567,358,221,490,425,294,325,190,100,211,223,142,242,168,121,279,202,152,789,0,789,영동대로65길
2015,2,A,골목상권,1000931,2718,1370,1348,530,395,449,460,440,444,317,208,214,206,212,213,213,187,235,254,228,231,1029,691,338,영동대로112길
2015,2,A,골목상권,1000930,5906,2786,3120,1425,730,1146,1236,680,689,732,323,496,590,337,308,693,407,650,646,343,381,2392,487,1905,언주로81길
2015,2,A,골목상권,1000929,1205,565,640,221,182,223,212,158,209,113,82,100,100,74,96,108,100,123,112,84,113,523,99,424,압구정로2길
2015,2,A,골목상권,1000928,1596,771,825,336,241,270,291,263,195,173,122,130,133,128,85,163,119,140,158,135,110,595,17,578,선릉로18길
2015,2,A,골목상권,1000927,3316,1578,1738,636,480,607,581,494,518,338,229,271,269,233,238,298,251,336,312,261,280,1354,0,1354,선릉로146길
2015,2,A,골목상권,1000926,1762,834,928,251,290,427,281,231,282,133,127,197,138,108,131,118,163,230,143,123,151,856,167,689,선릉로133길
2015,2,A,골목상권,1000925,2161,1028,1133,412,311,395,381,324,338,220,149,177,175,152,155,192,162,218,206,172,183,874,315,559,선릉로132길
2015,2,A,골목상권,1000924,1375,651,724,198,226,332,221,179,219,105,99,153,109,83,102,93,127,179,112,96,117,670,28,642,선릉로121길
2015,2,A,골목상권,1000923,2664,1253,1411,507,456,503,560,352,286,273,212,216,247,176,129,234,244,287,313,176,157,1276,293,983,삼성로75길
2015,2,A,골목상권,1000922,3341,1575,1766,635,573,635,696,440,362,342,268,274,307,221,163,293,305,361,389,219,199,1602,31,1571,삼성로69길
2015,2,A,골목상권,1000921,2917,1476,1441,704,444,279,605,525,360,402,237,126,261,276,174,302,207,153,344,249,186,980,708,272,삼성로64길
2015,2,A,골목상권,1000920,4488,2116,2372,853,769,853,935,594,484,459,358,367,414,298,220,394,411,486,521,296,264,2155,66,2089,삼성로63길
2015,2,A,골목상권,1000919,1824,909,915,559,216,134,446,268,201,309,104,57,196,145,98,250,112,77,250,123,103,482,426,56,삼성로57길
2015,2,A,골목상권,1000918,1609,766,843,308,231,294,284,240,252,163,111,132,132,112,116,145,120,162,152,128,136,655,25,630,삼성로147길
2015,2,A,골목상권,1000917,2980,1424,1556,634,393,632,598,348,375,347,182,266,293,168,168,287,211,366,305,180,207,1295,172,1123,삼성로115길
2015,2,A,골목상권,1000916,2187,1045,1142,465,290,463,437,257,275,255,135,195,214,123,123,210,155,268,223,134,152,947,13,934,봉은사로68길
2015,2,A,골목상권,1000915,538,256,282,115,71,114,108,62,68,63,32,49,52,30,30,52,39,65,56,32,38,235,61,174,봉은사로57길
2015,2,A,골목상권,1000914,2970,1402,1568,424,485,719,480,387,475,225,212,330,236,178,221,199,273,389,244,209,254,1450,146,1304,봉은사로43길
2015,2,A,골목상권,1000913,1545,730,815,225,254,372,247,200,247,119,111,171,122,92,115,106,143,201,125,108,132,751,34,717,봉은사로29길
2015,2,A,골목상권,1000912,2327,1174,1153,452,339,384,394,377,381,270,182,182,176,182,182,182,157,202,218,195,199,892,235,657,봉은사로109길
2015,2,A,골목상권,1000911,884,422,462,171,127,162,154,132,138,91,61,73,72,62,63,80,66,89,82,70,75,359,36,323,도산대로89길
2015,2,A,골목상권,1000910,797,379,418,152,115,145,141,120,124,81,55,65,65,56,57,71,60,80,76,64,67,323,38,285,도산대로81길
2015,2,A,골목상권,1000909,1981,937,1044,283,325,477,318,258,320,150,143,220,156,121,147,133,182,257,162,137,173,966,457,509,도산대로50길
2015,2,A,골목상권,1000908,1438,682,756,206,235,349,235,185,228,109,103,162,116,86,106,97,132,187,119,99,122,703,0,703,도산대로38길
2015,2,A,골목상권,1000907,1280,605,675,182,213,309,206,168,202,97,92,142,101,79,94,85,121,167,105,89,108,627,13,614,도산대로30길
2015,2,A,골목상권,1000906,2179,1021,1158,397,323,406,384,292,377,202,146,181,182,138,172,195,177,225,202,154,205,958,34,924,도산대로23길
2015,2,A,골목상권,1000905,1102,517,585,202,165,204,194,146,191,103,74,92,92,69,87,99,91,112,102,77,104,481,11,470,도산대로15길
2015,2,A,골목상권,1000904,7409,3499,3910,1788,921,1430,1547,860,863,916,409,619,742,427,386,872,512,811,805,433,477,2996,195,2801,도곡로37길
2015,2,A,골목상권,1000903,4058,1990,2068,783,600,716,749,675,535,405,293,370,357,323,242,378,307,346,392,352,293,1709,26,1683,논현로8길
2015,2,A,골목상권,1000902,1987,939,1048,200,414,579,299,248,247,99,169,274,158,123,116,101,245,305,141,125,131,1192,185,1007,논현로63길
2015,2,A,골목상권,1000901,741,349,392,180,95,101,148,113,104,87,44,44,67,56,51,93,51,57,81,57,53,238,0,238,논현로28길
2015,2,A,골목상권,1000900,2818,1332,1486,684,368,377,564,426,399,330,173,162,257,213,197,354,195,215,307,213,202,911,0,911,논현로26길
2015,2,A,골목상권,1000899,864,406,458,157,129,162,152,115,149,80,58,72,72,55,69,77,71,90,80,60,80,383,15,368,논현로159길
2015,2,A,골목상권,1000898,1798,828,970,178,363,504,272,226,255,89,151,227,140,104,117,89,212,277,132,122,138,1028,29,999,논현로139길
2015,2,A,골목상권,1000897,1768,812,956,176,359,496,269,219,249,88,150,223,138,100,113,88,209,273,131,119,136,1005,0,1005,논현로123길
2015,2,A,골목상권,1000896,3323,1530,1793,331,673,935,506,413,465,166,282,421,259,190,212,165,391,514,247,223,253,1886,86,1800,논현로115길
2015,2,A,골목상권,1000895,1713,839,874,330,252,302,317,287,225,171,124,156,150,137,101,159,128,146,167,150,124,720,0,720,논현로10길
2015,2,A,골목상권,1000894,2389,1135,1254,236,500,695,361,296,301,116,207,331,193,146,142,120,293,364,168,150,159,1433,75,1358,논현로106길
2015,2,A,골목상권,1000893,2358,1124,1234,477,370,390,402,378,341,234,173,183,189,182,163,243,197,207,213,196,178,884,569,315,남부순환로365길
2015,2,A,골목상권,1000891,2159,1057,1102,413,320,382,398,362,284,213,158,197,189,174,126,200,162,185,209,188,158,909,32,877,개포로28길
2015,2,A,골목상권,1000890,2966,1454,1512,570,438,521,549,496,392,294,215,268,262,238,177,276,223,253,287,258,215,1250,41,1209,개포로20길
2015,2,A,골목상권,1000889,3623,1776,1847,698,535,635,670,606,479,361,264,328,319,289,215,337,271,307,351,317,264,1524,64,1460,개포로17길
2015,2,A,골목상권,1000888,1831,844,987,185,371,512,278,227,258,93,155,230,143,105,118,92,216,282,135,122,140,1043,683,360,강남대로140길
2015,2,A,골목상권,1000887,1206,556,650,122,244,339,182,149,170,61,102,153,93,69,78,61,142,186,89,80,92,687,173,514,강남대로136길
2015,2,A,골목상권,1000886,1697,782,915,170,343,478,255,210,241,85,144,216,131,96,110,85,199,262,124,114,131,955,26,929,강남대로118길
2015,2,A,골목상권,1000885,3001,1438,1563,556,460,581,486,441,477,283,219,268,235,208,225,273,241,313,251,233,252,1209,167,1042,서초중앙로8길
2015,2,A,골목상권,1000884,2407,1133,1274,548,307,345,488,351,368,265,142,155,228,173,170,283,165,190,260,178,198,882,157,725,방배중앙로21길
2015,2,A,골목상권,1000883,1804,881,923,367,240,354,313,255,275,191,118,164,156,120,132,176,122,190,157,135,143,725,432,293,효령로72길
2015,2,A,골목상권,1000882,1506,729,777,269,237,225,232,272,271,138,121,109,106,128,127,131,116,116,126,144,144,560,294,266,효령로34길
2015,2,A,골목상권,1000881,1821,871,950,317,270,371,288,261,314,168,127,173,137,122,144,149,143,198,151,139,170,758,24,734,효령로31길
2015,2,A,골목상권,1000880,4541,2171,2370,787,677,923,716,654,784,419,317,431,339,304,361,368,360,492,377,350,423,1892,309,1583,효령로23길
2015,2,A,골목상권,1000879,3159,1515,1644,544,491,549,496,521,558,278,231,276,229,241,260,266,260,273,267,280,298,1260,78,1182,청두곶길
2015,2,A,골목상권,1000878,5403,2608,2795,1108,798,1121,999,710,667,571,368,513,515,341,300,537,430,608,484,369,367,2406,31,2375,주흥길
2015,2,A,골목상권,1000877,3982,1921,2061,816,591,825,736,523,491,421,272,377,379,251,221,395,319,448,357,272,270,1779,42,1737,주흥15길
2015,2,A,골목상권,1000876,2163,1094,1069,374,325,487,377,308,292,196,161,256,196,151,134,178,164,231,181,157,158,986,14,972,언남길
2015,2,A,골목상권,1000875,4498,2142,2356,996,573,833,945,599,552,507,266,381,459,284,245,489,307,452,486,315,307,1819,434,1385,신반포로45길
2015,2,A,골목상권,1000874,5434,2609,2825,931,842,943,854,905,959,475,400,473,397,416,448,456,442,470,457,489,511,2148,27,2121,서초대로8길
2015,2,A,골목상권,1000873,1106,529,577,204,168,215,180,163,176,104,80,99,87,77,82,100,88,116,93,86,94,462,354,108,서초대로64길
2015,2,A,골목상권,1000872,3265,1569,1696,564,500,570,514,540,577,288,238,286,238,250,269,276,262,284,276,290,308,1301,80,1221,서초대로4길
2015,2,A,골목상권,1000871,1389,648,741,287,194,234,255,199,220,137,87,107,118,98,101,150,107,127,137,101,119,543,12,531,서초대로25길
2015,2,A,골목상권,1000870,2771,1293,1478,570,391,471,506,397,436,273,176,217,233,193,201,297,215,254,273,204,235,1076,327,749,서초대로23길
2015,2,A,골목상권,1000869,4242,1978,2264,875,599,720,775,606,667,420,268,332,357,295,306,455,331,388,418,311,361,1648,64,1584,서초대로15길
2015,2,A,골목상권,1000868,2318,1119,1199,475,343,480,428,305,287,245,159,220,221,146,128,230,184,260,207,159,159,1034,16,1018,사평대로57길
2015,2,A,골목상권,1000867,303,143,160,67,41,53,53,44,45,34,20,24,24,20,21,33,21,29,29,24,24,109,0,109,사평대로26길
2015,2,A,골목상권,1000866,1886,895,991,415,256,325,335,269,286,211,120,147,157,124,136,204,136,178,178,145,150,680,61,619,사평대로22길
2015,2,A,골목상권,1000865,1128,539,589,212,171,220,182,166,177,107,81,102,89,77,83,105,90,118,93,89,94,473,113,360,사임당로17길
2015,2,A,골목상권,1000864,1308,617,691,296,167,186,266,192,201,143,77,83,125,95,94,153,90,103,141,97,107,487,26,461,방배로42길
2015,2,A,골목상권,1000863,2164,1015,1149,477,286,326,426,314,335,231,131,148,199,152,154,246,155,178,227,162,181,815,65,750,방배로35길
2015,2,A,골목상권,1000862,1964,938,1026,340,293,400,310,283,338,181,137,187,147,130,156,159,156,213,163,153,182,827,26,801,방배로18길
2015,2,A,골목상권,1000861,1454,723,731,259,230,237,244,231,253,146,114,116,114,113,120,113,116,121,130,118,133,587,15,572,반포대로9길
2015,2,A,골목상권,1000860,1741,840,901,398,216,351,274,235,267,204,107,166,139,108,116,194,109,185,135,127,151,639,68,571,바우뫼로39길
2015,2,A,골목상권,1000859,1641,827,814,283,246,369,285,235,223,148,122,194,147,114,102,135,124,175,138,121,121,754,55,699,마방로2길
2015,2,A,골목상권,1000858,1088,524,564,187,168,190,173,179,191,95,81,95,81,83,89,92,87,95,92,96,102,432,0,432,방배천로4안길
2015,2,A,골목상권,1000857,2023,1021,1002,350,301,454,355,290,273,184,149,238,183,142,125,166,152,216,172,148,148,935,62,873,동산로19길
2015,2,A,골목상권,1000856,2975,1502,1473,514,445,666,517,428,405,269,221,350,267,209,186,245,224,316,250,219,219,1365,85,1280,동산로10길
2015,2,A,골목상권,1000855,1275,606,669,280,172,221,227,184,191,143,81,99,106,86,91,137,91,122,121,98,100,461,73,388,동광로39길
2015,2,A,골목상권,1000854,4238,1992,2246,963,544,608,858,618,647,465,252,270,402,303,300,498,292,338,456,315,347,1553,34,1519,동광로1길
2015,2,A,골목상권,1000853,1280,598,682,266,182,217,233,181,201,126,82,101,108,89,92,140,100,116,125,92,109,499,11,488,동광로12길
2015,2,A,골목상권,1000852,2988,1443,1545,684,370,603,471,404,456,351,183,285,239,186,199,333,187,318,232,218,257,1098,201,897,논현로27길
2015,2,A,골목상권,1000851,2935,1484,1451,505,439,658,510,421,402,264,218,346,263,208,185,241,221,312,247,213,217,1352,121,1231,논현로1길
2015,2,A,골목상권,1000850,1459,700,759,271,223,283,236,216,230,139,105,130,115,102,109,132,118,153,121,114,121,612,147,465,남부순환로339길
2015,2,A,골목상권,1000849,2259,1124,1135,398,361,369,381,362,388,221,180,182,179,179,183,177,181,187,202,183,205,913,561,352,남부순환로325길
2015,2,A,골목상권,1000848,1543,768,775,274,245,254,257,247,266,154,121,125,121,120,127,120,124,129,136,127,139,622,162,460,남부순환로317길
2015,2,A,골목상권,1000847,1369,650,719,301,185,236,242,198,207,153,87,107,113,92,98,148,98,129,129,106,109,490,303,187,고무래로8길
2015,2,A,골목상권,1000846,3559,1795,1764,617,532,800,619,507,484,322,263,419,321,247,223,295,269,381,298,260,261,1626,79,1547,강남대로8길
2015,2,A,골목상권,1000845,3227,1557,1670,738,401,648,508,437,495,377,199,307,257,201,216,361,202,341,251,236,279,1186,110,1076,강남대로34길
2015,2,A,골목상권,1000844,1458,699,759,331,178,295,231,198,225,170,86,139,116,91,97,161,92,156,115,107,128,537,35,502,강남대로23길
2015,2,A,골목상권,1000843,4709,2351,2358,573,1115,969,658,611,783,291,522,528,358,290,362,282,593,441,300,321,421,2556,0,2556,소담길
2015,2,A,골목상권,1000842,1932,970,962,300,254,278,327,339,434,155,135,153,172,162,193,145,119,125,155,177,241,705,127,578,원신길
2015,2,A,골목상권,1000841,2064,1038,1026,320,271,298,347,363,465,165,143,163,183,177,207,155,128,135,164,186,258,733,0,733,양지길
2015,2,A,골목상권,1000840,1263,658,605,176,214,221,198,201,253,91,118,130,109,96,114,85,96,91,89,105,139,549,279,270,양산길
2015,2,A,골목상권,1000839,2823,1693,1130,285,704,638,459,361,376,150,431,434,310,192,176,135,273,204,149,169,200,1766,0,1766,호암로24길
2015,2,A,골목상권,1000838,3169,1895,1274,324,789,712,514,405,425,169,481,484,347,213,201,155,308,228,167,192,224,1969,29,1940,호암로20길
2015,2,A,골목상권,1000837,6977,3459,3518,887,1525,1543,935,925,1162,448,725,835,500,425,526,439,800,708,435,500,636,3642,0,3642,행운길
2015,2,A,골목상권,1000836,3366,1670,1696,427,735,743,453,446,562,216,350,403,242,204,255,211,385,340,211,242,307,1789,19,1770,행운1길
2015,2,A,골목상권,1000835,4142,2047,2095,817,482,871,674,561,737,426,251,432,359,259,320,391,231,439,315,302,417,1632,20,1612,청림3길
2015,2,A,골목상권,1000834,2056,1026,1030,253,485,423,287,269,339,128,228,230,156,128,156,125,257,193,131,141,183,1141,83,1058,청룡길
2015,2,A,골목상권,1000833,2101,1048,1053,258,495,434,293,273,348,130,231,236,159,130,162,128,264,198,134,143,186,1132,0,1132,청룡8길
2015,2,A,골목상권,1000832,3741,1834,1907,448,791,754,507,533,708,228,355,407,270,248,326,220,436,347,237,285,382,1947,64,1883,중앙길
2015,2,A,골목상권,1000831,4357,2224,2133,569,756,897,667,699,769,282,373,499,361,344,365,287,383,398,306,355,404,2178,69,2109,조원중앙로2길
2015,2,A,골목상권,1000830,1597,815,782,210,276,328,244,255,284,105,136,182,132,125,135,105,140,146,112,130,149,794,27,767,조원로18길
2015,2,A,골목상권,1000829,1959,998,961,256,340,403,300,315,345,126,167,225,162,154,164,130,173,178,138,161,181,983,158,825,조원로10길
2015,2,A,골목상권,1000828,2135,1067,1068,262,506,439,298,275,355,134,236,240,161,133,163,128,270,199,137,142,192,1159,0,1159,장군봉2길
2015,2,A,골목상권,1000827,1006,501,505,124,237,206,142,130,167,63,110,111,77,63,77,61,127,95,65,67,90,568,0,568,장군봉1길
2015,2,A,골목상권,1000826,3703,1845,1858,584,684,803,579,456,597,301,332,430,298,215,269,283,352,373,281,241,328,1761,28,1733,인헌길
2015,2,A,골목상권,1000825,2220,1096,1124,462,251,376,403,318,410,244,125,189,207,150,181,218,126,187,196,168,229,808,171,637,은천로25길
2015,2,A,골목상권,1000824,4600,2257,2343,548,972,930,624,656,870,282,435,502,333,307,398,266,537,428,291,349,472,2418,98,2320,양녕로6길
2015,2,A,골목상권,1000823,2833,1400,1433,384,488,550,442,417,552,197,250,290,227,195,241,187,238,260,215,222,311,1374,0,1374,신원로3길
2015,2,A,골목상권,1000822,2315,1157,1158,337,414,461,388,344,371,177,203,250,194,165,168,160,211,211,194,179,203,1199,95,1104,신사로20길
2015,2,A,골목상권,1000821,2210,1118,1092,156,721,600,264,209,260,78,331,338,147,103,121,78,390,262,117,106,139,1529,118,1411,신림로65길
2015,2,A,골목상권,1000820,2320,1172,1148,164,755,631,278,219,273,82,345,356,155,107,127,82,410,275,123,112,146,1619,0,1619,신림로64길
2015,2,A,골목상권,1000819,2761,1407,1354,311,626,638,379,368,439,161,322,358,197,165,204,150,304,280,182,203,235,1442,0,1442,신림로48길
2015,2,A,골목상권,1000818,1902,1047,855,222,428,423,269,252,308,118,246,264,154,121,144,104,182,159,115,131,164,993,0,993,신림로38길
2015,2,A,골목상권,1000817,3703,2036,1667,435,832,831,520,488,597,230,480,518,297,234,277,205,352,313,223,254,320,1982,0,1982,신림로28길
2015,2,A,골목상권,1000816,4445,2660,1785,449,1107,999,728,567,595,237,674,678,491,299,281,212,433,321,237,268,314,2763,107,2656,신림로11길
2015,2,A,골목상권,1000815,3504,1769,1735,249,1137,955,418,331,414,125,519,539,234,160,192,124,618,416,184,171,222,2439,131,2308,신림동길
2015,2,A,골목상권,1000814,3697,1790,1907,540,743,797,498,518,601,270,342,412,250,234,282,270,401,385,248,284,319,1713,144,1569,승방길
2015,2,A,골목상권,1000813,6175,3400,2775,729,1390,1378,868,812,998,387,799,859,499,392,464,342,591,519,369,420,534,3333,38,3295,서림7길
2015,2,A,골목상권,1000812,4842,2402,2440,887,679,956,784,702,834,457,334,495,405,329,382,430,345,461,379,373,452,2034,476,1558,봉천로33길
2015,2,A,골목상권,1000811,4839,2408,2431,767,735,955,743,744,895,396,373,508,376,348,407,371,362,447,367,396,488,2231,0,2231,봉천로13길
2015,2,A,골목상권,1000810,4126,2268,1858,484,929,922,581,544,666,257,535,572,333,261,310,227,394,350,248,283,356,2176,19,2157,복은길
2015,2,A,골목상권,1000809,1727,870,857,295,250,279,289,291,323,152,132,149,146,143,148,143,118,130,143,148,175,723,70,653,법원단지길
2015,2,A,골목상권,1000808,5110,2587,2523,872,724,806,882,856,970,452,384,437,445,431,438,420,340,369,437,425,532,2134,67,2067,법원단지9길
2015,2,A,골목상권,1000807,4246,2142,2104,731,624,707,692,720,772,376,332,376,345,347,366,355,292,331,347,373,406,1738,397,1341,미성5길
2015,2,A,골목상권,1000806,2068,1236,832,212,516,467,337,261,275,112,314,317,228,137,128,100,202,150,109,124,147,1284,8,1276,대학길
2015,2,A,골목상권,1000805,2627,1570,1057,264,656,594,425,336,352,138,400,403,288,176,165,126,256,191,137,160,187,1650,0,1650,대학14길
2015,2,A,골목상권,1000804,2163,1079,1084,343,330,424,333,331,402,177,169,226,170,154,183,166,161,198,163,177,219,995,0,995,당곡길
2015,2,A,골목상권,1000803,1867,905,962,270,374,403,251,264,305,135,173,208,126,119,144,135,201,195,125,145,161,856,139,717,남현길
2015,2,A,골목상권,1000802,1479,718,761,214,297,320,201,207,240,107,138,165,101,94,113,107,159,155,100,113,127,687,35,652,남현3길
2015,2,A,골목상권,1000801,2761,1337,1424,400,554,598,369,389,451,200,256,310,185,175,211,200,298,288,184,214,240,1253,28,1225,남현2길
2015,2,A,골목상권,1000800,1954,971,983,309,364,423,304,241,313,159,177,227,156,112,140,150,187,196,148,129,173,929,51,878,남부순환로248길
2015,2,A,골목상권,1000799,2146,1096,1050,286,549,488,280,244,299,142,277,271,153,118,135,144,272,217,127,126,164,1213,33,1180,남부순환로234길
2015,2,A,골목상권,1000798,2639,1324,1315,429,408,464,422,429,487,220,214,247,212,205,226,209,194,217,210,224,261,1141,61,1080,남부순환로172길
2015,2,A,골목상권,1000797,3809,1904,1905,551,681,757,643,567,610,287,335,411,321,274,276,264,346,346,322,293,334,1967,22,1945,남부순환로161길
2015,2,A,골목상권,1000796,3107,1553,1554,449,557,617,524,460,500,233,274,333,262,224,227,216,283,284,262,236,273,1600,19,1581,남부순환로151길
2015,2,A,골목상권,1000795,3899,1963,1936,671,575,650,633,661,709,345,304,345,315,318,336,326,271,305,318,343,373,1599,187,1412,남부순환로142길
2015,2,A,골목상권,1000794,2670,1330,1340,571,284,494,486,372,463,300,149,240,258,177,206,271,135,254,228,195,257,1078,8,1070,난향길
2015,2,A,골목상권,1000793,2945,1484,1461,508,432,491,478,499,537,261,229,261,237,241,255,247,203,230,241,258,282,1209,38,1171,난우길
2015,2,A,골목상권,1000792,2037,1019,1018,298,362,403,341,306,327,156,177,218,170,148,150,142,185,185,171,158,177,1057,11,1046,난곡로74길
2015,2,A,골목상권,1000791,2678,1355,1323,458,379,421,463,449,508,238,200,228,235,225,229,220,179,193,228,224,279,1134,151,983,난곡로34길
2015,2,A,골목상권,1000790,3783,1917,1866,644,536,595,655,635,718,334,284,324,331,320,324,310,252,271,324,315,394,1604,44,1560,난곡로26길
2015,2,A,골목상권,1000789,3133,1585,1548,535,444,493,541,524,596,278,234,268,273,264,268,257,210,225,268,260,328,1329,0,1329,난곡로24길
2015,2,A,골목상권,1000788,4349,2176,2173,668,862,952,659,529,679,343,423,512,343,249,306,325,439,440,316,280,373,2141,48,2093,낙성대역길
2015,2,A,골목상권,1000787,5942,2950,2992,1085,836,1171,962,859,1029,558,414,607,498,402,471,527,422,564,464,457,558,2506,22,2484,국회단지길
2015,2,A,골목상권,1000786,3923,1929,1994,815,445,667,711,566,719,428,221,335,364,266,315,387,224,332,347,300,404,1446,163,1283,구암길
2015,2,A,골목상권,1000785,3076,1556,1520,216,1005,833,372,290,360,109,460,472,206,141,168,107,545,361,166,149,192,2101,51,2050,관천로22길
2015,2,A,골목상권,1000784,4963,2482,2481,720,888,987,834,736,798,375,436,535,417,357,362,345,452,452,417,379,436,2565,18,2547,관천로15길
2015,2,A,골목상권,1000783,2333,1154,1179,397,362,502,352,313,407,205,180,259,187,144,179,192,182,243,165,169,228,1043,675,368,관악로30길
2015,2,A,골목상권,1000782,1761,874,887,225,385,389,235,233,294,114,183,210,126,107,134,111,202,179,109,126,160,921,695,226,관악로28길
2015,2,A,골목상권,1000781,1552,786,766,209,393,351,205,176,218,103,198,193,111,83,98,106,195,158,94,93,120,863,0,863,관악로14길
2015,2,A,골목상권,1000780,4295,2182,2113,577,1094,976,561,487,600,286,553,539,303,233,268,291,541,437,258,254,332,2448,293,2155,관악로10길
2015,2,A,골목상권,1000779,2594,1274,1320,416,417,444,414,392,511,209,219,231,207,190,218,207,198,213,207,202,293,1152,16,1136,흑석로9길
2015,2,A,골목상권,1000778,2615,1291,1324,416,425,448,416,394,516,210,224,234,210,191,222,206,201,214,206,203,294,1151,27,1124,흑석로13길
2015,2,A,골목상권,1000777,2810,1426,1384,351,482,450,444,497,586,182,254,253,237,238,262,169,228,197,207,259,324,1502,0,1502,장승배기로27길
2015,2,A,골목상권,1000776,2302,1172,1130,290,392,370,364,405,481,151,208,207,195,196,215,139,184,163,169,209,266,1234,0,1234,장승배기로19길
2015,2,A,골목상권,1000775,366,178,188,63,57,70,57,54,65,32,28,34,29,26,29,31,29,36,28,28,36,160,18,142,장승배기로10길
2015,2,A,골목상권,1000774,2268,1103,1165,482,337,351,428,325,345,248,166,173,209,159,148,234,171,178,219,166,197,888,736,152,여의대방로46길
2015,2,A,골목상권,1000773,2915,1416,1499,618,425,466,544,411,451,317,207,232,265,201,194,301,218,234,279,210,257,1159,232,927,여의대방로24길
2015,2,A,골목상권,1000772,3884,1910,1974,805,519,715,688,528,629,416,244,359,344,256,291,389,275,356,344,272,338,1509,13,1496,여의대방로22카길
2015,2,A,골목상권,1000771,3309,1625,1684,686,441,610,588,448,536,354,206,307,294,216,248,332,235,303,294,232,288,1282,192,1090,여의대방로22나길
2015,2,A,골목상권,1000770,2369,1166,1203,487,316,438,422,322,384,251,149,221,211,156,178,236,167,217,211,166,206,924,171,753,여의대방로22길
2015,2,A,골목상권,1000769,1582,787,795,278,221,294,258,245,286,147,113,155,129,118,125,131,108,139,129,127,161,634,186,448,양녕로26길
2015,2,A,골목상권,1000768,6825,3353,3472,1440,914,1064,1262,1060,1085,727,455,520,635,512,504,713,459,544,627,548,581,2766,0,2766,신대방길
2015,2,A,골목상권,1000767,2327,1158,1169,409,324,434,380,360,420,218,164,228,190,173,185,191,160,206,190,187,235,897,0,897,성대로29길
2015,2,A,골목상권,1000766,1080,536,544,189,151,201,178,166,195,100,76,105,89,80,86,89,75,96,89,86,109,419,0,419,성대로1길
2015,2,A,골목상권,1000765,637,314,323,102,104,110,100,96,125,52,55,58,50,46,53,50,49,52,50,50,72,284,0,284,서달로8가길
2015,2,A,골목상권,1000764,499,248,251,79,81,85,79,76,99,40,43,45,40,37,43,39,38,40,39,39,56,229,0,229,서달로15길
2015,2,A,골목상권,1000763,405,200,205,66,64,69,66,61,79,33,34,36,33,30,34,33,30,33,33,31,45,177,0,177,서달로14길
2015,2,A,골목상권,1000762,4077,2010,2067,651,662,697,650,613,804,329,350,364,328,296,343,322,312,333,322,317,461,1823,0,1823,서달로10길
2015,2,A,골목상권,1000761,2405,1186,1219,412,471,456,353,329,384,214,240,228,180,151,173,198,231,228,173,178,211,1080,11,1069,상도로62길
2015,2,A,골목상권,1000760,4098,2020,2078,702,803,777,599,561,656,365,408,388,307,257,295,337,395,389,292,304,361,1824,347,1477,상도로61길
2015,2,A,골목상권,1000759,4267,2102,2165,731,835,810,625,584,682,379,425,404,320,267,307,352,410,406,305,317,375,1907,155,1752,상도로47길
2015,2,A,골목상권,1000758,1647,811,836,282,321,312,242,226,264,147,163,155,124,104,118,135,158,157,118,122,146,744,27,717,상도로37길
2015,2,A,골목상권,1000757,4354,2116,2238,748,667,831,687,637,784,382,327,413,348,297,349,366,340,418,339,340,435,1866,168,1698,상도로15길
2015,2,A,골목상권,1000756,2731,1360,1371,478,386,554,437,402,474,252,196,287,223,188,214,226,190,267,214,214,260,1165,17,1148,사당로8길
2015,2,A,골목상권,1000755,1344,649,695,152,272,305,174,204,237,81,125,156,88,89,110,71,147,149,86,115,127,646,0,646,사당로30길
2015,2,A,골목상권,1000754,2383,1189,1194,418,339,481,381,351,413,221,171,251,196,165,185,197,168,230,185,186,228,1016,166,850,사당로2차길
2015,2,A,골목상권,1000753,4358,2142,2216,717,635,833,650,691,832,371,312,417,328,323,391,346,323,416,322,368,441,1817,8,1809,사당로29길
2015,2,A,골목상권,1000752,3363,1622,1741,381,679,759,434,517,593,204,311,386,221,225,275,177,368,373,213,292,318,1615,24,1591,사당로26길
2015,2,A,골목상권,1000751,2189,1079,1110,360,318,420,327,345,419,187,157,210,166,161,198,173,161,210,161,184,221,911,0,911,사당로23나길
2015,2,A,골목상권,1000750,1832,901,931,301,268,350,273,290,350,156,131,175,138,137,164,145,137,175,135,153,186,753,214,539,사당로23길
2015,2,A,골목상권,1000749,3101,1506,1595,373,598,690,409,479,552,198,279,354,209,211,255,175,319,336,200,268,297,1460,0,1460,사당로20길
2015,2,A,골목상권,1000748,3468,1703,1765,525,524,721,514,528,656,271,258,378,268,235,293,254,266,343,246,293,363,1567,12,1555,사당로16길
2015,2,A,골목상권,1000747,2401,1184,1217,376,356,498,359,366,446,194,176,262,186,165,201,182,180,236,173,201,245,1059,19,1040,사당로16가길
2015,2,A,골목상권,1000746,4415,2211,2204,722,731,776,673,681,832,377,392,411,351,315,365,345,339,365,322,366,467,1854,575,1279,만양로8길
2015,2,A,골목상권,1000745,1768,884,884,288,292,312,269,274,333,150,156,165,139,127,147,138,136,147,130,147,186,731,0,731,만양로14길
2015,2,A,골목상권,1000744,3010,1469,1541,608,456,469,555,443,479,314,227,235,273,216,204,294,229,234,282,227,275,1257,153,1104,등용로14길
2015,2,A,골목상권,1000743,3835,1851,1984,434,775,866,494,590,676,233,356,441,251,257,313,201,419,425,243,333,363,1845,113,1732,동작대로7길
2015,2,A,골목상권,1000742,3657,1784,1873,566,547,738,524,590,692,298,261,369,265,276,315,268,286,369,259,314,377,1432,18,1414,동작대로35길
2015,2,A,골목상권,1000741,3865,1888,1977,596,581,781,554,624,729,316,278,391,279,293,331,280,303,390,275,331,398,1509,38,1471,동작대로33길
2015,2,A,골목상권,1000740,841,410,431,130,125,170,121,135,160,69,60,85,61,63,72,61,65,85,60,72,88,341,228,113,동작대로29길
2015,2,A,골목상권,1000739,2224,1073,1151,251,450,503,288,343,389,135,207,256,146,150,179,116,243,247,142,193,210,1063,5,1058,동작대로17길
2015,2,A,골목상권,1000738,4187,2036,2151,891,624,650,787,598,637,459,307,322,384,293,271,432,317,328,403,305,366,1655,138,1517,대방동2길
2015,2,A,골목상권,1000737,5079,2462,2617,1081,757,786,956,725,774,555,372,389,465,354,327,526,385,397,491,371,447,2018,83,1935,대방동27길
2015,2,A,골목상권,1000736,3664,1846,1818,514,614,590,598,622,726,267,322,324,313,299,321,247,292,266,285,323,405,1866,0,1866,노량진로6길
2015,2,A,골목상권,1000735,4206,2057,2149,701,614,812,655,620,804,365,296,422,329,289,356,336,318,390,326,331,448,1719,52,1667,국사봉길
2015,2,A,골목상권,1000734,1831,898,933,371,248,339,322,250,301,192,117,171,161,119,138,179,131,168,161,131,163,711,16,695,국사봉2길
2015,2,A,골목상권,1000733,3197,1563,1634,534,469,618,496,470,610,277,228,321,249,218,270,257,241,297,247,252,340,1313,0,1313,국사봉1길
2015,2,A,골목상권,1000732,3904,1975,1929,633,554,731,652,640,694,330,276,379,342,326,322,303,278,352,310,314,372,1743,90,1653,영신로9길
2015,2,A,골목상권,1000731,2210,1120,1090,329,342,379,375,355,430,174,174,209,196,174,193,155,168,170,179,181,237,1085,117,968,영등포로84길
2015,2,A,골목상권,1000730,2654,1345,1309,370,413,457,440,431,543,196,210,255,229,210,245,174,203,202,211,221,298,1352,0,1352,영등포로80길
2015,2,A,골목상권,1000729,2072,1048,1024,352,286,366,348,352,368,183,145,188,182,178,172,169,141,178,166,174,196,903,28,875,영등포로62길
2015,2,A,골목상권,1000728,1643,937,706,167,296,314,248,291,327,88,147,181,161,184,176,79,149,133,87,107,151,980,0,980,영등포로35길
2015,2,A,골목상권,1000727,3229,1600,1629,478,476,652,497,515,611,235,240,334,264,247,280,243,236,318,233,268,331,1540,99,1441,영등포로27길
2015,2,A,골목상권,1000726,2952,1465,1487,437,436,594,456,472,557,216,219,304,243,227,256,221,217,290,213,245,301,1389,0,1389,영등포로25길
2015,2,A,골목상권,1000725,2908,1474,1434,438,449,495,495,470,561,228,232,274,257,231,252,210,217,221,238,239,309,1421,341,1080,여의대방로61길
2015,2,A,골목상권,1000724,3108,1569,1539,604,455,517,552,492,488,314,241,266,281,249,218,290,214,251,271,243,270,1313,500,813,여의대방로43나길
2015,2,A,골목상권,1000723,1046,528,518,217,152,173,188,165,151,113,81,88,95,84,67,104,71,85,93,81,84,425,0,425,여의대방로39길
2015,2,A,골목상권,1000722,2817,1405,1412,535,405,467,484,459,467,278,210,237,243,227,210,257,195,230,241,232,257,1190,18,1172,여의대방로35길
2015,2,A,골목상권,1000721,3036,1529,1507,607,456,619,528,422,404,308,216,318,281,221,185,299,240,301,247,201,219,1211,722,489,양평로28길
2015,2,A,골목상권,1000720,1191,600,591,239,179,243,207,165,158,121,85,124,111,87,72,118,94,119,96,78,86,469,178,291,양평로22라길
2015,2,A,골목상권,1000719,3478,1748,1730,696,522,709,604,486,461,353,245,365,322,253,210,343,277,344,282,233,251,1375,786,589,양평로19길
2015,2,A,골목상권,1000718,4668,2362,2306,788,644,828,783,789,836,412,328,425,410,401,386,376,316,403,373,388,450,2026,0,2026,신길로60길
2015,2,A,골목상권,1000717,3342,1687,1655,516,454,441,597,634,700,270,239,240,313,315,310,246,215,201,284,319,390,1464,76,1388,신길로42길
2015,2,A,골목상권,1000716,5679,2877,2802,823,836,873,976,998,1173,434,433,483,513,492,522,389,403,390,463,506,651,2639,245,2394,신길로42가길
2015,2,A,골목상권,1000715,1675,848,827,287,210,251,302,299,326,155,107,132,156,149,149,132,103,119,146,150,177,782,0,782,신길로39길
2015,2,A,골목상권,1000714,3725,1863,1862,594,480,548,649,673,781,307,253,297,326,327,353,287,227,251,323,346,428,1600,31,1569,신길로17길
2015,2,A,골목상권,1000713,1714,867,847,299,226,405,266,226,292,158,110,212,147,110,130,141,116,193,119,116,162,702,100,602,선유서로28길
2015,2,A,골목상권,1000712,3687,1869,1818,641,482,876,570,484,634,338,236,458,316,237,284,303,246,418,254,247,350,1576,660,916,선유서로25길
2015,2,A,골목상권,1000711,1926,976,950,334,253,457,297,254,331,176,123,239,165,124,149,158,130,218,132,130,182,738,95,643,선유서로24길
2015,2,A,골목상권,1000710,4128,2074,2054,828,618,839,718,575,550,421,289,432,382,300,250,407,329,407,336,275,300,1610,71,1539,선유로55길
2015,2,A,골목상권,1000709,1076,544,532,168,146,165,185,189,223,91,75,91,94,93,100,77,71,74,91,96,123,462,0,462,디지털로74길
2015,2,A,골목상권,1000708,1532,759,773,217,198,245,264,273,335,116,99,128,132,133,151,101,99,117,132,140,184,757,15,742,디지털로57길
2015,2,A,골목상권,1000707,2680,1332,1348,378,345,431,463,477,586,202,173,226,231,233,267,176,172,205,232,244,319,1286,0,1286,디지털로37길
2015,2,A,골목상권,1000706,1773,899,874,247,275,306,294,288,363,132,140,171,154,140,162,115,135,135,140,148,201,902,0,902,도신로62길
2015,2,A,골목상권,1000705,998,506,492,139,154,172,167,161,205,73,79,97,88,78,91,66,75,75,79,83,114,512,0,512,도신로60길
2015,2,A,골목상권,1000704,2496,1267,1229,373,368,511,412,385,447,194,177,272,221,193,210,179,191,239,191,192,237,1181,84,1097,도신로29길
2015,2,A,골목상권,1000703,3149,1592,1557,462,471,653,519,480,564,242,224,347,275,242,262,220,247,306,244,238,302,1497,0,1497,도신로15길
2015,2,A,골목상권,1000702,2597,1283,1314,369,338,415,440,464,571,196,169,215,220,224,259,173,169,200,220,240,312,1260,206,1054,도림천로21길
2015,2,A,골목상권,1000701,2013,1003,1010,325,251,295,355,367,420,165,135,158,177,178,190,160,116,137,178,189,230,845,0,845,도림로63길
2015,2,A,골목상권,1000700,3080,1530,1550,641,369,649,506,411,504,331,177,316,269,199,238,310,192,333,237,212,266,1118,0,1118,도림로147길
2015,2,A,골목상권,1000699,4448,2259,2189,665,656,905,738,691,793,349,316,480,394,348,372,316,340,425,344,343,421,2136,0,2136,도림로112길
2015,2,A,골목상권,1000698,3630,1839,1791,566,491,550,620,643,760,305,254,305,316,316,343,261,237,245,304,327,417,1537,19,1518,대림로8길
2015,2,A,골목상권,1000697,1340,664,676,190,173,215,231,238,293,101,87,112,115,116,133,89,86,103,116,122,160,643,0,643,대림로7길
2015,2,A,골목상권,1000696,2399,1211,1188,404,343,420,412,410,410,211,175,221,211,205,188,193,168,199,201,205,222,974,32,942,대림로44길
2015,2,A,골목상권,1000695,2639,1333,1306,448,376,458,454,447,456,233,194,242,233,223,208,215,182,216,221,224,248,1078,116,962,대림로34길
2015,2,A,골목상권,1000694,2746,1390,1356,465,395,480,475,465,466,245,202,252,245,232,214,220,193,228,230,233,252,1124,146,978,대림로31길
2015,2,A,골목상권,1000693,3774,1905,1869,638,538,659,649,647,643,333,274,348,333,323,294,305,264,311,316,324,349,1534,298,1236,대림로29길
2015,2,A,골목상권,1000692,3394,1718,1676,527,463,517,578,599,710,284,243,285,294,293,319,243,220,232,284,306,391,1450,493,957,대림로22길
2015,2,A,골목상권,1000691,4167,1996,2171,706,769,880,602,577,633,359,335,435,300,275,292,347,434,445,302,302,341,1791,42,1749,당산로46길
2015,2,A,골목상권,1000690,2628,1261,1367,443,485,557,380,365,398,226,211,276,190,175,183,217,274,281,190,190,215,1131,5,1126,당산로38길
2015,2,A,골목상권,1000689,1502,720,782,253,278,318,217,209,227,129,121,157,108,100,105,124,157,161,109,109,122,638,184,454,당산로37길
2015,2,A,골목상권,1000688,928,459,469,137,136,187,143,149,176,67,68,95,76,72,81,70,68,92,67,77,95,431,45,386,당산로31길
2015,2,A,골목상권,1000687,2563,1460,1103,262,456,491,388,455,511,136,224,283,254,287,276,126,232,208,134,168,235,1553,101,1452,국회대로56길
2015,2,A,골목상권,1000686,454,225,229,96,53,97,74,60,74,50,25,47,39,29,35,46,28,50,35,31,39,173,0,173,경인로90길
2015,2,A,골목상권,1000685,1004,500,504,209,121,214,163,134,163,109,57,104,87,65,78,100,64,110,76,69,85,374,0,374,경인로80길
2015,2,A,골목상권,1000684,1877,936,941,391,223,397,308,250,308,202,108,194,163,122,147,189,115,203,145,128,161,703,0,703,경인로77길
2015,2,A,골목상권,1000683,1728,868,860,294,215,263,309,308,339,158,110,136,158,153,153,136,105,127,151,155,186,823,0,823,가마산로61길
2015,2,A,골목상권,1000682,4676,2380,2296,784,679,694,882,868,769,406,356,373,451,436,358,378,323,321,431,432,411,2079,79,2000,시흥대로94길
2015,2,A,골목상권,1000681,6863,3481,3382,1165,974,1094,1233,1230,1167,608,509,580,631,612,541,557,465,514,602,618,626,2906,55,2851,시흥대로84길
2015,2,A,골목상권,1000680,2819,1427,1392,485,388,485,474,486,501,256,204,255,243,238,231,229,184,230,231,248,270,1118,0,1118,시흥대로68길
2015,2,A,골목상권,1000679,1164,589,575,201,160,201,195,201,206,106,84,106,100,98,95,95,76,95,95,103,111,489,328,161,시흥대로63길
2015,2,A,골목상권,1000678,4567,2309,2258,788,630,785,767,787,810,416,330,411,393,385,374,372,300,374,374,402,436,1804,28,1776,시흥대로62가길
2015,2,A,골목상권,1000677,2405,1214,1191,399,326,370,384,437,489,202,175,197,197,210,233,197,151,173,187,227,256,966,0,966,시흥대로36길
2015,2,A,골목상권,1000676,3064,1546,1518,511,415,470,489,558,621,258,221,251,253,268,295,253,194,219,236,290,326,1225,107,1118,시흥대로22길
2015,2,A,골목상권,1000675,1933,1092,841,208,391,412,298,326,298,104,215,261,179,182,151,104,176,151,119,144,147,1128,154,974,시흥대로153길
2015,2,A,골목상권,1000674,3713,1893,1820,560,522,568,682,707,674,286,273,315,342,357,320,274,249,253,340,350,354,1632,239,1393,시흥대로150길
2015,2,A,골목상권,1000673,4895,2576,2319,756,817,989,763,742,828,399,441,569,409,382,376,357,376,420,354,360,452,2234,52,2182,시흥대로141길
2015,2,A,골목상권,1000672,848,430,418,127,119,129,153,165,155,66,61,70,77,84,72,61,58,59,76,81,83,371,36,335,시흥대로138길
2015,2,A,골목상권,1000671,3849,1954,1895,638,518,607,737,700,649,322,268,316,380,361,307,316,250,291,357,339,342,1670,56,1614,시흥대로120길
2015,2,A,골목상권,1000670,1690,954,736,183,343,362,260,281,261,92,186,229,157,157,133,91,157,133,103,124,128,990,0,990,벚꽃로56길
2015,2,A,골목상권,1000669,1623,854,769,250,272,327,252,246,276,131,147,188,136,127,125,119,125,139,116,119,151,747,304,443,범안로17길
2015,2,A,골목상권,1000668,962,507,455,147,162,195,149,145,164,77,89,113,80,75,73,70,73,82,69,70,91,454,98,356,범안로11길
2015,2,A,골목상권,1000667,4131,2104,2027,621,583,627,760,790,750,317,304,345,382,399,357,304,279,282,378,391,393,1839,91,1748,문성로5길
2015,2,A,골목상권,1000666,750,382,368,113,106,115,138,142,136,58,55,64,69,72,64,55,51,51,69,70,72,335,11,324,독산로85길
2015,2,A,골목상권,1000665,3820,1936,1884,631,516,601,733,695,644,319,267,311,377,357,305,312,249,290,356,338,339,1647,116,1531,독산로78다길
2015,2,A,골목상권,1000664,2939,1491,1448,489,401,459,561,534,495,248,208,239,289,273,234,241,193,220,272,261,261,1269,0,1269,독산로70길
2015,2,A,골목상권,1000663,2564,1300,1264,429,373,381,482,475,424,220,195,205,246,238,196,209,178,176,236,237,228,1148,22,1126,독산로64길
2015,2,A,골목상권,1000662,1732,870,862,311,239,258,299,310,315,160,125,133,153,154,145,151,114,125,146,156,170,690,180,510,독산로50길
2015,2,A,골목상권,1000661,2842,1429,1413,510,392,419,494,512,515,263,203,217,253,256,237,247,189,202,241,256,278,1143,47,1096,독산로40길
2015,2,A,골목상권,1000660,2124,1080,1044,319,300,325,389,404,387,163,156,179,195,204,183,156,144,146,194,200,204,945,34,911,독산로108길
2015,2,A,골목상권,1000659,2335,1319,1016,255,473,497,360,392,358,128,259,314,214,221,183,127,214,183,146,171,175,1361,20,1341,남부순환로112길
2015,2,A,골목상권,1000658,5868,2937,2931,1013,788,840,1025,1016,1186,523,415,451,515,513,520,490,373,389,510,503,666,2342,0,2342,금하로24길
2015,2,A,골목상권,1000657,2492,1314,1178,383,419,503,386,378,423,202,226,289,208,196,193,181,193,214,178,182,230,1143,0,1143,금하로1길
2015,2,A,골목상권,1000656,2436,1232,1204,417,336,419,412,418,434,220,176,219,210,205,202,197,160,200,202,213,232,975,37,938,금하로14길
2015,2,A,골목상권,1000655,2194,1230,964,247,436,468,339,364,340,125,238,294,200,201,172,122,198,174,139,163,168,1251,119,1132,가산로5길
2015,2,A,골목상권,1000654,1232,653,579,182,211,250,192,188,209,95,114,146,104,98,96,87,97,104,88,90,113,590,19,571,가산로3길
2015,2,A,골목상권,1000653,841,424,417,162,113,131,143,144,148,85,60,68,71,72,68,77,53,63,72,72,80,315,299,16,중앙로1길
2015,2,A,골목상권,1000652,1369,692,677,282,173,218,249,215,232,148,89,108,129,110,108,134,84,110,120,105,124,541,184,357,중앙로15길
2015,2,A,골목상권,1000651,1639,893,746,177,172,220,334,368,368,91,90,127,196,214,175,86,82,93,138,154,193,905,0,905,우마길
2015,2,A,골목상권,1000650,3918,1941,1977,899,448,744,631,545,651,460,228,368,328,256,301,439,220,376,303,289,350,1457,54,1403,오류로8길
2015,2,A,골목상권,1000649,1796,881,915,396,228,370,292,261,249,199,110,180,146,127,119,197,118,190,146,134,130,626,0,626,신도림로13길
2015,2,A,골목상권,1000648,2866,1424,1442,477,459,590,458,426,456,247,210,301,241,210,215,230,249,289,217,216,241,1247,677,570,새말로18길
2015,2,A,골목상권,1000647,785,394,391,153,101,144,125,125,137,83,51,74,64,59,63,70,50,70,61,66,74,304,0,304,부일로1길
2015,2,A,골목상권,1000646,1610,812,798,316,210,291,255,260,278,172,108,150,131,122,129,144,102,141,124,138,149,623,9,614,부일로15길
2015,2,A,골목상권,1000645,1473,740,733,290,190,270,232,236,255,157,96,139,119,112,117,133,94,131,113,124,138,564,19,545,부일로11길
2015,2,A,골목상권,1000644,2642,1343,1299,402,500,702,378,299,361,208,235,383,211,139,167,194,265,319,167,160,194,1211,65,1146,디지털로32길
2015,2,A,골목상권,1000643,4177,2123,2054,634,795,1111,597,472,568,328,373,608,333,219,262,306,422,503,264,253,306,1914,90,1824,디지털로32가길
2015,2,A,골목상권,1000642,1384,742,642,157,164,218,268,285,292,80,82,124,156,163,137,77,82,94,112,122,155,749,0,749,디지털로27길
2015,2,A,골목상권,1000641,1944,1015,929,267,313,429,320,294,321,139,152,238,182,154,150,128,161,191,138,140,171,955,310,645,도림로6길
2015,2,A,골목상권,1000640,1982,1010,972,301,377,527,284,223,270,156,178,290,158,103,125,145,199,237,126,120,145,911,487,424,도림로12길
2015,2,A,골목상권,1000639,1252,622,630,232,158,242,181,203,236,119,81,123,92,93,114,113,77,119,89,110,122,456,442,14,남부순환로97길
2015,2,A,골목상권,1000638,4146,2076,2070,643,550,842,680,628,803,337,268,447,361,301,362,306,282,395,319,327,441,1998,368,1630,구로중앙로8길
2015,2,A,골목상권,1000637,1330,666,664,207,176,268,217,204,258,109,86,143,115,97,116,98,90,125,102,107,142,635,0,635,구로중앙로7길
2015,2,A,골목상권,1000636,2404,1179,1225,530,305,491,393,351,334,266,147,240,197,169,160,264,158,251,196,182,174,832,0,832,구로중앙로42길
2015,2,A,골목상권,1000635,2191,1087,1104,365,353,449,350,326,348,187,163,230,182,160,165,178,190,219,168,166,183,961,10,951,구로중앙로34길
2015,2,A,골목상권,1000634,4335,2147,2188,722,697,891,694,643,688,372,318,455,364,315,323,350,379,436,330,328,365,1895,275,1620,구로중앙로28길
2015,2,A,골목상권,1000633,1063,544,519,156,137,162,194,188,226,82,69,90,105,95,103,74,68,72,89,93,123,525,0,525,구로중앙로19길
2015,2,A,골목상권,1000632,7884,3945,3939,1223,1048,1600,1290,1199,1524,641,509,849,684,574,688,582,539,751,606,625,836,3816,1663,2153,구로동로8길
2015,2,A,골목상권,1000631,4206,2209,1997,536,494,605,809,845,917,277,254,341,455,459,423,259,240,264,354,386,494,2210,167,2043,구로동로7길
2015,2,A,골목상권,1000630,3191,1629,1562,472,411,493,578,561,676,246,210,272,310,283,308,226,201,221,268,278,368,1554,128,1426,구로동로42길
2015,2,A,골목상권,1000629,1909,973,936,282,247,297,345,338,400,147,127,163,184,170,182,135,120,134,161,168,218,935,19,916,구로동로41길
2015,2,A,골목상권,1000628,2449,1248,1201,363,317,376,442,435,516,191,161,207,235,220,234,172,156,169,207,215,282,1210,19,1191,구로동로38길
2015,2,A,골목상권,1000627,1918,969,949,290,252,341,332,316,387,152,124,185,177,156,175,138,128,156,155,160,212,924,45,879,구로동로28길
2015,2,A,골목상권,1000626,1534,781,753,227,197,239,278,269,324,118,99,131,149,135,149,109,98,108,129,134,175,774,0,774,구로동로15길
2015,2,A,골목상권,1000625,1279,634,645,213,205,263,205,190,203,110,93,135,107,93,96,103,112,128,98,97,107,559,349,210,공원로6가길
2015,2,A,골목상권,1000624,3478,1756,1722,678,456,554,605,572,613,353,236,282,310,288,287,325,220,272,295,284,326,1325,684,641,고척로52길
2015,2,A,골목상권,1000623,5589,2816,2773,1150,706,900,1010,882,941,595,363,447,524,450,437,555,343,453,486,432,504,2223,13,2210,고척로27다길
2015,2,A,골목상권,1000622,2965,1495,1470,526,390,487,489,508,565,269,199,252,256,252,267,257,191,235,233,256,298,1201,46,1155,고척로27길
2015,2,A,골목상권,1000621,3194,1609,1585,567,422,527,526,548,604,290,218,271,273,271,286,277,204,256,253,277,318,1299,24,1275,고척로21나길
2015,2,A,골목상권,1000620,1028,517,511,195,140,162,174,174,183,102,73,84,87,87,84,93,67,78,87,87,99,385,200,185,경인로47길
2015,2,A,골목상권,1000619,4314,2175,2139,818,561,703,740,713,779,423,288,357,383,357,367,395,273,346,357,356,412,1751,0,1751,경인로35길
2015,2,A,골목상권,1000618,2297,1159,1138,412,301,376,381,394,433,210,154,194,200,195,206,202,147,182,181,199,227,937,0,937,경인로31길
2015,2,A,골목상권,1000617,5461,2708,2753,877,841,1056,799,870,1018,430,417,554,420,409,478,447,424,502,379,461,540,2313,61,2252,경인로15길
2015,2,A,골목상권,1000616,2885,1444,1441,550,366,503,474,470,522,287,195,260,238,221,243,263,171,243,236,249,279,1087,59,1028,개봉로3길
2015,2,A,골목상권,1000615,2560,1277,1283,483,324,465,402,416,470,251,170,238,203,193,222,232,154,227,199,223,248,940,35,905,개봉로2길
2015,2,A,골목상권,1000614,1010,509,501,180,134,166,165,174,191,92,68,86,86,86,91,88,66,80,79,88,100,401,173,228,개봉로23가길
2015,2,A,골목상권,1000613,3222,1598,1624,597,409,623,461,521,611,306,209,317,233,237,296,291,200,306,228,284,315,1172,1104,68,개봉로20길
2015,2,A,골목상권,1000612,2419,1208,1211,460,305,424,400,393,437,241,161,218,200,185,203,219,144,206,200,208,234,909,157,752,개봉로1길
2015,2,A,골목상권,1000611,4372,2169,2203,809,552,847,626,712,826,413,280,434,317,325,400,396,272,413,309,387,426,1576,107,1469,개봉로17다길
2015,2,A,골목상권,1000610,6879,3410,3469,1274,869,1333,985,1118,1300,652,441,681,498,508,630,622,428,652,487,610,670,2481,86,2395,개봉로17길
2015,2,A,골목상권,1000609,5407,2704,2703,1028,688,944,889,882,976,538,367,486,445,414,454,490,321,458,444,468,522,2037,55,1982,개봉로11길
2015,2,A,골목상권,1000608,4478,2144,2334,766,841,946,698,628,599,405,336,474,344,315,270,361,505,472,354,313,329,2065,569,1496,화곡로64길
2015,2,A,골목상권,1000607,2204,1089,1115,385,334,424,344,371,346,206,162,223,168,169,161,179,172,201,176,202,185,909,378,531,화곡로59길
2015,2,A,골목상권,1000606,3140,1555,1585,572,461,632,500,494,481,302,225,332,249,226,221,270,236,300,251,268,260,1311,116,1195,화곡로44나길
2015,2,A,골목상권,1000605,4584,2227,2357,1072,590,729,881,691,621,536,293,343,428,334,293,536,297,386,453,357,328,1625,69,1556,화곡로31길
2015,2,A,골목상권,1000604,2540,1257,1283,448,380,456,416,423,417,228,191,236,207,200,195,220,189,220,209,223,222,1071,114,957,화곡로20길
2015,2,A,골목상권,1000603,3281,1610,1671,601,496,520,531,577,556,306,252,256,257,277,262,295,244,264,274,300,294,1256,113,1143,화곡로13길
2015,2,A,골목상권,1000602,6181,3073,3108,1270,783,1107,1008,1001,1012,652,399,556,516,485,465,618,384,551,492,516,547,2376,19,2357,초원로16길
2015,2,A,골목상권,1000601,4953,2424,2529,956,686,1085,826,690,710,483,337,561,421,308,314,473,349,524,405,382,396,2123,10,2113,초록마을로8길
2015,2,A,골목상권,1000600,2874,1406,1468,551,404,630,482,401,406,279,198,326,244,179,180,272,206,304,238,222,226,1231,171,1060,초록마을로3길
2015,2,A,골목상권,1000599,1810,903,907,266,285,378,273,295,313,137,143,201,139,136,147,129,142,177,134,159,166,871,333,538,월정로20길
2015,2,A,골목상권,1000598,4982,2422,2560,1162,647,786,959,750,678,581,322,371,465,364,319,581,325,415,494,386,359,1781,931,850,우장산로6길
2015,2,A,골목상권,1000597,2580,1272,1308,631,323,442,507,378,299,323,160,211,253,188,137,308,163,231,254,190,162,889,510,379,양천로73가길
2015,2,A,골목상권,1000596,4320,2129,2191,1058,544,741,848,631,498,543,269,354,422,314,227,515,275,387,426,317,271,1479,1395,84,양천로71길
2015,2,A,골목상권,1000595,1408,706,702,293,202,251,234,243,185,153,108,125,114,120,86,140,94,126,120,123,99,505,62,443,양천로49길
2015,2,A,골목상권,1000594,1530,760,770,317,192,272,251,248,250,163,98,136,127,121,115,154,94,136,124,127,135,572,550,22,양천로26길
2015,2,A,골목상권,1000593,4822,2390,2432,1000,605,862,791,780,784,515,307,430,403,376,359,485,298,432,388,404,425,1821,723,1098,양천로24길
2015,2,A,골목상권,1000592,3092,1534,1558,642,389,554,504,499,504,330,197,276,257,242,232,312,192,278,247,257,272,1153,468,685,양천로24가길
2015,2,A,골목상권,1000591,3899,1928,1971,622,563,642,605,678,789,322,275,337,322,328,344,300,288,305,283,350,445,1728,907,821,양천로14길
2015,2,A,골목상권,1000590,4053,2069,1984,622,607,788,627,674,735,321,298,434,342,332,342,301,309,354,285,342,393,1854,0,1854,방화대로6라길
2015,2,A,골목상권,1000589,2547,1293,1254,423,367,488,397,420,452,219,181,264,213,207,209,204,186,224,184,213,243,1130,48,1082,방화대로21길
2015,2,A,골목상권,1000588,1566,777,789,267,218,295,254,263,269,140,110,155,127,121,124,127,108,140,127,142,145,656,121,535,등촌로5길
2015,2,A,골목상권,1000587,3278,1646,1632,617,517,525,535,574,510,336,273,268,251,278,240,281,244,257,284,296,270,1215,205,1010,등촌로55길
2015,2,A,골목상권,1000586,2359,1184,1175,447,371,381,382,410,368,243,196,195,178,199,173,204,175,186,204,211,195,882,253,629,등촌로51길
2015,2,A,골목상권,1000585,3243,1629,1614,606,512,523,531,566,505,329,271,268,250,274,237,277,241,255,281,292,268,1216,47,1169,등촌로39길
2015,2,A,골목상권,1000584,3952,1966,1986,683,552,735,645,664,673,361,281,385,320,306,313,322,271,350,325,358,360,1634,24,1610,등촌로13길
2015,2,A,골목상권,1000583,3757,1917,1840,576,563,731,582,625,680,296,276,402,318,310,315,280,287,329,264,315,365,1738,106,1632,남부순환로11길
2015,2,A,골목상권,1000582,4113,2013,2100,793,572,900,685,574,589,401,280,464,348,258,262,392,292,436,337,316,327,1764,0,1764,까치산로4길
2015,2,A,골목상권,1000581,2663,1315,1348,486,352,516,451,424,434,252,175,266,225,196,201,234,177,250,226,228,233,1153,132,1021,국회대로7길
2015,2,A,골목상권,1000580,3775,1925,1850,580,565,735,585,628,682,299,275,404,319,311,317,281,290,331,266,317,365,1747,55,1692,공항대로8길
2015,2,A,골목상권,1000579,3110,1522,1588,699,442,568,578,447,376,361,204,275,286,223,173,338,238,293,292,224,203,1177,437,740,공항대로61길
2015,2,A,골목상권,1000578,3851,1898,1953,941,485,662,759,558,446,483,241,315,378,278,203,458,244,347,381,280,243,1332,490,842,공항대로59다길
2015,2,A,골목상권,1000577,3232,1548,1684,551,607,684,506,453,431,292,243,343,249,227,194,259,364,341,257,226,237,1494,0,1494,공항대로59길
2015,2,A,골목상권,1000576,3012,1445,1567,513,563,642,470,420,404,272,226,322,232,211,182,241,337,320,238,209,222,1389,225,1164,공항대로55길
2015,2,A,골목상권,1000575,1003,485,518,229,130,160,195,151,138,114,64,75,94,74,64,115,66,85,101,77,74,357,117,240,공항대로42길
2015,2,A,골목상권,1000574,246,120,126,58,32,39,47,37,33,29,16,19,23,18,15,29,16,20,24,19,18,88,0,88,공항대로38길
2015,2,A,골목상권,1000573,2080,1032,1048,357,285,391,342,347,358,188,144,204,171,159,166,169,141,187,171,188,192,856,15,841,곰달래로60길
2015,2,A,골목상권,1000572,3749,1861,1888,641,517,706,615,627,643,338,261,369,307,286,300,303,256,337,308,341,343,1557,163,1394,곰달래로53길
2015,2,A,골목상권,1000571,3853,1894,1959,732,501,761,654,590,615,375,247,388,327,272,285,357,254,373,327,318,330,1706,37,1669,곰달래로47길
2015,2,A,골목상권,1000570,3117,1525,1592,581,404,656,511,462,503,295,198,333,257,209,233,286,206,323,254,253,270,1383,83,1300,곰달래로31길
2015,2,A,골목상권,1000569,2790,1366,1424,480,370,617,430,419,474,247,183,316,217,185,218,233,187,301,213,234,256,1209,44,1165,곰달래로25길
2015,2,A,골목상권,1000568,2942,1455,1487,471,426,482,457,510,596,244,210,253,243,245,260,227,216,229,214,265,336,1326,116,1210,개화동로25길
2015,2,A,골목상권,1000567,5200,2566,2634,831,754,853,805,903,1054,430,367,446,428,436,459,401,387,407,377,467,595,2320,68,2252,개화동로23길
2015,2,A,골목상권,1000566,3575,1752,1823,637,471,776,565,535,591,324,232,397,286,240,273,313,239,379,279,295,318,1571,243,1328,강서로8길
2015,2,A,골목상권,1000565,3497,1716,1781,692,443,702,606,514,540,351,218,354,303,238,252,341,225,348,303,276,288,1583,92,1491,강서로5라길
2015,2,A,골목상권,1000564,1838,912,926,270,291,385,275,301,316,138,146,202,139,138,149,132,145,183,136,163,167,886,408,478,강서로5나길
2015,2,A,골목상권,1000563,1425,706,719,211,220,298,215,235,246,108,110,158,109,107,114,103,110,140,106,128,132,684,277,407,강서로5가길
2015,2,A,골목상권,1000562,3859,1840,2019,1055,447,615,750,521,471,517,217,288,363,254,201,538,230,327,387,267,270,1370,276,1094,강서로47라길
2015,2,A,골목상권,1000561,2878,1373,1505,788,334,459,557,389,351,386,163,217,267,190,150,402,171,242,290,199,201,1023,258,765,강서로47길
2015,2,A,골목상권,1000560,3415,1661,1754,576,540,550,515,616,618,292,272,267,247,292,291,284,268,283,268,324,327,1316,199,1117,강서로45다길
2015,2,A,골목상권,1000559,861,417,444,174,125,138,143,142,139,86,62,67,69,68,65,88,63,71,74,74,74,323,134,189,강서로45길
2015,2,A,골목상권,1000558,6271,3052,3219,1060,994,1010,945,1130,1132,536,501,490,454,537,534,524,493,520,491,593,598,2448,95,2353,강서로35길
2015,2,A,골목상권,1000557,2340,1165,1175,343,371,489,350,382,405,177,186,259,177,176,190,166,185,230,173,206,215,1123,109,1014,강서로29길
2015,2,A,골목상권,1000556,7289,3563,3726,1271,964,1599,1134,1095,1226,650,474,818,572,486,563,621,490,781,562,609,663,3168,166,3002,강서로18길
2015,2,A,골목상권,1000555,3255,1625,1630,479,511,682,487,531,565,247,258,362,247,244,267,232,253,320,240,287,298,1571,280,1291,강서로17가길
2015,2,A,골목상권,1000554,4750,2375,2375,700,749,991,709,779,822,361,378,526,361,360,389,339,371,465,348,419,433,2294,98,2196,강서로15길
2015,2,A,골목상권,1000553,3078,1534,1544,454,485,646,459,502,532,233,245,342,233,230,251,221,240,304,226,272,281,1485,167,1318,가로공원로80길
2015,2,A,골목상권,1000552,3794,1893,1901,556,598,798,567,618,657,286,302,424,287,284,310,270,296,374,280,334,347,1837,43,1794,가로공원로76가길
2015,2,A,골목상권,1000551,1565,773,792,314,223,246,275,265,242,160,113,123,136,128,113,154,110,123,139,137,129,585,109,476,화곡로4길
2015,2,A,골목상권,1000550,2505,1234,1271,502,358,392,440,426,387,256,181,197,214,205,181,246,177,195,226,221,206,945,345,600,화곡로3길
2015,2,A,골목상권,1000549,4083,2029,2054,763,529,708,659,688,736,390,276,374,335,327,327,373,253,334,324,361,409,1677,0,1677,지양로7길
2015,2,A,골목상권,1000548,3848,1915,1933,730,499,695,598,654,672,371,256,362,303,310,313,359,243,333,295,344,359,1427,192,1235,중앙로55길
2015,2,A,골목상권,1000547,3823,1903,1920,725,495,689,594,652,668,369,253,358,302,309,312,356,242,331,292,343,356,1424,461,963,중앙로51길
2015,2,A,골목상권,1000546,10206,5064,5142,2367,1242,1669,1946,1521,1461,1237,644,811,974,747,651,1130,598,858,972,774,810,3885,18,3867,중앙로47길
2015,2,A,골목상권,1000545,5279,2618,2661,1223,641,864,1010,787,754,640,332,419,506,386,335,583,309,445,504,401,419,1990,56,1934,중앙로45길
2015,2,A,골목상권,1000544,760,370,390,198,94,79,169,118,102,102,47,33,80,61,47,96,47,46,89,57,55,251,29,222,중앙로36길
2015,2,A,골목상권,1000543,622,302,320,164,74,65,141,93,85,84,37,29,66,47,39,80,37,36,75,46,46,210,81,129,중앙로32길
2015,2,A,골목상권,1000542,4051,2011,2040,938,493,661,778,603,578,491,255,321,390,297,257,447,238,340,388,306,321,1535,43,1492,중앙로25길
2015,2,A,골목상권,1000541,3696,1826,1870,611,534,724,581,598,648,315,259,374,286,282,310,296,275,350,295,316,338,1563,182,1381,은행정로7길
2015,2,A,골목상권,1000540,619,304,315,162,78,63,137,95,84,84,39,27,65,49,40,78,39,36,72,46,44,204,24,180,은행정로5길
2015,2,A,골목상권,1000539,2681,1328,1353,573,318,492,434,429,435,298,159,245,217,203,206,275,159,247,217,226,229,935,537,398,오목로5길
2015,2,A,골목상권,1000538,3739,1851,1888,799,444,690,600,598,608,415,222,344,300,284,286,384,222,346,300,314,322,1311,679,632,오목로3길
2015,2,A,골목상권,1000537,4291,2124,2167,711,623,840,673,695,749,366,304,436,332,328,358,345,319,404,341,367,391,1823,51,1772,오목로30길
2015,2,A,골목상권,1000536,5618,2777,2841,929,813,1102,883,912,979,480,395,571,435,430,466,449,418,531,448,482,513,2380,120,2260,오목로23길
2015,2,A,골목상권,1000535,2235,1134,1101,401,307,322,369,425,411,211,160,173,188,209,193,190,147,149,181,216,218,980,99,881,신월로20길
2015,2,A,골목상권,1000534,5674,2811,2863,1216,670,1039,918,905,926,630,335,519,459,430,438,586,335,520,459,475,488,1982,892,1090,신월로15길
2015,2,A,골목상권,1000533,3884,1919,1965,957,542,400,844,657,484,505,268,180,397,346,223,452,274,220,447,311,261,1249,247,1002,신목로6길
2015,2,A,골목상권,1000532,2156,1069,1087,517,310,211,463,376,279,276,155,96,218,198,126,241,155,115,245,178,153,708,447,261,신목로5길
2015,2,A,골목상권,1000531,2638,1310,1328,633,377,257,566,460,345,338,188,118,266,243,157,295,189,139,300,217,188,859,369,490,신목로2길
2015,2,A,골목상권,1000530,1892,945,947,474,252,234,414,288,230,257,134,113,190,150,101,217,118,121,224,138,129,684,46,638,목동중앙서로8가길
2015,2,A,골목상권,1000529,4478,2239,2239,1122,598,550,981,681,546,609,317,267,451,356,239,513,281,283,530,325,307,1618,91,1527,목동중앙서로7길
2015,2,A,골목상권,1000528,2543,1246,1297,442,411,447,408,439,396,236,205,230,189,210,176,206,206,217,219,229,220,1035,96,939,목동중앙북로8길
2015,2,A,골목상권,1000527,4162,2052,2110,790,653,719,711,705,584,422,329,360,337,344,260,368,324,359,374,361,324,1609,29,1580,목동중앙북로16길
2015,2,A,골목상권,1000526,2424,1198,1226,513,358,364,460,393,336,276,183,181,212,197,149,237,175,183,248,196,187,925,175,750,목동중앙본로7길
2015,2,A,골목상권,1000525,2320,1160,1160,581,311,282,508,353,285,314,166,137,234,184,125,267,145,145,274,169,160,833,47,786,목동중앙로3길
2015,2,A,골목상권,1000524,1304,641,663,246,205,226,221,221,185,131,103,113,104,108,82,115,102,113,117,113,103,499,21,478,목동중앙로13나길
2015,2,A,골목상권,1000523,2293,1134,1159,498,334,334,444,368,315,268,171,167,204,184,140,230,163,167,240,184,175,868,147,721,목동중앙남로3가길
2015,2,A,골목상권,1000522,3104,1534,1570,512,449,612,485,502,544,265,219,316,238,237,259,247,230,296,247,265,285,1339,157,1182,목동로9길
2015,2,A,골목상권,1000521,2505,1236,1269,415,362,491,394,406,437,215,175,254,194,191,207,200,187,237,200,215,230,1074,125,949,목동로19길
2015,2,A,골목상권,1000520,1176,580,596,295,163,121,257,197,143,157,82,54,119,103,65,138,81,67,138,94,78,371,170,201,목동동로8길
2015,2,A,골목상권,1000519,3560,1731,1829,958,453,436,797,540,376,491,215,192,375,279,179,467,238,244,422,261,197,1148,315,833,목동동로12길
2015,2,A,골목상권,1000518,1439,712,727,307,195,172,280,254,231,165,103,84,133,128,99,142,92,88,147,126,132,513,164,349,목동남로4길
2015,2,A,골목상권,1000517,611,302,309,141,75,101,116,90,88,73,39,49,58,44,39,68,36,52,58,46,49,225,201,24,남부순환로88길
2015,2,A,골목상권,1000516,2667,1360,1307,470,364,368,447,522,496,248,192,200,227,260,233,222,172,168,220,262,263,1122,95,1027,남부순환로79길
2015,2,A,골목상권,1000515,4942,2453,2489,923,643,858,796,830,892,472,336,453,405,392,395,451,307,405,391,438,497,2031,20,2011,남부순환로70길
2015,2,A,골목상권,1000514,1704,889,815,279,231,257,310,315,312,145,122,140,169,170,143,134,109,117,141,145,169,779,0,779,남부순환로58길
2015,2,A,골목상권,1000513,3192,1660,1532,530,428,484,577,590,583,273,224,262,315,318,268,257,204,222,262,272,315,1456,12,1444,남부순환로40길
2015,2,A,골목상권,1000512,4036,1994,2042,811,577,628,712,683,625,415,292,316,348,331,292,396,285,312,364,352,333,1500,66,1434,남부순환로33길
2015,2,A,골목상권,1000511,3861,1976,1885,665,520,630,661,713,672,341,267,342,343,371,312,324,253,288,318,342,360,1618,97,1521,곰달래로5길
2015,2,A,골목상권,1000510,3506,1794,1712,604,474,573,600,647,608,309,244,309,311,338,283,295,230,264,289,309,325,1490,339,1151,곰달래로3길
2015,2,A,골목상권,1000509,3926,2013,1913,677,529,640,672,728,680,349,271,349,350,378,316,328,258,291,322,350,364,1664,425,1239,곰달래로2길
2015,2,A,골목상권,1000508,4042,2065,1977,695,550,659,691,745,702,356,282,356,356,389,326,339,268,303,335,356,376,1711,32,1679,곰달래로10길
2015,2,A,골목상권,1000507,3261,1697,1564,543,441,490,587,604,596,280,230,266,321,325,275,263,211,224,266,279,321,1469,29,1440,가로공원로58길
2015,2,A,골목상권,1000506,3994,1940,2054,680,569,681,715,616,733,349,279,343,356,301,312,331,290,338,359,315,421,1677,16,1661,효창원로93길
2015,2,A,골목상권,1000505,834,399,435,172,99,156,164,112,131,87,48,71,84,55,54,85,51,85,80,57,77,338,0,338,토정로37길
2015,2,A,골목상권,1000504,1988,914,1074,232,433,469,306,240,308,113,180,216,150,116,139,119,253,253,156,124,169,1131,15,1116,월드컵로8길
2015,2,A,골목상권,1000503,2500,1205,1295,404,441,548,360,335,412,209,199,278,180,155,184,195,242,270,180,180,228,1178,0,1178,월드컵로7길
2015,2,A,골목상권,1000502,3808,1849,1959,824,457,664,719,519,625,429,228,324,362,252,254,395,229,340,357,267,371,1460,127,1333,월드컵로36길
2015,2,A,골목상권,1000501,3299,1597,1702,643,426,623,592,462,553,324,202,304,300,221,246,319,224,319,292,241,307,1288,300,988,월드컵로25길
2015,2,A,골목상권,1000500,2251,1095,1156,371,325,462,384,321,388,190,153,234,197,153,168,181,172,228,187,168,220,981,0,981,월드컵로19길
2015,2,A,골목상권,1000499,2516,1170,1346,311,519,583,396,310,397,156,218,271,195,150,180,155,301,312,201,160,217,1381,31,1350,월드컵로16길
2015,2,A,골목상권,1000498,2773,1349,1424,458,404,571,471,392,477,235,191,290,241,187,205,223,213,281,230,205,272,1211,18,1193,월드컵로11길
2015,2,A,골목상권,1000497,1858,858,1000,216,403,439,284,225,291,108,167,204,140,108,131,108,236,235,144,117,160,1047,76,971,월드컵로10길
2015,2,A,골목상권,1000496,2716,1301,1415,466,500,525,460,374,391,236,238,246,230,179,172,230,262,279,230,195,219,1263,0,1263,와우산로3길
2015,2,A,골목상권,1000495,1085,502,583,127,236,256,165,132,169,63,98,119,82,64,76,64,138,137,83,68,93,617,81,536,와우산로29길
2015,2,A,골목상권,1000494,783,360,423,89,170,185,121,95,123,44,70,86,59,45,56,45,100,99,62,50,67,448,0,448,와우산로29가길
2015,2,A,골목상권,1000493,1668,801,867,268,293,366,242,225,274,136,133,186,121,103,122,132,160,180,121,122,152,785,52,733,양화진길
2015,2,A,골목상권,1000492,3066,1476,1590,496,540,671,446,410,503,256,244,340,223,187,226,240,296,331,223,223,277,1423,92,1331,양화로1길
2015,2,A,골목상권,1000491,818,377,441,96,177,192,125,100,128,47,73,89,62,48,58,49,104,103,63,52,70,462,19,443,양화로11길
2015,2,A,골목상권,1000490,866,423,443,133,121,164,140,145,163,67,60,82,73,73,68,66,61,82,67,72,95,422,0,422,신촌로30길
2015,2,A,골목상권,1000489,1662,809,853,260,230,318,267,274,313,130,112,159,137,138,133,130,118,159,130,136,180,805,0,805,신촌로28가길
2015,2,A,골목상권,1000488,1877,881,996,261,386,411,299,238,282,131,170,191,148,115,126,130,216,220,151,123,156,997,28,969,신촌로12길
2015,2,A,골목상권,1000487,2846,1401,1445,426,460,474,489,447,550,215,230,246,253,221,236,211,230,228,236,226,314,1435,73,1362,숭문길
2015,2,A,골목상권,1000486,2502,1231,1271,392,379,404,441,399,487,197,191,210,227,198,208,195,188,194,214,201,279,1218,192,1026,숭문8길
2015,2,A,골목상권,1000485,1514,730,784,245,267,331,218,204,249,127,120,168,109,95,111,118,147,163,109,109,138,719,0,719,성지3길
2015,2,A,골목상권,1000484,3183,1527,1656,539,455,615,564,471,539,276,219,300,273,223,236,263,236,315,291,248,303,1384,144,1240,성산로4길
2015,2,A,골목상권,1000483,1431,682,749,194,251,309,230,199,248,101,115,154,115,90,107,93,136,155,115,109,141,694,12,682,성미산로32길
2015,2,A,골목상권,1000482,3359,1618,1741,572,479,650,598,496,564,294,234,317,291,235,247,278,245,333,307,261,317,1452,92,1360,성미산로1길
2015,2,A,골목상권,1000481,3905,1874,2031,636,579,776,681,570,663,326,278,381,333,267,289,310,301,395,348,303,374,1710,71,1639,성미산로11길
2015,2,A,골목상권,1000480,1496,732,764,194,293,267,239,223,280,100,142,136,125,110,119,94,151,131,114,113,161,823,114,709,백범로16길
2015,2,A,골목상권,1000479,5021,2431,2590,981,649,951,902,703,835,493,308,463,458,337,372,488,341,488,444,366,463,1981,677,1304,방울내로9안길
2015,2,A,골목상권,1000478,3162,1536,1626,686,383,551,595,430,517,357,191,268,300,210,210,329,192,283,295,220,307,1207,79,1128,모래내로7길
2015,2,A,골목상권,1000477,5307,2589,2718,1413,568,917,1040,649,720,721,285,417,533,320,313,692,283,500,507,329,407,1937,0,1937,매봉산로2길
2015,2,A,골목상권,1000476,4590,2236,2354,760,666,944,778,652,790,392,315,478,399,312,340,368,351,466,379,340,450,2029,37,1992,망원로2길
2015,2,A,골목상권,1000475,1713,829,884,334,223,325,307,238,286,168,106,159,156,113,127,166,117,166,151,125,159,660,42,618,망원로11길
2015,2,A,골목상권,1000474,3441,1673,1768,561,509,590,612,536,633,281,250,300,307,266,269,280,259,290,305,270,364,1545,23,1522,만리재옛길
2015,2,A,골목상권,1000473,1198,575,623,216,159,213,201,184,225,112,75,104,99,89,96,104,84,109,102,95,129,485,181,304,마포대로4길
2015,2,A,골목상권,1000472,1477,718,759,240,218,253,262,230,274,120,107,129,133,112,117,120,111,124,129,118,157,660,85,575,마포대로20길
2015,2,A,골목상권,1000471,448,218,230,68,63,88,71,74,84,34,30,44,37,37,36,34,33,44,34,37,48,222,45,177,마포대로12길
2015,2,A,골목상권,1000470,2313,1099,1214,304,420,507,370,316,396,158,189,250,185,145,172,146,231,257,185,171,224,1111,0,1111,동교로38길
2015,2,A,골목상권,1000469,3098,1471,1627,409,557,683,493,423,533,214,251,335,247,193,231,195,306,348,246,230,302,1542,15,1527,동교로27길
2015,2,A,골목상권,1000468,1628,774,854,215,295,354,261,224,279,111,133,175,131,103,121,104,162,179,130,121,158,806,40,766,동교로25길
2015,2,A,골목상권,1000467,1979,923,1056,266,382,439,321,255,316,134,163,206,157,122,141,132,219,233,164,133,175,1031,430,601,동교로19길
2015,2,A,골목상권,1000466,1826,847,979,222,384,423,285,226,286,111,161,197,140,109,129,111,223,226,145,117,157,1013,49,964,동교로17길
2015,2,A,골목상권,1000465,1716,825,891,275,300,377,252,230,282,142,135,192,126,104,126,133,165,185,126,126,156,799,106,693,독막로8길
2015,2,A,골목상권,1000464,3261,1612,1649,600,472,592,567,466,564,308,252,295,292,220,245,292,220,297,275,246,319,1362,119,1243,독막로32길
2015,2,A,골목상권,1000463,881,423,458,151,163,169,150,122,126,76,78,80,75,59,55,75,85,89,75,63,71,399,127,272,독막로22길
2015,2,A,골목상권,1000462,1011,485,526,183,135,179,170,155,189,97,63,86,84,75,80,86,72,93,86,80,109,411,155,256,도화길
2015,2,A,골목상권,1000461,4134,1991,2143,743,558,730,694,633,776,391,265,353,344,306,332,352,293,377,350,327,444,1678,1238,440,도화4길
2015,2,A,골목상권,1000460,2760,1357,1403,420,435,459,478,434,534,212,217,237,247,214,230,208,218,222,231,220,304,1359,0,1359,대흥로28길
2015,2,A,골목상권,1000459,7380,3609,3771,852,1640,1375,1100,1077,1336,445,780,695,589,526,574,407,860,680,511,551,762,4313,27,4286,대흥로21길
2015,2,A,골목상권,1000458,1875,924,951,325,293,344,319,269,325,167,153,172,164,128,140,158,140,172,155,141,185,832,120,712,광성로6길
2015,2,A,골목상권,1000457,3543,1708,1835,616,454,581,614,563,715,315,230,295,299,262,307,301,224,286,315,301,408,1461,253,1208,홍제내길
2015,2,A,골목상권,1000456,1457,709,748,231,264,244,238,206,274,118,136,121,117,96,121,113,128,123,121,110,153,656,149,507,홍연길
2015,2,A,골목상권,1000455,1727,833,894,303,221,282,301,274,346,155,114,143,146,126,149,148,107,139,155,148,197,709,70,639,통일로39길
2015,2,A,골목상권,1000454,1520,733,787,264,195,250,264,242,305,135,99,127,129,113,130,129,96,123,135,129,175,633,83,550,통일로37길
2015,2,A,골목상권,1000453,416,202,214,81,50,68,74,62,81,41,26,33,38,31,33,40,24,35,36,31,48,182,0,182,통일로11길
2015,2,A,골목상권,1000452,603,297,306,91,88,95,103,104,122,47,44,49,53,52,52,44,44,46,50,52,70,272,108,164,충정로6길
2015,2,A,골목상권,1000451,240,119,121,35,34,38,42,42,49,18,17,21,21,21,21,17,17,17,21,21,28,97,0,97,충정로4길
2015,2,A,골목상권,1000450,4149,2038,2111,748,591,608,729,680,793,386,305,307,364,326,350,362,286,301,365,354,443,1716,48,1668,증가로6길
2015,2,A,골목상권,1000449,5253,2587,2666,957,706,858,912,829,991,490,362,441,454,394,446,467,344,417,458,435,545,2204,60,2144,증가로23나길
2015,2,A,골목상권,1000448,4120,2033,2087,739,559,650,720,650,802,381,290,332,359,314,357,358,269,318,361,336,445,1701,76,1625,증가로20가길
2015,2,A,골목상권,1000447,4062,2002,2060,721,573,595,716,652,805,371,299,302,358,320,352,350,274,293,358,332,453,1709,60,1649,증가로10길
2015,2,A,골목상권,1000446,3315,1634,1681,605,443,542,575,523,627,311,226,281,286,248,282,294,217,261,289,275,345,1372,54,1318,응암로1길
2015,2,A,골목상권,1000445,2475,1206,1269,386,448,414,405,353,469,200,229,205,199,167,206,186,219,209,206,186,263,1148,0,1148,연희로10길
2015,2,A,골목상권,1000444,771,374,397,118,110,126,138,124,155,60,56,64,69,62,63,58,54,62,69,62,92,355,0,355,신촌로37길
2015,2,A,골목상권,1000443,8864,4353,4511,1855,1081,1611,1540,1304,1473,961,538,791,781,623,659,894,543,820,759,681,814,1441,254,1187,수색로8길
2015,2,A,골목상권,1000442,4676,2285,2391,791,587,670,821,761,1046,404,295,355,416,366,449,387,292,315,405,395,597,2060,48,2012,세무서길
2015,2,A,골목상권,1000441,3079,1489,1590,543,415,456,538,522,605,278,208,230,266,249,258,265,207,226,272,273,347,1213,48,1165,세무서2길
2015,2,A,골목상권,1000440,1158,572,586,205,154,157,206,195,241,104,79,82,105,97,105,101,75,75,101,98,136,477,118,359,세검정로1길
2015,2,A,골목상권,1000439,3241,1577,1664,491,458,535,583,518,656,248,233,272,291,263,270,243,225,263,292,255,386,1516,77,1439,북아현로4길
2015,2,A,골목상권,1000438,3096,1529,1567,545,433,449,549,488,632,281,230,227,275,244,272,264,203,222,274,244,360,1308,707,601,모래내로15길
2015,2,A,골목상권,1000437,2694,1328,1366,478,380,392,476,432,536,247,199,198,238,213,233,231,181,194,238,219,303,1127,28,1099,명지대길
2015,2,A,골목상권,1000436,4233,2056,2177,791,521,686,754,646,835,405,264,339,384,318,346,386,257,347,370,328,489,1886,466,1420,독립문로8길
2015,2,A,골목상권,1000435,3292,1628,1664,579,459,479,584,522,669,297,244,243,292,262,290,282,215,236,292,260,379,1381,8,1373,가재울로6길
2015,2,A,골목상권,1000434,4243,2091,2152,656,586,661,711,723,906,347,298,353,349,341,403,309,288,308,362,382,503,1932,57,1875,통일로92길
2015,2,A,골목상권,1000433,1845,915,930,317,265,286,312,311,354,165,137,152,154,149,158,152,128,134,158,162,196,804,20,784,통일로87길
2015,2,A,골목상권,1000432,3325,1640,1685,516,458,519,559,568,705,273,232,278,274,271,312,243,226,241,285,297,393,1519,46,1473,통일로78길
2015,2,A,골목상권,1000431,1561,748,813,257,224,284,257,240,299,128,103,144,128,112,133,129,121,140,129,128,166,713,0,713,통일로69길
2015,2,A,골목상권,1000430,3826,1856,1970,723,503,693,658,583,666,368,247,347,326,277,291,355,256,346,332,306,375,1530,146,1384,진흥로1길
2015,2,A,골목상권,1000429,6120,2966,3154,983,795,1092,1019,967,1264,503,389,557,514,454,549,480,406,535,505,513,715,2815,55,2760,진흥로12길
2015,2,A,골목상권,1000428,2701,1345,1356,479,341,451,459,448,523,251,176,230,231,215,242,228,165,221,228,233,281,1094,119,975,증산서길
2015,2,A,골목상권,1000427,3513,1747,1766,622,446,585,598,581,681,324,230,299,300,280,314,298,216,286,298,301,367,1422,183,1239,증산로9길
2015,2,A,골목상권,1000426,2586,1291,1295,456,327,432,438,433,500,239,169,221,222,210,230,217,158,211,216,223,270,1044,111,933,증산로5길
2015,2,A,골목상권,1000425,5752,2815,2937,1046,796,1031,951,923,1005,537,399,524,471,428,456,509,397,507,480,495,549,2213,237,1976,증산로21길
2015,2,A,골목상권,1000424,1602,803,799,308,210,244,283,265,292,165,110,126,139,132,131,143,100,118,144,133,161,640,92,548,증산로17길
2015,2,A,골목상권,1000423,2204,1104,1100,419,288,342,386,365,404,224,150,176,191,180,183,195,138,166,195,185,221,890,315,575,증산로15길
2015,2,A,골목상권,1000422,2538,1264,1274,454,323,421,433,419,488,238,166,214,217,203,226,216,157,207,216,216,262,1022,27,995,증산로13길
2015,2,A,골목상권,1000421,5792,2844,2948,1156,685,1039,1019,853,1040,613,347,512,514,409,449,543,338,527,505,444,591,2366,42,2324,응암로34길
2015,2,A,골목상권,1000420,4652,2303,2349,905,537,823,822,701,864,480,282,407,418,342,374,425,255,416,404,359,490,1945,19,1926,응암로22길
2015,2,A,골목상권,1000419,1966,974,992,314,264,314,338,323,413,167,135,164,172,157,179,147,129,150,166,166,234,924,32,892,응암로14길
2015,2,A,골목상권,1000418,1396,692,704,225,189,221,239,230,292,119,98,115,122,112,126,106,91,106,117,118,166,632,8,624,응암로13길
2015,2,A,골목상권,1000417,1251,619,632,202,169,197,214,208,261,107,87,102,108,102,113,95,82,95,106,106,148,573,0,573,응암로12길
2015,2,A,골목상권,1000416,2468,1201,1267,475,314,433,429,369,448,251,154,214,214,175,193,224,160,219,215,194,255,1024,144,880,은평로8길
2015,2,A,골목상권,1000415,2419,1180,1239,450,327,434,406,379,423,230,164,219,199,178,190,220,163,215,207,201,233,950,30,920,은평로3길
2015,2,A,골목상권,1000414,2304,1120,1184,452,292,406,402,340,412,238,142,202,200,160,178,214,150,204,202,180,234,931,14,917,은평로20길
2015,2,A,골목상권,1000413,2904,1408,1496,498,372,517,491,452,574,257,181,261,246,214,249,241,191,256,245,238,325,1285,14,1271,은평로13길
2015,2,A,골목상권,1000412,3422,1663,1759,669,433,601,597,511,611,353,210,298,298,241,263,316,223,303,299,270,348,1404,23,1381,은평로10길
2015,2,A,골목상권,1000411,2793,1353,1440,529,368,508,478,424,486,268,180,255,237,199,214,261,188,253,241,225,272,1121,130,991,연서로5길
2015,2,A,골목상권,1000410,2686,1318,1368,415,371,415,451,462,572,219,188,221,221,218,251,196,183,194,230,244,321,1227,40,1187,연서로41길
2015,2,A,골목상권,1000409,3648,1769,1879,690,480,664,624,554,636,349,235,334,308,262,281,341,245,330,316,292,355,1462,100,1362,연서로3길
2015,2,A,골목상권,1000408,2048,1015,1033,314,284,318,344,349,439,168,144,172,169,167,195,146,140,146,175,182,244,937,10,927,연서로34길
2015,2,A,골목상권,1000407,1469,729,740,227,203,228,248,252,311,122,103,123,122,122,137,105,100,105,126,130,174,670,0,670,연서로33길
2015,2,A,골목상권,1000406,1192,590,602,206,172,183,201,203,227,107,90,97,99,97,100,99,82,86,102,106,127,517,19,498,연서로29길
2015,2,A,골목상권,1000405,4024,1920,2104,660,576,730,667,620,771,324,266,370,330,289,341,336,310,360,337,331,430,1838,60,1778,연서로28길
2015,2,A,골목상권,1000404,2812,1362,1450,549,394,461,500,435,473,280,191,238,237,206,210,269,203,223,263,229,263,1095,53,1042,연서로27길
2015,2,A,골목상권,1000403,4237,2045,2192,828,589,695,755,654,716,422,286,356,355,310,316,406,303,339,400,344,400,1665,154,1511,연서로21길
2015,2,A,골목상권,1000402,1988,958,1030,389,277,324,352,310,336,198,134,165,165,147,149,191,143,159,187,163,187,785,108,677,연서로17길
2015,2,A,골목상권,1000401,5229,2532,2697,988,688,952,899,794,908,499,337,479,443,373,401,489,351,473,456,421,507,2120,98,2022,연서로16길
2015,2,A,골목상권,1000400,4591,2341,2250,859,584,669,806,781,892,428,290,348,409,409,457,431,294,321,397,372,435,1696,17,1679,연서로13길
2015,2,A,골목상권,1000399,3565,1786,1779,673,458,562,619,583,670,337,226,291,310,294,328,336,232,271,309,289,342,1360,84,1276,연서로11길
2015,2,A,골목상권,1000398,5418,2593,2825,888,777,990,892,832,1039,440,359,504,444,387,459,448,418,486,448,445,580,2477,41,2436,역말로9길
2015,2,A,골목상권,1000397,2656,1336,1320,428,355,405,432,471,565,226,186,218,228,235,243,202,169,187,204,236,322,1058,20,1038,수색로18길
2015,2,A,골목상권,1000396,2837,1357,1480,467,406,518,467,436,543,232,187,263,232,203,240,235,219,255,235,233,303,1301,25,1276,서오릉로8길
2015,2,A,골목상권,1000395,4263,2177,2086,800,536,626,749,723,829,399,265,327,380,379,427,401,271,299,369,344,402,1580,295,1285,서오릉로21길
2015,2,A,골목상권,1000394,3758,1858,1900,604,507,596,645,618,788,320,261,308,329,300,340,284,246,288,316,318,448,1710,57,1653,불광천길
2015,2,A,골목상권,1000393,2901,1416,1485,547,382,515,499,449,509,278,188,260,247,214,229,269,194,255,252,235,280,1158,113,1045,갈현로7길
2015,2,A,골목상권,1000392,3451,1707,1744,593,500,534,582,582,660,310,261,281,285,277,293,283,239,253,297,305,367,1502,0,1502,갈현로41길
2015,2,A,골목상권,1000391,3795,1857,1938,693,538,602,658,615,689,360,271,312,315,292,307,333,267,290,343,323,382,1555,197,1358,갈현로33길
2015,2,A,골목상권,1000390,2316,1135,1181,423,321,411,383,372,406,217,161,208,190,174,185,206,160,203,193,198,221,889,134,755,갈현로1길
2015,2,A,골목상권,1000389,2864,1415,1449,464,387,457,490,469,597,244,199,236,249,227,260,220,188,221,241,242,337,1312,112,1200,가좌로7길
2015,2,A,골목상권,1000388,4105,2012,2093,768,567,576,731,689,774,394,296,297,354,335,336,374,271,279,377,354,438,1614,23,1591,한글비석로44길
2015,2,A,골목상권,1000387,3282,1612,1670,611,450,461,579,553,628,313,235,238,280,272,274,298,215,223,299,281,354,1287,0,1287,한글비석로24길
2015,2,A,골목상권,1000386,2008,984,1024,424,257,255,386,325,361,224,136,131,186,159,148,200,121,124,200,166,213,747,293,454,한글비석로22길
2015,2,A,골목상권,1000385,1405,721,684,239,222,232,217,225,270,125,129,119,112,111,125,114,93,113,105,114,145,593,84,509,석계로1길
2015,2,A,골목상권,1000384,2930,1441,1489,545,440,395,522,518,510,275,222,201,252,256,235,270,218,194,270,262,275,1120,0,1120,상계로9가길
2015,2,A,골목상권,1000383,1087,539,548,203,169,142,194,198,181,103,84,74,94,98,86,100,85,68,100,100,95,419,290,129,상계로1길
2015,2,A,골목상권,1000382,3699,1834,1865,688,575,492,663,670,611,351,286,253,319,334,291,337,289,239,344,336,320,1410,154,1256,상계로12길
2015,2,A,골목상권,1000381,2842,1399,1443,553,407,408,489,502,483,291,208,200,232,245,223,262,199,208,257,257,260,1017,215,802,동일로242길
2015,2,A,골목상권,1000380,2986,1468,1518,504,499,531,460,484,508,260,250,274,230,225,229,244,249,257,230,259,279,1287,16,1271,동일로192길
2015,2,A,골목상권,1000379,3675,1810,1865,622,614,651,566,596,626,322,311,336,283,276,282,300,303,315,283,320,344,1584,573,1011,동일로173가길
2015,2,A,골목상권,1000378,2111,1020,1091,453,323,230,401,376,328,249,172,112,179,185,123,204,151,118,222,191,205,764,18,746,공릉로58길
2015,2,A,골목상권,1000377,823,405,418,155,122,128,138,145,135,81,62,64,66,69,63,74,60,64,72,76,72,302,119,183,해등로16길
2015,2,A,골목상권,1000376,2325,1170,1155,425,292,364,416,378,450,224,152,189,213,189,203,201,140,175,203,189,247,916,14,902,우이천로4다길
2015,2,A,골목상권,1000375,2802,1373,1429,511,374,389,478,481,569,256,187,200,241,227,262,255,187,189,237,254,307,1101,203,898,우이천로32길
2015,2,A,골목상권,1000374,3656,1864,1792,508,469,522,565,676,916,267,246,292,292,338,429,241,223,230,273,338,487,1564,0,1564,시루봉로23길
2015,2,A,골목상권,1000373,1543,756,787,273,204,216,262,264,324,139,102,111,131,125,148,134,102,105,131,139,176,607,0,607,삼양로144길
2015,2,A,골목상권,1000372,2242,1124,1118,391,325,313,382,422,409,205,170,161,190,206,192,186,155,152,192,216,217,885,19,866,방학로6가길
2015,2,A,골목상권,1000371,3699,1810,1889,640,520,583,617,631,708,338,263,302,294,295,318,302,257,281,323,336,390,1386,32,1354,방학로5길
2015,2,A,골목상권,1000370,3460,1695,1765,737,498,435,621,640,529,393,262,205,290,309,236,344,236,230,331,331,293,1182,968,214,방학로15길
2015,2,A,골목상권,1000369,2159,1092,1067,384,287,292,389,383,424,204,152,157,200,188,191,180,135,135,189,195,233,914,0,914,방학로10길
2015,2,A,골목상권,1000368,1753,894,859,243,225,250,269,324,442,127,118,140,139,162,208,116,107,110,130,162,234,754,163,591,도봉산길
2015,2,A,골목상권,1000367,516,259,257,70,67,74,77,94,134,36,34,40,39,47,63,34,33,34,38,47,71,220,0,220,도봉산4길
2015,2,A,골목상권,1000366,2019,1030,989,283,259,286,312,371,508,149,134,161,160,186,240,134,125,125,152,185,268,869,0,869,도봉로181길
2015,2,A,골목상권,1000365,2241,1142,1099,311,286,317,345,415,567,165,148,179,175,209,266,146,138,138,170,206,301,968,240,728,도봉로169나길
2015,2,A,골목상권,1000364,2246,1114,1132,377,278,356,333,407,495,196,144,179,170,193,232,181,134,177,163,214,263,868,10,858,도봉로156길
2015,2,A,골목상권,1000363,1301,646,655,219,161,207,193,234,287,113,84,105,98,111,135,106,77,102,95,123,152,501,0,501,도봉로152가길
2015,2,A,골목상권,1000362,5055,2534,2521,883,728,704,861,953,926,465,378,364,426,466,435,418,350,340,435,487,491,2046,0,2046,도봉로147길
2015,2,A,골목상권,1000361,1945,976,969,338,279,274,332,365,357,178,147,142,163,178,168,160,132,132,169,187,189,765,86,679,도봉로143길
2015,2,A,골목상권,1000360,7651,3722,3929,1522,978,1232,1390,1223,1306,783,497,611,674,575,582,739,481,621,716,648,724,2972,276,2696,도봉로114길
2015,2,A,골목상권,1000359,2138,1047,1091,339,308,360,340,357,434,177,150,187,171,162,200,162,158,173,169,195,234,969,126,843,도봉로109길
2015,2,A,골목상권,1000358,2894,1458,1436,486,413,406,488,543,558,256,216,214,244,266,262,230,197,192,244,277,296,1139,8,1131,도당로29길
2015,2,A,골목상권,1000357,4177,2108,2069,712,573,578,724,761,829,375,301,308,367,374,383,337,272,270,357,387,446,1681,0,1681,도당로19길
2015,2,A,골목상권,1000356,3363,1706,1657,596,449,451,610,595,662,317,241,243,313,293,299,279,208,208,297,302,363,1394,0,1394,도당로13바길
2015,2,A,골목상권,1000355,1410,716,694,250,188,191,255,248,278,132,101,104,131,123,125,118,87,87,124,125,153,569,0,569,도당로13가길
2015,2,A,골목상권,1000354,2100,1057,1043,382,264,328,377,342,407,201,137,171,194,171,183,181,127,157,183,171,224,828,64,764,덕릉로60길
2015,2,A,골목상권,1000353,1897,930,967,362,279,295,316,334,311,188,141,147,152,157,145,174,138,148,164,177,166,700,370,330,노해로63다길
2015,2,A,골목상권,1000352,2272,1113,1159,360,323,383,364,378,464,189,157,200,183,171,213,171,166,183,181,207,251,986,34,952,노해로60길
2015,2,A,골목상권,1000351,1903,946,957,257,285,332,310,314,405,136,143,177,155,151,184,121,142,155,155,163,221,944,0,944,한천로140길
2015,2,A,골목상권,1000350,1625,808,817,218,244,284,263,273,343,115,122,152,132,131,156,103,122,132,131,142,187,801,0,801,한천로139가길
2015,2,A,골목상권,1000349,1781,881,900,272,267,314,301,280,347,142,129,163,157,133,157,130,138,151,144,147,190,814,50,764,한천로132길
2015,2,A,골목상권,1000348,3574,1774,1800,543,535,631,603,563,699,282,259,330,316,272,315,261,276,301,287,291,384,1627,16,1611,한천로130길
2015,2,A,골목상권,1000347,1890,938,952,285,283,332,321,300,369,148,137,172,169,144,168,137,146,160,152,156,201,859,123,736,한천로124나길
2015,2,A,골목상권,1000346,1831,884,947,329,206,288,293,268,447,169,105,149,152,127,182,160,101,139,141,141,265,644,454,190,한천로109길
2015,2,A,골목상권,1000345,3225,1586,1639,525,413,480,523,556,728,276,206,256,260,264,324,249,207,224,263,292,404,1324,10,1314,인수봉로79길
2015,2,A,골목상권,1000344,3857,1890,1967,628,498,576,624,665,866,329,249,306,310,314,382,299,249,270,314,351,484,1565,405,1160,인수봉로72길
2015,2,A,골목상권,1000343,2235,1097,1138,367,288,332,358,386,504,192,144,177,178,182,224,175,144,155,180,204,280,924,0,924,인수봉로56길
2015,2,A,골목상권,1000342,2272,1127,1145,346,340,398,386,355,447,180,163,208,203,171,202,166,177,190,183,184,245,1038,108,930,오패산로67길
2015,2,A,골목상권,1000341,2759,1351,1408,422,379,440,457,477,584,216,193,230,228,227,257,206,186,210,229,250,327,1184,0,1184,오패산로52길
2015,2,A,골목상권,1000340,1189,579,610,183,165,188,197,206,250,92,82,99,98,96,112,91,83,89,99,110,138,510,0,510,오패산로30길
2015,2,A,골목상권,1000339,2285,1148,1137,370,317,352,376,392,478,193,161,191,196,190,217,177,156,161,180,202,261,966,30,936,수유로12길
2015,2,A,골목상권,1000338,2923,1462,1461,438,383,437,501,529,635,222,200,233,259,264,284,216,183,204,242,265,351,1311,108,1203,솔샘로65길
2015,2,A,골목상권,1000337,2473,1213,1260,369,355,394,412,431,512,189,179,208,203,205,229,180,176,186,209,226,283,1114,20,1094,솔매로50길
2015,2,A,골목상권,1000336,2427,1198,1229,350,355,386,407,431,498,183,179,203,203,207,223,167,176,183,204,224,275,1128,11,1117,솔매로45길
2015,2,A,골목상권,1000335,4039,2003,2036,611,572,642,683,708,823,320,291,337,343,344,368,291,281,305,340,364,455,1829,14,1815,솔매로41길
2015,2,A,골목상권,1000334,3048,1493,1555,498,396,454,491,526,683,260,197,241,244,248,303,238,199,213,247,278,380,1249,11,1238,삼양로93길
2015,2,A,골목상권,1000333,3701,1861,1840,600,512,573,611,633,772,310,260,310,319,309,353,290,252,263,292,324,419,1563,8,1555,삼양로77길
2015,2,A,골목상권,1000332,4325,2157,2168,641,592,659,734,774,925,332,307,348,377,382,411,309,285,311,357,392,514,1945,28,1917,삼양로54길
2015,2,A,골목상권,1000331,5569,2798,2771,1021,686,883,980,905,1094,537,360,458,506,450,487,484,326,425,474,455,607,2187,8,2179,삼양로41길
2015,2,A,골목상권,1000330,575,279,296,149,58,101,118,74,75,76,29,48,60,35,31,73,29,53,58,39,44,195,44,151,삼양로27길
2015,2,A,골목상권,1000329,2792,1397,1395,418,372,418,477,504,603,213,194,222,247,252,269,205,178,196,230,252,334,1270,88,1182,삼양로24길
2015,2,A,골목상권,1000328,2717,1360,1357,409,361,405,465,490,587,210,189,216,240,244,261,199,172,189,225,246,326,1165,0,1165,삼양로20길
2015,2,A,골목상권,1000327,3929,1954,1975,527,589,684,637,656,836,280,295,364,320,313,382,247,294,320,317,343,454,1904,62,1842,삼각산로28길
2015,2,A,골목상권,1000326,2542,1264,1278,342,380,444,415,423,538,181,191,236,208,202,246,161,189,208,207,221,292,1244,10,1234,도봉로99길
2015,2,A,골목상권,1000325,276,134,142,42,38,45,46,48,57,21,19,24,22,22,26,21,19,21,24,26,31,108,0,108,도봉로8길
2015,2,A,골목상권,1000324,3163,1561,1602,457,465,502,529,561,649,239,235,263,263,270,291,218,230,239,266,291,358,1480,89,1391,도봉로76길
2015,2,A,골목상권,1000323,1964,977,987,316,269,313,335,336,395,165,138,163,170,164,177,151,131,150,165,172,218,838,0,838,도봉로67길
2015,2,A,골목상권,1000322,3809,1887,1922,554,544,598,641,680,792,289,278,313,323,330,354,265,266,285,318,350,438,1754,60,1694,도봉로45길
2015,2,A,골목상권,1000321,3597,1751,1846,554,500,567,595,624,757,278,248,299,295,292,339,276,252,268,300,332,418,1570,33,1537,도봉로18길
2015,2,A,골목상권,1000320,1754,879,875,260,236,262,301,319,376,133,123,139,157,159,168,127,113,123,144,160,208,756,0,756,도봉로13길
2015,2,A,골목상권,1000319,2543,1260,1283,388,382,447,432,396,498,202,185,233,226,190,224,186,197,214,206,206,274,1149,26,1123,덕릉로41길
2015,2,A,골목상권,1000318,3086,1518,1568,515,386,486,507,506,686,269,207,257,252,247,286,246,179,229,255,259,400,1209,0,1209,덕릉로40길
2015,2,A,골목상권,1000317,2981,1469,1512,484,393,452,478,510,664,252,203,239,239,241,295,232,190,213,239,269,369,1164,41,1123,노해로33길
2015,2,A,골목상권,1000316,1369,673,696,224,180,207,218,233,307,115,94,109,109,110,136,109,86,98,109,123,171,545,0,545,노해로23길
2015,2,A,골목상권,1000315,2601,1293,1308,352,390,452,420,436,551,186,196,242,210,209,250,166,194,210,210,227,301,1272,10,1262,노해로17길
2015,2,A,골목상권,1000314,1630,822,808,262,230,264,270,280,324,138,118,138,138,139,151,124,112,126,132,141,173,703,0,703,화랑로40길
2015,2,A,골목상권,1000313,4126,2078,2048,666,580,671,681,710,818,349,298,349,350,350,382,317,282,322,331,360,436,1723,0,1723,화랑로32길
2015,2,A,골목상권,1000312,2583,1268,1315,531,293,441,459,401,458,266,148,214,241,193,206,265,145,227,218,208,252,991,98,893,화랑로1길
2015,2,A,골목상권,1000311,3053,1524,1529,522,433,473,519,499,607,268,216,245,271,247,277,254,217,228,248,252,330,1267,0,1267,화랑로19길
2015,2,A,골목상권,1000310,1953,967,986,344,297,320,323,301,368,177,141,160,173,149,167,167,156,160,150,152,201,834,0,834,화랑로14길
2015,2,A,골목상권,1000309,920,455,465,165,136,151,154,141,173,84,65,75,82,70,79,81,71,76,72,71,94,382,0,382,화랑로13길
2015,2,A,골목상권,1000308,2139,1080,1059,346,300,347,356,367,423,182,152,182,183,183,198,164,148,165,173,184,225,904,122,782,한천로76길
2015,2,A,골목상권,1000307,4460,2255,2205,772,575,636,808,773,896,402,305,344,409,384,411,370,270,292,399,389,485,1896,203,1693,한천로101가길
2015,2,A,골목상권,1000306,1292,625,667,204,231,206,214,183,254,105,115,104,103,88,110,99,116,102,111,95,144,597,18,579,창경궁로43길
2015,2,A,골목상권,1000305,2930,1435,1495,438,479,512,509,462,530,221,234,267,256,226,231,217,245,245,253,236,299,1378,16,1362,지봉로20길
2015,2,A,골목상권,1000304,1959,979,980,391,284,320,350,287,327,206,150,161,179,142,141,185,134,159,171,145,186,791,96,695,종암로5길
2015,2,A,골목상권,1000303,2730,1362,1368,545,395,445,484,402,459,286,209,224,248,198,197,259,186,221,236,204,262,1104,438,666,종암로24가길
2015,2,A,골목상권,1000302,1362,681,681,273,197,222,241,202,227,145,104,112,124,99,97,128,93,110,117,103,130,544,208,336,종암로21길
2015,2,A,골목상권,1000301,1751,875,876,348,254,283,313,259,294,182,134,142,162,128,127,166,120,141,151,131,167,690,162,528,종암로19길
2015,2,A,골목상권,1000300,3816,1907,1909,764,554,617,676,565,640,403,294,311,346,278,275,361,260,306,330,287,365,1495,0,1495,종암로16길
2015,2,A,골목상권,1000299,1759,878,881,268,288,259,272,286,386,139,159,144,133,136,167,129,129,115,139,150,219,811,0,811,정릉로8길
2015,2,A,골목상권,1000298,3179,1574,1605,609,382,519,538,502,629,322,196,261,273,238,284,287,186,258,265,264,345,1303,0,1303,정릉로27길
2015,2,A,골목상권,1000297,450,223,227,86,55,72,77,72,88,45,28,37,39,34,40,41,27,35,38,38,48,189,0,189,정릉로26길
2015,2,A,골목상권,1000296,2407,1227,1180,410,295,337,432,423,510,213,161,177,221,216,239,197,134,160,211,207,271,974,0,974,장위로50길
2015,2,A,골목상권,1000295,2541,1254,1287,446,382,416,421,396,480,229,182,208,222,196,217,217,200,208,199,200,263,1074,278,796,장월로1길
2015,2,A,골목상권,1000294,587,287,300,86,97,101,103,94,106,43,48,52,52,46,46,43,49,49,51,48,60,285,12,273,인촌로6길
2015,2,A,골목상권,1000293,2011,958,1053,274,503,339,298,265,332,142,225,174,150,125,142,132,278,165,148,140,190,1080,40,1040,인촌로5길
2015,2,A,골목상권,1000292,740,379,361,99,196,117,109,100,119,53,104,66,56,50,50,46,92,51,53,50,69,393,0,393,인촌로24길
2015,2,A,골목상권,1000291,1124,567,557,152,296,178,166,150,182,81,153,97,85,72,79,71,143,81,81,78,103,585,21,564,개운사길
2015,2,A,골목상권,1000290,1634,799,835,251,268,283,283,257,292,126,132,147,143,125,126,125,136,136,140,132,166,804,0,804,인촌로1길
2015,2,A,골목상권,1000289,2061,1047,1014,275,541,329,303,280,333,148,280,182,156,138,143,127,261,147,147,142,190,1075,0,1075,인촌로17가길
2015,2,A,골목상권,1000288,3417,1689,1728,599,518,561,568,530,641,308,246,280,302,262,291,291,272,281,266,268,350,1432,171,1261,오패산로4길
2015,2,A,골목상권,1000287,3584,1756,1828,739,414,612,636,552,631,370,207,296,333,269,281,369,207,316,303,283,350,1403,524,879,오패산로3길
2015,2,A,골목상권,1000286,2094,1031,1063,432,237,359,374,323,369,217,119,175,198,157,165,215,118,184,176,166,204,836,0,836,오패산로19길
2015,2,A,골목상권,1000285,2624,1331,1293,349,688,420,387,357,423,188,355,232,199,175,182,161,333,188,188,182,241,1385,152,1233,안암로5길
2015,2,A,골목상권,1000284,3419,1500,1919,485,791,620,512,429,582,238,276,290,252,197,247,247,515,330,260,232,335,1864,52,1812,아리랑로4길
2015,2,A,골목상권,1000283,2135,1067,1068,329,352,311,330,347,466,172,195,174,162,164,200,157,157,137,168,183,266,983,12,971,솔샘로6길
2015,2,A,골목상권,1000282,1334,641,693,214,205,217,228,197,273,110,96,106,112,96,121,104,109,111,116,101,152,578,111,467,성북로8길
2015,2,A,골목상권,1000281,3761,1855,1906,629,505,616,632,628,751,333,257,309,320,302,334,296,248,307,312,326,417,1640,48,1592,삼양로8길
2015,2,A,골목상권,1000280,1146,555,591,196,186,193,202,165,204,102,88,97,102,79,87,94,98,96,100,86,117,545,0,545,삼선교로16가길
2015,2,A,골목상권,1000279,1860,902,958,316,301,314,327,273,329,162,142,158,166,133,141,154,159,156,161,140,188,883,8,875,삼선교로10다길
2015,2,A,골목상권,1000278,1395,676,719,237,226,236,246,203,247,122,106,119,125,98,106,115,120,117,121,105,141,663,0,663,삼선교로10길
2015,2,A,골목상권,1000277,1662,733,929,236,386,301,245,212,282,117,137,140,122,98,119,119,249,161,123,114,163,910,0,910,보문로32길
2015,2,A,골목상권,1000276,1958,952,1006,336,318,330,345,286,343,174,151,167,174,138,148,162,167,163,171,148,195,931,61,870,보문로31길
2015,2,A,골목상권,1000275,1795,912,883,239,473,286,263,245,289,129,245,158,135,120,125,110,228,128,128,125,164,940,22,918,보문로26길
2015,2,A,골목상권,1000274,2791,1374,1417,417,459,484,483,446,502,209,228,253,247,218,219,208,231,231,236,228,283,1334,0,1334,보문로13길
2015,2,A,골목상권,1000273,2960,1451,1509,585,357,499,529,446,544,303,176,244,274,211,243,282,181,255,255,235,301,1181,104,1077,보국문로16길
2015,2,A,골목상권,1000272,262,125,137,46,42,46,46,37,45,23,19,23,23,18,19,23,23,23,23,19,26,123,0,123,동소문로6길
2015,2,A,골목상권,1000271,323,157,166,55,53,54,56,46,59,28,26,27,28,22,26,27,27,27,28,24,33,152,0,152,동소문로2길
2015,2,A,골목상권,1000270,2153,952,1201,308,498,388,324,270,365,152,176,181,161,126,156,156,322,207,163,144,209,1168,36,1132,동소문로26가길
2015,2,A,골목상권,1000269,1139,502,637,162,263,206,171,144,193,80,92,97,85,66,82,82,171,109,86,78,111,620,100,520,동소문로15길
2015,2,A,골목상권,1000268,2026,955,1071,322,343,338,339,291,393,164,147,165,168,138,173,158,196,173,171,153,220,956,405,551,동소문로13길
2015,2,A,골목상권,1000267,1715,861,854,274,240,277,286,296,342,144,122,144,146,146,159,130,118,133,140,150,183,753,0,753,돌곶이로8길
2015,2,A,골목상권,1000266,2034,1012,1022,353,273,292,366,348,402,180,142,159,183,168,180,173,131,133,183,180,222,872,0,872,돌곶이로41길
2015,2,A,골목상권,1000265,2055,1037,1018,342,261,296,365,358,433,175,137,159,189,178,199,167,124,137,176,180,234,846,123,723,돌곶이로28길
2015,2,A,골목상권,1000264,3092,1556,1536,507,405,451,543,537,649,256,211,249,280,263,297,251,194,202,263,274,352,1264,0,1264,돌곶이로27길
2015,2,A,골목상권,1000263,1358,683,675,218,192,222,226,232,268,115,99,114,115,115,125,103,93,108,111,117,143,588,0,588,돌곶이로22길
2015,2,A,골목상권,1000262,1533,772,761,246,217,251,252,265,302,130,111,130,130,131,140,116,106,121,122,134,162,667,0,667,돌곶이로14길
2015,2,A,골목상권,1000261,2013,974,1039,502,209,389,386,253,274,256,101,177,203,117,120,246,108,212,183,136,154,770,0,770,길음로7길
2015,2,A,골목상권,1000260,2799,1410,1389,449,400,475,506,479,490,231,200,254,264,239,222,218,200,221,242,240,268,1225,162,1063,중랑천로10길
2015,2,A,골목상권,1000259,3577,1793,1784,559,529,584,611,637,657,281,274,310,312,315,301,278,255,274,299,322,356,1572,0,1572,용마산로94길
2015,2,A,골목상권,1000258,1727,875,852,275,253,270,284,325,320,140,131,145,145,165,149,135,122,125,139,160,171,737,0,737,용마산로118길
2015,2,A,골목상권,1000257,2819,1422,1397,447,408,440,463,538,523,226,208,234,237,275,242,221,200,206,226,263,281,1192,155,1037,용마산로112길
2015,2,A,골목상권,1000256,3463,1748,1715,582,476,520,625,628,632,288,242,277,323,325,293,294,234,243,302,303,339,1546,0,1546,용마산로100길
2015,2,A,골목상권,1000255,810,400,410,169,119,115,145,140,122,88,61,57,70,70,54,81,58,58,75,70,68,299,79,220,신내로7가길
2015,2,A,골목상권,1000254,3484,1743,1741,540,515,578,572,625,654,280,260,306,288,313,296,260,255,272,284,312,358,1456,11,1445,사가정로54길
2015,2,A,골목상권,1000253,3205,1603,1602,495,472,535,526,577,600,256,239,282,265,290,271,239,233,253,261,287,329,1346,481,865,사가정로42길
2015,2,A,골목상권,1000252,4511,2221,2290,999,605,732,717,735,723,509,309,362,350,362,329,490,296,370,367,373,394,1539,721,818,봉화산로56길
2015,2,A,골목상권,1000251,5170,2672,2498,691,750,791,893,1036,1009,368,387,428,479,545,465,323,363,363,414,491,544,2431,0,2431,봉화산로4길
2015,2,A,골목상권,1000250,3385,1683,1702,634,497,547,557,595,555,331,252,284,273,290,253,303,245,263,284,305,302,1273,12,1261,봉화산로30길
2015,2,A,골목상권,1000249,2843,1441,1402,347,475,538,440,507,536,186,228,288,235,252,252,161,247,250,205,255,284,1433,0,1433,봉우재로33길
2015,2,A,골목상권,1000248,6286,3151,3135,980,956,1062,1108,1065,1115,511,478,567,566,526,503,469,478,495,542,539,612,2876,77,2799,면목로78길
2015,2,A,골목상권,1000247,3371,1691,1680,528,504,562,584,585,608,272,257,298,298,289,277,256,247,264,286,296,331,1538,37,1501,면목로56길
2015,2,A,골목상권,1000246,1853,931,922,293,277,306,320,322,335,150,141,164,164,159,153,143,136,142,156,163,182,840,17,823,면목로55길
2015,2,A,골목상권,1000245,3082,1545,1537,482,454,505,526,549,566,243,236,268,268,271,259,239,218,237,258,278,307,1361,25,1336,면목로49길
2015,2,A,골목상권,1000244,3495,1752,1743,549,515,568,594,624,645,278,267,301,302,308,296,271,248,267,292,316,349,1558,20,1538,면목로48길
2015,2,A,골목상권,1000243,1887,946,941,295,280,309,321,336,346,148,145,164,164,166,159,147,135,145,157,170,187,839,0,839,면목로45길
2015,2,A,골목상권,1000242,3360,1671,1689,545,501,569,570,543,632,285,227,305,304,271,279,260,274,264,266,272,353,1539,20,1519,면목로33길
2015,2,A,골목상권,1000241,2300,1143,1157,378,340,393,394,365,430,199,150,211,212,182,189,179,190,182,182,183,241,1063,50,1013,면목로21길
2015,2,A,골목상권,1000240,2090,1057,1033,332,303,326,343,395,391,169,155,175,175,201,182,163,148,151,168,194,209,866,0,866,망우로73길
2015,2,A,골목상권,1000239,2881,1456,1425,457,423,450,474,543,534,231,215,241,243,276,250,226,208,209,231,267,284,1202,8,1194,망우로68길
2015,2,A,골목상권,1000238,3642,1826,1816,582,523,634,589,623,691,309,255,333,302,302,325,273,268,301,287,321,366,1535,85,1450,동일로163길
2015,2,A,골목상권,1000237,2756,1380,1376,444,393,477,448,470,524,236,191,251,229,229,244,208,202,226,219,241,280,1170,10,1160,동일로157길
2015,2,A,골목상권,1000236,3053,1529,1524,490,438,531,493,520,581,260,214,279,252,252,272,230,224,252,241,268,309,1306,28,1278,동일로149길
2015,2,A,골목상권,1000235,2405,1195,1210,428,351,411,384,419,412,221,175,216,190,201,192,207,176,195,194,218,220,933,0,933,동일로140길
2015,2,A,골목상권,1000234,2644,1370,1274,352,382,402,460,532,516,187,199,219,247,280,238,165,183,183,213,252,278,1267,0,1267,동일로139길
2015,2,A,골목상권,1000233,1595,815,780,235,228,261,268,300,303,125,115,139,142,152,142,110,113,122,126,148,161,731,307,424,동일로139가길
2015,2,A,골목상권,1000232,3990,1983,2007,701,586,683,628,706,686,361,295,360,311,338,318,340,291,323,317,368,368,1557,56,1501,동일로130길
2015,2,A,골목상권,1000231,2707,1404,1303,359,393,413,467,545,530,192,205,225,250,287,245,167,188,188,217,258,285,1282,0,1282,동일로123길
2015,2,A,골목상권,1000230,5285,2678,2607,650,877,1000,824,937,997,349,418,536,440,467,468,301,459,464,384,470,529,2670,185,2485,동일로112길
2015,2,A,골목상권,1000229,3367,1688,1679,579,463,547,630,577,571,292,235,294,326,288,253,287,228,253,304,289,318,1423,154,1269,동일로101길
2015,2,A,골목상권,1000228,5048,2535,2513,867,688,825,943,861,864,438,349,440,492,430,386,429,339,385,451,431,478,2140,141,1999,동일로100길
2015,2,A,골목상권,1000227,2398,1185,1213,390,354,411,411,385,447,202,158,219,219,192,195,188,196,192,192,193,252,1105,78,1027,답십리로75길
2015,2,A,골목상권,1000226,4087,2010,2077,762,584,692,690,664,695,393,284,350,342,318,323,369,300,342,348,346,372,1614,353,1261,공릉로2길
2015,2,A,골목상권,1000225,1321,646,675,246,191,223,223,213,225,126,92,112,111,101,104,120,99,111,112,112,121,525,0,525,공릉로12가길
2015,2,A,골목상권,1000224,5127,2568,2559,800,772,867,902,870,916,416,387,461,460,430,414,384,385,406,442,440,502,2346,85,2261,겸재로54길
2015,2,A,골목상권,1000223,4344,2179,2165,680,655,733,765,738,773,354,328,391,390,364,352,326,327,342,375,374,421,1992,177,1815,겸재로36길
2015,2,A,골목상권,1000222,2525,1271,1254,393,382,428,446,428,448,206,192,229,228,212,204,187,190,199,218,216,244,1152,17,1135,겸재로29길
2015,2,A,골목상권,1000221,4559,2294,2265,669,927,733,714,673,843,346,493,400,366,328,361,323,434,333,348,345,482,2137,12,2125,휘경로3길
2015,2,A,골목상권,1000220,1795,903,892,263,364,286,284,265,333,136,193,156,145,129,144,127,171,130,139,136,189,866,0,866,휘경로2길
2015,2,A,골목상권,1000219,2650,1337,1313,385,536,431,417,393,488,200,282,235,213,194,213,185,254,196,204,199,275,1243,0,1243,휘경로23길
2015,2,A,골목상권,1000218,2787,1398,1389,382,522,466,455,413,549,200,257,248,238,210,245,182,265,218,217,203,304,1422,0,1422,휘경로14길
2015,2,A,골목상권,1000217,2156,1080,1076,414,310,368,372,330,362,211,165,184,192,163,165,203,145,184,180,167,197,870,480,390,한천로46길
2015,2,A,골목상권,1000216,2293,1160,1133,451,280,410,407,359,386,237,147,204,214,179,179,214,133,206,193,180,207,886,0,886,한천로40길
2015,2,A,골목상권,1000215,834,410,424,164,102,130,150,134,154,84,54,64,75,63,70,80,48,66,75,71,84,307,0,307,한천로33길
2015,2,A,골목상권,1000214,3315,1673,1642,566,439,625,541,563,581,288,227,316,288,275,279,278,212,309,253,288,302,1382,74,1308,한천로14길
2015,2,A,골목상권,1000213,2527,1273,1254,433,336,470,417,429,442,221,173,237,221,208,213,212,163,233,196,221,229,1040,519,521,천호대로97길
2015,2,A,골목상권,1000212,1823,917,906,312,243,342,297,308,321,157,124,173,157,151,155,155,119,169,140,157,166,758,60,698,천호대로77길
2015,2,A,골목상권,1000211,3659,1891,1768,495,552,635,561,617,799,263,283,341,306,323,375,232,269,294,255,294,424,1838,0,1838,천호대로45길
2015,2,A,골목상권,1000210,2566,1330,1236,347,390,446,393,432,558,185,203,240,214,226,262,162,187,206,179,206,296,1285,32,1253,천호대로17길
2015,2,A,골목상권,1000209,1259,653,606,171,190,218,195,212,273,90,99,117,107,111,129,81,91,101,88,101,144,710,0,710,천호대로12길
2015,2,A,골목상권,1000208,1444,729,715,213,293,236,224,214,264,109,156,129,115,105,115,104,137,107,109,109,149,724,0,724,천장산로7길
2015,2,A,골목상권,1000207,1815,930,885,255,292,292,267,295,414,132,159,157,148,145,189,123,133,135,119,150,225,814,0,814,제기로5길
2015,2,A,골목상권,1000206,5226,2616,2610,716,678,743,782,961,1346,369,364,397,408,477,601,347,314,346,374,484,745,2330,0,2330,제기로21길
2015,2,A,골목상권,1000205,2750,1362,1388,506,344,435,493,445,527,256,181,218,254,218,235,250,163,217,239,227,292,1092,0,1092,전농로4길
2015,2,A,골목상권,1000204,1917,960,957,331,247,328,335,296,380,172,124,167,176,149,172,159,123,161,159,147,208,785,0,785,전농로3길
2015,2,A,골목상권,1000203,3216,1637,1579,530,444,509,538,547,648,270,236,263,290,283,295,260,208,246,248,264,353,1505,6,1499,전농로29길
2015,2,A,골목상권,1000202,2100,1057,1043,358,278,395,346,355,368,183,143,200,183,172,176,175,135,195,163,183,192,870,208,662,장한로8길
2015,2,A,골목상권,1000201,2075,1049,1026,353,278,389,339,353,363,180,145,196,180,173,175,173,133,193,159,180,188,864,91,773,장한로5길
2015,2,A,골목상권,1000200,1910,967,943,375,232,341,335,301,326,198,123,169,177,149,151,177,109,172,158,152,175,747,0,747,장한로27길
2015,2,A,골목상권,1000199,1850,938,912,361,227,332,323,292,315,191,120,165,171,145,146,170,107,167,152,147,169,720,9,711,장한로27가길
2015,2,A,골목상권,1000198,2103,1063,1040,374,272,387,352,352,366,193,141,195,187,173,174,181,131,192,165,179,192,852,774,78,장한로26길
2015,2,A,골목상권,1000197,1289,652,637,247,157,233,225,207,220,129,82,117,119,102,103,118,75,116,106,105,117,512,256,256,장한로26가길
2015,2,A,골목상권,1000196,904,456,448,155,120,169,148,153,159,78,62,86,78,75,77,77,58,83,70,78,82,375,17,358,장한로25길
2015,2,A,골목상권,1000195,1551,783,768,264,207,288,256,264,272,135,107,145,135,129,132,129,100,143,121,135,140,643,299,344,장한로14길
2015,2,A,골목상권,1000194,4825,2392,2433,931,663,773,847,743,868,481,339,395,428,361,388,450,324,378,419,382,480,1778,0,1778,이문로42길
2015,2,A,골목상권,1000193,3013,1499,1514,409,390,425,453,557,779,210,207,226,236,274,346,199,183,199,217,283,433,1364,122,1242,왕산로43길
2015,2,A,골목상권,1000192,817,419,398,115,130,130,121,134,187,59,71,71,67,67,84,56,59,59,54,67,103,346,0,346,왕산로33길
2015,2,A,골목상권,1000191,1385,716,669,189,210,240,212,232,302,100,109,129,116,121,141,89,101,111,96,111,161,674,10,664,왕산로32길
2015,2,A,골목상권,1000190,2212,1122,1090,305,337,343,329,376,522,155,183,185,179,187,233,150,154,158,150,189,289,1008,26,982,약령시로17길
2015,2,A,골목상권,1000189,2895,1462,1433,486,391,475,490,475,578,248,203,245,261,243,262,238,188,230,229,232,316,1286,0,1286,서울시립대로4길
2015,2,A,골목상권,1000188,5474,2752,2722,961,839,872,912,874,1016,476,451,448,476,439,462,485,388,424,436,435,554,2469,192,2277,서울시립대로29길
2015,2,A,골목상권,1000187,2757,1397,1360,455,382,437,461,468,554,230,202,226,247,241,251,225,180,211,214,227,303,1288,18,1270,서울시립대로16길
2015,2,A,골목상권,1000186,2150,1075,1075,368,278,369,374,332,429,191,140,187,197,168,192,177,138,182,177,164,237,875,0,875,사가정로2길
2015,2,A,골목상권,1000185,2510,1273,1237,489,307,449,440,397,428,260,162,224,230,197,200,229,145,225,210,200,228,988,252,736,사가정로23가길
2015,2,A,골목상권,1000184,2729,1330,1399,546,342,411,490,437,503,278,178,201,242,205,226,268,164,210,248,232,277,919,148,771,사가정로13길
2015,2,A,골목상권,1000183,2131,1101,1030,290,319,369,331,357,465,154,164,198,180,187,218,136,155,171,151,170,247,1112,28,1084,무학로45길
2015,2,A,골목상권,1000182,1615,837,778,220,244,281,250,271,349,117,125,152,137,142,164,103,119,129,113,129,185,824,0,824,무학로16길
2015,2,A,골목상권,1000181,301,152,149,41,57,50,49,44,60,22,28,27,26,22,27,19,29,23,23,22,33,154,0,154,망우로21길
2015,2,A,골목상권,1000180,2102,1042,1060,396,369,337,344,308,348,193,199,170,172,151,157,203,170,167,172,157,191,890,0,890,망우로18길
2015,2,A,골목상권,1000179,3966,1967,1999,750,694,633,657,579,653,365,376,321,328,282,295,385,318,312,329,297,358,1689,0,1689,망우로18가길
2015,2,A,골목상권,1000178,1435,727,708,270,179,261,246,233,246,141,93,130,131,116,116,129,86,131,115,117,130,570,19,551,답십리로72길
2015,2,A,골목상권,1000177,1577,800,777,309,189,285,276,249,269,163,100,142,146,124,125,146,89,143,130,125,144,619,245,374,답십리로69길
2015,2,A,골목상권,1000176,2640,1330,1310,451,351,494,433,446,465,229,180,250,230,217,224,222,171,244,203,229,241,1096,166,930,답십리로68길
2015,2,A,골목상권,1000175,4491,2266,2225,768,593,839,739,763,789,392,306,424,393,372,379,376,287,415,346,391,410,1877,30,1847,답십리로64길
2015,2,A,골목상권,1000174,2343,1185,1158,458,285,418,412,372,398,240,150,207,218,185,185,218,135,211,194,187,213,903,18,885,답십리로63길
2015,2,A,골목상권,1000173,2276,1128,1148,423,282,356,411,369,435,213,149,178,211,181,196,210,133,178,200,188,239,908,228,680,답십리로60길
2015,2,A,골목상권,1000172,4415,2187,2228,817,548,694,798,716,842,412,291,347,411,349,377,405,257,347,387,367,465,1735,454,1281,답십리로56길
2015,2,A,골목상권,1000171,3357,1709,1648,553,463,531,563,572,675,281,247,275,302,297,307,272,216,256,261,275,368,1570,0,1570,답십리로23길
2015,2,A,골목상권,1000170,250,131,119,33,38,44,39,42,54,18,20,23,22,22,26,15,18,21,17,20,28,124,0,124,난계로30길
2015,2,A,골목상권,1000169,1798,867,931,266,448,341,232,219,292,132,214,177,119,100,125,134,234,164,113,119,167,970,0,970,경희대로4길
2015,2,A,골목상권,1000168,938,451,487,140,233,177,122,115,151,69,112,91,61,54,64,71,121,86,61,61,87,503,0,503,경희대로3길
2015,2,A,골목상권,1000167,2819,1389,1430,525,388,483,495,454,474,268,196,247,246,217,215,257,192,236,249,237,259,1136,71,1065,천호대로129길
2015,2,A,골목상권,1000166,3124,1526,1598,530,504,575,521,508,486,273,243,287,255,245,223,257,261,288,266,263,263,1410,82,1328,천호대로123길
2015,2,A,골목상권,1000165,3962,1931,2031,673,639,727,659,645,619,347,307,361,320,313,283,326,332,366,339,332,336,1759,18,1741,천호대로109길
2015,2,A,골목상권,1000164,4198,2040,2158,863,620,717,714,703,581,434,309,336,350,339,272,429,311,381,364,364,309,1504,208,1296,자양번영로3길
2015,2,A,골목상권,1000163,2969,1471,1498,537,429,498,522,487,496,281,219,253,256,237,225,256,210,245,266,250,271,1167,51,1116,자양로53길
2015,2,A,골목상권,1000162,4916,2414,2502,924,665,849,859,789,830,465,335,434,428,374,378,459,330,415,431,415,452,1993,25,1968,자양로50길
2015,2,A,골목상권,1000161,2428,1200,1228,438,351,407,428,397,407,229,179,206,209,193,184,209,172,201,219,204,223,956,19,937,자양로45길
2015,2,A,골목상권,1000160,2887,1397,1490,423,516,605,473,427,443,215,246,306,233,200,197,208,270,299,240,227,246,1358,72,1286,자양로26길
2015,2,A,골목상권,1000159,2132,1058,1074,335,354,401,351,343,348,175,175,207,176,168,157,160,179,194,175,175,191,1029,0,1029,자양로15길
2015,2,A,골목상권,1000158,4389,2175,2214,686,730,831,725,706,711,357,361,429,363,345,320,329,369,402,362,361,391,2076,26,2050,자양로11길
2015,2,A,골목상권,1000157,3401,1656,1745,575,545,626,567,553,535,296,262,311,276,265,246,279,283,315,291,288,289,1507,56,1451,용마산로3길
2015,2,A,골목상권,1000156,5279,2594,2685,890,835,964,890,870,830,461,406,485,436,425,381,429,429,479,454,445,449,2351,67,2284,용마산로21길
2015,2,A,골목상권,1000155,2383,1162,1221,666,277,306,548,324,262,342,138,133,262,167,120,324,139,173,286,157,142,784,401,383,아차산로78길
2015,2,A,골목상권,1000154,3304,1602,1702,637,520,572,559,541,475,322,255,283,264,257,221,315,265,289,295,284,254,1287,74,1213,아차산로65길
2015,2,A,골목상권,1000153,3490,1694,1796,511,627,730,570,515,537,260,300,371,281,243,239,251,327,359,289,272,298,1640,0,1640,아차산로55길
2015,2,A,골목상권,1000152,1907,920,987,279,341,399,313,284,291,141,163,203,152,133,128,138,178,196,161,151,163,896,7,889,아차산로51길
2015,2,A,골목상권,1000151,3013,1496,1517,472,499,570,497,484,491,248,248,293,249,236,222,224,251,277,248,248,269,1440,45,1395,아차산로40길
2015,2,A,골목상권,1000150,4473,2256,2217,733,660,765,797,779,739,390,338,405,401,384,338,343,322,360,396,395,401,1953,0,1953,면목로17길
2015,2,A,골목상권,1000149,3569,1772,1797,666,503,654,608,594,544,352,253,328,300,286,253,314,250,326,308,308,291,1485,0,1485,뚝섬로64길
2015,2,A,골목상권,1000148,3469,1727,1742,650,486,635,592,578,528,345,244,319,293,279,247,305,242,316,299,299,281,1428,286,1142,뚝섬로58길
2015,2,A,골목상권,1000147,4093,2032,2061,765,579,748,692,680,629,404,290,375,341,329,293,361,289,373,351,351,336,1696,56,1640,뚝섬로54길
2015,2,A,골목상권,1000146,4420,2196,2224,829,622,812,753,731,673,437,311,408,374,353,313,392,311,404,379,378,360,1847,10,1837,뚝섬로48길
2015,2,A,골목상권,1000145,2624,1336,1288,338,421,440,445,480,500,174,212,235,239,247,229,164,209,205,206,233,271,1375,0,1375,뚝섬로24길
2015,2,A,골목상권,1000144,3466,1719,1747,592,531,588,589,606,560,300,265,293,301,302,258,292,266,295,288,304,302,1454,0,1454,뚝섬로23길
2015,2,A,골목상권,1000143,2152,1057,1095,202,708,447,263,245,287,101,321,236,148,121,130,101,387,211,115,124,157,1301,161,1140,동일로24길
2015,2,A,골목상권,1000142,3538,1798,1740,450,570,595,599,650,674,233,286,317,321,333,308,217,284,278,278,317,366,1784,6,1778,동일로18길
2015,2,A,골목상권,1000141,2548,1255,1293,478,383,432,432,438,385,242,190,210,218,217,178,236,193,222,214,221,207,1007,720,287,능동로4길
2015,2,A,골목상권,1000140,3527,1788,1739,482,560,594,598,645,648,248,281,314,320,329,296,234,279,280,278,316,352,1753,345,1408,능동로3길
2015,2,A,골목상권,1000139,4857,2284,2573,648,952,1185,678,642,752,337,407,594,325,284,337,311,545,591,353,358,415,2534,25,2509,능동로34길
2015,2,A,골목상권,1000138,1997,977,1020,186,659,413,242,228,269,93,298,218,136,111,121,93,361,195,106,117,148,1262,147,1115,능동로19길
2015,2,A,골목상권,1000137,2935,1438,1497,270,968,609,361,335,392,135,438,319,202,165,179,135,530,290,159,170,213,1784,10,1774,능동로13길
2015,2,A,골목상권,1000136,2454,1235,1219,395,367,428,432,426,406,208,188,225,217,210,187,187,179,203,215,216,219,1090,0,1090,긴고랑로9길
2015,2,A,골목상권,1000135,4601,2286,2315,657,748,898,755,770,773,338,367,471,379,375,356,319,381,427,376,395,417,2068,19,2049,긴고랑로8길
2015,2,A,골목상권,1000134,4747,2377,2370,731,734,865,816,812,789,383,366,457,410,399,362,348,368,408,406,413,427,2093,62,2031,긴고랑로7길
2015,2,A,골목상권,1000133,4289,2090,2199,726,692,789,713,696,673,376,333,391,346,336,308,350,359,398,367,360,365,1920,48,1872,긴고랑로20길
2015,2,A,골목상권,1000132,6391,3104,3287,1233,1004,1105,1081,1050,918,627,491,548,509,500,429,606,513,557,572,550,489,2475,51,2424,광나루로52길
2015,2,A,골목상권,1000131,4226,2052,2174,618,755,887,694,625,647,314,360,451,342,296,289,304,395,436,352,329,358,1980,69,1911,광나루로40길
2015,2,A,골목상권,1000130,827,407,420,156,110,142,144,133,142,78,56,73,71,64,65,78,54,69,73,69,77,334,0,334,광나루로37길
2015,2,A,골목상권,1000129,2381,1151,1230,349,427,500,388,353,364,176,204,253,190,167,161,173,223,247,198,186,203,1111,30,1081,광나루로36길
2015,2,A,골목상권,1000128,1300,636,664,116,430,270,161,149,174,58,195,142,90,73,78,58,235,128,71,76,96,783,0,783,광나루로24길
2015,2,A,골목상권,1000127,1991,977,1014,190,656,413,243,225,264,95,297,219,136,111,119,95,359,194,107,114,145,1242,82,1160,광나루로12길
2015,2,A,골목상권,1000126,2331,1117,1214,412,316,480,373,358,392,210,148,231,184,168,176,202,168,249,189,190,216,938,732,206,한림말길
2015,2,A,골목상권,1000125,1248,599,649,219,171,258,200,192,208,112,81,124,98,90,94,107,90,134,102,102,114,511,65,446,한림말3길
2015,2,A,골목상권,1000124,4056,2017,2039,721,665,627,681,650,712,375,324,318,345,327,328,346,341,309,336,323,384,1611,0,1611,청계천로10나길
2015,2,A,골목상권,1000123,2889,1395,1494,513,354,591,489,438,504,262,177,287,248,204,217,251,177,304,241,234,287,1228,0,1228,장터길
2015,2,A,골목상권,1000122,3418,1816,1602,502,490,546,648,600,632,261,249,310,364,337,295,241,241,236,284,263,337,1630,0,1630,용답중앙길
2015,2,A,골목상권,1000121,3531,1877,1654,517,506,566,669,619,654,269,258,319,377,347,307,248,248,247,292,272,347,1688,157,1531,용답29길
2015,2,A,골목상권,1000120,2659,1349,1310,451,418,503,455,430,402,229,214,262,237,219,188,222,204,241,218,211,214,1160,168,992,왕십리로6길
2015,2,A,골목상권,1000119,2731,1358,1373,474,391,455,490,436,485,244,195,234,252,221,212,230,196,221,238,215,273,1202,55,1147,왕십리로31길
2015,2,A,골목상권,1000118,2911,1436,1475,450,469,497,484,466,545,235,226,254,243,237,241,215,243,243,241,229,304,1274,264,1010,왕십리로26길
2015,2,A,골목상권,1000117,5314,2559,2755,1076,661,955,973,782,867,521,326,457,492,381,382,555,335,498,481,401,485,2120,0,2120,왕십리로21길
2015,2,A,골목상권,1000116,2130,1079,1051,342,344,422,349,344,329,173,175,218,186,172,155,169,169,204,163,172,174,959,183,776,왕십리로14길
2015,2,A,골목상권,1000115,2145,1111,1034,310,335,401,335,378,386,161,166,208,186,204,186,149,169,193,149,174,200,986,237,749,아차산로5길
2015,2,A,골목상권,1000114,791,407,384,115,123,148,123,140,142,59,61,76,68,75,68,56,62,72,55,65,74,354,0,354,아차산로15길
2015,2,A,골목상권,1000113,642,330,312,91,99,125,96,115,116,48,49,64,53,63,53,43,50,61,43,52,63,292,49,243,아차산로11길
2015,2,A,골목상권,1000112,3167,1672,1495,485,445,535,583,590,529,251,237,294,327,315,248,234,208,241,256,275,281,1463,0,1463,송정4가길
2015,2,A,골목상권,1000111,1462,773,689,224,206,247,268,270,247,116,109,135,151,146,116,108,97,112,117,124,131,670,0,670,송정12라길
2015,2,A,골목상권,1000110,893,461,432,127,138,169,139,158,162,65,69,87,77,85,78,62,69,82,62,73,84,405,0,405,성수일로6길
2015,2,A,골목상권,1000109,2121,1106,1015,323,319,365,360,389,365,170,167,193,197,207,172,153,152,172,163,182,193,947,24,923,성수이로7길
2015,2,A,골목상권,1000108,629,328,301,93,96,113,102,117,108,49,50,60,56,64,49,44,46,53,46,53,59,281,0,281,성수이로18길
2015,2,A,골목상권,1000107,4567,2319,2248,854,686,771,847,750,659,438,354,402,429,395,301,416,332,369,418,355,358,1778,0,1778,성덕정길
2015,2,A,골목상권,1000106,4739,2478,2261,735,706,776,840,883,799,385,378,413,456,473,373,350,328,363,384,410,426,2081,0,2081,성덕정17길
2015,2,A,골목상권,1000105,2998,1520,1478,483,483,597,490,483,462,243,247,308,263,242,217,240,236,289,227,241,245,1345,54,1291,서울숲2길
2015,2,A,골목상권,1000104,901,460,441,144,145,180,149,143,140,74,75,93,80,72,66,70,70,87,69,71,74,404,99,305,상원길
2015,2,A,골목상권,1000103,2806,1421,1385,451,452,557,462,451,433,229,230,287,245,227,203,222,222,270,217,224,230,1241,423,818,상원12길
2015,2,A,골목상권,1000102,3377,1789,1588,424,1082,493,417,395,566,202,640,288,215,193,251,222,442,205,202,202,315,1981,0,1981,사근동길
2015,2,A,골목상권,1000101,2077,1016,1061,383,295,348,375,325,351,193,143,174,189,162,155,190,152,174,186,163,196,871,157,714,무학봉길
2015,2,A,골목상권,1000100,1345,665,680,238,201,220,240,214,232,123,97,112,122,108,103,115,104,108,118,106,129,569,83,486,무학봉28길
2015,2,A,골목상권,1000099,1624,799,825,255,261,277,268,260,303,131,126,142,135,131,134,124,135,135,133,129,169,710,18,692,무학로6길
2015,2,A,골목상권,1000098,1461,706,755,255,181,294,247,215,269,131,90,144,124,100,117,124,91,150,123,115,152,598,96,502,무수막길
2015,2,A,골목상권,1000097,1092,528,564,197,132,230,182,169,182,101,65,112,92,79,79,96,67,118,90,90,103,461,217,244,매봉길
2015,2,A,골목상권,1000096,638,337,301,81,204,93,79,75,106,39,121,54,40,36,47,42,83,39,39,39,59,361,38,323,마조로1길
2015,2,A,골목상권,1000095,2377,1183,1194,421,391,365,400,381,419,219,191,186,202,192,193,202,200,179,198,189,226,951,277,674,마조로16길
2015,2,A,골목상권,1000094,868,434,434,153,144,133,145,140,153,79,71,68,74,71,71,74,73,65,71,69,82,366,110,256,마장로39길
2015,2,A,골목상권,1000093,2124,1057,1067,376,349,331,354,341,373,196,171,169,179,171,171,180,178,162,175,170,202,856,11,845,마장로27길
2015,2,A,골목상권,1000092,968,493,475,173,147,161,177,165,145,89,76,84,91,87,66,84,71,77,86,78,79,399,127,272,뚝섬로5길
2015,2,A,골목상권,1000091,3552,1828,1724,611,534,591,642,622,552,316,281,311,335,331,254,295,253,280,307,291,298,1472,0,1472,둘레9길
2015,2,A,골목상권,1000090,3342,1614,1728,583,414,670,565,494,616,299,206,327,285,231,266,284,208,343,280,263,350,1359,102,1257,금호산길
2015,2,A,골목상권,1000089,2761,1335,1426,484,343,552,466,405,511,248,171,269,236,189,222,236,172,283,230,216,289,1123,0,1123,금호산2길
2015,2,A,골목상권,1000088,3019,1487,1532,492,462,507,502,500,556,246,234,259,248,251,249,246,228,248,254,249,307,1326,0,1326,고산자로6길
2015,2,A,골목상권,1000087,3808,1885,1923,674,499,647,663,598,727,357,263,335,334,289,307,317,236,312,329,309,420,1681,63,1618,후암로28길
2015,2,A,골목상권,1000086,2927,1424,1503,551,363,542,506,424,541,279,181,264,259,204,237,272,182,278,247,220,304,1148,77,1071,효창원로39길
2015,2,A,골목상권,1000085,1862,862,1000,252,239,358,299,285,429,128,115,172,147,125,175,124,124,186,152,160,254,957,101,856,회나무로13길
2015,2,A,골목상권,1000084,862,413,449,112,119,178,144,137,172,57,58,89,71,64,74,55,61,89,73,73,98,446,388,58,한남대로20길
2015,2,A,골목상권,1000083,114,71,43,10,13,17,22,25,27,6,7,10,15,17,16,4,6,7,7,8,11,78,0,78,한강대로88길
2015,2,A,골목상권,1000082,867,433,434,109,120,151,136,150,201,57,60,76,73,75,92,52,60,75,63,75,109,403,0,403,한강대로7길
2015,2,A,골목상권,1000081,1074,537,537,132,148,189,167,188,250,70,74,95,89,94,115,62,74,94,78,94,135,536,36,500,한강대로62길
2015,2,A,골목상권,1000080,675,338,337,82,95,120,105,119,154,44,48,60,56,59,71,38,47,60,49,60,83,342,0,342,한강대로52길
2015,2,A,골목상권,1000079,1196,600,596,147,168,211,186,208,276,78,84,107,99,104,128,69,84,104,87,104,148,593,358,235,한강대로43길
2015,2,A,골목상권,1000078,710,355,355,87,100,126,109,124,164,46,50,64,58,62,75,41,50,62,51,62,89,338,0,338,한강대로15길
2015,2,A,골목상권,1000077,1678,988,690,179,200,258,308,351,382,99,102,149,200,226,212,80,98,109,108,125,170,1011,75,936,한강대로104길
2015,2,A,골목상권,1000076,3238,1562,1676,481,585,576,554,461,581,254,258,295,284,225,246,227,327,281,270,236,335,1636,0,1636,청파로73길
2015,2,A,골목상권,1000075,3782,1825,1957,562,685,676,646,532,681,298,304,346,331,258,288,264,381,330,315,274,393,1886,10,1876,청파로71길
2015,2,A,골목상권,1000074,3107,1499,1608,462,560,555,533,440,557,243,248,286,273,215,234,219,312,269,260,225,323,1553,23,1530,청파로47나길
2015,2,A,골목상권,1000073,2434,1175,1259,362,440,433,416,344,439,191,196,222,213,168,185,171,244,211,203,176,254,1219,0,1219,청파로47길
2015,2,A,골목상권,1000072,2923,1424,1499,402,411,500,529,496,585,217,220,260,260,227,240,185,191,240,269,269,345,1424,0,1424,장문로45길
2015,2,A,골목상권,1000071,1854,888,966,243,257,382,308,293,371,124,127,189,153,136,159,119,130,193,155,157,212,959,15,944,이태원로54길
2015,2,A,골목상권,1000070,1282,599,683,151,182,228,199,218,304,75,94,116,96,101,117,76,88,112,103,117,187,716,15,701,이태원로27길
2015,2,A,골목상권,1000069,3190,1534,1656,518,363,560,516,517,716,271,190,274,269,231,299,247,173,286,247,286,417,1375,184,1191,이촌로22길
2015,2,A,골목상권,1000068,1108,542,566,177,170,236,177,163,185,91,77,117,94,80,83,86,93,119,83,83,102,534,0,534,원효로89길
2015,2,A,골목상권,1000067,2518,1227,1291,456,331,490,424,366,451,233,161,239,221,175,198,223,170,251,203,191,253,1047,0,1047,원효로53길
2015,2,A,골목상권,1000066,2087,988,1099,414,253,341,383,320,376,190,123,168,188,160,159,224,130,173,195,160,217,774,0,774,원효로41길
2015,2,A,골목상권,1000065,2502,1179,1323,498,302,411,460,381,450,227,145,202,225,190,190,271,157,209,235,191,260,951,138,813,원효로19길
2015,2,A,골목상권,1000064,3185,1554,1631,437,447,546,575,541,639,235,240,284,284,249,262,202,207,262,291,292,377,1508,0,1508,우사단로4길
2015,2,A,골목상권,1000063,1298,613,685,164,180,260,215,208,271,82,88,129,106,96,112,82,92,131,109,112,159,684,59,625,우사단로14길
2015,2,A,골목상권,1000062,3120,1505,1615,420,435,589,541,512,623,221,223,299,266,236,260,199,212,290,275,276,363,1551,0,1551,우사단로10길
2015,2,A,골목상권,1000061,3045,1493,1552,495,404,531,507,492,616,262,209,275,249,234,264,233,195,256,258,258,352,1371,0,1371,신흥로20길
2015,2,A,골목상권,1000060,2571,1252,1319,383,342,463,408,426,549,204,173,242,197,201,235,179,169,221,211,225,314,1196,0,1196,소월로20길
2015,2,A,골목상권,1000059,3536,1701,1835,748,437,464,723,532,632,375,214,218,353,279,262,373,223,246,370,253,370,1429,0,1429,서빙고로71길
2015,2,A,골목상권,1000058,1197,588,609,196,177,265,188,175,196,100,81,132,101,86,88,96,96,133,87,89,108,563,502,61,백범로90길
2015,2,A,골목상권,1000057,4348,2124,2224,779,610,815,744,635,765,410,293,403,376,305,337,369,317,412,368,330,428,1808,115,1693,백범로79길
2015,2,A,골목상권,1000056,2634,1449,1185,362,326,422,473,493,558,195,168,234,280,289,283,167,158,188,193,204,275,1396,0,1396,두텁바위로1길
2015,2,A,골목상권,1000055,1240,593,647,159,173,256,207,197,248,81,85,127,103,92,105,78,88,129,104,105,143,641,35,606,대사관로34길
2015,2,A,골목상권,1000054,1122,518,604,151,144,215,182,172,258,76,69,102,90,75,106,75,75,113,92,97,152,577,9,568,녹사평대로46길
2015,2,A,골목상권,1000053,1019,471,548,126,137,189,165,164,238,62,69,93,80,73,94,64,68,96,85,91,144,543,0,543,녹사평대로40나길
2015,2,A,골목상권,1000052,683,319,364,78,97,118,107,119,164,39,51,59,51,55,64,39,46,59,56,64,100,381,40,341,녹사평대로32길
2015,2,A,골목상권,1000051,1360,636,724,158,194,237,214,233,324,79,101,119,104,109,124,79,93,118,110,124,200,758,0,758,녹사평대로26길
2015,2,A,골목상권,1000050,819,394,425,174,101,107,166,124,147,87,50,50,81,65,61,87,51,57,85,59,86,329,0,329,녹사평대로11길
2015,2,A,골목상권,1000049,3277,1656,1621,536,417,573,590,536,625,275,221,302,320,275,263,261,196,271,270,261,362,1553,10,1543,퇴계로90길
2015,2,A,골목상권,1000048,1078,581,497,100,113,132,169,252,312,46,53,68,100,154,160,54,60,64,69,98,152,679,60,619,퇴계로8길
2015,2,A,골목상권,1000047,1250,655,595,149,236,194,185,204,282,74,130,105,103,109,134,75,106,89,82,95,148,646,0,646,퇴계로56길
2015,2,A,골목상권,1000046,515,269,246,67,102,86,74,79,107,34,57,48,40,40,50,33,45,38,34,39,57,270,0,270,퇴계로46길
2015,2,A,골목상권,1000045,1441,628,813,124,161,209,259,293,395,57,79,91,124,126,151,67,82,118,135,167,244,670,0,670,퇴계로18길
2015,2,A,골목상권,1000044,694,377,317,64,72,84,109,164,201,30,34,44,65,100,104,34,38,40,44,64,97,439,140,299,퇴계로12길
2015,2,A,골목상권,1000043,3631,1754,1877,601,522,606,613,586,703,313,256,304,305,288,288,288,266,302,308,298,415,1468,0,1468,청구로1길
2015,2,A,골목상권,1000042,1690,834,856,255,257,295,288,270,325,134,134,152,145,127,142,121,123,143,143,143,183,780,32,748,청구로17길
2015,2,A,골목상권,1000041,1334,690,644,166,239,214,209,219,287,85,130,114,113,114,134,81,109,100,96,105,153,704,0,704,장충단로8길
2015,2,A,골목상권,1000040,28,12,16,2,4,4,5,5,8,1,2,2,2,2,3,1,2,2,3,3,5,13,0,13,삼일대로4길
2015,2,A,골목상권,1000039,125,55,70,11,14,17,23,25,35,5,7,7,11,11,14,6,7,10,12,14,21,59,0,59,명동길
2015,2,A,골목상권,1000038,1327,638,689,209,171,235,210,217,285,106,84,117,106,103,122,103,87,118,104,114,163,681,19,662,동호로8길
2015,2,A,골목상권,1000037,2078,1033,1045,306,364,361,337,313,397,157,194,187,171,150,174,149,170,174,166,163,223,991,34,957,동호로20길
2015,2,A,골목상권,1000036,2288,1122,1166,348,347,398,390,364,441,182,179,203,196,170,192,166,168,195,194,194,249,1065,0,1065,동호로15길
2015,2,A,골목상권,1000035,3273,1604,1669,498,497,570,557,519,632,259,257,292,280,242,274,239,240,278,277,277,358,1486,134,1352,동호로11길
2015,2,A,골목상권,1000034,4114,1988,2126,689,592,682,691,667,793,358,290,341,345,327,327,331,302,341,346,340,466,1705,185,1520,동호로10길
2015,2,A,골목상권,1000033,1444,743,701,183,209,212,273,262,305,94,107,113,151,140,138,89,102,99,122,122,167,797,0,797,다산로39길
2015,2,A,골목상권,1000032,1999,963,1036,370,279,314,363,331,342,186,141,145,180,163,148,184,138,169,183,168,194,752,214,538,다산로38길
2015,2,A,골목상권,1000031,2299,1115,1184,426,322,362,413,379,397,217,163,168,206,187,174,209,159,194,207,192,223,873,0,873,다산로36길
2015,2,A,골목상권,1000030,4072,2101,1971,520,588,598,770,739,857,264,302,319,429,398,389,256,286,279,341,341,468,2240,14,2226,다산로33길
2015,2,A,골목상권,1000029,972,490,482,131,150,194,158,153,186,68,74,99,84,79,86,63,76,95,74,74,100,460,35,425,난계로21길
2015,2,A,골목상권,1000028,2293,1152,1141,312,355,456,366,362,442,161,173,234,195,188,201,151,182,222,171,174,241,1100,316,784,난계로11길
2015,2,A,골목상권,1000027,831,390,441,135,109,131,141,131,184,69,51,62,66,62,80,66,58,69,75,69,104,401,13,388,필운대로1길
2015,2,A,골목상권,1000026,2175,1030,1145,405,302,275,386,373,434,213,158,123,171,174,191,192,144,152,215,199,243,844,19,825,평창길
2015,2,A,골목상권,1000025,1596,763,833,303,188,223,297,260,325,143,90,113,150,128,139,160,98,110,147,132,186,701,0,701,통일로12길
2015,2,A,골목상권,1000024,2629,1335,1294,391,381,337,515,481,524,199,199,195,261,248,233,192,182,142,254,233,291,1179,79,1100,창신길
2015,2,A,골목상권,1000023,1201,627,574,163,156,153,224,236,269,84,83,87,116,128,129,79,73,66,108,108,140,621,0,621,창신5길
2015,2,A,골목상권,1000022,1112,564,548,165,161,143,218,204,221,84,84,81,111,105,99,81,77,62,107,99,122,502,9,493,창신2길
2015,2,A,골목상권,1000021,721,356,365,111,166,113,111,90,130,57,88,59,54,44,54,54,78,54,57,46,76,365,0,365,창경궁로35길
2015,2,A,골목상권,1000020,2992,1508,1484,473,412,479,539,515,574,251,213,249,283,253,259,222,199,230,256,262,315,1337,0,1337,지봉로8길
2015,2,A,골목상권,1000019,2806,1436,1370,347,453,475,469,476,586,183,221,249,251,252,280,164,232,226,218,224,306,1486,110,1376,종로65길
2015,2,A,골목상권,1000018,660,340,320,76,110,114,108,111,141,40,53,60,58,61,68,36,57,54,50,50,73,369,43,326,종로58가길
2015,2,A,골목상권,1000017,225,129,96,22,26,27,34,49,67,9,14,16,23,31,36,13,12,11,11,18,31,159,0,159,종로24길
2015,2,A,골목상권,1000016,926,439,487,174,117,145,165,138,187,91,57,66,77,67,81,83,60,79,88,71,106,408,0,408,자하문로7길
2015,2,A,골목상권,1000015,1555,743,812,218,309,286,244,216,282,110,139,148,116,107,123,108,170,138,128,109,159,813,0,813,이화장길
2015,2,A,골목상권,1000014,439,238,201,53,65,56,79,80,106,28,35,35,44,45,51,25,30,21,35,35,55,242,68,174,율곡로16길
2015,2,A,골목상권,1000013,540,311,229,51,62,66,83,116,162,22,34,38,55,75,87,29,28,28,28,41,75,384,0,384,율곡로10길
2015,2,A,골목상권,1000012,2824,1349,1475,591,350,426,528,395,534,320,178,189,243,195,224,271,172,237,285,200,310,1115,8,1107,옥인길
2015,2,A,골목상권,1000011,1078,556,522,122,183,185,175,184,229,65,88,97,95,100,111,57,95,88,80,84,118,602,0,602,숭인동길
2015,2,A,골목상권,1000010,1182,583,599,181,271,184,182,153,211,93,144,95,88,75,88,88,127,89,94,78,123,598,0,598,성균관로5길
2015,2,A,골목상권,1000009,839,402,437,122,96,124,127,144,226,64,48,62,62,68,98,58,48,62,65,76,128,494,0,494,삼청로5길
2015,2,A,골목상권,1000008,753,361,392,108,86,112,115,129,203,57,43,56,56,61,88,51,43,56,59,68,115,445,0,445,북촌로5나길
2015,2,A,골목상권,1000007,456,219,237,66,52,68,70,78,122,35,26,34,34,37,53,31,26,34,36,41,69,267,0,267,북촌로5길
2015,2,A,골목상권,1000006,565,263,302,94,67,87,103,84,130,47,31,42,51,37,55,47,36,45,52,47,75,259,0,259,북촌로11길
2015,2,A,골목상권,1000005,1975,971,1004,369,274,249,359,323,401,202,144,123,164,153,185,167,130,126,195,170,216,803,27,776,백석동길
2015,2,A,골목상권,1000004,1377,679,698,210,318,214,211,179,245,109,169,111,101,88,101,101,149,103,110,91,144,705,25,680,명륜길
2015,2,A,골목상권,1000003,1321,754,567,127,152,162,203,287,390,52,82,93,134,183,210,75,70,69,69,104,180,918,408,510,돈화문로11가길
2015,2,A,골목상권,1000002,1082,559,523,124,181,186,176,185,230,66,87,98,95,101,112,58,94,88,81,84,118,601,270,331,난계로27길
2015,2,A,골목상권,1000001,2122,992,1130,346,253,325,393,313,492,174,116,157,196,139,210,172,137,168,197,174,282,957,0,957,계동길
2015,1,U,관광특구,1001495,15561,7524,8037,3059,2267,2920,2683,2472,2160,1592,1091,1394,1277,1132,1038,1467,1176,1526,1406,1340,1122,0,0,0,잠실 관광특구
2015,1,U,관광특구,1001494,1463,830,633,121,168,190,298,368,318,64,95,112,172,221,166,57,73,78,126,147,152,0,0,0,종로?청계 관광특구
2015,1,U,관광특구,1001493,656,396,260,41,71,97,144,198,105,20,38,64,112,103,59,21,33,33,32,95,46,0,0,0,동대문패션타운 관광특구
2015,1,U,관광특구,1001492,640,332,308,26,45,110,132,191,136,9,23,49,77,110,64,17,22,61,55,81,72,0,0,0,명동 남대문 북창동 다동 무교동 관광특구
2015,1,U,관광특구,1001491,1660,755,905,75,214,507,337,309,218,40,108,256,155,143,53,35,106,251,182,166,165,0,0,0,이태원 관광특구
2015,1,R,전통시장,1001490,2983,1507,1476,492,502,558,506,528,397,278,250,282,251,255,191,214,252,276,255,273,206,0,0,0,길동복조리시장
2015,1,R,전통시장,1001489,374,192,182,56,62,78,69,69,40,34,32,40,34,33,19,22,30,38,35,36,21,0,0,0,둔촌역전통시장
2015,1,R,전통시장,1001488,1061,572,489,21,216,278,169,319,58,11,109,162,109,159,22,10,107,116,60,160,36,0,0,0,성내골목시장
2015,1,R,전통시장,1001487,17,10,7,0,2,7,4,4,0,0,1,5,2,2,0,0,1,2,2,2,0,0,0,0,천호시장
2015,1,R,전통시장,1001486,161,84,77,0,22,51,44,44,0,0,11,29,22,22,0,0,11,22,22,22,0,0,0,0,동서울시장
2015,1,R,전통시장,1001485,399,205,194,18,78,93,92,92,26,9,44,47,46,46,13,9,34,46,46,46,13,0,0,0,고분다리골목시장
2015,1,R,전통시장,1001484,1090,546,544,326,164,173,176,170,81,162,82,84,87,84,47,164,82,89,89,86,34,0,0,0,양지골목시장
2015,1,R,전통시장,1001483,819,410,409,88,136,179,177,175,64,47,68,91,89,87,28,41,68,88,88,88,36,0,0,0,암사종합시장
2015,1,R,전통시장,1001482,554,300,254,55,109,84,134,138,34,40,66,42,67,69,16,15,43,42,67,69,18,0,0,0,고덕전통시장
2015,1,R,전통시장,1001481,2117,1039,1078,467,299,335,379,350,287,248,153,161,180,168,129,219,146,174,199,182,158,0,0,0,명일골목시장
2015,1,R,전통시장,1001480,3934,1855,2079,303,879,942,870,854,86,70,431,458,431,423,42,233,448,484,439,431,44,0,0,0,새마을시장
2015,1,R,전통시장,1001479,866,432,434,92,159,195,178,175,67,62,78,99,89,85,19,30,81,96,89,90,48,0,0,0,석촌시장
2015,1,R,전통시장,1001478,3625,1721,1904,256,729,1037,743,681,179,149,339,542,338,271,82,107,390,495,405,410,97,0,0,0,방이시장
2015,1,R,전통시장,1001477,687,409,278,33,94,143,168,221,28,25,60,84,84,137,19,8,34,59,84,84,9,0,0,0,마천시장
2015,1,R,전통시장,1001476,1672,721,951,10,88,594,365,598,17,5,44,297,297,72,6,5,44,297,68,526,11,0,0,0,풍납시장
2015,1,R,전통시장,1001474,260,123,137,61,34,55,58,30,22,33,15,24,28,13,10,28,19,31,30,17,12,0,0,0,도곡시장
2015,1,R,전통시장,1001473,120,57,63,24,17,23,20,17,19,13,8,10,9,8,9,11,9,13,11,9,10,0,0,0,청담삼익시장
2015,1,R,전통시장,1001472,84,39,45,1,18,26,20,14,5,1,8,12,10,6,2,0,10,14,10,8,3,0,0,0,논현종합시장
2015,1,R,전통시장,1001471,1099,482,617,6,285,376,232,168,32,3,121,168,116,66,8,3,164,208,116,102,24,0,0,0,영동전통시장
2015,1,R,전통시장,1001470,217,101,116,40,33,41,37,28,38,20,15,18,17,13,18,20,18,23,20,15,20,0,0,0,강남시장_강남
2015,1,R,전통시장,1001469,91,45,46,22,15,16,16,16,6,12,8,8,8,8,1,10,7,8,8,8,5,0,0,0,양재시장
2015,1,R,전통시장,1001468,144,62,82,34,14,28,37,28,3,17,2,12,18,12,1,17,12,16,19,16,2,0,0,0,남부종합시장
2015,1,R,전통시장,1001467,41,25,16,1,4,8,16,12,0,1,2,6,10,6,0,0,2,2,6,6,0,0,0,0,우림시장
2015,1,R,전통시장,1001466,1048,527,521,62,230,233,232,232,59,32,116,117,116,116,30,30,114,116,116,116,29,0,0,0,미성동도깨비시장
2015,1,R,전통시장,1001465,0,0,0,0,0,0,0,0,0,0,0,0,0,0,0,0,0,0,0,0,0,0,0,0,신신림시장
2015,1,R,전통시장,1001464,0,0,0,0,0,0,0,0,0,0,0,0,0,0,0,0,0,0,0,0,0,0,0,0,삼성동시장
2015,1,R,전통시장,1001463,56,28,28,2,11,13,12,12,6,1,5,7,6,6,3,1,6,6,6,6,3,0,0,0,신림중앙시장
2015,1,R,전통시장,1001462,539,277,262,0,114,164,105,152,4,0,49,97,65,64,2,0,65,67,40,88,2,0,0,0,강남골목시장
2015,1,R,전통시장,1001460,1707,837,870,20,428,536,430,282,11,16,214,321,215,68,3,4,214,215,215,214,8,0,0,0,관악신사시장
2015,1,R,전통시장,1001459,283,115,168,2,71,99,60,44,7,2,33,50,22,6,2,0,38,49,38,38,5,0,0,0,신원시장
2015,1,R,전통시장,1001458,1344,619,725,92,303,326,286,219,118,46,145,172,143,85,28,46,158,154,143,134,90,0,0,0,인헌시장
2015,1,R,전통시장,1001457,83,38,45,0,22,21,20,16,4,0,10,11,10,6,1,0,12,10,10,10,3,0,0,0,봉천중앙시장
2015,1,R,전통시장,1001456,20,11,9,2,4,4,4,4,2,2,2,2,2,2,1,0,2,2,2,2,1,0,0,0,봉천현대시장
2015,1,R,전통시장,1001455,183,84,99,24,27,50,35,26,21,12,13,26,16,8,9,12,14,24,19,18,12,0,0,0,봉일시장
2015,1,R,전통시장,1001454,281,134,147,0,81,74,60,60,6,0,37,37,36,24,0,0,44,37,24,36,6,0,0,0,봉천제일종합시장
2015,1,R,전통시장,1001453,368,201,167,16,156,123,33,25,15,8,78,78,20,11,6,8,78,45,13,14,9,0,0,0,낙성대시장
2015,1,R,전통시장,1001452,524,262,262,33,166,172,50,58,45,17,81,91,30,22,21,16,85,81,20,36,24,0,0,0,중부시장
2015,1,R,전통시장,1001451,3,2,1,0,0,3,0,0,0,0,0,2,0,0,0,0,0,1,0,0,0,0,0,0,사당시장
2015,1,R,전통시장,1001450,247,135,112,1,28,151,28,35,4,1,14,93,14,13,0,0,14,58,14,22,4,0,0,0,남성역골목시장
2015,1,R,전통시장,1001449,626,327,299,4,118,214,81,192,17,2,59,107,59,96,4,2,59,107,22,96,13,0,0,0,남성사계시장
2015,1,R,전통시장,1001448,277,157,120,18,59,81,59,38,22,9,40,41,39,19,9,9,19,40,20,19,13,0,0,0,흑석시장
2015,1,R,전통시장,1001447,1061,532,529,33,173,400,216,215,24,20,87,201,108,107,9,13,86,199,108,108,15,0,0,0,상도4동도깨비골목시장
2015,1,R,전통시장,1001446,96,44,52,0,22,32,22,17,3,0,11,16,11,6,0,0,11,16,11,11,3,0,0,0,성대시장
2015,1,R,전통시장,1001445,16,8,8,0,4,4,4,4,0,0,2,2,2,2,0,0,2,2,2,2,0,0,0,0,영도시장
2015,1,R,전통시장,1001444,1224,586,638,103,321,321,221,181,77,53,161,161,111,67,33,50,160,160,110,114,44,0,0,0,상도전통시장
2015,1,R,전통시장,1001443,158,79,79,28,31,30,23,22,24,15,16,15,12,10,11,13,15,15,11,12,13,0,0,0,강남시장_동작
2015,1,R,전통시장,1001442,0,0,0,0,0,0,0,0,0,0,0,0,0,0,0,0,0,0,0,0,0,0,0,0,신노량진시장
2015,1,R,전통시장,1001441,313,157,156,25,65,71,61,61,30,13,35,36,31,30,12,12,30,35,30,31,18,0,0,0,본동인정시장
2015,1,R,전통시장,1001440,285,142,143,8,67,70,64,64,12,4,35,35,32,32,4,4,32,35,32,32,8,0,0,0,노량진중앙시장
2015,1,R,전통시장,1001439,101,49,52,0,6,18,40,34,3,0,3,13,20,13,0,0,3,5,20,21,3,0,0,0,대림중앙시장
2015,1,R,전통시장,1001438,263,151,112,7,24,46,80,97,9,6,12,34,60,37,2,1,12,12,20,60,7,0,0,0,우리시장
2015,1,R,전통시장,1001437,148,74,74,24,23,25,24,26,26,13,12,13,12,13,11,11,11,12,12,13,15,0,0,0,영진시장A동
2015,1,R,전통시장,1001436,0,0,0,0,0,0,0,0,0,0,0,0,0,0,0,0,0,0,0,0,0,0,0,0,사러가시장
2015,1,R,전통시장,1001435,167,84,83,25,26,30,27,27,32,13,13,17,14,13,14,12,13,13,13,14,18,0,0,0,대신시장
2015,1,R,전통시장,1001434,96,48,48,18,12,23,15,12,16,9,6,12,8,6,7,9,6,11,7,6,9,0,0,0,양남시장
2015,1,R,전통시장,1001433,809,401,408,153,99,197,130,114,116,80,47,87,74,58,55,73,52,110,56,56,61,0,0,0,영일시장
2015,1,R,전통시장,1001432,32,16,16,4,4,11,4,4,5,2,2,6,2,2,2,2,2,5,2,2,3,0,0,0,도림시장
2015,1,R,전통시장,1001431,318,155,163,12,60,84,65,60,37,4,30,42,35,30,14,8,30,42,30,30,23,0,0,0,영등포청과시장
2015,1,R,전통시장,1001430,897,568,329,48,193,197,137,204,118,26,95,127,97,156,67,22,98,70,40,48,51,0,0,0,영등포전통시장
2015,1,R,전통시장,1001429,288,144,144,8,16,42,120,94,8,4,8,34,60,34,4,4,8,8,60,60,4,0,0,0,은행나무시장
2015,1,R,전통시장,1001428,120,62,58,18,17,20,20,22,23,9,10,10,10,11,12,9,7,10,10,11,11,0,0,0,박미시장
2015,1,R,전통시장,1001427,3117,1676,1441,86,171,797,1000,1000,63,60,86,502,500,500,28,26,85,295,500,500,35,0,0,0,현대시장
2015,1,R,전통시장,1001426,11,6,5,0,0,3,4,4,0,0,0,2,2,2,0,0,0,1,2,2,0,0,0,0,대명시장
2015,1,R,전통시장,1001425,42,22,20,8,5,7,8,8,6,4,3,4,4,4,3,4,2,3,4,4,3,0,0,0,푸른터시장
2015,1,R,전통시장,1001424,1616,955,661,38,262,354,452,460,50,24,222,224,226,234,25,14,40,130,226,226,25,0,0,0,남문시장
2015,1,R,전통시장,1001423,108,68,40,0,24,43,25,16,0,0,17,26,17,8,0,0,7,17,8,8,0,0,0,0,독산동 우시장
2015,1,R,전통시장,1001422,156,79,77,0,37,47,32,32,8,0,21,26,16,16,0,0,16,21,16,16,8,0,0,0,오류시장
2015,1,R,전통시장,1001421,452,234,218,69,78,82,80,80,63,40,40,41,40,40,33,29,38,41,40,40,30,0,0,0,개봉중앙시장
2015,1,R,전통시장,1001420,748,417,331,78,66,189,196,189,30,60,53,95,100,95,14,18,13,94,96,94,16,0,0,0,고척근린시장
2015,1,R,전통시장,1001419,206,126,80,0,5,39,76,80,6,0,3,36,40,44,3,0,2,3,36,36,3,0,0,0,가리봉시장
2015,1,R,전통시장,1001418,520,257,263,20,92,137,113,107,51,12,46,73,58,52,16,8,46,64,55,55,35,0,0,0,남구로시장
2015,1,R,전통시장,1001417,61,29,32,0,9,19,16,14,3,0,4,10,8,6,1,0,5,9,8,8,2,0,0,0,구로시장
2015,1,R,전통시장,1001416,25,12,13,4,4,4,4,4,5,2,2,2,2,2,2,2,2,2,2,2,3,0,0,0,공항시장
2015,1,R,전통시장,1001415,583,295,288,89,93,116,112,112,61,45,52,58,56,56,28,44,41,58,56,56,33,0,0,0,방신전통시장
2015,1,R,전통시장,1001414,891,420,471,243,104,147,213,122,62,117,52,65,104,57,25,126,52,82,109,65,37,0,0,0,송화골목시장
2015,1,R,전통시장,1001413,1181,560,621,144,186,318,214,198,121,74,93,162,100,82,49,70,93,156,114,116,72,0,0,0,까치산시장
2015,1,R,전통시장,1001412,371,179,192,64,51,106,73,50,27,34,25,54,36,20,10,30,26,52,37,30,17,0,0,0,화곡본동시장
2015,1,R,전통시장,1001411,1987,963,1024,91,254,543,539,467,93,70,127,273,269,197,27,21,127,270,270,270,66,0,0,0,남부골목시장
2015,1,R,전통시장,1001409,1136,578,558,77,210,310,199,224,116,40,106,173,103,102,54,37,104,137,96,122,62,0,0,0,화곡중앙골목시장
2015,1,R,전통시장,1001408,72,33,39,10,14,12,14,17,5,5,7,6,6,7,2,5,7,6,8,10,3,0,0,0,신월중앙시장
2015,1,R,전통시장,1001406,784,421,363,200,132,150,156,144,2,132,66,72,78,72,1,68,66,78,78,72,1,0,0,0,신정3동골목시장
2015,1,R,전통시장,1001405,895,471,424,214,148,141,178,160,54,120,74,70,85,84,38,94,74,71,93,76,16,0,0,0,신정2동골목시장
2015,1,R,전통시장,1001404,22,11,11,7,0,0,13,2,0,5,0,0,5,1,0,2,0,0,8,1,0,0,0,0,신정제일시장
2015,1,R,전통시장,1001403,231,112,119,44,34,42,42,42,27,21,18,22,21,20,10,23,16,20,21,22,17,0,0,0,신월7동골목시장
2015,1,R,전통시장,1001402,92,50,42,2,4,12,36,36,2,1,2,10,18,18,1,1,2,2,18,18,1,0,0,0,신월6동골목시장
2015,1,R,전통시장,1001401,40,20,20,4,8,8,8,8,4,2,4,4,4,4,2,2,4,4,4,4,2,0,0,0,신곡종합시장
2015,1,R,전통시장,1001400,358,244,114,0,10,64,140,144,0,0,10,54,90,90,0,0,0,10,50,54,0,0,0,0,신월3동골목시장
2015,1,R,전통시장,1001399,305,153,152,66,44,52,45,47,51,33,22,28,23,23,24,33,22,24,22,24,27,0,0,0,경창시장
2015,1,R,전통시장,1001398,1803,967,836,78,335,432,432,454,72,40,208,224,224,237,34,38,127,208,208,217,38,0,0,0,월정로시장
2015,1,R,전통시장,1001397,1161,613,548,66,210,274,276,280,55,35,128,140,140,143,27,31,82,134,136,137,28,0,0,0,신영시장
2015,1,R,전통시장,1001396,1262,634,628,296,219,218,271,233,25,157,112,108,127,118,12,139,107,110,144,115,13,0,0,0,목4동시장
2015,1,R,전통시장,1001395,1051,526,525,119,207,218,208,219,80,73,104,113,100,105,31,46,103,105,108,114,49,0,0,0,목3동시장
2015,1,R,전통시장,1001394,685,339,346,90,132,146,148,146,23,49,66,73,68,72,11,41,66,73,80,74,12,0,0,0,목2동시장
2015,1,R,전통시장,1001392,32,14,18,0,8,12,6,4,2,0,3,6,3,2,0,0,5,6,3,2,2,0,0,0,동진시장
2015,1,R,전통시장,1001391,750,358,392,113,115,167,165,145,45,61,50,82,84,65,16,52,65,85,81,80,29,0,0,0,망원월드컵시장
2015,1,R,전통시장,1001390,1144,531,613,73,209,340,287,176,59,43,82,171,145,69,21,30,127,169,142,107,38,0,0,0,망원시장
2015,1,R,전통시장,1001389,85,42,43,13,15,20,13,11,13,7,7,10,7,5,6,6,8,10,6,6,7,0,0,0,합정시장
2015,1,R,전통시장,1001388,162,71,91,10,46,56,26,11,13,5,16,26,13,5,6,5,30,30,13,6,7,0,0,0,영진시장
2015,1,R,전통시장,1001386,78,39,39,1,18,24,21,14,0,1,10,12,11,5,0,0,8,12,10,9,0,0,0,0,신수시장
2015,1,R,전통시장,1001385,40,20,20,0,5,14,11,10,0,0,2,7,6,5,0,0,3,7,5,5,0,0,0,0,아현시장
2015,1,R,전통시장,1001384,17,8,9,0,4,4,4,4,1,0,2,2,2,2,0,0,2,2,2,2,1,0,0,0,마포시장
2015,1,R,전통시장,1001382,150,74,76,28,21,22,26,23,30,15,11,11,13,11,13,13,10,11,13,12,17,0,0,0,백련시장
2015,1,R,전통시장,1001381,0,0,0,0,0,0,0,0,0,0,0,0,0,0,0,0,0,0,0,0,0,0,0,0,모래내시장
2015,1,R,전통시장,1001380,437,201,236,24,40,48,168,139,18,8,24,24,84,55,6,16,16,24,84,84,12,0,0,0,포방터시장
2015,1,R,전통시장,1001379,163,86,77,19,16,28,42,32,26,10,8,16,26,16,10,9,8,12,16,16,16,0,0,0,인왕시장
2015,1,R,전통시장,1001378,27,15,12,2,4,4,10,4,3,1,2,2,8,2,0,1,2,2,2,2,3,0,0,0,아현가구거리상점가
2015,1,R,전통시장,1001377,323,155,168,54,32,60,86,56,35,32,16,30,42,28,7,22,16,30,44,28,28,0,0,0,영천시장
2015,1,R,전통시장,1001376,17,8,9,0,4,4,4,4,1,0,2,2,2,2,0,0,2,2,2,2,1,0,0,0,수일시장
2015,1,R,전통시장,1001375,130,64,66,17,12,28,28,28,17,9,6,14,14,14,7,8,6,14,14,14,10,0,0,0,증산종합시장
2015,1,R,전통시장,1001374,243,127,116,19,28,60,60,52,24,12,14,34,34,26,7,7,14,26,26,26,17,0,0,0,대림골목시장
2015,1,R,전통시장,1001373,524,263,261,108,60,122,98,62,74,59,30,61,49,31,33,49,30,61,49,31,41,0,0,0,신응암시장
2015,1,R,전통시장,1001372,57,30,27,9,12,12,12,12,0,6,6,6,6,6,0,3,6,6,6,6,0,0,0,0,녹번시장
2015,1,R,전통시장,1001369,0,0,0,0,0,0,0,0,0,0,0,0,0,0,0,0,0,0,0,0,0,0,0,0,갈현시장
2015,1,R,전통시장,1001368,152,75,77,23,20,24,27,27,31,12,10,13,13,13,14,11,10,11,14,14,17,0,0,0,연서시장
2015,1,R,전통시장,1001367,1048,513,535,184,165,182,204,197,116,91,84,91,101,99,47,93,81,91,103,98,69,0,0,0,상계중앙시장
2015,1,R,전통시장,1001366,12,7,5,0,1,3,4,4,0,0,1,2,2,2,0,0,0,1,2,2,0,0,0,0,상계시장
2015,1,R,전통시장,1001365,1422,702,720,205,267,268,242,257,183,108,134,139,120,122,79,97,133,129,122,135,104,0,0,0,공릉동도깨비시장
2015,1,R,전통시장,1001364,1084,579,505,130,171,195,250,248,90,72,99,99,148,124,37,58,72,96,102,124,53,0,0,0,방학동도깨비시장
2015,1,R,전통시장,1001363,198,95,103,9,32,46,39,46,26,8,16,23,23,16,9,1,16,23,16,30,17,0,0,0,쌍문역골목시장
2015,1,R,전통시장,1001362,337,156,181,48,60,60,60,74,35,21,30,30,30,30,15,27,30,30,30,44,20,0,0,0,백운시장
2015,1,R,전통시장,1001361,76,42,34,3,11,13,16,16,17,2,7,8,8,8,9,1,4,5,8,8,8,0,0,0,신도봉시장
2015,1,R,전통시장,1001360,135,66,69,8,12,28,52,28,7,4,6,18,26,10,2,4,6,10,26,18,5,0,0,0,창동골목시장
2015,1,R,전통시장,1001359,1364,682,682,264,192,248,249,231,180,141,96,132,117,115,81,123,96,116,132,116,99,0,0,0,창동신창시장
2015,1,R,전통시장,1001358,58,28,30,10,8,9,8,10,13,5,4,5,4,4,6,5,4,4,4,6,7,0,0,0,수유북부시장
2015,1,R,전통시장,1001357,531,263,268,36,70,92,124,124,85,23,36,50,62,62,30,13,34,42,62,62,55,0,0,0,장미원골목시장
2015,1,R,전통시장,1001356,17,8,9,0,4,4,4,4,1,0,2,2,2,2,0,0,2,2,2,2,1,0,0,0,수유중앙시장
2015,1,R,전통시장,1001355,315,179,136,5,50,105,61,72,22,4,25,80,25,36,9,1,25,25,36,36,13,0,0,0,강북종합시장
2015,1,R,전통시장,1001354,722,358,364,64,104,140,152,159,103,40,52,77,76,76,37,24,52,63,76,83,66,0,0,0,우이시장
2015,1,R,전통시장,1001353,298,154,144,38,33,56,62,63,46,21,17,33,32,31,20,17,16,23,30,32,26,0,0,0,수유전통시장
2015,1,R,전통시장,1001352,438,214,224,34,73,105,95,82,49,18,31,53,53,40,19,16,42,52,42,42,30,0,0,0,번동북부골목시장
2015,1,R,전통시장,1001351,193,93,100,39,16,43,61,18,16,20,8,21,31,9,4,19,8,22,30,9,12,0,0,0,솔샘시장
2015,1,R,전통시장,1001350,69,35,34,10,8,11,12,12,16,5,4,6,6,6,8,5,4,5,6,6,8,0,0,0,숭인시장
2015,1,R,전통시장,1001349,358,171,187,2,30,73,106,136,11,1,11,53,53,52,1,1,19,20,53,84,10,0,0,0,방천골목시장
2015,1,R,전통시장,1001348,12,6,6,0,0,4,4,4,0,0,0,2,2,2,0,0,0,2,2,2,0,0,0,0,동북시장
2015,1,R,전통시장,1001347,211,106,105,1,12,60,60,76,2,1,6,38,22,38,1,0,6,22,38,38,1,0,0,0,석관황금시장
2015,1,R,전통시장,1001346,20,10,10,0,0,6,6,8,0,0,0,4,2,4,0,0,0,2,4,4,0,0,0,0,석관시장
2015,1,R,전통시장,1001345,95,48,47,17,12,15,16,16,19,9,6,8,8,8,9,8,6,7,8,8,10,0,0,0,새석관시장
2015,1,R,전통시장,1001344,7,4,3,0,0,0,4,3,0,0,0,0,2,2,0,0,0,0,2,1,0,0,0,0,번동시장
2015,1,R,전통시장,1001343,308,171,137,19,22,60,92,92,23,11,12,46,46,46,10,8,10,14,46,46,13,0,0,0,장위전통시장
2015,1,R,전통시장,1001342,95,50,45,16,8,22,23,16,10,8,4,11,14,8,5,8,4,11,9,8,5,0,0,0,밤나무골시장
2015,1,R,전통시장,1001341,42,21,21,0,0,28,14,0,0,0,0,14,7,0,0,0,0,14,7,0,0,0,0,0,길음시장
2015,1,R,전통시장,1001340,652,337,315,42,154,129,110,161,56,26,106,82,56,50,17,16,48,47,54,111,39,0,0,0,정릉시장
2015,1,R,전통시장,1001339,233,111,122,21,28,64,55,46,19,13,14,32,32,14,6,8,14,32,23,32,13,0,0,0,정릉아리랑시장
2015,1,R,전통시장,1001338,11,5,6,0,2,3,5,1,0,0,0,2,3,0,0,0,2,1,2,1,0,0,0,0,돈암제일시장
2015,1,R,전통시장,1001337,27,17,10,0,1,3,9,14,0,0,1,2,7,7,0,0,0,1,2,7,0,0,0,0,유영시장
2015,1,R,전통시장,1001336,1879,1019,860,83,173,397,510,624,92,54,88,200,310,313,54,29,85,197,200,311,38,0,0,0,우림골목시장
2015,1,R,전통시장,1001335,1038,526,512,88,224,224,224,224,54,52,112,112,112,112,26,36,112,112,112,112,28,0,0,0,묵1동도깨비시장
2015,1,R,전통시장,1001334,546,342,204,34,50,100,112,201,49,19,26,75,79,122,21,15,24,25,33,79,28,0,0,0,태능시장
2015,1,R,전통시장,1001333,1060,652,408,8,80,261,220,473,18,6,40,173,174,251,8,2,40,88,46,222,10,0,0,0,중화제일시장
2015,1,R,전통시장,1001332,1461,673,788,32,124,378,380,511,36,17,62,191,191,195,17,15,62,187,189,316,19,0,0,0,사가정시장
2015,1,R,전통시장,1001331,1099,550,549,25,115,263,263,410,23,13,58,132,132,205,10,12,57,131,131,205,13,0,0,0,면목골목시장
2015,1,R,전통시장,1001330,1141,571,570,22,140,404,278,276,21,14,70,203,204,73,7,8,70,201,74,203,14,0,0,0,동원시장
2015,1,R,전통시장,1001329,1051,630,421,22,123,261,326,291,28,16,61,198,196,145,14,6,62,63,130,146,14,0,0,0,동부골목시장
2015,1,R,전통시장,1001327,158,82,76,4,52,36,32,26,8,2,26,26,16,10,2,2,26,10,16,16,6,0,0,0,이경시장
2015,1,R,전통시장,1001326,390,193,197,9,168,118,51,37,7,5,78,63,29,15,3,4,90,55,22,22,4,0,0,0,회기시장
2015,1,R,전통시장,1001325,29,18,11,0,6,6,6,6,5,0,4,4,4,4,2,0,2,2,2,2,3,0,0,0,청량리청과물시장
2015,1,R,전통시장,1001324,359,196,163,50,54,77,78,76,24,30,38,38,40,38,12,20,16,39,38,38,12,0,0,0,전곡시장
2015,1,R,전통시장,1001323,252,136,116,6,12,72,89,72,1,3,8,36,53,36,0,3,4,36,36,36,1,0,0,0,답십리시장
2015,1,R,전통시장,1001321,204,108,96,12,18,54,62,52,6,7,10,27,36,26,2,5,8,27,26,26,4,0,0,0,답십리현대시장
2015,1,R,전통시장,1001320,25,14,11,0,4,7,6,8,0,0,2,4,4,4,0,0,2,3,2,4,0,0,0,0,전농로터리시장
2015,1,R,전통시장,1001319,106,69,37,0,23,24,27,29,3,0,17,17,17,17,1,0,6,7,10,12,2,0,0,0,청량리종합시장
2015,1,R,전통시장,1001318,23,16,7,0,5,5,6,7,0,0,4,4,4,4,0,0,1,1,2,3,0,0,0,0,청량리전통시장
2015,1,R,전통시장,1001317,38,32,6,0,9,9,10,10,0,0,8,8,8,8,0,0,1,1,2,2,0,0,0,0,청량리농수산물시장
2015,1,R,전통시장,1001316,650,421,229,4,144,144,171,171,16,2,103,103,103,103,7,2,41,41,68,68,9,0,0,0,서울약령시장
2015,1,R,전통시장,1001314,0,0,0,0,0,0,0,0,0,0,0,0,0,0,0,0,0,0,0,0,0,0,0,0,경동시장
2015,1,R,전통시장,1001313,224,129,95,18,35,58,36,48,29,10,18,39,23,25,14,8,17,19,13,23,15,0,0,0,청량리수산시장
2015,1,R,전통시장,1001310,32,16,16,3,4,8,8,7,2,2,2,4,4,3,1,1,2,4,4,4,1,0,0,0,구의시장
2015,1,R,전통시장,1001309,144,76,68,6,28,29,28,36,17,3,14,15,18,18,8,3,14,14,10,18,9,0,0,0,조양시장
2015,1,R,전통시장,1001308,1182,658,524,20,247,248,248,376,43,13,123,125,188,188,21,7,124,123,60,188,22,0,0,0,영동교골목시장
2015,1,R,전통시장,1001307,599,309,290,25,138,138,138,156,4,13,69,69,78,78,2,12,69,69,60,78,2,0,0,0,능동로골목시장
2015,1,R,전통시장,1001306,727,372,355,23,168,168,168,184,16,12,84,84,92,92,8,11,84,84,76,92,8,0,0,0,노룬산골목시장
2015,1,R,전통시장,1001305,54,27,27,7,8,12,12,12,3,4,4,6,6,6,1,3,4,6,6,6,2,0,0,0,자양종합시장
2015,1,R,전통시장,1001304,2009,1040,969,45,453,546,465,458,42,24,226,313,232,226,19,21,227,233,233,232,23,0,0,0,자양골목시장
2015,1,R,전통시장,1001303,94,45,49,11,16,26,21,16,4,6,8,13,8,8,2,5,8,13,13,8,2,0,0,0,신성골목시장
2015,1,R,전통시장,1001302,322,163,159,22,31,79,96,80,14,13,16,48,48,32,6,9,15,31,48,48,8,0,0,0,면곡골목시장
2015,1,R,전통시장,1001301,542,284,258,8,76,203,124,124,7,4,42,111,62,62,3,4,34,92,62,62,4,0,0,0,중곡제일시장
2015,1,R,전통시장,1001300,523,254,269,23,203,134,70,58,35,11,92,70,41,26,14,12,111,64,29,32,21,0,0,0,화양제일골목시장
2015,1,R,전통시장,1001299,100,48,52,10,32,21,13,11,13,5,14,11,7,5,6,5,18,10,6,6,7,0,0,0,한아름시장
2015,1,R,전통시장,1001298,1635,880,755,36,212,416,520,418,33,28,56,260,260,260,16,8,156,156,260,158,17,0,0,0,성동용답상가시장
2015,1,R,전통시장,1001297,378,195,183,37,70,74,78,82,37,19,36,38,42,43,17,18,34,36,36,39,20,0,0,0,뚝도시장
2015,1,R,전통시장,1001296,85,38,47,2,6,38,22,15,2,1,3,19,11,4,0,1,3,19,11,11,2,0,0,0,금남시장
2015,1,R,전통시장,1001295,1208,594,614,50,268,278,273,268,71,25,134,139,139,134,23,25,134,139,134,134,48,0,0,0,행당시장
2015,1,R,전통시장,1001294,295,153,142,30,56,62,61,61,25,16,28,31,33,33,12,14,28,31,28,28,13,0,0,0,마장축산물시장
2015,1,R,전통시장,1001293,5,2,3,0,0,2,2,1,0,0,0,1,1,0,0,0,0,1,1,1,0,0,0,0,보광시장
2015,1,R,전통시장,1001292,4,2,2,0,0,4,0,0,0,0,0,2,0,0,0,0,0,2,0,0,0,0,0,0,이태원제일시장
2015,1,R,전통시장,1001291,0,0,0,0,0,0,0,0,0,0,0,0,0,0,0,0,0,0,0,0,0,0,0,0,이태원시장
2015,1,R,전통시장,1001290,83,38,45,18,4,18,26,12,5,10,2,6,13,6,1,8,2,12,13,6,4,0,0,0,이촌종합시장
2015,1,R,전통시장,1001289,107,45,62,3,10,40,34,19,1,1,5,20,14,5,0,2,5,20,20,14,1,0,0,0,용문전통시장
2015,1,R,전통시장,1001288,21,8,13,0,7,8,4,2,0,0,1,4,2,1,0,0,6,4,2,1,0,0,0,0,만리시장
2015,1,R,전통시장,1001287,38,16,22,0,4,12,10,12,0,0,2,6,4,4,0,0,2,6,6,8,0,0,0,0,신흥시장
2015,1,R,전통시장,1001286,92,48,44,10,8,21,25,16,12,5,4,13,13,8,5,5,4,8,12,8,7,0,0,0,후암시장
2015,1,R,전통시장,1001285,0,0,0,0,0,0,0,0,0,0,0,0,0,0,0,0,0,0,0,0,0,0,0,0,합동(새벽)시장
2015,1,R,전통시장,1001284,526,320,206,30,82,174,95,87,58,19,48,113,61,52,27,11,34,61,34,35,31,0,0,0,서울중앙시장
2015,1,R,전통시장,1001283,763,387,376,86,134,160,166,156,61,49,73,80,86,78,21,37,61,80,80,78,40,0,0,0,백학시장
2015,1,R,전통시장,1001282,2630,1254,1376,401,319,501,436,458,515,204,158,248,208,224,212,197,161,253,228,234,303,0,0,0,약수시장
2015,1,R,전통시장,1001279,80,40,40,12,12,12,14,14,16,6,6,6,8,7,7,6,6,6,6,7,9,0,0,0,동평화시장
2015,1,R,전통시장,1001277,41,41,0,0,0,0,8,24,9,0,0,0,8,24,9,0,0,0,0,0,0,0,0,0,방산종합시장
2015,1,R,전통시장,1001275,8,6,2,0,0,1,2,4,1,0,0,1,2,2,1,0,0,0,0,2,0,0,0,0,인현시장
2015,1,R,전통시장,1001274,29,19,10,0,4,6,4,11,4,0,2,4,4,7,2,0,2,2,0,4,2,0,0,0,신중부시장
2015,1,R,전통시장,1001273,329,185,144,15,30,40,58,95,91,5,14,20,38,60,48,10,16,20,20,35,43,0,0,0,남대문시장
2015,1,R,전통시장,1001272,27,14,13,2,4,6,4,5,6,1,2,3,2,3,3,1,2,3,2,2,3,0,0,0,신설종합시장
2015,1,R,전통시장,1001271,431,227,204,39,77,82,75,77,81,21,37,43,43,44,39,18,40,39,32,33,42,0,0,0,동묘시장
2015,1,R,전통시장,1001270,113,61,52,6,18,19,30,31,9,3,10,11,17,17,3,3,8,8,13,14,6,0,0,0,창신골목시장
2015,1,R,전통시장,1001268,16,12,4,0,1,1,8,6,0,0,1,1,6,4,0,0,0,0,2,2,0,0,0,0,충신시장
2015,1,R,전통시장,1001267,3,3,0,0,0,0,2,1,0,0,0,0,2,1,0,0,0,0,0,0,0,0,0,0,종로신진시장
2015,1,R,전통시장,1001265,0,0,0,0,0,0,0,0,0,0,0,0,0,0,0,0,0,0,0,0,0,0,0,0,광장시장
2015,1,R,전통시장,1001264,195,81,114,29,16,35,66,22,27,17,8,9,25,11,11,12,8,26,41,11,16,0,0,0,통인시장
2015,1,D,발달상권,1001263,680,338,342,124,116,92,129,130,89,63,58,47,63,65,42,61,58,45,66,65,47,0,0,0,서울 노원구 노원역_3
2015,1,D,발달상권,1001262,498,231,267,117,62,86,100,75,58,59,30,42,43,35,22,58,32,44,57,40,36,0,0,0,서울 노원구 노원역_2
2015,1,D,발달상권,1001261,923,433,490,219,120,163,172,138,111,114,57,77,80,64,41,105,63,86,92,74,70,0,0,0,서울 노원구 노원역_1
2015,1,D,발달상권,1001260,2563,1231,1332,554,352,395,494,425,343,282,167,194,227,213,148,272,185,201,267,212,195,0,0,0,창동역
2015,1,D,발달상권,1001259,214,123,91,4,32,73,42,52,11,3,16,57,16,26,5,1,16,16,26,26,6,0,0,0,서울 강북구 수유역_3
2015,1,D,발달상권,1001257,818,432,386,55,130,212,155,170,96,31,64,142,71,84,40,24,66,70,84,86,56,0,0,0,서울 강북구 수유역_2
2015,1,D,발달상권,1001256,473,235,238,42,77,111,100,87,56,22,34,56,55,43,25,20,43,55,45,44,31,0,0,0,서울 강북구 수유역_1
2015,1,D,발달상권,1001255,44,22,22,8,4,7,8,8,9,4,2,4,4,4,4,4,2,3,4,4,5,0,0,0,서울 은평구 연신내역_3
2015,1,D,발달상권,1001254,671,327,344,89,79,166,172,146,19,48,41,86,86,61,5,41,38,80,86,85,14,0,0,0,서울 은평구 연신내역_2
2015,1,D,발달상권,1001253,117,54,63,19,16,22,19,18,23,9,7,11,9,8,10,10,9,11,10,10,13,0,0,0,서울 은평구 연신내역_1
2015,1,D,발달상권,1001252,596,290,306,23,110,131,143,141,48,13,56,70,73,68,10,10,54,61,70,73,38,0,0,0,서울 성북구 미아삼거리역_2
2015,1,D,발달상권,1001251,150,73,77,2,20,29,38,47,14,1,10,19,19,19,5,1,10,10,19,28,9,0,0,0,서울 강북구 미아삼거리역_1
2015,1,D,발달상권,1001249,1830,870,960,356,228,334,323,294,295,178,114,166,162,136,114,178,114,168,161,158,181,0,0,0,서울 은평구 불광역_2
2015,1,D,발달상권,1001248,515,234,281,49,82,117,113,101,53,20,36,59,56,45,18,29,46,58,57,56,35,0,0,0,서울 은평구 불광역_1
2015,1,D,발달상권,1001247,180,86,94,15,36,36,36,36,21,8,18,18,18,18,6,7,18,18,18,18,15,0,0,0,미아사거리_2
2015,1,D,발달상권,1001246,39,27,12,0,0,12,21,6,0,0,0,6,18,3,0,0,0,6,3,3,0,0,0,0,미아사거리_1
2015,1,D,발달상권,1001245,423,160,263,2,155,124,104,36,2,0,52,52,52,4,0,2,103,72,52,32,2,0,0,0,서울 성북구 성신여대입구역
2015,1,D,발달상권,1001244,490,237,253,8,173,154,91,64,0,4,81,77,51,24,0,4,92,77,40,40,0,0,0,0,경희대학교
2015,1,D,발달상권,1001243,238,125,113,8,104,52,40,34,0,4,52,35,20,14,0,4,52,17,20,20,0,0,0,0,서울 성북구 안암역
2015,1,D,발달상권,1001242,385,203,182,14,193,74,59,34,11,9,105,50,24,12,3,5,88,24,35,22,8,0,0,0,혜화역 대학로_3
2015,1,D,발달상권,1001241,527,265,262,12,243,110,100,52,10,7,126,69,41,17,5,5,117,41,59,35,5,0,0,0,혜화역 대학로_2
2015,1,D,발달상권,1001240,330,158,172,10,123,99,53,35,10,5,57,52,25,15,4,5,66,47,28,20,6,0,0,0,혜화역 대학로_1
2015,1,D,발달상권,1001239,207,101,106,56,20,36,40,26,29,29,10,16,20,13,13,27,10,20,20,13,16,0,0,0,디지털미디어시티
2015,1,D,발달상권,1001238,1971,998,973,245,264,299,319,379,465,128,148,162,169,190,201,117,116,137,150,189,264,0,0,0,서울 동대문구 청량리역
2015,1,D,발달상권,1001237,86,36,50,0,8,22,28,27,1,0,1,8,14,13,0,0,7,14,14,14,1,0,0,0,서울 종로구 경복궁역_2
2015,1,D,발달상권,1001236,9,5,4,0,0,2,3,4,0,0,0,1,2,2,0,0,0,1,1,2,0,0,0,0,서울 종로구 안국역_2
2015,1,D,발달상권,1001235,0,0,0,0,0,0,0,0,0,0,0,0,0,0,0,0,0,0,0,0,0,0,0,0,서울 종로구 안국역_1
2015,1,D,발달상권,1001234,166,71,95,1,15,43,52,51,4,0,2,17,26,25,1,1,13,26,26,26,3,0,0,0,서울 종로구 경복궁역_1
2015,1,D,발달상권,1001233,146,109,37,0,9,20,26,54,37,0,8,14,20,40,27,0,1,6,6,14,10,0,0,0,서울 종로구 종로3가역_3
2015,1,D,발달상권,1001232,344,280,64,2,18,27,45,186,66,1,12,18,36,168,45,1,6,9,9,18,21,0,0,0,서울 종로구 종로3가역_2
2015,1,D,발달상권,1001231,58,34,24,0,12,18,12,16,0,0,6,12,8,8,0,0,6,6,4,8,0,0,0,0,서울 동대문구 신설동역_2
2015,1,D,발달상권,1001230,245,151,94,18,26,29,39,63,70,9,14,17,27,45,39,9,12,12,12,18,31,0,0,0,인사동
2015,1,D,발달상권,1001229,145,127,18,0,4,11,25,76,29,0,4,8,22,68,25,0,0,3,3,8,4,0,0,0,서울 종로구 종로5가역_4
2015,1,D,발달상권,1001228,68,49,19,1,8,7,28,20,4,1,5,5,22,14,2,0,3,2,6,6,2,0,0,0,서울 종로구 종로5가역_3
2015,1,D,발달상권,1001227,113,80,33,8,9,10,15,45,26,4,5,6,11,39,15,4,4,4,4,6,11,0,0,0,종로구청
2015,1,D,발달상권,1001226,506,334,172,31,51,55,105,151,113,16,29,34,74,114,67,15,22,21,31,37,46,0,0,0,서울 종로구 종로5가역_2
2015,1,D,발달상권,1001225,422,224,198,39,77,84,73,77,72,20,37,44,42,44,37,19,40,40,31,33,35,0,0,0,신설동역
2015,1,D,발달상권,1001224,29,19,10,0,5,12,5,7,0,0,3,9,3,4,0,0,2,3,2,3,0,0,0,0,서울 동대문구 신설동역_1
2015,1,D,발달상권,1001223,1478,692,786,240,188,238,257,236,319,122,86,111,123,112,138,118,102,127,134,124,181,0,0,0,서울 종로구 광화문역_2
2015,1,D,발달상권,1001222,498,273,225,55,58,65,94,112,114,30,32,37,52,63,59,25,26,28,42,49,55,0,0,0,동묘앞역
2015,1,D,발달상권,1001221,1972,1006,966,359,263,370,340,345,295,191,140,186,177,170,142,168,123,184,163,175,153,0,0,0,장안동사거리
2015,1,D,발달상권,1001220,325,185,140,20,38,41,73,88,65,10,22,25,43,53,32,10,16,16,30,35,33,0,0,0,서울 종로구 동대문역_2
2015,1,D,발달상권,1001219,93,52,41,4,13,13,32,29,2,2,9,9,17,15,0,2,4,4,15,14,2,0,0,0,서울 종로구 동대문역_1
2015,1,D,발달상권,1001218,0,0,0,0,0,0,0,0,0,0,0,0,0,0,0,0,0,0,0,0,0,0,0,0,동대문시장_2
2015,1,D,발달상권,1001217,0,0,0,0,0,0,0,0,0,0,0,0,0,0,0,0,0,0,0,0,0,0,0,0,서울 종로구 종로5가역_1
2015,1,D,발달상권,1001216,70,50,20,0,4,12,14,22,18,0,4,8,10,14,14,0,0,4,4,8,4,0,0,0,서울 종로구 종로3가역_1
2015,1,D,발달상권,1001213,0,0,0,0,0,0,0,0,0,0,0,0,0,0,0,0,0,0,0,0,0,0,0,0,종각역 젊음의 거리
2015,1,D,발달상권,1001212,58,30,28,0,4,16,17,18,3,0,1,10,10,9,0,0,3,6,7,9,3,0,0,0,서대문구 서대문역_1
2015,1,D,발달상권,1001211,0,0,0,0,0,0,0,0,0,0,0,0,0,0,0,0,0,0,0,0,0,0,0,0,동대문시장_1
2015,1,D,발달상권,1001210,3,3,0,0,0,3,0,0,0,0,0,3,0,0,0,0,0,0,0,0,0,0,0,0,시청역_2
2015,1,D,발달상권,1001209,2,0,2,0,0,0,0,2,0,0,0,0,0,0,0,0,0,0,0,2,0,0,0,0,서울시청
2015,1,D,발달상권,1001208,316,197,119,23,26,35,49,89,94,11,14,19,35,62,56,12,12,16,14,27,38,0,0,0,서울 중구 을지로3가역_2
2015,1,D,발달상권,1001207,46,27,19,0,9,9,14,14,0,0,6,6,8,7,0,0,3,3,6,7,0,0,0,0,서울 중구 신당역_2
2015,1,D,발달상권,1001206,585,285,300,101,69,100,121,96,98,53,34,51,62,48,37,48,35,49,59,48,61,0,0,0,서대문구 서대문역_2
2015,1,D,발달상권,1001205,108,71,37,0,10,19,22,41,16,0,5,14,20,21,11,0,5,5,2,20,5,0,0,0,동대문역사문화공원역
2015,1,D,발달상권,1001204,6,6,0,0,0,0,2,3,1,0,0,0,2,3,1,0,0,0,0,0,0,0,0,0,서울 중구 을지로3가역_1
2015,1,D,발달상권,1001203,36,12,24,0,2,6,8,14,6,0,1,2,4,4,1,0,1,4,4,10,5,0,0,0,명동거리
2015,1,D,발달상권,1001202,66,34,32,5,6,21,15,13,6,1,4,11,8,8,2,4,2,10,7,5,4,0,0,0,롯데백화점
2015,1,D,발달상권,1001201,638,333,305,83,95,133,137,123,67,46,53,70,77,62,25,37,42,63,60,61,42,0,0,0,서울 중구 신당역_1
2015,1,D,발달상권,1001200,26,16,10,0,1,12,7,6,0,0,1,6,4,5,0,0,0,6,3,1,0,0,0,0,북창동
2015,1,D,발달상권,1001199,345,190,155,33,47,51,52,76,86,17,25,30,32,44,42,16,22,21,20,32,44,0,0,0,서울 중구 충무로역_2
2015,1,D,발달상권,1001198,1444,752,692,55,250,396,308,369,66,30,123,208,184,186,21,25,127,188,124,183,45,0,0,0,서울 강서구 송정역
2015,1,D,발달상권,1001197,1040,525,515,120,169,228,208,208,107,66,85,114,104,104,52,54,84,114,104,104,55,0,0,0,장한평역_2
2015,1,D,발달상권,1001196,270,141,129,33,32,74,47,45,39,11,18,42,25,27,18,22,14,32,22,18,21,0,0,0,시청역_1
2015,1,D,발달상권,1001195,0,0,0,0,0,0,0,0,0,0,0,0,0,0,0,0,0,0,0,0,0,0,0,0,왕십리역_2
2015,1,D,발달상권,1001194,440,209,231,76,74,67,76,88,59,40,38,31,36,41,23,36,36,36,40,47,36,0,0,0,서울 강서구 발산역
2015,1,D,발달상권,1001193,158,80,78,24,25,32,28,28,21,13,13,16,14,14,10,11,12,16,14,14,11,0,0,0,장한평역_1
2015,1,D,발달상권,1001192,262,177,85,0,74,74,38,64,12,0,55,55,32,32,3,0,19,19,6,32,9,0,0,0,서울 중구 충무로역_1
2015,1,D,발달상권,1001190,41,21,20,4,8,8,8,8,5,2,4,4,4,4,3,2,4,4,4,4,2,0,0,0,장한평역
2015,1,D,발달상권,1001189,423,153,270,1,31,69,90,144,88,1,14,24,45,44,25,0,17,45,45,100,63,0,0,0,서울 중구 명동역
2015,1,D,발달상권,1001188,200,102,98,25,49,37,30,26,33,12,27,20,15,13,15,13,22,17,15,13,18,0,0,0,장충동 족발거리
2015,1,D,발달상권,1001187,210,121,89,7,106,41,29,19,8,2,66,23,19,9,2,5,40,18,10,10,6,0,0,0,한양시장
2015,1,D,발달상권,1001186,716,348,368,66,241,161,119,81,48,43,101,81,59,46,18,23,140,80,60,35,30,0,0,0,서울 서대문구 이대역
2015,1,D,발달상권,1001185,1032,513,519,55,437,270,172,80,18,47,187,135,86,54,4,8,250,135,86,26,14,0,0,0,서울 서대문구 신촌역
2015,1,D,발달상권,1001184,31,11,20,0,12,15,4,0,0,0,3,6,2,0,0,0,9,9,2,0,0,0,0,0,서울 마포구 홍대입구역_3
2015,1,D,발달상권,1001183,523,227,296,17,169,204,67,37,29,8,59,96,33,18,13,9,110,108,34,19,16,0,0,0,서울 마포구 홍대입구역_2
2015,1,D,발달상권,1001182,5583,2466,3117,77,1847,2269,844,472,74,36,685,1095,424,200,26,41,1162,1174,420,272,48,0,0,0,홍익대학교 주변
2015,1,D,발달상권,1001181,1109,534,575,33,323,341,191,189,32,17,154,176,91,79,17,16,169,165,100,110,15,0,0,0,서울 광진구 군자역
2015,1,D,발달상권,1001180,470,211,259,8,186,151,56,56,13,4,73,77,28,24,5,4,113,74,28,32,8,0,0,0,신촌역
2015,1,D,발달상권,1001179,2747,1365,1382,407,437,631,455,523,294,227,212,339,225,221,141,180,225,292,230,302,153,0,0,0,강서구청
2015,1,D,발달상권,1001178,475,203,272,3,166,202,67,31,6,1,58,94,33,14,3,2,108,108,34,17,3,0,0,0,서울 마포구 홍대입구역_1
2015,1,D,발달상권,1001177,18,9,9,1,4,4,4,4,1,1,2,2,2,2,0,0,2,2,2,2,1,0,0,0,서울 중구 약수역_2
2015,1,D,발달상권,1001176,105,50,55,14,10,22,19,21,19,7,5,11,9,10,8,7,5,11,10,11,11,0,0,0,서울 중구 약수역_1
2015,1,D,발달상권,1001175,3588,1798,1790,804,554,396,656,703,475,440,304,185,293,341,235,364,250,211,363,362,240,0,0,0,서울 강동구 고덕역
2015,1,D,발달상권,1001174,914,465,449,86,196,202,197,204,29,58,98,102,98,99,10,28,98,100,99,105,19,0,0,0,등촌역
2015,1,D,발달상권,1001173,3202,1559,1643,655,422,578,660,589,298,370,215,264,319,265,126,285,207,314,341,324,172,0,0,0,서울 강동구 명일역
2015,1,D,발달상권,1001172,502,248,254,40,147,119,76,74,46,20,68,62,40,36,22,20,79,57,36,38,24,0,0,0,어린이대공원역
2015,1,D,발달상권,1001171,63,30,33,8,9,12,12,12,10,4,4,6,6,6,4,4,5,6,6,6,6,0,0,0,서울 마포구 공덕역_2
2015,1,D,발달상권,1001170,144,70,74,24,19,26,24,24,27,12,9,13,12,12,12,12,10,13,12,12,15,0,0,0,공덕역
2015,1,D,발달상권,1001169,263,196,67,7,24,35,65,91,41,5,11,22,55,75,28,2,13,13,10,16,13,0,0,0,서울 용산구 숙대입구역
2015,1,D,발달상권,1001168,0,0,0,0,0,0,0,0,0,0,0,0,0,0,0,0,0,0,0,0,0,0,0,0,남영역
2015,1,D,발달상권,1001166,4214,2015,2199,864,497,823,822,570,638,431,243,372,420,283,266,433,254,451,402,287,372,0,0,0,서울 마포구 마포역_2
2015,1,D,발달상권,1001165,1577,764,813,83,606,391,200,171,126,43,266,203,118,79,55,40,340,188,82,92,71,0,0,0,서울 광진구 건대입구역_2
2015,1,D,발달상권,1001164,435,210,225,28,73,114,114,92,14,20,28,57,57,46,2,8,45,57,57,46,12,0,0,0,서울 마포구 마포역_1
2015,1,D,발달상권,1001163,1892,958,934,208,282,400,340,372,290,108,140,210,179,184,137,100,142,190,161,188,153,0,0,0,서울 강동구 천호역_2
2015,1,D,발달상권,1001162,1446,767,679,117,261,275,263,357,173,60,133,141,174,180,79,57,128,134,89,177,94,0,0,0,서울 광진구 건대입구역_1
2015,1,D,발달상권,1001160,1452,704,748,58,387,526,253,219,9,29,193,263,126,93,0,29,194,263,127,126,9,0,0,0,서울 광진구 구의역
2015,1,D,발달상권,1001159,178,85,93,0,20,59,33,64,2,0,10,32,27,16,0,0,10,27,6,48,2,0,0,0,서울 강동구 천호역
2015,1,D,발달상권,1001158,972,460,512,137,201,233,153,151,97,69,84,115,77,70,45,68,117,118,76,81,52,0,0,0,당산역_2
2015,1,D,발달상권,1001157,241,137,104,1,49,67,33,84,7,0,25,42,25,42,3,1,24,25,8,42,4,0,0,0,서울 강동구 천호역_1
2015,1,D,발달상권,1001156,2759,1378,1381,449,445,526,456,495,388,242,222,269,223,235,187,207,223,257,233,260,201,0,0,0,서울 강동구 길동역
2015,1,D,발달상권,1001155,305,149,156,18,46,122,49,41,29,11,16,60,31,19,12,7,30,62,18,22,17,0,0,0,용산 전자상가_5
2015,1,D,발달상권,1001154,117,54,63,7,15,46,29,19,1,1,5,23,16,9,0,6,10,23,13,10,1,0,0,0,용산 전자상가_4
2015,1,D,발달상권,1001153,1411,689,722,243,248,307,235,205,173,124,109,154,122,100,80,119,139,153,113,105,93,0,0,0,당산역_1
2015,1,D,발달상권,1001152,137,67,70,27,21,24,23,23,19,14,10,12,11,11,9,13,11,12,12,12,10,0,0,0,서울 광진구 강변역
2015,1,D,발달상권,1001151,338,169,169,49,45,78,54,51,61,26,21,39,29,26,28,23,24,39,25,25,33,0,0,0,용산 전자상가_3
2015,1,D,발달상권,1001150,209,96,113,8,28,65,37,41,30,5,14,34,15,19,9,3,14,31,22,22,21,0,0,0,서울 용산구 이태원역
2015,1,D,발달상권,1001149,64,31,33,0,4,44,10,6,0,0,2,22,5,2,0,0,2,22,5,4,0,0,0,0,한남오거리
2015,1,D,발달상권,1001147,108,54,54,13,15,18,17,20,25,7,7,9,9,10,12,6,8,9,8,10,13,0,0,0,용산 전자상가_2
2015,1,D,발달상권,1001146,33,14,19,0,6,9,7,7,4,0,3,5,3,3,0,0,3,4,4,4,4,0,0,0,용산구청
2015,1,D,발달상권,1001145,199,99,100,20,29,39,32,39,40,10,14,19,17,20,19,10,15,20,15,19,21,0,0,0,용산 전자상가_1
2015,1,D,발달상권,1001144,993,469,524,194,125,170,172,153,179,102,58,76,85,69,79,92,67,94,87,84,100,0,0,0,국회의사당역_2
2015,1,D,발달상권,1001143,119,59,60,0,18,38,27,36,0,0,9,18,14,18,0,0,9,20,13,18,0,0,0,0,서울 용산구 신용산역
2015,1,D,발달상권,1001142,277,128,149,58,36,46,46,42,49,29,17,20,22,20,20,29,19,26,24,22,29,0,0,0,국회의사당역_1
2015,1,D,발달상권,1001141,1784,768,1016,310,194,368,434,233,245,148,77,158,189,101,95,162,117,210,245,132,150,0,0,0,압구정 로데오거리_2
2015,1,D,발달상권,1001140,2357,1006,1351,427,266,491,551,321,301,209,111,200,231,145,110,218,155,291,320,176,191,0,0,0,서울 강남구 압구정역
2015,1,D,발달상권,1001139,1038,498,540,52,205,222,207,204,148,14,103,111,105,102,63,38,102,111,102,102,85,0,0,0,서울 영등포구 영등포구청역
2015,1,D,발달상권,1001138,759,373,386,102,141,164,160,139,53,63,68,76,76,66,24,39,73,88,84,73,29,0,0,0,압구정 로데오거리_1
2015,1,D,발달상권,1001137,893,479,414,137,164,177,170,171,74,88,84,89,85,85,48,49,80,88,85,86,26,0,0,0,서울 강동구 둔촌동역
2015,1,D,발달상권,1001136,1106,536,570,305,145,142,254,172,88,154,70,63,117,90,42,151,75,79,137,82,46,0,0,0,오목교역
2015,1,D,발달상권,1001135,6235,2888,3347,1099,1119,1214,1170,1028,605,572,542,565,575,484,150,527,577,649,595,544,455,0,0,0,신사동 가로수길
2015,1,D,발달상권,1001134,1177,566,611,212,165,200,205,192,203,111,76,96,101,93,89,101,89,104,104,99,114,0,0,0,서울 영등포구 여의도역_2
2015,1,D,발달상권,1001133,243,125,118,39,44,46,46,43,25,26,22,22,23,21,11,13,22,24,23,22,14,0,0,0,청담사거리_3
2015,1,D,발달상권,1001132,558,269,289,26,108,128,111,108,77,8,54,64,57,54,32,18,54,64,54,54,45,0,0,0,영등포유통상가
2015,1,D,발달상권,1001131,439,208,231,85,63,82,76,65,68,44,30,37,36,30,31,41,33,45,40,35,37,0,0,0,청담역_2
2015,1,D,발달상권,1001130,166,83,83,25,29,33,32,29,18,15,14,16,15,14,9,10,15,17,17,15,9,0,0,0,청담역_1
2015,1,D,발달상권,1001129,306,148,158,51,50,58,57,51,39,28,24,27,27,24,18,23,26,31,30,27,21,0,0,0,청담사거리_2
2015,1,D,발달상권,1001128,708,346,362,121,117,137,131,118,84,69,57,63,62,56,39,52,60,74,69,62,45,0,0,0,청담사거리_1
2015,1,D,발달상권,1001127,2232,1044,1188,426,282,380,390,345,409,219,133,165,190,155,182,207,149,215,200,190,227,0,0,0,서울 영등포구 여의도역_1
2015,1,D,발달상권,1001126,369,178,191,13,78,87,80,81,30,7,39,44,40,40,8,6,39,43,40,41,22,0,0,0,서울 양천구 신정네거리역_2
2015,1,D,발달상권,1001125,452,218,234,79,75,87,84,74,53,44,36,40,40,34,24,35,39,47,44,40,29,0,0,0,학동사거리_2
2015,1,D,발달상권,1001124,571,366,205,11,126,138,88,148,60,6,62,86,66,106,40,5,64,52,22,42,20,0,0,0,서울 영등포구 영등포시장역
2015,1,D,발달상권,1001123,405,190,215,28,77,125,92,55,28,16,33,60,46,23,12,12,44,65,46,32,16,0,0,0,학동사거리_1
2015,1,D,발달상권,1001122,864,412,452,171,108,140,146,128,171,90,51,63,70,60,78,81,57,77,76,68,93,0,0,0,여의도 시범아파트앞
2015,1,D,발달상권,1001121,400,239,161,34,77,81,58,83,67,17,37,50,39,57,39,17,40,31,19,26,28,0,0,0,영등포역_3
2015,1,D,발달상권,1001120,284,116,168,42,36,71,66,39,30,18,12,32,27,16,11,24,24,39,39,23,19,0,0,0,도산공원사거리_1
2015,1,D,발달상권,1001119,267,167,100,10,59,61,41,65,31,5,29,38,29,47,19,5,30,23,12,18,12,0,0,0,영등포역_2
2015,1,D,발달상권,1001118,206,103,103,43,24,45,34,29,31,22,12,22,18,14,15,21,12,23,16,15,16,0,0,0,문래동 주민센터
2015,1,D,발달상권,1001117,919,400,519,0,246,329,202,132,10,0,104,145,101,49,1,0,142,184,101,83,9,0,0,0,강남구 신사역_2
2015,1,D,발달상권,1001116,40,27,13,0,8,12,6,12,2,0,4,7,6,8,2,0,4,5,0,4,0,0,0,0,영등포역_1
2015,1,D,발달상권,1001115,145,66,79,2,32,46,36,26,3,2,14,22,18,10,0,0,18,24,18,16,3,0,0,0,서울 강남구 강남구청역_2
2015,1,D,발달상권,1001114,956,445,511,172,112,228,267,121,56,91,49,90,138,55,22,81,63,138,129,66,34,0,0,0,강남구 신사역_1
2015,1,D,발달상권,1001113,16,8,8,0,4,4,4,4,0,0,2,2,2,2,0,0,2,2,2,2,0,0,0,0,서울 동작구 노량진1동_1
2015,1,D,발달상권,1001112,124,60,64,6,25,40,28,17,8,4,11,20,14,7,4,2,14,20,14,10,4,0,0,0,서울 강남구 학동역_3
2015,1,D,발달상권,1001111,439,200,239,22,86,126,100,75,30,13,34,60,50,29,14,9,52,66,50,46,16,0,0,0,서울 강남구 강남구청역_1
2015,1,D,발달상권,1001110,4091,1946,2145,850,590,622,694,704,631,432,292,283,310,329,300,418,298,339,384,375,331,0,0,0,잠실역
2015,1,D,발달상권,1001109,2357,1114,1243,466,287,551,637,309,107,248,128,219,329,147,43,218,159,332,308,162,64,0,0,0,강남구 논현역_4
2015,1,D,발달상권,1001108,688,312,376,47,152,208,116,96,69,24,64,94,59,43,28,23,88,114,57,53,41,0,0,0,학동역
2015,1,D,발달상권,1001107,2535,1224,1311,301,453,667,455,431,228,168,215,344,211,176,110,133,238,323,244,255,118,0,0,0,방이동 먹자골목
2015,1,D,발달상권,1001106,114,53,61,6,24,36,26,17,5,4,10,17,13,7,2,2,14,19,13,10,3,0,0,0,서울 강남구 학동역_2
2015,1,D,발달상권,1001105,1351,669,682,113,278,292,265,268,135,58,145,148,134,132,52,55,133,144,131,136,83,0,0,0,서울 동작구 노량진역
2015,1,D,발달상권,1001104,0,0,0,0,0,0,0,0,0,0,0,0,0,0,0,0,0,0,0,0,0,0,0,0,삼성역_3
2015,1,D,발달상권,1001102,939,409,530,0,245,331,202,145,16,0,108,143,101,53,4,0,137,188,101,92,12,0,0,0,서울 강남구 학동역_1
2015,1,D,발달상권,1001101,1405,642,763,285,168,389,327,159,77,160,76,146,148,78,34,125,92,243,179,81,43,0,0,0,선정릉역_2
2015,1,D,발달상권,1001100,102,45,57,2,27,38,19,11,5,1,10,17,10,5,2,1,17,21,9,6,3,0,0,0,강남구 논현역_3
2015,1,D,발달상권,1001099,819,429,390,136,146,152,150,148,87,88,74,74,74,74,45,48,72,78,76,74,42,0,0,0,포스코사거리_2
2015,1,D,발달상권,1001098,2739,1246,1493,538,329,742,631,290,209,303,148,276,286,139,94,235,181,466,345,151,115,0,0,0,포스코사거리_1
2015,1,D,발달상권,1001097,4172,2006,2166,946,537,685,709,646,649,481,262,307,342,301,313,465,275,378,367,345,336,0,0,0,잠실역 롯데월드
2015,1,D,발달상권,1001096,1155,571,584,211,173,240,187,172,172,109,81,120,95,84,82,102,92,120,92,88,90,0,0,0,신도림역
2015,1,D,발달상권,1001095,3947,1751,2196,74,990,1334,806,568,175,37,429,584,406,224,71,37,561,750,400,344,104,0,0,0,강남구 논현역_2
2015,1,D,발달상권,1001094,457,199,258,78,54,147,119,43,16,46,22,52,52,20,7,32,32,95,67,23,9,0,0,0,선정릉역_1
2015,1,D,발달상권,1001093,2596,1244,1352,330,507,621,485,463,190,161,240,289,236,227,91,169,267,332,249,236,99,0,0,0,신천역
2015,1,D,발달상권,1001092,4487,2153,2334,926,708,1051,925,638,239,469,326,475,478,299,106,457,382,576,447,339,133,0,0,0,강남구 논현역_1
2015,1,D,발달상권,1001091,423,217,206,95,67,35,108,95,23,55,38,15,48,48,13,40,29,20,60,47,10,0,0,0,삼성역_2
2015,1,D,발달상권,1001090,591,268,323,19,121,187,136,103,25,13,48,90,68,39,10,6,73,97,68,64,15,0,0,0,삼정역_2
2015,1,D,발달상권,1001089,60,27,33,0,13,21,12,12,2,0,5,9,6,6,1,0,8,12,6,6,1,0,0,0,삼정역_1
2015,1,D,발달상권,1001088,4224,2157,2067,1032,655,370,976,817,374,596,367,164,419,425,186,436,288,206,557,392,188,0,0,0,삼성역_1
2015,1,D,발달상권,1001087,1913,863,1050,4,424,641,425,394,25,1,154,281,224,194,9,3,270,360,201,200,16,0,0,0,서울 강남구 선릉역_2
2015,1,D,발달상권,1001085,2763,1276,1487,45,665,968,533,455,97,19,255,444,291,225,42,26,410,524,242,230,55,0,0,0,서울 서초구 강남역
2015,1,D,발달상권,1001084,1777,851,926,366,234,407,374,204,192,207,107,172,183,97,85,159,127,235,191,107,107,0,0,0,서울 강남구 선릉역_1
2015,1,D,발달상권,1001083,459,221,238,41,98,105,97,96,22,17,48,52,48,47,9,24,50,53,49,49,13,0,0,0,서울 송파구 석촌역_2
2015,1,D,발달상권,1001082,4780,2270,2510,879,891,978,1035,717,280,474,416,440,470,356,114,405,475,538,565,361,166,0,0,0,선릉역_2
2015,1,D,발달상권,1001081,796,373,423,9,200,279,164,126,18,4,75,131,93,62,8,5,125,148,71,64,10,0,0,0,서울 강남구 역삼역_2
2015,1,D,발달상권,1001080,247,120,127,35,49,56,44,44,19,18,22,27,22,22,9,17,27,29,22,22,10,0,0,0,서울 송파구 석촌역_1
2015,1,D,발달상권,1001078,3084,1485,1599,769,364,511,652,416,372,393,171,221,318,204,178,376,193,290,334,212,194,0,0,0,서울 강남구 강남역_2
2015,1,D,발달상권,1001077,1349,630,719,332,164,265,282,160,146,170,74,113,133,78,62,162,90,152,149,82,84,0,0,0,선릉역_1
2015,1,D,발달상권,1001076,329,163,166,28,68,72,68,66,27,14,34,36,34,32,13,14,34,36,34,34,14,0,0,0,구로역
2015,1,D,발달상권,1001075,213,97,116,50,27,46,51,24,15,27,11,20,23,10,6,23,16,26,28,14,9,0,0,0,역삼역_2
2015,1,D,발달상권,1001074,366,182,184,61,58,76,60,54,57,32,27,38,31,26,28,29,31,38,29,28,29,0,0,0,대림역_2
2015,1,D,발달상권,1001073,2845,1318,1527,16,697,998,571,491,72,7,265,459,314,243,30,9,432,539,257,248,42,0,0,0,서울 강남구 역삼역_1
2015,1,D,발달상권,1001072,1145,532,613,129,210,282,257,203,64,66,96,142,128,82,18,63,114,140,129,121,46,0,0,0,신대방삼거리역
2015,1,D,발달상권,1001071,1777,837,940,327,352,380,397,291,30,175,162,174,177,144,5,152,190,206,220,147,25,0,0,0,서울 강남구 한티역
2015,1,D,발달상권,1001070,446,234,212,109,63,34,112,90,38,68,34,14,50,50,18,41,29,20,62,40,20,0,0,0,은마아파트입구사거리_4
2015,1,D,발달상권,1001069,256,126,130,47,53,54,55,46,1,24,26,26,27,23,0,23,27,28,28,23,1,0,0,0,은마아파트입구사거리_3
2015,1,D,발달상권,1001068,103,52,51,22,18,10,26,24,3,12,10,4,12,12,2,10,8,6,14,12,1,0,0,0,은마아파트입구사거리_2
2015,1,D,발달상권,1001067,1246,616,630,160,213,253,207,218,195,78,109,132,105,106,86,82,104,121,102,112,109,0,0,0,오류동역
2015,1,D,발달상권,1001066,723,334,389,29,160,231,142,123,38,15,60,105,75,61,18,14,100,126,67,62,20,0,0,0,서울 강남구 강남역
2015,1,D,발달상권,1001065,156,76,80,52,24,4,46,26,4,26,12,0,22,14,2,26,12,4,24,12,2,0,0,0,은마아파트입구사거리_1
2015,1,D,발달상권,1001064,452,227,225,70,60,95,75,71,81,37,30,50,39,34,37,33,30,45,36,37,44,0,0,0,대림역_1
2015,1,D,발달상권,1001063,554,260,294,129,61,109,151,71,33,67,27,39,76,35,16,62,34,70,75,36,17,0,0,0,교대역_4
2015,1,D,발달상권,1001062,2401,1172,1229,479,319,488,422,340,353,255,155,221,214,162,165,224,164,267,208,178,188,0,0,0,서울 강남구 강남역_1
2015,1,D,발달상권,1001061,2556,1192,1364,589,324,394,545,392,312,288,143,174,255,187,145,301,181,220,290,205,167,0,0,0,방배동카페골목
2015,1,D,발달상권,1001059,62,31,31,7,12,14,12,12,5,4,6,7,6,6,2,3,6,7,6,6,3,0,0,0,교대역_3
2015,1,D,발달상권,1001058,2201,1018,1183,34,522,762,443,379,61,17,196,350,240,187,28,17,326,412,203,192,33,0,0,0,역삼역_1
2015,1,D,발달상권,1001057,1938,949,989,385,320,366,324,306,237,202,159,176,156,142,114,183,161,190,168,164,123,0,0,0,교대역_2
2015,1,D,발달상권,1001056,423,213,210,81,69,71,73,75,54,43,35,36,36,38,25,38,34,35,37,37,29,0,0,0,서울 송파구 가락시장역
2015,1,D,발달상권,1001055,72,37,35,8,14,14,16,14,6,5,8,7,8,6,3,3,6,7,8,8,3,0,0,0,서울 서초구 서초역
2015,1,D,발달상권,1001054,206,102,104,64,24,15,50,30,23,35,12,6,22,16,11,29,12,9,28,14,12,0,0,0,서울 강남구 대치역_2
2015,1,D,발달상권,1001053,537,267,270,166,62,41,132,77,59,91,30,17,58,42,29,75,32,24,74,35,30,0,0,0,서울 강남구 대치역_1
2015,1,D,발달상권,1001052,1098,511,587,53,246,363,195,173,68,26,94,167,107,85,32,27,152,196,88,88,36,0,0,0,뱅뱅사거리_2
2015,1,D,발달상권,1001051,2526,1237,1289,483,356,495,440,361,391,247,168,252,221,170,179,236,188,243,219,191,212,0,0,0,보라매공원
2015,1,D,발달상권,1001050,1410,715,695,180,258,294,279,267,132,118,128,147,131,130,61,62,130,147,148,137,71,0,0,0,교대역_1
2015,1,D,발달상권,1001049,2562,1310,1252,335,345,550,540,544,248,192,177,275,270,270,126,143,168,275,270,274,122,0,0,0,개봉동 현대아파트 인근
2015,1,D,발달상권,1001048,1564,762,802,314,205,320,273,223,229,166,98,145,139,105,109,148,107,175,134,118,120,0,0,0,뱅뱅사거리
2015,1,D,발달상권,1001047,1998,979,1019,427,330,355,338,332,216,215,162,168,164,164,106,212,168,187,174,168,110,0,0,0,뱅뱅사거리_1
2015,1,D,발달상권,1001046,2520,1291,1229,93,929,782,281,221,214,50,415,455,163,102,106,43,514,327,118,119,108,0,0,0,서울 관악구 신림역_4
2015,1,D,발달상권,1001045,1268,640,628,63,238,345,206,316,100,37,119,172,118,158,36,26,119,173,88,158,64,0,0,0,동작구 총신대입구역_1
2015,1,D,발달상권,1001044,1956,982,974,323,300,467,408,324,134,198,136,214,219,149,66,125,164,253,189,175,68,0,0,0,양재역_3
2015,1,D,발달상권,1001043,2088,972,1116,435,286,357,390,300,320,207,126,165,182,145,147,228,160,192,208,155,173,0,0,0,동작구 총신대입구역_2
2015,1,D,발달상권,1001042,855,433,422,120,165,184,168,158,60,73,82,90,82,76,30,47,83,94,86,82,30,0,0,0,서울 서초구 남부터미널역_3
2015,1,D,발달상권,1001041,2182,994,1188,251,307,426,224,418,556,125,151,237,106,170,205,126,156,189,118,248,351,0,0,0,서울 강남구 수서역
2015,1,D,발달상권,1001040,577,309,268,13,263,208,41,24,28,7,119,132,26,11,14,6,144,76,15,13,14,0,0,0,서울 관악구 신림역_3
2015,1,D,발달상권,1001039,3364,1678,1686,591,532,576,577,544,544,334,266,285,271,263,259,257,266,291,306,281,285,0,0,0,서울 서초구 남부터미널역_2
2015,1,D,발달상권,1001038,2113,1084,1029,319,415,600,286,231,262,167,196,337,156,109,119,152,219,263,130,122,143,0,0,0,구로디지탈1단지
2015,1,D,발달상권,1001037,2552,1238,1314,542,412,442,431,420,305,272,198,209,206,206,147,270,214,233,225,214,158,0,0,0,양재역
2015,1,D,발달상권,1001036,488,252,236,81,90,90,89,92,46,48,45,46,44,45,24,33,45,44,45,47,22,0,0,0,문정역
2015,1,D,발달상권,1001035,1493,708,785,372,207,216,310,239,149,182,91,87,146,121,81,190,116,129,164,118,68,0,0,0,매봉역
2015,1,D,발달상권,1001034,1084,485,599,98,191,291,219,189,96,54,90,143,92,63,43,44,101,148,127,126,53,0,0,0,서울 서초구 방배역
2015,1,D,발달상권,1001033,1021,496,525,195,162,199,166,155,144,102,78,92,81,74,69,93,84,107,85,81,75,0,0,0,서울 서초구 남부터미널역_1
2015,1,D,발달상권,1001032,1706,798,908,28,476,483,344,292,83,15,256,266,147,90,24,13,220,217,197,202,59,0,0,0,서울 관악구 신림역_2
2015,1,D,발달상권,1001031,15,9,6,0,6,9,0,0,0,0,3,6,0,0,0,0,3,3,0,0,0,0,0,0,서울 관악구 신림역_1
2015,1,D,발달상권,1001030,1313,627,686,322,177,271,211,186,146,167,86,127,107,86,54,155,91,144,104,100,92,0,0,0,양재역_2
2015,1,D,발달상권,1001029,10,4,6,2,1,4,2,1,0,1,0,2,1,0,0,1,1,2,1,1,0,0,0,0,양재역_1
2015,1,D,발달상권,1001028,818,403,415,58,216,222,122,111,89,30,102,118,64,48,41,28,114,104,58,63,48,0,0,0,서울 관악구 서울대입구역_2
2015,1,D,발달상권,1001027,1532,908,624,118,338,366,248,277,185,61,192,241,154,161,99,57,146,125,94,116,86,0,0,0,가산디지털단지역_3
2015,1,D,발달상권,1001026,246,154,92,0,7,45,88,96,10,0,5,40,48,56,5,0,2,5,40,40,5,0,0,0,구로디지털단지역
2015,1,D,발달상권,1001025,2599,1318,1281,231,761,699,314,295,299,115,371,386,175,133,138,116,390,313,139,162,161,0,0,0,서울 관악구 서울대입구역_1
2015,1,D,발달상권,1001024,773,380,393,74,160,167,147,162,63,41,80,84,65,80,30,33,80,83,82,82,33,0,0,0,관악구 사당역_1
2015,1,D,발달상권,1001023,771,455,316,69,165,179,121,144,93,35,91,118,79,84,48,34,74,61,42,60,45,0,0,0,가산디지털단지역_2
2015,1,D,발달상권,1001022,573,279,294,0,185,245,50,78,15,0,80,145,31,20,3,0,105,100,19,58,12,0,0,0,관악구 사당역_2
2015,1,D,발달상권,1001021,437,262,175,31,95,106,71,79,55,17,55,68,45,47,30,14,40,38,26,32,25,0,0,0,가산디지털단지역_1
2015,1,D,발달상권,1001019,58,29,29,11,8,12,12,11,4,6,4,6,6,5,2,5,4,6,6,6,2,0,0,0,포이사거리_1
2015,1,D,발달상권,1001018,2843,1451,1392,419,459,717,527,444,277,226,235,384,269,215,122,193,224,333,258,229,155,0,0,0,포이사거리_2
2015,1,D,발달상권,1001017,615,296,319,80,130,145,82,91,87,40,59,74,43,38,42,40,71,71,39,53,45,0,0,0,관악구 사당역_3
2015,1,D,발달상권,1001016,1936,1206,730,123,554,547,301,239,172,65,347,393,206,120,75,58,207,154,95,119,97,0,0,0,서울 관악구 대학동_1
2015,1,D,발달상권,1001015,771,422,349,70,142,194,154,133,78,38,82,113,86,68,35,32,60,81,68,65,43,0,0,0,서울 금천구 독산1동_1
2015,1,D,발달상권,1001014,145,74,71,26,21,33,25,21,19,14,10,18,13,10,9,12,11,15,12,11,10,0,0,0,양재동 꽃시장
2015,1,D,발달상권,1001013,116,60,56,11,19,41,20,20,5,8,10,21,10,10,1,3,9,20,10,10,4,0,0,0,양재 화물트럭터미널앞_2
2015,1,D,발달상권,1001012,27,13,14,6,4,6,4,4,3,3,2,3,2,2,1,3,2,3,2,2,2,0,0,0,양재 화물트럭터미널앞_1
2015,1,D,발달상권,1001011,894,476,418,50,73,213,254,256,48,31,40,128,128,128,21,19,33,85,126,128,27,0,0,0,서울 금천구 시흥1동_4
2015,1,A,골목상권,1001010,2561,1379,1182,37,531,677,414,769,133,19,266,399,266,384,45,18,265,278,148,385,88,0,0,0,풍성로37가길
2015,1,A,골목상권,1001009,3733,2039,1694,56,765,1008,558,1181,165,27,381,607,382,588,54,29,384,401,176,593,111,0,0,0,천호옛길
2015,1,A,골목상권,1001008,2112,1192,920,23,427,596,278,722,66,12,213,373,212,360,22,11,214,223,66,362,44,0,0,0,천호옛14길
2015,1,A,골목상권,1001007,3715,1936,1779,659,666,655,707,748,280,381,344,333,333,374,171,278,322,322,374,374,109,0,0,0,천호대로219길
2015,1,A,골목상권,1001006,4244,2150,2094,652,726,804,746,782,534,364,363,408,368,381,266,288,363,396,378,401,268,0,0,0,천호대로197길
2015,1,A,골목상권,1001005,3340,1712,1628,565,576,632,581,605,381,333,288,318,289,294,190,232,288,314,292,311,191,0,0,0,천호대로187길
2015,1,A,골목상권,1001004,3322,1712,1610,153,656,819,569,851,274,79,328,457,327,417,104,74,328,362,242,434,170,0,0,0,천호대로170길
2015,1,A,골목상권,1001003,1965,1054,911,87,380,496,295,559,148,45,190,291,191,277,60,42,190,205,104,282,88,0,0,0,천호대로162길
2015,1,A,골목상권,1001002,4290,2174,2116,755,704,803,762,775,491,434,352,398,376,374,240,321,352,405,386,401,251,0,0,0,천중로51길
2015,1,A,골목상권,1001001,5692,2939,2753,509,989,1240,1159,1227,568,273,540,651,599,606,270,236,449,589,560,621,298,0,0,0,천중로39길
2015,1,A,골목상권,1001000,2310,1181,1129,377,401,438,407,424,263,223,200,221,202,206,129,154,201,217,205,218,134,0,0,0,진황도로47길
2015,1,A,골목상권,1000999,7906,3972,3934,307,1251,1968,1848,1912,620,159,620,1002,936,954,301,148,631,966,912,958,319,0,0,0,진황도로27길
2015,1,A,골목상권,1000998,2654,1325,1329,336,443,558,549,541,227,175,222,287,275,270,96,161,221,271,274,271,131,0,0,0,올림픽로98길
2015,1,A,골목상권,1000997,2793,1406,1387,24,460,743,724,724,118,13,230,381,362,362,58,11,230,362,362,362,60,0,0,0,올림픽로80길
2015,1,A,골목상권,1000996,1437,728,709,31,224,385,366,368,63,17,112,201,184,184,30,14,112,184,182,184,33,0,0,0,올림픽로78길
2015,1,A,골목상권,1000995,3069,1541,1528,41,480,824,808,810,106,22,240,419,404,405,51,19,240,405,404,405,55,0,0,0,올림픽로77길
2015,1,A,골목상권,1000994,3525,1774,1751,30,574,941,916,918,146,16,287,482,458,459,72,14,287,459,458,459,74,0,0,0,올림픽로71길
2015,1,A,골목상권,1000993,1454,729,725,282,212,317,266,255,122,157,110,158,130,119,55,125,102,159,136,136,67,0,0,0,올림픽로48길
2015,1,A,골목상권,1000992,3209,1618,1591,615,534,552,565,603,340,331,274,281,281,290,161,284,260,271,284,313,179,0,0,0,양재대로96길
2015,1,A,골목상권,1000991,3886,2047,1839,544,709,800,756,760,317,353,363,404,375,373,179,191,346,396,381,387,138,0,0,0,양재대로95길
2015,1,A,골목상권,1000990,3809,1986,1823,628,638,750,693,695,405,376,328,379,343,338,222,252,310,371,350,357,183,0,0,0,양재대로91길
2015,1,A,골목상권,1000989,5256,2706,2550,422,980,1163,1131,1150,410,219,559,594,567,571,196,203,421,569,564,579,214,0,0,0,양재대로133길
2015,1,A,골목상권,1000988,5734,2909,2825,933,980,1086,1003,1048,684,526,490,545,492,511,345,407,490,541,511,537,339,0,0,0,양재대로124길
2015,1,A,골목상권,1000987,1833,933,900,275,318,353,330,343,214,159,159,178,161,169,107,116,159,175,169,174,107,0,0,0,양재대로116길
2015,1,A,골목상권,1000986,4936,2582,2354,673,896,1047,963,973,384,438,457,532,478,475,202,235,439,515,485,498,182,0,0,0,양재대로101길
2015,1,A,골목상권,1000985,6838,3416,3422,546,1088,1625,1616,1603,360,288,548,823,808,801,148,258,540,802,808,802,212,0,0,0,암사길
2015,1,A,골목상권,1000984,3430,1716,1714,678,518,698,619,602,315,377,267,344,302,285,141,301,251,354,317,317,174,0,0,0,성안로3길
2015,1,A,골목상권,1000983,3369,1652,1717,623,462,713,597,575,399,326,239,350,290,266,181,297,223,363,307,309,218,0,0,0,성내로5길
2015,1,A,골목상권,1000982,2175,1108,1067,404,378,377,401,424,191,223,190,189,189,212,105,181,188,188,212,212,86,0,0,0,상일로5길
2015,1,A,골목상권,1000981,2127,1048,1079,404,244,540,422,318,199,203,119,262,218,151,95,201,125,278,204,167,104,0,0,0,상암로5길
2015,1,A,골목상권,1000980,3710,1823,1887,743,490,678,767,689,343,428,250,308,373,313,151,315,240,370,394,376,192,0,0,0,상암로51길
2015,1,A,골목상권,1000979,4455,2229,2226,515,627,1138,973,856,346,270,314,560,497,425,163,245,313,578,476,431,183,0,0,0,상암로4길
2015,1,A,골목상권,1000978,2819,1418,1401,192,455,641,608,627,296,101,228,327,310,312,140,91,227,314,298,315,156,0,0,0,상암로14길
2015,1,A,골목상권,1000977,2333,1197,1136,460,420,426,424,440,163,258,210,215,212,216,86,202,210,211,212,224,77,0,0,0,명일로13길
2015,1,A,골목상권,1000976,605,314,291,119,120,120,120,120,6,71,60,60,60,60,3,48,60,60,60,60,3,0,0,0,동남로85길
2015,1,A,골목상권,1000975,2114,1146,968,199,430,348,506,511,120,146,252,174,253,256,65,53,178,174,253,255,55,0,0,0,동남로82길
2015,1,A,골목상권,1000974,3141,1587,1554,707,511,296,647,768,212,423,272,133,251,372,136,284,239,163,396,396,76,0,0,0,동남로65길
2015,1,A,골목상권,1000973,4878,2558,2320,195,935,1203,1163,1179,203,104,569,615,584,586,100,91,366,588,579,593,103,0,0,0,구천면로42길
2015,1,A,골목상권,1000972,4917,2474,2443,214,786,1208,1163,1184,362,115,393,617,587,591,171,99,393,591,576,593,191,0,0,0,구천면로41길
2015,1,A,골목상권,1000971,3257,1663,1594,118,579,807,777,785,191,61,313,412,391,392,94,57,266,395,386,393,97,0,0,0,구천면로36길
2015,1,A,골목상권,1000970,580,292,288,132,85,91,106,103,63,74,47,44,50,53,24,58,38,47,56,50,39,0,0,0,고덕로61길
2015,1,A,골목상권,1000969,1746,862,884,476,241,293,302,281,153,234,122,138,150,132,86,242,119,155,152,149,67,0,0,0,고덕로25길
2015,1,A,골목상권,1000968,2087,1044,1043,244,360,442,440,429,172,127,180,226,220,214,77,117,180,216,220,215,95,0,0,0,고덕로10길
2015,1,A,골목상권,1000967,3073,1602,1471,485,530,625,566,569,298,294,273,317,282,276,160,191,257,308,284,293,138,0,0,0,강동대로53길
2015,1,A,골목상권,1000966,1432,632,800,28,100,479,307,482,36,14,50,240,239,72,17,14,50,239,68,410,19,0,0,0,풍성로25길
2015,1,A,골목상권,1000965,2927,1466,1461,725,486,487,569,508,152,390,243,233,275,247,78,335,243,254,294,261,74,0,0,0,오금로46길
2015,1,A,골목상권,1000964,3281,1654,1627,571,604,628,636,652,190,305,306,314,310,325,94,266,298,314,326,327,96,0,0,0,오금로36길
2015,1,A,골목상권,1000963,3753,1820,1933,271,770,1074,744,706,188,169,353,570,348,303,77,102,417,504,396,403,111,0,0,0,오금로11길
2015,1,A,골목상권,1000962,2109,1057,1052,368,354,343,397,408,239,199,176,171,193,203,115,169,178,172,204,205,124,0,0,0,양재대로72길
2015,1,A,골목상권,1000961,1574,784,790,326,253,253,337,286,119,177,134,119,148,145,61,149,119,134,189,141,58,0,0,0,양재대로71길
2015,1,A,골목상권,1000960,3327,1680,1647,629,572,602,626,646,252,334,295,301,302,322,126,295,277,301,324,324,126,0,0,0,양재대로64길
2015,1,A,골목상권,1000959,1843,919,924,378,284,321,319,338,203,195,144,162,150,169,99,183,140,159,169,169,104,0,0,0,양재대로62길
2015,1,A,골목상권,1000958,3210,1598,1612,670,492,561,552,587,348,348,251,281,257,294,167,322,241,280,295,293,181,0,0,0,송파대로30길
2015,1,A,골목상권,1000957,3977,2001,1976,794,655,722,701,710,395,430,328,366,345,340,192,364,327,356,356,370,203,0,0,0,송이로36길
2015,1,A,골목상권,1000956,5966,3037,2929,1052,1081,1079,1050,1125,579,598,541,541,508,537,312,454,540,538,542,588,267,0,0,0,송이로32길
2015,1,A,골목상권,1000955,6128,3064,3064,1534,994,999,1202,1056,343,817,497,477,577,513,183,717,497,522,625,543,160,0,0,0,송이로23길
2015,1,A,골목상권,1000954,6832,3267,3565,764,1354,1624,1342,1295,453,365,651,751,661,631,208,399,703,873,681,664,245,0,0,0,삼전로13길
2015,1,A,골목상권,1000953,6024,2883,3141,548,1171,1586,1203,1133,383,317,562,811,554,462,177,231,609,775,649,671,206,0,0,0,백제고분로50길
2015,1,A,골목상권,1000952,3523,1706,1817,421,688,783,702,682,247,205,329,385,346,329,112,216,359,398,356,353,135,0,0,0,백제고분로46길
2015,1,A,골목상권,1000951,5030,2429,2601,504,1013,1168,1008,988,349,243,484,569,500,479,154,261,529,599,508,509,195,0,0,0,백제고분로45길
2015,1,A,골목상권,1000950,4544,2199,2345,413,949,1061,949,927,245,195,452,524,474,452,102,218,497,537,475,475,143,0,0,0,백제고분로42길
2015,1,A,골목상권,1000949,3552,1751,1801,294,649,906,772,725,206,189,313,460,389,329,71,105,336,446,383,396,135,0,0,0,백제고분로39길
2015,1,A,골목상권,1000948,7641,3780,3861,591,1428,1910,1680,1589,443,404,701,960,842,733,140,187,727,950,838,856,303,0,0,0,백제고분로34길
2015,1,A,골목상권,1000947,6265,3104,3161,566,1175,1527,1322,1260,415,369,571,770,664,590,140,197,604,757,658,670,275,0,0,0,백제고분로33길
2015,1,A,골목상권,1000946,6091,3053,3038,689,1187,1577,1244,1125,269,473,559,773,606,521,121,216,628,804,638,604,148,0,0,0,백제고분로32길
2015,1,A,골목상권,1000945,6841,3476,3365,896,1288,1745,1313,1232,367,611,614,853,646,586,166,285,674,892,667,646,201,0,0,0,백제고분로31길
2015,1,A,골목상권,1000944,6681,3357,3324,775,1294,1723,1359,1228,302,534,610,845,663,567,138,241,684,878,696,661,164,0,0,0,백제고분로22길
2015,1,A,골목상권,1000943,2855,1446,1409,404,524,731,525,496,175,265,246,356,261,237,81,139,278,375,264,259,94,0,0,0,백제고분로21길
2015,1,A,골목상권,1000942,3299,1792,1507,320,387,738,781,851,222,177,258,382,399,470,106,143,129,356,382,381,116,0,0,0,마천로51길
2015,1,A,골목상권,1000941,3741,1855,1886,923,592,596,738,638,254,486,296,282,353,307,131,437,296,314,385,331,123,0,0,0,동남로20길
2015,1,A,골목상권,1000940,1634,973,661,115,212,314,376,530,87,78,136,185,188,340,46,37,76,129,188,190,41,0,0,0,거마로20길
2015,1,A,골목상권,1000939,1985,957,1028,373,302,372,353,306,279,205,146,168,166,145,127,168,156,204,187,161,152,0,0,0,학동로77길
2015,1,A,골목상권,1000938,1544,678,866,1,402,538,338,240,25,1,178,233,169,90,7,0,224,305,169,150,18,0,0,0,학동로6길
2015,1,A,골목상권,1000937,389,185,204,83,50,86,78,43,49,46,22,36,39,21,21,37,28,50,39,22,28,0,0,0,학동로56길
2015,1,A,골목상권,1000936,1479,681,798,79,299,441,337,241,82,48,126,210,168,99,30,31,173,231,169,142,52,0,0,0,학동로38길
2015,1,A,골목상권,1000935,1030,532,498,138,195,207,217,201,72,98,99,99,99,99,38,40,96,108,118,102,34,0,0,0,테헤란로81길
2015,1,A,골목상권,1000934,2973,1422,1551,463,490,533,425,555,507,253,238,281,201,235,214,210,252,252,224,320,293,0,0,0,일원로9길
2015,1,A,골목상권,1000933,2296,1105,1191,368,383,407,327,428,383,206,192,216,153,189,149,162,191,191,174,239,234,0,0,0,일원로3길
2015,1,A,골목상권,1000932,1812,981,831,449,282,99,509,400,73,280,159,43,232,231,36,169,123,56,277,169,37,0,0,0,영동대로65길
2015,1,A,골목상권,1000931,2456,1260,1196,449,396,432,434,418,327,281,204,206,206,205,158,168,192,226,228,213,169,0,0,0,영동대로112길
2015,1,A,골목상권,1000930,4780,2247,2533,1179,540,1094,1157,562,248,612,212,501,551,270,101,567,328,593,606,292,147,0,0,0,언주로81길
2015,1,A,골목상권,1000929,1189,552,637,214,204,233,218,185,135,115,96,104,107,88,42,99,108,129,111,97,93,0,0,0,압구정로2길
2015,1,A,골목상권,1000928,1549,746,803,245,308,335,344,287,30,128,158,158,166,121,15,117,150,177,178,166,15,0,0,0,선릉로18길
2015,1,A,골목상권,1000927,3216,1673,1543,461,618,663,655,610,209,332,306,313,323,298,101,129,312,350,332,312,108,0,0,0,선릉로146길
2015,1,A,골목상권,1000926,1438,667,771,73,293,443,321,221,87,45,126,211,160,91,34,28,167,232,161,130,53,0,0,0,선릉로133길
2015,1,A,골목상권,1000925,2135,1056,1079,373,356,415,395,358,238,220,173,192,190,171,110,153,183,223,205,187,128,0,0,0,선릉로132길
2015,1,A,골목상권,1000924,959,456,503,59,196,327,210,112,55,34,86,158,105,48,25,25,110,169,105,64,30,0,0,0,선릉로121길
2015,1,A,골목상권,1000923,2425,1158,1267,442,465,515,526,379,98,231,219,236,244,189,39,211,246,279,282,190,59,0,0,0,삼성로75길
2015,1,A,골목상권,1000922,2911,1398,1513,505,588,638,680,459,41,272,277,295,318,226,10,233,311,343,362,233,31,0,0,0,삼성로69길
2015,1,A,골목상권,1000921,2472,1267,1205,606,378,225,548,462,253,352,201,102,242,248,122,254,177,123,306,214,131,0,0,0,삼성로64길
2015,1,A,골목상권,1000920,4014,1944,2070,713,824,876,883,677,41,375,397,412,417,334,9,338,427,464,466,343,32,0,0,0,삼성로63길
2015,1,A,골목상권,1000919,1831,910,921,572,223,130,454,266,186,314,109,53,201,143,90,258,114,77,253,123,96,0,0,0,삼성로57길
2015,1,A,골목상권,1000918,1574,801,773,252,288,312,308,285,129,165,142,147,148,139,60,87,146,165,160,146,69,0,0,0,삼성로147길
2015,1,A,골목상권,1000917,2239,1028,1211,449,301,599,504,271,115,263,138,221,225,129,52,186,163,378,279,142,63,0,0,0,삼성로115길
2015,1,A,골목상권,1000916,1553,704,849,303,195,434,362,186,73,178,89,156,160,89,32,125,106,278,202,97,41,0,0,0,봉은사로68길
2015,1,A,골목상권,1000915,389,188,201,73,47,111,98,44,16,46,18,48,48,21,7,27,29,63,50,23,9,0,0,0,봉은사로57길
2015,1,A,골목상권,1000914,2394,1102,1292,106,484,747,545,387,125,64,198,364,272,148,56,42,286,383,273,239,69,0,0,0,봉은사로43길
2015,1,A,골목상권,1000913,1292,600,692,66,260,391,292,207,76,41,106,189,146,83,35,25,154,202,146,124,41,0,0,0,봉은사로29길
2015,1,A,골목상권,1000912,2016,1041,975,308,363,388,391,373,193,208,185,185,185,183,95,100,178,203,206,190,98,0,0,0,봉은사로109길
2015,1,A,골목상권,1000911,878,449,429,144,164,171,169,161,69,91,82,82,82,79,33,53,82,89,87,82,36,0,0,0,도산대로89길
2015,1,A,골목상권,1000910,753,380,373,93,150,162,160,144,44,63,74,78,78,68,19,30,76,84,82,76,25,0,0,0,도산대로81길
2015,1,A,골목상권,1000909,1804,839,965,158,334,508,362,266,176,85,142,243,179,110,80,73,192,265,183,156,96,0,0,0,도산대로50길
2015,1,A,골목상권,1000908,1205,555,650,28,254,373,284,211,55,22,112,176,142,85,18,6,142,197,142,126,37,0,0,0,도산대로38길
2015,1,A,골목상권,1000907,1004,455,549,12,218,323,262,169,20,9,86,160,131,61,8,3,132,163,131,108,12,0,0,0,도산대로30길
2015,1,A,골목상권,1000906,2209,1012,1197,362,417,444,435,377,174,183,205,214,215,172,23,179,212,230,220,205,151,0,0,0,도산대로23길
2015,1,A,골목상권,1000905,1108,518,590,191,200,224,209,185,99,103,98,102,103,87,25,88,102,122,106,98,74,0,0,0,도산대로15길
2015,1,A,골목상권,1000904,5900,2761,3139,1459,639,1446,1497,695,164,755,227,675,726,328,50,704,412,771,771,367,114,0,0,0,도곡로37길
2015,1,A,골목상권,1000903,3236,1608,1628,595,539,617,643,595,247,312,269,310,316,289,112,283,270,307,327,306,135,0,0,0,논현로8길
2015,1,A,골목상권,1000902,1702,787,915,25,397,584,347,297,52,12,153,266,187,145,24,13,244,318,160,152,28,0,0,0,논현로63길
2015,1,A,골목상권,1000901,639,303,336,159,93,94,127,106,60,80,40,40,59,53,31,79,53,54,68,53,29,0,0,0,논현로28길
2015,1,A,골목상권,1000900,2503,1181,1322,617,374,370,514,408,220,309,167,153,236,200,116,308,207,217,278,208,104,0,0,0,논현로26길
2015,1,A,골목상권,1000899,927,427,500,159,175,180,178,162,73,81,87,88,89,75,7,78,88,92,89,87,66,0,0,0,논현로159길
2015,1,A,골목상권,1000898,1449,638,811,8,396,546,291,164,44,5,156,246,147,68,16,3,240,300,144,96,28,0,0,0,논현로139길
2015,1,A,골목상권,1000897,1555,685,870,0,409,542,338,233,33,0,175,239,169,93,9,0,234,303,169,140,24,0,0,0,논현로123길
2015,1,A,골목상권,1000896,2886,1263,1623,15,742,994,617,453,65,8,324,433,310,171,17,7,418,561,307,282,48,0,0,0,논현로115길
2015,1,A,골목상권,1000895,1337,670,667,244,236,255,263,249,90,132,118,128,130,122,40,112,118,127,133,127,50,0,0,0,논현로10길
2015,1,A,골목상권,1000894,2019,923,1096,0,478,694,448,392,7,0,174,313,241,192,3,0,304,381,207,200,4,0,0,0,논현로106길
2015,1,A,골목상권,1000893,2293,1106,1187,484,363,390,386,368,302,239,173,185,183,180,146,245,190,205,203,188,156,0,0,0,남부순환로365길
2015,1,A,골목상권,1000891,1755,885,870,312,318,342,349,332,102,170,159,173,171,163,49,142,159,169,178,169,53,0,0,0,개포로28길
2015,1,A,골목상권,1000890,2308,1155,1153,402,390,453,487,438,138,216,195,227,238,212,67,186,195,226,249,226,71,0,0,0,개포로20길
2015,1,A,골목상권,1000889,2744,1375,1369,487,466,537,572,519,163,263,233,269,281,251,78,224,233,268,291,268,85,0,0,0,개포로17길
2015,1,A,골목상권,1000888,1691,772,919,129,372,515,285,219,171,65,154,231,148,99,75,64,218,284,137,120,96,0,0,0,강남대로140길
2015,1,A,골목상권,1000887,972,435,537,9,261,354,191,123,34,5,108,163,97,51,11,4,153,191,94,72,23,0,0,0,강남대로136길
2015,1,A,골목상권,1000886,1534,676,858,0,394,503,346,262,29,0,174,221,173,104,4,0,220,282,173,158,25,0,0,0,강남대로118길
2015,1,A,골목상권,1000885,2731,1410,1321,255,588,631,598,572,87,187,291,313,296,280,43,68,297,318,302,292,44,0,0,0,서초중앙로8길
2015,1,A,골목상권,1000884,2052,928,1124,458,230,329,555,329,151,224,86,137,265,146,70,234,144,192,290,183,81,0,0,0,방배중앙로21길
2015,1,A,골목상권,1000883,1828,907,921,343,268,396,349,281,191,193,123,185,185,129,92,150,145,211,164,152,99,0,0,0,효령로72길
2015,1,A,골목상권,1000882,1269,615,654,211,205,202,203,248,200,111,103,98,93,118,92,100,102,104,110,130,108,0,0,0,효령로34길
2015,1,A,골목상권,1000881,1685,785,900,146,316,411,350,318,144,89,151,204,153,122,66,57,165,207,197,196,78,0,0,0,효령로31길
2015,1,A,골목상권,1000880,4228,1965,2263,403,766,1034,860,763,402,237,374,511,377,285,181,166,392,523,483,478,221,0,0,0,효령로23길
2015,1,A,골목상권,1000879,3210,1551,1659,215,712,740,630,716,197,119,355,362,270,356,89,96,357,378,360,360,108,0,0,0,청두곶길
2015,1,A,골목상권,1000878,5479,2675,2804,1226,914,1164,1081,855,239,625,443,552,546,407,102,601,471,612,535,448,137,0,0,0,주흥길
2015,1,A,골목상권,1000877,3836,1868,1968,831,635,840,768,579,183,425,306,396,391,271,79,406,329,444,377,308,104,0,0,0,주흥15길
2015,1,A,골목상권,1000876,1551,800,751,220,255,408,301,256,111,119,133,217,154,127,50,101,122,191,147,129,61,0,0,0,언남길
2015,1,A,골목상권,1000875,3591,1690,1901,757,442,743,856,474,319,392,198,314,433,220,133,365,244,429,423,254,186,0,0,0,신반포로45길
2015,1,A,골목상권,1000874,5811,2767,3044,224,1407,1420,1149,1410,201,122,702,707,443,702,91,102,705,713,706,708,110,0,0,0,서초대로8길
2015,1,A,골목상권,1000873,1080,517,563,196,172,214,180,165,153,100,84,99,87,76,71,96,88,115,93,89,82,0,0,0,서초대로64길
2015,1,A,골목상권,1000872,3454,1659,1795,220,764,798,686,779,207,123,376,401,286,379,94,97,388,397,400,400,113,0,0,0,서초대로4길
2015,1,A,골목상권,1000871,1243,526,717,176,181,288,335,227,36,56,62,119,164,111,14,120,119,169,171,116,22,0,0,0,서초대로25길
2015,1,A,골목상권,1000870,2570,1116,1454,418,355,553,629,438,177,159,123,238,308,209,79,259,232,315,321,229,98,0,0,0,서초대로23길
2015,1,A,골목상권,1000869,3733,1587,2146,519,533,886,1019,683,93,157,182,375,504,332,37,362,351,511,515,351,56,0,0,0,서초대로15길
2015,1,A,골목상권,1000868,2185,1057,1128,432,358,501,463,318,113,220,171,237,235,145,49,212,187,264,228,173,64,0,0,0,사평대로57길
2015,1,A,골목상권,1000867,151,63,88,14,17,45,47,24,4,7,8,19,19,8,2,7,9,26,28,16,2,0,0,0,사평대로26길
2015,1,A,골목상권,1000866,1428,665,763,296,200,305,305,219,103,153,96,134,135,101,46,143,104,171,170,118,57,0,0,0,사평대로22길
2015,1,A,골목상권,1000865,1175,582,593,237,194,222,202,188,132,124,94,108,100,92,64,113,100,114,102,96,68,0,0,0,사임당로17길
2015,1,A,골목상권,1000864,879,389,490,186,91,141,289,141,31,91,32,57,136,60,13,95,59,84,153,81,18,0,0,0,방배로42길
2015,1,A,골목상권,1000863,1901,861,1040,384,251,354,482,329,101,176,98,151,233,152,51,208,153,203,249,177,50,0,0,0,방배로35길
2015,1,A,골목상권,1000862,1643,746,897,73,318,460,374,316,102,56,156,230,156,100,48,17,162,230,218,216,54,0,0,0,방배로18길
2015,1,A,골목상권,1000861,798,408,390,88,159,168,164,163,56,60,78,84,78,81,27,28,81,84,86,82,29,0,0,0,반포대로9길
2015,1,A,골목상권,1000860,2034,985,1049,476,268,419,342,299,230,240,135,204,176,136,94,236,133,215,166,163,136,0,0,0,바우뫼로39길
2015,1,A,골목상권,1000859,1269,646,623,173,221,352,244,190,89,96,113,185,124,88,40,77,108,167,120,102,49,0,0,0,마방로2길
2015,1,A,골목상권,1000858,1032,497,535,79,218,237,202,224,72,47,107,116,86,108,33,32,111,121,116,116,39,0,0,0,방배천로4안길
2015,1,A,골목상권,1000857,1644,841,803,257,265,424,307,262,129,141,136,223,157,125,59,116,129,201,150,137,70,0,0,0,동산로19길
2015,1,A,골목상권,1000856,2870,1450,1420,440,455,737,540,441,257,234,236,382,278,203,117,206,219,355,262,238,140,0,0,0,동산로10길
2015,1,A,골목상권,1000855,962,443,519,204,130,203,197,140,88,104,63,86,86,64,40,100,67,117,111,76,48,0,0,0,동광로39길
2015,1,A,골목상권,1000854,3838,1735,2103,868,452,641,997,639,241,425,168,271,484,284,103,443,284,370,513,355,138,0,0,0,동광로1길
2015,1,A,골목상권,1000853,1161,504,657,165,194,267,299,226,10,50,76,118,148,108,4,115,118,149,151,118,6,0,0,0,동광로12길
2015,1,A,골목상권,1000852,3560,1716,1844,848,504,725,601,530,352,450,243,350,303,243,127,398,261,375,298,287,225,0,0,0,논현로27길
2015,1,A,골목상권,1000851,2441,1248,1193,319,408,625,479,426,184,180,217,328,244,204,75,139,191,297,235,222,109,0,0,0,논현로1길
2015,1,A,골목상권,1000850,1387,671,716,226,247,291,254,234,135,118,125,139,121,104,64,108,122,152,133,130,71,0,0,0,남부순환로339길
2015,1,A,골목상권,1000849,1663,830,833,275,272,296,296,283,241,160,132,145,138,140,115,115,140,151,158,143,126,0,0,0,남부순환로325길
2015,1,A,골목상권,1000848,1114,561,553,170,194,215,204,201,130,100,95,107,96,100,63,70,99,108,108,101,67,0,0,0,남부순환로317길
2015,1,A,골목상권,1000847,1200,569,631,262,166,215,220,183,154,133,80,100,102,83,71,129,86,115,118,100,83,0,0,0,고무래로8길
2015,1,A,골목상권,1000846,2190,1132,1058,200,384,652,460,408,86,122,203,343,234,197,33,78,181,309,226,211,53,0,0,0,강남대로8길
2015,1,A,골목상권,1000845,3969,1916,2053,1001,548,785,644,571,420,518,267,376,328,268,159,483,281,409,316,303,261,0,0,0,강남대로34길
2015,1,A,골목상권,1000844,1416,678,738,331,198,307,243,214,123,172,97,143,124,97,45,159,101,164,119,117,78,0,0,0,강남대로23길
2015,1,A,골목상권,1000843,3891,1879,2012,4,1216,1119,752,760,40,2,559,561,482,270,5,2,657,558,270,490,35,0,0,0,소담길
2015,1,A,골목상권,1000842,444,227,217,62,56,71,83,85,87,32,32,40,43,41,39,30,24,31,40,44,48,0,0,0,원신길
2015,1,A,골목상권,1000841,116,58,58,14,17,19,21,23,22,7,9,10,11,11,10,7,8,9,10,12,12,0,0,0,양지길
2015,1,A,골목상권,1000840,586,318,268,70,127,128,83,81,97,38,71,78,47,39,45,32,56,50,36,42,52,0,0,0,양산길
2015,1,A,골목상권,1000839,1961,1297,664,42,637,582,352,263,85,24,403,432,262,137,39,18,234,150,90,126,46,0,0,0,호암로24길
2015,1,A,골목상권,1000838,2275,1560,715,65,713,690,408,289,110,37,462,532,323,156,50,28,251,158,85,133,60,0,0,0,호암로20길
2015,1,A,골목상권,1000837,5695,2821,2874,525,1528,1589,669,705,679,269,731,836,369,312,304,256,797,753,300,393,375,0,0,0,행운길
2015,1,A,골목상권,1000836,2011,1000,1011,105,698,712,174,187,135,55,341,367,102,76,59,50,357,345,72,111,76,0,0,0,행운1길
2015,1,A,골목상권,1000835,3041,1579,1462,419,474,776,685,608,79,220,300,388,344,300,27,199,174,388,341,308,52,0,0,0,청림3길
2015,1,A,골목상권,1000834,1427,677,750,26,398,353,285,287,78,15,175,180,160,125,22,11,223,173,125,162,56,0,0,0,청룡길
2015,1,A,골목상권,1000833,1770,861,909,6,529,496,355,353,31,3,246,252,224,129,7,3,283,244,131,224,24,0,0,0,청룡8길
2015,1,A,골목상권,1000832,3045,1432,1613,20,845,826,674,556,124,11,403,423,347,202,46,9,442,403,327,354,78,0,0,0,중앙길
2015,1,A,골목상권,1000831,3448,1806,1642,30,727,1032,594,990,75,14,327,631,400,397,37,16,400,401,194,593,38,0,0,0,조원중앙로2길
2015,1,A,골목상권,1000830,1170,618,552,12,246,357,197,340,18,6,111,221,137,134,9,6,135,136,60,206,9,0,0,0,조원로18길
2015,1,A,골목상권,1000829,1602,826,776,43,326,450,292,415,76,20,146,267,179,177,37,23,180,183,113,238,39,0,0,0,조원로10길
2015,1,A,골목상권,1000828,1754,839,915,4,543,495,337,342,33,2,246,251,208,128,4,2,297,244,129,214,29,0,0,0,장군봉2길
2015,1,A,골목상권,1000827,441,213,228,2,132,121,88,89,9,1,61,61,55,33,2,1,71,60,33,56,7,0,0,0,장군봉1길
2015,1,A,골목상권,1000826,3178,1476,1702,212,728,776,678,529,255,111,345,411,339,211,59,101,383,365,339,318,196,0,0,0,인헌길
2015,1,A,골목상권,1000825,1927,942,985,400,211,343,363,291,319,212,103,176,185,133,133,188,108,167,178,158,186,0,0,0,은천로25길
2015,1,A,골목상권,1000824,3877,1822,2055,33,1023,1004,894,738,185,16,493,511,460,274,68,17,530,493,434,464,117,0,0,0,양녕로6길
2015,1,A,골목상권,1000823,1351,672,679,11,371,592,198,154,25,6,249,299,81,31,6,5,122,293,117,123,19,0,0,0,신원로3길
2015,1,A,골목상권,1000822,1851,903,948,33,456,578,456,291,37,19,227,349,228,66,14,14,229,229,228,225,23,0,0,0,신사로20길
2015,1,A,골목상권,1000821,1813,924,889,51,732,583,179,142,126,28,317,346,103,67,63,23,415,237,76,75,63,0,0,0,신림로65길
2015,1,A,골목상권,1000820,1982,1009,973,91,731,618,213,166,163,47,325,359,124,77,77,44,406,259,89,89,86,0,0,0,신림로64길
2015,1,A,골목상권,1000819,2212,1021,1191,9,641,660,453,380,69,6,341,361,192,108,13,3,300,299,261,272,56,0,0,0,신림로48길
2015,1,A,골목상권,1000818,894,581,313,56,231,334,104,99,70,32,145,262,66,44,32,24,86,72,38,55,38,0,0,0,신림로38길
2015,1,A,골목상권,1000817,2617,1538,1079,223,663,740,359,334,298,123,396,511,214,160,134,100,267,229,145,174,164,0,0,0,신림로28길
2015,1,A,골목상권,1000816,2769,2023,746,64,915,915,482,269,124,37,643,756,386,145,56,27,272,159,96,124,68,0,0,0,신림로11길
2015,1,A,골목상권,1000815,2686,1389,1297,98,1091,858,249,198,192,53,480,535,141,94,86,45,611,323,108,104,106,0,0,0,신림동길
2015,1,A,골목상권,1000814,3085,1458,1627,308,730,805,407,491,344,152,333,412,203,199,159,156,397,393,204,292,185,0,0,0,승방길
2015,1,A,골목상권,1000813,5246,2953,2293,525,1246,1338,753,720,664,284,721,866,434,351,297,241,525,472,319,369,367,0,0,0,서림7길
2015,1,A,골목상권,1000812,3821,1898,1923,594,552,922,669,554,530,321,267,500,330,239,241,273,285,422,339,315,289,0,0,0,봉천로33길
2015,1,A,골목상권,1000811,3505,1538,1967,65,699,1220,700,700,121,33,350,642,350,128,35,32,349,578,350,572,86,0,0,0,봉천로13길
2015,1,A,골목상권,1000810,2490,1522,968,199,626,789,324,298,254,109,382,578,201,132,120,90,244,211,123,166,134,0,0,0,복은길
2015,1,A,골목상권,1000809,1256,684,572,72,200,254,359,306,65,40,100,154,206,153,31,32,100,100,153,153,34,0,0,0,법원단지길
2015,1,A,골목상권,1000808,4399,2361,2038,556,610,790,1027,912,504,323,322,468,562,456,230,233,288,322,465,456,274,0,0,0,법원단지9길
2015,1,A,골목상권,1000807,3998,2000,1998,347,796,829,830,840,356,177,400,423,418,413,169,170,396,406,412,427,187,0,0,0,미성5길
2015,1,A,골목상권,1000806,1295,918,377,26,420,416,224,154,55,17,288,333,178,80,22,9,132,83,46,74,33,0,0,0,대학길
2015,1,A,골목상권,1000805,1615,1169,446,23,548,531,265,187,61,14,384,432,213,99,27,9,164,99,52,88,34,0,0,0,대학14길
2015,1,A,골목상권,1000804,1639,728,911,24,338,530,341,341,65,12,170,276,170,87,13,12,168,254,171,254,52,0,0,0,당곡길
2015,1,A,골목상권,1000803,1434,678,756,151,350,390,171,212,160,76,157,199,86,84,76,75,193,191,85,128,84,0,0,0,남현길
2015,1,A,골목상권,1000802,1007,451,556,81,280,320,92,149,85,40,120,161,49,42,39,41,160,159,43,107,46,0,0,0,남현3길
2015,1,A,골목상권,1000801,1909,878,1031,109,512,567,249,327,145,60,229,284,129,117,59,49,283,283,120,210,86,0,0,0,남현2길
2015,1,A,골목상권,1000800,1676,784,892,142,370,400,343,270,151,73,173,214,172,112,40,69,197,186,171,158,111,0,0,0,남부순환로248길
2015,1,A,골목상권,1000799,1458,773,685,119,504,407,166,147,115,60,254,254,88,69,48,59,250,153,78,78,67,0,0,0,남부순환로234길
2015,1,A,골목상권,1000798,2229,1122,1107,101,517,574,474,466,97,52,276,289,234,223,48,49,241,285,240,243,49,0,0,0,남부순환로172길
2015,1,A,골목상권,1000797,2994,1456,1538,25,755,930,762,501,21,21,373,548,381,129,4,4,382,382,381,372,17,0,0,0,남부순환로161길
2015,1,A,골목상권,1000796,2583,1254,1329,44,643,764,642,444,46,30,320,440,321,128,15,14,323,324,321,316,31,0,0,0,남부순환로151길
2015,1,A,골목상권,1000795,3167,1585,1582,125,725,732,730,733,122,65,363,368,365,365,59,60,362,364,365,368,63,0,0,0,남부순환로142길
2015,1,A,골목상권,1000794,1391,695,696,212,100,471,325,155,128,114,50,230,167,76,58,98,50,241,158,79,70,0,0,0,난향길
2015,1,A,골목상권,1000793,2985,1493,1492,121,679,686,686,689,124,63,340,343,343,343,61,58,339,343,343,346,63,0,0,0,난우길
2015,1,A,골목상권,1000792,1571,768,803,16,395,505,394,249,12,11,197,307,197,52,4,5,198,198,197,197,8,0,0,0,난곡로74길
2015,1,A,골목상권,1000791,1694,974,720,105,186,313,546,428,116,66,96,217,332,214,49,39,90,96,214,214,67,0,0,0,난곡로34길
2015,1,A,골목상권,1000790,2197,1331,866,74,188,415,841,628,51,56,100,315,526,314,20,18,88,100,315,314,31,0,0,0,난곡로26길
2015,1,A,골목상권,1000789,1882,1144,738,57,170,359,725,542,29,48,88,271,454,271,12,9,82,88,271,271,17,0,0,0,난곡로24길
2015,1,A,골목상권,1000788,3693,1799,1894,354,876,913,660,551,339,188,415,509,333,245,109,166,461,404,327,306,230,0,0,0,낙성대역길
2015,1,A,골목상권,1000787,4041,2020,2021,534,633,1090,754,605,425,308,298,602,375,262,175,226,335,488,379,343,250,0,0,0,국회단지길
2015,1,A,골목상권,1000786,3303,1623,1680,651,329,632,670,518,503,357,161,323,341,226,215,294,168,309,329,292,288,0,0,0,구암길
2015,1,A,골목상권,1000785,1792,962,830,8,983,667,60,44,30,4,422,463,36,21,16,4,561,204,24,23,14,0,0,0,관천로22길
2015,1,A,골목상권,1000784,3872,1894,1978,43,972,1228,966,619,44,30,484,742,483,138,17,13,488,486,483,481,27,0,0,0,관천로15길
2015,1,A,골목상권,1000783,2083,1051,1032,300,359,499,354,323,248,154,191,258,183,153,112,146,168,241,171,170,136,0,0,0,관악로30길
2015,1,A,골목상권,1000782,1544,762,782,165,379,392,190,197,221,83,180,210,102,88,99,82,199,182,88,109,122,0,0,0,관악로28길
2015,1,A,골목상권,1000781,927,482,445,60,335,287,101,85,59,30,168,168,55,37,24,30,167,119,46,48,35,0,0,0,관악로14길
2015,1,A,골목상권,1000780,2886,1505,1381,240,990,850,306,259,241,114,500,500,166,119,106,126,490,350,140,140,135,0,0,0,관악로10길
2015,1,A,골목상권,1000779,1516,852,664,46,355,462,356,246,51,24,230,232,230,121,15,22,125,230,126,125,36,0,0,0,흑석로9길
2015,1,A,골목상권,1000778,1384,776,608,47,319,419,319,218,62,24,208,211,207,107,19,23,111,208,112,111,43,0,0,0,흑석로13길
2015,1,A,골목상권,1000777,771,511,260,2,110,309,151,192,7,1,55,260,96,96,3,1,55,49,55,96,4,0,0,0,장승배기로27길
2015,1,A,골목상권,1000776,749,461,288,11,123,251,151,181,32,6,64,198,92,89,12,5,59,53,59,92,20,0,0,0,장승배기로19길
2015,1,A,골목상권,1000775,353,174,179,17,78,84,79,78,17,10,39,42,39,38,6,7,39,42,40,40,11,0,0,0,장승배기로10길
2015,1,A,골목상권,1000774,2227,1076,1151,465,341,364,425,328,304,238,166,180,209,161,122,227,175,184,216,167,182,0,0,0,여의대방로46길
2015,1,A,골목상권,1000773,2430,1160,1270,446,396,474,507,407,200,234,181,237,250,194,64,212,215,237,257,213,136,0,0,0,여의대방로24길
2015,1,A,골목상권,1000772,3456,1616,1840,434,632,823,820,639,108,246,254,412,410,259,35,188,378,411,410,380,73,0,0,0,여의대방로22카길
2015,1,A,골목상권,1000771,2846,1340,1506,395,504,660,650,512,125,224,206,330,325,212,43,171,298,330,325,300,82,0,0,0,여의대방로22나길
2015,1,A,골목상권,1000770,2241,1069,1172,396,382,479,470,385,129,217,164,239,235,167,47,179,218,240,235,218,82,0,0,0,여의대방로22길
2015,1,A,골목상권,1000769,1108,555,553,133,161,289,203,199,123,77,80,147,102,98,51,56,81,142,101,101,72,0,0,0,양녕로26길
2015,1,A,골목상권,1000768,6368,3168,3200,524,1014,1577,1606,1571,76,265,505,787,794,784,33,259,509,790,812,787,43,0,0,0,신대방길
2015,1,A,골목상권,1000767,1049,526,523,55,137,422,200,195,40,35,68,213,101,97,12,20,69,209,99,98,28,0,0,0,성대로29길
2015,1,A,골목상권,1000766,405,202,203,12,45,187,77,75,9,7,22,95,38,37,3,5,23,92,39,38,6,0,0,0,성대로1길
2015,1,A,골목상권,1000765,274,164,110,10,63,93,63,33,12,5,46,47,46,16,4,5,17,46,17,17,8,0,0,0,서달로8가길
2015,1,A,골목상권,1000764,123,73,50,2,29,42,29,16,5,1,21,21,21,8,1,1,8,21,8,8,4,0,0,0,서달로15길
2015,1,A,골목상권,1000763,214,126,88,4,52,72,52,32,2,2,36,36,36,16,0,2,16,36,16,16,2,0,0,0,서달로14길
2015,1,A,골목상권,1000762,1807,1089,718,37,433,633,433,231,40,19,316,317,316,114,7,18,117,316,117,117,33,0,0,0,서달로10길
2015,1,A,골목상권,1000761,2015,977,1038,172,500,500,377,332,134,89,252,251,189,139,57,83,248,249,188,193,77,0,0,0,상도로62길
2015,1,A,골목상권,1000760,3856,1876,1980,515,863,859,623,563,433,266,438,431,315,239,187,249,425,428,308,324,246,0,0,0,상도로61길
2015,1,A,골목상권,1000759,3793,1847,1946,380,922,925,694,619,253,202,463,466,348,261,107,178,459,459,346,358,146,0,0,0,상도로47길
2015,1,A,골목상권,1000758,1329,646,683,72,367,370,260,220,40,39,184,187,131,88,17,33,183,183,129,132,23,0,0,0,상도로37길
2015,1,A,골목상권,1000757,3707,1817,1890,245,784,922,781,739,236,137,391,461,391,348,89,108,393,461,390,391,147,0,0,0,상도로15길
2015,1,A,골목상권,1000756,2300,1041,1259,100,412,658,524,519,87,61,206,336,211,206,21,39,206,322,313,313,66,0,0,0,사당로8길
2015,1,A,골목상권,1000755,828,387,441,0,268,359,68,122,11,0,109,207,52,18,1,0,159,152,16,104,10,0,0,0,사당로30길
2015,1,A,골목상권,1000754,2016,940,1076,125,358,543,435,425,130,72,179,281,188,179,41,53,179,262,247,246,89,0,0,0,사당로2차길
2015,1,A,골목상권,1000753,4615,2281,2334,167,969,1062,978,983,456,144,483,531,490,490,143,23,486,531,488,493,313,0,0,0,사당로29길
2015,1,A,골목상권,1000752,2088,1013,1075,6,668,900,172,287,55,4,290,525,118,62,14,2,378,375,54,225,41,0,0,0,사당로26길
2015,1,A,골목상권,1000751,2206,1079,1127,100,457,508,461,462,218,70,228,254,231,230,66,30,229,254,230,232,152,0,0,0,사당로23나길
2015,1,A,골목상권,1000750,1833,896,937,122,351,423,363,368,206,74,175,211,182,181,73,48,176,212,181,187,133,0,0,0,사당로23길
2015,1,A,골목상권,1000749,1805,910,895,15,532,806,159,230,63,9,239,484,94,67,17,6,293,322,65,163,46,0,0,0,사당로20길
2015,1,A,골목상권,1000748,1596,850,746,31,204,872,197,234,58,20,102,529,99,85,15,11,102,343,98,149,43,0,0,0,사당로16길
2015,1,A,골목상권,1000747,1408,692,716,40,221,566,243,262,76,27,110,321,110,99,25,13,111,245,133,163,51,0,0,0,사당로16가길
2015,1,A,골목상권,1000746,4171,2056,2115,440,801,843,781,791,515,233,410,431,395,384,203,207,391,412,386,407,312,0,0,0,만양로8길
2015,1,A,골목상권,1000745,1571,771,800,104,335,344,327,330,131,53,171,173,164,164,46,51,164,171,163,166,85,0,0,0,만양로14길
2015,1,A,골목상권,1000744,2627,1278,1349,493,446,507,516,468,197,254,215,265,260,232,52,239,231,242,256,236,145,0,0,0,등용로14길
2015,1,A,골목상권,1000743,2367,1136,1231,22,741,992,202,332,78,12,313,576,140,70,25,10,428,416,62,262,53,0,0,0,동작대로7길
2015,1,A,골목상권,1000742,2898,1499,1399,39,546,943,406,860,104,24,271,471,275,426,32,15,275,472,131,434,72,0,0,0,동작대로35길
2015,1,A,골목상권,1000741,3182,1636,1546,66,609,986,462,914,145,39,303,493,304,454,43,27,306,493,158,460,102,0,0,0,동작대로33길
2015,1,A,골목상권,1000740,785,386,399,96,124,187,112,153,113,50,59,93,61,73,50,46,65,94,51,80,63,0,0,0,동작대로29길
2015,1,A,골목상권,1000739,1313,653,660,9,433,592,93,154,32,5,190,354,63,32,9,4,243,238,30,122,23,0,0,0,동작대로17길
2015,1,A,골목상권,1000738,4020,1918,2102,791,702,762,789,708,268,403,339,381,389,347,59,388,363,381,400,361,209,0,0,0,대방동2길
2015,1,A,골목상권,1000737,4745,2267,2478,983,824,858,877,824,379,495,406,429,437,409,91,488,418,429,440,415,288,0,0,0,대방동27길
2015,1,A,골목상권,1000736,1584,893,691,127,270,450,313,344,80,66,143,319,183,162,20,61,127,131,130,182,60,0,0,0,노량진로6길
2015,1,A,골목상권,1000735,3050,1396,1654,125,636,984,643,489,173,64,317,492,319,165,39,61,319,492,324,324,134,0,0,0,국사봉길
2015,1,A,골목상권,1000734,1651,768,883,208,306,390,379,304,64,118,125,195,190,122,18,90,181,195,189,182,46,0,0,0,국사봉2길
2015,1,A,골목상권,1000733,2505,1153,1352,94,528,792,533,409,149,48,263,397,267,142,36,46,265,395,266,267,113,0,0,0,국사봉1길
2015,1,A,골목상권,1000732,2054,1055,999,140,317,558,441,439,159,86,160,284,226,224,75,54,157,274,215,215,84,0,0,0,영신로9길
2015,1,A,골목상권,1000731,1028,525,503,61,220,258,224,222,43,29,111,146,112,110,17,32,109,112,112,112,26,0,0,0,영등포로84길
2015,1,A,골목상권,1000730,1497,788,709,23,334,420,336,336,48,15,167,252,168,168,18,8,167,168,168,168,30,0,0,0,영등포로80길
2015,1,A,골목상권,1000729,1281,654,627,71,199,315,306,307,83,44,104,159,156,155,36,27,95,156,150,152,47,0,0,0,영등포로62길
2015,1,A,골목상권,1000728,894,554,340,48,183,202,140,197,124,25,90,126,99,141,73,23,93,76,41,56,51,0,0,0,영등포로35길
2015,1,A,골목상권,1000727,2100,1023,1077,122,378,502,401,380,317,38,189,251,212,190,143,84,189,251,189,190,174,0,0,0,영등포로27길
2015,1,A,골목상권,1000726,2353,1153,1200,140,418,596,452,420,327,52,209,298,243,210,141,88,209,298,209,210,186,0,0,0,영등포로25길
2015,1,A,골목상권,1000725,2186,1130,1056,164,438,525,457,445,157,85,221,304,231,222,67,79,217,221,226,223,90,0,0,0,여의대방로61길
2015,1,A,골목상권,1000724,2250,1126,1124,350,397,439,448,410,206,169,204,230,225,207,91,181,193,209,223,203,115,0,0,0,여의대방로43나길
2015,1,A,골목상권,1000723,746,364,382,101,154,158,160,156,17,41,78,80,80,78,7,60,76,78,80,78,10,0,0,0,여의대방로39길
2015,1,A,골목상권,1000722,1636,828,808,159,323,359,363,383,49,64,166,193,194,191,20,95,157,166,169,192,29,0,0,0,여의대방로35길
2015,1,A,골목상권,1000721,2804,1416,1388,545,431,624,532,398,274,285,202,318,284,202,125,260,229,306,248,196,149,0,0,0,양평로28길
2015,1,A,골목상권,1000720,945,473,472,190,140,211,185,124,95,96,64,107,101,63,42,94,76,104,84,61,53,0,0,0,양평로22라길
2015,1,A,골목상권,1000719,3039,1528,1511,575,463,679,573,414,335,296,213,345,310,210,154,279,250,334,263,204,181,0,0,0,양평로19길
2015,1,A,골목상권,1000718,2340,1201,1139,79,382,615,580,580,104,55,191,317,298,298,42,24,191,298,282,282,62,0,0,0,신길로60길
2015,1,A,골목상권,1000717,2011,1110,901,87,215,217,579,755,158,64,108,111,464,291,72,23,107,106,115,464,86,0,0,0,신길로42길
2015,1,A,골목상권,1000716,3648,1926,1722,164,689,847,806,853,289,99,346,502,453,402,124,65,343,345,353,451,165,0,0,0,신길로42가길
2015,1,A,골목상권,1000715,470,264,206,5,30,77,194,156,8,5,21,40,116,78,4,0,9,37,78,78,4,0,0,0,신길로39길
2015,1,A,골목상권,1000714,1642,814,828,35,88,159,694,625,41,21,52,107,398,227,9,14,36,52,296,398,32,0,0,0,신길로17길
2015,1,A,골목상권,1000713,1190,598,592,172,163,351,200,168,136,95,81,180,108,77,57,77,82,171,92,91,79,0,0,0,선유서로28길
2015,1,A,골목상권,1000712,2775,1396,1379,434,367,800,433,357,384,228,182,410,245,161,170,206,185,390,188,196,214,0,0,0,선유서로25길
2015,1,A,골목상권,1000711,874,442,432,88,98,367,155,98,68,46,49,184,97,40,26,42,49,183,58,58,42,0,0,0,선유서로24길
2015,1,A,골목상권,1000710,2953,1479,1474,586,459,678,577,419,234,303,207,347,312,213,97,283,252,331,265,206,137,0,0,0,선유로55길
2015,1,A,골목상권,1000709,581,363,218,9,32,104,176,248,12,8,16,88,160,88,3,1,16,16,16,160,9,0,0,0,디지털로74길
2015,1,A,골목상권,1000708,424,206,218,12,44,82,132,116,38,7,22,50,66,49,12,5,22,32,66,67,26,0,0,0,디지털로57길
2015,1,A,골목상권,1000707,448,216,232,4,54,91,140,125,34,4,27,54,70,54,7,0,27,37,70,71,27,0,0,0,디지털로37길
2015,1,A,골목상권,1000706,734,387,347,10,160,209,164,164,27,6,80,127,82,82,10,4,80,82,82,82,17,0,0,0,도신로62길
2015,1,A,골목상권,1000705,538,286,252,2,124,158,124,124,6,2,62,96,62,62,2,0,62,62,62,62,4,0,0,0,도신로60길
2015,1,A,골목상권,1000704,1530,771,759,52,233,464,344,345,92,27,119,236,173,173,43,25,114,228,171,172,49,0,0,0,도신로29길
2015,1,A,골목상권,1000703,2188,1106,1082,67,401,547,494,493,186,36,209,280,248,247,86,31,192,267,246,246,100,0,0,0,도신로15길
2015,1,A,골목상권,1000702,848,417,431,81,90,148,211,189,129,43,45,87,105,82,55,38,45,61,106,107,74,0,0,0,도림천로21길
2015,1,A,골목상권,1000701,473,221,252,21,38,58,180,150,26,7,28,30,90,60,6,14,10,28,90,90,20,0,0,0,도림로63길
2015,1,A,골목상권,1000700,804,275,529,102,69,381,111,109,32,58,29,62,61,49,16,44,40,319,50,60,16,0,0,0,도림로147길
2015,1,A,골목상권,1000699,3259,1634,1625,68,519,876,824,824,148,39,260,445,412,412,66,29,259,431,412,412,82,0,0,0,도림로112길
2015,1,A,골목상권,1000698,1931,1078,853,104,249,368,482,585,143,78,125,243,340,242,50,26,124,125,142,343,93,0,0,0,대림로8길
2015,1,A,골목상권,1000697,262,128,134,1,20,45,100,83,13,1,10,32,50,32,3,0,10,13,50,51,10,0,0,0,대림로7길
2015,1,A,골목상권,1000696,1813,938,875,76,402,469,404,404,58,44,201,265,202,202,24,32,201,204,202,202,34,0,0,0,대림로44길
2015,1,A,골목상권,1000695,2156,1104,1052,123,443,529,473,476,112,64,223,292,237,239,49,59,220,237,236,237,63,0,0,0,대림로34길
2015,1,A,골목상권,1000694,2490,1275,1215,205,459,557,547,526,196,111,230,294,285,263,92,94,229,263,262,263,104,0,0,0,대림로31길
2015,1,A,골목상권,1000693,2443,1262,1181,164,512,587,520,520,140,88,257,329,260,260,68,76,255,258,260,260,72,0,0,0,대림로29길
2015,1,A,골목상권,1000692,2022,1112,910,202,226,340,448,546,260,117,115,226,316,226,112,85,111,114,132,320,148,0,0,0,대림로22길
2015,1,A,골목상권,1000691,3468,1664,1804,376,768,827,637,637,223,190,337,413,319,299,106,186,431,414,318,338,117,0,0,0,당산로46길
2015,1,A,골목상권,1000690,2298,1095,1203,386,451,514,347,345,255,195,191,254,173,164,118,191,260,260,174,181,137,0,0,0,당산로38길
2015,1,A,골목상권,1000689,1145,551,594,166,229,259,186,183,122,84,103,128,94,87,55,82,126,131,92,96,67,0,0,0,당산로37길
2015,1,A,골목상권,1000688,799,393,406,53,146,185,156,148,111,20,73,95,83,74,48,33,73,90,73,74,63,0,0,0,당산로31길
2015,1,A,골목상권,1000687,1736,1032,704,132,317,357,277,353,300,72,154,212,187,232,175,60,163,145,90,121,125,0,0,0,국회대로56길
2015,1,A,골목상권,1000686,268,127,141,53,32,70,47,46,20,30,15,26,25,22,9,23,17,44,22,24,11,0,0,0,경인로90길
2015,1,A,골목상권,1000685,446,190,256,60,44,149,77,74,42,33,17,46,44,32,18,27,27,103,33,42,24,0,0,0,경인로80길
2015,1,A,골목상권,1000684,877,392,485,145,92,286,152,137,65,80,40,94,84,62,32,65,52,192,68,75,33,0,0,0,경인로77길
2015,1,A,골목상권,1000683,589,331,258,8,39,92,245,194,11,7,28,46,148,97,5,1,11,46,97,97,6,0,0,0,가마산로61길
2015,1,A,골목상권,1000682,3000,1553,1447,135,255,535,1133,846,96,83,143,423,433,423,48,52,112,112,700,423,48,0,0,0,시흥대로94길
2015,1,A,골목상권,1000681,5105,2695,2410,204,424,1104,1716,1490,167,129,235,745,760,745,81,75,189,359,956,745,86,0,0,0,시흥대로84길
2015,1,A,골목상권,1000680,2430,1309,1121,58,159,619,770,770,54,46,82,385,386,385,25,12,77,234,384,385,29,0,0,0,시흥대로68길
2015,1,A,골목상권,1000679,1094,559,535,152,145,211,217,217,152,84,78,115,109,105,68,68,67,96,108,112,84,0,0,0,시흥대로63길
2015,1,A,골목상권,1000678,3718,2014,1704,52,160,977,1248,1248,33,45,82,624,624,624,15,7,78,353,624,624,18,0,0,0,시흥대로62가길
2015,1,A,골목상권,1000677,1786,913,873,246,263,307,321,345,304,121,145,162,162,171,152,125,118,145,159,174,152,0,0,0,시흥대로36길
2015,1,A,골목상권,1000676,2738,1394,1344,392,404,463,472,510,497,199,219,237,244,253,242,193,185,226,228,257,255,0,0,0,시흥대로22길
2015,1,A,골목상권,1000675,1726,1024,702,127,387,420,274,312,206,66,225,278,164,178,113,61,162,142,110,134,93,0,0,0,시흥대로153길
2015,1,A,골목상권,1000674,3453,1984,1469,157,547,720,917,924,188,86,435,448,459,465,91,71,112,272,458,459,97,0,0,0,시흥대로150길
2015,1,A,골목상권,1000673,3990,2205,1785,515,699,980,672,589,535,280,420,586,392,300,227,235,279,394,280,289,308,0,0,0,시흥대로141길
2015,1,A,골목상권,1000672,774,455,319,19,128,171,216,216,24,11,108,108,108,108,12,8,20,63,108,108,12,0,0,0,시흥대로138길
2015,1,A,골목상권,1000671,3040,1615,1425,202,381,563,1043,728,123,123,191,363,522,364,52,79,190,200,521,364,71,0,0,0,시흥대로120길
2015,1,A,골목상권,1000670,853,632,221,14,281,295,82,140,41,9,194,251,58,97,23,5,87,44,24,43,18,0,0,0,벚꽃로56길
2015,1,A,골목상권,1000669,1418,778,640,181,251,336,241,219,190,99,147,197,137,112,86,82,104,139,104,107,104,0,0,0,범안로17길
2015,1,A,골목상권,1000668,787,424,363,115,133,172,127,120,120,65,75,101,69,62,52,50,58,71,58,58,68,0,0,0,범안로11길
2015,1,A,골목상권,1000667,3777,2151,1626,163,631,797,992,1006,188,88,477,487,496,510,93,75,154,310,496,496,95,0,0,0,문성로5길
2015,1,A,골목상권,1000666,700,396,304,28,114,147,188,189,34,14,86,90,94,95,17,14,28,57,94,94,17,0,0,0,독산로85길
2015,1,A,골목상권,1000665,2718,1471,1247,140,265,475,1070,678,90,86,133,337,536,340,39,54,132,138,534,338,51,0,0,0,독산로78다길
2015,1,A,골목상권,1000664,1990,1087,903,60,167,347,862,530,24,43,85,265,422,265,7,17,82,82,440,265,17,0,0,0,독산로70길
2015,1,A,골목상권,1000663,1587,810,777,54,102,279,646,466,40,32,56,233,236,233,20,22,46,46,410,233,20,0,0,0,독산로64길
2015,1,A,골목상권,1000662,1298,655,643,207,196,215,248,244,188,105,102,113,126,122,87,102,94,102,122,122,101,0,0,0,독산로50길
2015,1,A,골목상권,1000661,768,400,368,77,103,141,191,190,66,39,52,89,96,95,29,38,51,52,95,95,37,0,0,0,독산로40길
2015,1,A,골목상권,1000660,1929,1104,825,76,318,408,516,519,92,42,246,252,258,261,45,34,72,156,258,258,47,0,0,0,독산로108길
2015,1,A,골목상권,1000659,1773,1090,683,100,424,462,284,327,176,52,254,314,180,189,101,48,170,148,104,138,75,0,0,0,남부순환로112길
2015,1,A,골목상권,1000658,4011,1994,2017,132,221,588,1664,1306,100,68,115,473,832,477,29,64,106,115,832,829,71,0,0,0,금하로24길
2015,1,A,골목상권,1000657,1962,1132,830,101,386,600,422,351,102,56,255,348,252,177,44,45,131,252,170,174,58,0,0,0,금하로1길
2015,1,A,골목상권,1000656,2057,1100,957,74,160,512,624,624,63,51,84,313,314,312,26,23,76,199,310,312,37,0,0,0,금하로14길
2015,1,A,골목상권,1000655,1659,1031,628,112,379,435,259,309,165,58,226,301,173,188,85,54,153,134,86,121,80,0,0,0,가산로5길
2015,1,A,골목상권,1000654,1003,551,452,111,190,243,175,167,117,60,107,144,102,87,51,51,83,99,73,80,66,0,0,0,가산로3길
2015,1,A,골목상권,1000653,833,419,414,162,113,132,140,143,143,85,59,69,70,70,66,77,54,63,70,73,77,0,0,0,중앙로1길
2015,1,A,골목상권,1000652,1147,609,538,179,150,229,250,225,114,108,87,114,133,113,54,71,63,115,117,112,60,0,0,0,중앙로15길
2015,1,A,골목상권,1000651,1150,695,455,0,29,226,415,428,52,0,26,200,215,228,26,0,3,26,200,200,26,0,0,0,우마길
2015,1,A,골목상권,1000650,2914,1536,1378,587,226,920,602,338,241,359,124,460,315,168,110,228,102,460,287,170,131,0,0,0,오류로8길
2015,1,A,골목상권,1000649,1426,724,702,330,203,326,254,216,97,169,108,162,127,108,50,161,95,164,127,108,47,0,0,0,신도림로13길
2015,1,A,골목상권,1000648,2715,1348,1367,314,510,595,510,496,290,162,243,300,261,245,137,152,267,295,249,251,153,0,0,0,새말로18길
2015,1,A,골목상권,1000647,635,320,315,124,89,121,114,114,73,68,45,62,57,56,32,56,44,59,57,58,41,0,0,0,부일로1길
2015,1,A,골목상권,1000646,1090,556,534,210,154,226,184,182,134,118,79,120,92,88,59,92,75,106,92,94,75,0,0,0,부일로15길
2015,1,A,골목상권,1000645,1417,717,700,308,194,263,229,228,195,170,99,136,113,110,89,138,95,127,116,118,106,0,0,0,부일로11길
2015,1,A,골목상권,1000644,2400,1233,1167,336,477,700,335,267,285,178,225,389,187,123,131,158,252,311,148,144,154,0,0,0,디지털로32길
2015,1,A,골목상권,1000643,3748,1927,1821,540,734,1093,520,417,444,283,343,616,292,191,202,257,391,477,228,226,242,0,0,0,디지털로32가길
2015,1,A,골목상권,1000642,962,565,397,0,56,228,322,319,37,0,34,186,166,160,19,0,22,42,156,159,18,0,0,0,디지털로27길
2015,1,A,골목상권,1000641,1369,742,627,60,237,439,301,265,67,32,113,267,172,132,26,28,124,172,129,133,41,0,0,0,도림로6길
2015,1,A,골목상권,1000640,1378,709,669,77,346,553,219,142,41,40,156,305,140,60,8,37,190,248,79,82,33,0,0,0,도림로12길
2015,1,A,골목상권,1000639,1259,629,630,227,165,247,179,210,231,118,83,127,92,96,113,109,82,120,87,114,118,0,0,0,남부순환로97길
2015,1,A,골목상권,1000638,2893,1441,1452,296,403,724,561,513,396,169,199,389,290,237,157,127,204,335,271,276,239,0,0,0,구로중앙로8길
2015,1,A,골목상권,1000637,803,400,403,47,117,227,172,157,83,31,59,123,87,72,28,16,58,104,85,85,55,0,0,0,구로중앙로7길
2015,1,A,골목상권,1000636,1890,952,938,398,246,494,350,268,134,204,128,246,175,132,67,194,118,248,175,136,67,0,0,0,구로중앙로42길
2015,1,A,골목상권,1000635,1805,901,904,75,408,430,417,404,71,38,203,215,209,201,35,37,205,215,208,203,36,0,0,0,구로중앙로34길
2015,1,A,골목상권,1000634,3832,1911,1921,328,795,861,791,771,286,166,387,432,399,382,145,162,408,429,392,389,141,0,0,0,구로중앙로28길
2015,1,A,골목상권,1000633,1059,505,554,6,240,243,248,247,75,3,120,123,126,124,9,3,120,120,122,123,66,0,0,0,구로중앙로19길
2015,1,A,골목상권,1000632,4615,2423,2192,249,663,1473,866,806,558,171,341,835,446,386,244,78,322,638,420,420,314,0,0,0,구로동로8길
2015,1,A,골목상권,1000631,2739,1558,1181,32,267,544,852,827,217,18,152,392,470,433,93,14,115,152,382,394,124,0,0,0,구로동로7길
2015,1,A,골목상권,1000630,2916,1415,1501,104,598,613,626,626,349,53,299,312,322,313,116,51,299,301,304,313,233,0,0,0,구로동로42길
2015,1,A,골목상권,1000629,1758,853,905,28,381,395,404,404,146,16,191,202,210,202,32,12,190,193,194,202,114,0,0,0,구로동로41길
2015,1,A,골목상권,1000628,2043,998,1045,52,429,448,466,464,184,29,215,231,246,232,45,23,214,217,220,232,139,0,0,0,구로동로38길
2015,1,A,골목상권,1000627,1341,670,671,84,239,305,281,275,157,48,121,163,149,136,53,36,118,142,132,139,104,0,0,0,구로동로28길
2015,1,A,골목상권,1000626,1038,510,528,18,220,229,238,238,95,10,110,119,128,119,24,8,110,110,110,119,71,0,0,0,구로동로15길
2015,1,A,골목상권,1000625,972,484,488,116,182,210,183,175,106,61,87,106,93,86,51,55,95,104,90,89,55,0,0,0,공원로6가길
2015,1,A,골목상권,1000624,3016,1526,1490,479,420,546,590,568,413,253,216,281,301,276,199,226,204,265,289,292,214,0,0,0,고척로52길
2015,1,A,골목상권,1000623,5032,2785,2247,543,500,1276,1314,1270,129,405,374,638,676,635,57,138,126,638,638,635,72,0,0,0,고척로27다길
2015,1,A,골목상권,1000622,2427,1224,1203,107,121,695,696,696,112,57,63,348,348,348,60,50,58,347,348,348,52,0,0,0,고척로27길
2015,1,A,골목상권,1000621,2570,1304,1266,77,137,752,752,752,100,48,73,376,376,376,55,29,64,376,376,376,45,0,0,0,고척로21나길
2015,1,A,골목상권,1000620,916,459,457,142,141,159,170,177,127,73,72,84,85,85,60,69,69,75,85,92,67,0,0,0,경인로47길
2015,1,A,골목상권,1000619,3421,1812,1609,186,194,986,1001,988,66,142,141,494,509,494,32,44,53,492,492,494,34,0,0,0,경인로35길
2015,1,A,골목상권,1000618,1781,903,878,28,52,556,558,556,31,21,30,278,280,278,16,7,22,278,278,278,15,0,0,0,경인로31길
2015,1,A,골목상권,1000617,4723,2308,2415,227,991,1150,944,978,433,102,516,601,473,484,132,125,475,549,471,494,301,0,0,0,경인로15길
2015,1,A,골목상권,1000616,2498,1269,1229,305,283,570,562,563,215,166,148,288,281,280,106,139,135,282,281,283,109,0,0,0,개봉로3길
2015,1,A,골목상권,1000615,2219,1130,1089,196,265,554,506,520,178,115,134,285,253,253,90,81,131,269,253,267,88,0,0,0,개봉로2길
2015,1,A,골목상권,1000614,848,424,424,154,111,142,143,146,152,79,58,73,73,72,69,75,53,69,70,74,83,0,0,0,개봉로23가길
2015,1,A,골목상권,1000613,3246,1616,1630,583,433,643,467,543,577,303,218,328,240,246,281,280,215,315,227,297,296,0,0,0,개봉로20길
2015,1,A,골목상권,1000612,2149,1093,1056,227,187,531,517,513,174,125,105,270,259,250,84,102,82,261,258,263,90,0,0,0,개봉로1길
2015,1,A,골목상권,1000611,4469,2306,2163,561,796,892,806,841,573,353,402,448,404,404,295,208,394,444,402,437,278,0,0,0,개봉로17다길
2015,1,A,골목상권,1000610,6943,3560,3383,1007,1184,1352,1196,1260,944,603,595,680,599,602,481,404,589,672,597,658,463,0,0,0,개봉로17길
2015,1,A,골목상권,1000609,4820,2434,2386,608,494,1119,1110,1104,385,318,258,564,555,548,191,290,236,555,555,556,194,0,0,0,개봉로11길
2015,1,A,골목상권,1000608,4210,2059,2151,766,810,971,690,641,332,426,330,494,338,324,147,340,480,477,352,317,185,0,0,0,화곡로64길
2015,1,A,골목상권,1000607,1981,992,989,288,329,415,340,369,240,166,160,218,169,165,114,122,169,197,171,204,126,0,0,0,화곡로59길
2015,1,A,골목상권,1000606,2496,1246,1250,417,410,570,444,442,213,232,199,299,220,201,95,185,211,271,224,241,118,0,0,0,화곡로44나길
2015,1,A,골목상권,1000605,7943,3948,3995,2147,1184,1282,1461,1214,655,1088,592,612,726,602,328,1059,592,670,735,612,327,0,0,0,화곡로31길
2015,1,A,골목상권,1000604,2187,1110,1077,271,417,499,436,437,127,144,210,260,219,213,64,127,207,239,217,224,63,0,0,0,화곡로20길
2015,1,A,골목상권,1000603,3214,1621,1593,514,576,584,592,609,339,271,288,291,292,298,181,243,288,293,300,311,158,0,0,0,화곡로13길
2015,1,A,골목상권,1000602,3684,1932,1752,191,705,898,885,896,109,99,435,449,446,448,55,92,270,449,439,448,54,0,0,0,초원로16길
2015,1,A,골목상권,1000601,4299,2065,2234,725,710,1057,858,732,217,373,355,539,418,320,60,352,355,518,440,412,157,0,0,0,초록마을로8길
2015,1,A,골목상권,1000600,2594,1255,1339,486,378,609,455,385,281,243,188,315,227,169,113,243,190,294,228,216,168,0,0,0,초록마을로3길
2015,1,A,골목상권,1000599,1088,546,542,120,183,286,167,197,135,61,91,153,88,89,64,59,92,133,79,108,71,0,0,0,월정로20길
2015,1,A,골목상권,1000598,6059,2976,3083,1524,840,984,1154,922,635,768,418,466,571,450,303,756,422,518,583,472,332,0,0,0,우장산로6길
2015,1,A,골목상권,1000597,2462,1229,1233,642,311,432,490,367,220,336,151,210,246,183,103,306,160,222,244,184,117,0,0,0,양천로73가길
2015,1,A,골목상권,1000596,4332,2129,2203,1069,539,762,857,628,477,550,264,365,423,313,214,519,275,397,434,315,263,0,0,0,양천로71길
2015,1,A,골목상권,1000595,1346,676,670,255,181,285,260,260,105,133,94,143,118,138,50,122,87,142,142,122,55,0,0,0,양천로49길
2015,1,A,골목상권,1000594,1488,742,746,285,202,262,248,253,238,148,102,130,125,125,112,137,100,132,123,128,126,0,0,0,양천로26길
2015,1,A,골목상권,1000593,3830,1955,1875,509,616,785,767,773,380,261,354,392,386,383,179,248,262,393,381,390,201,0,0,0,양천로24길
2015,1,A,골목상권,1000592,2498,1271,1227,401,393,480,466,474,284,209,213,239,236,236,138,192,180,241,230,238,146,0,0,0,양천로24가길
2015,1,A,골목상권,1000591,3719,1870,1849,489,597,669,629,709,626,265,297,355,336,346,271,224,300,314,293,363,355,0,0,0,양천로14길
2015,1,A,골목상권,1000590,4118,1973,2145,470,790,816,801,812,429,236,395,410,406,406,120,234,395,406,395,406,309,0,0,0,방화대로6라길
2015,1,A,골목상권,1000589,2026,1049,977,79,360,540,444,523,80,40,185,278,258,262,26,39,175,262,186,261,54,0,0,0,방화대로21길
2015,1,A,골목상권,1000588,1423,706,717,168,183,329,311,289,143,99,92,168,155,127,65,69,91,161,156,162,78,0,0,0,등촌로5길
2015,1,A,골목상권,1000587,2977,1547,1430,415,573,587,579,601,222,262,290,302,288,291,114,153,283,285,291,310,108,0,0,0,등촌로55길
2015,1,A,골목상권,1000586,2212,1142,1070,305,414,442,419,453,179,190,211,234,206,211,90,115,203,208,213,242,89,0,0,0,등촌로51길
2015,1,A,골목상권,1000585,2964,1552,1412,399,573,610,580,615,187,261,290,321,287,290,103,138,283,289,293,325,84,0,0,0,등촌로39길
2015,1,A,골목상권,1000584,3407,1677,1730,236,428,896,874,775,198,158,214,457,436,325,87,78,214,439,438,450,111,0,0,0,등촌로13길
2015,1,A,골목상권,1000583,3520,1817,1703,153,616,933,750,901,167,81,300,479,446,456,55,72,316,454,304,445,112,0,0,0,남부순환로11길
2015,1,A,골목상권,1000582,3761,1833,1928,729,617,865,699,623,228,372,307,446,348,287,73,357,310,419,351,336,155,0,0,0,까치산로4길
2015,1,A,골목상권,1000581,2029,986,1043,193,275,517,474,419,151,111,136,261,233,180,65,82,139,256,241,239,86,0,0,0,국회대로7길
2015,1,A,골목상권,1000580,3105,1623,1482,80,537,882,673,814,119,40,260,474,403,410,36,40,277,408,270,404,83,0,0,0,공항대로8길
2015,1,A,골목상권,1000579,3085,1520,1565,733,439,596,603,462,252,383,206,288,297,231,115,350,233,308,306,231,137,0,0,0,공항대로61길
2015,1,A,골목상권,1000578,3875,1914,1961,1018,504,684,777,572,320,525,247,323,385,286,148,493,257,361,392,286,172,0,0,0,공항대로59다길
2015,1,A,골목상권,1000577,2966,1451,1515,541,557,679,480,442,267,294,227,353,237,222,118,247,330,326,243,220,149,0,0,0,공항대로59길
2015,1,A,골목상권,1000576,2753,1355,1398,478,547,661,469,444,154,275,224,338,230,223,65,203,323,323,239,221,89,0,0,0,공항대로55길
2015,1,A,골목상권,1000575,1345,661,684,354,184,217,248,201,141,178,92,102,122,98,69,176,92,115,126,103,72,0,0,0,공항대로42길
2015,1,A,골목상권,1000574,302,150,152,80,44,46,57,44,31,41,22,22,27,22,16,39,22,24,30,22,15,0,0,0,공항대로38길
2015,1,A,골목상권,1000573,1803,877,926,94,194,509,495,423,88,67,97,260,249,171,33,27,97,249,246,252,55,0,0,0,곰달래로60길
2015,1,A,골목상권,1000572,3335,1627,1708,277,393,862,830,728,245,169,195,440,414,302,107,108,198,422,416,426,138,0,0,0,곰달래로53길
2015,1,A,골목상권,1000571,3033,1481,1552,325,451,765,694,619,179,179,226,386,339,274,77,146,225,379,355,345,102,0,0,0,곰달래로47길
2015,1,A,골목상권,1000570,2546,1236,1310,393,411,581,487,438,236,201,205,294,235,202,99,192,206,287,252,236,137,0,0,0,곰달래로31길
2015,1,A,골목상권,1000569,2507,1203,1304,337,404,603,443,428,292,171,201,307,215,190,119,166,203,296,228,238,173,0,0,0,곰달래로25길
2015,1,A,골목상권,1000568,2308,1199,1109,208,425,474,397,510,294,127,212,260,219,252,129,81,213,214,178,258,165,0,0,0,개화동로25길
2015,1,A,골목상권,1000567,4375,2318,2057,263,868,951,807,1030,456,197,434,517,444,514,212,66,434,434,363,516,244,0,0,0,개화동로23길
2015,1,A,골목상권,1000566,2050,988,1062,227,309,572,384,352,206,116,155,289,184,150,94,111,154,283,200,202,112,0,0,0,강서로8길
2015,1,A,골목상권,1000565,2652,1277,1375,484,355,626,528,463,196,242,177,313,247,207,91,242,178,313,281,256,105,0,0,0,강서로5라길
2015,1,A,골목상권,1000564,1278,645,633,162,194,354,183,213,172,81,98,196,94,94,82,81,96,158,89,119,90,0,0,0,강서로5나길
2015,1,A,골목상권,1000563,1035,519,516,127,171,253,158,175,151,65,86,137,80,80,71,62,85,116,78,95,80,0,0,0,강서로5가길
2015,1,A,골목상권,1000562,3735,1772,1963,1084,469,638,869,534,141,515,233,277,431,257,59,569,236,361,438,277,82,0,0,0,강서로47라길
2015,1,A,골목상권,1000561,2738,1290,1448,753,332,454,638,371,190,359,166,200,312,179,74,394,166,254,326,192,116,0,0,0,강서로47길
2015,1,A,골목상권,1000560,3304,1638,1666,436,612,600,590,643,423,232,306,291,283,312,214,204,306,309,307,331,209,0,0,0,강서로45다길
2015,1,A,골목상권,1000559,856,415,441,150,135,149,171,151,100,75,68,70,82,75,45,75,67,79,89,76,55,0,0,0,강서로45길
2015,1,A,골목상권,1000558,6002,2999,3003,753,1140,1113,1111,1164,721,407,570,543,541,570,368,346,570,570,570,594,353,0,0,0,강서로35길
2015,1,A,골목상권,1000557,1779,890,889,145,330,439,317,348,200,73,167,228,164,162,96,72,163,211,153,186,104,0,0,0,강서로29길
2015,1,A,골목상권,1000556,6455,3111,3344,876,1042,1534,1169,1114,720,455,520,781,560,489,306,421,522,753,609,625,414,0,0,0,강서로18길
2015,1,A,골목상권,1000555,2888,1461,1427,222,532,714,512,562,346,112,269,380,264,262,174,110,263,334,248,300,172,0,0,0,강서로17가길
2015,1,A,골목상권,1000554,3811,1912,1899,205,737,1000,711,803,355,105,374,524,370,369,170,100,363,476,341,434,185,0,0,0,강서로15길
2015,1,A,골목상권,1000553,2671,1349,1322,142,522,659,518,547,283,72,263,351,262,261,140,70,259,308,256,286,143,0,0,0,가로공원로80길
2015,1,A,골목상권,1000552,3153,1601,1552,237,577,814,566,615,344,122,291,441,289,288,170,115,286,373,277,327,174,0,0,0,가로공원로76가길
2015,1,A,골목상권,1000551,1536,776,760,231,276,296,339,311,83,118,140,152,169,154,43,113,136,144,170,157,40,0,0,0,화곡로4길
2015,1,A,골목상권,1000550,2387,1203,1184,431,411,435,471,448,191,222,206,221,234,222,98,209,205,214,237,226,93,0,0,0,화곡로3길
2015,1,A,골목상권,1000549,3941,1989,1952,471,651,825,806,812,376,238,361,419,403,402,166,233,290,406,403,410,210,0,0,0,지양로7길
2015,1,A,골목상권,1000548,3503,1765,1738,655,532,626,592,604,494,332,280,322,298,299,234,323,252,304,294,305,260,0,0,0,중앙로55길
2015,1,A,골목상권,1000547,3820,1897,1923,846,540,637,591,611,595,412,278,329,298,298,282,434,262,308,293,313,313,0,0,0,중앙로51길
2015,1,A,골목상권,1000546,11478,6145,5333,3085,1967,2098,2144,2054,130,1970,985,1032,1072,1027,59,1115,982,1066,1072,1027,71,0,0,0,중앙로47길
2015,1,A,골목상권,1000545,5866,3086,2780,1580,956,1057,1100,1028,145,963,481,516,550,514,62,617,475,541,550,514,83,0,0,0,중앙로45길
2015,1,A,골목상권,1000544,400,200,200,105,33,30,182,40,10,75,16,14,68,20,7,30,17,16,114,20,3,0,0,0,중앙로36길
2015,1,A,골목상권,1000543,500,248,252,142,48,42,154,72,42,80,24,18,68,38,20,62,24,24,86,34,22,0,0,0,중앙로32길
2015,1,A,골목상권,1000542,4564,2425,2139,1180,734,857,892,826,75,744,372,413,446,413,37,436,362,444,446,413,38,0,0,0,중앙로25길
2015,1,A,골목상권,1000541,3515,1709,1806,226,702,787,715,727,358,117,350,401,357,357,127,109,352,386,358,370,231,0,0,0,은행정로7길
2015,1,A,골목상권,1000540,285,143,142,84,6,5,166,23,1,63,3,2,62,12,1,21,3,3,104,11,0,0,0,0,은행정로5길
2015,1,A,골목상권,1000539,2545,1268,1277,537,307,497,430,444,330,277,157,248,209,216,161,260,150,249,221,228,169,0,0,0,오목로5길
2015,1,A,골목상권,1000538,3486,1750,1736,737,440,681,577,590,461,384,228,340,282,290,226,353,212,341,295,300,235,0,0,0,오목로3길
2015,1,A,골목상권,1000537,4092,1985,2107,182,840,921,872,887,390,92,419,467,436,436,135,90,421,454,436,451,255,0,0,0,오목로30길
2015,1,A,골목상권,1000536,5206,2523,2683,234,1047,1244,1076,1121,484,123,522,644,538,538,158,111,525,600,538,583,326,0,0,0,오목로23길
2015,1,A,골목상권,1000535,772,392,380,125,108,126,152,158,103,65,54,69,77,78,49,60,54,57,75,80,54,0,0,0,신월로20길
2015,1,A,골목상권,1000534,5491,2743,2748,1109,681,1101,951,984,665,576,351,550,462,480,324,533,330,551,489,504,341,0,0,0,신월로15길
2015,1,A,골목상권,1000533,3709,1915,1794,905,603,553,780,650,218,495,302,270,368,338,142,410,301,283,412,312,76,0,0,0,신목로6길
2015,1,A,골목상권,1000532,2120,1076,1044,517,321,246,449,376,211,280,161,116,215,197,107,237,160,130,234,179,104,0,0,0,신목로5길
2015,1,A,골목상권,1000531,2526,1303,1223,609,396,333,523,444,221,337,198,161,251,232,124,272,198,172,272,212,97,0,0,0,신목로2길
2015,1,A,골목상권,1000530,1887,954,933,446,323,312,423,350,33,242,169,153,200,176,14,204,154,159,223,174,19,0,0,0,목동중앙서로8가길
2015,1,A,골목상권,1000529,4434,2226,2208,1030,761,752,1005,831,55,550,393,367,471,421,24,480,368,385,534,410,31,0,0,0,목동중앙서로7길
2015,1,A,골목상권,1000528,2528,1266,1262,241,540,553,544,556,94,152,270,279,270,274,21,89,270,274,274,282,73,0,0,0,목동중앙북로8길
2015,1,A,골목상권,1000527,3795,1893,1902,526,728,816,794,784,147,291,364,408,374,387,69,235,364,408,420,397,78,0,0,0,목동중앙북로16길
2015,1,A,골목상권,1000526,2290,1149,1141,397,419,417,500,442,115,223,215,208,238,220,45,174,204,209,262,222,70,0,0,0,목동중앙본로7길
2015,1,A,골목상권,1000525,2240,1125,1115,568,360,351,507,392,62,311,187,173,228,200,26,257,173,178,279,192,36,0,0,0,목동중앙로3길
2015,1,A,골목상권,1000524,1181,589,592,162,232,250,246,246,45,87,116,125,116,123,22,75,116,125,130,123,23,0,0,0,목동중앙로13나길
2015,1,A,골목상권,1000523,2298,1160,1138,414,421,420,515,448,80,238,216,208,244,224,30,176,205,212,271,224,50,0,0,0,목동중앙남로3가길
2015,1,A,골목상권,1000522,3063,1515,1548,276,563,652,595,605,372,145,280,329,298,297,166,131,283,323,297,308,206,0,0,0,목동로9길
2015,1,A,골목상권,1000521,2432,1191,1241,178,473,517,489,491,284,91,236,259,244,244,117,87,237,258,245,247,167,0,0,0,목동로19길
2015,1,A,골목상권,1000520,1159,587,572,290,177,155,245,198,94,158,88,72,115,102,52,132,89,83,130,96,42,0,0,0,목동동로8길
2015,1,A,골목상권,1000519,3267,1578,1689,873,460,443,786,520,185,444,226,199,345,272,92,429,234,244,441,248,93,0,0,0,목동동로12길
2015,1,A,골목상권,1000518,1322,629,693,264,188,177,331,215,147,136,98,88,146,108,53,128,90,89,185,107,94,0,0,0,목동남로4길
2015,1,A,골목상권,1000517,618,309,309,148,79,103,117,93,78,78,41,50,59,45,36,70,38,53,58,48,42,0,0,0,남부순환로88길
2015,1,A,골목상권,1000516,1395,723,672,198,192,208,306,320,171,102,96,125,154,160,86,96,96,83,152,160,85,0,0,0,남부순환로79길
2015,1,A,골목상권,1000515,4683,2368,2315,507,736,1019,1009,1012,400,253,412,517,505,501,180,254,324,502,504,511,220,0,0,0,남부순환로70길
2015,1,A,골목상권,1000514,1162,713,449,44,110,229,373,378,28,23,74,155,224,224,13,21,36,74,149,154,15,0,0,0,남부순환로58길
2015,1,A,골목상권,1000513,2086,1343,743,43,136,393,738,741,35,22,108,285,456,456,16,21,28,108,282,285,19,0,0,0,남부순환로40길
2015,1,A,골목상권,1000512,3990,2031,1959,642,746,776,844,798,184,336,374,398,422,398,103,306,372,378,422,400,81,0,0,0,남부순환로33길
2015,1,A,골목상권,1000511,3593,1882,1711,183,649,851,852,880,178,94,392,429,429,454,84,89,257,422,423,426,94,0,0,0,곰달래로5길
2015,1,A,골목상권,1000510,3253,1689,1564,269,566,703,710,734,271,139,324,358,358,379,131,130,242,345,352,355,140,0,0,0,곰달래로3길
2015,1,A,골목상권,1000509,3841,1995,1846,339,664,827,838,854,319,179,384,423,422,434,153,160,280,404,416,420,166,0,0,0,곰달래로2길
2015,1,A,골목상권,1000508,3743,1976,1767,221,668,871,882,904,197,117,400,447,446,468,98,104,268,424,436,436,99,0,0,0,곰달래로10길
2015,1,A,골목상권,1000507,2112,1398,714,18,108,389,791,791,15,10,94,295,496,496,7,8,14,94,295,295,8,0,0,0,가로공원로58길
2015,1,A,골목상권,1000506,2642,1270,1372,200,459,667,657,473,186,104,229,335,325,231,46,96,230,332,332,242,140,0,0,0,효창원로93길
2015,1,A,골목상권,1000505,613,286,327,100,62,164,150,80,57,50,31,71,76,39,19,50,31,93,74,41,38,0,0,0,토정로37길
2015,1,A,골목상권,1000504,1298,556,742,12,461,571,180,57,17,5,160,270,90,26,5,7,301,301,90,31,12,0,0,0,월드컵로8길
2015,1,A,골목상권,1000503,1864,961,903,133,436,657,354,215,69,90,214,331,212,86,28,43,222,326,142,129,41,0,0,0,월드컵로7길
2015,1,A,골목상권,1000502,3971,1897,2074,985,507,707,775,616,381,522,254,353,388,294,86,463,253,354,387,322,295,0,0,0,월드컵로36길
2015,1,A,골목상권,1000501,3002,1448,1554,497,448,655,631,543,228,269,200,322,320,247,90,228,248,333,311,296,138,0,0,0,월드컵로25길
2015,1,A,골목상권,1000500,1475,662,813,55,248,601,396,127,48,31,69,301,198,50,13,24,179,300,198,77,35,0,0,0,월드컵로19길
2015,1,A,골목상권,1000499,1732,752,980,35,542,662,291,168,34,16,197,309,142,76,12,19,345,353,149,92,22,0,0,0,월드컵로16길
2015,1,A,골목상권,1000498,2045,928,1117,117,358,705,511,260,94,64,116,354,256,104,34,53,242,351,255,156,60,0,0,0,월드컵로11길
2015,1,A,골목상권,1000497,1228,529,699,21,395,475,198,106,33,7,143,223,98,48,10,14,252,252,100,58,23,0,0,0,월드컵로10길
2015,1,A,골목상권,1000496,2105,958,1147,70,560,651,458,340,26,34,239,321,229,125,10,36,321,330,229,215,16,0,0,0,와우산로3길
2015,1,A,골목상권,1000495,774,334,440,20,256,311,105,49,33,9,90,146,51,23,15,11,166,165,54,26,18,0,0,0,와우산로29길
2015,1,A,골목상권,1000494,523,229,294,0,189,241,76,17,0,0,66,118,38,7,0,0,123,123,38,10,0,0,0,0,와우산로29가길
2015,1,A,골목상권,1000493,1104,568,536,52,262,460,219,90,21,36,129,232,128,34,9,16,133,228,91,56,12,0,0,0,양화진길
2015,1,A,골목상권,1000492,2522,1284,1238,221,575,771,496,352,107,148,283,390,278,139,46,73,292,381,218,213,61,0,0,0,양화로1길
2015,1,A,골목상권,1000491,519,215,304,2,182,217,77,38,3,0,63,98,38,16,0,2,119,119,39,22,3,0,0,0,양화로11길
2015,1,A,골목상권,1000490,130,66,64,0,16,52,34,28,0,0,6,26,20,14,0,0,10,26,14,14,0,0,0,0,신촌로30길
2015,1,A,골목상권,1000489,575,295,280,4,94,196,142,132,7,2,52,98,76,66,1,2,42,98,66,66,6,0,0,0,신촌로28가길
2015,1,A,골목상권,1000488,1199,525,674,24,388,480,178,117,12,8,144,236,89,44,4,16,244,244,89,73,8,0,0,0,신촌로12길
2015,1,A,골목상권,1000487,1129,582,547,32,200,336,380,143,38,16,86,222,190,54,14,16,114,114,190,89,24,0,0,0,숭문길
2015,1,A,골목상권,1000486,1173,622,551,80,151,293,391,164,94,41,75,202,196,70,38,39,76,91,195,94,56,0,0,0,숭문8길
2015,1,A,골목상권,1000485,1015,535,480,39,254,427,196,92,7,33,127,214,126,32,3,6,127,213,70,60,4,0,0,0,성지3길
2015,1,A,골목상권,1000484,2457,1114,1343,180,416,684,610,449,118,93,174,342,276,182,47,87,242,342,334,267,71,0,0,0,성산로4길
2015,1,A,골목상권,1000483,935,437,498,42,217,294,178,143,61,25,86,146,89,67,24,17,131,148,89,76,37,0,0,0,성미산로32길
2015,1,A,골목상권,1000482,2681,1213,1468,186,473,760,665,488,109,99,195,380,295,201,43,87,278,380,370,287,66,0,0,0,성미산로1길
2015,1,A,골목상권,1000481,2905,1292,1613,220,508,840,693,495,149,116,196,419,306,200,55,104,312,421,387,295,94,0,0,0,성미산로11길
2015,1,A,골목상권,1000480,725,343,382,39,234,191,105,108,48,19,99,106,53,45,21,20,135,85,52,63,27,0,0,0,백범로16길
2015,1,A,골목상권,1000479,4303,2042,2261,672,591,947,917,761,415,352,252,464,467,337,170,320,339,483,450,424,245,0,0,0,방울내로9안길
2015,1,A,골목상권,1000478,3340,1582,1758,881,452,568,614,514,311,455,226,284,307,251,59,426,226,284,307,263,252,0,0,0,모래내로7길
2015,1,A,골목상권,1000477,4500,2200,2300,1294,572,847,907,577,303,674,286,387,455,288,110,620,286,460,452,289,193,0,0,0,매봉산로2길
2015,1,A,골목상권,1000476,3434,1584,1850,213,622,1083,845,505,166,124,228,543,423,206,60,89,394,540,422,299,106,0,0,0,망원로2길
2015,1,A,골목상권,1000475,1510,708,802,161,214,390,378,314,53,92,82,194,190,132,18,69,132,196,188,182,35,0,0,0,망원로11길
2015,1,A,골목상권,1000474,2066,1010,1056,121,374,546,544,376,105,64,187,273,272,188,26,57,187,273,272,188,79,0,0,0,만리재옛길
2015,1,A,골목상권,1000473,1042,506,536,152,165,211,205,191,118,93,71,105,102,95,40,59,94,106,103,96,78,0,0,0,마포대로4길
2015,1,A,골목상권,1000472,998,484,514,68,177,254,254,178,67,34,88,127,127,89,19,34,89,127,127,89,48,0,0,0,마포대로20길
2015,1,A,골목상권,1000471,121,60,61,15,16,32,20,20,18,8,8,16,10,10,8,7,8,16,10,10,10,0,0,0,마포대로12길
2015,1,A,골목상권,1000470,921,380,541,9,279,476,106,36,15,5,67,234,53,16,5,4,212,242,53,20,10,0,0,0,동교로38길
2015,1,A,골목상권,1000469,1957,894,1063,54,496,755,380,193,79,29,191,370,190,85,29,25,305,385,190,108,50,0,0,0,동교로27길
2015,1,A,골목상권,1000468,1054,476,578,40,260,372,184,126,72,21,100,180,91,59,25,19,160,192,93,67,47,0,0,0,동교로25길
2015,1,A,골목상권,1000467,1670,744,926,112,399,525,302,205,127,56,153,249,142,88,56,56,246,276,160,117,71,0,0,0,동교로19길
2015,1,A,골목상권,1000466,1279,552,727,31,407,517,191,94,39,15,140,244,93,43,17,16,267,273,98,51,22,0,0,0,동교로17길
2015,1,A,골목상권,1000465,1386,702,684,119,311,452,265,167,72,75,152,228,150,69,28,44,159,224,115,98,44,0,0,0,독막로8길
2015,1,A,골목상권,1000464,2084,1077,1007,110,384,750,520,247,73,64,249,375,260,102,27,46,135,375,260,145,46,0,0,0,독막로32길
2015,1,A,골목상권,1000463,676,315,361,57,157,177,136,104,45,28,70,85,68,45,19,29,87,92,68,59,26,0,0,0,독막로22길
2015,1,A,골목상권,1000462,858,421,437,130,133,172,170,152,101,80,60,86,84,76,35,50,73,86,86,76,66,0,0,0,도화길
2015,1,A,골목상권,1000461,3826,1854,1972,654,535,721,679,614,623,358,245,356,334,303,258,296,290,365,345,311,365,0,0,0,도화4길
2015,1,A,골목상권,1000460,1391,709,682,20,224,413,482,235,17,10,107,260,241,88,3,10,117,153,241,147,14,0,0,0,대흥로28길
2015,1,A,골목상권,1000459,3450,1595,1855,6,1460,1059,399,508,18,3,596,587,205,199,5,3,864,472,194,309,13,0,0,0,대흥로21길
2015,1,A,골목상권,1000458,1366,679,687,115,283,363,298,217,90,71,153,183,151,91,30,44,130,180,147,126,60,0,0,0,광성로6길
2015,1,A,골목상권,1000457,2689,1239,1450,267,339,606,607,578,292,136,186,303,301,207,106,131,153,303,306,371,186,0,0,0,홍제내길
2015,1,A,골목상권,1000456,666,323,343,56,169,138,136,103,64,28,100,69,68,36,22,28,69,69,68,67,42,0,0,0,홍연길
2015,1,A,골목상권,1000455,1189,531,658,78,145,292,294,289,91,42,82,146,147,87,27,36,63,146,147,202,64,0,0,0,통일로39길
2015,1,A,골목상권,1000454,1190,552,638,120,157,262,264,251,136,63,84,131,132,98,44,57,73,131,132,153,92,0,0,0,통일로37길
2015,1,A,골목상권,1000453,83,41,42,6,4,20,34,16,3,4,2,10,17,8,0,2,2,10,17,8,3,0,0,0,통일로11길
2015,1,A,골목상권,1000452,245,127,118,35,33,42,45,44,46,18,16,24,25,24,20,17,17,18,20,20,26,0,0,0,충정로6길
2015,1,A,골목상권,1000451,25,15,10,2,4,6,6,6,1,1,2,4,4,4,0,1,2,2,2,2,1,0,0,0,충정로4길
2015,1,A,골목상권,1000450,2561,1214,1347,199,323,350,846,717,126,105,172,180,420,296,41,94,151,170,426,421,85,0,0,0,증가로6길
2015,1,A,골목상권,1000449,3221,1527,1694,229,359,676,1142,664,151,140,206,456,456,214,55,89,153,220,686,450,96,0,0,0,증가로23나길
2015,1,A,골목상권,1000448,2882,1408,1474,364,417,537,695,539,330,197,226,304,319,235,127,167,191,233,376,304,203,0,0,0,증가로20가길
2015,1,A,골목상권,1000447,2345,1134,1211,215,344,361,675,587,163,111,192,197,337,251,46,104,152,164,338,336,117,0,0,0,증가로10길
2015,1,A,골목상권,1000446,2301,1093,1208,208,282,476,692,453,190,111,153,295,295,170,69,97,129,181,397,283,121,0,0,0,응암로1길
2015,1,A,골목상권,1000445,1418,697,721,107,384,304,302,215,106,54,230,152,150,69,42,53,154,152,152,146,64,0,0,0,연희로10길
2015,1,A,골목상권,1000444,113,66,47,8,8,23,49,16,9,4,4,11,36,8,3,4,4,12,13,8,6,0,0,0,신촌로37길
2015,1,A,골목상권,1000443,8695,4229,4466,1797,1219,1741,1608,1405,925,908,599,865,820,651,386,889,620,876,788,754,539,0,0,0,수색로8길
2015,1,A,골목상권,1000442,1790,991,799,138,155,334,586,397,180,72,82,197,384,195,61,66,73,137,202,202,119,0,0,0,세무서길
2015,1,A,골목상권,1000441,2194,1111,1083,160,356,455,557,528,138,82,177,263,293,261,35,78,179,192,264,267,103,0,0,0,세무서2길
2015,1,A,골목상권,1000440,823,392,431,87,97,113,238,206,82,37,56,57,119,89,34,50,41,56,119,117,48,0,0,0,세검정로1길
2015,1,A,골목상권,1000439,853,447,406,62,86,209,284,148,64,34,46,102,175,72,18,28,40,107,109,76,46,0,0,0,북아현로4길
2015,1,A,골목상권,1000438,2034,1021,1013,305,275,315,435,374,330,154,160,171,217,176,143,151,115,144,218,198,187,0,0,0,모래내로15길
2015,1,A,골목상권,1000437,1271,631,640,113,205,220,347,304,82,57,120,122,173,134,25,56,85,98,174,170,57,0,0,0,명지대길
2015,1,A,골목상권,1000436,2414,1166,1248,444,281,413,478,375,423,233,140,206,243,185,159,211,141,207,235,190,264,0,0,0,독립문로8길
2015,1,A,골목상권,1000435,931,484,447,56,130,148,302,246,49,31,93,98,150,99,13,25,37,50,152,147,36,0,0,0,가재울로6길
2015,1,A,골목상권,1000434,2199,1054,1145,181,352,428,448,487,303,110,176,223,210,236,99,71,176,205,238,251,204,0,0,0,통일로92길
2015,1,A,골목상권,1000433,1436,745,691,79,199,336,411,342,69,43,136,205,205,137,19,36,63,131,206,205,50,0,0,0,통일로87길
2015,1,A,골목상권,1000432,1881,899,982,161,300,364,383,411,262,96,150,189,181,201,82,65,150,175,202,210,180,0,0,0,통일로78길
2015,1,A,골목상권,1000431,1342,597,745,78,226,333,320,285,100,36,93,168,155,122,23,42,133,165,165,163,77,0,0,0,통일로69길
2015,1,A,골목상권,1000430,3275,1526,1749,392,518,748,729,649,239,206,228,369,364,291,68,186,290,379,365,358,171,0,0,0,진흥로1길
2015,1,A,골목상권,1000429,3955,2023,1932,169,500,1222,1011,782,271,91,250,612,609,378,83,78,250,610,402,404,188,0,0,0,진흥로12길
2015,1,A,골목상권,1000428,1996,994,1002,190,198,469,469,469,201,100,107,235,235,233,84,90,91,234,234,236,117,0,0,0,증산서길
2015,1,A,골목상권,1000427,2425,1216,1209,254,301,531,530,528,281,138,164,269,266,262,117,116,137,262,264,266,164,0,0,0,증산로9길
2015,1,A,골목상권,1000426,1817,905,912,201,206,402,399,398,211,105,110,203,200,198,89,96,96,199,199,200,122,0,0,0,증산로5길
2015,1,A,골목상권,1000425,5269,2641,2628,662,958,1135,1006,1043,465,396,478,569,502,497,199,266,480,566,504,546,266,0,0,0,증산로21길
2015,1,A,골목상권,1000424,1156,590,566,96,118,232,326,326,58,57,70,116,163,163,21,39,48,116,163,163,37,0,0,0,증산로17길
2015,1,A,골목상권,1000423,1721,865,856,241,191,309,393,387,200,129,100,158,196,193,89,112,91,151,197,194,111,0,0,0,증산로15길
2015,1,A,골목상권,1000422,1556,783,773,113,151,387,398,399,108,61,87,194,199,197,45,52,64,193,199,202,63,0,0,0,증산로13길
2015,1,A,골목상권,1000421,5789,2864,2925,1061,792,1257,1087,875,717,600,398,628,544,432,262,461,394,629,543,443,455,0,0,0,응암로34길
2015,1,A,골목상권,1000420,3841,1880,1961,723,394,878,718,495,633,379,202,441,361,245,252,344,192,437,357,250,381,0,0,0,응암로22길
2015,1,A,골목상권,1000419,382,212,170,29,38,99,101,75,40,17,20,62,63,37,13,12,18,37,38,38,27,0,0,0,응암로14길
2015,1,A,골목상권,1000418,607,306,301,49,86,135,138,124,75,32,44,74,75,61,20,17,42,61,63,63,55,0,0,0,응암로13길
2015,1,A,골목상권,1000417,415,230,185,18,19,126,127,101,24,10,10,76,76,50,8,8,9,50,51,51,16,0,0,0,응암로12길
2015,1,A,골목상권,1000416,2405,1199,1206,397,398,493,476,444,197,240,195,247,239,216,62,157,203,246,237,228,135,0,0,0,은평로8길
2015,1,A,골목상권,1000415,2108,1027,1081,245,370,465,445,427,156,141,175,232,222,201,56,104,195,233,223,226,100,0,0,0,은평로3길
2015,1,A,골목상권,1000414,1820,913,907,288,298,426,378,319,111,176,146,213,189,155,34,112,152,213,189,164,77,0,0,0,은평로20길
2015,1,A,골목상권,1000413,2327,1157,1170,193,398,579,526,465,166,120,200,290,286,229,32,73,198,289,240,236,134,0,0,0,은평로13길
2015,1,A,골목상권,1000412,3307,1673,1634,526,592,702,674,629,184,331,294,351,336,307,54,195,298,351,338,322,130,0,0,0,은평로10길
2015,1,A,골목상권,1000411,2262,1050,1212,280,348,511,501,444,178,143,152,253,250,198,54,137,196,258,251,246,124,0,0,0,연서로5길
2015,1,A,골목상권,1000410,1122,540,582,111,164,209,225,243,170,62,82,110,105,118,63,49,82,99,120,125,107,0,0,0,연서로41길
2015,1,A,골목상권,1000409,3071,1420,1651,339,474,729,706,623,200,178,201,360,353,274,54,161,273,369,353,349,146,0,0,0,연서로3길
2015,1,A,골목상권,1000408,914,441,473,95,140,165,170,185,159,54,70,86,80,89,62,41,70,79,90,96,97,0,0,0,연서로34길
2015,1,A,골목상권,1000407,507,243,264,45,76,98,105,114,69,26,38,51,49,56,23,19,38,47,56,58,46,0,0,0,연서로33길
2015,1,A,골목상권,1000406,969,501,468,64,136,222,270,226,51,35,90,134,134,92,16,29,46,88,136,134,35,0,0,0,연서로29길
2015,1,A,골목상권,1000405,3519,1536,1983,126,528,959,935,796,175,42,193,480,462,324,35,84,335,479,473,472,140,0,0,0,연서로28길
2015,1,A,골목상권,1000404,2603,1252,1351,452,290,588,600,514,159,239,142,295,297,220,59,213,148,293,303,294,100,0,0,0,연서로27길
2015,1,A,골목상권,1000403,3479,1684,1795,577,455,784,800,709,154,309,221,394,400,316,44,268,234,390,400,393,110,0,0,0,연서로21길
2015,1,A,골목상권,1000402,1830,888,942,341,251,364,373,339,162,180,123,185,185,156,59,161,128,179,188,183,103,0,0,0,연서로17길
2015,1,A,골목상권,1000401,4090,1873,2217,420,593,1000,988,848,241,220,234,496,494,360,69,200,359,504,494,488,172,0,0,0,연서로16길
2015,1,A,골목상권,1000400,4379,2329,2050,672,691,795,883,847,491,333,378,400,443,443,332,339,313,395,440,404,159,0,0,0,연서로13길
2015,1,A,골목상권,1000399,3313,1678,1635,497,495,651,689,630,351,247,249,323,344,310,205,250,246,328,345,320,146,0,0,0,연서로11길
2015,1,A,골목상권,1000398,4461,1944,2517,166,641,1229,1199,1007,219,66,221,616,590,401,50,100,420,613,609,606,169,0,0,0,역말로9길
2015,1,A,골목상권,1000397,1057,528,529,65,142,219,247,253,131,38,76,124,125,127,38,27,66,95,122,126,93,0,0,0,수색로18길
2015,1,A,골목상권,1000396,2109,919,1190,82,324,580,545,471,107,28,120,290,267,193,21,54,204,290,278,278,86,0,0,0,서오릉로8길
2015,1,A,골목상권,1000395,3750,2002,1748,569,556,677,781,740,427,281,312,343,393,392,281,288,244,334,388,348,146,0,0,0,서오릉로21길
2015,1,A,골목상권,1000394,2260,1145,1115,190,375,481,483,430,301,130,192,267,267,214,75,60,183,214,216,216,226,0,0,0,불광천길
2015,1,A,골목상권,1000393,2430,1150,1280,277,355,565,551,489,193,147,154,280,275,217,77,130,201,285,276,272,116,0,0,0,갈현로7길
2015,1,A,골목상권,1000392,2357,1196,1161,181,368,516,608,530,154,99,222,300,300,230,45,82,146,216,308,300,109,0,0,0,갈현로41길
2015,1,A,골목상권,1000391,3345,1637,1708,480,443,709,758,673,282,257,231,373,375,295,106,223,212,336,383,378,176,0,0,0,갈현로33길
2015,1,A,골목상권,1000390,1883,935,948,212,334,442,360,390,145,129,166,222,178,175,65,83,168,220,182,215,80,0,0,0,갈현로1길
2015,1,A,골목상권,1000389,1185,625,560,92,115,298,305,254,121,53,60,172,172,124,44,39,55,126,133,130,77,0,0,0,가좌로7길
2015,1,A,골목상권,1000388,3245,1572,1673,606,450,504,623,576,486,304,236,256,303,285,188,302,214,248,320,291,298,0,0,0,한글비석로44길
2015,1,A,골목상권,1000387,1974,966,1008,347,290,327,368,352,290,176,149,165,182,175,119,171,141,162,186,177,171,0,0,0,한글비석로24길
2015,1,A,골목상권,1000386,1604,797,807,333,197,229,369,254,222,189,102,116,180,125,85,144,95,113,189,129,137,0,0,0,한글비석로22길
2015,1,A,골목상권,1000385,818,437,381,81,137,188,160,171,81,47,97,96,81,79,37,34,40,92,79,92,44,0,0,0,석계로1길
2015,1,A,골목상권,1000384,1834,906,928,314,311,286,353,348,222,159,156,145,173,172,101,155,155,141,180,176,121,0,0,0,상계로9가길
2015,1,A,골목상권,1000383,1036,515,521,195,166,138,191,192,154,99,83,70,93,95,75,96,83,68,98,97,79,0,0,0,상계로1길
2015,1,A,골목상권,1000382,2865,1429,1436,499,493,410,551,549,363,254,247,213,268,277,170,245,246,197,283,272,193,0,0,0,상계로12길
2015,1,A,골목상권,1000381,1827,906,921,337,277,283,348,349,233,178,141,137,170,172,108,159,136,146,178,177,125,0,0,0,동일로242길
2015,1,A,골목상권,1000380,2502,1244,1258,386,463,485,411,443,314,208,237,252,211,200,136,178,226,233,200,243,178,0,0,0,동일로192길
2015,1,A,골목상권,1000379,3267,1624,1643,490,588,621,546,572,450,265,296,319,271,272,201,225,292,302,275,300,249,0,0,0,동일로173가길
2015,1,A,골목상권,1000378,1826,879,947,381,311,223,382,352,177,212,169,108,172,173,45,169,142,115,210,179,132,0,0,0,공릉로58길
2015,1,A,골목상권,1000377,676,331,345,116,104,110,123,128,95,60,53,54,58,61,45,56,51,56,65,67,50,0,0,0,해등로16길
2015,1,A,골목상권,1000376,1244,607,637,128,205,254,308,257,92,66,104,136,154,121,26,62,101,118,154,136,66,0,0,0,우이천로4다길
2015,1,A,골목상권,1000375,2075,1000,1075,332,316,338,377,375,337,158,160,170,187,184,141,174,156,168,190,191,196,0,0,0,우이천로32길
2015,1,A,골목상권,1000374,2663,1496,1167,99,326,430,621,640,547,66,214,310,314,320,272,33,112,120,307,320,275,0,0,0,시루봉로23길
2015,1,A,골목상권,1000373,1228,596,632,185,192,195,236,239,181,88,96,98,118,118,78,97,96,97,118,121,103,0,0,0,삼양로144길
2015,1,A,골목상권,1000372,1752,900,852,229,324,324,340,359,176,138,162,162,167,174,97,91,162,162,173,185,79,0,0,0,방학로6가길
2015,1,A,골목상권,1000371,2756,1339,1417,423,413,481,512,519,408,223,211,246,244,243,172,200,202,235,268,276,236,0,0,0,방학로5길
2015,1,A,골목상권,1000370,3494,1719,1775,751,525,468,650,649,451,402,276,222,307,316,196,349,249,246,343,333,255,0,0,0,방학로15길
2015,1,A,골목상권,1000369,2178,1134,1044,287,360,418,468,464,181,156,214,214,242,232,76,131,146,204,226,232,105,0,0,0,방학로10길
2015,1,A,골목상권,1000368,1347,713,634,107,175,210,259,288,308,60,101,131,133,142,146,47,74,79,126,146,162,0,0,0,도봉산길
2015,1,A,골목상권,1000367,59,32,27,2,9,10,12,12,14,2,5,6,6,6,7,0,4,4,6,6,7,0,0,0,도봉산4길
2015,1,A,골목상권,1000366,1441,780,661,58,188,234,309,344,308,40,108,146,166,172,148,18,80,88,143,172,160,0,0,0,도봉로181길
2015,1,A,골목상권,1000365,1623,851,772,159,208,246,294,340,376,90,112,147,156,168,178,69,96,99,138,172,198,0,0,0,도봉로169나길
2015,1,A,골목상권,1000364,1759,865,894,268,227,297,278,338,351,138,117,150,143,154,163,130,110,147,135,184,188,0,0,0,도봉로156길
2015,1,A,골목상권,1000363,348,169,179,42,41,66,55,92,52,21,21,33,31,40,23,21,20,33,24,52,29,0,0,0,도봉로152가길
2015,1,A,골목상권,1000362,4714,2443,2271,521,944,944,969,997,339,340,472,472,480,490,189,181,472,472,489,507,150,0,0,0,도봉로147길
2015,1,A,골목상권,1000361,1489,754,735,200,263,264,284,315,163,116,132,133,136,149,88,84,131,131,148,166,75,0,0,0,도봉로143길
2015,1,A,골목상권,1000360,7048,3446,3602,1426,1123,1267,1419,1315,498,749,562,633,704,626,172,677,561,634,715,689,326,0,0,0,도봉로114길
2015,1,A,골목상권,1000359,1188,584,604,148,184,215,204,214,223,83,91,109,104,100,97,65,93,106,100,114,126,0,0,0,도봉로109길
2015,1,A,골목상권,1000358,1868,959,909,245,316,321,359,380,247,142,162,167,176,185,127,103,154,154,183,195,120,0,0,0,도당로29길
2015,1,A,골목상권,1000357,2865,1498,1367,321,485,537,607,620,295,187,267,285,308,306,145,134,218,252,299,314,150,0,0,0,도당로19길
2015,1,A,골목상권,1000356,2599,1355,1244,345,412,451,554,548,289,192,232,233,302,274,122,153,180,218,252,274,167,0,0,0,도당로13바길
2015,1,A,골목상권,1000355,802,425,377,98,129,148,188,184,55,55,78,78,98,92,24,43,51,70,90,92,31,0,0,0,도당로13가길
2015,1,A,골목상권,1000354,824,412,412,109,129,149,177,153,107,58,66,79,89,74,46,51,63,70,88,79,61,0,0,0,덕릉로60길
2015,1,A,골목상권,1000353,1792,877,915,333,283,290,315,321,250,175,142,143,150,152,115,158,141,147,165,169,135,0,0,0,노해로63다길
2015,1,A,골목상권,1000352,1771,882,889,175,298,331,312,325,330,107,149,169,162,150,145,68,149,162,150,175,185,0,0,0,노해로60길
2015,1,A,골목상권,1000351,748,419,329,17,123,245,144,164,55,12,61,181,62,82,21,5,62,64,82,82,34,0,0,0,한천로140길
2015,1,A,골목상권,1000350,498,296,202,3,77,198,93,108,19,2,38,158,39,54,5,1,39,40,54,54,14,0,0,0,한천로139가길
2015,1,A,골목상권,1000349,783,386,397,52,128,203,178,151,71,29,53,103,101,75,25,23,75,100,77,76,46,0,0,0,한천로132길
2015,1,A,골목상권,1000348,1070,523,547,21,181,320,276,229,43,15,67,161,160,114,6,6,114,159,116,115,37,0,0,0,한천로130길
2015,1,A,골목상권,1000347,736,361,375,46,112,200,172,142,64,25,40,102,99,70,25,21,72,98,73,72,39,0,0,0,한천로124나길
2015,1,A,골목상권,1000346,1759,852,907,317,194,291,285,255,417,163,100,152,149,119,169,154,94,139,136,136,248,0,0,0,한천로109길
2015,1,A,골목상권,1000345,2359,1181,1178,226,364,402,478,483,406,121,182,215,240,238,185,105,182,187,238,245,221,0,0,0,인수봉로79길
2015,1,A,골목상권,1000344,2352,1168,1184,287,340,378,436,448,463,157,170,202,219,217,203,130,170,176,217,231,260,0,0,0,인수봉로72길
2015,1,A,골목상권,1000343,824,421,403,73,112,135,185,187,132,43,56,77,93,92,60,30,56,58,92,95,72,0,0,0,인수봉로56길
2015,1,A,골목상권,1000342,984,483,501,55,170,250,225,197,87,33,72,126,125,98,29,22,98,124,100,99,58,0,0,0,오패산로67길
2015,1,A,골목상권,1000341,2418,1278,1140,39,302,559,698,706,114,20,188,353,349,342,26,19,114,206,349,364,88,0,0,0,오패산로52길
2015,1,A,골목상권,1000340,149,74,75,0,19,32,44,51,3,0,9,22,22,21,0,0,10,10,22,30,3,0,0,0,오패산로30길
2015,1,A,골목상권,1000339,1014,518,496,87,144,212,231,233,107,49,72,119,117,116,45,38,72,93,114,117,62,0,0,0,수유로12길
2015,1,A,골목상권,1000338,1029,542,487,75,132,171,239,267,145,45,69,103,136,133,56,30,63,68,103,134,89,0,0,0,솔샘로65길
2015,1,A,골목상권,1000337,1182,555,627,62,200,222,258,314,126,32,89,130,129,129,46,30,111,92,129,185,80,0,0,0,솔매로50길
2015,1,A,골목상권,1000336,929,400,529,22,166,169,204,319,49,11,66,103,102,102,16,11,100,66,102,217,33,0,0,0,솔매로45길
2015,1,A,골목상권,1000335,1526,673,853,68,248,289,321,461,139,36,112,160,160,159,46,32,136,129,161,302,93,0,0,0,솔매로41길
2015,1,A,골목상권,1000334,1186,596,590,121,164,194,254,257,196,73,82,109,128,126,78,48,82,85,126,131,118,0,0,0,삼양로93길
2015,1,A,골목상권,1000333,1760,898,862,176,224,351,391,399,219,93,112,199,201,197,96,83,112,152,190,202,123,0,0,0,삼양로77길
2015,1,A,골목상권,1000332,1173,597,576,24,154,203,306,400,86,15,80,132,174,172,24,9,74,71,132,228,62,0,0,0,삼양로54길
2015,1,A,골목상권,1000331,1458,734,724,92,130,381,389,382,84,59,70,192,195,191,27,33,60,189,194,191,57,0,0,0,삼양로41길
2015,1,A,골목상권,1000330,350,175,175,87,27,69,106,40,21,45,13,33,54,20,10,42,14,36,52,20,11,0,0,0,삼양로27길
2015,1,A,골목상권,1000329,510,271,239,40,61,86,121,130,72,22,34,51,70,65,29,18,27,35,51,65,43,0,0,0,삼양로24길
2015,1,A,골목상권,1000328,320,192,128,0,23,53,107,126,11,0,22,41,66,63,0,0,1,12,41,63,11,0,0,0,삼양로20길
2015,1,A,골목상권,1000327,1824,986,838,69,308,507,342,376,222,50,154,347,156,186,93,19,154,160,186,190,129,0,0,0,삼각산로28길
2015,1,A,골목상권,1000326,1255,677,578,39,209,373,246,280,108,25,104,258,106,140,44,14,105,115,140,140,64,0,0,0,도봉로99길
2015,1,A,골목상권,1000325,90,42,48,0,9,19,26,33,3,0,3,13,13,13,0,0,6,6,13,20,3,0,0,0,도봉로8길
2015,1,A,골목상권,1000324,1436,623,813,65,249,262,288,441,131,33,111,148,144,145,42,32,138,114,144,296,89,0,0,0,도봉로76길
2015,1,A,골목상권,1000323,588,268,320,10,80,135,148,194,21,6,34,75,74,74,5,4,46,60,74,120,16,0,0,0,도봉로67길
2015,1,A,골목상권,1000322,1657,752,905,40,294,316,379,497,131,21,132,183,194,194,28,19,162,133,185,303,103,0,0,0,도봉로45길
2015,1,A,골목상권,1000321,1074,521,553,93,149,197,229,266,140,48,70,117,114,114,58,45,79,80,115,152,82,0,0,0,도봉로18길
2015,1,A,골목상권,1000320,482,274,208,10,40,78,147,178,29,6,26,57,90,89,6,4,14,21,57,89,23,0,0,0,도봉로13길
2015,1,A,골목상권,1000319,617,306,311,19,90,199,162,126,21,11,27,100,99,63,6,8,63,99,63,63,15,0,0,0,덕릉로41길
2015,1,A,골목상권,1000318,2092,1058,1034,135,210,461,542,543,201,76,108,272,271,271,60,59,102,189,271,272,141,0,0,0,덕릉로40길
2015,1,A,골목상권,1000317,977,476,501,90,134,191,206,213,143,51,67,105,103,103,47,39,67,86,103,110,96,0,0,0,노해로33길
2015,1,A,골목상권,1000316,947,455,492,107,143,168,172,176,181,57,72,88,86,86,66,50,71,80,86,90,115,0,0,0,노해로23길
2015,1,A,골목상권,1000315,1255,671,584,30,216,362,255,288,104,21,105,249,113,142,41,9,111,113,142,146,63,0,0,0,노해로17길
2015,1,A,골목상권,1000314,714,367,347,23,90,176,178,206,41,20,45,103,76,103,20,3,45,73,102,103,21,0,0,0,화랑로40길
2015,1,A,골목상권,1000313,654,345,309,33,74,169,147,186,45,23,37,93,77,93,22,10,37,76,70,93,23,0,0,0,화랑로32길
2015,1,A,골목상권,1000312,1002,549,453,136,80,226,295,178,87,70,40,113,204,88,34,66,40,113,91,90,53,0,0,0,화랑로1길
2015,1,A,골목상권,1000311,969,525,444,40,131,300,259,191,48,23,65,161,163,95,18,17,66,139,96,96,30,0,0,0,화랑로19길
2015,1,A,골목상권,1000310,816,449,367,45,119,290,205,120,37,23,59,145,145,60,17,22,60,145,60,60,20,0,0,0,화랑로14길
2015,1,A,골목상권,1000309,352,197,155,4,55,134,99,56,4,2,27,67,71,28,2,2,28,67,28,28,2,0,0,0,화랑로13길
2015,1,A,골목상권,1000308,912,459,453,67,106,205,205,238,91,39,53,119,87,119,42,28,53,86,118,119,49,0,0,0,한천로76길
2015,1,A,골목상권,1000307,1151,600,551,123,117,189,307,268,147,64,62,124,155,127,68,59,55,65,152,141,79,0,0,0,한천로101가길
2015,1,A,골목상권,1000306,479,243,236,42,155,88,79,63,52,23,84,50,38,29,19,19,71,38,41,34,33,0,0,0,창경궁로43길
2015,1,A,골목상권,1000305,1631,725,906,25,379,548,325,316,38,14,105,274,163,158,11,11,274,274,162,158,27,0,0,0,지봉로20길
2015,1,A,골목상권,1000304,1664,832,832,315,291,303,329,293,133,183,150,152,165,144,38,132,141,151,164,149,95,0,0,0,종암로5길
2015,1,A,골목상권,1000303,2083,1052,1031,353,340,367,448,345,230,201,174,185,227,171,94,152,166,182,221,174,136,0,0,0,종암로24가길
2015,1,A,골목상권,1000302,974,493,481,152,164,180,209,169,100,88,84,91,106,82,42,64,80,89,103,87,58,0,0,0,종암로21길
2015,1,A,골목상권,1000301,1191,607,584,164,219,238,260,220,90,98,117,119,131,105,37,66,102,119,129,115,53,0,0,0,종암로19길
2015,1,A,골목상권,1000300,2373,1209,1164,337,462,473,542,465,94,221,233,237,272,231,15,116,229,236,270,234,79,0,0,0,종암로16길
2015,1,A,골목상권,1000299,1176,606,570,138,232,182,204,236,184,77,143,111,102,102,71,61,89,71,102,134,113,0,0,0,정릉로8길
2015,1,A,골목상권,1000298,1564,758,806,217,212,342,311,288,194,122,106,171,167,116,76,95,106,171,144,172,118,0,0,0,정릉로27길
2015,1,A,골목상권,1000297,130,63,67,10,16,36,32,28,8,7,8,18,18,10,2,3,8,18,14,18,6,0,0,0,정릉로26길
2015,1,A,골목상권,1000296,648,337,311,79,84,96,150,139,100,41,44,52,76,76,48,38,40,44,74,63,52,0,0,0,장위로50길
2015,1,A,골목상권,1000295,1270,669,601,141,179,351,270,183,146,72,86,175,178,91,67,69,93,176,92,92,79,0,0,0,장월로1길
2015,1,A,골목상권,1000294,297,134,163,5,69,94,60,60,9,3,22,47,30,30,2,2,47,47,30,30,7,0,0,0,인촌로6길
2015,1,A,골목상권,1000293,1155,543,612,15,464,302,242,125,7,7,214,167,121,33,1,8,250,135,121,92,6,0,0,0,인촌로5길
2015,1,A,골목상권,1000292,531,274,257,31,187,103,98,81,31,17,94,67,50,33,13,14,93,36,48,48,18,0,0,0,인촌로24길
2015,1,A,골목상권,1000291,776,400,376,35,281,157,154,127,22,18,142,104,78,51,7,17,139,53,76,76,15,0,0,0,개운사길
2015,1,A,골목상권,1000290,324,137,187,8,82,130,50,44,10,4,16,66,26,22,3,4,66,64,24,22,7,0,0,0,인촌로1길
2015,1,A,골목상권,1000289,1087,591,496,12,566,223,156,122,8,7,283,178,78,44,1,5,283,45,78,78,7,0,0,0,인촌로17가길
2015,1,A,골목상권,1000288,1648,879,769,132,245,506,379,250,136,66,120,253,255,124,61,66,125,253,124,126,75,0,0,0,오패산로4길
2015,1,A,골목상권,1000287,1922,1034,888,308,171,391,498,301,253,156,85,194,338,148,113,152,86,197,160,153,140,0,0,0,오패산로3길
2015,1,A,골목상권,1000286,495,324,171,15,8,144,237,84,7,8,4,72,195,42,3,7,4,72,42,42,4,0,0,0,오패산로19길
2015,1,A,골목상권,1000285,1589,842,747,69,682,312,255,211,60,38,344,221,129,85,25,31,338,91,126,126,35,0,0,0,안암로5길
2015,1,A,골목상권,1000284,2271,923,1348,51,734,664,547,234,41,17,273,282,276,63,12,34,461,382,271,171,29,0,0,0,아리랑로4길
2015,1,A,골목상권,1000283,916,489,427,52,242,165,129,243,85,30,182,121,64,64,28,22,60,44,65,179,57,0,0,0,솔샘로6길
2015,1,A,골목상권,1000282,605,288,317,63,111,123,129,110,69,33,52,59,65,54,25,30,59,64,64,56,44,0,0,0,성북로8길
2015,1,A,골목상권,1000281,3160,1518,1642,220,628,656,660,658,338,128,314,330,330,326,90,92,314,326,330,332,248,0,0,0,삼양로8길
2015,1,A,골목상권,1000280,75,38,37,4,16,16,21,14,4,2,8,8,13,6,1,2,8,8,8,8,3,0,0,0,삼선교로16가길
2015,1,A,골목상권,1000279,234,109,125,25,42,49,60,35,23,14,14,28,32,14,7,11,28,21,28,21,16,0,0,0,삼선교로10다길
2015,1,A,골목상권,1000278,134,76,58,9,24,24,46,23,8,5,12,12,34,11,2,4,12,12,12,12,6,0,0,0,삼선교로10길
2015,1,A,골목상권,1000277,1247,517,730,53,367,341,286,139,61,24,146,151,144,33,19,29,221,190,142,106,42,0,0,0,보문로32길
2015,1,A,골목상권,1000276,587,293,294,60,119,121,133,117,37,33,58,61,72,58,11,27,61,60,61,59,26,0,0,0,보문로31길
2015,1,A,골목상권,1000275,885,468,417,23,402,180,141,115,24,13,202,131,71,45,6,10,200,49,70,70,18,0,0,0,보문로26길
2015,1,A,골목상권,1000274,1362,602,760,19,319,450,272,268,34,9,94,226,136,134,3,10,225,224,136,134,31,0,0,0,보문로13길
2015,1,A,골목상권,1000273,2309,1132,1177,399,265,517,474,370,284,207,132,257,257,156,123,192,133,260,217,214,161,0,0,0,보국문로16길
2015,1,A,골목상권,1000272,3,3,0,0,0,0,3,0,0,0,0,0,3,0,0,0,0,0,0,0,0,0,0,0,동소문로6길
2015,1,A,골목상권,1000271,20,8,12,0,4,6,8,2,0,0,0,4,4,0,0,0,4,2,4,2,0,0,0,0,동소문로2길
2015,1,A,골목상권,1000270,1325,526,799,41,442,397,301,101,43,18,154,160,151,30,13,23,288,237,150,71,30,0,0,0,동소문로26가길
2015,1,A,골목상권,1000269,660,266,394,22,214,199,155,47,23,11,77,81,79,8,10,11,137,118,76,39,13,0,0,0,동소문로15길
2015,1,A,골목상권,1000268,1522,701,821,174,294,310,312,230,202,89,126,143,157,105,81,85,168,167,155,125,121,0,0,0,동소문로13길
2015,1,A,골목상권,1000267,99,50,49,1,4,28,28,36,2,1,2,18,10,18,1,0,2,10,18,18,1,0,0,0,돌곶이로8길
2015,1,A,골목상권,1000266,475,241,234,36,55,98,132,115,39,19,29,66,66,49,12,17,26,32,66,66,27,0,0,0,돌곶이로41길
2015,1,A,골목상권,1000265,684,358,326,72,74,112,169,163,94,38,38,71,85,84,42,34,36,41,84,79,52,0,0,0,돌곶이로28길
2015,1,A,골목상권,1000264,1058,545,513,91,141,205,252,250,119,50,76,124,126,124,45,41,65,81,126,126,74,0,0,0,돌곶이로27길
2015,1,A,골목상권,1000263,325,163,162,26,43,71,74,82,29,13,22,41,34,41,12,13,21,30,40,41,17,0,0,0,돌곶이로22길
2015,1,A,골목상권,1000262,150,76,74,2,16,40,40,48,4,2,8,24,16,24,2,0,8,16,24,24,2,0,0,0,돌곶이로14길
2015,1,A,골목상권,1000261,774,387,387,0,0,515,259,0,0,0,0,257,130,0,0,0,0,258,129,0,0,0,0,0,길음로7길
2015,1,A,골목상권,1000260,2077,1194,883,91,205,488,704,502,87,55,102,376,372,251,38,36,103,112,332,251,49,0,0,0,중랑천로10길
2015,1,A,골목상권,1000259,2504,1197,1307,87,305,613,631,780,88,46,153,321,319,320,38,41,152,292,312,460,50,0,0,0,용마산로94길
2015,1,A,골목상권,1000258,1240,674,566,51,132,269,335,403,50,34,68,137,200,202,33,17,64,132,135,201,17,0,0,0,용마산로118길
2015,1,A,골목상권,1000257,2271,1219,1052,142,247,464,574,688,156,86,130,238,338,345,82,56,117,226,236,343,74,0,0,0,용마산로112길
2015,1,A,골목상권,1000256,1855,1043,812,69,180,330,531,691,54,32,113,192,337,334,35,37,67,138,194,357,19,0,0,0,용마산로100길
2015,1,A,골목상권,1000255,929,460,469,150,181,180,186,187,45,78,91,90,92,94,15,72,90,90,94,93,30,0,0,0,신내로7가길
2015,1,A,골목상권,1000254,2473,1240,1233,75,259,579,576,892,92,42,131,291,290,446,40,33,128,288,286,446,52,0,0,0,사가정로54길
2015,1,A,골목상권,1000253,2430,1218,1212,216,336,498,492,640,248,113,170,254,248,320,113,103,166,244,244,320,135,0,0,0,사가정로42길
2015,1,A,골목상권,1000252,4554,2249,2305,1079,657,725,726,745,622,560,330,358,360,374,267,519,327,367,366,371,355,0,0,0,봉화산로56길
2015,1,A,골목상권,1000251,2454,1807,647,11,93,502,536,1291,21,6,47,455,457,834,8,5,46,47,79,457,13,0,0,0,봉화산로4길
2015,1,A,골목상권,1000250,2975,1521,1454,255,541,625,699,749,106,132,271,354,348,372,44,123,270,271,351,377,62,0,0,0,봉화산로30길
2015,1,A,골목상권,1000249,2310,1366,944,4,445,607,455,759,40,4,219,379,377,377,10,0,226,228,78,382,30,0,0,0,봉우재로33길
2015,1,A,골목상권,1000248,3475,1744,1731,130,446,1135,820,814,130,74,224,574,578,241,53,56,222,561,242,573,77,0,0,0,면목로78길
2015,1,A,골목상권,1000247,2178,1048,1130,53,282,611,548,632,52,30,141,309,311,236,21,23,141,302,237,396,31,0,0,0,면목로56길
2015,1,A,골목상권,1000246,1182,572,610,42,158,324,291,329,38,23,79,163,165,125,17,19,79,161,126,204,21,0,0,0,면목로55길
2015,1,A,골목상권,1000245,2125,979,1146,60,205,540,545,709,66,31,103,271,274,271,29,29,102,269,271,438,37,0,0,0,면목로49길
2015,1,A,골목상권,1000244,2410,1106,1304,30,226,637,642,844,31,17,113,320,322,320,14,13,113,317,320,524,17,0,0,0,면목로48길
2015,1,A,골목상권,1000243,1229,556,673,10,96,330,331,447,15,5,48,165,166,165,7,5,48,165,165,282,8,0,0,0,면목로45길
2015,1,A,골목상권,1000242,2776,1293,1483,35,506,708,864,594,69,22,94,433,432,297,15,13,412,275,432,297,54,0,0,0,면목로33길
2015,1,A,골목상권,1000241,1910,878,1032,18,366,491,600,384,51,10,66,300,300,193,9,8,300,191,300,191,42,0,0,0,면목로21길
2015,1,A,골목상권,1000240,1570,863,707,37,112,344,460,576,41,29,56,172,288,288,30,8,56,172,172,288,11,0,0,0,망우로73길
2015,1,A,골목상권,1000239,2236,1229,1007,52,178,493,651,808,54,42,90,247,404,404,42,10,88,246,247,404,12,0,0,0,망우로68길
2015,1,A,골목상권,1000238,2010,1009,1001,71,241,534,392,673,99,43,120,267,266,265,48,28,121,267,126,408,51,0,0,0,동일로163길
2015,1,A,골목상권,1000237,1520,763,757,18,162,436,301,572,31,13,81,218,218,218,15,5,81,218,83,354,16,0,0,0,동일로157길
2015,1,A,골목상권,1000236,1826,920,906,55,240,486,368,602,75,37,120,243,243,240,37,18,120,243,125,362,38,0,0,0,동일로149길
2015,1,A,골목상권,1000235,2265,1171,1094,145,404,488,551,561,116,79,202,281,274,280,55,66,202,207,277,281,61,0,0,0,동일로140길
2015,1,A,골목상권,1000234,1308,893,415,15,89,265,307,610,22,9,45,220,232,378,9,6,44,45,75,232,13,0,0,0,동일로139길
2015,1,A,골목상권,1000233,1128,631,497,113,129,219,210,323,134,62,65,135,134,173,62,51,64,84,76,150,72,0,0,0,동일로139가길
2015,1,A,골목상권,1000232,3318,1718,1600,218,578,706,811,822,183,116,289,412,404,410,87,102,289,294,407,412,96,0,0,0,동일로130길
2015,1,A,골목상권,1000231,1429,976,453,6,104,300,341,667,11,4,52,248,253,414,5,2,52,52,88,253,6,0,0,0,동일로123길
2015,1,A,골목상권,1000230,4128,2438,1690,20,792,1075,803,1333,105,17,388,667,663,663,40,3,404,408,140,670,65,0,0,0,동일로112길
2015,1,A,골목상권,1000229,2481,1429,1052,119,191,572,938,576,85,72,97,464,470,288,38,47,94,108,468,288,47,0,0,0,동일로101길
2015,1,A,골목상권,1000228,3903,2177,1726,232,428,900,1316,902,125,147,214,656,658,450,52,85,214,244,658,452,73,0,0,0,동일로100길
2015,1,A,골목상권,1000227,2011,936,1075,56,381,500,608,382,84,33,76,307,306,191,23,23,305,193,302,191,61,0,0,0,답십리로75길
2015,1,A,골목상권,1000226,3800,1908,1892,406,752,790,781,778,293,226,374,395,390,386,137,180,378,395,391,392,156,0,0,0,공릉로2길
2015,1,A,골목상권,1000225,1286,656,630,122,268,272,272,272,80,74,134,136,136,136,40,48,134,136,136,136,40,0,0,0,공릉로12가길
2015,1,A,골목상권,1000224,2820,1411,1409,96,406,887,669,664,98,57,203,448,452,216,35,39,203,439,217,448,63,0,0,0,겸재로54길
2015,1,A,골목상권,1000223,1971,985,986,39,258,685,475,474,40,25,129,343,344,131,13,14,129,342,131,343,27,0,0,0,겸재로36길
2015,1,A,골목상권,1000222,1259,630,629,43,168,415,301,295,37,25,84,208,211,87,15,18,84,207,90,208,22,0,0,0,겸재로29길
2015,1,A,골목상권,1000221,700,387,313,6,376,136,91,82,9,3,189,106,47,38,4,3,187,30,44,44,5,0,0,0,휘경로3길
2015,1,A,골목상권,1000220,625,340,285,13,256,122,110,108,16,6,128,91,56,54,5,7,128,31,54,54,11,0,0,0,휘경로2길
2015,1,A,골목상권,1000219,262,155,107,0,170,57,21,14,0,0,85,51,13,6,0,0,85,6,8,8,0,0,0,0,휘경로23길
2015,1,A,골목상권,1000218,1009,583,426,4,471,280,136,108,10,2,233,236,70,42,0,2,238,44,66,66,10,0,0,0,휘경로14길
2015,1,A,골목상권,1000217,1960,1012,948,286,329,400,400,353,192,153,197,201,201,170,90,133,132,199,199,183,102,0,0,0,한천로46길
2015,1,A,골목상권,1000216,2263,1252,1011,197,322,564,564,532,84,116,264,266,298,266,42,81,58,298,266,266,42,0,0,0,한천로40길
2015,1,A,골목상권,1000215,843,431,412,122,126,175,192,172,56,66,76,86,99,82,22,56,50,89,93,90,34,0,0,0,한천로33길
2015,1,A,골목상권,1000214,3225,1627,1598,300,495,757,707,718,248,164,248,379,357,356,123,136,247,378,350,362,125,0,0,0,한천로14길
2015,1,A,골목상권,1000213,2072,1044,1028,250,306,440,413,425,238,131,156,222,209,210,116,119,150,218,204,215,122,0,0,0,천호대로97길
2015,1,A,골목상권,1000212,1791,901,890,179,285,396,385,387,159,99,143,198,193,193,75,80,142,198,192,194,84,0,0,0,천호대로77길
2015,1,A,골목상권,1000211,698,524,174,0,87,365,87,159,0,0,44,321,79,80,0,0,43,44,8,79,0,0,0,0,천호대로45길
2015,1,A,골목상권,1000210,1621,931,690,36,313,437,313,416,106,27,158,279,207,210,50,9,155,158,106,206,56,0,0,0,천호대로17길
2015,1,A,골목상권,1000209,256,144,112,2,54,70,54,68,8,2,27,43,34,34,4,0,27,27,20,34,4,0,0,0,천호대로12길
2015,1,A,골목상권,1000208,744,411,333,9,348,153,114,109,11,5,175,115,58,53,5,4,173,38,56,56,6,0,0,0,천장산로7길
2015,1,A,골목상권,1000207,531,356,175,9,115,116,133,136,22,5,86,86,85,86,8,4,29,30,48,50,14,0,0,0,제기로5길
2015,1,A,골목상권,1000206,203,81,122,0,22,34,40,88,19,0,15,20,20,22,4,0,7,14,20,66,15,0,0,0,제기로21길
2015,1,A,골목상권,1000205,1216,652,564,71,112,316,384,304,29,38,66,158,230,150,10,33,46,158,154,154,19,0,0,0,전농로4길
2015,1,A,골목상권,1000204,910,434,476,19,77,386,204,202,22,13,18,193,102,101,7,6,59,193,102,101,15,0,0,0,전농로3길
2015,1,A,골목상권,1000203,1817,1078,739,24,172,526,410,644,41,13,86,322,322,322,13,11,86,204,88,322,28,0,0,0,전농로29길
2015,1,A,골목상권,1000202,2047,1031,1016,186,312,464,451,455,179,101,157,233,228,227,85,85,155,231,223,228,94,0,0,0,장한로8길
2015,1,A,골목상권,1000201,2037,1035,1002,203,319,463,430,437,185,116,161,232,218,217,91,87,158,231,212,220,94,0,0,0,장한로5길
2015,1,A,골목상권,1000200,2009,1081,928,295,278,439,435,416,146,174,190,212,227,208,70,121,88,227,208,208,76,0,0,0,장한로27길
2015,1,A,골목상권,1000199,1912,1019,893,278,254,413,415,402,150,159,173,204,213,201,69,119,81,209,202,201,81,0,0,0,장한로27가길
2015,1,A,골목상권,1000198,2140,1087,1053,378,284,405,360,364,349,200,150,204,188,178,167,178,134,201,172,186,182,0,0,0,장한로26길
2015,1,A,골목상권,1000197,1249,652,597,213,178,245,242,232,139,122,102,122,124,116,66,91,76,123,118,116,73,0,0,0,장한로26가길
2015,1,A,골목상권,1000196,907,460,447,121,149,184,176,176,101,68,75,92,88,88,49,53,74,92,88,88,52,0,0,0,장한로25길
2015,1,A,골목상권,1000195,1558,791,767,197,235,323,301,311,191,109,120,162,154,154,92,88,115,161,147,157,99,0,0,0,장한로14길
2015,1,A,골목상권,1000194,1471,760,711,40,212,248,708,245,18,24,130,127,354,121,4,16,82,121,354,124,14,0,0,0,이문로42길
2015,1,A,골목상권,1000193,2263,1127,1136,59,273,447,516,594,374,34,193,260,260,269,111,25,80,187,256,325,263,0,0,0,왕산로43길
2015,1,A,골목상권,1000192,115,78,37,0,26,26,29,29,5,0,19,19,19,19,2,0,7,7,10,10,3,0,0,0,왕산로33길
2015,1,A,골목상권,1000191,670,433,237,6,114,215,115,208,12,4,57,158,104,104,6,2,57,57,11,104,6,0,0,0,왕산로32길
2015,1,A,골목상권,1000190,587,366,221,0,111,129,149,164,34,0,83,91,91,92,9,0,28,38,58,72,25,0,0,0,약령시로17길
2015,1,A,골목상권,1000189,1860,1022,838,70,208,582,391,521,88,42,98,326,266,261,29,28,110,256,125,260,59,0,0,0,서울시립대로4길
2015,1,A,골목상권,1000188,4541,2343,2198,310,860,1108,1044,974,245,158,434,597,604,453,97,152,426,511,440,521,148,0,0,0,서울시립대로29길
2015,1,A,골목상권,1000187,1983,1147,836,52,204,546,438,660,83,28,102,330,330,330,27,24,102,216,108,330,56,0,0,0,서울시립대로16길
2015,1,A,골목상권,1000186,971,467,504,22,91,422,210,200,26,18,28,211,106,100,4,4,63,211,104,100,22,0,0,0,사가정로2길
2015,1,A,골목상권,1000185,2420,1276,1144,383,320,511,501,457,248,209,208,244,267,228,120,174,112,267,234,229,128,0,0,0,사가정로23가길
2015,1,A,골목상권,1000184,2809,1413,1396,464,439,531,595,560,220,244,258,265,297,264,85,220,181,266,298,296,135,0,0,0,사가정로13길
2015,1,A,골목상권,1000183,983,576,407,15,186,275,188,257,62,14,93,181,128,129,31,1,93,94,60,128,31,0,0,0,무학로45길
2015,1,A,골목상권,1000182,908,527,381,14,177,248,179,247,43,12,89,158,123,124,21,2,88,90,56,123,22,0,0,0,무학로16길
2015,1,A,골목상권,1000181,155,83,72,4,56,38,28,21,8,2,27,27,16,9,2,2,29,11,12,12,6,0,0,0,망우로21길
2015,1,A,골목상권,1000180,2170,1037,1133,152,556,555,556,294,57,72,278,278,278,103,28,80,278,277,278,191,29,0,0,0,망우로18길
2015,1,A,골목상권,1000179,4111,1969,2142,251,1081,1073,1074,560,72,121,544,539,537,195,33,130,537,534,537,365,39,0,0,0,망우로18가길
2015,1,A,골목상권,1000178,1518,800,718,194,211,341,332,327,113,107,138,169,169,163,54,87,73,172,163,164,59,0,0,0,답십리로72길
2015,1,A,골목상권,1000177,1544,808,736,222,190,331,327,310,164,118,127,164,169,155,75,104,63,167,158,155,89,0,0,0,답십리로69길
2015,1,A,골목상권,1000176,2535,1283,1252,292,409,538,514,522,260,166,206,269,259,260,123,126,203,269,255,262,137,0,0,0,답십리로68길
2015,1,A,골목상권,1000175,4181,2112,2069,287,655,1045,958,969,267,164,329,523,482,481,133,123,326,522,476,488,134,0,0,0,답십리로64길
2015,1,A,골목상권,1000174,2499,1365,1134,269,353,587,584,570,136,159,268,288,298,285,67,110,85,299,286,285,69,0,0,0,답십리로63길
2015,1,A,골목상권,1000173,1352,705,647,161,133,279,358,281,140,82,73,140,212,139,59,79,60,139,146,142,81,0,0,0,답십리로60길
2015,1,A,골목상권,1000172,2700,1430,1270,291,233,571,761,578,266,149,129,286,465,286,115,142,104,285,296,292,151,0,0,0,답십리로56길
2015,1,A,골목상권,1000171,2446,1404,1042,53,275,675,546,808,89,27,138,404,404,404,27,26,137,271,142,404,62,0,0,0,답십리로23길
2015,1,A,골목상권,1000170,183,102,81,3,36,46,37,48,13,3,18,27,24,24,6,0,18,19,13,24,7,0,0,0,난계로30길
2015,1,A,골목상권,1000169,1007,506,501,2,464,393,108,37,3,1,212,197,83,13,0,1,252,196,25,24,3,0,0,0,경희대로4길
2015,1,A,골목상권,1000168,733,353,380,28,256,216,125,90,18,14,120,108,69,34,8,14,136,108,56,56,10,0,0,0,경희대로3길
2015,1,A,골목상권,1000167,2555,1254,1301,330,409,574,560,510,172,179,208,288,272,239,68,151,201,286,288,271,104,0,0,0,천호대로129길
2015,1,A,골목상권,1000166,1820,829,991,111,445,601,309,307,47,57,149,300,152,149,22,54,296,301,157,158,25,0,0,0,천호대로123길
2015,1,A,골목상권,1000165,2792,1323,1469,170,664,812,547,542,57,89,266,406,272,266,24,81,398,406,275,276,33,0,0,0,천호대로109길
2015,1,A,골목상권,1000164,4292,2126,2166,521,887,913,912,907,152,271,442,448,450,448,67,250,445,465,462,459,85,0,0,0,자양번영로3길
2015,1,A,골목상권,1000163,2193,1047,1146,236,408,569,491,410,79,124,204,285,206,205,23,112,204,284,285,205,56,0,0,0,자양로53길
2015,1,A,골목상권,1000162,4510,2176,2334,448,566,1148,1146,991,211,234,286,575,573,424,84,214,280,573,573,567,127,0,0,0,자양로50길
2015,1,A,골목상권,1000161,1812,870,942,197,340,468,409,344,54,102,170,235,174,172,17,95,170,233,235,172,37,0,0,0,자양로45길
2015,1,A,골목상권,1000160,2393,1147,1246,102,606,768,471,391,55,54,299,384,235,157,18,48,307,384,236,234,37,0,0,0,자양로26길
2015,1,A,골목상권,1000159,1686,886,800,25,381,485,390,385,20,14,190,288,195,190,9,11,191,197,195,195,11,0,0,0,자양로15길
2015,1,A,골목상권,1000158,3743,1935,1808,110,838,1003,852,843,97,58,417,572,426,417,45,52,421,431,426,426,52,0,0,0,자양로11길
2015,1,A,골목상권,1000157,2465,1161,1304,160,570,726,474,467,68,84,225,363,234,225,30,76,345,363,240,242,38,0,0,0,용마산로3길
2015,1,A,골목상권,1000156,3444,1639,1805,157,808,1035,707,690,47,87,321,524,353,335,19,70,487,511,354,355,28,0,0,0,용마산로21길
2015,1,A,골목상권,1000155,2337,1128,1209,693,273,306,558,319,188,353,135,124,267,164,85,340,138,182,291,155,103,0,0,0,아차산로78길
2015,1,A,골목상권,1000154,3009,1490,1519,483,567,600,603,584,172,250,276,298,291,291,84,233,291,302,312,293,88,0,0,0,아차산로65길
2015,1,A,골목상권,1000153,2878,1379,1499,113,732,942,576,480,35,54,365,471,287,193,9,59,367,471,289,287,26,0,0,0,아차산로55길
2015,1,A,골목상권,1000152,1543,743,800,56,401,500,311,261,14,29,199,250,155,108,2,27,202,250,156,153,12,0,0,0,아차산로51길
2015,1,A,골목상권,1000151,2514,1304,1210,59,556,701,578,565,55,30,276,407,289,276,26,29,280,294,289,289,29,0,0,0,아차산로40길
2015,1,A,골목상권,1000150,1876,961,915,87,252,479,557,481,20,64,128,279,280,204,6,23,124,200,277,277,14,0,0,0,면목로17길
2015,1,A,골목상권,1000149,3303,1651,1652,239,562,817,805,804,76,129,281,406,402,400,33,110,281,411,403,404,43,0,0,0,뚝섬로64길
2015,1,A,골목상권,1000148,3352,1680,1672,440,578,728,706,705,195,248,289,361,350,347,85,192,289,367,356,358,110,0,0,0,뚝섬로58길
2015,1,A,골목상권,1000147,3836,1927,1909,419,688,873,863,862,131,238,344,434,430,429,52,181,344,439,433,433,79,0,0,0,뚝섬로54길
2015,1,A,골목상권,1000146,4117,2066,2051,368,738,983,972,972,84,203,369,490,483,483,38,165,369,493,489,489,46,0,0,0,뚝섬로48길
2015,1,A,골목상권,1000145,1822,995,827,67,364,378,362,522,129,37,185,192,256,263,62,30,179,186,106,259,67,0,0,0,뚝섬로24길
2015,1,A,골목상권,1000144,3254,1667,1587,239,690,703,699,784,139,123,345,355,392,392,60,116,345,348,307,392,79,0,0,0,뚝섬로23길
2015,1,A,골목상권,1000143,1066,522,544,27,462,307,130,95,45,14,208,156,81,43,20,13,254,151,49,52,25,0,0,0,동일로24길
2015,1,A,골목상권,1000142,3240,1713,1527,183,632,654,647,832,292,93,315,338,414,418,135,90,317,316,233,414,157,0,0,0,동일로18길
2015,1,A,골목상권,1000141,2540,1264,1276,450,425,462,455,459,289,229,213,229,231,228,134,221,212,233,224,231,155,0,0,0,능동로4길
2015,1,A,골목상권,1000140,2301,1234,1067,161,438,454,450,602,196,84,221,233,302,303,91,77,217,221,148,299,105,0,0,0,능동로3길
2015,1,A,골목상권,1000139,2454,1058,1396,8,951,1103,140,237,15,4,404,551,60,36,3,4,547,552,80,201,12,0,0,0,능동로34길
2015,1,A,골목상권,1000138,1314,642,672,56,572,357,132,111,86,30,258,184,80,55,35,26,314,173,52,56,51,0,0,0,능동로19길
2015,1,A,골목상권,1000137,1457,714,743,41,620,404,181,142,69,21,271,212,112,67,31,20,349,192,69,75,38,0,0,0,능동로13길
2015,1,A,골목상권,1000136,1036,532,504,33,127,279,316,274,7,24,67,165,158,116,2,9,60,114,158,158,5,0,0,0,긴고랑로9길
2015,1,A,골목상권,1000135,2508,1308,1200,14,366,977,564,564,23,7,202,528,282,282,7,7,164,449,282,282,16,0,0,0,긴고랑로8길
2015,1,A,골목상권,1000134,2125,1104,1021,75,328,661,519,495,47,49,175,364,260,236,20,26,153,297,259,259,27,0,0,0,긴고랑로7길
2015,1,A,골목상권,1000133,2696,1248,1448,117,660,874,503,494,48,62,239,437,249,240,21,55,421,437,254,254,27,0,0,0,긴고랑로20길
2015,1,A,골목상권,1000132,6072,3025,3047,1056,1136,1165,1168,1151,396,540,561,581,575,575,193,516,575,584,593,576,203,0,0,0,광나루로52길
2015,1,A,골목상권,1000131,3116,1508,1608,117,828,1148,533,461,29,56,412,574,266,195,5,61,416,574,267,266,24,0,0,0,광나루로40길
2015,1,A,골목상권,1000130,709,339,370,37,67,212,212,170,11,21,34,106,106,67,5,16,33,106,106,103,6,0,0,0,광나루로37길
2015,1,A,골목상권,1000129,1632,791,841,41,450,670,248,209,14,20,224,335,124,85,3,21,226,335,124,124,11,0,0,0,광나루로36길
2015,1,A,골목상권,1000128,578,282,296,15,273,166,54,43,27,8,123,86,33,21,11,7,150,80,21,22,16,0,0,0,광나루로24길
2015,1,A,골목상권,1000127,1241,593,648,35,488,328,175,159,56,18,212,171,98,74,20,17,276,157,77,85,36,0,0,0,광나루로12길
2015,1,A,골목상권,1000126,1973,946,1027,327,272,441,321,303,309,170,127,213,157,142,137,157,145,228,164,161,172,0,0,0,한림말길
2015,1,A,골목상권,1000125,317,149,168,45,37,113,47,40,35,23,16,56,23,17,14,22,21,57,24,23,21,0,0,0,한림말3길
2015,1,A,골목상권,1000124,2405,1224,1181,364,419,446,451,438,287,195,207,223,237,230,132,169,212,223,214,208,155,0,0,0,청계천로10나길
2015,1,A,골목상권,1000123,2031,1008,1023,251,290,539,443,401,107,132,169,271,222,180,34,119,121,268,221,221,73,0,0,0,장터길
2015,1,A,골목상권,1000122,2840,1540,1300,38,343,747,952,750,10,35,72,476,476,476,5,3,271,271,476,274,5,0,0,0,용답중앙길
2015,1,A,골목상권,1000121,2564,1393,1171,35,293,670,864,674,28,28,54,431,434,432,14,7,239,239,430,242,14,0,0,0,용답29길
2015,1,A,골목상권,1000120,2447,1249,1198,303,480,523,492,482,167,170,242,264,253,241,79,133,238,259,239,241,88,0,0,0,왕십리로6길
2015,1,A,골목상권,1000119,2560,1273,1287,187,547,567,570,563,126,102,281,285,288,282,35,85,266,282,282,281,91,0,0,0,왕십리로31길
2015,1,A,골목상권,1000118,940,469,471,124,156,158,179,157,166,67,71,85,93,82,71,57,85,73,86,75,95,0,0,0,왕십리로26길
2015,1,A,골목상권,1000117,4643,2204,2439,729,685,987,995,783,464,343,331,449,506,377,198,386,354,538,489,406,266,0,0,0,왕십리로21길
2015,1,A,골목상권,1000116,1767,899,868,205,343,400,336,334,149,103,173,207,178,165,73,102,170,193,158,169,76,0,0,0,왕십리로14길
2015,1,A,골목상권,1000115,1228,645,583,134,218,253,214,236,173,70,109,130,120,128,88,64,109,123,94,108,85,0,0,0,아차산로5길
2015,1,A,골목상권,1000114,617,325,292,77,104,123,102,115,96,40,52,64,58,63,48,37,52,59,44,52,48,0,0,0,아차산로15길
2015,1,A,골목상권,1000113,471,245,226,56,78,94,80,89,74,29,39,48,44,48,37,27,39,46,36,41,37,0,0,0,아차산로11길
2015,1,A,골목상권,1000112,1586,1215,371,17,57,499,501,499,13,9,51,448,450,251,6,8,6,51,51,248,7,0,0,0,송정4가길
2015,1,A,골목상권,1000111,766,582,184,2,33,243,243,243,2,2,28,214,214,122,2,0,5,29,29,121,0,0,0,0,송정12라길
2015,1,A,골목상권,1000110,311,166,145,13,62,75,65,72,24,7,31,38,38,38,14,6,31,37,27,34,10,0,0,0,성수일로6길
2015,1,A,골목상권,1000109,1642,850,792,78,340,365,371,384,104,44,171,185,205,196,49,34,169,180,166,188,55,0,0,0,성수이로7길
2015,1,A,골목상권,1000108,448,231,217,30,90,93,97,98,40,16,45,47,54,50,19,14,45,46,43,48,21,0,0,0,성수이로18길
2015,1,A,골목상권,1000107,4055,2051,2004,513,814,873,918,869,68,276,412,437,459,435,32,237,402,436,459,434,36,0,0,0,성덕정길
2015,1,A,골목상권,1000106,4129,2115,2014,153,905,928,996,997,150,79,461,468,536,499,72,74,444,460,460,498,78,0,0,0,성덕정17길
2015,1,A,골목상권,1000105,2619,1318,1301,154,592,643,574,572,84,79,296,325,298,278,42,75,296,318,276,294,42,0,0,0,서울숲2길
2015,1,A,골목상권,1000104,847,427,420,98,165,181,168,167,68,50,83,92,86,84,32,48,82,89,82,83,36,0,0,0,상원길
2015,1,A,골목상권,1000103,2605,1312,1293,372,483,536,482,479,253,188,243,272,249,238,122,184,240,264,233,241,131,0,0,0,상원12길
2015,1,A,골목상권,1000102,1928,1156,772,37,1076,425,246,124,20,4,664,234,184,62,8,33,412,191,62,62,12,0,0,0,사근동길
2015,1,A,골목상권,1000101,2034,994,1040,131,430,467,471,446,89,63,214,230,236,222,29,68,216,237,235,224,60,0,0,0,무학봉길
2015,1,A,골목상권,1000100,1284,629,655,74,285,291,294,288,52,37,142,145,147,144,14,37,143,146,147,144,38,0,0,0,무학봉28길
2015,1,A,골목상권,1000099,286,143,143,35,48,49,63,49,42,19,21,27,33,26,17,16,27,22,30,23,25,0,0,0,무학로6길
2015,1,A,골목상권,1000098,1015,478,537,52,106,354,250,199,54,29,54,176,125,75,19,23,52,178,125,124,35,0,0,0,무수막길
2015,1,A,골목상권,1000097,805,394,411,132,106,187,145,134,101,69,55,93,74,61,42,63,51,94,71,73,59,0,0,0,매봉길
2015,1,A,골목상권,1000096,457,256,201,21,194,94,70,64,14,3,128,49,38,32,6,18,66,45,32,32,8,0,0,0,마조로1길
2015,1,A,골목상권,1000095,1469,731,738,223,260,252,270,261,203,115,128,127,138,133,90,108,132,125,132,128,113,0,0,0,마조로16길
2015,1,A,골목상권,1000094,613,310,303,91,100,118,109,109,86,48,50,59,59,59,35,43,50,59,50,50,51,0,0,0,마장로39길
2015,1,A,골목상권,1000093,1051,534,517,112,212,196,221,221,89,62,106,98,115,115,38,50,106,98,106,106,51,0,0,0,마장로27길
2015,1,A,골목상권,1000092,868,439,429,109,161,174,190,177,57,55,82,87,99,90,26,54,79,87,91,87,31,0,0,0,뚝섬로5길
2015,1,A,골목상권,1000091,3231,1637,1594,232,702,733,766,742,56,125,355,366,392,371,28,107,347,367,374,371,28,0,0,0,둘레9길
2015,1,A,골목상권,1000090,2134,1003,1131,134,221,748,511,388,132,77,114,373,256,137,46,57,107,375,255,251,86,0,0,0,금호산길
2015,1,A,골목상권,1000089,1505,693,812,39,112,636,401,283,34,23,58,318,201,83,10,16,54,318,200,200,24,0,0,0,금호산2길
2015,1,A,골목상권,1000088,2250,1122,1128,78,484,550,532,511,95,40,242,275,275,254,36,38,242,275,257,257,59,0,0,0,고산자로6길
2015,1,A,골목상권,1000087,1669,885,784,167,207,400,433,336,126,104,123,224,223,167,44,63,84,176,210,169,82,0,0,0,후암로28길
2015,1,A,골목상권,1000086,1785,830,955,222,220,456,415,313,159,111,105,226,192,131,65,111,115,230,223,182,94,0,0,0,효창원로39길
2015,1,A,골목상권,1000085,392,175,217,32,48,105,75,72,60,16,23,51,36,30,19,16,25,54,39,42,41,0,0,0,회나무로13길
2015,1,A,골목상권,1000084,798,384,414,99,110,182,135,122,150,50,55,92,67,56,64,49,55,90,68,66,86,0,0,0,한남대로20길
2015,1,A,골목상권,1000083,36,32,4,0,2,5,10,16,3,0,1,4,10,14,3,0,1,1,0,2,0,0,0,0,한강대로88길
2015,1,A,골목상권,1000082,147,71,76,0,22,44,31,40,10,0,11,20,16,20,4,0,11,24,15,20,6,0,0,0,한강대로7길
2015,1,A,골목상권,1000081,172,77,95,8,24,56,25,38,21,4,11,18,14,20,10,4,13,38,11,18,11,0,0,0,한강대로62길
2015,1,A,골목상권,1000080,236,114,122,19,35,57,40,47,38,10,17,25,21,24,17,9,18,32,19,23,21,0,0,0,한강대로52길
2015,1,A,골목상권,1000079,810,401,409,88,112,158,133,152,167,46,56,77,69,77,76,42,56,81,64,75,91,0,0,0,한강대로43길
2015,1,A,골목상권,1000078,96,46,50,0,15,35,15,31,0,0,7,15,8,16,0,0,8,20,7,15,0,0,0,0,한강대로15길
2015,1,A,골목상권,1000077,812,536,276,58,91,135,172,214,142,37,46,85,128,155,85,21,45,50,44,59,57,0,0,0,한강대로104길
2015,1,A,골목상권,1000076,1299,523,776,17,435,460,248,133,6,12,83,238,124,66,0,5,352,222,124,67,6,0,0,0,청파로73길
2015,1,A,골목상권,1000075,2145,913,1232,98,634,648,405,262,98,62,160,329,203,126,33,36,474,319,202,136,65,0,0,0,청파로71길
2015,1,A,골목상권,1000074,1723,754,969,72,483,508,352,233,75,46,135,258,177,111,27,26,348,250,175,122,48,0,0,0,청파로47나길
2015,1,A,골목상권,1000073,1417,599,818,23,414,472,308,184,16,17,94,237,154,91,6,6,320,235,154,93,10,0,0,0,청파로47길
2015,1,A,골목상권,1000072,646,300,346,20,80,186,186,139,35,14,44,95,93,46,8,6,36,91,93,93,27,0,0,0,장문로45길
2015,1,A,골목상권,1000071,515,245,270,29,57,190,112,76,51,16,28,95,56,34,16,13,29,95,56,42,35,0,0,0,이태원로54길
2015,1,A,골목상권,1000070,173,80,93,11,25,36,30,32,39,6,13,18,14,16,13,5,12,18,16,16,26,0,0,0,이태원로27길
2015,1,A,골목상권,1000069,2837,1350,1487,423,348,519,478,480,589,225,179,254,256,209,227,198,169,265,222,271,362,0,0,0,이촌로22길
2015,1,A,골목상권,1000068,337,163,174,10,59,142,71,50,5,7,21,71,38,24,2,3,38,71,33,26,3,0,0,0,원효로89길
2015,1,A,골목상권,1000067,728,319,409,29,72,299,203,114,11,15,31,149,87,35,2,14,41,150,116,79,9,0,0,0,원효로53길
2015,1,A,골목상권,1000066,915,433,482,83,87,216,350,160,19,27,39,108,175,80,4,56,48,108,175,80,15,0,0,0,원효로41길
2015,1,A,골목상권,1000065,1594,740,854,227,184,339,439,274,131,86,83,169,219,137,46,141,101,170,220,137,85,0,0,0,원효로19길
2015,1,A,골목상권,1000064,445,191,254,6,23,153,160,94,9,4,12,78,80,14,3,2,11,75,80,80,6,0,0,0,우사단로4길
2015,1,A,골목상권,1000063,335,160,175,25,40,103,67,55,45,13,20,52,33,25,17,12,20,51,34,30,28,0,0,0,우사단로14길
2015,1,A,골목상권,1000062,417,187,230,5,33,148,132,84,15,3,18,74,66,22,4,2,15,74,66,62,11,0,0,0,우사단로10길
2015,1,A,골목상권,1000061,735,356,379,28,93,192,185,171,66,20,54,102,87,68,25,8,39,90,98,103,41,0,0,0,신흥로20길
2015,1,A,골목상권,1000060,443,171,272,7,38,145,97,128,28,4,23,73,33,26,12,3,15,72,64,102,16,0,0,0,소월로20길
2015,1,A,골목상권,1000059,1588,773,815,157,112,172,699,387,61,78,51,79,344,202,19,79,61,93,355,185,42,0,0,0,서빙고로71길
2015,1,A,골목상권,1000058,1110,547,563,183,158,249,175,163,182,94,73,123,94,80,83,89,85,126,81,83,99,0,0,0,백범로90길
2015,1,A,골목상권,1000057,2423,1155,1268,332,354,607,505,404,221,197,165,303,241,179,70,135,189,304,264,225,151,0,0,0,백범로79길
2015,1,A,골목상권,1000056,859,567,292,29,78,192,241,231,88,20,43,126,160,161,57,9,35,66,81,70,31,0,0,0,두텁바위로1길
2015,1,A,골목상권,1000055,204,96,108,8,18,97,46,20,15,4,9,48,23,6,6,4,9,49,23,14,9,0,0,0,대사관로34길
2015,1,A,골목상권,1000054,209,87,122,8,24,70,44,40,23,4,12,33,20,12,6,4,12,37,24,28,17,0,0,0,녹사평대로46길
2015,1,A,골목상권,1000053,99,41,58,0,13,32,21,24,9,0,7,15,9,10,0,0,6,17,12,14,9,0,0,0,녹사평대로40나길
2015,1,A,골목상권,1000052,126,56,70,8,18,28,24,27,21,4,9,14,10,13,6,4,9,14,14,14,15,0,0,0,녹사평대로32길
2015,1,A,골목상권,1000051,166,73,93,0,25,51,36,37,17,0,13,27,16,17,0,0,12,24,20,20,17,0,0,0,녹사평대로26길
2015,1,A,골목상권,1000050,449,218,231,56,42,65,165,103,18,28,19,32,82,56,1,28,23,33,83,47,17,0,0,0,녹사평대로11길
2015,1,A,골목상권,1000049,2721,1429,1292,256,489,596,601,592,187,174,290,300,305,296,64,82,199,296,296,296,123,0,0,0,퇴계로90길
2015,1,A,골목상권,1000048,332,192,140,14,25,41,62,104,86,7,11,22,40,66,46,7,14,19,22,38,40,0,0,0,퇴계로8길
2015,1,A,골목상권,1000047,225,150,75,4,49,40,38,68,26,2,30,32,34,34,18,2,19,8,4,34,8,0,0,0,퇴계로56길
2015,1,A,골목상권,1000046,279,160,119,7,76,62,40,52,42,4,48,40,26,26,16,3,28,22,14,26,26,0,0,0,퇴계로46길
2015,1,A,골목상권,1000045,964,353,611,0,55,171,244,317,177,0,25,49,122,122,35,0,30,122,122,195,142,0,0,0,퇴계로18길
2015,1,A,골목상권,1000044,325,184,141,21,30,39,57,90,88,9,14,20,37,57,47,12,16,19,20,33,41,0,0,0,퇴계로12길
2015,1,A,골목상권,1000043,2341,1125,1216,349,352,448,421,415,356,183,170,237,210,205,120,166,182,211,211,210,236,0,0,0,청구로1길
2015,1,A,골목상권,1000042,1185,586,599,53,223,276,304,262,67,41,112,155,151,111,16,12,111,121,153,151,51,0,0,0,청구로17길
2015,1,A,골목상권,1000041,749,447,302,22,182,152,156,171,66,14,104,103,105,86,35,8,78,49,51,85,31,0,0,0,장충단로8길
2015,1,A,골목상권,1000040,6,0,6,0,0,0,0,6,0,0,0,0,0,0,0,0,0,0,0,6,0,0,0,0,삼일대로4길
2015,1,A,골목상권,1000039,91,32,59,0,2,16,28,34,11,0,1,2,14,14,1,0,1,14,14,20,10,0,0,0,명동길
2015,1,A,골목상권,1000038,1198,563,635,166,145,232,208,223,224,83,72,115,96,110,87,83,73,117,112,113,137,0,0,0,동호로8길
2015,1,A,골목상권,1000037,1628,818,810,90,357,361,366,320,134,59,190,208,182,140,39,31,167,153,184,180,95,0,0,0,동호로20길
2015,1,A,골목상권,1000036,1727,858,869,31,304,425,520,412,35,26,152,261,260,152,7,5,152,164,260,260,28,0,0,0,동호로15길
2015,1,A,골목상권,1000035,2505,1210,1295,178,431,557,588,502,249,108,216,303,286,216,81,70,215,254,302,286,168,0,0,0,동호로11길
2015,1,A,골목상권,1000034,3333,1606,1727,525,497,605,584,572,550,279,248,312,290,283,194,246,249,293,294,289,356,0,0,0,동호로10길
2015,1,A,골목상권,1000033,92,56,36,0,14,14,32,32,0,0,8,8,24,16,0,0,6,6,8,16,0,0,0,0,다산로39길
2015,1,A,골목상권,1000032,2008,950,1058,406,272,334,373,321,302,204,135,156,190,158,107,202,137,178,183,163,195,0,0,0,다산로38길
2015,1,A,골목상권,1000031,2942,1377,1565,635,382,486,521,457,461,319,189,227,262,228,152,316,193,259,259,229,309,0,0,0,다산로36길
2015,1,A,골목상권,1000030,1658,1029,629,34,205,210,578,574,57,14,126,128,450,290,21,20,79,82,128,284,36,0,0,0,다산로33길
2015,1,A,골목상권,1000029,378,206,172,18,60,116,74,71,39,10,28,71,42,37,18,8,32,45,32,34,21,0,0,0,난계로21길
2015,1,A,골목상권,1000028,1111,605,506,108,171,282,192,184,174,60,89,165,110,99,82,48,82,117,82,85,92,0,0,0,난계로11길
2015,1,A,골목상권,1000027,333,144,189,14,37,77,92,90,23,7,10,31,46,44,6,7,27,46,46,46,17,0,0,0,필운대로1길
2015,1,A,골목상권,1000026,137,58,79,23,17,13,36,30,18,12,9,5,12,12,8,11,8,8,24,18,10,0,0,0,평창길
2015,1,A,골목상권,1000025,768,362,406,150,74,97,187,146,114,65,35,48,92,73,49,85,39,49,95,73,65,0,0,0,통일로12길
2015,1,A,골목상권,1000024,1652,880,772,89,206,201,571,460,125,46,132,133,297,230,42,43,74,68,274,230,83,0,0,0,창신길
2015,1,A,골목상권,1000023,487,269,218,19,71,71,131,137,58,10,45,45,70,73,26,9,26,26,61,64,32,0,0,0,창신5길
2015,1,A,골목상권,1000022,643,349,294,32,85,85,224,180,37,15,55,55,124,90,10,17,30,30,100,90,27,0,0,0,창신2길
2015,1,A,골목상권,1000021,375,188,187,5,181,77,71,39,2,4,95,49,28,12,0,1,86,28,43,27,2,0,0,0,창경궁로35길
2015,1,A,골목상권,1000020,1736,844,892,10,190,491,492,492,61,5,96,246,246,246,5,5,94,245,246,246,56,0,0,0,지봉로8길
2015,1,A,골목상권,1000019,1264,662,602,45,226,284,270,286,153,27,107,152,149,157,70,18,119,132,121,129,83,0,0,0,종로65길
2015,1,A,골목상권,1000018,495,259,236,51,86,90,84,86,98,28,41,47,47,48,48,23,45,43,37,38,50,0,0,0,종로58가길
2015,1,A,골목상권,1000017,10,10,0,0,0,0,2,6,2,0,0,0,2,6,2,0,0,0,0,0,0,0,0,0,종로24길
2015,1,A,골목상권,1000016,150,60,90,5,13,36,64,29,3,3,4,11,27,15,0,2,9,25,37,14,3,0,0,0,자하문로7길
2015,1,A,골목상권,1000015,877,410,467,44,283,249,148,85,68,22,124,125,72,41,26,22,159,124,76,44,42,0,0,0,이화장길
2015,1,A,골목상권,1000014,206,124,82,16,23,23,59,54,31,9,15,16,37,32,15,7,8,7,22,22,16,0,0,0,율곡로16길
2015,1,A,골목상권,1000013,56,47,9,0,3,3,11,24,15,0,2,2,10,22,11,0,1,1,1,2,4,0,0,0,율곡로10길
2015,1,A,골목상권,1000012,1636,748,888,294,228,282,415,256,161,158,114,116,184,135,41,136,114,166,231,121,120,0,0,0,옥인길
2015,1,A,골목상권,1000011,349,193,156,6,77,86,76,81,23,4,35,48,45,48,13,2,42,38,31,33,10,0,0,0,숭인동길
2015,1,A,골목상권,1000010,625,312,313,10,326,122,110,47,10,6,172,82,40,9,3,4,154,40,70,38,7,0,0,0,성균관로5길
2015,1,A,골목상권,1000009,9,5,4,0,0,2,3,4,0,0,0,1,2,2,0,0,0,1,1,2,0,0,0,0,삼청로5길
2015,1,A,골목상권,1000008,6,2,4,0,0,1,1,4,0,0,0,1,0,1,0,0,0,0,1,3,0,0,0,0,북촌로5나길
2015,1,A,골목상권,1000007,5,2,3,0,0,1,1,3,0,0,0,1,0,1,0,0,0,0,1,2,0,0,0,0,북촌로5길
2015,1,A,골목상권,1000006,20,8,12,0,0,7,8,5,0,0,0,3,4,1,0,0,0,4,4,4,0,0,0,0,북촌로11길
2015,1,A,골목상권,1000005,669,354,315,102,110,77,179,154,47,73,66,41,77,77,20,29,44,36,102,77,27,0,0,0,백석동길
2015,1,A,골목상권,1000004,702,362,340,27,345,133,115,65,17,15,185,88,45,23,6,12,160,45,70,42,11,0,0,0,명륜길
2015,1,A,골목상권,1000003,734,470,264,43,70,90,128,187,216,21,41,54,92,131,131,22,29,36,36,56,85,0,0,0,돈화문로11가길
2015,1,A,골목상권,1000002,540,278,262,57,88,96,89,95,115,30,42,50,49,52,55,27,46,46,40,43,60,0,0,0,난계로27길
2015,1,A,골목상권,1000001,284,131,153,38,35,44,72,42,53,20,17,22,36,19,17,18,18,22,36,23,36,0,0,0,계동길
2016,4,U,관광특구,1001496,19,11,8,6,1,1,3,4,4,3,0,1,1,3,3,3,1,0,2,1,1,10,0,10,강남 마이스 관광특구
2016,4,U,관광특구,1001495,8977,4405,4572,1157,1341,1898,1294,1529,1758,606,650,873,647,733,896,551,691,1025,647,796,862,4392,214,4178,잠실 관광특구
2016,4,U,관광특구,1001494,2750,1678,1072,140,298,291,377,678,966,71,180,183,246,451,547,69,118,108,131,227,419,1962,281,1681,종로?청계 관광특구
2016,4,U,관광특구,1001493,2509,1294,1215,236,374,486,387,487,539,117,176,243,218,256,284,119,198,243,169,231,255,1361,74,1287,동대문패션타운 관광특구
2016,4,U,관광특구,1001492,1299,496,803,24,67,157,228,303,520,8,34,76,79,128,171,16,33,81,149,175,349,611,1,610,명동 남대문 북창동 다동 무교동 관광특구
2016,4,U,관광특구,1001491,6948,3306,3642,592,943,1351,1101,1131,1830,291,464,694,566,528,763,301,479,657,535,603,1067,4106,25,4081,이태원 관광특구
2016,4,R,전통시장,1001490,3337,1637,1700,536,449,557,510,556,729,294,220,278,259,241,345,242,229,279,251,315,384,1312,404,908,길동복조리시장
2016,4,R,전통시장,1001489,626,318,308,106,86,93,112,118,111,54,61,38,50,63,52,52,25,55,62,55,59,257,102,155,둔촌역전통시장
2016,4,R,전통시장,1001488,1038,533,505,119,152,186,154,196,231,55,80,104,80,102,112,64,72,82,74,94,119,509,61,448,성내골목시장
2016,4,R,전통시장,1001487,145,77,68,3,8,16,29,37,52,1,5,5,19,25,22,2,3,11,10,12,30,119,0,119,천호시장
2016,4,R,전통시장,1001486,229,109,120,14,16,26,41,51,81,4,6,12,27,24,36,10,10,14,14,27,45,133,0,133,동서울시장
2016,4,R,전통시장,1001485,376,200,176,50,46,49,62,89,80,25,24,25,38,52,36,25,22,24,24,37,44,196,7,189,고분다리골목시장
2016,4,R,전통시장,1001484,765,391,374,136,107,142,140,116,124,65,60,76,77,56,57,71,47,66,63,60,67,289,8,281,양지골목시장
2016,4,R,전통시장,1001483,943,481,462,93,160,209,138,165,178,48,90,114,69,77,83,45,70,95,69,88,95,520,0,520,암사종합시장
2016,4,R,전통시장,1001482,339,166,173,38,40,49,56,69,87,23,25,24,25,36,33,15,15,25,31,33,54,160,0,160,고덕전통시장
2016,4,R,전통시장,1001481,2051,1016,1035,460,259,290,385,310,347,246,131,133,197,148,161,214,128,157,188,162,186,683,572,111,명일골목시장
2016,4,R,전통시장,1001480,2358,1162,1196,239,391,444,336,403,545,127,191,225,186,189,244,112,200,219,150,214,301,1226,0,1226,새마을시장
2016,4,R,전통시장,1001479,811,410,401,112,138,116,145,149,151,58,65,57,79,81,70,54,73,59,66,68,81,402,0,402,석촌시장
2016,4,R,전통시장,1001478,5392,2597,2795,773,893,1115,829,876,906,414,415,563,413,385,407,359,478,552,416,491,499,2477,64,2413,방이시장
2016,4,R,전통시장,1001477,1042,546,496,146,136,125,160,202,273,68,78,61,93,112,134,78,58,64,67,90,139,461,0,461,마천시장
2016,4,R,전통시장,1001476,2747,1365,1382,313,376,427,438,501,692,148,198,230,229,236,324,165,178,197,209,265,368,1310,0,1310,풍납시장
2016,4,R,전통시장,1001475,5,3,2,1,1,0,1,1,1,1,1,0,0,1,0,0,0,0,1,0,1,5,0,5,강남개포시장
2016,4,R,전통시장,1001474,250,110,140,69,30,35,67,26,23,39,10,11,29,13,8,30,20,24,38,13,15,92,77,15,도곡시장
2016,4,R,전통시장,1001473,158,76,82,21,23,16,18,28,52,12,9,8,8,14,25,9,14,8,10,14,27,50,50,0,청담삼익시장
2016,4,R,전통시장,1001472,91,35,56,12,7,19,17,6,30,3,3,6,6,3,14,9,4,13,11,3,16,46,0,46,논현종합시장
2016,4,R,전통시장,1001471,1259,580,679,119,228,327,220,156,209,58,100,148,117,65,92,61,128,179,103,91,117,738,0,738,영동전통시장
2016,4,R,전통시장,1001470,294,142,152,43,35,63,40,36,77,23,17,32,19,18,33,20,18,31,21,18,44,113,113,0,강남시장_강남
2016,4,R,전통시장,1001469,78,41,37,9,14,9,17,9,20,6,6,4,8,7,10,3,8,5,9,2,10,46,0,46,양재시장
2016,4,R,전통시장,1001468,188,89,99,44,19,17,43,23,42,24,8,7,21,10,19,20,11,10,22,13,23,80,0,80,남부종합시장
2016,4,R,전통시장,1001467,82,37,45,8,7,22,8,12,25,5,3,8,5,2,14,3,4,14,3,10,11,35,0,35,우림시장
2016,4,R,전통시장,1001466,693,326,367,82,80,85,131,109,206,38,35,43,72,52,86,44,45,42,59,57,120,317,45,272,미성동도깨비시장
2016,4,R,전통시장,1001465,74,33,41,13,5,10,13,6,27,4,2,3,9,4,11,9,3,7,4,2,16,40,0,40,신신림시장
2016,4,R,전통시장,1001464,189,109,80,10,19,21,26,37,76,7,14,14,17,18,39,3,5,7,9,19,37,125,0,125,삼성동시장
2016,4,R,전통시장,1001463,69,33,36,8,21,19,8,6,7,3,10,9,4,2,5,5,11,10,4,4,2,49,0,49,신림중앙시장
2016,4,R,전통시장,1001462,565,283,282,53,106,130,75,91,110,22,50,74,44,48,45,31,56,56,31,43,65,319,1,318,강남골목시장
2016,4,R,전통시장,1001461,3,2,1,0,0,0,2,0,1,0,0,0,1,0,1,0,0,0,1,0,0,1,0,1,신림종합시장
2016,4,R,전통시장,1001460,2151,1099,1052,246,352,345,371,370,467,130,173,194,199,199,204,116,179,151,172,171,263,1180,0,1180,관악신사시장
2016,4,R,전통시장,1001459,412,230,182,41,77,56,56,73,109,22,46,30,32,45,55,19,31,26,24,28,54,248,0,248,신원시장
2016,4,R,전통시장,1001458,1413,710,703,116,254,307,215,204,317,66,117,160,113,111,143,50,137,147,102,93,174,886,3,883,인헌시장
2016,4,R,전통시장,1001457,336,151,185,21,130,90,41,28,26,7,50,41,25,14,14,14,80,49,16,14,12,265,0,265,봉천중앙시장
2016,4,R,전통시장,1001456,14,5,9,1,2,0,2,5,4,1,1,0,1,2,0,0,1,0,1,3,4,9,0,9,봉천현대시장
2016,4,R,전통시장,1001455,102,43,59,6,38,23,4,17,14,2,15,9,2,9,6,4,23,14,2,8,8,72,0,72,봉일시장
2016,4,R,전통시장,1001454,384,178,206,27,75,59,63,67,93,14,27,32,28,37,40,13,48,27,35,30,53,255,0,255,봉천제일종합시장
2016,4,R,전통시장,1001453,684,333,351,52,251,155,81,61,84,21,117,82,48,27,38,31,134,73,33,34,46,465,0,465,낙성대시장
2016,4,R,전통시장,1001452,580,285,295,50,144,114,74,64,134,26,62,59,44,35,59,24,82,55,30,29,75,369,0,369,중부시장
2016,4,R,전통시장,1001451,15,10,5,2,4,0,4,4,1,1,3,0,2,3,1,1,1,0,2,1,0,3,0,3,사당시장
2016,4,R,전통시장,1001450,545,239,306,56,94,92,78,71,154,28,39,38,33,34,67,28,55,54,45,37,87,277,0,277,남성역골목시장
2016,4,R,전통시장,1001449,611,304,307,33,111,107,82,98,180,21,38,58,54,52,81,12,73,49,28,46,99,366,0,366,남성사계시장
2016,4,R,전통시장,1001448,1000,464,536,148,163,138,163,137,251,76,82,67,80,60,99,72,81,71,83,77,152,466,202,264,흑석시장
2016,4,R,전통시장,1001447,2029,987,1042,202,267,305,324,343,588,100,139,168,165,164,251,102,128,137,159,179,337,1103,0,1103,상도4동도깨비골목시장
2016,4,R,전통시장,1001446,133,65,68,13,36,15,19,29,21,8,16,7,8,17,9,5,20,8,11,12,12,70,0,70,성대시장
2016,4,R,전통시장,1001445,64,31,33,1,10,8,9,15,21,1,5,3,7,7,8,0,5,5,2,8,13,41,0,41,영도시장
2016,4,R,전통시장,1001444,1629,787,842,159,296,282,232,228,432,91,145,142,120,113,176,68,151,140,112,115,256,944,23,921,상도전통시장
2016,4,R,전통시장,1001443,155,70,85,14,30,29,20,24,38,9,14,11,10,11,15,5,16,18,10,13,23,80,80,0,강남시장_동작
2016,4,R,전통시장,1001442,23,12,11,1,3,2,5,7,5,0,1,1,1,6,3,1,2,1,4,1,2,15,0,15,신노량진시장
2016,4,R,전통시장,1001441,466,253,213,43,80,86,70,76,111,22,53,52,44,42,40,21,27,34,26,34,71,277,0,277,본동인정시장
2016,4,R,전통시장,1001440,169,95,74,8,58,30,17,20,36,3,36,19,10,13,14,5,22,11,7,7,22,124,0,124,노량진중앙시장
2016,4,R,전통시장,1001439,447,217,230,45,43,48,77,86,148,29,25,26,34,38,65,16,18,22,43,48,83,232,0,232,대림중앙시장
2016,4,R,전통시장,1001438,382,190,192,44,55,39,60,68,116,22,29,20,32,34,53,22,26,19,28,34,63,170,0,170,우리시장
2016,4,R,전통시장,1001437,136,72,64,24,14,20,18,17,43,11,8,13,8,9,23,13,6,7,10,8,20,53,49,4,영진시장A동
2016,4,R,전통시장,1001436,108,49,59,12,11,13,21,14,37,7,6,7,10,5,14,5,5,6,11,9,23,53,0,53,사러가시장
2016,4,R,전통시장,1001435,216,97,119,36,24,23,36,38,59,14,14,9,19,16,25,22,10,14,17,22,34,84,83,1,대신시장
2016,4,R,전통시장,1001434,1,1,0,0,0,0,0,1,0,0,0,0,0,1,0,0,0,0,0,0,0,1,0,1,양남시장
2016,4,R,전통시장,1001433,733,371,362,79,112,162,111,94,175,35,55,95,63,49,74,44,57,67,48,45,101,411,169,242,영일시장
2016,4,R,전통시장,1001432,62,31,31,5,14,10,9,7,17,2,10,6,5,3,5,3,4,4,4,4,12,33,0,33,도림시장
2016,4,R,전통시장,1001431,286,162,124,27,38,31,39,64,87,16,22,19,24,42,39,11,16,12,15,22,48,157,0,157,영등포청과시장
2016,4,R,전통시장,1001430,2247,1335,912,96,318,414,357,456,606,58,142,223,254,320,338,38,176,191,103,136,268,1667,421,1246,영등포전통시장
2016,4,R,전통시장,1001429,434,215,219,70,40,67,80,70,107,38,19,41,37,33,47,32,21,26,43,37,60,177,0,177,은행나무시장
2016,4,R,전통시장,1001428,289,158,131,26,20,33,60,54,96,20,8,21,26,35,48,6,12,12,34,19,48,178,0,178,박미시장
2016,4,R,전통시장,1001427,2421,1164,1257,280,377,312,348,464,640,142,176,159,170,221,296,138,201,153,178,243,344,1242,9,1233,현대시장
2016,4,R,전통시장,1001426,7,6,1,0,1,1,0,2,3,0,1,1,0,2,2,0,0,0,0,0,1,5,0,5,대명시장
2016,4,R,전통시장,1001425,30,18,12,7,0,10,5,1,7,5,0,6,3,1,3,2,0,4,2,0,4,11,0,11,푸른터시장
2016,4,R,전통시장,1001424,1581,787,794,195,205,196,265,372,348,86,104,115,122,202,158,109,101,81,143,170,190,752,19,733,남문시장
2016,4,R,전통시장,1001423,93,45,48,2,36,21,15,9,10,0,11,14,10,5,5,2,25,7,5,4,5,83,0,83,독산동 우시장
2016,4,R,전통시장,1001422,161,85,76,11,14,19,24,29,64,6,9,10,18,17,25,5,5,9,6,12,39,94,0,94,오류시장
2016,4,R,전통시장,1001421,408,188,220,74,66,64,63,68,73,37,28,39,24,29,31,37,38,25,39,39,42,166,0,166,개봉중앙시장
2016,4,R,전통시장,1001420,650,321,329,86,78,83,98,117,188,45,39,47,50,59,81,41,39,36,48,58,107,283,59,224,고척근린시장
2016,4,R,전통시장,1001419,305,161,144,24,44,23,41,72,101,10,25,14,22,43,47,14,19,9,19,29,54,175,0,175,가리봉시장
2016,4,R,전통시장,1001418,734,416,318,85,65,89,139,149,207,40,30,55,91,95,105,45,35,34,48,54,102,426,0,426,남구로시장
2016,4,R,전통시장,1001417,140,75,65,15,15,14,25,35,36,5,7,9,14,25,15,10,8,5,11,10,21,78,0,78,구로시장
2016,4,R,전통시장,1001416,164,62,102,1,90,38,16,14,5,1,24,13,9,11,4,0,66,25,7,3,1,146,0,146,공항시장
2016,4,R,전통시장,1001415,912,463,449,94,103,107,171,186,251,40,51,59,94,96,123,54,52,48,77,90,128,497,93,404,방신전통시장
2016,4,R,전통시장,1001414,598,293,305,111,86,89,113,85,114,58,37,40,54,46,58,53,49,49,59,39,56,265,0,265,송화골목시장
2016,4,R,전통시장,1001413,1064,476,588,141,145,214,162,149,253,73,53,109,81,62,98,68,92,105,81,87,155,501,68,433,까치산시장
2016,4,R,전통시장,1001412,358,159,199,47,62,78,51,40,80,26,22,37,20,17,37,21,40,41,31,23,43,168,0,168,화곡본동시장
2016,4,R,전통시장,1001411,2017,959,1058,256,269,348,293,354,497,132,138,162,157,161,209,124,131,186,136,193,288,902,0,902,남부골목시장
2016,4,R,전통시장,1001409,1089,527,562,188,153,199,173,176,200,87,73,107,86,85,89,101,80,92,87,91,111,449,0,449,화곡중앙골목시장
2016,4,R,전통시장,1001408,81,48,33,15,12,22,11,8,13,9,8,11,7,5,8,6,4,11,4,3,5,38,0,38,신월중앙시장
2016,4,R,전통시장,1001407,3,2,1,0,0,0,1,1,1,0,0,0,1,1,0,0,0,0,0,0,1,3,0,3,등마루시장
2016,4,R,전통시장,1001406,484,261,223,38,57,55,84,93,157,20,31,21,61,61,67,18,26,34,23,32,90,283,0,283,신정3동골목시장
2016,4,R,전통시장,1001405,495,249,246,76,64,76,95,60,124,36,36,38,51,32,56,40,28,38,44,28,68,227,0,227,신정2동골목시장
2016,4,R,전통시장,1001404,190,82,108,26,22,18,23,43,58,5,9,6,14,22,26,21,13,12,9,21,32,95,0,95,신정제일시장
2016,4,R,전통시장,1001403,136,64,72,16,29,20,19,26,26,9,14,9,12,9,11,7,15,11,7,17,15,49,0,49,신월7동골목시장
2016,4,R,전통시장,1001402,171,94,77,17,17,15,33,37,52,12,12,9,17,20,24,5,5,6,16,17,28,87,0,87,신월6동골목시장
2016,4,R,전통시장,1001401,109,51,58,13,13,20,15,17,31,7,4,10,10,8,12,6,9,10,5,9,19,51,22,29,신곡종합시장
2016,4,R,전통시장,1001400,455,250,205,57,52,64,74,94,114,34,28,36,43,57,52,23,24,28,31,37,62,229,0,229,신월3동골목시장
2016,4,R,전통시장,1001399,371,182,189,62,43,49,59,57,101,33,21,24,33,29,42,29,22,25,26,28,59,133,45,88,경창시장
2016,4,R,전통시장,1001398,1706,880,826,254,202,233,273,320,424,131,100,131,147,176,195,123,102,102,126,144,229,776,42,734,월정로시장
2016,4,R,전통시장,1001397,1298,613,685,195,147,176,229,249,302,76,68,82,123,124,140,119,79,94,106,125,162,618,0,618,신영시장
2016,4,R,전통시장,1001396,1171,576,595,199,195,138,210,213,216,104,114,65,96,100,97,95,81,73,114,113,119,456,60,396,목4동시장
2016,4,R,전통시장,1001395,1256,642,614,168,216,253,200,197,222,84,109,149,104,100,96,84,107,104,96,97,126,608,111,497,목3동시장
2016,4,R,전통시장,1001394,1098,558,540,89,149,201,147,201,311,45,65,118,72,107,151,44,84,83,75,94,160,649,24,625,목2동시장
2016,4,R,전통시장,1001392,36,18,18,7,4,11,3,4,7,3,3,4,1,2,5,4,1,7,2,2,2,18,0,18,동진시장
2016,4,R,전통시장,1001391,856,405,451,149,121,155,153,117,161,76,55,71,77,48,78,73,66,84,76,69,83,366,26,340,망원월드컵시장
2016,4,R,전통시장,1001390,2069,986,1083,230,276,413,353,308,489,130,128,197,187,140,204,100,148,216,166,168,285,1072,42,1030,망원시장
2016,4,R,전통시장,1001389,86,32,54,12,10,21,9,11,23,4,4,9,4,3,8,8,6,12,5,8,15,37,37,0,합정시장
2016,4,R,전통시장,1001388,213,96,117,18,29,41,31,35,59,11,15,17,14,14,25,7,14,24,17,21,34,98,4,94,영진시장
2016,4,R,전통시장,1001387,36,27,9,1,10,12,2,6,5,1,7,11,1,4,3,0,3,1,1,2,2,33,0,33,서교시장
2016,4,R,전통시장,1001386,73,35,38,10,8,12,5,15,23,4,3,6,2,8,12,6,5,6,3,7,11,33,11,22,신수시장
2016,4,R,전통시장,1001385,441,213,228,65,52,55,84,58,127,35,27,29,41,30,51,30,25,26,43,28,76,225,0,225,아현시장
2016,4,R,전통시장,1001384,14,6,8,3,0,0,3,2,6,1,0,0,1,2,2,2,0,0,2,0,4,8,0,8,마포시장
2016,4,R,전통시장,1001383,10,7,3,0,3,0,2,4,1,0,2,0,1,3,1,0,1,0,1,1,0,5,0,5,공덕시장
2016,4,R,전통시장,1001382,145,67,78,14,11,28,19,28,45,9,7,11,10,14,16,5,4,17,9,14,29,64,64,0,백련시장
2016,4,R,전통시장,1001381,459,240,219,27,40,43,56,100,193,12,23,29,33,62,81,15,17,14,23,38,112,279,0,279,모래내시장
2016,4,R,전통시장,1001380,499,246,253,66,61,60,80,88,144,35,34,32,38,52,55,31,27,28,42,36,89,234,0,234,포방터시장
2016,4,R,전통시장,1001379,315,161,154,34,41,35,50,60,95,18,18,25,29,34,37,16,23,10,21,26,58,156,49,107,인왕시장
2016,4,R,전통시장,1001378,140,72,68,15,26,19,21,24,35,10,18,10,8,11,15,5,8,9,13,13,20,69,0,69,아현가구거리상점가
2016,4,R,전통시장,1001377,404,195,209,39,50,44,72,77,122,15,24,29,38,41,48,24,26,15,34,36,74,240,0,240,영천시장
2016,4,R,전통시장,1001376,120,57,63,2,13,7,14,29,55,1,6,6,9,11,24,1,7,1,5,18,31,73,0,73,수일시장
2016,4,R,전통시장,1001375,151,69,82,20,17,17,29,32,36,7,6,10,15,12,19,13,11,7,14,20,17,59,0,59,증산종합시장
2016,4,R,전통시장,1001374,660,325,335,100,59,78,106,128,189,54,28,41,52,70,80,46,31,37,54,58,109,310,0,310,대림골목시장
2016,4,R,전통시장,1001373,213,118,95,35,27,44,34,28,45,21,16,28,19,14,20,14,11,16,15,14,25,92,36,56,신응암시장
2016,4,R,전통시장,1001372,33,17,16,7,3,0,11,1,11,4,2,0,4,1,6,3,1,0,7,0,5,15,0,15,녹번시장
2016,4,R,전통시장,1001371,497,242,255,74,63,91,90,75,104,35,32,51,45,35,44,39,31,40,45,40,60,240,24,216,대조시장
2016,4,R,전통시장,1001370,11,7,4,0,1,0,2,4,4,0,1,0,0,4,2,0,0,0,2,0,2,9,0,9,역촌중앙시장
2016,4,R,전통시장,1001369,66,33,33,7,14,12,1,21,11,3,9,7,1,8,5,4,5,5,0,13,6,29,0,29,갈현시장
2016,4,R,전통시장,1001368,274,129,145,25,34,42,28,54,91,11,15,21,18,25,39,14,19,21,10,29,52,132,0,132,연서시장
2016,4,R,전통시장,1001367,1918,914,1004,248,281,220,311,397,461,122,136,117,151,181,207,126,145,103,160,216,254,868,127,741,상계중앙시장
2016,4,R,전통시장,1001365,1295,647,648,153,250,231,157,229,275,68,115,131,79,121,133,85,135,100,78,108,142,628,39,589,공릉동도깨비시장
2016,4,R,전통시장,1001364,1083,544,539,143,158,111,197,203,271,76,97,58,104,93,116,67,61,53,93,110,155,489,0,489,방학동도깨비시장
2016,4,R,전통시장,1001363,753,385,368,75,104,126,109,123,216,37,61,66,57,62,102,38,43,60,52,61,114,376,8,368,쌍문역골목시장
2016,4,R,전통시장,1001362,355,170,185,54,43,45,62,59,92,27,19,24,33,33,34,27,24,21,29,26,58,154,0,154,백운시장
2016,4,R,전통시장,1001361,196,101,95,24,35,19,31,41,46,8,19,13,11,25,25,16,16,6,20,16,21,84,0,84,신도봉시장
2016,4,R,전통시장,1001360,1292,646,646,164,165,171,214,215,363,89,88,85,116,112,156,75,77,86,98,103,207,612,9,603,창동골목시장
2016,4,R,전통시장,1001359,2224,1070,1154,339,326,335,376,407,441,157,169,156,190,196,202,182,157,179,186,211,239,921,25,896,창동신창시장
2016,4,R,전통시장,1001358,67,34,33,4,6,12,7,8,30,3,4,6,6,3,12,1,2,6,1,5,18,28,27,1,수유북부시장
2016,4,R,전통시장,1001357,1273,616,657,203,162,200,188,205,315,113,79,113,87,93,131,90,83,87,101,112,184,557,20,537,장미원골목시장
2016,4,R,전통시장,1001356,49,30,19,3,14,2,5,16,9,3,8,2,5,9,3,0,6,0,0,7,6,19,0,19,수유중앙시장
2016,4,R,전통시장,1001355,755,383,372,72,113,102,120,147,201,37,48,52,68,85,93,35,65,50,52,62,108,411,14,397,강북종합시장
2016,4,R,전통시장,1001354,1544,776,768,231,202,193,274,257,387,118,114,107,136,136,165,113,88,86,138,121,222,671,0,671,우이시장
2016,4,R,전통시장,1001353,632,310,322,73,93,99,86,115,166,38,49,47,44,55,77,35,44,52,42,60,89,297,86,211,수유전통시장
2016,4,R,전통시장,1001352,1035,489,546,168,127,176,187,141,236,80,54,85,101,60,109,88,73,91,86,81,127,456,104,352,번동북부골목시장
2016,4,R,전통시장,1001351,165,80,85,20,24,17,27,27,50,12,13,7,16,12,20,8,11,10,11,15,30,86,0,86,솔샘시장
2016,4,R,전통시장,1001350,247,123,124,25,26,43,44,51,58,12,10,23,21,31,26,13,16,20,23,20,32,137,0,137,숭인시장
2016,4,R,전통시장,1001349,1523,745,778,164,217,225,248,292,377,82,107,121,128,144,163,82,110,104,120,148,214,816,0,816,방천골목시장
2016,4,R,전통시장,1001348,38,19,19,5,4,5,2,4,18,1,2,3,1,2,10,4,2,2,1,2,8,17,0,17,동북시장
2016,4,R,전통시장,1001347,1951,996,955,230,283,234,346,360,498,116,156,118,193,182,231,114,127,116,153,178,267,896,0,896,석관황금시장
2016,4,R,전통시장,1001346,180,108,72,22,25,19,37,39,38,16,15,10,27,24,16,6,10,9,10,15,22,94,0,94,석관시장
2016,4,R,전통시장,1001345,88,41,47,7,15,7,10,16,33,5,3,5,8,9,11,2,12,2,2,7,22,45,41,4,새석관시장
2016,4,R,전통시장,1001344,30,18,12,7,2,3,4,6,8,5,1,2,2,3,5,2,1,1,2,3,3,13,0,13,번동시장
2016,4,R,전통시장,1001343,1622,799,823,228,224,196,258,289,427,122,117,105,140,127,188,106,107,91,118,162,239,668,19,649,장위전통시장
2016,4,R,전통시장,1001342,244,117,127,38,17,36,41,44,68,18,10,20,20,22,27,20,7,16,21,22,41,115,0,115,밤나무골시장
2016,4,R,전통시장,1001341,11,10,1,0,2,2,5,2,0,0,2,2,5,1,0,0,0,0,0,1,0,11,0,11,길음시장
2016,4,R,전통시장,1001340,1319,679,640,152,248,197,180,211,331,88,140,112,95,93,151,64,108,85,85,118,180,601,0,601,정릉시장
2016,4,R,전통시장,1001339,1054,513,541,193,117,184,197,158,205,99,61,97,104,69,83,94,56,87,93,89,122,430,189,241,정릉아리랑시장
2016,4,R,전통시장,1001338,242,112,130,19,49,37,20,34,83,8,27,22,12,15,28,11,22,15,8,19,55,126,0,126,돈암제일시장
2016,4,R,전통시장,1001337,117,56,61,25,12,15,28,10,27,14,7,6,12,5,12,11,5,9,16,5,15,47,0,47,유영시장
2016,4,R,전통시장,1001336,2181,1134,1047,256,279,304,337,444,561,130,152,177,182,229,264,126,127,127,155,215,297,1065,42,1023,우림골목시장
2016,4,R,전통시장,1001335,982,500,482,151,144,136,176,146,229,85,80,68,86,72,109,66,64,68,90,74,120,410,0,410,묵1동도깨비시장
2016,4,R,전통시장,1001334,981,489,492,138,132,133,159,199,220,62,72,76,82,93,104,76,60,57,77,106,116,439,0,439,태능시장
2016,4,R,전통시장,1001333,1869,948,921,256,275,250,333,349,406,124,147,140,173,173,191,132,128,110,160,176,215,857,0,857,중화제일시장
2016,4,R,전통시장,1001332,1988,1001,987,225,325,286,307,342,503,110,171,163,150,175,232,115,154,123,157,167,271,977,0,977,사가정시장
2016,4,R,전통시장,1001331,1389,722,667,176,187,207,254,241,324,98,97,125,134,127,141,78,90,82,120,114,183,679,0,679,면목골목시장
2016,4,R,전통시장,1001330,2189,1095,1094,281,308,336,318,425,521,146,163,180,163,217,226,135,145,156,155,208,295,1038,0,1038,동원시장
2016,4,R,전통시장,1001329,1533,794,739,174,288,318,208,260,285,79,147,183,109,150,126,95,141,135,99,110,159,862,0,862,동부골목시장
2016,4,R,전통시장,1001328,72,31,41,12,5,9,13,15,18,3,2,5,6,9,6,9,3,4,7,6,12,32,0,32,이문제일시장
2016,4,R,전통시장,1001327,246,125,121,27,35,28,33,48,75,15,19,11,19,27,34,12,16,17,14,21,41,108,0,108,이경시장
2016,4,R,전통시장,1001326,1149,510,639,75,443,192,121,101,217,30,183,102,53,48,94,45,260,90,68,53,123,852,0,852,회기시장
2016,4,R,전통시장,1001325,63,43,20,0,1,4,13,20,25,0,1,2,10,15,15,0,0,2,3,5,10,57,0,57,청량리청과물시장
2016,4,R,전통시장,1001324,232,116,116,36,26,23,50,38,59,17,15,13,26,17,28,19,11,10,24,21,31,107,0,107,전곡시장
2016,4,R,전통시장,1001323,461,220,241,65,59,66,86,78,107,30,27,33,45,38,47,35,32,33,41,40,60,209,0,209,답십리시장
2016,4,R,전통시장,1001321,346,173,173,38,32,44,51,56,125,20,15,27,32,28,51,18,17,17,19,28,74,170,0,170,답십리현대시장
2016,4,R,전통시장,1001320,95,60,35,5,9,12,16,22,31,4,6,10,10,13,17,1,3,2,6,9,14,56,0,56,전농로터리시장
2016,4,R,전통시장,1001319,117,65,52,5,9,19,10,27,47,3,5,11,7,14,25,2,4,8,3,13,22,58,0,58,청량리종합시장
2016,4,R,전통시장,1001318,172,131,41,3,10,13,14,51,81,2,9,6,13,44,57,1,1,7,1,7,24,141,0,141,청량리전통시장
2016,4,R,전통시장,1001317,179,87,92,34,29,22,18,35,41,23,15,10,5,16,18,11,14,12,13,19,23,75,0,75,청량리농수산물시장
2016,4,R,전통시장,1001316,2176,1186,990,146,305,287,329,399,710,89,184,167,199,215,332,57,121,120,130,184,378,1395,0,1395,서울약령시장
2016,4,R,전통시장,1001315,2,2,0,0,0,0,1,1,0,0,0,0,1,1,0,0,0,0,0,0,0,2,0,2,동서시장
2016,4,R,전통시장,1001314,13,8,5,0,0,0,2,3,8,0,0,0,2,3,3,0,0,0,0,0,5,10,0,10,경동시장
2016,4,R,전통시장,1001313,482,256,226,34,83,84,68,74,139,18,36,48,44,41,69,16,47,36,24,33,70,283,0,283,청량리수산시장
2016,4,R,전통시장,1001312,19,13,6,0,2,2,5,1,9,0,1,2,4,1,5,0,1,0,1,0,4,14,0,14,용두시장
2016,4,R,전통시장,1001311,2,2,0,0,0,1,0,0,1,0,0,1,0,0,1,0,0,0,0,0,0,2,0,2,동부청과시장
2016,4,R,전통시장,1001310,148,76,72,19,19,20,23,23,44,8,9,13,13,10,23,11,10,7,10,13,21,68,0,68,구의시장
2016,4,R,전통시장,1001309,76,31,45,3,35,9,3,7,19,2,14,4,0,4,7,1,21,5,3,3,12,54,0,54,조양시장
2016,4,R,전통시장,1001308,1268,646,622,127,179,162,236,226,338,69,91,88,127,123,148,58,88,74,109,103,190,659,0,659,영동교골목시장
2016,4,R,전통시장,1001307,407,208,199,48,62,47,56,86,108,25,29,23,28,47,56,23,33,24,28,39,52,204,0,204,능동로골목시장
2016,4,R,전통시장,1001306,335,177,158,27,42,42,48,87,89,19,26,23,26,49,34,8,16,19,22,38,55,188,0,188,노룬산골목시장
2016,4,R,전통시장,1001305,61,33,28,14,7,12,8,13,7,6,3,8,5,6,5,8,4,4,3,7,2,21,0,21,자양종합시장
2016,4,R,전통시장,1001304,2003,976,1027,273,318,357,325,360,370,136,157,181,163,171,168,137,161,176,162,189,202,912,0,912,자양골목시장
2016,4,R,전통시장,1001303,101,45,56,14,14,10,17,18,28,7,7,5,8,5,13,7,7,5,9,13,15,42,0,42,신성골목시장
2016,4,R,전통시장,1001302,477,243,234,70,63,74,82,85,103,40,28,35,46,46,48,30,35,39,36,39,55,219,0,219,면곡골목시장
2016,4,R,전통시장,1001301,862,431,431,122,112,138,125,173,192,64,54,79,55,87,92,58,58,59,70,86,100,379,0,379,중곡제일시장
2016,4,R,전통시장,1001300,938,413,525,59,347,217,92,100,123,31,126,104,51,48,53,28,221,113,41,52,70,634,0,634,화양제일골목시장
2016,4,R,전통시장,1001299,13,6,7,0,4,3,2,1,3,0,1,1,1,1,2,0,3,2,1,0,1,12,0,12,한아름시장
2016,4,R,전통시장,1001298,2076,1042,1034,265,305,299,349,394,464,132,155,156,185,203,211,133,150,143,164,191,253,973,0,973,성동용답상가시장
2016,4,R,전통시장,1001297,600,316,284,69,75,68,101,134,153,36,47,41,52,72,68,33,28,27,49,62,85,308,74,234,뚝도시장
2016,4,R,전통시장,1001296,249,128,121,19,22,37,37,44,90,11,12,21,24,23,37,8,10,16,13,21,53,143,0,143,금남시장
2016,4,R,전통시장,1001295,1510,770,740,168,276,226,220,282,338,82,131,131,113,151,162,86,145,95,107,131,176,810,0,810,행당시장
2016,4,R,전통시장,1001294,357,202,155,41,37,44,57,63,115,27,25,24,33,40,53,14,12,20,24,23,62,196,2,194,마장축산물시장
2016,4,R,전통시장,1001293,7,3,4,0,0,1,1,0,5,0,0,1,0,0,2,0,0,0,1,0,3,4,0,4,보광시장
2016,4,R,전통시장,1001292,41,19,22,3,7,6,7,6,12,2,2,3,5,2,5,1,5,3,2,4,7,24,0,24,이태원제일시장
2016,4,R,전통시장,1001291,62,30,32,11,4,10,9,10,18,5,0,5,7,4,9,6,4,5,2,6,9,33,24,9,이태원시장
2016,4,R,전통시장,1001290,96,55,41,8,14,13,14,20,27,3,9,9,7,11,16,5,5,4,7,9,11,52,27,25,이촌종합시장
2016,4,R,전통시장,1001289,425,209,216,41,75,68,58,68,115,20,40,44,31,32,42,21,35,24,27,36,73,231,0,231,용문전통시장
2016,4,R,전통시장,1001288,30,19,11,0,2,1,4,12,11,0,1,1,3,8,6,0,1,0,1,4,5,21,0,21,만리시장
2016,4,R,전통시장,1001287,134,69,65,10,17,18,9,28,52,3,9,9,6,18,24,7,8,9,3,10,28,81,0,81,신흥시장
2016,4,R,전통시장,1001286,289,146,143,21,51,35,36,63,83,11,26,21,24,27,37,10,25,14,12,36,46,161,28,133,후암시장
2016,4,R,전통시장,1001285,75,53,22,4,5,11,13,19,23,2,1,7,12,15,16,2,4,4,1,4,7,69,0,69,합동(새벽)시장
2016,4,R,전통시장,1001284,1123,597,526,101,123,134,150,218,397,57,70,81,84,121,184,44,53,53,66,97,213,622,0,622,서울중앙시장
2016,4,R,전통시장,1001283,890,465,425,89,108,126,134,176,257,41,67,69,76,94,118,48,41,57,58,82,139,439,0,439,백학시장
2016,4,R,전통시장,1001282,1034,497,537,128,167,145,177,148,269,67,77,65,97,75,116,61,90,80,80,73,153,528,18,510,약수시장
2016,4,R,전통시장,1001281,1,1,0,0,0,0,1,0,0,0,0,0,1,0,0,0,0,0,0,0,0,1,0,1,청평화시장
2016,4,R,전통시장,1001279,60,26,34,3,8,6,7,21,15,2,4,1,5,8,6,1,4,5,2,13,9,39,28,11,동평화시장
2016,4,R,전통시장,1001277,305,198,107,21,38,34,49,61,102,12,22,23,33,41,67,9,16,11,16,20,35,209,22,187,방산종합시장
2016,4,R,전통시장,1001276,1,1,0,0,0,0,0,0,1,0,0,0,0,0,1,0,0,0,0,0,0,1,0,1,평화시장
2016,4,R,전통시장,1001275,151,86,65,10,23,11,19,38,50,5,13,6,12,23,27,5,10,5,7,15,23,84,37,47,인현시장
2016,4,R,전통시장,1001274,277,182,95,11,16,25,43,74,108,9,8,14,28,57,66,2,8,11,15,17,42,213,0,213,신중부시장
2016,4,R,전통시장,1001273,83,48,35,1,5,9,12,23,33,1,4,5,8,15,15,0,1,4,4,8,18,64,0,64,남대문시장
2016,4,R,전통시장,1001272,17,12,5,0,1,1,2,4,9,0,1,1,2,3,5,0,0,0,0,1,4,15,0,15,신설종합시장
2016,4,R,전통시장,1001271,827,462,365,51,190,120,104,139,223,22,84,69,66,94,127,29,106,51,38,45,96,615,63,552,동묘시장
2016,4,R,전통시장,1001270,434,229,205,43,49,44,72,84,142,21,35,27,40,46,60,22,14,17,32,38,82,248,0,248,창신골목시장
2016,4,R,전통시장,1001269,73,37,36,6,6,13,14,13,21,2,4,8,4,8,11,4,2,5,10,5,10,40,36,4,동문시장
2016,4,R,전통시장,1001268,172,87,85,20,23,11,35,36,47,9,12,6,18,21,21,11,11,5,17,15,26,83,0,83,충신시장
2016,4,R,전통시장,1001267,119,78,41,2,13,7,21,34,42,1,9,6,17,24,21,1,4,1,4,10,21,91,0,91,종로신진시장
2016,4,R,전통시장,1001266,3,3,0,0,0,0,1,2,0,0,0,0,1,2,0,0,0,0,0,0,0,3,0,3,동대문종합시장
2016,4,R,전통시장,1001265,52,24,28,2,4,1,5,15,25,2,2,0,1,10,9,0,2,1,4,5,16,41,0,41,광장시장
2016,4,R,전통시장,1001264,791,374,417,115,96,114,124,124,218,68,42,52,62,55,95,47,54,62,62,69,123,368,43,325,통인시장
2016,4,D,발달상권,1001263,244,152,92,14,46,29,53,42,60,6,19,19,32,32,44,8,27,10,21,10,16,186,0,186,서울 노원구 노원역_3
2016,4,D,발달상권,1001262,33,28,5,0,4,3,8,10,8,0,1,3,8,9,7,0,3,0,0,1,1,32,0,32,서울 노원구 노원역_2
2016,4,D,발달상권,1001261,690,309,381,120,92,102,114,123,139,49,51,44,50,55,60,71,41,58,64,68,79,273,268,5,서울 노원구 노원역_1
2016,4,D,발달상권,1001260,404,262,142,16,99,71,81,74,63,6,42,43,64,58,49,10,57,28,17,16,14,343,0,343,창동역
2016,4,D,발달상권,1001259,703,378,325,52,138,131,102,122,158,29,57,66,57,78,91,23,81,65,45,44,67,463,0,463,서울 강북구 수유역_3
2016,4,D,발달상권,1001258,205,95,110,38,18,55,58,21,15,18,8,30,26,9,4,20,10,25,32,12,11,111,0,111,등나무근린공원 주변
2016,4,D,발달상권,1001257,2079,1047,1032,135,371,380,354,331,508,69,169,206,188,186,229,66,202,174,166,145,279,1353,0,1353,서울 강북구 수유역_2
2016,4,D,발달상권,1001256,812,403,409,86,170,173,128,120,135,49,66,84,76,66,62,37,104,89,52,54,73,444,28,416,서울 강북구 수유역_1
2016,4,D,발달상권,1001255,82,52,30,5,22,5,18,16,16,2,13,4,10,12,11,3,9,1,8,4,5,64,0,64,서울 은평구 연신내역_3
2016,4,D,발달상권,1001254,1190,607,583,133,221,253,190,172,221,74,106,141,106,85,95,59,115,112,84,87,126,664,0,664,서울 은평구 연신내역_2
2016,4,D,발달상권,1001253,256,111,145,27,57,55,35,47,35,17,21,16,16,24,17,10,36,39,19,23,18,160,0,160,서울 은평구 연신내역_1
2016,4,D,발달상권,1001252,491,269,222,30,88,67,52,109,145,16,56,34,33,58,72,14,32,33,19,51,73,253,0,253,서울 성북구 미아삼거리역_2
2016,4,D,발달상권,1001251,394,229,165,22,37,50,81,87,117,16,28,28,52,43,62,6,9,22,29,44,55,245,0,245,서울 강북구 미아삼거리역_1
2016,4,D,발달상권,1001250,789,350,439,62,240,265,89,65,68,36,75,134,44,31,30,26,165,131,45,34,38,559,66,493,서울 은평구 불광역_3
2016,4,D,발달상권,1001249,673,340,333,47,175,140,88,97,126,23,82,76,50,48,61,24,93,64,38,49,65,447,0,447,서울 은평구 불광역_2
2016,4,D,발달상권,1001248,577,274,303,41,111,113,68,92,152,21,45,62,32,42,72,20,66,51,36,50,80,343,24,319,서울 은평구 불광역_1
2016,4,D,발달상권,1001247,111,56,55,9,17,14,15,22,34,4,10,9,8,13,12,5,7,5,7,9,22,60,0,60,미아사거리_2
2016,4,D,발달상권,1001246,950,463,487,150,163,170,169,144,154,86,62,79,86,69,81,64,101,91,83,75,73,436,225,211,미아사거리_1
2016,4,D,발달상권,1001245,1091,505,586,80,307,217,159,150,178,41,121,96,83,77,87,39,186,121,76,73,91,740,0,740,서울 성북구 성신여대입구역
2016,4,D,발달상권,1001244,406,190,216,38,133,69,47,42,77,18,55,36,26,20,35,20,78,33,21,22,42,269,0,269,경희대학교
2016,4,D,발달상권,1001243,404,183,221,30,175,55,29,42,73,14,73,25,19,20,32,16,102,30,10,22,41,275,0,275,서울 성북구 안암역
2016,4,D,발달상권,1001242,680,307,373,50,231,118,78,73,130,23,97,57,38,36,56,27,134,61,40,37,74,468,0,468,혜화역 대학로_3
2016,4,D,발달상권,1001241,816,395,421,83,299,162,81,69,122,41,137,81,51,32,53,42,162,81,30,37,69,548,22,526,혜화역 대학로_2
2016,4,D,발달상권,1001240,543,241,302,56,132,107,74,69,105,26,56,50,34,33,42,30,76,57,40,36,63,322,0,322,혜화역 대학로_1
2016,4,D,발달상권,1001239,1055,496,559,224,212,201,217,137,64,110,80,92,109,75,30,114,132,109,108,62,34,500,101,399,디지털미디어시티
2016,4,D,발달상권,1001238,2964,1505,1459,356,408,400,401,527,872,159,200,207,218,280,441,197,208,193,183,247,431,1424,699,725,서울 동대문구 청량리역
2016,4,D,발달상권,1001237,306,142,164,40,38,68,44,43,73,21,21,34,16,17,33,19,17,34,28,26,40,169,0,169,서울 종로구 경복궁역_2
2016,4,D,발달상권,1001236,293,138,155,37,37,26,49,58,86,19,20,12,19,28,40,18,17,14,30,30,46,144,0,144,서울 종로구 안국역_2
2016,4,D,발달상권,1001235,125,57,68,16,7,21,20,18,43,9,4,8,11,13,12,7,3,13,9,5,31,72,0,72,서울 종로구 안국역_1
2016,4,D,발달상권,1001234,689,319,370,78,95,104,119,114,179,38,43,52,56,53,77,40,52,52,63,61,102,342,0,342,서울 종로구 경복궁역_1
2016,4,D,발달상권,1001233,157,117,40,9,12,8,26,53,49,5,8,5,19,43,37,4,4,3,7,10,12,110,0,110,서울 종로구 종로3가역_3
2016,4,D,발달상권,1001232,2508,1705,803,69,105,145,311,689,1189,42,75,91,235,538,724,27,30,54,76,151,465,2142,0,2142,서울 종로구 종로3가역_2
2016,4,D,발달상권,1001231,337,211,126,12,76,74,52,49,74,8,34,37,40,37,55,4,42,37,12,12,19,284,0,284,서울 동대문구 신설동역_2
2016,4,D,발달상권,1001230,807,441,366,74,78,108,121,137,289,44,43,58,73,78,145,30,35,50,48,59,144,485,175,310,인사동
2016,4,D,발달상권,1001229,285,161,124,20,35,37,40,57,96,13,17,25,27,34,45,7,18,12,13,23,51,174,0,174,서울 종로구 종로5가역_4
2016,4,D,발달상권,1001228,818,502,316,48,53,90,134,183,310,29,28,54,89,127,175,19,25,36,45,56,135,579,0,579,서울 종로구 종로5가역_3
2016,4,D,발달상권,1001227,556,305,251,42,84,75,91,118,146,25,45,45,48,66,76,17,39,30,43,52,70,354,101,253,종로구청
2016,4,D,발달상권,1001226,1970,981,989,247,407,365,259,278,414,119,197,182,133,143,207,128,210,183,126,135,207,1076,0,1076,서울 종로구 종로5가역_2
2016,4,D,발달상권,1001225,349,207,142,11,105,70,52,49,62,5,39,42,36,39,46,6,66,28,16,10,16,284,0,284,신설동역
2016,4,D,발달상권,1001224,167,121,46,4,18,32,11,39,63,2,7,20,10,32,50,2,11,12,1,7,13,133,0,133,서울 동대문구 신설동역_1
2016,4,D,발달상권,1001223,2349,1058,1291,353,252,450,374,329,591,178,107,185,162,161,265,175,145,265,212,168,326,1118,620,498,서울 종로구 광화문역_2
2016,4,D,발달상권,1001222,915,461,454,134,124,126,142,174,215,75,64,62,79,86,95,59,60,64,63,88,120,369,237,132,동묘앞역
2016,4,D,발달상권,1001221,3634,1829,1805,440,623,953,604,472,542,231,287,508,313,231,259,209,336,445,291,241,283,1949,229,1720,장안동사거리
2016,4,D,발달상권,1001220,662,422,240,26,61,72,76,190,237,11,33,53,53,131,141,15,28,19,23,59,96,491,0,491,서울 종로구 동대문역_2
2016,4,D,발달상권,1001219,136,71,65,18,19,14,22,27,36,8,7,7,14,14,21,10,12,7,8,13,15,71,0,71,서울 종로구 동대문역_1
2016,4,D,발달상권,1001218,36,19,17,1,2,6,4,8,15,0,0,2,3,5,9,1,2,4,1,3,6,29,0,29,동대문시장_2
2016,4,D,발달상권,1001217,25,6,19,0,0,0,3,5,17,0,0,0,2,0,4,0,0,0,1,5,13,22,0,22,서울 종로구 종로5가역_1
2016,4,D,발달상권,1001216,167,132,35,4,37,13,23,43,47,2,32,9,21,33,35,2,5,4,2,10,12,149,0,149,서울 종로구 종로3가역_1
2016,4,D,발달상권,1001215,10,8,2,1,0,0,4,2,3,0,0,0,3,2,3,1,0,0,1,0,0,8,0,8,서울 종로구 광화문역_1
2016,4,D,발달상권,1001214,3,1,2,0,0,1,0,2,0,0,0,0,0,1,0,0,0,1,0,1,0,3,1,2,종각역
2016,4,D,발달상권,1001213,113,78,35,5,28,21,13,22,24,2,22,16,8,13,17,3,6,5,5,9,7,93,0,93,종각역 젊음의 거리
2016,4,D,발달상권,1001212,118,86,32,6,3,8,18,37,46,1,2,6,15,31,31,5,1,2,3,6,15,94,0,94,서대문구 서대문역_1
2016,4,D,발달상권,1001211,35,22,13,1,1,7,3,11,12,1,0,4,3,8,6,0,1,3,0,3,6,30,0,30,동대문시장_1
2016,4,D,발달상권,1001210,224,112,112,37,22,74,45,24,22,18,11,37,20,14,12,19,11,37,25,10,10,123,0,123,시청역_2
2016,4,D,발달상권,1001209,91,56,35,8,1,14,11,23,34,5,1,8,6,12,24,3,0,6,5,11,10,62,0,62,서울시청
2016,4,D,발달상권,1001208,556,374,182,15,34,35,69,138,265,8,18,23,50,108,167,7,16,12,19,30,98,445,60,385,서울 중구 을지로3가역_2
2016,4,D,발달상권,1001207,325,169,156,20,73,61,51,59,61,11,27,30,31,36,34,9,46,31,20,23,27,216,0,216,서울 중구 신당역_2
2016,4,D,발달상권,1001206,881,427,454,71,187,191,128,148,156,34,67,103,72,84,67,37,120,88,56,64,89,552,0,552,서대문구 서대문역_2
2016,4,D,발달상권,1001205,442,271,171,12,49,58,72,101,150,3,28,32,47,69,92,9,21,26,25,32,58,323,11,312,동대문역사문화공원역
2016,4,D,발달상권,1001204,239,164,75,9,13,18,35,59,105,3,6,11,25,45,74,6,7,7,10,14,31,187,0,187,서울 중구 을지로3가역_1
2016,4,D,발달상권,1001203,639,73,566,7,19,68,129,140,276,0,6,7,16,24,20,7,13,61,113,116,256,100,0,100,명동거리
2016,4,D,발달상권,1001202,1,1,0,0,0,1,0,0,0,0,0,1,0,0,0,0,0,0,0,0,0,1,0,1,롯데백화점
2016,4,D,발달상권,1001201,954,516,438,93,120,121,157,214,249,52,70,74,81,120,119,41,50,47,76,94,130,533,42,491,서울 중구 신당역_1
2016,4,D,발달상권,1001200,266,166,100,3,19,31,47,63,103,0,10,27,29,38,62,3,9,4,18,25,41,229,0,229,북창동
2016,4,D,발달상권,1001199,1453,758,695,121,189,222,184,275,462,61,96,116,113,148,224,60,93,106,71,127,238,773,464,309,서울 중구 충무로역_2
2016,4,D,발달상권,1001198,2146,1026,1120,175,446,364,276,366,519,92,184,194,147,182,227,83,262,170,129,184,292,1352,37,1315,서울 강서구 송정역
2016,4,D,발달상권,1001197,1136,632,504,111,183,226,192,193,231,62,75,129,116,126,124,49,108,97,76,67,107,652,50,602,장한평역_2
2016,4,D,발달상권,1001196,320,158,162,55,28,89,58,42,48,28,9,41,33,23,24,27,19,48,25,19,24,145,0,145,시청역_1
2016,4,D,발달상권,1001195,454,210,244,59,88,66,79,69,93,22,37,35,40,35,41,37,51,31,39,34,52,243,0,243,왕십리역_2
2016,4,D,발달상권,1001194,106,50,56,2,20,39,19,19,7,0,6,18,10,12,4,2,14,21,9,7,3,79,0,79,서울 강서구 발산역
2016,4,D,발달상권,1001193,211,126,85,12,32,23,46,48,50,8,22,12,32,27,25,4,10,11,14,21,25,125,24,101,장한평역_1
2016,4,D,발달상권,1001192,820,407,413,66,112,102,118,153,269,27,55,60,70,80,115,39,57,42,48,73,154,530,0,530,서울 중구 충무로역_1
2016,4,D,발달상권,1001191,3,2,1,0,0,0,1,2,0,0,0,0,1,1,0,0,0,0,0,1,0,2,0,2,왕십리역_1
2016,4,D,발달상권,1001190,1104,832,272,24,165,259,244,270,142,15,72,172,214,250,109,9,93,87,30,20,33,956,0,956,장한평역
2016,4,D,발달상권,1001189,1283,616,667,131,161,171,209,236,375,62,69,86,109,110,180,69,92,85,100,126,195,698,16,682,서울 중구 명동역
2016,4,D,발달상권,1001188,307,167,140,27,82,42,48,33,75,13,45,25,31,21,32,14,37,17,17,12,43,204,34,170,장충동 족발거리
2016,4,D,발달상권,1001187,982,471,511,42,577,148,53,58,104,19,271,80,28,29,44,23,306,68,25,29,60,783,0,783,한양시장
2016,4,D,발달상권,1001186,1306,489,817,61,378,173,187,163,344,21,72,75,100,76,145,40,306,98,87,87,199,986,61,925,서울 서대문구 이대역
2016,4,D,발달상권,1001185,2803,1404,1399,155,1159,482,290,286,431,79,538,258,175,159,195,76,621,224,115,127,236,2089,79,2010,서울 서대문구 신촌역
2016,4,D,발달상권,1001184,189,85,104,10,47,59,33,19,21,5,20,24,18,8,10,5,27,35,15,11,11,149,0,149,서울 마포구 홍대입구역_3
2016,4,D,발달상권,1001183,563,260,303,63,102,129,65,59,145,33,46,51,34,28,68,30,56,78,31,31,77,291,0,291,서울 마포구 홍대입구역_2
2016,4,D,발달상권,1001182,5383,2540,2843,456,1349,1344,763,546,925,226,603,659,396,254,402,230,746,685,367,292,523,3394,127,3267,홍익대학교 주변
2016,4,D,발달상권,1001181,1706,791,915,141,424,446,184,232,279,70,168,205,104,107,137,71,256,241,80,125,142,1034,0,1034,서울 광진구 군자역
2016,4,D,발달상권,1001180,1266,652,614,73,400,277,168,132,216,43,192,139,92,75,111,30,208,138,76,57,105,941,26,915,신촌역
2016,4,D,발달상권,1001179,2791,1347,1444,317,544,660,457,391,422,162,184,333,268,206,194,155,360,327,189,185,228,1675,110,1565,강서구청
2016,4,D,발달상권,1001178,662,343,319,62,110,177,110,65,138,26,57,105,56,38,61,36,53,72,54,27,77,402,0,402,서울 마포구 홍대입구역_1
2016,4,D,발달상권,1001177,52,29,23,5,5,8,11,4,19,4,2,3,8,1,11,1,3,5,3,3,8,26,0,26,서울 중구 약수역_2
2016,4,D,발달상권,1001176,13,8,5,1,3,3,2,1,3,1,2,1,2,0,2,0,1,2,0,1,1,10,0,10,서울 중구 약수역_1
2016,4,D,발달상권,1001175,2671,1339,1332,588,407,306,496,512,362,325,232,134,225,250,173,263,175,172,271,262,189,868,637,231,서울 강동구 고덕역
2016,4,D,발달상권,1001174,1035,474,561,116,233,291,131,120,144,63,72,150,69,60,60,53,161,141,62,60,84,548,23,525,등촌역
2016,4,D,발달상권,1001173,2014,1013,1001,303,258,316,339,335,463,165,129,164,170,167,218,138,129,152,169,168,245,1001,8,993,서울 강동구 명일역
2016,4,D,발달상권,1001172,662,379,283,86,135,106,120,116,99,48,67,66,73,73,52,38,68,40,47,43,47,346,78,268,어린이대공원역
2016,4,D,발달상권,1001171,31,16,15,1,7,2,4,7,10,0,4,1,3,4,4,1,3,1,1,3,6,19,0,19,서울 마포구 공덕역_2
2016,4,D,발달상권,1001170,385,193,192,42,61,44,57,96,85,16,32,22,28,46,49,26,29,22,29,50,36,162,120,42,공덕역
2016,4,D,발달상권,1001169,513,286,227,33,76,80,82,102,140,17,47,42,49,60,71,16,29,38,33,42,69,321,0,321,서울 용산구 숙대입구역
2016,4,D,발달상권,1001168,180,87,93,5,54,55,26,17,23,1,22,31,16,6,11,4,32,24,10,11,12,139,0,139,남영역
2016,4,D,발달상권,1001167,570,267,303,89,107,100,97,125,52,48,48,45,43,58,25,41,59,55,54,67,27,215,0,215,서울 마포구 공덕역_1
2016,4,D,발달상권,1001166,3271,1491,1780,508,433,868,683,382,397,249,167,398,327,181,169,259,266,470,356,201,228,1707,425,1282,서울 마포구 마포역_2
2016,4,D,발달상권,1001165,2078,923,1155,132,770,458,214,172,332,69,287,224,109,88,146,63,483,234,105,84,186,1437,0,1437,서울 광진구 건대입구역_2
2016,4,D,발달상권,1001164,913,454,459,99,131,187,136,147,213,58,60,95,74,69,98,41,71,92,62,78,115,510,0,510,서울 마포구 마포역_1
2016,4,D,발달상권,1001163,4441,2212,2229,355,699,1090,685,752,860,180,321,533,376,388,414,175,378,557,309,364,446,2704,962,1742,서울 강동구 천호역_2
2016,4,D,발달상권,1001162,1112,525,587,89,240,206,173,164,240,42,98,99,86,81,119,47,142,107,87,83,121,654,0,654,서울 광진구 건대입구역_1
2016,4,D,발달상권,1001161,540,229,311,25,15,18,23,19,440,14,4,5,10,8,188,11,11,13,13,11,252,296,0,296,건대입구역
2016,4,D,발달상권,1001160,1974,918,1056,151,468,486,310,269,290,72,171,236,175,127,137,79,297,250,135,142,153,1284,0,1284,서울 광진구 구의역
2016,4,D,발달상권,1001159,323,154,169,28,45,65,55,46,84,15,21,31,27,20,40,13,24,34,28,26,44,174,0,174,서울 강동구 천호역
2016,4,D,발달상권,1001158,527,216,311,27,197,132,54,50,67,14,55,56,28,30,33,13,142,76,26,20,34,401,0,401,당산역_2
2016,4,D,발달상권,1001157,338,164,174,42,60,47,56,55,78,18,32,25,31,28,30,24,28,22,25,27,48,175,0,175,서울 강동구 천호역_1
2016,4,D,발달상권,1001156,3018,1495,1523,195,850,723,447,417,386,95,308,372,285,227,208,100,542,351,162,190,178,2070,0,2070,서울 강동구 길동역
2016,4,D,발달상권,1001155,586,334,252,49,82,141,100,69,145,23,46,95,66,41,63,26,36,46,34,28,82,336,35,301,용산 전자상가_5
2016,4,D,발달상권,1001154,655,330,325,131,63,124,146,77,114,74,39,55,79,38,45,57,24,69,67,39,69,271,0,271,용산 전자상가_4
2016,4,D,발달상권,1001153,1043,506,537,82,314,329,110,108,100,43,120,171,65,60,47,39,194,158,45,48,53,677,101,576,당산역_1
2016,4,D,발달상권,1001152,194,90,104,28,33,21,22,33,57,14,15,7,10,13,31,14,18,14,12,20,26,67,64,3,서울 광진구 강변역
2016,4,D,발달상권,1001151,235,118,117,20,34,45,30,41,65,11,18,23,17,17,32,9,16,22,13,24,33,110,73,37,용산 전자상가_3
2016,4,D,발달상권,1001150,953,507,446,68,164,180,153,174,214,35,88,103,80,101,100,33,76,77,73,73,114,603,0,603,서울 용산구 이태원역
2016,4,D,발달상권,1001149,189,102,87,9,35,21,30,32,62,5,22,13,17,16,29,4,13,8,13,16,33,124,0,124,한남오거리
2016,4,D,발달상권,1001148,61,34,27,4,14,14,14,7,8,2,1,6,12,6,7,2,13,8,2,1,1,55,0,55,목동사거리
2016,4,D,발달상권,1001147,163,87,76,24,28,37,17,30,27,16,13,18,11,16,13,8,15,19,6,14,14,64,0,64,용산 전자상가_2
2016,4,D,발달상권,1001146,114,52,62,18,13,21,22,10,30,7,7,9,13,3,13,11,6,12,9,7,17,59,0,59,용산구청
2016,4,D,발달상권,1001145,350,198,152,42,44,102,73,53,36,17,23,54,49,33,22,25,21,48,24,20,14,206,0,206,용산 전자상가_1
2016,4,D,발달상권,1001144,648,342,306,34,108,174,126,114,92,21,47,82,73,70,49,13,61,92,53,44,43,489,33,456,국회의사당역_2
2016,4,D,발달상권,1001143,1062,520,542,28,52,101,156,206,519,19,29,51,86,112,223,9,23,50,70,94,296,821,0,821,서울 용산구 신용산역
2016,4,D,발달상권,1001141,1363,659,704,205,162,274,280,169,273,99,78,130,146,86,120,106,84,144,134,83,153,697,235,462,압구정 로데오거리_2
2016,4,D,발달상권,1001140,1975,872,1103,253,321,409,343,234,415,131,140,161,146,114,180,122,181,248,197,120,235,1011,38,973,서울 강남구 압구정역
2016,4,D,발달상권,1001139,1345,678,667,90,263,262,192,219,319,44,124,126,98,129,157,46,139,136,94,90,162,905,0,905,서울 영등포구 영등포구청역
2016,4,D,발달상권,1001138,596,282,314,90,62,89,90,83,182,44,34,37,37,42,88,46,28,52,53,41,94,245,0,245,압구정 로데오거리_1
2016,4,D,발달상권,1001137,803,435,368,116,114,119,163,127,164,74,66,64,79,76,76,42,48,55,84,51,88,387,22,365,서울 강동구 둔촌동역
2016,4,D,발달상권,1001136,893,421,472,227,114,101,203,126,122,111,49,41,99,59,62,116,65,60,104,67,60,265,223,42,오목교역
2016,4,D,발달상권,1001135,4038,1858,2180,557,593,904,742,489,753,293,238,399,358,236,334,264,355,505,384,253,419,2212,86,2126,신사동 가로수길
2016,4,D,발달상권,1001134,13,10,3,1,1,1,4,4,2,0,1,1,3,3,2,1,0,0,1,1,0,10,0,10,서울 영등포구 여의도역_2
2016,4,D,발달상권,1001133,892,397,495,62,77,115,181,153,304,26,40,54,84,70,123,36,37,61,97,83,181,593,0,593,청담사거리_3
2016,4,D,발달상권,1001132,415,239,176,35,52,66,70,69,123,18,32,42,46,39,62,17,20,24,24,30,61,226,0,226,영등포유통상가
2016,4,D,발달상권,1001131,1072,481,591,188,150,228,218,151,137,98,59,90,100,69,65,90,91,138,118,82,72,500,335,165,청담역_2
2016,4,D,발달상권,1001130,210,100,110,48,31,25,36,33,37,22,17,11,17,17,16,26,14,14,19,16,21,67,0,67,청담역_1
2016,4,D,발달상권,1001129,354,168,186,50,45,61,60,54,84,20,26,28,29,25,40,30,19,33,31,29,44,133,0,133,청담사거리_2
2016,4,D,발달상권,1001128,262,116,146,36,45,56,53,37,35,16,19,26,25,18,12,20,26,30,28,19,23,134,0,134,청담사거리_1
2016,4,D,발달상권,1001127,2651,1289,1362,466,337,363,439,461,585,249,146,164,204,232,294,217,191,199,235,229,291,957,845,112,서울 영등포구 여의도역_1
2016,4,D,발달상권,1001126,279,137,142,24,51,38,36,57,73,15,25,21,19,24,33,9,26,17,17,33,40,150,0,150,서울 양천구 신정네거리역_2
2016,4,D,발달상권,1001125,493,248,245,94,63,89,98,62,87,57,35,35,48,27,46,37,28,54,50,35,41,190,114,76,학동사거리_2
2016,4,D,발달상권,1001124,1471,946,525,50,92,142,255,357,575,27,55,94,175,259,336,23,37,48,80,98,239,1132,0,1132,서울 영등포구 영등포시장역
2016,4,D,발달상권,1001123,481,236,245,50,77,106,89,56,103,26,30,51,44,34,51,24,47,55,45,22,52,283,51,232,학동사거리_1
2016,4,D,발달상권,1001122,1453,693,760,237,161,194,221,229,411,125,85,76,106,113,188,112,76,118,115,116,223,582,116,466,여의도 시범아파트앞
2016,4,D,발달상권,1001121,411,252,159,11,116,97,51,61,75,8,43,62,38,46,55,3,73,35,13,15,20,348,0,348,영등포역_3
2016,4,D,발달상권,1001120,421,191,230,58,71,114,58,48,72,31,29,53,25,20,33,27,42,61,33,28,39,218,72,146,도산공원사거리_1
2016,4,D,발달상권,1001119,620,461,159,14,101,73,116,165,151,9,39,56,110,139,108,5,62,17,6,26,43,559,0,559,영등포역_2
2016,4,D,발달상권,1001118,1501,758,743,240,147,227,240,261,386,123,80,108,125,142,180,117,67,119,115,119,206,706,224,482,문래동 주민센터
2016,4,D,발달상권,1001117,1047,484,563,73,208,296,166,121,183,38,83,129,95,61,78,35,125,167,71,60,105,659,0,659,강남구 신사역_2
2016,4,D,발달상권,1001116,226,126,100,3,110,57,24,22,10,1,45,36,18,18,8,2,65,21,6,4,2,207,0,207,영등포역_1
2016,4,D,발달상권,1001115,708,357,351,33,56,123,161,135,200,14,30,54,80,91,88,19,26,69,81,44,112,524,0,524,서울 강남구 강남구청역_2
2016,4,D,발달상권,1001114,830,451,379,50,138,196,162,116,168,29,66,103,100,64,89,21,72,93,62,52,79,552,0,552,강남구 신사역_1
2016,4,D,발달상권,1001113,22,16,6,0,2,4,3,6,7,0,1,4,3,6,2,0,1,0,0,0,5,18,0,18,서울 동작구 노량진1동_1
2016,4,D,발달상권,1001112,140,76,64,4,22,40,25,22,27,3,11,24,12,12,14,1,11,16,13,10,13,96,0,96,서울 강남구 학동역_3
2016,4,D,발달상권,1001111,580,286,294,53,111,158,104,81,73,28,52,70,48,48,40,25,59,88,56,33,33,387,44,343,서울 강남구 강남구청역_1
2016,4,D,발달상권,1001110,2449,1163,1286,359,378,352,317,454,589,177,192,159,129,206,300,182,186,193,188,248,289,849,787,62,잠실역
2016,4,D,발달상권,1001109,1938,955,983,164,365,518,342,255,294,88,167,240,172,147,141,76,198,278,170,108,153,1206,20,1186,강남구 논현역_4
2016,4,D,발달상권,1001108,483,185,298,23,95,174,76,58,57,13,34,59,31,26,22,10,61,115,45,32,35,342,0,342,학동역
2016,4,D,발달상권,1001107,1510,818,692,119,263,376,252,253,247,68,124,204,151,144,127,51,139,172,101,109,120,930,0,930,방이동 먹자골목
2016,4,D,발달상권,1001106,100,48,52,3,28,34,12,10,13,0,9,19,8,6,6,3,19,15,4,4,7,72,0,72,서울 강남구 학동역_2
2016,4,D,발달상권,1001105,1110,542,568,59,583,179,93,74,122,25,263,114,55,34,51,34,320,65,38,40,71,923,0,923,서울 동작구 노량진역
2016,4,D,발달상권,1001104,52,38,14,0,15,8,7,8,14,0,11,6,6,4,11,0,4,2,1,4,3,36,0,36,삼성역_3
2016,4,D,발달상권,1001103,19,11,8,6,1,1,3,4,4,3,0,1,1,3,3,3,1,0,2,1,1,10,0,10,코엑스
2016,4,D,발달상권,1001102,936,421,515,84,203,261,154,86,148,42,86,111,75,39,68,42,117,150,79,47,80,539,0,539,서울 강남구 학동역_1
2016,4,D,발달상권,1001101,3151,1424,1727,418,480,764,620,386,483,212,211,322,285,192,202,206,269,442,335,194,281,1861,13,1848,선정릉역_2
2016,4,D,발달상권,1001100,78,38,40,5,14,23,10,9,17,3,7,11,5,4,8,2,7,12,5,5,9,44,0,44,강남구 논현역_3
2016,4,D,발달상권,1001099,662,342,320,63,134,145,120,102,98,38,64,77,57,62,44,25,70,68,63,40,54,383,22,361,포스코사거리_2
2016,4,D,발달상권,1001098,2142,1026,1116,248,349,541,378,293,333,123,158,243,204,148,150,125,191,298,174,145,183,1221,51,1170,포스코사거리_1
2016,4,D,발달상권,1001096,4139,1996,2143,775,586,1020,641,644,473,379,288,475,318,296,240,396,298,545,323,348,233,1503,1145,358,신도림역
2016,4,D,발달상권,1001095,4074,1946,2128,324,861,1113,641,480,655,171,377,524,342,239,293,153,484,589,299,241,362,2505,0,2505,강남구 논현역_2
2016,4,D,발달상권,1001094,649,297,352,95,129,125,114,95,91,48,52,56,54,44,43,47,77,69,60,51,48,335,22,313,선정릉역_1
2016,4,D,발달상권,1001093,2859,1377,1482,265,508,697,474,422,493,144,218,342,249,204,220,121,290,355,225,218,273,1673,165,1508,신천역
2016,4,D,발달상권,1001092,2031,996,1035,133,387,540,354,286,331,64,156,257,209,156,154,69,231,283,145,130,177,1407,23,1384,강남구 논현역_1
2016,4,D,발달상권,1001091,7,4,3,0,1,1,1,2,2,0,0,1,1,1,1,0,1,0,0,1,1,3,0,3,삼성역_2
2016,4,D,발달상권,1001090,623,311,312,52,112,178,119,73,89,28,49,80,72,37,45,24,63,98,47,36,44,393,0,393,삼정역_2
2016,4,D,발달상권,1001089,87,42,45,4,16,22,9,18,18,1,7,14,3,8,9,3,9,8,6,10,9,50,0,50,삼정역_1
2016,4,D,발달상권,1001088,1373,687,686,202,242,327,251,166,185,117,106,161,127,83,93,85,136,166,124,83,92,743,0,743,삼성역_1
2016,4,D,발달상권,1001087,2147,1057,1090,147,486,621,336,263,294,69,233,303,179,129,144,78,253,318,157,134,150,1378,0,1378,서울 강남구 선릉역_2
2016,4,D,발달상권,1001085,3207,1624,1583,247,763,949,429,386,433,137,337,485,256,199,210,110,426,464,173,187,223,2231,30,2201,서울 서초구 강남역
2016,4,D,발달상권,1001084,716,356,360,65,98,193,195,77,88,31,41,91,105,45,43,34,57,102,90,32,45,509,1,508,서울 강남구 선릉역_1
2016,4,D,발달상권,1001083,589,282,307,97,84,159,96,63,90,54,38,71,44,30,45,43,46,88,52,33,45,285,6,279,서울 송파구 석촌역_2
2016,4,D,발달상권,1001082,4094,1830,2264,480,695,1210,799,474,436,220,269,491,407,237,206,260,426,719,392,237,230,2531,110,2421,선릉역_2
2016,4,D,발달상권,1001081,996,488,508,79,196,277,159,132,153,46,77,129,92,71,73,33,119,148,67,61,80,623,0,623,서울 강남구 역삼역_2
2016,4,D,발달상권,1001080,215,100,115,26,38,58,34,25,34,16,18,19,19,10,18,10,20,39,15,15,16,116,0,116,서울 송파구 석촌역_1
2016,4,D,발달상권,1001079,7,2,5,0,2,1,1,1,2,0,1,0,0,1,0,0,1,1,1,0,2,5,0,5,석촌역
2016,4,D,발달상권,1001078,1961,897,1064,196,307,406,369,301,382,84,116,191,177,152,177,112,191,215,192,149,205,1117,292,825,서울 강남구 강남역_2
2016,4,D,발달상권,1001077,1209,521,688,246,156,265,292,128,122,97,68,99,132,66,59,149,88,166,160,62,63,544,272,272,선릉역_1
2016,4,D,발달상권,1001076,716,346,370,129,109,205,102,86,85,67,38,102,56,43,40,62,71,103,46,43,45,325,158,167,구로역
2016,4,D,발달상권,1001075,459,308,151,373,21,32,8,11,14,265,3,18,6,8,8,108,18,14,2,3,6,76,7,69,역삼역_2
2016,4,D,발달상권,1001074,2621,1274,1347,252,712,755,419,268,215,116,254,392,244,162,106,136,458,363,175,106,109,1799,0,1799,대림역_2
2016,4,D,발달상권,1001073,5469,2852,2617,380,1078,1457,1034,710,810,194,479,782,608,396,393,186,599,675,426,314,417,3830,16,3814,서울 강남구 역삼역_1
2016,4,D,발달상권,1001072,1249,598,651,120,276,281,184,179,209,58,107,124,106,99,104,62,169,157,78,80,105,773,35,738,신대방삼거리역
2016,4,D,발달상권,1001071,2128,1003,1125,416,350,257,449,344,312,219,167,120,184,174,139,197,183,137,265,170,173,937,0,937,서울 강남구 한티역
2016,4,D,발달상권,1001070,383,201,182,106,39,24,121,64,29,72,17,10,51,39,12,34,22,14,70,25,17,125,90,35,은마아파트입구사거리_4
2016,4,D,발달상권,1001069,340,166,174,74,58,26,87,46,49,39,31,12,38,22,24,35,27,14,49,24,25,140,16,124,은마아파트입구사거리_3
2016,4,D,발달상권,1001068,24,13,11,4,3,3,2,7,5,2,1,3,0,4,3,2,2,0,2,3,2,10,0,10,은마아파트입구사거리_2
2016,4,D,발달상권,1001067,3729,1833,1896,289,923,1106,536,376,499,140,359,589,318,192,235,149,564,517,218,184,264,2565,135,2430,오류동역
2016,4,D,발달상권,1001066,2497,1170,1327,268,671,763,323,234,238,151,282,340,168,110,119,117,389,423,155,124,119,1739,329,1410,서울 강남구 강남역
2016,4,D,발달상권,1001065,194,104,90,47,29,16,44,35,23,29,18,10,22,16,9,18,11,6,22,19,14,66,0,66,은마아파트입구사거리_1
2016,4,D,발달상권,1001064,1767,808,959,100,631,615,234,97,90,51,187,320,144,63,43,49,444,295,90,34,47,1457,36,1421,대림역_1
2016,4,D,발달상권,1001063,1461,711,750,315,226,155,290,197,278,147,120,76,129,104,135,168,106,79,161,93,143,591,41,550,교대역_4
2016,4,D,발달상권,1001062,1333,621,712,165,221,352,229,181,185,77,97,163,116,82,86,88,124,189,113,99,99,708,82,626,서울 강남구 강남역_1
2016,4,D,발달상권,1001061,2711,1305,1406,663,291,402,596,360,399,323,151,183,284,193,171,340,140,219,312,167,228,993,452,541,방배동카페골목
2016,4,D,발달상권,1001059,20,10,10,1,1,6,2,6,4,0,0,2,2,3,3,1,1,4,0,3,1,11,0,11,교대역_3
2016,4,D,발달상권,1001058,2824,1361,1463,332,515,814,440,334,389,160,239,426,212,144,180,172,276,388,228,190,209,1570,43,1527,역삼역_1
2016,4,D,발달상권,1001057,1690,792,898,244,346,353,263,239,245,123,165,160,125,112,107,121,181,193,138,127,138,1014,264,750,교대역_2
2016,4,D,발달상권,1001056,536,298,238,33,72,118,89,105,119,18,28,52,53,78,69,15,44,66,36,27,50,370,0,370,서울 송파구 가락시장역
2016,4,D,발달상권,1001055,63,33,30,8,10,10,9,10,16,3,7,5,5,4,9,5,3,5,4,6,7,26,0,26,서울 서초구 서초역
2016,4,D,발달상권,1001054,615,295,320,191,82,49,142,103,48,94,38,18,66,56,23,97,44,31,76,47,25,193,164,29,서울 강남구 대치역_2
2016,4,D,발달상권,1001053,523,268,255,171,46,41,146,75,44,94,24,19,68,43,20,77,22,22,78,32,24,144,144,0,서울 강남구 대치역_1
2016,4,D,발달상권,1001052,1898,836,1062,137,483,593,292,202,191,72,185,278,133,88,80,65,298,315,159,114,111,1355,220,1135,뱅뱅사거리_2
2016,4,D,발달상권,1001051,5207,2473,2734,948,650,865,857,653,1234,467,331,382,409,310,574,481,319,483,448,343,660,1990,472,1518,보라매공원
2016,4,D,발달상권,1001050,2520,1214,1306,292,488,509,346,430,455,140,213,258,169,216,218,152,275,251,177,214,237,1234,185,1049,교대역_1
2016,4,D,발달상권,1001049,2846,1430,1416,360,382,397,437,527,743,181,206,209,228,270,336,179,176,188,209,257,407,1266,10,1256,개봉동 현대아파트 인근
2016,4,D,발달상권,1001048,1488,662,826,124,390,449,256,145,124,66,140,201,130,69,56,58,250,248,126,76,68,1017,110,907,뱅뱅사거리
2016,4,D,발달상권,1001047,1080,554,526,133,236,323,145,117,126,67,101,184,90,51,61,66,135,139,55,66,65,632,19,613,뱅뱅사거리_1
2016,4,D,발달상권,1001046,2979,1474,1505,133,1133,946,343,207,217,71,496,501,196,105,105,62,637,445,147,102,112,2402,187,2215,서울 관악구 신림역_4
2016,4,D,발달상권,1001045,1165,541,624,94,236,253,148,159,275,42,93,121,76,87,122,52,143,132,72,72,153,641,0,641,동작구 총신대입구역_1
2016,4,D,발달상권,1001044,1964,939,1025,254,324,492,288,270,336,131,148,232,139,127,162,123,176,260,149,143,174,976,70,906,양재역_3
2016,4,D,발달상권,1001043,1828,801,1027,385,241,374,413,225,190,166,91,163,186,115,80,219,150,211,227,110,110,855,148,707,동작구 총신대입구역_2
2016,4,D,발달상권,1001042,461,223,238,53,95,102,67,56,88,30,40,48,36,25,44,23,55,54,31,31,44,268,0,268,서울 서초구 남부터미널역_3
2016,4,D,발달상권,1001041,1596,737,859,149,152,300,232,248,515,71,62,135,134,146,189,78,90,165,98,102,326,945,501,444,서울 강남구 수서역
2016,4,D,발달상권,1001040,832,448,384,21,330,214,93,86,88,10,136,144,57,56,45,11,194,70,36,30,43,702,0,702,서울 관악구 신림역_3
2016,4,D,발달상권,1001039,1461,764,697,80,267,473,293,207,141,44,89,232,179,137,83,36,178,241,114,70,58,1130,0,1130,서울 서초구 남부터미널역_2
2016,4,D,발달상권,1001038,141,76,65,16,15,22,22,36,30,6,9,13,12,22,14,10,6,9,10,14,16,80,0,80,구로디지탈1단지
2016,4,D,발달상권,1001037,1715,785,930,252,301,406,271,222,263,103,140,194,128,102,118,149,161,212,143,120,145,862,153,709,양재역
2016,4,D,발달상권,1001036,398,208,190,64,63,78,72,60,61,33,40,39,40,27,29,31,23,39,32,33,32,185,0,185,문정역
2016,4,D,발달상권,1001035,584,297,287,81,106,101,99,102,95,47,48,49,55,49,49,34,58,52,44,53,46,283,0,283,매봉역
2016,4,D,발달상권,1001034,1228,609,619,162,188,272,225,173,208,84,82,139,128,84,92,78,106,133,97,89,116,630,18,612,서울 서초구 방배역
2016,4,D,발달상권,1001033,1209,589,620,197,195,199,200,197,221,101,94,96,95,88,115,96,101,103,105,109,106,494,0,494,서울 서초구 남부터미널역_1
2016,4,D,발달상권,1001032,1601,848,753,91,531,376,182,174,247,53,272,213,102,79,129,38,259,163,80,95,118,1050,0,1050,서울 관악구 신림역_2
2016,4,D,발달상권,1001031,513,233,280,15,202,148,61,41,46,7,68,81,33,21,23,8,134,67,28,20,23,410,0,410,서울 관악구 신림역_1
2016,4,D,발달상권,1001030,899,442,457,106,149,233,145,120,146,50,70,119,73,61,69,56,79,114,72,59,77,468,0,468,양재역_2
2016,4,D,발달상권,1001028,433,234,199,22,148,88,48,52,75,11,72,48,34,28,41,11,76,40,14,24,34,327,0,327,서울 관악구 서울대입구역_2
2016,4,D,발달상권,1001027,1490,823,667,28,406,371,234,241,210,9,142,210,161,176,125,19,264,161,73,65,85,1327,255,1072,가산디지털단지역_3
2016,4,D,발달상권,1001026,468,278,190,26,55,45,74,127,141,20,29,33,49,82,65,6,26,12,25,45,76,285,0,285,구로디지털단지역
2016,4,D,발달상권,1001025,5614,2652,2962,274,2374,1365,547,506,548,126,981,675,317,274,279,148,1393,690,230,232,269,4350,20,4330,서울 관악구 서울대입구역_1
2016,4,D,발달상권,1001024,919,442,477,138,167,174,144,150,146,63,83,76,73,72,75,75,84,98,71,78,71,400,138,262,관악구 사당역_1
2016,4,D,발달상권,1001023,468,243,225,48,76,104,57,69,114,23,40,59,34,31,56,25,36,45,23,38,58,219,130,89,가산디지털단지역_2
2016,4,D,발달상권,1001022,942,439,503,49,265,212,102,119,195,32,103,99,54,59,92,17,162,113,48,60,103,606,0,606,관악구 사당역_2
2016,4,D,발달상권,1001021,19,14,5,1,0,4,4,6,4,0,0,2,4,5,3,1,0,2,0,1,1,16,3,13,가산디지털단지역_1
2016,4,D,발달상권,1001019,55,34,21,6,6,15,14,6,8,3,3,8,9,4,7,3,3,7,5,2,1,37,0,37,포이사거리_1
2016,4,D,발달상권,1001018,1766,977,789,175,313,419,327,294,238,104,154,227,199,178,115,71,159,192,128,116,123,1089,9,1080,포이사거리_2
2016,4,D,발달상권,1001017,311,142,169,17,95,79,35,39,46,8,35,41,18,19,21,9,60,38,17,20,25,219,104,115,관악구 사당역_3
2016,4,D,발달상권,1001016,1642,1003,639,105,660,354,192,142,189,60,400,250,129,73,91,45,260,104,63,69,98,1260,0,1260,서울 관악구 대학동_1
2016,4,D,발달상권,1001015,1033,576,457,56,180,249,194,164,190,26,91,162,112,97,88,30,89,87,82,67,102,763,8,755,서울 금천구 독산1동_1
2016,4,D,발달상권,1001013,1748,843,905,504,166,315,328,189,246,263,78,140,181,81,100,241,88,175,147,108,146,540,0,540,양재 화물트럭터미널앞_2
2016,4,D,발달상권,1001012,2,2,0,0,0,0,0,1,1,0,0,0,0,1,1,0,0,0,0,0,0,2,0,2,양재 화물트럭터미널앞_1
2016,4,D,발달상권,1001011,1607,851,756,117,183,231,272,310,494,62,102,124,156,174,233,55,81,107,116,136,261,1016,27,989,서울 금천구 시흥1동_4
2016,4,A,골목상권,1001010,3228,1649,1579,405,467,605,518,576,657,218,248,320,279,287,297,187,219,285,239,289,360,1632,35,1597,풍성로37가길
2016,4,A,골목상권,1001009,4050,2036,2014,487,599,703,637,726,898,236,298,383,341,361,417,251,301,320,296,365,481,1999,86,1913,천호옛길
2016,4,A,골목상권,1001008,2189,1063,1126,226,350,360,325,405,523,111,174,185,166,178,249,115,176,175,159,227,274,1042,69,973,천호옛14길
2016,4,A,골목상권,1001007,2382,1220,1162,345,364,283,378,497,515,170,199,153,198,265,235,175,165,130,180,232,280,1010,0,1010,천호대로219길
2016,4,A,골목상권,1001006,4973,2478,2495,844,740,819,832,875,863,429,396,415,410,429,399,415,344,404,422,446,464,1828,652,1176,천호대로197길
2016,4,A,골목상권,1001005,2805,1352,1453,430,389,550,395,474,567,210,200,269,187,226,260,220,189,281,208,248,307,1212,96,1116,천호대로187길
2016,4,A,골목상권,1001004,4252,2109,2143,559,700,919,587,710,777,280,340,474,303,343,369,279,360,445,284,367,408,1888,312,1576,천호대로170길
2016,4,A,골목상권,1001003,2635,1326,1309,369,394,462,391,482,537,186,204,250,202,230,254,183,190,212,189,252,283,1117,281,836,천호대로162길
2016,4,A,골목상권,1001002,4674,2259,2415,725,713,751,684,831,970,391,352,371,341,366,438,334,361,380,343,465,532,1829,285,1544,천중로51길
2016,4,A,골목상권,1001001,6747,3342,3405,1080,974,1172,1059,1155,1307,558,485,638,518,536,607,522,489,534,541,619,700,2677,479,2198,천중로39길
2016,4,A,골목상권,1001000,1779,890,889,209,280,383,264,296,347,115,126,205,147,136,161,94,154,178,117,160,186,867,0,867,진황도로47길
2016,4,A,골목상권,1000999,7146,3622,3524,830,1013,1315,1029,1268,1691,400,505,747,546,615,809,430,508,568,483,653,882,3394,915,2479,진황도로27길
2016,4,A,골목상권,1000998,3284,1622,1662,408,402,610,552,587,725,211,204,329,270,295,313,197,198,281,282,292,412,1626,140,1486,올림픽로98길
2016,4,A,골목상권,1000997,2169,1108,1061,270,257,281,356,425,580,142,140,149,189,224,264,128,117,132,167,201,316,1085,0,1085,올림픽로80길
2016,4,A,골목상권,1000996,1930,1024,906,160,204,232,337,443,554,68,105,137,202,248,264,92,99,95,135,195,290,1152,72,1080,올림픽로78길
2016,4,A,골목상권,1000995,2503,1289,1214,292,340,447,381,494,549,152,160,243,220,259,255,140,180,204,161,235,294,1203,8,1195,올림픽로77길
2016,4,A,골목상권,1000994,2559,1280,1279,248,363,405,385,486,672,132,186,219,203,241,299,116,177,186,182,245,373,1330,0,1330,올림픽로71길
2016,4,A,골목상권,1000993,1499,710,789,256,193,307,259,200,284,135,87,134,135,91,128,121,106,173,124,109,156,612,99,513,올림픽로48길
2016,4,A,골목상권,1000992,3646,1806,1840,781,443,651,617,500,654,405,218,326,320,232,305,376,225,325,297,268,349,1342,734,608,양재대로96길
2016,4,A,골목상권,1000991,3634,1788,1846,538,578,681,539,638,660,295,305,350,259,293,286,243,273,331,280,345,374,1539,180,1359,양재대로95길
2016,4,A,골목상권,1000990,4418,2166,2252,792,641,698,762,747,778,424,357,348,364,350,323,368,284,350,398,397,455,1742,487,1255,양재대로91길
2016,4,A,골목상권,1000989,5146,2533,2613,744,804,791,760,932,1115,374,414,426,394,413,512,370,390,365,366,519,603,2083,371,1712,양재대로133길
2016,4,A,골목상권,1000988,4707,2338,2369,690,703,829,727,869,889,351,374,431,362,408,412,339,329,398,365,461,477,1945,154,1791,양재대로124길
2016,4,A,골목상권,1000987,1557,750,807,218,260,295,208,264,312,117,128,148,101,118,138,101,132,147,107,146,174,664,127,537,양재대로116길
2016,4,A,골목상권,1000986,4895,2406,2489,602,788,1179,714,731,881,311,373,609,369,329,415,291,415,570,345,402,466,2383,188,2195,양재대로101길
2016,4,A,골목상권,1000985,6888,3471,3417,1041,951,1166,1106,1198,1426,541,503,644,561,583,639,500,448,522,545,615,787,2979,107,2872,암사길
2016,4,A,골목상권,1000984,4175,2048,2127,734,600,749,728,656,708,397,302,375,351,305,318,337,298,374,377,351,390,1598,215,1383,성안로3길
2016,4,A,골목상권,1000983,3700,1799,1901,743,500,613,657,534,653,370,257,278,331,257,306,373,243,335,326,277,347,1362,743,619,성내로5길
2016,4,A,골목상권,1000982,1404,722,682,239,238,186,216,283,242,122,144,91,108,142,115,117,94,95,108,141,127,549,0,549,상일로5길
2016,4,A,골목상권,1000981,1967,988,979,307,239,414,320,281,406,166,115,215,166,136,190,141,124,199,154,145,216,943,269,674,상암로5길
2016,4,A,골목상권,1000980,3058,1476,1582,546,438,425,508,529,612,282,230,210,244,234,276,264,208,215,264,295,336,1186,313,873,상암로51길
2016,4,A,골목상권,1000979,3628,1815,1813,547,479,825,616,569,592,271,216,424,345,275,284,276,263,401,271,294,308,1747,67,1680,상암로4길
2016,4,A,골목상권,1000978,3972,1933,2039,618,556,794,579,691,734,314,253,414,281,327,344,304,303,380,298,364,390,1654,508,1146,상암로14길
2016,4,A,골목상권,1000977,2583,1312,1271,407,401,369,401,474,531,226,205,198,208,233,242,181,196,171,193,241,289,1154,156,998,명일로13길
2016,4,A,골목상권,1000976,3140,1620,1520,519,460,358,501,618,684,271,251,198,268,318,314,248,209,160,233,300,370,1267,0,1267,동남로85길
2016,4,A,골목상권,1000975,1906,1016,890,282,264,204,313,408,435,154,148,123,169,220,202,128,116,81,144,188,233,876,0,876,동남로82길
2016,4,A,골목상권,1000974,2823,1400,1423,593,394,295,552,478,511,326,209,158,253,234,220,267,185,137,299,244,291,1110,0,1110,동남로65길
2016,4,A,골목상권,1000973,4410,2304,2106,600,552,655,770,876,957,321,291,361,416,457,458,279,261,294,354,419,499,2178,114,2064,구천면로42길
2016,4,A,골목상권,1000972,5315,2704,2611,784,684,911,852,973,1111,430,361,491,452,464,506,354,323,420,400,509,605,2295,321,1974,구천면로41길
2016,4,A,골목상권,1000971,2655,1378,1277,354,387,381,409,528,596,191,193,220,213,277,284,163,194,161,196,251,312,1204,0,1204,구천면로36길
2016,4,A,골목상권,1000970,988,507,481,167,141,113,152,190,225,86,75,68,73,95,110,81,66,45,79,95,115,391,0,391,고덕로61길
2016,4,A,골목상권,1000969,1571,773,798,324,197,249,255,235,311,154,104,124,129,113,149,170,93,125,126,122,162,562,173,389,고덕로25길
2016,4,A,골목상권,1000968,2214,1101,1113,380,300,437,376,340,381,199,150,221,196,154,181,181,150,216,180,186,200,1002,69,933,고덕로10길
2016,4,A,골목상권,1000967,4252,2167,2085,818,588,655,745,719,727,476,324,347,360,339,321,342,264,308,385,380,406,1620,333,1287,강동대로53길
2016,4,A,골목상권,1000966,2068,991,1077,246,268,304,315,382,553,129,129,153,163,170,247,117,139,151,152,212,306,961,0,961,풍성로25길
2016,4,A,골목상권,1000965,2706,1353,1353,548,424,373,481,443,437,279,223,194,239,210,208,269,201,179,242,233,229,994,138,856,오금로46길
2016,4,A,골목상권,1000964,2847,1401,1446,451,506,510,468,473,439,219,251,274,227,220,210,232,255,236,241,253,229,1209,59,1150,오금로36길
2016,4,A,골목상권,1000963,4919,2385,2534,573,787,1225,702,774,858,302,382,640,347,332,382,271,405,585,355,442,476,2436,20,2416,오금로11길
2016,4,A,골목상권,1000962,2722,1334,1388,440,470,329,458,507,518,230,255,163,195,249,242,210,215,166,263,258,276,1007,362,645,양재대로72길
2016,4,A,골목상권,1000961,1566,746,820,283,237,259,246,263,278,139,119,121,118,115,134,144,118,138,128,148,144,621,35,586,양재대로71길
2016,4,A,골목상권,1000960,2656,1378,1278,444,387,495,416,479,435,240,205,259,221,241,212,204,182,236,195,238,223,1111,17,1094,양재대로64길
2016,4,A,골목상권,1000959,1593,812,781,256,214,327,285,243,268,130,103,180,150,129,120,126,111,147,135,114,148,720,232,488,양재대로62길
2016,4,A,골목상권,1000958,2378,1229,1149,281,359,385,412,498,443,156,184,195,212,255,227,125,175,190,200,243,216,1152,0,1152,송파대로30길
2016,4,A,골목상권,1000957,3110,1530,1580,503,482,592,491,543,499,265,238,299,247,244,237,238,244,293,244,299,262,1255,328,927,송이로36길
2016,4,A,골목상권,1000956,5216,2541,2675,848,877,1007,867,885,732,418,444,526,408,414,331,430,433,481,459,471,401,2189,245,1944,송이로32길
2016,4,A,골목상권,1000955,4803,2411,2392,742,820,946,748,790,757,407,397,496,367,384,360,335,423,450,381,406,397,2062,157,1905,송이로23길
2016,4,A,골목상권,1000954,6534,3076,3458,820,1183,1604,987,971,969,430,550,771,458,442,425,390,633,833,529,529,544,3389,17,3372,삼전로13길
2016,4,A,골목상권,1000953,8631,4207,4424,1395,1345,1671,1338,1385,1497,772,655,827,639,624,690,623,690,844,699,761,807,3556,93,3463,백제고분로50길
2016,4,A,골목상권,1000952,3245,1542,1703,529,503,698,515,495,505,264,243,339,241,233,222,265,260,359,274,262,283,1404,33,1371,백제고분로46길
2016,4,A,골목상권,1000951,4812,2307,2505,715,805,1163,716,688,725,362,363,554,358,321,349,353,442,609,358,367,376,2171,151,2020,백제고분로45길
2016,4,A,골목상권,1000950,4147,1991,2156,522,744,1011,623,624,623,270,322,516,295,297,291,252,422,495,328,327,332,2023,10,2013,백제고분로42길
2016,4,A,골목상권,1000949,3380,1563,1817,443,584,833,502,470,548,240,226,403,236,208,250,203,358,430,266,262,298,1664,0,1664,백제고분로39길
2016,4,A,골목상권,1000948,7947,3901,4046,1171,1218,1799,1332,1164,1263,612,614,913,660,544,558,559,604,886,672,620,705,3657,67,3590,백제고분로34길
2016,4,A,골목상권,1000947,6249,2941,3308,772,1114,1641,951,830,941,395,493,794,472,384,403,377,621,847,479,446,538,3176,9,3167,백제고분로33길
2016,4,A,골목상권,1000946,6533,3144,3389,1089,991,1452,1107,949,945,583,477,703,542,427,412,506,514,749,565,522,533,2894,59,2835,백제고분로32길
2016,4,A,골목상권,1000945,6418,2966,3452,985,1016,1473,1069,888,987,506,451,687,504,394,424,479,565,786,565,494,563,3017,9,3008,백제고분로31길
2016,4,A,골목상권,1000944,6946,3328,3618,1082,1108,1618,1216,975,947,550,522,783,576,453,444,532,586,835,640,522,503,3225,16,3209,백제고분로22길
2016,4,A,골목상권,1000943,2422,1180,1242,288,393,603,417,380,341,152,171,294,219,194,150,136,222,309,198,186,191,1262,0,1262,백제고분로21길
2016,4,A,골목상권,1000942,4282,2159,2123,656,485,567,711,776,1087,327,246,304,385,401,496,329,239,263,326,375,591,1987,114,1873,마천로51길
2016,4,A,골목상권,1000941,3437,1630,1807,673,510,581,618,531,524,334,234,288,286,259,229,339,276,293,332,272,295,1246,385,861,동남로20길
2016,4,A,골목상권,1000940,3402,1749,1653,488,391,424,580,666,853,258,220,226,312,354,379,230,171,198,268,312,474,1627,0,1627,거마로20길
2016,4,A,골목상권,1000939,2528,1206,1322,559,327,499,521,305,317,323,148,197,246,145,147,236,179,302,275,160,170,987,630,357,학동로77길
2016,4,A,골목상권,1000938,1643,720,923,133,348,487,259,155,261,71,135,219,112,71,112,62,213,268,147,84,149,995,0,995,학동로6길
2016,4,A,골목상권,1000937,1034,485,549,174,162,211,183,131,173,91,80,94,78,63,79,83,82,117,105,68,94,465,132,333,학동로56길
2016,4,A,골목상권,1000936,1534,701,833,167,293,428,247,165,234,77,129,204,124,74,93,90,164,224,123,91,141,812,101,711,학동로38길
2016,4,A,골목상권,1000935,456,217,239,40,76,91,72,65,112,25,37,45,33,29,48,15,39,46,39,36,64,235,0,235,테헤란로81길
2016,4,A,골목상권,1000934,3455,1694,1761,584,643,579,524,553,572,325,307,281,258,259,264,259,336,298,266,294,308,1491,0,1491,일원로9길
2016,4,A,골목상권,1000933,2401,1195,1206,461,379,394,375,401,391,261,196,195,180,182,181,200,183,199,195,219,210,970,80,890,일원로3길
2016,4,A,골목상권,1000932,2541,1272,1269,439,343,293,456,451,559,262,189,148,202,226,245,177,154,145,254,225,314,1150,0,1150,영동대로65길
2016,4,A,골목상권,1000931,2745,1346,1399,484,424,492,473,415,457,275,226,219,220,187,219,209,198,273,253,228,238,1047,504,543,영동대로112길
2016,4,A,골목상권,1000930,3605,1777,1828,403,666,982,644,469,441,193,295,491,358,240,200,210,371,491,286,229,241,2068,225,1843,언주로81길
2016,4,A,골목상권,1000929,1056,474,582,165,178,243,184,123,163,84,83,89,86,59,73,81,95,154,98,64,90,533,57,476,압구정로2길
2016,4,A,골목상권,1000928,1731,868,863,289,248,255,267,334,338,153,141,126,130,167,151,136,107,129,137,167,187,743,23,720,선릉로18길
2016,4,A,골목상권,1000927,2184,1002,1182,300,401,477,393,274,339,156,153,227,195,127,144,144,248,250,198,147,195,1127,0,1127,선릉로146길
2016,4,A,골목상권,1000926,1621,735,886,223,291,366,269,193,279,119,105,173,122,90,126,104,186,193,147,103,153,787,110,677,선릉로133길
2016,4,A,골목상권,1000925,2350,1075,1275,467,345,442,428,306,362,246,146,168,211,147,157,221,199,274,217,159,205,947,216,731,선릉로132길
2016,4,A,골목상권,1000924,816,382,434,78,144,214,147,101,132,39,73,89,80,44,57,39,71,125,67,57,75,431,0,431,선릉로121길
2016,4,A,골목상권,1000923,2543,1232,1311,464,427,473,496,326,357,267,206,211,211,167,170,197,221,262,285,159,187,1165,246,919,삼성로75길
2016,4,A,골목상권,1000922,3410,1653,1757,669,598,571,699,485,388,383,291,269,296,258,156,286,307,302,403,227,232,1500,11,1489,삼성로69길
2016,4,A,골목상권,1000921,3323,1752,1571,936,439,219,883,541,305,605,240,99,379,302,127,331,199,120,504,239,178,1057,722,335,삼성로64길
2016,4,A,골목상권,1000920,4244,2029,2215,783,742,638,897,694,490,436,354,284,392,345,218,347,388,354,505,349,272,1976,53,1923,삼성로63길
2016,4,A,골목상권,1000919,1770,925,845,549,211,116,448,304,142,342,103,52,182,180,66,207,108,64,266,124,76,532,427,105,삼성로57길
2016,4,A,골목상권,1000918,1302,587,715,184,238,264,227,169,220,84,104,114,110,83,92,100,134,150,117,86,128,640,27,613,삼성로147길
2016,4,A,골목상권,1000917,2858,1327,1531,551,391,630,552,322,412,311,189,254,247,148,178,240,202,376,305,174,234,1293,126,1167,삼성로115길
2016,4,A,골목상권,1000916,1506,686,820,183,249,459,248,143,224,92,114,189,127,71,93,91,135,270,121,72,131,863,0,863,봉은사로68길
2016,4,A,골목상권,1000915,1565,709,856,230,273,394,303,161,204,128,108,179,132,75,87,102,165,215,171,86,117,809,0,809,봉은사로57길
2016,4,A,골목상권,1000914,3226,1548,1678,553,470,707,592,388,516,303,221,320,278,194,232,250,249,387,314,194,284,1438,325,1113,봉은사로43길
2016,4,A,골목상권,1000913,1307,602,705,116,277,379,204,162,169,53,128,163,109,70,79,63,149,216,95,92,90,773,0,773,봉은사로29길
2016,4,A,골목상권,1000912,2239,1085,1154,434,309,374,377,348,397,229,146,185,170,164,191,205,163,189,207,184,206,812,136,676,봉은사로109길
2016,4,A,골목상권,1000911,2040,955,1085,296,347,386,353,325,333,164,161,193,148,145,144,132,186,193,205,180,189,876,168,708,도산대로89길
2016,4,A,골목상권,1000910,965,445,520,178,131,135,169,129,223,92,54,60,64,63,112,86,77,75,105,66,111,380,0,380,도산대로81길
2016,4,A,골목상권,1000909,2393,1104,1289,348,342,532,360,290,521,175,155,227,186,132,229,173,187,305,174,158,292,1041,442,599,도산대로50길
2016,4,A,골목상권,1000908,1041,463,578,90,202,337,156,113,143,46,81,150,85,42,59,44,121,187,71,71,84,639,0,639,도산대로38길
2016,4,A,골목상권,1000907,943,456,487,91,171,236,165,110,170,47,73,121,82,54,79,44,98,115,83,56,91,506,30,476,도산대로30길
2016,4,A,골목상권,1000906,1585,697,888,206,324,364,254,215,222,93,142,163,108,85,106,113,182,201,146,130,116,819,33,786,도산대로23길
2016,4,A,골목상권,1000905,856,379,477,118,155,207,146,103,127,60,56,92,64,49,58,58,99,115,82,54,69,438,0,438,도산대로15길
2016,4,A,골목상권,1000904,6014,2749,3265,807,964,1468,1039,752,984,407,413,657,498,345,429,400,551,811,541,407,555,3067,65,3002,도곡로37길
2016,4,A,골목상권,1000903,3526,1760,1766,647,521,661,650,530,517,328,269,366,307,271,219,319,252,295,343,259,298,1525,20,1505,논현로8길
2016,4,A,골목상권,1000902,2695,1284,1411,373,434,660,445,356,427,193,197,304,225,159,206,180,237,356,220,197,221,1306,248,1058,논현로63길
2016,4,A,골목상권,1000901,81,45,36,14,10,12,10,13,22,7,9,6,4,6,13,7,1,6,6,7,9,38,0,38,논현로28길
2016,4,A,골목상권,1000900,1267,582,685,133,232,216,212,199,275,70,89,98,105,87,133,63,143,118,107,112,142,653,8,645,논현로26길
2016,4,A,골목상권,1000899,506,218,288,57,98,118,80,68,85,31,38,52,33,26,38,26,60,66,47,42,47,253,0,253,논현로159길
2016,4,A,골목상권,1000898,1491,706,785,182,230,368,230,193,288,90,105,181,113,85,132,92,125,187,117,108,156,736,3,733,논현로139길
2016,4,A,골목상권,1000897,2161,1021,1140,122,387,595,453,287,317,66,181,253,239,151,131,56,206,342,214,136,186,1521,0,1521,논현로123길
2016,4,A,골목상권,1000896,3422,1641,1781,292,713,996,524,415,482,146,313,476,290,195,221,146,400,520,234,220,261,1974,68,1906,논현로115길
2016,4,A,골목상권,1000895,1515,749,766,290,198,252,336,226,213,148,91,139,147,125,99,142,107,113,189,101,114,635,8,627,논현로10길
2016,4,A,골목상권,1000894,2055,870,1185,163,389,745,298,190,270,74,149,288,155,84,120,89,240,457,143,106,150,1327,13,1314,논현로106길
2016,4,A,골목상권,1000893,3299,1590,1709,687,442,555,643,509,463,345,213,262,306,257,207,342,229,293,337,252,256,1249,911,338,남부순환로365길
2016,4,A,골목상권,1000892,35,24,11,2,4,9,7,7,6,1,1,7,5,5,5,1,3,2,2,2,1,29,0,29,개포로82길
2016,4,A,골목상권,1000891,2003,967,1036,428,276,335,405,302,257,206,140,171,187,145,118,222,136,164,218,157,139,778,27,751,개포로28길
2016,4,A,골목상권,1000890,2420,1177,1243,357,456,444,432,418,313,178,229,227,206,199,138,179,227,217,226,219,175,1083,14,1069,개포로20길
2016,4,A,골목상권,1000889,3625,1786,1839,670,482,670,666,578,559,356,246,326,307,290,261,314,236,344,359,288,298,1570,83,1487,개포로17길
2016,4,A,골목상권,1000888,1896,876,1020,200,341,463,274,307,311,103,149,219,132,128,145,97,192,244,142,179,166,954,606,348,강남대로140길
2016,4,A,골목상권,1000887,1286,569,717,146,191,291,204,181,273,74,78,111,97,75,134,72,113,180,107,106,139,574,0,574,강남대로136길
2016,4,A,골목상권,1000886,1495,656,839,120,341,466,219,154,195,58,145,195,109,65,84,62,196,271,110,89,111,922,17,905,강남대로118길
2016,4,A,골목상권,1000885,2708,1325,1383,489,390,524,451,382,472,243,197,259,221,183,222,246,193,265,230,199,250,1137,143,994,서초중앙로8길
2016,4,A,골목상권,1000884,2693,1231,1462,560,381,376,540,441,395,250,159,169,245,222,186,310,222,207,295,219,209,1029,148,881,방배중앙로21길
2016,4,A,골목상권,1000883,2169,1087,1082,449,254,468,404,291,303,236,134,227,211,130,149,213,120,241,193,161,154,915,229,686,효령로72길
2016,4,A,골목상권,1000882,1859,913,946,283,221,349,313,281,412,153,115,175,151,135,184,130,106,174,162,146,228,830,329,501,효령로34길
2016,4,A,골목상권,1000881,1875,868,1007,274,247,430,337,218,369,149,103,198,166,92,160,125,144,232,171,126,209,913,19,894,효령로31길
2016,4,A,골목상권,1000880,4309,2009,2300,705,696,837,725,624,722,382,317,373,323,285,329,323,379,464,402,339,393,1837,265,1572,효령로23길
2016,4,A,골목상권,1000879,4069,1956,2113,643,614,707,687,587,831,342,282,357,322,274,379,301,332,350,365,313,452,1792,90,1702,청두곶길
2016,4,A,골목상권,1000878,4184,2037,2147,255,1001,1218,673,493,544,135,436,593,376,248,249,120,565,625,297,245,295,2803,12,2791,주흥길
2016,4,A,골목상권,1000877,2865,1356,1509,233,530,819,477,343,463,117,220,395,264,173,187,116,310,424,213,170,276,1784,52,1732,주흥15길
2016,4,A,골목상권,1000876,2121,1066,1055,324,309,471,389,303,325,172,158,225,215,155,141,152,151,246,174,148,184,977,12,965,언남길
2016,4,A,골목상권,1000875,2798,1331,1467,356,455,644,474,370,499,190,199,303,227,173,239,166,256,341,247,197,260,1392,96,1296,신반포로45길
2016,4,A,골목상권,1000874,4257,2055,2202,593,657,647,653,716,991,308,340,327,315,313,452,285,317,320,338,403,539,1681,0,1681,서초대로8길
2016,4,A,골목상권,1000873,1776,883,893,420,227,316,344,253,216,236,112,140,175,119,101,184,115,176,169,134,115,599,460,139,서초대로64길
2016,4,A,골목상권,1000872,3522,1654,1868,603,545,628,569,514,663,299,247,307,267,229,305,304,298,321,302,285,358,1413,188,1225,서초대로4길
2016,4,A,골목상권,1000871,1256,600,656,221,180,240,205,180,230,125,86,109,95,77,108,96,94,131,110,103,122,531,0,531,서초대로25길
2016,4,A,골목상권,1000870,2769,1299,1470,430,378,540,478,411,532,220,174,255,223,201,226,210,204,285,255,210,306,1272,302,970,서초대로23길
2016,4,A,골목상권,1000869,3793,1720,2073,644,584,791,642,509,623,299,264,336,306,247,268,345,320,455,336,262,355,1679,22,1657,서초대로15길
2016,4,A,골목상권,1000868,1224,553,671,68,304,329,181,162,180,33,127,147,97,74,75,35,177,182,84,88,105,812,0,812,사평대로57길
2016,4,A,골목상권,1000867,222,92,130,37,35,34,29,31,56,18,13,13,13,8,27,19,22,21,16,23,29,91,0,91,사평대로26길
2016,4,A,골목상권,1000866,1665,761,904,345,200,315,301,255,249,175,95,134,131,110,116,170,105,181,170,145,133,635,26,609,사평대로22길
2016,4,A,골목상권,1000865,1065,492,573,154,185,228,153,158,187,73,98,106,72,64,79,81,87,122,81,94,108,526,87,439,사임당로17길
2016,4,A,골목상권,1000864,1002,450,552,241,116,182,188,124,151,111,48,86,88,56,61,130,68,96,100,68,90,378,0,378,방배로42길
2016,4,A,골목상권,1000863,1835,857,978,372,248,241,373,288,313,176,117,109,165,146,144,196,131,132,208,142,169,707,8,699,방배로35길
2016,4,A,골목상권,1000862,1643,772,871,233,269,399,255,202,285,127,115,194,119,94,123,106,154,205,136,108,162,777,14,763,방배로18길
2016,4,A,골목상권,1000861,1730,840,890,300,271,239,326,277,317,164,138,120,147,131,140,136,133,119,179,146,177,685,10,675,반포대로9길
2016,4,A,골목상권,1000860,2841,1372,1469,405,438,620,408,408,562,211,214,302,199,190,256,194,224,318,209,218,306,1269,167,1102,바우뫼로39길
2016,4,A,골목상권,1000859,1570,784,786,245,220,372,260,199,274,122,113,195,134,92,128,123,107,177,126,107,146,694,56,638,마방로2길
2016,4,A,골목상권,1000858,1191,550,641,166,220,264,169,172,200,88,98,117,84,74,89,78,122,147,85,98,111,567,0,567,방배천로4안길
2016,4,A,골목상권,1000857,2025,1032,993,302,309,497,390,256,271,153,168,263,199,128,121,149,141,234,191,128,150,942,32,910,동산로19길
2016,4,A,골목상권,1000856,3412,1707,1705,562,542,661,596,481,570,305,269,351,302,227,253,257,273,310,294,254,317,1476,44,1432,동산로10길
2016,4,A,골목상권,1000855,1705,770,935,322,224,280,316,251,312,162,96,119,138,127,128,160,128,161,178,124,184,728,8,720,동광로39길
2016,4,A,골목상권,1000854,3369,1549,1820,622,498,598,678,502,471,304,214,307,292,246,186,318,284,291,386,256,285,1420,29,1391,동광로1길
2016,4,A,골목상권,1000853,1465,655,810,318,200,203,277,218,249,128,87,95,126,107,112,190,113,108,151,111,137,560,13,547,동광로12길
2016,4,A,골목상권,1000852,1911,918,993,222,277,469,342,258,343,124,126,231,171,117,149,98,151,238,171,141,194,1043,150,893,논현로27길
2016,4,A,골목상권,1000851,3133,1522,1611,541,472,655,565,497,403,270,226,329,288,231,178,271,246,326,277,266,225,1341,90,1251,논현로1길
2016,4,A,골목상권,1000850,1514,748,766,271,226,334,273,180,230,134,115,178,137,79,105,137,111,156,136,101,125,704,79,625,남부순환로339길
2016,4,A,골목상권,1000849,2548,1230,1318,405,392,380,424,429,518,210,184,181,202,207,246,195,208,199,222,222,272,1083,227,856,남부순환로325길
2016,4,A,골목상권,1000848,1765,869,896,335,314,269,322,264,261,192,164,123,150,128,112,143,150,146,172,136,149,667,159,508,남부순환로317길
2016,4,A,골목상권,1000847,1982,959,1023,430,251,296,372,280,353,228,118,140,184,127,162,202,133,156,188,153,191,720,403,317,고무래로8길
2016,4,A,골목상권,1000846,3618,1789,1829,492,639,832,579,530,546,258,291,439,293,262,246,234,348,393,286,268,300,1820,57,1763,강남대로8길
2016,4,A,골목상권,1000845,2645,1239,1406,303,455,690,361,359,477,151,208,350,170,158,202,152,247,340,191,201,275,1318,106,1212,강남대로34길
2016,4,A,골목상권,1000844,967,476,491,115,151,222,141,136,202,65,66,109,75,58,103,50,85,113,66,78,99,468,36,432,강남대로23길
2016,4,A,골목상권,1000843,821,448,373,51,47,104,174,172,273,32,19,50,116,102,129,19,28,54,58,70,144,601,0,601,소담길
2016,4,A,골목상권,1000842,1406,708,698,173,174,211,199,253,396,94,78,128,104,132,172,79,96,83,95,121,224,662,130,532,원신길
2016,4,A,골목상권,1000841,1907,957,950,231,221,235,295,341,584,110,119,129,175,174,250,121,102,106,120,167,334,928,0,928,양지길
2016,4,A,골목상권,1000840,1654,835,819,166,277,341,260,233,377,94,144,202,138,99,158,72,133,139,122,134,219,915,258,657,양산길
2016,4,A,골목상권,1000839,2427,1554,873,99,728,625,423,215,337,49,447,443,317,140,158,50,281,182,106,75,179,1972,0,1972,호암로24길
2016,4,A,골목상권,1000838,2897,1858,1039,169,797,747,479,317,388,94,510,525,363,184,182,75,287,222,116,133,206,2057,0,2057,호암로20길
2016,4,A,골목상권,1000837,4875,2427,2448,367,1532,1294,541,447,694,188,697,725,292,203,322,179,835,569,249,244,372,3198,0,3198,행운길
2016,4,A,골목상권,1000836,3249,1668,1581,326,617,561,458,502,785,174,316,305,242,257,374,152,301,256,216,245,411,1822,17,1805,행운1길
2016,4,A,골목상권,1000835,4407,2162,2245,602,548,662,667,732,1196,307,296,358,365,349,487,295,252,304,302,383,709,2100,379,1721,청림3길
2016,4,A,골목상권,1000834,3387,1618,1769,243,1119,738,396,363,528,125,470,391,209,175,248,118,649,347,187,188,280,2306,49,2257,청룡길
2016,4,A,골목상권,1000833,1840,901,939,257,354,360,260,233,376,138,162,193,131,110,167,119,192,167,129,123,209,968,0,968,청룡8길
2016,4,A,골목상권,1000832,3101,1530,1571,377,620,540,457,420,687,182,301,297,252,210,288,195,319,243,205,210,399,1614,48,1566,중앙길
2016,4,A,골목상권,1000831,4430,2266,2164,544,711,764,690,789,932,273,360,435,372,400,426,271,351,329,318,389,506,2310,49,2261,조원중앙로2길
2016,4,A,골목상권,1000830,1827,920,907,181,483,445,238,196,284,94,217,259,128,91,131,87,266,186,110,105,153,1151,0,1151,조원로18길
2016,4,A,골목상권,1000829,1774,908,866,169,283,375,256,309,382,84,148,202,128,162,184,85,135,173,128,147,198,974,130,844,조원로10길
2016,4,A,골목상권,1000828,1788,877,911,172,400,401,207,246,362,94,183,223,112,103,162,78,217,178,95,143,200,1045,0,1045,장군봉2길
2016,4,A,골목상권,1000827,875,423,452,99,124,145,118,135,254,58,59,74,63,65,104,41,65,71,55,70,150,505,46,459,장군봉1길
2016,4,A,골목상권,1000826,3008,1460,1548,431,433,621,477,397,649,231,210,304,234,185,296,200,223,317,243,212,353,1326,18,1308,인헌길
2016,4,A,골목상권,1000825,1481,727,754,289,170,284,237,217,284,141,97,146,125,107,111,148,73,138,112,110,173,566,14,552,은천로25길
2016,4,A,골목상권,1000824,4448,2206,2242,438,990,859,568,642,951,218,469,462,301,320,436,220,521,397,267,322,515,2465,88,2377,양녕로6길
2016,4,A,골목상권,1000823,2733,1364,1369,224,562,475,372,432,668,104,289,259,215,213,284,120,273,216,157,219,384,1586,0,1586,신원로3길
2016,4,A,골목상권,1000822,1871,945,926,174,424,389,290,241,353,97,206,208,146,121,167,77,218,181,144,120,186,1115,0,1115,신사로20길
2016,4,A,골목상권,1000821,1959,929,1030,82,760,547,213,171,186,40,316,297,109,81,86,42,444,250,104,90,100,1527,23,1504,신림로65길
2016,4,A,골목상권,1000820,1568,842,726,52,599,430,181,139,167,30,264,252,114,93,89,22,335,178,67,46,78,1261,0,1261,신림로64길
2016,4,A,골목상권,1000819,2615,1372,1243,233,604,580,356,402,440,128,323,335,210,174,202,105,281,245,146,228,238,1440,0,1440,신림로48길
2016,4,A,골목상권,1000818,2103,1079,1024,234,452,431,301,285,400,128,230,234,170,129,188,106,222,197,131,156,212,1138,0,1138,신림로38길
2016,4,A,골목상권,1000817,3025,1788,1237,264,779,724,460,369,429,138,462,489,288,201,210,126,317,235,172,168,219,1986,43,1943,신림로28길
2016,4,A,골목상권,1000816,4656,2778,1878,363,1226,1028,731,588,720,175,758,679,496,339,331,188,468,349,235,249,389,3089,107,2982,신림로11길
2016,4,A,골목상권,1000815,4091,2101,1990,164,1497,1163,483,324,460,89,693,676,272,174,197,75,804,487,211,150,263,3190,0,3190,신림동길
2016,4,A,골목상권,1000814,2889,1372,1517,223,813,738,310,363,442,110,330,398,152,165,217,113,483,340,158,198,225,1653,92,1561,승방길
2016,4,A,골목상권,1000813,4124,2708,1416,242,1503,1045,536,336,462,131,988,766,408,185,230,111,515,279,128,151,232,3121,0,3121,서림7길
2016,4,A,골목상권,1000812,3897,1966,1931,471,645,765,577,556,883,258,321,399,314,263,411,213,324,366,263,293,472,1958,452,1506,봉천로33길
2016,4,A,골목상권,1000811,3832,1922,1910,592,581,647,599,576,837,329,292,344,309,272,376,263,289,303,290,304,461,1681,20,1661,봉천로13길
2016,4,A,골목상권,1000810,4331,2341,1990,472,1005,915,611,564,764,235,572,550,358,285,341,237,433,365,253,279,423,2429,0,2429,복은길
2016,4,A,골목상권,1000809,1442,697,745,236,218,210,232,257,289,113,101,118,111,125,129,123,117,92,121,132,160,604,0,604,법원단지길
2016,4,A,골목상권,1000808,5517,2775,2742,931,817,766,971,944,1088,503,445,399,483,446,499,428,372,367,488,498,589,2153,18,2135,법원단지9길
2016,4,A,골목상권,1000807,4866,2455,2411,755,770,705,801,855,980,394,395,386,393,430,457,361,375,319,408,425,523,2003,532,1471,미성5길
2016,4,A,골목상권,1000806,1785,1089,696,120,532,413,267,164,289,60,322,281,198,102,126,60,210,132,69,62,163,1282,0,1282,대학길
2016,4,A,골목상권,1000805,2988,2069,919,192,869,623,567,348,389,104,589,473,453,248,202,88,280,150,114,100,187,2285,12,2273,대학14길
2016,4,A,골목상권,1000804,1860,925,935,220,309,341,313,270,407,108,163,172,158,134,190,112,146,169,155,136,217,974,0,974,당곡길
2016,4,A,골목상권,1000803,1992,937,1055,257,406,404,271,264,390,133,177,188,131,124,184,124,229,216,140,140,206,927,188,739,남현길
2016,4,A,골목상권,1000802,1562,704,858,110,382,402,185,206,277,49,162,188,89,96,120,61,220,214,96,110,157,938,30,908,남현3길
2016,4,A,골목상권,1000801,2737,1333,1404,264,587,636,337,391,522,132,264,343,184,175,235,132,323,293,153,216,287,1438,19,1419,남현2길
2016,4,A,골목상권,1000800,1615,766,849,167,350,298,225,228,347,88,158,146,106,111,157,79,192,152,119,117,190,830,42,788,남부순환로248길
2016,4,A,골목상권,1000799,2008,1058,950,167,534,454,257,226,370,76,302,263,130,110,177,91,232,191,127,116,193,1273,22,1251,남부순환로234길
2016,4,A,골목상권,1000798,2502,1280,1222,306,498,452,399,361,486,156,270,263,179,174,238,150,228,189,220,187,248,1298,19,1279,남부순환로172길
2016,4,A,골목상권,1000797,4010,2031,1979,568,723,668,701,652,698,299,363,380,329,343,317,269,360,288,372,309,381,1955,9,1946,남부순환로161길
2016,4,A,골목상권,1000796,3455,1724,1731,407,761,683,515,526,563,223,360,374,259,243,265,184,401,309,256,283,298,1789,18,1771,남부순환로151길
2016,4,A,골목상권,1000795,3296,1648,1648,437,577,616,505,517,644,215,294,336,259,266,278,222,283,280,246,251,366,1663,28,1635,남부순환로142길
2016,4,A,골목상권,1000794,2765,1441,1324,340,335,320,481,463,826,171,184,187,265,254,380,169,151,133,216,209,446,1376,0,1376,난향길
2016,4,A,골목상권,1000793,2431,1219,1212,406,314,359,425,400,527,203,166,202,200,208,240,203,148,157,225,192,287,1012,11,1001,난우길
2016,4,A,골목상권,1000792,1829,860,969,194,423,368,272,216,356,114,179,175,135,103,154,80,244,193,137,113,202,1074,0,1074,난곡로74길
2016,4,A,골목상권,1000791,2679,1367,1312,400,417,380,447,507,528,214,213,210,236,247,247,186,204,170,211,260,281,1136,0,1136,난곡로34길
2016,4,A,골목상권,1000790,3549,1808,1741,480,520,466,610,646,827,252,266,280,313,344,353,228,254,186,297,302,474,1706,0,1706,난곡로26길
2016,4,A,골목상권,1000789,2564,1359,1205,343,305,355,415,454,692,187,179,208,226,232,327,156,126,147,189,222,365,1184,0,1184,난곡로24길
2016,4,A,골목상권,1000788,5188,2604,2584,567,1536,1248,643,462,732,267,757,677,351,226,326,300,779,571,292,236,406,3200,0,3200,낙성대역길
2016,4,A,골목상권,1000787,5543,2749,2794,902,731,983,928,869,1130,440,379,528,489,393,520,462,352,455,439,476,610,2279,28,2251,국회단지길
2016,4,A,골목상권,1000786,6067,2957,3110,1012,998,969,989,866,1233,518,474,490,501,440,534,494,524,479,488,426,699,2879,30,2849,구암길
2016,4,A,골목상권,1000785,4317,2142,2175,436,989,1015,573,517,787,210,480,564,306,240,342,226,509,451,267,277,445,2454,159,2295,관천로22길
2016,4,A,골목상권,1000784,4719,2400,2319,695,833,853,791,703,844,365,434,478,399,332,392,330,399,375,392,371,452,2259,10,2249,관천로15길
2016,4,A,골목상권,1000783,2716,1342,1374,461,382,447,426,407,593,227,206,226,218,197,268,234,176,221,208,210,325,1005,697,308,관악로30길
2016,4,A,골목상권,1000782,2147,1060,1087,324,306,373,329,342,473,159,158,187,173,159,224,165,148,186,156,183,249,796,544,252,관악로28길
2016,4,A,골목상권,1000781,1359,655,704,115,487,235,150,134,238,53,236,122,73,68,103,62,251,113,77,66,135,910,44,866,관악로14길
2016,4,A,골목상권,1000780,4427,2234,2193,544,1177,888,627,480,711,276,579,505,328,232,314,268,598,383,299,248,397,2496,180,2316,관악로10길
2016,4,A,골목상권,1000779,1965,1008,957,212,577,293,254,241,388,110,340,158,124,109,167,102,237,135,130,132,221,1094,11,1083,흑석로9길
2016,4,A,골목상권,1000778,582,310,272,80,105,83,89,85,140,42,63,47,55,39,64,38,42,36,34,46,76,287,1,286,흑석로13길
2016,4,A,골목상권,1000777,2467,1266,1201,217,485,398,333,406,628,120,259,221,181,207,278,97,226,177,152,199,350,1371,0,1371,장승배기로27길
2016,4,A,골목상권,1000776,2617,1332,1285,247,412,355,372,520,711,128,225,201,196,269,313,119,187,154,176,251,398,1358,0,1358,장승배기로19길
2016,4,A,골목상권,1000775,382,192,190,45,68,55,58,62,94,22,35,28,27,35,45,23,33,27,31,27,49,218,20,198,장승배기로10길
2016,4,A,골목상권,1000774,2916,1353,1563,726,453,375,635,403,324,321,193,175,300,220,144,405,260,200,335,183,180,1129,181,948,여의대방로46길
2016,4,A,골목상권,1000773,2829,1358,1471,448,463,566,454,395,503,232,192,277,215,207,235,216,271,289,239,188,268,1400,223,1177,여의대방로24길
2016,4,A,골목상권,1000772,3058,1541,1517,413,588,581,486,432,558,230,278,314,237,218,264,183,310,267,249,214,294,1499,0,1499,여의대방로22카길
2016,4,A,골목상권,1000771,2666,1307,1359,447,356,476,456,392,539,231,170,245,243,189,229,216,186,231,213,203,310,1151,208,943,여의대방로22나길
2016,4,A,골목상권,1000770,2407,1211,1196,351,421,485,381,333,436,199,206,259,191,157,199,152,215,226,190,176,237,1156,175,981,여의대방로22길
2016,4,A,골목상권,1000769,1892,924,968,328,266,334,300,303,361,172,128,164,156,143,161,156,138,170,144,160,200,730,172,558,양녕로26길
2016,4,A,골목상권,1000768,4055,1979,2076,480,602,617,688,700,968,253,295,331,331,345,424,227,307,286,357,355,544,2224,0,2224,신대방길
2016,4,A,골목상권,1000767,2156,1060,1096,313,304,373,375,341,450,163,164,195,187,170,181,150,140,178,188,171,269,946,0,946,성대로29길
2016,4,A,골목상권,1000766,1077,557,520,106,212,211,147,178,223,62,108,112,77,96,102,44,104,99,70,82,121,621,0,621,성대로1길
2016,4,A,골목상권,1000765,640,299,341,66,117,78,78,112,189,27,61,34,42,56,79,39,56,44,36,56,110,329,0,329,서달로8가길
2016,4,A,골목상권,1000764,359,174,185,36,40,63,41,62,117,19,18,31,25,32,49,17,22,32,16,30,68,220,0,220,서달로15길
2016,4,A,골목상권,1000763,401,187,214,55,68,45,55,67,111,25,29,23,29,33,48,30,39,22,26,34,63,212,0,212,서달로14길
2016,4,A,골목상권,1000762,3057,1492,1565,379,460,474,486,511,747,190,255,250,241,253,303,189,205,224,245,258,444,1406,0,1406,서달로10길
2016,4,A,골목상권,1000761,2920,1418,1502,388,808,603,396,293,432,189,392,296,207,141,193,199,416,307,189,152,239,1625,121,1504,상도로62길
2016,4,A,골목상권,1000760,2345,1206,1139,280,700,424,270,277,394,138,401,226,134,127,180,142,299,198,136,150,214,1285,358,927,상도로61길
2016,4,A,골목상권,1000759,4063,2083,1980,530,1134,703,471,515,710,274,655,361,232,249,312,256,479,342,239,266,398,2120,98,2022,상도로47길
2016,4,A,골목상권,1000758,1307,628,679,177,350,237,171,150,222,86,171,122,79,72,98,91,179,115,92,78,124,695,0,695,상도로37길
2016,4,A,골목상권,1000757,3871,1885,1986,409,787,862,513,561,739,207,400,439,257,257,325,202,387,423,256,304,414,2029,141,1888,상도로15길
2016,4,A,골목상권,1000756,2618,1265,1353,320,423,540,412,386,537,163,210,266,211,182,233,157,213,274,201,204,304,1241,0,1241,사당로8길
2016,4,A,골목상권,1000755,1026,483,543,84,199,267,151,120,205,48,88,128,83,49,87,36,111,139,68,71,118,592,0,592,사당로30길
2016,4,A,골목상권,1000754,3326,1601,1725,534,497,628,556,463,648,280,220,321,274,215,291,254,277,307,282,248,357,1555,368,1187,사당로2차길
2016,4,A,골목상권,1000753,2619,1266,1353,285,445,510,381,457,541,145,224,245,192,228,232,140,221,265,189,229,309,1343,7,1336,사당로29길
2016,4,A,골목상권,1000752,3007,1431,1576,297,641,687,346,435,601,166,285,344,170,197,269,131,356,343,176,238,332,1526,24,1502,사당로26길
2016,4,A,골목상권,1000751,1058,546,512,145,136,174,163,166,274,75,82,96,87,82,124,70,54,78,76,84,150,489,0,489,사당로23나길
2016,4,A,골목상권,1000750,1251,601,650,256,152,208,234,179,222,136,61,90,124,87,103,120,91,118,110,92,119,416,373,43,사당로23길
2016,4,A,골목상권,1000749,2749,1309,1440,334,479,537,423,372,604,167,220,274,223,159,266,167,259,263,200,213,338,1337,0,1337,사당로20길
2016,4,A,골목상권,1000748,3556,1712,1844,442,477,684,551,547,855,213,222,374,287,261,355,229,255,310,264,286,500,1661,65,1596,사당로16길
2016,4,A,골목상권,1000747,2187,1048,1139,259,383,435,345,307,458,127,180,213,182,144,202,132,203,222,163,163,256,1048,36,1012,사당로16가길
2016,4,A,골목상권,1000746,3761,1954,1807,594,728,657,515,516,751,318,430,375,259,234,338,276,298,282,256,282,413,1682,596,1086,만양로8길
2016,4,A,골목상권,1000745,983,610,373,54,387,212,91,75,164,33,265,154,58,34,66,21,122,58,33,41,98,729,0,729,만양로14길
2016,4,A,골목상권,1000744,2037,1017,1020,229,394,335,278,346,455,120,206,188,144,171,188,109,188,147,134,175,267,1004,155,849,등용로14길
2016,4,A,골목상권,1000743,3339,1618,1721,236,799,767,377,492,668,125,369,380,201,227,316,111,430,387,176,265,352,1920,49,1871,동작대로7길
2016,4,A,골목상권,1000742,3103,1551,1552,428,437,561,459,509,709,230,206,304,248,241,322,198,231,257,211,268,387,1319,135,1184,동작대로35길
2016,4,A,골목상권,1000741,2590,1219,1371,268,403,477,384,413,645,151,195,234,181,177,281,117,208,243,203,236,364,1297,37,1260,동작대로33길
2016,4,A,골목상권,1000740,830,403,427,102,137,140,109,119,223,52,73,67,53,57,101,50,64,73,56,62,122,338,224,114,동작대로29길
2016,4,A,골목상권,1000739,2444,1137,1307,216,445,543,348,359,533,110,171,262,186,161,247,106,274,281,162,198,286,1429,0,1429,동작대로17길
2016,4,A,골목상권,1000738,3366,1544,1822,563,649,628,547,434,545,284,277,280,252,198,253,279,372,348,295,236,292,1468,47,1421,대방동2길
2016,4,A,골목상권,1000737,4157,2077,2080,827,705,660,844,517,604,439,350,333,437,248,270,388,355,327,407,269,334,1826,21,1805,대방동27길
2016,4,A,골목상권,1000736,3405,1730,1675,401,594,451,532,671,756,204,308,262,285,324,347,197,286,189,247,347,409,1594,16,1578,노량진로6길
2016,4,A,골목상권,1000735,3938,1919,2019,554,643,829,580,531,801,291,308,442,292,228,358,263,335,387,288,303,443,1882,13,1869,국사봉길
2016,4,A,골목상권,1000734,1334,624,710,162,267,307,188,177,233,88,105,148,88,92,103,74,162,159,100,85,130,704,0,704,국사봉2길
2016,4,A,골목상권,1000733,3231,1520,1711,366,577,594,503,452,739,187,258,291,244,211,329,179,319,303,259,241,410,1700,46,1654,국사봉1길
2016,4,A,골목상권,1000732,2790,1444,1346,267,395,519,413,513,683,137,211,281,229,266,320,130,184,238,184,247,363,1531,71,1460,영신로9길
2016,4,A,골목상권,1000731,2607,1344,1263,219,524,473,409,407,575,112,239,284,233,215,261,107,285,189,176,192,314,1626,31,1595,영등포로84길
2016,4,A,골목상권,1000730,2226,1143,1083,229,358,389,334,385,531,125,176,229,185,198,230,104,182,160,149,187,301,1217,0,1217,영등포로80길
2016,4,A,골목상권,1000729,1687,905,782,158,292,381,238,239,379,78,155,235,132,121,184,80,137,146,106,118,195,971,21,950,영등포로62길
2016,4,A,골목상권,1000728,1203,709,494,98,218,230,178,205,274,55,117,140,118,134,145,43,101,90,60,71,129,822,0,822,영등포로35길
2016,4,A,골목상권,1000727,1771,980,791,163,270,354,270,301,413,86,133,224,170,178,189,77,137,130,100,123,224,1032,0,1032,영등포로27길
2016,4,A,골목상권,1000726,1745,874,871,169,315,277,264,301,419,71,148,159,146,157,193,98,167,118,118,144,226,961,0,961,영등포로25길
2016,4,A,골목상권,1000725,2427,1241,1186,285,324,533,382,366,537,145,163,300,213,176,244,140,161,233,169,190,293,1253,371,882,여의대방로61길
2016,4,A,골목상권,1000724,3598,1805,1793,487,532,536,605,676,762,257,275,291,307,336,339,230,257,245,298,340,423,1646,505,1141,여의대방로43나길
2016,4,A,골목상권,1000723,444,219,225,40,61,67,61,90,125,24,28,35,31,44,57,16,33,32,30,46,68,252,0,252,여의대방로39길
2016,4,A,골목상권,1000722,1780,903,877,238,241,252,287,297,465,134,126,142,141,149,211,104,115,110,146,148,254,827,23,804,여의대방로35길
2016,4,A,골목상권,1000721,3649,1866,1783,580,598,854,560,531,526,285,290,469,292,287,243,295,308,385,268,244,283,1521,688,833,양평로28길
2016,4,A,골목상권,1000720,1471,730,741,216,242,453,244,150,166,115,99,243,122,83,68,101,143,210,122,67,98,738,176,562,양평로22라길
2016,4,A,골목상권,1000719,3144,1555,1589,607,420,559,548,460,550,309,216,284,286,222,238,298,204,275,262,238,312,1146,587,559,양평로19길
2016,4,A,골목상권,1000718,3204,1573,1631,362,408,478,481,599,876,177,201,244,244,308,399,185,207,234,237,291,477,1580,0,1580,신길로60길
2016,4,A,골목상권,1000717,2859,1425,1434,365,401,333,476,569,715,182,209,188,241,293,312,183,192,145,235,276,403,1290,81,1209,신길로42길
2016,4,A,골목상권,1000716,4794,2358,2436,672,643,619,841,867,1152,342,335,340,404,434,503,330,308,279,437,433,649,2181,245,1936,신길로42가길
2016,4,A,골목상권,1000715,1999,990,1009,263,243,214,361,388,530,139,127,122,171,195,236,124,116,92,190,193,294,1019,0,1019,신길로39길
2016,4,A,골목상권,1000714,2524,1236,1288,302,350,326,387,497,662,162,189,172,177,249,287,140,161,154,210,248,375,1174,23,1151,신길로17길
2016,4,A,골목상권,1000713,1112,586,526,154,122,174,178,183,301,91,74,94,96,93,138,63,48,80,82,90,163,475,97,378,선유서로28길
2016,4,A,골목상권,1000712,2960,1524,1436,399,431,628,499,386,617,222,210,329,296,191,276,177,221,299,203,195,341,1478,572,906,선유서로25길
2016,4,A,골목상권,1000711,1382,705,677,144,120,176,202,268,472,69,68,95,121,148,204,75,52,81,81,120,268,746,97,649,선유서로24길
2016,4,A,골목상권,1000710,2800,1410,1390,233,649,691,364,383,480,119,268,362,198,230,233,114,381,329,166,153,247,1772,53,1719,선유로55길
2016,4,A,골목상권,1000709,562,337,225,130,61,67,73,88,143,105,38,39,43,41,71,25,23,28,30,47,72,227,0,227,디지털로74길
2016,4,A,골목상권,1000708,1682,821,861,181,182,227,288,327,477,99,88,111,149,172,202,82,94,116,139,155,275,942,0,942,디지털로57길
2016,4,A,골목상권,1000707,1631,798,833,191,143,177,301,289,530,96,71,102,139,150,240,95,72,75,162,139,290,843,0,843,디지털로37길
2016,4,A,골목상권,1000706,1662,820,842,218,226,212,267,298,441,112,130,119,135,134,190,106,96,93,132,164,251,768,0,768,도신로62길
2016,4,A,골목상권,1000705,809,398,411,95,95,99,124,142,254,45,49,54,69,64,117,50,46,45,55,78,137,397,0,397,도신로60길
2016,4,A,골목상권,1000704,1687,869,818,250,229,243,308,289,368,148,119,127,158,146,171,102,110,116,150,143,197,743,85,658,도신로29길
2016,4,A,골목상권,1000703,3749,1888,1861,397,723,804,502,608,715,226,324,426,269,296,347,171,399,378,233,312,368,1874,151,1723,도신로15길
2016,4,A,골목상권,1000702,2375,1175,1200,278,352,397,339,427,582,142,183,210,156,201,283,136,169,187,183,226,299,1177,28,1149,도림천로21길
2016,4,A,골목상권,1000701,1911,991,920,285,229,221,338,373,465,162,120,125,170,197,217,123,109,96,168,176,248,864,0,864,도림로63길
2016,4,A,골목상권,1000700,394,209,185,20,55,50,47,65,157,11,25,26,32,33,82,9,30,24,15,32,75,242,0,242,도림로147길
2016,4,A,골목상권,1000699,2413,1208,1205,299,280,336,458,406,634,142,138,185,245,214,284,157,142,151,213,192,350,1164,21,1143,도림로112길
2016,4,A,골목상권,1000698,3165,1576,1589,370,461,447,536,533,818,189,228,239,283,256,381,181,233,208,253,277,437,1604,21,1583,대림로8길
2016,4,A,골목상권,1000697,1153,553,600,127,147,157,161,243,318,58,67,89,71,124,144,69,80,68,90,119,174,585,0,585,대림로7길
2016,4,A,골목상권,1000696,2360,1230,1130,393,342,297,450,444,434,213,185,159,221,246,206,180,157,138,229,198,228,1006,15,991,대림로44길
2016,4,A,골목상권,1000695,2938,1517,1421,474,405,359,522,546,632,255,213,200,279,279,291,219,192,159,243,267,341,1188,133,1055,대림로34길
2016,4,A,골목상권,1000694,2662,1382,1280,311,345,404,477,537,588,157,188,230,243,284,280,154,157,174,234,253,308,1368,151,1217,대림로31길
2016,4,A,골목상권,1000693,2121,1106,1015,187,302,374,328,403,527,101,161,212,174,215,243,86,141,162,154,188,284,1242,0,1242,대림로29길
2016,4,A,골목상권,1000692,4551,2311,2240,646,609,589,737,891,1079,341,318,328,374,446,504,305,291,261,363,445,575,1930,717,1213,대림로22길
2016,4,A,골목상권,1000691,2151,1095,1056,184,499,451,282,305,430,89,233,259,149,166,199,95,266,192,133,139,231,1247,18,1229,당산로46길
2016,4,A,골목상권,1000690,1628,778,850,150,523,437,182,156,180,76,225,237,90,65,85,74,298,200,92,91,95,1106,0,1106,당산로38길
2016,4,A,골목상권,1000689,1356,652,704,151,176,240,194,217,378,68,81,129,102,112,160,83,95,111,92,105,218,790,178,612,당산로37길
2016,4,A,골목상권,1000688,868,449,419,114,145,170,140,116,183,60,65,94,82,62,86,54,80,76,58,54,97,460,58,402,당산로31길
2016,4,A,골목상권,1000687,2213,1328,885,102,691,662,245,214,299,51,376,435,181,130,155,51,315,227,64,84,144,1709,32,1677,국회대로56길
2016,4,A,골목상권,1000686,170,130,40,4,9,14,19,43,81,2,5,9,16,36,62,2,4,5,3,7,19,147,0,147,경인로90길
2016,4,A,골목상권,1000685,147,83,64,9,11,23,21,25,58,4,7,17,14,16,25,5,4,6,7,9,33,75,0,75,경인로80길
2016,4,A,골목상권,1000684,304,179,125,6,46,50,44,55,103,3,30,32,31,35,48,3,16,18,13,20,55,220,0,220,경인로77길
2016,4,A,골목상권,1000683,2023,1039,984,264,286,233,369,403,468,145,158,125,191,213,207,119,128,108,178,190,261,944,0,944,가마산로61길
2016,4,A,골목상권,1000682,3940,1992,1948,532,599,589,662,782,776,279,307,318,313,394,381,253,292,271,349,388,395,1839,34,1805,시흥대로94길
2016,4,A,골목상권,1000681,5960,3011,2949,850,912,835,969,1168,1226,454,478,459,478,571,571,396,434,376,491,597,655,2596,42,2554,시흥대로84길
2016,4,A,골목상권,1000680,2793,1436,1357,386,369,419,448,509,662,206,199,229,235,255,312,180,170,190,213,254,350,1245,7,1238,시흥대로68길
2016,4,A,골목상권,1000679,1546,762,784,188,200,322,247,247,342,88,100,172,123,121,158,100,100,150,124,126,184,757,382,375,시흥대로63길
2016,4,A,골목상권,1000678,3215,1618,1597,483,433,427,551,613,708,247,258,228,275,297,313,236,175,199,276,316,395,1469,50,1419,시흥대로62가길
2016,4,A,골목상권,1000677,2068,1066,1002,329,274,277,344,387,457,160,154,140,188,205,219,169,120,137,156,182,238,844,49,795,시흥대로36길
2016,4,A,골목상권,1000676,3562,1781,1781,565,462,558,530,593,854,286,244,292,289,273,397,279,218,266,241,320,457,1313,183,1130,시흥대로22길
2016,4,A,골목상권,1000675,2089,1147,942,192,483,450,260,368,336,109,242,271,151,201,173,83,241,179,109,167,163,1238,132,1106,시흥대로153길
2016,4,A,골목상권,1000674,4382,2231,2151,626,544,669,709,816,1018,310,290,369,370,401,491,316,254,300,339,415,527,1837,592,1245,시흥대로150길
2016,4,A,골목상권,1000673,2274,1250,1024,224,421,398,355,444,432,104,211,232,220,257,226,120,210,166,135,187,206,1421,0,1421,시흥대로141길
2016,4,A,골목상권,1000672,625,330,295,83,57,89,96,129,171,46,31,51,53,64,85,37,26,38,43,65,86,316,24,292,시흥대로138길
2016,4,A,골목상권,1000671,3426,1693,1733,459,487,500,582,669,729,223,243,252,301,340,334,236,244,248,281,329,395,1549,59,1490,시흥대로120길
2016,4,A,골목상권,1000670,1207,630,577,110,160,194,192,240,311,50,83,118,108,133,138,60,77,76,84,107,173,683,0,683,벚꽃로56길
2016,4,A,골목상권,1000669,1313,681,632,147,253,286,199,195,233,75,121,165,106,104,110,72,132,121,93,91,123,650,195,455,범안로17길
2016,4,A,골목상권,1000668,1292,734,558,91,438,430,141,88,104,40,210,280,100,52,52,51,228,150,41,36,52,970,110,860,범안로11길
2016,4,A,골목상권,1000667,3187,1600,1587,380,451,479,537,627,713,194,231,277,267,306,325,186,220,202,270,321,388,1534,51,1483,문성로5길
2016,4,A,골목상권,1000666,556,262,294,84,63,74,107,112,116,42,30,39,51,52,48,42,33,35,56,60,68,245,7,238,독산로85길
2016,4,A,골목상권,1000665,3313,1696,1617,466,485,422,574,667,699,230,266,231,296,352,321,236,219,191,278,315,378,1461,81,1380,독산로78다길
2016,4,A,골목상권,1000664,2790,1424,1366,310,351,343,548,606,632,155,175,195,287,334,278,155,176,148,261,272,354,1482,0,1482,독산로70길
2016,4,A,골목상권,1000663,2372,1195,1177,327,341,298,412,520,474,164,194,156,203,270,208,163,147,142,209,250,266,1053,13,1040,독산로64길
2016,4,A,골목상권,1000662,2448,1223,1225,380,366,367,359,477,499,199,185,188,174,226,251,181,181,179,185,251,248,863,322,541,독산로50길
2016,4,A,골목상권,1000661,2704,1338,1366,415,355,397,427,508,602,211,186,215,220,241,265,204,169,182,207,267,337,1151,39,1112,독산로40길
2016,4,A,골목상권,1000660,1838,960,878,228,282,310,309,353,356,123,145,181,147,198,166,105,137,129,162,155,190,934,14,920,독산로108길
2016,4,A,골목상권,1000659,2394,1407,987,141,644,521,348,387,353,64,317,350,233,243,200,77,327,171,115,144,153,1767,11,1756,남부순환로112길
2016,4,A,골목상권,1000658,4520,2308,2212,681,591,543,780,829,1096,352,312,310,400,444,490,329,279,233,380,385,606,2028,17,2011,금하로24길
2016,4,A,골목상권,1000657,2164,1099,1065,343,297,285,421,370,448,161,154,179,210,192,203,182,143,106,211,178,245,999,0,999,금하로1길
2016,4,A,골목상권,1000656,1825,898,927,248,247,244,307,331,448,119,120,132,152,162,213,129,127,112,155,169,235,838,30,808,금하로14길
2016,4,A,골목상권,1000655,3309,1989,1320,259,868,892,427,427,436,148,497,588,272,255,229,111,371,304,155,172,207,2214,311,1903,가산로5길
2016,4,A,골목상권,1000654,985,630,355,53,284,329,140,91,88,15,167,240,107,53,48,38,117,89,33,38,40,731,0,731,가산로3길
2016,4,A,골목상권,1000653,1239,613,626,201,211,201,181,200,245,102,106,104,92,101,108,99,105,97,89,99,137,506,171,335,중앙로1길
2016,4,A,골목상권,1000652,1658,829,829,281,222,257,246,292,360,152,110,133,131,140,163,129,112,124,115,152,197,649,194,455,중앙로15길
2016,4,A,골목상권,1000651,1026,576,450,75,118,93,185,275,280,40,59,59,117,162,139,35,59,34,68,113,141,599,0,599,우마길
2016,4,A,골목상권,1000650,2232,1130,1102,322,286,307,304,374,639,183,144,173,166,188,276,139,142,134,138,186,363,1077,0,1077,오류로8길
2016,4,A,골목상권,1000649,588,295,293,56,85,70,89,124,164,25,46,32,51,66,75,31,39,38,38,58,89,269,0,269,신도림로13길
2016,4,A,골목상권,1000648,2689,1318,1371,364,461,571,382,385,526,189,212,288,190,184,255,175,249,283,192,201,271,1238,585,653,새말로18길
2016,4,A,골목상권,1000647,1335,693,642,164,153,265,198,214,341,99,74,134,115,111,160,65,79,131,83,103,181,582,65,517,부일로1길
2016,4,A,골목상권,1000646,1665,826,839,261,222,264,277,258,383,139,112,142,135,129,169,122,110,122,142,129,214,714,10,704,부일로15길
2016,4,A,골목상권,1000645,2714,1376,1338,492,373,367,478,461,543,268,198,182,226,231,271,224,175,185,252,230,272,1079,37,1042,부일로11길
2016,4,A,골목상권,1000644,1504,820,684,38,529,551,180,105,101,21,234,322,120,69,54,17,295,229,60,36,47,1286,0,1286,디지털로32길
2016,4,A,골목상권,1000643,4784,2622,2162,126,1964,1741,450,222,281,71,883,1079,320,123,146,55,1081,662,130,99,135,4104,92,4012,디지털로32가길
2016,4,A,골목상권,1000642,1427,762,665,184,148,194,242,257,402,92,85,108,135,147,195,92,63,86,107,110,207,724,0,724,디지털로27길
2016,4,A,골목상권,1000641,1556,797,759,196,189,210,268,310,383,101,96,129,152,161,158,95,93,81,116,149,225,751,5,746,도림로6길
2016,4,A,골목상권,1000640,2468,1206,1262,371,306,380,397,428,586,184,168,186,206,204,258,187,138,194,191,224,328,1051,26,1025,도림로12길
2016,4,A,골목상권,1000639,1305,618,687,204,148,257,154,187,355,92,71,130,75,73,177,112,77,127,79,114,178,487,443,44,남부순환로97길
2016,4,A,골목상권,1000638,3141,1569,1572,371,359,453,495,613,850,192,193,228,253,302,401,179,166,225,242,311,449,1474,236,1238,구로중앙로8길
2016,4,A,골목상권,1000637,791,386,405,80,63,107,111,156,274,41,33,53,63,74,122,39,30,54,48,82,152,419,0,419,구로중앙로7길
2016,4,A,골목상권,1000636,972,517,455,142,141,146,146,164,233,77,83,84,81,83,109,65,58,62,65,81,124,434,0,434,구로중앙로42길
2016,4,A,골목상권,1000635,1248,651,597,149,165,160,208,241,325,84,96,94,106,124,147,65,69,66,102,117,178,581,38,543,구로중앙로34길
2016,4,A,골목상권,1000634,3479,1744,1735,493,522,647,606,552,659,239,223,356,329,298,299,254,299,291,277,254,360,1742,177,1565,구로중앙로28길
2016,4,A,골목상권,1000633,868,433,435,100,114,95,138,176,245,45,53,58,75,97,105,55,61,37,63,79,140,426,8,418,구로중앙로19길
2016,4,A,골목상권,1000632,6753,3399,3354,883,895,951,1082,1240,1702,491,515,496,552,582,763,392,380,455,530,658,939,2920,0,2920,구로동로8길
2016,4,A,골목상권,1000631,2919,1540,1379,354,330,364,490,583,798,201,185,209,276,291,378,153,145,155,214,292,420,1414,4,1410,구로동로7길
2016,4,A,골목상권,1000630,1996,988,1008,277,212,249,370,337,551,135,106,132,193,169,253,142,106,117,177,168,298,922,0,922,구로동로42길
2016,4,A,골목상권,1000629,2624,1345,1279,336,339,315,461,518,655,168,170,181,254,261,311,168,169,134,207,257,344,1227,0,1227,구로동로41길
2016,4,A,골목상권,1000628,2104,1028,1076,294,263,208,368,414,557,136,144,108,192,213,235,158,119,100,176,201,322,1005,20,985,구로동로38길
2016,4,A,골목상권,1000627,2059,1048,1011,258,248,261,393,349,550,133,124,142,207,195,247,125,124,119,186,154,303,1086,62,1024,구로동로28길
2016,4,A,골목상권,1000626,1072,563,509,131,114,121,163,241,302,72,73,71,82,127,138,59,41,50,81,114,164,556,0,556,구로동로15길
2016,4,A,골목상권,1000625,2086,928,1158,218,584,552,252,208,272,99,196,268,126,105,134,119,388,284,126,103,138,1311,264,1047,공원로6가길
2016,4,A,골목상권,1000624,3257,1605,1652,594,434,453,561,581,634,304,218,220,287,288,288,290,216,233,274,293,346,1237,654,583,고척로52길
2016,4,A,골목상권,1000623,4560,2260,2300,730,662,589,813,831,935,360,358,298,400,423,421,370,304,291,413,408,514,1942,47,1895,고척로27다길
2016,4,A,골목상권,1000622,2614,1346,1268,389,362,348,435,470,610,208,192,184,226,250,286,181,170,164,209,220,324,1164,30,1134,고척로27길
2016,4,A,골목상권,1000621,2853,1477,1376,458,386,382,477,494,656,236,220,218,240,262,301,222,166,164,237,232,355,1269,0,1269,고척로21나길
2016,4,A,골목상권,1000620,2144,1071,1073,322,350,301,321,384,466,146,173,162,163,203,224,176,177,139,158,181,242,881,417,464,경인로47길
2016,4,A,골목상권,1000619,3192,1645,1547,393,405,382,488,630,894,192,212,207,274,335,425,201,193,175,214,295,469,1510,0,1510,경인로35길
2016,4,A,골목상권,1000618,2002,1047,955,210,246,233,346,429,538,107,134,132,201,234,239,103,112,101,145,195,299,1081,0,1081,경인로31길
2016,4,A,골목상권,1000617,3848,1944,1904,566,510,614,588,639,931,297,262,325,327,312,421,269,248,289,261,327,510,1657,62,1595,경인로15길
2016,4,A,골목상권,1000616,3108,1527,1581,514,401,529,515,513,636,256,210,281,266,236,278,258,191,248,249,277,358,1296,46,1250,개봉로3길
2016,4,A,골목상권,1000615,2428,1169,1259,448,291,446,378,385,480,230,151,222,177,174,215,218,140,224,201,211,265,998,0,998,개봉로2길
2016,4,A,골목상권,1000614,2302,1128,1174,332,241,424,342,344,619,146,131,213,189,160,289,186,110,211,153,184,330,960,492,468,개봉로23가길
2016,4,A,골목상권,1000613,3701,1770,1931,651,462,681,488,587,832,332,218,316,255,265,384,319,244,365,233,322,448,1323,757,566,개봉로20길
2016,4,A,골목상권,1000612,2130,1071,1059,357,264,339,382,340,448,180,144,195,191,162,199,177,120,144,191,178,249,850,146,704,개봉로1길
2016,4,A,골목상권,1000611,3467,1735,1732,534,461,593,555,554,770,272,232,307,282,271,371,262,229,286,273,283,399,1515,67,1448,개봉로17다길
2016,4,A,골목상권,1000610,5645,2753,2892,924,809,937,889,942,1144,481,415,470,440,436,511,443,394,467,449,506,633,2220,73,2147,개봉로17길
2016,4,A,골목상권,1000609,5149,2548,2601,848,712,802,857,861,1069,457,365,405,421,402,498,391,347,397,436,459,571,2003,43,1960,개봉로11길
2016,4,A,골목상권,1000608,3792,1838,1954,491,759,805,547,571,619,277,301,418,266,297,279,214,458,387,281,274,340,1932,523,1409,화곡로64길
2016,4,A,골목상권,1000607,2591,1268,1323,432,426,439,401,501,392,235,213,214,175,243,188,197,213,225,226,258,204,939,462,477,화곡로59길
2016,4,A,골목상권,1000606,3188,1584,1604,473,474,694,517,482,548,253,222,386,251,224,248,220,252,308,266,258,300,1481,58,1423,화곡로44나길
2016,4,A,골목상권,1000605,4122,1964,2158,480,685,802,577,655,923,252,339,390,278,298,407,228,346,412,299,357,516,1888,20,1868,화곡로31길
2016,4,A,골목상권,1000604,3475,1707,1768,528,474,680,519,566,708,264,241,349,264,255,334,264,233,331,255,311,374,1472,88,1384,화곡로20길
2016,4,A,골목상권,1000603,3303,1616,1687,567,513,475,572,551,625,301,268,233,275,249,290,266,245,242,297,302,335,1298,123,1175,화곡로13길
2016,4,A,골목상권,1000602,3703,1880,1823,531,532,526,554,674,886,284,261,298,290,328,419,247,271,228,264,346,467,1620,20,1600,초원로16길
2016,4,A,골목상권,1000601,4978,2462,2516,1007,685,985,909,670,722,535,353,502,464,313,295,472,332,483,445,357,427,1965,34,1931,초록마을로8길
2016,4,A,골목상권,1000600,2614,1344,1270,223,521,693,427,348,402,93,262,398,239,179,173,130,259,295,188,169,229,1621,21,1600,초록마을로3길
2016,4,A,골목상권,1000599,2252,1208,1044,175,428,634,342,332,341,83,203,376,209,171,166,92,225,258,133,161,175,1369,173,1196,월정로20길
2016,4,A,골목상권,1000598,5525,2614,2911,1432,715,699,1203,781,695,667,335,330,561,399,322,765,380,369,642,382,373,1845,622,1223,우장산로6길
2016,4,A,골목상권,1000597,2595,1349,1246,732,284,431,567,312,269,414,149,203,292,168,123,318,135,228,275,144,146,921,520,401,양천로73가길
2016,4,A,골목상권,1000596,6762,3329,3433,1768,830,917,1440,991,816,872,452,414,718,502,371,896,378,503,722,489,445,2054,1887,167,양천로71길
2016,4,A,골목상권,1000595,1193,614,579,170,222,217,162,191,231,99,113,119,76,98,109,71,109,98,86,93,122,509,23,486,양천로49길
2016,4,A,골목상권,1000594,2071,1004,1067,458,218,402,338,314,341,232,118,182,170,145,157,226,100,220,168,169,184,736,224,512,양천로26길
2016,4,A,골목상권,1000593,3733,1905,1828,605,501,642,535,652,798,339,264,332,279,304,387,266,237,310,256,348,411,1509,425,1084,양천로24길
2016,4,A,골목상권,1000592,2936,1457,1479,529,340,530,527,440,570,265,173,279,265,213,262,264,167,251,262,227,308,1174,229,945,양천로24가길
2016,4,A,골목상권,1000591,4565,2231,2334,823,598,688,731,759,966,407,300,364,371,354,435,416,298,324,360,405,531,1654,558,1096,양천로14길
2016,4,A,골목상권,1000590,2424,1270,1154,358,284,475,466,393,448,190,143,267,265,193,212,168,141,208,201,200,236,1160,7,1153,방화대로6라길
2016,4,A,골목상권,1000589,2481,1277,1204,338,346,399,344,479,575,183,178,238,184,233,261,155,168,161,160,246,314,1170,45,1125,방화대로21길
2016,4,A,골목상권,1000588,1520,731,789,205,233,287,212,256,327,110,113,158,99,110,141,95,120,129,113,146,186,651,48,603,등촌로5길
2016,4,A,골목상권,1000587,2854,1366,1488,448,510,702,427,367,400,235,221,372,202,149,187,213,289,330,225,218,213,1261,130,1131,등촌로55길
2016,4,A,골목상권,1000586,2163,1072,1091,393,318,330,332,383,407,205,171,159,164,173,200,188,147,171,168,210,207,759,223,536,등촌로51길
2016,4,A,골목상권,1000585,3301,1677,1624,604,494,605,529,541,528,327,272,332,249,265,232,277,222,273,280,276,296,1259,96,1163,등촌로39길
2016,4,A,골목상권,1000584,3871,1916,1955,585,515,763,636,635,737,315,262,408,318,290,323,270,253,355,318,345,414,1636,24,1612,등촌로13길
2016,4,A,골목상권,1000583,3901,2058,1843,622,526,772,669,608,704,329,266,429,383,317,334,293,260,343,286,291,370,1854,48,1806,남부순환로11길
2016,4,A,골목상권,1000582,4454,2165,2289,885,584,893,743,608,741,452,288,453,382,273,317,433,296,440,361,335,424,1719,28,1691,까치산로4길
2016,4,A,골목상권,1000581,2372,1162,1210,290,353,410,368,400,551,132,192,226,184,183,245,158,161,184,184,217,306,1028,111,917,국회대로7길
2016,4,A,골목상권,1000580,3043,1546,1497,380,517,548,455,459,684,198,266,293,245,214,330,182,251,255,210,245,354,1553,12,1541,공항대로8길
2016,4,A,골목상권,1000579,2060,1026,1034,418,278,400,371,283,310,222,136,198,189,134,147,196,142,202,182,149,163,783,368,415,공항대로61길
2016,4,A,골목상권,1000578,2825,1420,1405,531,379,417,483,492,523,285,195,200,243,249,248,246,184,217,240,243,275,1066,468,598,공항대로59다길
2016,4,A,골목상권,1000577,1723,802,921,184,332,367,290,274,276,92,132,178,140,137,123,92,200,189,150,137,153,934,0,934,공항대로59길
2016,4,A,골목상권,1000576,2105,1064,1041,377,283,354,345,348,398,201,151,196,167,167,182,176,132,158,178,181,216,834,4,830,공항대로55길
2016,4,A,골목상권,1000575,1120,544,576,239,148,148,245,171,169,112,81,66,116,88,81,127,67,82,129,83,88,412,18,394,공항대로42길
2016,4,A,골목상권,1000574,422,205,217,78,72,74,82,64,52,35,43,40,35,30,22,43,29,34,47,34,30,189,0,189,공항대로38길
2016,4,A,골목상권,1000573,1958,974,984,208,298,404,286,323,439,109,155,204,145,155,206,99,143,200,141,168,233,998,18,980,곰달래로60길
2016,4,A,골목상권,1000572,3803,1859,1944,718,496,631,710,577,671,358,266,323,342,275,295,360,230,308,368,302,376,1532,109,1423,곰달래로53길
2016,4,A,골목상권,1000571,4181,2031,2150,806,539,786,774,591,685,392,274,399,375,276,315,414,265,387,399,315,370,1635,78,1557,곰달래로47길
2016,4,A,골목상권,1000570,3162,1528,1634,693,362,638,558,399,512,369,179,305,269,172,234,324,183,333,289,227,278,1175,48,1127,곰달래로31길
2016,4,A,골목상권,1000569,3090,1472,1618,472,356,591,522,486,663,218,186,283,281,212,292,254,170,308,241,274,371,1372,30,1342,곰달래로25길
2016,4,A,골목상권,1000568,2425,1208,1217,229,637,441,297,342,479,111,294,246,165,175,217,118,343,195,132,167,262,1415,103,1312,개화동로25길
2016,4,A,골목상권,1000567,3942,1959,1983,496,496,544,610,788,1008,252,274,278,308,396,451,244,222,266,302,392,557,1891,96,1795,개화동로23길
2016,4,A,골목상권,1000566,3414,1689,1725,489,411,669,523,512,810,243,194,360,275,232,385,246,217,309,248,280,425,1499,196,1303,강서로8길
2016,4,A,골목상권,1000565,2895,1440,1455,444,378,594,438,478,563,235,189,313,235,206,262,209,189,281,203,272,301,1226,103,1123,강서로5라길
2016,4,A,골목상권,1000564,2948,1466,1482,233,682,845,374,330,484,113,283,481,212,148,229,120,399,364,162,182,255,1816,336,1480,강서로5나길
2016,4,A,골목상권,1000563,1860,959,901,157,348,429,256,278,392,89,155,239,142,132,202,68,193,190,114,146,190,1036,101,935,강서로5가길
2016,4,A,골목상권,1000562,3958,1863,2095,975,577,492,809,623,482,448,290,245,365,309,206,527,287,247,444,314,276,1373,187,1186,강서로47라길
2016,4,A,골목상권,1000561,4170,2009,2161,974,538,553,839,641,625,453,279,271,408,332,266,521,259,282,431,309,359,1504,498,1006,강서로47길
2016,4,A,골목상권,1000560,2812,1359,1453,458,417,490,482,407,558,240,196,255,244,174,250,218,221,235,238,233,308,1136,148,988,강서로45다길
2016,4,A,골목상권,1000559,915,448,467,188,124,160,149,136,158,88,50,81,79,69,81,100,74,79,70,67,77,343,101,242,강서로45길
2016,4,A,골목상권,1000558,3954,1896,2058,520,608,732,573,720,801,254,279,378,273,360,352,266,329,354,300,360,449,1772,37,1735,강서로35길
2016,4,A,골목상권,1000557,3065,1473,1592,436,496,736,462,440,495,219,226,376,222,196,234,217,270,360,240,244,261,1391,161,1230,강서로29길
2016,4,A,골목상권,1000556,7017,3395,3622,1143,940,1466,1106,1007,1355,584,429,767,547,462,606,559,511,699,559,545,749,2861,108,2753,강서로18길
2016,4,A,골목상권,1000555,3038,1528,1510,356,476,574,437,559,636,195,238,317,218,257,303,161,238,257,219,302,333,1310,250,1060,강서로17가길
2016,4,A,골목상권,1000554,5498,2734,2764,631,810,1102,855,938,1162,315,397,605,441,459,517,316,413,497,414,479,645,2736,172,2564,강서로15길
2016,4,A,골목상권,1000553,3004,1511,1493,463,440,598,441,491,571,251,228,325,215,237,255,212,212,273,226,254,316,1205,44,1161,가로공원로80길
2016,4,A,골목상권,1000552,3134,1530,1604,455,467,592,521,500,599,216,236,316,261,221,280,239,231,276,260,279,319,1335,86,1249,가로공원로76가길
2016,4,A,골목상권,1000551,1737,870,867,257,231,260,272,343,374,134,126,132,130,160,188,123,105,128,142,183,186,766,108,658,화곡로4길
2016,4,A,골목상권,1000550,3506,1727,1779,735,494,565,615,536,561,389,242,284,297,260,255,346,252,281,318,276,306,1274,483,791,화곡로3길
2016,4,A,골목상권,1000549,3430,1682,1748,503,432,522,511,608,854,245,228,293,258,271,387,258,204,229,253,337,467,1414,0,1414,지양로7길
2016,4,A,골목상권,1000548,4186,2089,2097,722,534,642,674,747,867,380,279,332,335,369,394,342,255,310,339,378,473,1627,298,1329,중앙로55길
2016,4,A,골목상권,1000547,4389,2198,2191,823,584,737,685,684,876,402,309,391,349,328,419,421,275,346,336,356,457,1585,463,1122,중앙로51길
2016,4,A,골목상권,1000546,3765,1995,1770,400,503,493,644,773,952,223,292,288,339,403,450,177,211,205,305,370,502,1882,29,1853,중앙로47길
2016,4,A,골목상권,1000545,2979,1485,1494,421,413,467,472,536,670,224,213,257,236,251,304,197,200,210,236,285,366,1404,137,1267,중앙로45길
2016,4,A,골목상권,1000544,946,453,493,183,102,114,193,137,217,93,48,57,95,66,94,90,54,57,98,71,123,402,9,393,중앙로36길
2016,4,A,골목상권,1000543,1092,534,558,251,143,133,205,171,189,131,79,67,91,91,75,120,64,66,114,80,114,418,72,346,중앙로32길
2016,4,A,골목상권,1000542,2659,1350,1309,320,329,353,472,509,676,170,174,191,250,256,309,150,155,162,222,253,367,1349,41,1308,중앙로25길
2016,4,A,골목상권,1000541,3323,1654,1669,558,401,583,545,537,699,281,216,300,284,242,331,277,185,283,261,295,368,1407,120,1287,은행정로7길
2016,4,A,골목상권,1000540,834,448,386,137,85,109,150,142,211,76,44,60,84,83,101,61,41,49,66,59,110,402,0,402,은행정로5길
2016,4,A,골목상권,1000539,4040,1974,2066,829,463,713,638,613,784,423,228,330,333,301,359,406,235,383,305,312,425,1468,668,800,오목로5길
2016,4,A,골목상권,1000538,3746,1868,1878,822,423,658,618,550,675,412,228,321,322,266,319,410,195,337,296,284,356,1268,604,664,오목로3길
2016,4,A,골목상권,1000537,3668,1790,1878,450,569,664,582,612,791,234,272,360,268,294,362,216,297,304,314,318,429,1644,23,1621,오목로30길
2016,4,A,골목상권,1000536,4323,2143,2180,629,641,867,706,687,793,320,307,458,340,337,381,309,334,409,366,350,412,1968,39,1929,오목로23길
2016,4,A,골목상권,1000535,2256,1151,1105,412,287,370,370,395,422,221,163,183,185,195,204,191,124,187,185,200,218,848,529,319,신월로20길
2016,4,A,골목상권,1000534,5924,2912,3012,1087,789,883,947,1006,1212,564,406,431,466,500,545,523,383,452,481,506,667,2071,773,1298,신월로15길
2016,4,A,골목상권,1000533,2475,1227,1248,505,334,317,479,398,442,278,170,155,222,213,189,227,164,162,257,185,253,985,78,907,신목로6길
2016,4,A,골목상권,1000532,2271,1146,1125,595,319,208,516,369,264,308,178,92,234,207,127,287,141,116,282,162,137,709,229,480,신목로5길
2016,4,A,골목상권,1000531,2101,1030,1071,399,367,192,386,445,312,207,198,93,166,230,136,192,169,99,220,215,176,733,363,370,신목로2길
2016,4,A,골목상권,1000530,1392,686,706,184,210,272,213,214,299,104,103,137,101,111,130,80,107,135,112,103,169,639,26,613,목동중앙서로8가길
2016,4,A,골목상권,1000529,3753,1865,1888,668,576,615,679,603,612,383,308,328,303,278,265,285,268,287,376,325,347,1556,29,1527,목동중앙서로7길
2016,4,A,골목상권,1000528,2193,1037,1156,296,328,440,333,341,455,153,160,225,157,149,193,143,168,215,176,192,262,1046,8,1038,목동중앙북로8길
2016,4,A,골목상권,1000527,3386,1654,1732,459,600,838,482,473,534,253,270,425,232,231,243,206,330,413,250,242,291,1591,67,1524,목동중앙북로16길
2016,4,A,골목상권,1000526,2984,1501,1483,605,423,453,536,484,483,356,237,218,248,227,215,249,186,235,288,257,268,1138,76,1062,목동중앙본로7길
2016,4,A,골목상권,1000525,2527,1243,1284,622,349,305,514,412,325,322,187,145,236,214,139,300,162,160,278,198,186,864,90,774,목동중앙로3길
2016,4,A,골목상권,1000524,1155,596,559,182,206,260,177,163,167,102,89,145,87,97,76,80,117,115,90,66,91,559,50,509,목동중앙로13나길
2016,4,A,골목상권,1000523,2747,1375,1372,530,426,433,470,455,433,316,224,199,224,213,199,214,202,234,246,242,234,998,237,761,목동중앙남로3가길
2016,4,A,골목상권,1000522,3554,1671,1883,653,520,647,647,530,557,329,246,301,292,242,261,324,274,346,355,288,296,1395,133,1262,목동로9길
2016,4,A,골목상권,1000521,2406,1131,1275,413,346,432,387,369,459,188,171,203,181,178,210,225,175,229,206,191,249,964,95,869,목동로19길
2016,4,A,골목상권,1000520,898,408,490,216,106,126,203,123,124,103,46,59,91,64,45,113,60,67,112,59,79,339,143,196,목동동로8길
2016,4,A,골목상권,1000519,2357,1128,1229,568,302,262,509,343,373,282,150,131,219,181,165,286,152,131,290,162,208,821,347,474,목동동로12길
2016,4,A,골목상권,1000518,1360,656,704,299,198,170,265,206,222,147,93,89,119,109,99,152,105,81,146,97,123,453,168,285,목동남로4길
2016,4,A,골목상권,1000517,1871,919,952,502,219,241,434,263,212,255,112,117,207,127,101,247,107,124,227,136,111,581,543,38,남부순환로88길
2016,4,A,골목상권,1000516,1090,575,515,144,147,144,153,238,264,87,92,78,72,118,128,57,55,66,81,120,136,469,112,357,남부순환로79길
2016,4,A,골목상권,1000515,5193,2569,2624,696,738,738,803,968,1250,327,406,397,399,489,551,369,332,341,404,479,699,2208,0,2208,남부순환로70길
2016,4,A,골목상권,1000514,2276,1141,1135,360,324,367,368,394,463,196,156,204,172,191,222,164,168,163,196,203,241,1045,23,1022,남부순환로58길
2016,4,A,골목상권,1000513,2602,1409,1193,290,283,384,449,535,661,143,146,232,271,296,321,147,137,152,178,239,340,1391,17,1374,남부순환로40길
2016,4,A,골목상권,1000512,3920,1913,2007,553,581,629,608,711,838,257,290,345,289,356,376,296,291,284,319,355,462,1665,106,1559,남부순환로33길
2016,4,A,골목상권,1000511,3974,2054,1920,539,579,567,596,796,897,280,293,321,298,415,447,259,286,246,298,381,450,1754,215,1539,곰달래로5길
2016,4,A,골목상권,1000510,3961,2071,1890,586,491,559,693,766,866,313,270,293,369,406,420,273,221,266,324,360,446,1792,354,1438,곰달래로3길
2016,4,A,골목상권,1000509,3864,2002,1862,665,512,615,640,695,737,344,266,333,343,354,362,321,246,282,297,341,375,1576,458,1118,곰달래로2길
2016,4,A,골목상권,1000508,3432,1771,1661,485,444,575,595,619,714,239,230,330,301,319,352,246,214,245,294,300,362,1624,71,1553,곰달래로10길
2016,4,A,골목상권,1000507,2512,1343,1169,302,315,310,450,511,624,153,171,181,271,287,280,149,144,129,179,224,344,1349,0,1349,가로공원로58길
2016,4,A,골목상권,1000506,3497,1682,1815,472,553,454,624,623,771,242,259,247,304,293,337,230,294,207,320,330,434,1544,72,1472,효창원로93길
2016,4,A,골목상권,1000505,2567,1239,1328,635,294,449,548,327,314,315,136,212,279,157,140,320,158,237,269,170,174,938,837,101,토정로37길
2016,4,A,골목상권,1000504,1709,799,910,189,304,408,284,223,301,101,146,186,137,99,130,88,158,222,147,124,171,893,27,866,월드컵로8길
2016,4,A,골목상권,1000503,1955,905,1050,265,363,458,304,255,310,126,149,224,149,124,133,139,214,234,155,131,177,976,17,959,월드컵로7길
2016,4,A,골목상권,1000502,3884,1772,2112,515,742,783,670,515,659,256,297,341,340,256,282,259,445,442,330,259,377,2008,130,1878,월드컵로36길
2016,4,A,골목상권,1000501,3161,1529,1632,596,402,611,562,418,572,295,194,300,286,204,250,301,208,311,276,214,322,1267,299,968,월드컵로25길
2016,4,A,골목상권,1000500,1795,844,951,212,308,378,287,229,381,99,141,193,137,113,161,113,167,185,150,116,220,929,0,929,월드컵로19길
2016,4,A,골목상권,1000499,2551,1174,1377,352,437,563,440,315,444,180,190,249,204,151,200,172,247,314,236,164,244,1268,36,1232,월드컵로16길
2016,4,A,골목상권,1000498,2344,1095,1249,298,394,520,365,319,448,155,166,241,197,147,189,143,228,279,168,172,259,1215,19,1196,월드컵로11길
2016,4,A,골목상권,1000497,2508,1150,1358,256,359,553,408,358,574,120,147,243,201,182,257,136,212,310,207,176,317,1442,41,1401,월드컵로10길
2016,4,A,골목상권,1000496,1916,922,994,171,401,462,283,261,338,77,206,237,137,127,138,94,195,225,146,134,200,1047,0,1047,와우산로3길
2016,4,A,골목상권,1000495,870,411,459,97,167,209,149,91,157,50,74,102,69,42,74,47,93,107,80,49,83,487,48,439,와우산로29길
2016,4,A,골목상권,1000494,545,247,298,43,205,131,59,38,69,16,95,63,25,17,31,27,110,68,34,21,38,368,0,368,와우산로29가길
2016,4,A,골목상권,1000493,1396,674,722,151,231,307,200,214,293,90,110,162,113,85,114,61,121,145,87,129,179,711,48,663,양화진길
2016,4,A,골목상권,1000492,2757,1259,1498,399,476,630,440,340,472,189,187,304,220,157,202,210,289,326,220,183,270,1280,60,1220,양화로1길
2016,4,A,골목상권,1000491,777,347,430,79,152,208,120,77,141,42,53,112,47,35,58,37,99,96,73,42,83,403,0,403,양화로11길
2016,4,A,골목상권,1000490,781,394,387,69,99,77,121,162,253,38,52,45,70,81,108,31,47,32,51,81,145,455,0,455,신촌로30길
2016,4,A,골목상권,1000489,1198,596,602,79,165,152,152,261,389,38,81,88,81,136,172,41,84,64,71,125,217,628,0,628,신촌로28가길
2016,4,A,골목상권,1000488,1978,961,1017,146,570,436,245,215,366,82,271,222,128,103,155,64,299,214,117,112,211,1301,0,1301,신촌로12길
2016,4,A,골목상권,1000487,2932,1450,1482,392,388,380,474,517,781,203,209,204,244,267,323,189,179,176,230,250,458,1459,82,1377,숭문길
2016,4,A,골목상권,1000486,750,382,368,127,95,158,122,100,148,67,49,85,69,47,65,60,46,73,53,53,83,367,211,156,숭문8길
2016,4,A,골목상권,1000485,1087,505,582,105,206,258,146,159,213,56,77,137,70,76,89,49,129,121,76,83,124,565,0,565,성지3길
2016,4,A,골목상권,1000484,3420,1668,1752,475,496,571,594,551,733,230,244,288,307,269,330,245,252,283,287,282,403,1626,142,1484,성산로4길
2016,4,A,골목상권,1000483,1195,555,640,108,262,327,157,147,194,62,112,155,80,66,80,46,150,172,77,81,114,662,8,654,성미산로32길
2016,4,A,골목상권,1000482,3292,1543,1749,551,470,634,636,430,571,316,205,284,295,196,247,235,265,350,341,234,324,1433,73,1360,성미산로1길
2016,4,A,골목상권,1000481,3849,1841,2008,566,574,766,695,553,695,315,273,363,333,252,305,251,301,403,362,301,390,1707,71,1636,성미산로11길
2016,4,A,골목상권,1000480,1784,871,913,256,258,341,302,255,372,133,113,162,173,123,167,123,145,179,129,132,205,862,244,618,백범로16길
2016,4,A,골목상권,1000479,5705,2756,2949,1024,754,1062,1040,784,1041,506,381,499,522,384,464,518,373,563,518,400,577,2308,684,1624,방울내로9안길
2016,4,A,골목상권,1000478,2057,1038,1019,333,291,323,382,297,431,177,148,178,195,149,191,156,143,145,187,148,240,887,83,804,모래내로7길
2016,4,A,골목상권,1000477,3031,1557,1474,404,552,615,494,388,578,216,260,338,268,219,256,188,292,277,226,169,322,1624,18,1606,매봉산로2길
2016,4,A,골목상권,1000476,4671,2225,2446,727,686,923,803,670,862,373,329,421,410,316,376,354,357,502,393,354,486,2139,115,2024,망원로2길
2016,4,A,골목상권,1000475,2321,1095,1226,382,344,369,422,333,471,190,160,178,209,161,197,192,184,191,213,172,274,957,163,794,망원로11길
2016,4,A,골목상권,1000474,2691,1312,1379,337,386,502,466,388,612,172,188,255,244,201,252,165,198,247,222,187,360,1338,24,1314,만리재옛길
2016,4,A,골목상권,1000473,879,407,472,117,149,182,133,122,176,60,63,101,65,51,67,57,86,81,68,71,109,433,186,247,마포대로4길
2016,4,A,골목상권,1000472,2140,1026,1114,294,334,442,396,317,357,147,140,213,201,167,158,147,194,229,195,150,199,1148,300,848,마포대로20길
2016,4,A,골목상권,1000471,807,354,453,80,154,247,123,87,116,44,45,114,63,43,45,36,109,133,60,44,71,521,352,169,마포대로12길
2016,4,A,골목상권,1000470,1561,722,839,125,354,382,220,185,295,60,166,177,108,94,117,65,188,205,112,91,178,922,0,922,동교로38길
2016,4,A,골목상권,1000469,2746,1261,1485,311,594,670,398,292,481,161,252,304,186,135,223,150,342,366,212,157,258,1474,9,1465,동교로27길
2016,4,A,골목상권,1000468,1354,611,743,142,304,333,178,176,221,68,126,150,87,80,100,74,178,183,91,96,121,719,22,697,동교로25길
2016,4,A,골목상권,1000467,1854,843,1011,218,295,415,393,235,298,92,146,189,181,114,121,126,149,226,212,121,177,979,32,947,동교로19길
2016,4,A,골목상권,1000466,1953,910,1043,251,348,480,320,253,301,135,137,225,165,119,129,116,211,255,155,134,172,997,37,960,동교로17길
2016,4,A,골목상권,1000465,1403,644,759,155,257,343,219,185,244,81,98,157,117,86,105,74,159,186,102,99,139,725,92,633,독막로8길
2016,4,A,골목상권,1000464,2942,1441,1501,432,396,493,487,451,683,218,210,265,234,218,296,214,186,228,253,233,387,1302,122,1180,독막로32길
2016,4,A,골목상권,1000463,1085,507,578,204,156,211,207,135,172,103,69,93,102,67,73,101,87,118,105,68,99,464,138,326,독막로22길
2016,4,A,골목상권,1000462,1019,461,558,136,207,238,158,121,159,59,88,100,80,66,68,77,119,138,78,55,91,586,136,450,도화길
2016,4,A,골목상권,1000461,3938,1851,2087,669,448,639,694,613,875,340,208,306,351,291,355,329,240,333,343,322,520,1661,991,670,도화4길
2016,4,A,골목상권,1000460,1696,806,890,116,449,249,228,271,383,52,193,118,112,152,179,64,256,131,116,119,204,1098,0,1098,대흥로28길
2016,4,A,골목상권,1000459,3807,1979,1828,352,864,596,537,589,869,187,469,338,294,320,371,165,395,258,243,269,498,2252,21,2231,대흥로21길
2016,4,A,골목상권,1000458,2057,1092,965,266,480,319,346,266,380,152,290,167,183,145,155,114,190,152,163,121,225,1083,8,1075,광성로6길
2016,4,A,골목상권,1000457,3052,1433,1619,493,374,466,545,427,747,251,184,240,262,185,311,242,190,226,283,242,436,1287,146,1141,홍제내길
2016,4,A,골목상권,1000456,1261,655,606,168,153,157,210,222,351,89,81,87,122,114,162,79,72,70,88,108,189,556,62,494,홍연길
2016,4,A,골목상권,1000455,1679,853,826,206,246,219,255,308,445,116,133,117,126,153,208,90,113,102,129,155,237,766,101,665,통일로39길
2016,4,A,골목상권,1000454,1606,715,891,174,172,204,286,294,476,74,83,99,142,133,184,100,89,105,144,161,292,848,18,830,통일로37길
2016,4,A,골목상권,1000453,310,165,145,28,40,41,41,44,116,20,18,23,24,31,49,8,22,18,17,13,67,205,0,205,통일로11길
2016,4,A,골목상권,1000452,724,403,321,43,117,159,105,128,172,20,67,84,77,77,78,23,50,75,28,51,94,495,101,394,충정로6길
2016,4,A,골목상권,1000451,486,245,241,39,76,108,71,65,127,18,39,57,43,32,56,21,37,51,28,33,71,301,0,301,충정로4길
2016,4,A,골목상권,1000450,3269,1597,1672,469,508,514,503,515,760,235,250,274,260,255,323,234,258,240,243,260,437,1469,21,1448,증가로6길
2016,4,A,골목상권,1000449,5153,2487,2666,770,731,796,857,847,1152,382,358,409,421,416,501,388,373,387,436,431,651,2230,39,2191,증가로23나길
2016,4,A,골목상권,1000448,3512,1765,1747,660,580,491,642,535,604,350,308,262,322,253,270,310,272,229,320,282,334,1410,36,1374,증가로20가길
2016,4,A,골목상권,1000447,3859,1885,1974,443,716,536,623,600,941,220,340,295,307,306,417,223,376,241,316,294,524,2057,21,2036,증가로10길
2016,4,A,골목상권,1000446,3863,1858,2005,551,460,698,617,616,921,268,216,342,329,277,426,283,244,356,288,339,495,1760,0,1760,응암로1길
2016,4,A,골목상권,1000445,3251,1765,1486,246,1379,624,314,273,415,130,818,361,150,126,180,116,561,263,164,147,235,2224,21,2203,연희로10길
2016,4,A,골목상권,1000444,832,451,381,59,137,124,134,167,211,30,69,71,80,99,102,29,68,53,54,68,109,488,0,488,신촌로37길
2016,4,A,골목상권,1000443,3790,1850,1940,575,439,688,560,594,934,280,219,361,284,283,423,295,220,327,276,311,511,1537,249,1288,수색로8길
2016,4,A,골목상권,1000442,3754,1803,1951,446,546,487,591,618,1066,230,271,262,287,316,437,216,275,225,304,302,629,1762,0,1762,세무서길
2016,4,A,골목상권,1000441,2006,983,1023,250,261,251,357,325,562,126,134,139,179,169,236,124,127,112,178,156,326,921,0,921,세무서2길
2016,4,A,골목상권,1000440,1190,570,620,193,124,123,205,199,346,94,56,56,105,116,143,99,68,67,100,83,203,533,124,409,세검정로1길
2016,4,A,골목상권,1000439,3759,1809,1950,411,552,520,607,646,1023,208,285,290,306,307,413,203,267,230,301,339,610,1950,0,1950,북아현로4길
2016,4,A,골목상권,1000438,10741,5184,5557,2473,1167,1825,1950,1491,1835,1211,581,823,1003,727,839,1262,586,1002,947,764,996,3748,3208,540,모래내로15길
2016,4,A,골목상권,1000437,2403,1189,1214,313,532,350,366,353,489,166,261,181,181,175,225,147,271,169,185,178,264,1263,10,1253,명지대길
2016,4,A,골목상권,1000436,4321,2069,2252,714,565,705,739,603,995,358,280,371,380,281,399,356,285,334,359,322,596,1996,317,1679,독립문로8길
2016,4,A,골목상권,1000435,2765,1366,1399,395,367,399,474,410,720,212,174,214,260,196,310,183,193,185,214,214,410,1289,0,1289,가재울로6길
2016,4,A,골목상권,1000434,5722,2864,2858,763,917,924,861,1054,1203,417,468,513,434,479,553,346,449,411,427,575,650,2560,64,2496,통일로92길
2016,4,A,골목상권,1000433,1774,841,933,241,267,296,292,272,406,113,122,159,139,132,176,128,145,137,153,140,230,814,15,799,통일로87길
2016,4,A,골목상권,1000432,4575,2185,2390,623,694,808,695,737,1018,305,352,418,339,321,450,318,342,390,356,416,568,2029,36,1993,통일로78길
2016,4,A,골목상권,1000431,1841,884,957,269,245,291,289,313,434,138,125,152,141,145,183,131,120,139,148,168,251,765,0,765,통일로69길
2016,4,A,골목상권,1000430,4265,2061,2204,755,553,728,745,663,821,385,281,344,374,312,365,370,272,384,371,351,456,1636,71,1565,진흥로1길
2016,4,A,골목상권,1000429,5802,2843,2959,749,744,971,960,924,1454,390,398,512,494,425,624,359,346,459,466,499,830,2751,26,2725,진흥로12길
2016,4,A,골목상권,1000428,2624,1344,1280,403,355,398,378,441,649,223,183,203,211,217,307,180,172,195,167,224,342,1048,124,924,증산서길
2016,4,A,골목상권,1000427,2833,1373,1460,472,369,454,477,428,633,233,180,234,240,189,297,239,189,220,237,239,336,1141,39,1102,증산로9길
2016,4,A,골목상권,1000426,2856,1392,1464,418,353,374,491,484,736,214,190,173,245,234,336,204,163,201,246,250,400,1239,202,1037,증산로5길
2016,4,A,골목상권,1000425,5281,2565,2716,806,756,934,872,813,1100,424,379,473,419,377,493,382,377,461,453,436,607,2217,175,2042,증산로21길
2016,4,A,골목상권,1000424,2161,1051,1110,308,303,332,335,339,544,151,148,178,170,159,245,157,155,154,165,180,299,935,76,859,증산로17길
2016,4,A,골목상권,1000423,2527,1236,1291,390,288,346,448,422,633,191,155,176,228,209,277,199,133,170,220,213,356,1128,285,843,증산로15길
2016,4,A,골목상권,1000422,2056,1064,992,235,292,271,324,415,519,127,157,156,162,218,244,108,135,115,162,197,275,921,0,921,증산로13길
2016,4,A,골목상권,1000421,3015,1455,1560,535,364,497,539,449,631,280,168,251,265,216,275,255,196,246,274,233,356,1240,60,1180,응암로34길
2016,4,A,골목상권,1000420,1916,941,975,251,222,215,320,327,581,136,116,118,168,152,251,115,106,97,152,175,330,906,19,887,응암로22길
2016,4,A,골목상권,1000419,1906,964,942,250,241,226,335,351,503,139,136,107,179,189,214,111,105,119,156,162,289,921,0,921,응암로14길
2016,4,A,골목상권,1000418,1775,869,906,205,273,340,265,284,408,110,129,176,132,140,182,95,144,164,133,144,226,934,9,925,응암로13길
2016,4,A,골목상권,1000417,1533,768,765,201,189,186,239,269,449,109,103,97,126,130,203,92,86,89,113,139,246,715,0,715,응암로12길
2016,4,A,골목상권,1000416,3438,1672,1766,630,479,651,638,435,605,331,234,319,328,203,257,299,245,332,310,232,348,1522,105,1417,은평로8길
2016,4,A,골목상권,1000415,2382,1099,1283,391,330,404,423,343,491,192,161,181,201,155,209,199,169,223,222,188,282,1016,29,987,은평로3길
2016,4,A,골목상권,1000414,1249,606,643,141,174,161,229,205,339,77,98,80,111,92,148,64,76,81,118,113,191,582,7,575,은평로20길
2016,4,A,골목상권,1000413,3160,1516,1644,509,389,514,546,491,711,257,186,257,267,230,319,252,203,257,279,261,392,1323,0,1323,은평로13길
2016,4,A,골목상권,1000412,3017,1469,1548,515,370,490,544,451,647,278,181,257,274,211,268,237,189,233,270,240,379,1234,8,1226,은평로10길
2016,4,A,골목상권,1000411,2882,1398,1484,533,371,515,477,459,527,268,188,268,232,212,230,265,183,247,245,247,297,1135,123,1012,연서로5길
2016,4,A,골목상권,1000410,4031,1987,2044,572,515,556,692,740,956,290,279,298,341,348,431,282,236,258,351,392,525,1842,28,1814,연서로41길
2016,4,A,골목상권,1000409,3633,1733,1900,698,481,660,596,520,678,343,237,319,305,219,310,355,244,341,291,301,368,1430,39,1391,연서로3길
2016,4,A,골목상권,1000408,3062,1438,1624,437,416,445,472,512,780,211,206,236,236,228,321,226,210,209,236,284,459,1336,0,1336,연서로34길
2016,4,A,골목상권,1000407,2130,1054,1076,229,288,311,300,375,627,121,156,171,150,185,271,108,132,140,150,190,356,1026,0,1026,연서로33길
2016,4,A,골목상권,1000406,1075,510,565,131,175,218,156,180,215,65,83,116,70,80,96,66,92,102,86,100,119,508,0,508,연서로29길
2016,4,A,골목상권,1000405,3657,1740,1917,439,626,652,555,577,808,202,292,336,272,270,368,237,334,316,283,307,440,1845,27,1818,연서로28길
2016,4,A,골목상권,1000404,3079,1436,1643,430,447,480,532,491,699,209,208,250,237,236,296,221,239,230,295,255,403,1417,19,1398,연서로27길
2016,4,A,골목상권,1000403,4340,2055,2285,774,593,737,762,655,819,388,288,383,352,296,348,386,305,354,410,359,471,1735,34,1701,연서로21길
2016,4,A,골목상권,1000402,2333,1153,1180,362,307,388,396,398,482,182,150,208,199,187,227,180,157,180,197,211,255,1007,17,990,연서로17길
2016,4,A,골목상권,1000401,4760,2273,2487,793,600,738,776,824,1029,405,280,369,385,380,454,388,320,369,391,444,575,1966,39,1927,연서로16길
2016,4,A,골목상권,1000400,3983,1869,2114,652,570,624,722,632,783,313,250,323,334,303,346,339,320,301,388,329,437,1571,46,1525,연서로13길
2016,4,A,골목상권,1000399,3955,1915,2040,772,553,645,704,578,703,387,280,319,344,276,309,385,273,326,360,302,394,1456,83,1373,연서로11길
2016,4,A,골목상권,1000398,5840,2821,3019,898,753,996,996,904,1293,432,363,526,502,439,559,466,390,470,494,465,734,2595,9,2586,역말로9길
2016,4,A,골목상권,1000397,2394,1208,1186,286,324,284,389,447,664,153,185,149,207,238,276,133,139,135,182,209,388,1118,25,1093,수색로18길
2016,4,A,골목상권,1000396,2778,1321,1457,366,378,443,446,454,691,178,180,225,222,217,299,188,198,218,224,237,392,1322,0,1322,서오릉로8길
2016,4,A,골목상권,1000395,3988,1935,2053,679,545,613,619,690,842,341,283,301,309,319,382,338,262,312,310,371,460,1478,261,1217,서오릉로21길
2016,4,A,골목상권,1000394,5325,2611,2714,755,712,839,900,868,1251,392,346,459,453,431,530,363,366,380,447,437,721,2578,43,2535,불광천길
2016,4,A,골목상권,1000393,2729,1326,1403,462,373,413,460,468,553,251,186,203,221,214,251,211,187,210,239,254,302,1083,19,1064,갈현로7길
2016,4,A,골목상권,1000392,3284,1624,1660,479,435,420,548,591,811,269,238,225,267,279,346,210,197,195,281,312,465,1516,0,1516,갈현로41길
2016,4,A,골목상권,1000391,3706,1812,1894,723,561,507,651,591,673,384,280,267,286,286,309,339,281,240,365,305,364,1494,181,1313,갈현로33길
2016,4,A,골목상권,1000390,2351,1149,1202,409,332,356,408,398,448,204,165,198,196,196,190,205,167,158,212,202,258,881,171,710,갈현로1길
2016,4,A,골목상권,1000389,3687,1814,1873,577,480,468,574,677,911,303,243,249,286,335,398,274,237,219,288,342,513,1599,102,1497,가좌로7길
2016,4,A,골목상권,1000388,4184,2068,2116,598,571,494,730,676,1115,297,297,267,374,342,491,301,274,227,356,334,624,1943,23,1920,한글비석로44길
2016,4,A,골목상권,1000387,2567,1294,1273,323,374,336,381,464,689,172,203,189,181,235,314,151,171,147,200,229,375,1201,0,1201,한글비석로24길
2016,4,A,골목상권,1000386,1530,792,738,264,199,183,273,254,357,135,100,99,140,134,184,129,99,84,133,120,173,604,322,282,한글비석로22길
2016,4,A,골목상권,1000385,2188,1120,1068,278,282,296,341,368,623,158,154,151,177,192,288,120,128,145,164,176,335,1019,246,773,석계로1길
2016,4,A,골목상권,1000384,2610,1356,1254,334,388,348,410,438,692,188,213,199,209,225,322,146,175,149,201,213,370,1275,0,1275,상계로9가길
2016,4,A,골목상권,1000383,1183,598,585,223,181,197,198,192,192,111,95,103,100,92,97,112,86,94,98,100,95,434,283,151,상계로1길
2016,4,A,골목상권,1000382,3687,1812,1875,485,608,477,592,652,873,253,305,260,298,313,383,232,303,217,294,339,490,1665,240,1425,상계로12길
2016,4,A,골목상권,1000381,2920,1426,1494,419,450,397,408,556,690,222,221,213,175,273,322,197,229,184,233,283,368,1135,411,724,동일로242길
2016,4,A,골목상권,1000380,2700,1410,1290,313,757,406,310,401,513,157,407,224,173,206,243,156,350,182,137,195,270,1508,70,1438,동일로192길
2016,4,A,골목상권,1000379,3817,1906,1911,616,568,666,579,609,779,315,296,341,309,266,379,301,272,325,270,343,400,1517,602,915,동일로173가길
2016,4,A,골목상권,1000378,1630,797,833,323,314,177,261,282,273,170,169,78,103,153,124,153,145,99,158,129,149,656,18,638,공릉로58길
2016,4,A,골목상권,1000377,2275,1103,1172,333,395,305,359,440,443,165,204,151,168,204,211,168,191,154,191,236,232,930,306,624,해등로16길
2016,4,A,골목상권,1000376,2370,1202,1168,372,334,273,429,429,533,193,185,148,206,234,236,179,149,125,223,195,297,1055,29,1026,우이천로4다길
2016,4,A,골목상권,1000375,3089,1485,1604,566,419,442,557,494,611,266,212,234,268,231,274,300,207,208,289,263,337,1225,198,1027,우이천로32길
2016,4,A,골목상권,1000374,3659,1893,1766,454,483,414,640,712,956,242,252,226,355,373,445,212,231,188,285,339,511,1678,0,1678,시루봉로23길
2016,4,A,골목상권,1000373,981,460,521,154,123,143,181,139,241,95,42,65,77,78,103,59,81,78,104,61,138,478,0,478,삼양로144길
2016,4,A,골목상권,1000372,2262,1141,1121,288,314,301,379,452,528,144,167,173,198,229,230,144,147,128,181,223,298,1037,35,1002,방학로6가길
2016,4,A,골목상권,1000371,3883,1931,1952,593,516,576,558,685,955,317,259,317,275,338,425,276,257,259,283,347,530,1693,53,1640,방학로5길
2016,4,A,골목상권,1000370,3886,1920,1966,861,543,447,729,672,634,437,302,219,326,319,317,424,241,228,403,353,317,1204,1062,142,방학로15길
2016,4,A,골목상권,1000369,2006,992,1014,313,261,265,346,365,456,160,148,146,163,170,205,153,113,119,183,195,251,818,9,809,방학로10길
2016,4,A,골목상권,1000368,1730,886,844,205,209,242,251,322,501,100,112,131,144,165,234,105,97,111,107,157,267,757,170,587,도봉산길
2016,4,A,골목상권,1000367,369,193,176,24,41,53,48,83,120,14,19,34,29,43,54,10,22,19,19,40,66,202,0,202,도봉산4길
2016,4,A,골목상권,1000366,2049,1023,1026,304,244,270,318,334,579,148,129,157,151,164,274,156,115,113,167,170,305,873,13,860,도봉로181길
2016,4,A,골목상권,1000365,2983,1517,1466,336,319,426,461,533,908,174,165,230,238,276,434,162,154,196,223,257,474,1425,261,1164,도봉로169나길
2016,4,A,골목상권,1000364,1388,766,622,156,160,172,230,286,384,84,86,103,133,166,194,72,74,69,97,120,190,682,0,682,도봉로156길
2016,4,A,골목상권,1000363,744,393,351,75,83,87,85,173,241,41,50,53,46,92,111,34,33,34,39,81,130,397,0,397,도봉로152가길
2016,4,A,골목상권,1000362,3726,1824,1902,505,518,487,593,705,918,255,248,255,310,355,401,250,270,232,283,350,517,1822,0,1822,도봉로147길
2016,4,A,골목상권,1000361,1776,901,875,214,268,227,268,356,443,112,144,119,137,181,208,102,124,108,131,175,235,776,81,695,도봉로143길
2016,4,A,골목상권,1000360,4971,2410,2561,529,764,791,829,881,1177,255,370,430,423,430,502,274,394,361,406,451,675,2536,184,2352,도봉로114길
2016,4,A,골목상권,1000359,2385,1172,1213,334,300,405,389,370,587,164,155,205,198,184,266,170,145,200,191,186,321,1073,109,964,도봉로109길
2016,4,A,골목상권,1000358,2950,1496,1454,361,413,354,532,494,796,192,206,194,280,259,365,169,207,160,252,235,431,1394,7,1387,도당로29길
2016,4,A,골목상권,1000357,4087,2109,1978,594,522,507,733,698,1033,306,280,274,389,382,478,288,242,233,344,316,555,1870,0,1870,도당로19길
2016,4,A,골목상권,1000356,3310,1704,1606,555,457,415,561,603,719,295,256,236,280,310,327,260,201,179,281,293,392,1416,6,1410,도당로13바길
2016,4,A,골목상권,1000355,1784,914,870,204,249,228,284,374,445,108,126,132,151,189,208,96,123,96,133,185,237,837,0,837,도당로13가길
2016,4,A,골목상권,1000354,2460,1203,1257,396,344,344,380,443,553,202,168,194,175,218,246,194,176,150,205,225,307,1078,0,1078,덕릉로60길
2016,4,A,골목상권,1000353,1961,981,980,319,261,317,315,336,413,173,125,162,155,162,204,146,136,155,160,174,209,761,354,407,노해로63다길
2016,4,A,골목상권,1000352,1810,896,914,197,324,342,274,297,376,104,150,182,151,129,180,93,174,160,123,168,196,951,43,908,노해로60길
2016,4,A,골목상권,1000351,1713,852,861,170,285,307,235,312,404,91,147,176,121,134,183,79,138,131,114,178,221,914,8,906,한천로140길
2016,4,A,골목상권,1000350,1566,739,827,140,276,274,235,246,395,66,130,148,105,115,175,74,146,126,130,131,220,815,0,815,한천로139가길
2016,4,A,골목상권,1000349,1851,926,925,210,309,325,324,307,376,114,140,177,171,148,176,96,169,148,153,159,200,967,0,967,한천로132길
2016,4,A,골목상권,1000348,3263,1631,1632,506,451,492,552,548,714,277,229,243,289,287,306,229,222,249,263,261,408,1524,23,1501,한천로130길
2016,4,A,골목상권,1000347,1887,937,950,268,276,317,301,283,442,141,134,168,169,141,184,127,142,149,132,142,258,887,131,756,한천로124나길
2016,4,A,골목상권,1000346,3115,1508,1607,605,425,452,519,516,598,319,211,214,244,248,272,286,214,238,275,268,326,1055,581,474,한천로109길
2016,4,A,골목상권,1000345,2791,1424,1367,409,335,355,461,508,723,209,187,200,233,251,344,200,148,155,228,257,379,1250,20,1230,인수봉로79길
2016,4,A,골목상권,1000344,4230,2017,2213,623,574,576,604,753,1100,303,293,294,284,358,485,320,281,282,320,395,615,1632,516,1116,인수봉로72길
2016,4,A,골목상권,1000343,1952,943,1009,301,276,265,335,318,457,152,144,141,167,138,201,149,132,124,168,180,256,809,0,809,인수봉로56길
2016,4,A,골목상권,1000342,2176,1067,1109,204,394,429,367,343,439,101,178,227,197,165,199,103,216,202,170,178,240,1224,5,1219,오패산로67길
2016,4,A,골목상권,1000341,3062,1504,1558,435,422,411,502,497,795,225,216,233,261,217,352,210,206,178,241,280,443,1298,0,1298,오패산로52길
2016,4,A,골목상권,1000340,1544,767,777,244,176,238,237,240,409,134,95,120,130,106,182,110,81,118,107,134,227,655,0,655,오패산로30길
2016,4,A,골목상권,1000339,3404,1700,1704,399,629,589,477,528,782,204,290,334,260,246,366,195,339,255,217,282,416,1719,54,1665,수유로12길
2016,4,A,골목상권,1000338,2963,1479,1484,416,422,435,498,521,671,213,210,235,260,246,315,203,212,200,238,275,356,1296,0,1296,솔샘로65길
2016,4,A,골목상권,1000337,2200,1070,1130,320,325,312,384,343,516,168,149,166,195,163,229,152,176,146,189,180,287,1028,0,1028,솔매로50길
2016,4,A,골목상권,1000336,2064,1012,1052,251,325,287,328,367,506,141,151,143,157,191,229,110,174,144,171,176,277,998,7,991,솔매로45길
2016,4,A,골목상권,1000335,3419,1677,1742,441,509,476,529,651,813,232,255,265,259,303,363,209,254,211,270,348,450,1586,8,1578,솔매로41길
2016,4,A,골목상권,1000334,3103,1543,1560,481,423,413,494,517,775,250,223,223,248,245,354,231,200,190,246,272,421,1322,0,1322,삼양로93길
2016,4,A,골목상권,1000333,3435,1756,1679,507,450,507,525,607,839,267,265,284,267,299,374,240,185,223,258,308,465,1474,6,1468,삼양로77길
2016,4,A,골목상권,1000332,3702,1816,1886,475,520,558,567,681,901,244,255,294,292,344,387,231,265,264,275,337,514,1669,0,1669,삼양로54길
2016,4,A,골목상권,1000331,4557,2291,2266,597,605,518,747,823,1267,315,321,283,388,429,555,282,284,235,359,394,712,2119,30,2089,삼양로41길
2016,4,A,골목상권,1000330,1385,686,699,329,139,267,280,179,191,167,79,129,143,91,77,162,60,138,137,88,114,494,379,115,삼양로27길
2016,4,A,골목상권,1000329,3047,1529,1518,322,332,378,481,600,934,158,182,219,251,299,420,164,150,159,230,301,514,1573,90,1483,삼양로24길
2016,4,A,골목상권,1000328,2297,1155,1142,293,351,260,369,444,580,146,195,149,189,219,257,147,156,111,180,225,323,1067,0,1067,삼양로20길
2016,4,A,골목상권,1000327,3819,1878,1941,467,607,676,558,677,834,258,306,366,256,313,379,209,301,310,302,364,455,1696,54,1642,삼각산로28길
2016,4,A,골목상권,1000326,2234,1108,1126,259,379,368,345,396,487,139,204,202,162,192,209,120,175,166,183,204,278,1047,0,1047,도봉로99길
2016,4,A,골목상권,1000325,265,136,129,20,33,41,58,44,69,12,16,27,36,19,26,8,17,14,22,25,43,156,0,156,도봉로8길
2016,4,A,골목상권,1000324,3561,1666,1895,361,719,610,518,591,762,163,281,309,277,299,337,198,438,301,241,292,425,1991,431,1560,도봉로76길
2016,4,A,골목상권,1000323,1723,846,877,213,234,244,226,322,484,117,107,136,116,152,218,96,127,108,110,170,266,850,0,850,도봉로67길
2016,4,A,골목상권,1000322,3341,1616,1725,441,465,540,576,556,763,219,220,284,292,257,344,222,245,256,284,299,419,1561,33,1528,도봉로45길
2016,4,A,골목상권,1000321,3160,1588,1572,392,412,464,513,564,815,193,224,270,263,268,370,199,188,194,250,296,445,1379,59,1320,도봉로18길
2016,4,A,골목상권,1000320,1817,899,918,213,268,234,295,350,457,106,149,129,146,167,202,107,119,105,149,183,255,840,0,840,도봉로13길
2016,4,A,골목상권,1000319,2734,1322,1412,247,480,459,446,442,660,124,220,242,226,220,290,123,260,217,220,222,370,1570,0,1570,덕릉로41길
2016,4,A,골목상권,1000318,2015,1024,991,311,257,294,356,353,444,170,120,145,202,180,207,141,137,149,154,173,237,845,0,845,덕릉로40길
2016,4,A,골목상권,1000317,2431,1193,1238,300,322,356,398,400,655,171,178,195,192,182,275,129,144,161,206,218,380,1080,0,1080,노해로33길
2016,4,A,골목상권,1000316,1450,702,748,232,201,226,247,252,292,113,102,128,120,112,127,119,99,98,127,140,165,592,0,592,노해로23길
2016,4,A,골목상권,1000315,2745,1363,1382,379,418,406,452,473,617,192,210,219,239,228,275,187,208,187,213,245,342,1219,0,1219,노해로17길
2016,4,A,골목상권,1000314,2120,1103,1017,258,263,345,383,392,479,137,134,192,201,205,234,121,129,153,182,187,245,1074,0,1074,화랑로40길
2016,4,A,골목상권,1000313,3511,1763,1748,461,540,450,597,606,857,257,276,229,316,308,377,204,264,221,281,298,480,1668,0,1668,화랑로32길
2016,4,A,골목상권,1000312,2776,1393,1383,410,296,429,456,453,732,206,160,230,253,218,326,204,136,199,203,235,406,1238,79,1159,화랑로1길
2016,4,A,골목상권,1000311,2418,1221,1197,355,282,322,406,420,633,174,161,174,206,212,294,181,121,148,200,208,339,1032,10,1022,화랑로19길
2016,4,A,골목상권,1000310,1404,688,716,173,301,192,207,234,297,86,145,105,105,121,126,87,156,87,102,113,171,695,0,695,화랑로14길
2016,4,A,골목상권,1000309,1194,542,652,147,286,175,169,169,248,65,93,103,89,91,101,82,193,72,80,78,147,626,40,586,화랑로13길
2016,4,A,골목상권,1000308,1808,895,913,238,266,294,292,326,392,122,132,152,151,152,186,116,134,142,141,174,206,829,0,829,한천로76길
2016,4,A,골목상권,1000307,3164,1608,1556,575,372,385,603,540,689,293,206,209,304,283,313,282,166,176,299,257,376,1251,186,1065,한천로101가길
2016,4,A,골목상권,1000306,1272,561,711,117,329,243,173,180,230,62,139,102,79,85,94,55,190,141,94,95,136,741,0,741,창경궁로43길
2016,4,A,골목상권,1000305,2787,1409,1378,357,493,455,472,431,579,188,255,261,243,200,262,169,238,194,229,231,317,1349,13,1336,지봉로20길
2016,4,A,골목상권,1000304,2582,1430,1152,290,788,406,309,302,487,146,505,240,159,158,222,144,283,166,150,144,265,1493,142,1351,종암로5길
2016,4,A,골목상권,1000303,2198,1098,1100,396,251,405,366,339,441,207,135,202,199,168,187,189,116,203,167,171,254,901,412,489,종암로24가길
2016,4,A,골목상권,1000302,1745,850,895,343,261,248,312,269,312,172,130,124,157,130,137,171,131,124,155,139,175,706,293,413,종암로21길
2016,4,A,골목상권,1000301,1741,844,897,277,277,256,289,265,377,140,137,135,143,120,169,137,140,121,146,145,208,723,174,549,종암로19길
2016,4,A,골목상권,1000300,3492,1667,1825,430,448,390,540,579,1105,252,219,205,251,289,451,178,229,185,289,290,654,1836,76,1760,종암로16길
2016,4,A,골목상권,1000299,1836,935,901,238,335,284,229,295,455,121,174,159,130,156,195,117,161,125,99,139,260,936,24,912,정릉로8길
2016,4,A,골목상권,1000298,3611,1781,1830,590,429,543,568,566,915,310,232,287,283,270,399,280,197,256,285,296,516,1514,0,1514,정릉로27길
2016,4,A,골목상권,1000297,1927,959,968,319,176,268,355,296,513,179,93,123,188,147,229,140,83,145,167,149,284,869,338,531,정릉로26길
2016,4,A,골목상권,1000296,2431,1246,1185,291,316,317,395,449,663,145,150,172,220,234,325,146,166,145,175,215,338,1104,0,1104,장위로50길
2016,4,A,골목상권,1000295,2037,968,1069,227,406,279,311,307,507,121,147,146,174,151,229,106,259,133,137,156,278,1026,277,749,장월로1길
2016,4,A,골목상권,1000294,986,488,498,160,134,161,182,135,214,75,68,77,100,64,104,85,66,84,82,71,110,447,0,447,인촌로6길
2016,4,A,골목상권,1000293,1521,673,848,165,446,252,204,192,262,88,148,122,100,95,120,77,298,130,104,97,142,867,0,867,인촌로5길
2016,4,A,골목상권,1000292,725,417,308,48,281,125,69,75,127,27,150,89,45,44,62,21,131,36,24,31,65,511,0,511,인촌로24길
2016,4,A,골목상권,1000291,1090,563,527,81,604,124,77,72,132,43,322,76,37,32,53,38,282,48,40,40,79,827,0,827,개운사길
2016,4,A,골목상권,1000290,1541,740,801,169,301,251,222,248,350,82,145,119,120,124,150,87,156,132,102,124,200,835,0,835,인촌로1길
2016,4,A,골목상권,1000289,1714,818,896,198,546,250,250,183,287,99,266,120,113,93,127,99,280,130,137,90,160,981,0,981,인촌로17가길
2016,4,A,골목상권,1000288,3107,1510,1597,388,594,445,468,499,713,181,248,240,259,246,336,207,346,205,209,253,377,1483,0,1483,오패산로4길
2016,4,A,골목상권,1000287,3477,1728,1749,506,428,457,537,596,953,252,229,242,291,287,427,254,199,215,246,309,526,1473,509,964,오패산로3길
2016,4,A,골목상권,1000286,1791,886,905,205,239,229,274,334,510,109,125,113,148,168,223,96,114,116,126,166,287,871,0,871,오패산로19길
2016,4,A,골목상권,1000285,2281,1146,1135,272,443,411,364,367,424,136,243,213,181,190,183,136,200,198,183,177,241,1171,29,1142,안암로5길
2016,4,A,골목상권,1000284,3147,1397,1750,309,875,613,387,355,608,156,347,283,187,162,262,153,528,330,200,193,346,1822,15,1807,아리랑로4길
2016,4,A,골목상권,1000283,1935,956,979,289,291,263,297,334,461,145,155,144,142,181,189,144,136,119,155,153,272,825,14,811,솔샘로6길
2016,4,A,골목상권,1000282,1588,787,801,282,229,220,301,245,311,159,120,104,148,123,133,123,109,116,153,122,178,627,125,502,성북로8길
2016,4,A,골목상권,1000281,1677,839,838,206,211,218,262,271,509,107,126,120,135,136,215,99,85,98,127,135,294,775,12,763,삼양로8길
2016,4,A,골목상권,1000280,1915,970,945,295,291,260,335,302,432,161,157,146,176,146,184,134,134,114,159,156,248,883,1,882,삼선교로16가길
2016,4,A,골목상권,1000279,2338,1159,1179,275,381,370,365,397,550,145,194,206,191,187,236,130,187,164,174,210,314,1172,0,1172,삼선교로10다길
2016,4,A,골목상권,1000278,2360,1107,1253,303,488,383,345,345,496,154,229,195,164,148,217,149,259,188,181,197,279,1182,0,1182,삼선교로10길
2016,4,A,골목상권,1000277,1304,467,837,89,505,285,140,124,161,40,117,122,64,55,69,49,388,163,76,69,92,910,0,910,보문로32길
2016,4,A,골목상권,1000276,2978,1387,1591,382,635,556,461,374,570,205,270,271,230,176,235,177,365,285,231,198,335,1564,18,1546,보문로31길
2016,4,A,골목상권,1000275,1325,632,693,139,359,215,191,173,248,72,156,124,96,86,98,67,203,91,95,87,150,750,0,750,보문로26길
2016,4,A,골목상권,1000274,2519,1214,1305,293,395,389,428,418,596,146,198,202,203,203,262,147,197,187,225,215,334,1294,0,1294,보문로13길
2016,4,A,골목상권,1000273,3009,1481,1528,496,412,473,507,462,659,266,210,240,265,215,285,230,202,233,242,247,374,1235,0,1235,보국문로16길
2016,4,A,골목상권,1000272,315,152,163,37,43,43,43,55,94,21,23,20,25,26,37,16,20,23,18,29,57,164,0,164,동소문로6길
2016,4,A,골목상권,1000271,400,209,191,39,70,48,64,65,114,24,36,27,35,36,51,15,34,21,29,29,63,214,0,214,동소문로2길
2016,4,A,골목상권,1000270,2412,982,1430,197,699,439,329,264,484,86,211,197,164,120,204,111,488,242,165,144,280,1577,0,1577,동소문로26가길
2016,4,A,골목상권,1000269,1110,483,627,134,275,176,191,131,203,70,93,82,97,64,77,64,182,94,94,67,126,612,0,612,동소문로15길
2016,4,A,골목상권,1000268,2963,1362,1601,536,496,442,523,408,558,249,230,199,247,195,242,287,266,243,276,213,316,1266,402,864,동소문로13길
2016,4,A,골목상권,1000267,1421,717,704,195,192,175,197,278,384,107,97,100,106,138,169,88,95,75,91,140,215,642,0,642,돌곶이로8길
2016,4,A,골목상권,1000266,1958,989,969,320,255,260,320,344,459,170,141,143,149,170,216,150,114,117,171,174,243,792,0,792,돌곶이로41길
2016,4,A,골목상권,1000265,1977,1050,927,241,261,308,315,360,492,133,131,171,185,190,240,108,130,137,130,170,252,901,126,775,돌곶이로28길
2016,4,A,골목상권,1000264,3291,1675,1616,440,397,402,562,620,870,225,213,227,285,318,407,215,184,175,277,302,463,1486,0,1486,돌곶이로27길
2016,4,A,골목상권,1000263,1249,621,628,186,188,176,197,227,275,90,88,102,97,117,127,96,100,74,100,110,148,585,0,585,돌곶이로22길
2016,4,A,골목상권,1000262,1374,673,701,201,187,181,230,239,336,107,80,90,120,127,149,94,107,91,110,112,187,593,0,593,돌곶이로14길
2016,4,A,골목상권,1000261,314,159,155,14,27,36,47,51,139,7,14,23,25,29,61,7,13,13,22,22,78,191,0,191,길음로7길
2016,4,A,골목상권,1000260,2715,1393,1322,370,361,420,477,488,599,193,176,242,251,257,274,177,185,178,226,231,325,1284,78,1206,중랑천로10길
2016,4,A,골목상권,1000259,3550,1832,1718,502,529,470,586,696,767,252,280,262,309,360,369,250,249,208,277,336,398,1554,60,1494,용마산로94길
2016,4,A,골목상권,1000258,2030,1082,948,191,248,242,313,466,570,99,135,139,174,258,277,92,113,103,139,208,293,1183,0,1183,용마산로118길
2016,4,A,골목상권,1000257,2711,1369,1342,394,375,368,394,539,641,199,189,205,195,269,312,195,186,163,199,270,329,1169,172,997,용마산로112길
2016,4,A,골목상권,1000256,3192,1617,1575,543,435,469,536,561,648,272,222,249,268,302,304,271,213,220,268,259,344,1403,0,1403,용마산로100길
2016,4,A,골목상권,1000255,2722,1326,1396,628,337,430,495,415,417,316,178,206,234,209,183,312,159,224,261,206,234,984,446,538,신내로7가길
2016,4,A,골목상권,1000254,3270,1597,1673,381,531,590,526,525,717,198,250,308,278,254,309,183,281,282,248,271,408,1705,0,1705,사가정로54길
2016,4,A,골목상권,1000253,3303,1644,1659,542,437,479,530,589,726,277,223,236,276,283,349,265,214,243,254,306,377,1332,526,806,사가정로42길
2016,4,A,골목상권,1000252,3909,1915,1994,732,510,571,665,661,770,378,278,283,327,306,343,354,232,288,338,355,427,1426,671,755,봉화산로56길
2016,4,A,골목상권,1000251,4616,2426,2190,485,629,707,740,953,1102,265,318,408,400,506,529,220,311,299,340,447,573,2328,0,2328,봉화산로4길
2016,4,A,골목상권,1000250,3155,1573,1582,454,471,530,478,559,663,242,228,288,235,278,302,212,243,242,243,281,361,1434,0,1434,봉화산로30길
2016,4,A,골목상권,1000249,2277,1129,1148,227,384,413,323,412,518,111,196,216,167,202,237,116,188,197,156,210,281,1155,0,1155,봉우재로33길
2016,4,A,골목상권,1000248,5727,2838,2889,786,861,912,918,1010,1240,396,433,494,473,490,552,390,428,418,445,520,688,2667,22,2645,면목로78길
2016,4,A,골목상권,1000247,2931,1482,1449,379,452,403,522,557,618,199,248,221,264,276,274,180,204,182,258,281,344,1339,37,1302,면목로56길
2016,4,A,골목상권,1000246,2051,1026,1025,312,288,349,370,366,366,159,145,184,185,182,171,153,143,165,185,184,195,942,21,921,면목로55길
2016,4,A,골목상권,1000245,2966,1499,1467,350,389,523,506,521,677,196,181,271,278,268,305,154,208,252,228,253,372,1585,0,1585,면목로49길
2016,4,A,골목상권,1000244,3058,1488,1570,400,466,521,484,541,646,196,232,274,245,258,283,204,234,247,239,283,363,1454,8,1446,면목로48길
2016,4,A,골목상권,1000243,1507,779,728,155,252,239,263,268,330,76,130,134,147,145,147,79,122,105,116,123,183,766,0,766,면목로45길
2016,4,A,골목상권,1000242,2786,1404,1382,460,367,404,503,453,599,231,186,215,264,228,280,229,181,189,239,225,319,1261,0,1261,면목로33길
2016,4,A,골목상권,1000241,1933,972,961,301,265,296,333,333,405,156,143,145,176,170,182,145,122,151,157,163,223,866,0,866,면목로21길
2016,4,A,골목상권,1000240,1582,800,782,220,236,175,279,287,385,111,120,93,145,146,185,109,116,82,134,141,200,745,0,745,망우로73길
2016,4,A,골목상권,1000239,2480,1276,1204,349,372,339,383,526,511,191,214,184,182,266,239,158,158,155,201,260,272,1174,23,1151,망우로68길
2016,4,A,골목상권,1000238,3571,1804,1767,462,556,681,551,630,691,239,270,381,278,319,317,223,286,300,273,311,374,1750,23,1727,동일로163길
2016,4,A,골목상권,1000237,2720,1345,1375,310,448,492,438,464,568,155,214,269,236,226,245,155,234,223,202,238,323,1413,0,1413,동일로157길
2016,4,A,골목상권,1000236,2764,1375,1389,435,370,460,453,480,566,239,173,251,229,241,242,196,197,209,224,239,324,1231,73,1158,동일로149길
2016,4,A,골목상권,1000235,2452,1268,1184,345,375,411,336,454,531,196,205,216,179,229,243,149,170,195,157,225,288,1042,15,1027,동일로140길
2016,4,A,골목상권,1000234,2952,1523,1429,280,380,385,481,640,786,147,186,212,262,346,370,133,194,173,219,294,416,1585,0,1585,동일로139길
2016,4,A,골목상권,1000233,1830,930,900,264,264,260,299,363,380,143,136,135,166,184,166,121,128,125,133,179,214,790,333,457,동일로139가길
2016,4,A,골목상권,1000232,3438,1655,1783,512,541,546,497,634,708,245,278,281,235,297,319,267,263,265,262,337,389,1456,0,1456,동일로130길
2016,4,A,골목상권,1000231,2676,1373,1303,316,373,341,425,583,638,179,206,174,215,305,294,137,167,167,210,278,344,1356,0,1356,동일로123길
2016,4,A,골목상권,1000230,4438,2187,2251,484,822,831,657,760,884,250,366,443,356,362,410,234,456,388,301,398,474,2377,8,2369,동일로112길
2016,4,A,골목상권,1000229,3158,1585,1573,517,412,400,623,587,619,238,209,217,322,313,286,279,203,183,301,274,333,1396,136,1260,동일로101길
2016,4,A,골목상권,1000228,5330,2734,2596,746,784,877,831,974,1118,407,395,494,426,487,525,339,389,383,405,487,593,2365,66,2299,동일로100길
2016,4,A,골목상권,1000227,1996,1002,994,314,311,306,339,358,368,167,149,169,162,188,167,147,162,137,177,170,201,865,17,848,답십리로75길
2016,4,A,골목상권,1000226,4112,1991,2121,522,610,750,633,648,949,260,298,381,326,299,427,262,312,369,307,349,522,1931,317,1614,공릉로2길
2016,4,A,골목상권,1000225,1052,524,528,198,143,128,191,182,210,106,75,70,94,90,89,92,68,58,97,92,121,440,0,440,공릉로12가길
2016,4,A,골목상권,1000224,5225,2634,2591,743,817,908,877,915,965,397,421,482,434,464,436,346,396,426,443,451,529,2305,17,2288,겸재로54길
2016,4,A,골목상권,1000223,4221,2126,2095,504,586,675,781,726,949,270,280,364,394,365,453,234,306,311,387,361,496,2294,35,2259,겸재로36길
2016,4,A,골목상권,1000222,2257,1145,1112,263,351,385,377,383,498,132,176,198,201,214,224,131,175,187,176,169,274,1174,21,1153,겸재로29길
2016,4,A,골목상권,1000221,3714,1873,1841,400,665,640,593,613,803,201,344,367,316,304,341,199,321,273,277,309,462,1982,0,1982,휘경로3길
2016,4,A,골목상권,1000220,1349,664,685,128,389,195,173,180,284,65,184,110,93,88,124,63,205,85,80,92,160,800,0,800,휘경로2길
2016,4,A,골목상권,1000219,2662,1326,1336,274,302,377,487,459,763,134,164,215,264,232,317,140,138,162,223,227,446,1526,0,1526,휘경로23길
2016,4,A,골목상권,1000218,2145,1112,1033,205,310,303,375,393,559,101,164,176,217,205,249,104,146,127,158,188,310,1142,0,1142,휘경로14길
2016,4,A,골목상권,1000217,2356,1153,1203,463,268,320,443,350,512,233,120,176,206,185,233,230,148,144,237,165,279,898,417,481,한천로46길
2016,4,A,골목상권,1000216,1850,928,922,222,234,226,293,369,506,105,121,115,165,200,222,117,113,111,128,169,284,949,0,949,한천로40길
2016,4,A,골목상권,1000215,784,383,401,140,95,105,148,137,159,63,42,52,82,68,76,77,53,53,66,69,83,339,0,339,한천로33길
2016,4,A,골목상권,1000214,3266,1724,1542,364,427,424,564,660,827,185,231,235,320,356,397,179,196,189,244,304,430,1681,55,1626,한천로14길
2016,4,A,골목상권,1000213,2872,1454,1418,472,436,545,452,446,521,236,220,274,239,223,262,236,216,271,213,223,259,1216,461,755,천호대로97길
2016,4,A,골목상권,1000212,2346,1203,1143,342,349,410,354,428,463,187,179,214,186,203,234,155,170,196,168,225,229,959,87,872,천호대로77길
2016,4,A,골목상권,1000211,2513,1311,1202,266,352,321,350,475,749,144,202,180,203,240,342,122,150,141,147,235,407,1249,10,1239,천호대로45길
2016,4,A,골목상권,1000210,2173,1103,1070,254,319,339,352,382,527,117,172,198,192,188,236,137,147,141,160,194,291,1085,32,1053,천호대로17길
2016,4,A,골목상권,1000209,755,400,355,75,96,76,90,156,262,38,51,45,59,92,115,37,45,31,31,64,147,381,0,381,천호대로12길
2016,4,A,골목상권,1000208,1446,752,694,143,785,164,101,85,168,61,431,95,48,42,75,82,354,69,53,43,93,1062,0,1062,천장산로7길
2016,4,A,골목상권,1000207,1126,611,515,80,217,192,154,174,309,44,113,124,94,96,140,36,104,68,60,78,169,690,0,690,제기로5길
2016,4,A,골목상권,1000206,3338,1690,1648,342,341,380,464,614,1197,170,188,216,248,332,536,172,153,164,216,282,661,1851,0,1851,제기로21길
2016,4,A,골목상권,1000205,1528,801,727,135,185,167,286,300,455,81,95,95,159,168,203,54,90,72,127,132,252,885,0,885,전농로4길
2016,4,A,골목상권,1000204,1849,920,929,282,232,222,325,320,468,146,117,121,161,175,200,136,115,101,164,145,268,835,0,835,전농로3길
2016,4,A,골목상권,1000203,2086,1019,1067,309,273,239,349,391,525,152,155,129,171,199,213,157,118,110,178,192,312,950,0,950,전농로29길
2016,4,A,골목상권,1000202,2328,1180,1148,348,353,429,351,412,435,200,169,226,182,187,216,148,184,203,169,225,219,935,274,661,장한로8길
2016,4,A,골목상권,1000201,2165,1089,1076,350,293,406,330,345,441,191,148,207,174,174,195,159,145,199,156,171,246,909,284,625,장한로5길
2016,4,A,골목상권,1000200,1096,571,525,149,133,182,188,207,237,80,68,103,108,100,112,69,65,79,80,107,125,557,25,532,장한로27길
2016,4,A,골목상권,1000199,1100,562,538,158,135,141,178,183,305,85,75,72,89,101,140,73,60,69,89,82,165,500,0,500,장한로27가길
2016,4,A,골목상권,1000198,2683,1346,1337,509,283,470,488,389,544,267,148,237,254,186,254,242,135,233,234,203,290,991,273,718,장한로26길
2016,4,A,골목상권,1000197,1356,678,678,190,208,284,197,204,273,91,102,144,104,96,141,99,106,140,93,108,132,633,71,562,장한로26가길
2016,4,A,골목상권,1000196,640,319,321,95,103,96,105,129,112,51,54,47,52,65,50,44,49,49,53,64,62,274,17,257,장한로25길
2016,4,A,골목상권,1000195,1306,659,647,220,167,205,220,192,302,114,88,101,119,91,146,106,79,104,101,101,156,486,186,300,장한로14길
2016,4,A,골목상권,1000194,3821,1960,1861,524,614,550,610,619,904,270,326,315,316,325,408,254,288,235,294,294,496,1824,0,1824,이문로42길
2016,4,A,골목상권,1000193,3588,1803,1785,415,426,513,556,666,1012,200,233,279,311,345,435,215,193,234,245,321,577,1901,268,1633,왕산로43길
2016,4,A,골목상권,1000192,530,272,258,30,63,63,64,88,222,13,33,32,42,45,107,17,30,31,22,43,115,309,0,309,왕산로33길
2016,4,A,골목상권,1000191,1130,575,555,100,173,166,154,217,320,52,81,85,94,116,147,48,92,81,60,101,173,629,0,629,왕산로32길
2016,4,A,골목상권,1000190,1586,825,761,142,186,206,212,301,539,81,100,117,127,161,239,61,86,89,85,140,300,881,0,881,약령시로17길
2016,4,A,골목상권,1000189,2322,1185,1137,389,290,380,393,337,533,195,151,193,214,186,246,194,139,187,179,151,287,1029,101,928,서울시립대로4길
2016,4,A,골목상권,1000188,4383,2208,2175,536,1138,666,509,599,935,257,627,375,259,279,411,279,511,291,250,320,524,2307,150,2157,서울시립대로29길
2016,4,A,골목상권,1000187,3576,1768,1808,518,561,409,621,689,778,262,289,235,305,334,343,256,272,174,316,355,435,1483,435,1048,서울시립대로16길
2016,4,A,골목상권,1000186,1973,996,977,309,275,321,348,325,395,146,154,170,186,167,173,163,121,151,162,158,222,877,147,730,사가정로2길
2016,4,A,골목상권,1000185,2006,991,1015,313,299,298,318,365,413,151,155,161,156,175,193,162,144,137,162,190,220,751,193,558,사가정로23가길
2016,4,A,골목상권,1000184,2096,1040,1056,254,269,271,312,435,555,133,148,143,157,219,240,121,121,128,155,216,315,1013,142,871,사가정로13길
2016,4,A,골목상권,1000183,2123,1157,966,252,469,332,288,339,443,127,291,205,152,177,205,125,178,127,136,162,238,1111,0,1111,무학로45길
2016,4,A,골목상권,1000182,1193,601,592,178,154,186,165,219,291,91,83,103,85,112,127,87,71,83,80,107,164,542,0,542,무학로16길
2016,4,A,골목상권,1000181,643,330,313,70,93,80,98,108,194,40,52,37,52,56,93,30,41,43,46,52,101,284,107,177,망우로21길
2016,4,A,골목상권,1000180,1503,732,771,194,446,220,188,172,283,87,235,111,97,77,125,107,211,109,91,95,158,834,0,834,망우로18길
2016,4,A,골목상권,1000179,2700,1365,1335,290,853,357,326,338,536,141,463,206,159,151,245,149,390,151,167,187,291,1518,0,1518,망우로18가길
2016,4,A,골목상권,1000178,1307,648,659,189,197,258,192,217,254,97,93,128,100,107,123,92,104,130,92,110,131,578,22,556,답십리로72길
2016,4,A,골목상권,1000177,1674,870,804,283,213,264,271,283,360,149,119,137,143,156,166,134,94,127,128,127,194,658,223,435,답십리로69길
2016,4,A,골목상권,1000176,2829,1463,1366,346,427,612,481,504,459,191,211,331,249,252,229,155,216,281,232,252,230,1363,82,1281,답십리로68길
2016,4,A,골목상권,1000175,2932,1441,1491,425,393,462,492,528,632,220,186,248,252,243,292,205,207,214,240,285,340,1364,45,1319,답십리로64길
2016,4,A,골목상권,1000174,1519,764,755,213,207,207,252,285,355,98,117,118,132,148,151,115,90,89,120,137,204,689,0,689,답십리로63길
2016,4,A,골목상권,1000173,2032,1040,992,270,314,254,299,402,493,139,168,141,151,215,226,131,146,113,148,187,267,846,199,647,답십리로60길
2016,4,A,골목상권,1000172,3912,1950,1962,531,521,535,632,702,991,269,298,265,334,345,439,262,223,270,298,357,552,1739,451,1288,답십리로56길
2016,4,A,골목상권,1000171,2228,1103,1125,321,334,334,359,371,509,174,178,170,173,185,223,147,156,164,186,186,286,1036,83,953,답십리로23길
2016,4,A,골목상권,1000170,242,146,96,35,31,36,41,40,59,19,19,22,24,24,38,16,12,14,17,16,21,113,0,113,난계로30길
2016,4,A,골목상권,1000169,1303,639,664,144,428,192,149,156,234,56,212,114,74,72,111,88,216,78,75,84,123,789,0,789,경희대로4길
2016,4,A,골목상권,1000168,624,302,322,52,246,98,59,64,105,24,118,50,30,33,47,28,128,48,29,31,58,418,0,418,경희대로3길
2016,4,A,골목상권,1000167,3374,1644,1730,551,476,611,582,530,624,288,238,302,294,241,281,263,238,309,288,289,343,1342,20,1322,천호대로129길
2016,4,A,골목상권,1000166,3075,1497,1578,483,485,530,501,554,522,252,245,253,247,268,232,231,240,277,254,286,290,1288,0,1288,천호대로123길
2016,4,A,골목상권,1000165,3616,1726,1890,458,653,772,553,549,631,237,287,379,261,265,297,221,366,393,292,284,334,1728,16,1712,천호대로109길
2016,4,A,골목상권,1000164,3896,1977,1919,667,554,556,659,708,752,341,302,302,324,362,346,326,252,254,335,346,406,1610,169,1441,자양번영로3길
2016,4,A,골목상권,1000163,2807,1347,1460,463,372,456,421,516,579,232,174,219,202,254,266,231,198,237,219,262,313,1164,0,1164,자양로53길
2016,4,A,골목상권,1000162,4741,2316,2425,787,649,791,750,786,978,410,339,398,369,362,438,377,310,393,381,424,540,1943,37,1906,자양로50길
2016,4,A,골목상권,1000161,2689,1298,1391,382,404,495,425,450,533,205,185,244,208,204,252,177,219,251,217,246,281,1169,0,1169,자양로45길
2016,4,A,골목상권,1000160,3129,1483,1646,443,583,589,582,461,471,226,254,291,280,220,212,217,329,298,302,241,259,1503,85,1418,자양로26길
2016,4,A,골목상권,1000159,1914,916,998,263,305,355,309,296,386,143,146,157,157,149,164,120,159,198,152,147,222,912,0,912,자양로15길
2016,4,A,골목상권,1000158,4017,1961,2056,476,635,754,651,690,811,242,304,401,323,329,362,234,331,353,328,361,449,2059,0,2059,자양로11길
2016,4,A,골목상권,1000157,3832,1869,1963,684,604,752,632,571,589,361,309,354,312,269,264,323,295,398,320,302,325,1623,74,1549,용마산로3길
2016,4,A,골목상권,1000156,5320,2660,2660,783,876,928,838,965,930,387,457,497,406,468,445,396,419,431,432,497,485,2259,59,2200,용마산로21길
2016,4,A,골목상권,1000155,1171,569,602,212,162,252,190,164,191,120,74,125,86,77,87,92,88,127,104,87,104,494,179,315,아차산로78길
2016,4,A,골목상권,1000154,2868,1392,1476,584,401,453,533,413,484,292,208,227,247,195,223,292,193,226,286,218,261,1198,112,1086,아차산로65길
2016,4,A,골목상권,1000153,3035,1426,1609,295,608,681,458,447,546,157,273,346,231,190,229,138,335,335,227,257,317,1585,0,1585,아차산로55길
2016,4,A,골목상권,1000152,1741,817,924,198,356,426,250,259,252,101,161,196,124,121,114,97,195,230,126,138,138,907,5,902,아차산로51길
2016,4,A,골목상권,1000151,3100,1563,1537,419,599,533,501,477,571,246,279,287,258,236,257,173,320,246,243,241,314,1403,53,1350,아차산로40길
2016,4,A,골목상권,1000150,4154,2066,2088,514,617,680,665,788,890,245,324,370,333,394,400,269,293,310,332,394,490,2018,0,2018,면목로17길
2016,4,A,골목상권,1000149,2981,1502,1479,459,474,489,468,518,573,257,226,272,226,253,268,202,248,217,242,265,305,1284,0,1284,뚝섬로64길
2016,4,A,골목상권,1000148,3442,1674,1768,635,472,634,604,501,596,314,238,315,298,237,272,321,234,319,306,264,324,1388,55,1333,뚝섬로58길
2016,4,A,골목상권,1000147,3552,1748,1804,690,507,661,649,534,511,354,249,332,306,264,243,336,258,329,343,270,268,1394,11,1383,뚝섬로54길
2016,4,A,골목상권,1000146,3601,1759,1842,571,506,688,640,559,637,288,264,335,324,255,293,283,242,353,316,304,344,1609,0,1609,뚝섬로48길
2016,4,A,골목상권,1000145,3087,1571,1516,383,416,509,505,588,686,197,218,283,260,306,307,186,198,226,245,282,379,1495,0,1495,뚝섬로24길
2016,4,A,골목상권,1000144,2104,1020,1084,225,326,348,310,408,487,106,163,177,166,192,216,119,163,171,144,216,271,1047,7,1040,뚝섬로23길
2016,4,A,골목상권,1000143,2976,1450,1526,284,889,635,381,353,434,150,395,324,201,175,205,134,494,311,180,178,229,1784,165,1619,동일로24길
2016,4,A,골목상권,1000142,2054,1061,993,216,366,374,307,373,418,114,194,188,176,199,190,102,172,186,131,174,228,1146,53,1093,동일로18길
2016,4,A,골목상권,1000141,3377,1627,1750,755,450,581,640,527,424,363,230,253,312,261,208,392,220,328,328,266,216,1178,571,607,능동로4길
2016,4,A,골목상권,1000140,3767,1899,1868,405,431,562,597,806,966,191,219,284,334,415,456,214,212,278,263,391,510,1949,333,1616,능동로3길
2016,4,A,골목상권,1000139,5194,2438,2756,687,926,1333,749,618,881,378,377,631,365,295,392,309,549,702,384,323,489,2620,25,2595,능동로34길
2016,4,A,골목상권,1000138,2289,1117,1172,119,862,399,249,271,389,56,390,200,147,161,163,63,472,199,102,110,226,1739,0,1739,능동로19길
2016,4,A,골목상권,1000137,3801,1800,2001,284,1343,790,431,406,547,146,560,411,230,210,243,138,783,379,201,196,304,2532,0,2532,능동로13길
2016,4,A,골목상권,1000136,2130,1069,1061,293,319,346,349,401,422,164,158,191,160,195,201,129,161,155,189,206,221,964,0,964,긴고랑로9길
2016,4,A,골목상권,1000135,4219,2153,2066,466,672,859,643,732,847,268,333,464,331,366,391,198,339,395,312,366,456,2090,28,2062,긴고랑로8길
2016,4,A,골목상권,1000134,4763,2337,2426,736,651,802,844,837,893,366,318,405,428,426,394,370,333,397,416,411,499,2162,50,2112,긴고랑로7길
2016,4,A,골목상권,1000133,4231,2040,2191,621,655,790,660,707,798,322,307,399,320,338,354,299,348,391,340,369,444,1977,10,1967,긴고랑로20길
2016,4,A,골목상권,1000132,4502,2168,2334,711,707,896,733,663,792,324,365,459,360,322,338,387,342,437,373,341,454,2047,0,2047,광나루로52길
2016,4,A,골목상권,1000131,3808,1878,1930,497,604,816,602,546,743,246,314,421,294,264,339,251,290,395,308,282,404,1846,32,1814,광나루로40길
2016,4,A,골목상권,1000130,634,296,338,99,87,77,99,121,151,46,43,41,47,55,64,53,44,36,52,66,87,283,0,283,광나루로37길
2016,4,A,골목상권,1000129,2677,1280,1397,357,414,486,456,407,557,173,188,244,243,196,236,184,226,242,213,211,321,1342,32,1310,광나루로36길
2016,4,A,골목상권,1000128,1371,728,643,128,377,234,184,173,275,70,221,130,101,90,116,58,156,104,83,83,159,818,0,818,광나루로24길
2016,4,A,골목상권,1000127,2400,1225,1175,145,1159,515,208,188,185,78,542,291,118,106,90,67,617,224,90,82,95,1887,9,1878,광나루로12길
2016,4,A,골목상권,1000126,2213,1061,1152,236,311,344,352,399,571,117,149,177,177,207,234,119,162,167,175,192,337,1028,706,322,한림말길
2016,4,A,골목상권,1000125,1008,479,529,148,147,201,154,135,223,80,66,91,81,60,101,68,81,110,73,75,122,487,49,438,한림말3길
2016,4,A,골목상권,1000124,2800,1432,1368,398,419,376,487,497,623,209,241,197,241,271,273,189,178,179,246,226,350,1255,0,1255,청계천로10나길
2016,4,A,골목상권,1000123,2043,995,1048,229,255,300,376,319,564,119,132,150,198,147,249,110,123,150,178,172,315,1017,8,1009,장터길
2016,4,A,골목상권,1000122,2831,1465,1366,384,426,381,492,505,643,190,230,214,249,277,305,194,196,167,243,228,338,1287,0,1287,용답중앙길
2016,4,A,골목상권,1000121,3303,1677,1626,411,488,543,552,588,721,190,230,289,305,320,343,221,258,254,247,268,378,1658,0,1658,용답29길
2016,4,A,골목상권,1000120,2148,1112,1036,324,340,378,380,332,394,168,175,198,202,174,195,156,165,180,178,158,199,975,167,808,왕십리로6길
2016,4,A,골목상권,1000119,2973,1442,1531,365,520,503,471,472,642,185,228,265,237,243,284,180,292,238,234,229,358,1421,39,1382,왕십리로31길
2016,4,A,골목상권,1000118,2961,1490,1471,425,512,472,496,470,586,222,252,244,257,261,254,203,260,228,239,209,332,1393,0,1393,왕십리로26길
2016,4,A,골목상권,1000117,2508,1193,1315,362,435,367,440,407,497,170,220,183,207,195,218,192,215,184,233,212,279,1140,7,1133,왕십리로21길
2016,4,A,골목상권,1000116,1938,1026,912,262,340,319,304,351,362,148,169,151,175,188,195,114,171,168,129,163,167,945,76,869,왕십리로14길
2016,4,A,골목상권,1000115,1476,745,731,169,281,293,212,246,275,93,127,164,104,137,120,76,154,129,108,109,155,737,11,726,아차산로5길
2016,4,A,골목상권,1000114,394,238,156,5,103,163,61,34,28,2,52,95,47,24,18,3,51,68,14,10,10,356,0,356,아차산로15길
2016,4,A,골목상권,1000113,390,234,156,47,52,56,82,86,67,25,31,26,55,59,38,22,21,30,27,27,29,204,0,204,아차산로11길
2016,4,A,골목상권,1000112,2713,1464,1249,303,426,417,434,583,550,152,238,233,242,328,271,151,188,184,192,255,279,1368,0,1368,송정4가길
2016,4,A,골목상권,1000111,1306,709,597,157,187,203,221,247,291,89,97,115,135,134,139,68,90,88,86,113,152,640,0,640,송정12라길
2016,4,A,골목상권,1000110,680,391,289,97,100,95,133,137,118,53,52,52,75,94,65,44,48,43,58,43,53,350,0,350,성수일로6길
2016,4,A,골목상권,1000109,1387,751,636,132,309,242,194,251,259,67,150,137,112,144,141,65,159,105,82,107,118,794,28,766,성수이로7길
2016,4,A,골목상권,1000108,294,157,137,50,38,31,55,66,54,24,21,15,32,42,23,26,17,16,23,24,31,146,0,146,성수이로18길
2016,4,A,골목상권,1000107,3416,1782,1634,510,526,455,591,704,630,259,293,253,301,398,278,251,233,202,290,306,352,1569,0,1569,성덕정길
2016,4,A,골목상권,1000106,3800,1999,1801,461,532,540,593,813,861,240,283,285,329,465,397,221,249,255,264,348,464,1889,0,1889,성덕정17길
2016,4,A,골목상권,1000105,2157,1086,1071,314,333,434,359,344,373,157,175,227,185,176,166,157,158,207,174,168,207,1018,56,962,서울숲2길
2016,4,A,골목상권,1000104,1202,612,590,145,219,246,205,173,214,80,105,131,111,87,98,65,114,115,94,86,116,619,0,619,상원길
2016,4,A,골목상권,1000103,2544,1301,1243,390,418,497,417,419,403,205,208,266,236,205,181,185,210,231,181,214,222,1157,423,734,상원12길
2016,4,A,골목상권,1000102,2470,1389,1081,202,902,311,250,298,507,109,591,184,139,140,226,93,311,127,111,158,281,1589,0,1589,사근동길
2016,4,A,골목상권,1000101,2440,1209,1231,411,391,366,394,392,486,214,195,190,200,201,209,197,196,176,194,191,277,1035,238,797,무학봉길
2016,4,A,골목상권,1000100,1036,495,541,117,228,150,170,166,205,48,122,74,87,89,75,69,106,76,83,77,130,573,0,573,무학봉28길
2016,4,A,골목상권,1000099,1848,912,936,235,304,308,315,313,373,128,143,159,168,152,162,107,161,149,147,161,211,928,41,887,무학로6길
2016,4,A,골목상권,1000098,2297,1109,1188,302,260,346,411,387,591,158,114,179,215,193,250,144,146,167,196,194,341,1175,89,1086,무수막길
2016,4,A,골목상권,1000097,1226,604,622,231,130,267,244,172,182,128,66,119,128,84,79,103,64,148,116,88,103,525,81,444,매봉길
2016,4,A,골목상권,1000096,1163,567,596,103,514,197,103,93,153,47,248,104,52,40,76,56,266,93,51,53,77,802,44,758,마조로1길
2016,4,A,골목상권,1000095,2686,1360,1326,359,376,341,426,480,704,190,187,176,218,265,324,169,189,165,208,215,380,1283,306,977,마조로16길
2016,4,A,골목상권,1000094,897,452,445,174,137,139,151,160,136,91,68,67,73,85,68,83,69,72,78,75,68,341,98,243,마장로39길
2016,4,A,골목상권,1000093,1951,979,972,262,322,280,312,316,459,138,161,155,161,159,205,124,161,125,151,157,254,896,0,896,마장로27길
2016,4,A,골목상권,1000092,1884,941,943,281,293,370,344,275,321,142,131,180,183,155,150,139,162,190,161,120,171,957,90,867,뚝섬로5길
2016,4,A,골목상권,1000091,3143,1681,1462,387,438,440,574,660,644,208,223,245,310,388,307,179,215,195,264,272,337,1576,0,1576,둘레9길
2016,4,A,골목상권,1000090,3560,1768,1792,543,487,480,606,631,813,298,261,262,291,305,351,245,226,218,315,326,462,1456,103,1353,금호산길
2016,4,A,골목상권,1000089,2440,1193,1247,350,343,326,392,402,627,181,183,170,203,191,265,169,160,156,189,211,362,1049,17,1032,금호산2길
2016,4,A,골목상권,1000088,3046,1552,1494,335,524,389,497,576,725,183,285,209,265,292,318,152,239,180,232,284,407,1557,24,1533,고산자로6길
2016,4,A,골목상권,1000087,5633,2745,2888,940,715,949,1001,854,1174,521,355,474,492,406,497,419,360,475,509,448,677,2610,88,2522,후암로28길
2016,4,A,골목상권,1000086,2984,1419,1565,458,382,590,479,423,652,230,165,292,243,216,273,228,217,298,236,207,379,1389,85,1304,효창원로39길
2016,4,A,골목상권,1000085,2327,1041,1286,230,259,376,376,373,713,118,137,173,177,156,280,112,122,203,199,217,433,1309,28,1281,회나무로13길
2016,4,A,골목상권,1000084,642,292,350,60,96,151,111,76,148,31,34,77,58,29,63,29,62,74,53,47,85,383,0,383,한남대로20길
2016,4,A,골목상권,1000083,106,83,23,1,5,17,27,25,31,1,2,13,22,23,22,0,3,4,5,2,9,103,0,103,한강대로88길
2016,4,A,골목상권,1000082,773,414,359,63,60,115,104,147,284,39,36,70,61,82,126,24,24,45,43,65,158,443,0,443,한강대로7길
2016,4,A,골목상권,1000081,948,471,477,89,118,149,136,166,290,50,60,71,77,82,131,39,58,78,59,84,159,529,0,529,한강대로62길
2016,4,A,골목상권,1000080,643,301,342,48,84,106,89,87,229,30,40,49,43,56,83,18,44,57,46,31,146,418,0,418,한강대로52길
2016,4,A,골목상권,1000079,1281,604,677,113,221,359,194,172,222,50,87,152,100,91,124,63,134,207,94,81,98,781,0,781,한강대로43길
2016,4,A,골목상권,1000078,521,275,246,43,56,90,71,90,171,23,40,52,45,47,68,20,16,38,26,43,103,273,0,273,한강대로15길
2016,4,A,골목상권,1000077,2816,1545,1271,324,389,410,474,576,643,183,186,214,298,341,323,141,203,196,176,235,320,1630,16,1614,한강대로104길
2016,4,A,골목상권,1000076,2804,1441,1363,375,472,417,482,482,576,203,244,243,248,247,256,172,228,174,234,235,320,1429,0,1429,청파로73길
2016,4,A,골목상권,1000075,4375,2206,2169,656,792,714,735,674,804,346,408,401,369,332,350,310,384,313,366,342,454,1971,40,1931,청파로71길
2016,4,A,골목상권,1000074,3109,1458,1651,465,699,646,470,354,475,231,264,324,238,185,216,234,435,322,232,169,259,1590,25,1565,청파로47나길
2016,4,A,골목상권,1000073,1650,640,1010,142,539,282,199,187,301,67,124,126,93,96,134,75,415,156,106,91,167,1044,0,1044,청파로47길
2016,4,A,골목상권,1000072,2884,1392,1492,365,428,463,466,482,680,192,236,245,223,207,289,173,192,218,243,275,391,1351,0,1351,장문로45길
2016,4,A,골목상권,1000071,2424,1068,1356,133,251,472,435,412,721,64,97,237,232,164,274,69,154,235,203,248,447,1632,1,1631,이태원로54길
2016,4,A,골목상권,1000070,695,332,363,75,104,126,120,92,178,37,55,55,62,44,79,38,49,71,58,48,99,358,0,358,이태원로27길
2016,4,A,골목상권,1000069,2042,960,1082,246,210,257,355,353,621,117,107,134,190,173,239,129,103,123,165,180,382,1006,325,681,이촌로22길
2016,4,A,골목상권,1000068,937,462,475,100,168,142,167,141,219,54,82,75,88,70,93,46,86,67,79,71,126,511,0,511,원효로89길
2016,4,A,골목상권,1000067,2177,1110,1067,269,322,326,347,328,585,151,175,188,190,160,246,118,147,138,157,168,339,1031,0,1031,원효로53길
2016,4,A,골목상권,1000066,1491,709,782,235,154,232,253,222,395,102,76,128,141,98,164,133,78,104,112,124,231,659,0,659,원효로41길
2016,4,A,골목상권,1000065,2039,1007,1032,336,306,325,339,311,422,181,141,165,172,165,183,155,165,160,167,146,239,876,83,793,원효로19길
2016,4,A,골목상권,1000064,2464,1209,1255,284,391,415,397,418,559,149,221,228,192,194,225,135,170,187,205,224,334,1296,0,1296,우사단로4길
2016,4,A,골목상권,1000063,1369,709,660,147,172,315,245,186,304,79,93,173,137,95,132,68,79,142,108,91,172,781,48,733,우사단로14길
2016,4,A,골목상권,1000062,2873,1509,1364,278,421,518,494,488,674,154,257,298,281,247,272,124,164,220,213,241,402,1597,0,1597,우사단로10길
2016,4,A,골목상권,1000061,2869,1423,1446,414,398,475,473,435,674,228,204,254,250,206,281,186,194,221,223,229,393,1323,0,1323,신흥로20길
2016,4,A,골목상권,1000060,2408,1141,1267,293,357,396,355,401,606,150,174,204,165,192,256,143,183,192,190,209,350,1148,5,1143,소월로20길
2016,4,A,골목상권,1000059,2701,1298,1403,345,326,334,453,493,750,176,166,169,236,250,301,169,160,165,217,243,449,1313,0,1313,서빙고로71길
2016,4,A,골목상권,1000058,3949,1922,2027,624,592,980,658,528,567,313,254,476,336,252,291,311,338,504,322,276,276,1923,299,1624,백범로90길
2016,4,A,골목상권,1000057,3958,1901,2057,668,593,713,715,530,739,349,271,359,349,255,318,319,322,354,366,275,421,1698,37,1661,백범로79길
2016,4,A,골목상권,1000056,3339,1753,1586,339,495,471,549,582,903,189,259,247,286,330,442,150,236,224,263,252,461,1938,0,1938,두텁바위로1길
2016,4,A,골목상권,1000055,1437,686,751,172,256,277,214,222,296,97,119,139,97,110,124,75,137,138,117,112,172,720,0,720,대사관로34길
2016,4,A,골목상권,1000054,863,424,439,105,141,158,131,113,215,59,77,76,72,55,85,46,64,82,59,58,130,440,0,440,녹사평대로46길
2016,4,A,골목상권,1000053,771,363,408,104,116,138,120,98,195,45,56,74,60,47,81,59,60,64,60,51,114,382,0,382,녹사평대로40나길
2016,4,A,골목상권,1000052,612,305,307,61,91,149,75,94,142,36,45,70,43,43,68,25,46,79,32,51,74,309,0,309,녹사평대로32길
2016,4,A,골목상권,1000051,986,459,527,86,155,197,138,163,247,45,81,105,57,81,90,41,74,92,81,82,157,534,0,534,녹사평대로26길
2016,4,A,골목상권,1000050,438,219,219,65,47,72,86,61,107,32,25,32,49,36,45,33,22,40,37,25,62,202,0,202,녹사평대로11길
2016,4,A,골목상권,1000049,3550,1787,1763,451,534,428,686,641,810,234,282,230,373,342,326,217,252,198,313,299,484,1817,0,1817,퇴계로90길
2016,4,A,골목상권,1000048,1547,813,734,95,129,148,214,272,689,39,57,92,114,152,359,56,72,56,100,120,330,1060,41,1019,퇴계로8길
2016,4,A,골목상권,1000047,1228,628,600,126,203,155,175,196,373,62,111,80,103,97,175,64,92,75,72,99,198,646,0,646,퇴계로56길
2016,4,A,골목상권,1000046,687,362,325,90,175,109,98,71,144,53,88,58,56,38,69,37,87,51,42,33,75,390,68,322,퇴계로46길
2016,4,A,골목상권,1000045,787,393,394,102,106,134,135,123,187,48,60,78,71,61,75,54,46,56,64,62,112,429,0,429,퇴계로18길
2016,4,A,골목상권,1000044,943,455,488,101,113,132,140,168,289,56,61,72,71,80,115,45,52,60,69,88,174,469,150,319,퇴계로12길
2016,4,A,골목상권,1000043,2074,989,1085,246,289,249,383,373,534,123,147,128,190,198,203,123,142,121,193,175,331,1073,0,1073,청구로1길
2016,4,A,골목상권,1000042,1873,937,936,260,293,318,288,319,395,132,149,167,150,162,177,128,144,151,138,157,218,884,26,858,청구로17길
2016,4,A,골목상권,1000041,1567,778,789,197,282,261,232,242,353,107,139,134,124,121,153,90,143,127,108,121,200,780,0,780,장충단로8길
2016,4,A,골목상권,1000040,110,63,47,30,15,23,27,9,6,16,7,16,15,6,3,14,8,7,12,3,3,52,0,52,삼일대로4길
2016,4,A,골목상권,1000039,72,56,16,0,8,14,10,20,20,0,4,13,9,16,14,0,4,1,1,4,6,37,0,37,명동길
2016,4,A,골목상권,1000038,700,333,367,85,132,138,101,110,134,38,63,68,59,52,53,47,69,70,42,58,81,334,0,334,동호로8길
2016,4,A,골목상권,1000037,2252,1039,1213,338,376,359,414,322,443,160,181,176,193,146,183,178,195,183,221,176,260,985,15,970,동호로20길
2016,4,A,골목상권,1000036,2040,1006,1034,234,286,290,331,336,563,124,159,136,176,167,244,110,127,154,155,169,319,1000,0,1000,동호로15길
2016,4,A,골목상권,1000035,4839,2368,2471,651,774,798,858,744,1014,355,409,424,424,328,428,296,365,374,434,416,586,2038,155,1883,동호로11길
2016,4,A,골목상권,1000034,2085,1011,1074,251,416,422,332,298,366,135,184,205,169,153,165,116,232,217,163,145,201,1113,17,1096,동호로10길
2016,4,A,골목상권,1000033,929,519,410,63,102,101,165,234,264,25,59,59,106,141,129,38,43,42,59,93,135,587,0,587,다산로39길
2016,4,A,골목상권,1000032,1495,733,762,221,237,246,237,245,309,116,122,117,121,129,128,105,115,129,116,116,181,649,216,433,다산로38길
2016,4,A,골목상권,1000031,2302,1146,1156,294,307,300,422,450,529,154,163,157,224,236,212,140,144,143,198,214,317,1085,163,922,다산로36길
2016,4,A,골목상권,1000030,3873,1961,1912,469,647,539,683,681,854,237,359,309,354,346,356,232,288,230,329,335,498,1899,0,1899,다산로33길
2016,4,A,골목상권,1000029,832,424,408,69,183,188,105,117,170,33,92,101,55,67,76,36,91,87,50,50,94,450,0,450,난계로21길
2016,4,A,골목상권,1000028,3197,1530,1667,305,662,634,522,499,575,137,277,302,268,275,271,168,385,332,254,224,304,1799,56,1743,난계로11길
2016,4,A,골목상권,1000027,729,336,393,137,92,95,150,105,150,67,43,41,64,56,65,70,49,54,86,49,85,320,0,320,필운대로1길
2016,4,A,골목상권,1000026,1681,835,846,309,270,201,224,258,419,175,151,104,97,120,188,134,119,97,127,138,231,756,0,756,평창길
2016,4,A,골목상권,1000025,953,443,510,121,117,130,196,125,264,69,48,61,103,63,99,52,69,69,93,62,165,460,0,460,통일로12길
2016,4,A,골목상권,1000024,2530,1285,1245,354,379,292,472,502,531,169,198,175,241,269,233,185,181,117,231,233,298,1102,66,1036,창신길
2016,4,A,골목상권,1000023,1452,777,675,141,169,147,272,307,416,77,99,86,147,175,193,64,70,61,125,132,223,858,0,858,창신5길
2016,4,A,골목상권,1000022,917,466,451,105,113,110,154,207,228,56,55,60,86,106,103,49,58,50,68,101,125,442,0,442,창신2길
2016,4,A,골목상권,1000021,952,413,539,84,189,124,168,139,248,42,78,54,80,63,96,42,111,70,88,76,152,654,0,654,창경궁로35길
2016,4,A,골목상권,1000020,2486,1245,1241,310,331,328,451,444,622,164,157,185,241,224,274,146,174,143,210,220,348,1213,0,1213,지봉로8길
2016,4,A,골목상권,1000019,3807,1970,1837,391,507,511,643,820,935,197,259,274,344,452,444,194,248,237,299,368,491,2043,94,1949,종로65길
2016,4,A,골목상권,1000018,451,225,226,22,135,112,59,53,70,9,55,59,37,28,37,13,80,53,22,25,33,342,0,342,종로58가길
2016,4,A,골목상권,1000017,51,36,15,3,2,3,8,14,21,1,2,2,6,12,13,2,0,1,2,2,8,42,0,42,종로24길
2016,4,A,골목상권,1000016,761,358,403,127,97,115,127,101,194,75,51,49,56,46,81,52,46,66,71,55,113,367,0,367,자하문로7길
2016,4,A,골목상권,1000015,1722,844,878,232,381,297,247,253,312,119,169,154,118,135,149,113,212,143,129,118,163,872,0,872,이화장길
2016,4,A,골목상권,1000014,503,270,233,60,72,85,88,79,119,39,38,49,53,36,55,21,34,36,35,43,64,261,0,261,율곡로16길
2016,4,A,골목상권,1000013,301,169,132,20,26,40,57,53,105,11,15,23,38,31,51,9,11,17,19,22,54,176,0,176,율곡로10길
2016,4,A,골목상권,1000012,2704,1213,1491,519,312,486,557,335,495,252,145,214,249,151,202,267,167,272,308,184,293,1114,7,1107,옥인길
2016,4,A,골목상권,1000011,996,514,482,101,127,133,154,189,292,55,69,73,82,107,128,46,58,60,72,82,164,543,0,543,숭인동길
2016,4,A,골목상권,1000010,1010,498,512,89,345,160,123,123,170,48,169,89,65,59,68,41,176,71,58,64,102,623,0,623,성균관로5길
2016,4,A,골목상권,1000009,778,362,416,78,78,123,98,130,271,31,35,65,49,60,122,47,43,58,49,70,149,409,0,409,삼청로5길
2016,4,A,골목상권,1000008,709,336,373,113,80,114,114,106,182,66,40,52,58,42,78,47,40,62,56,64,104,320,0,320,북촌로5나길
2016,4,A,골목상권,1000007,466,214,252,64,52,57,61,81,151,34,21,25,35,35,64,30,31,32,26,46,87,221,0,221,북촌로5길
2016,4,A,골목상권,1000006,682,313,369,65,74,87,107,111,238,37,36,45,53,47,95,28,38,42,54,64,143,368,0,368,북촌로11길
2016,4,A,골목상권,1000005,1772,862,910,288,243,266,321,292,362,151,143,127,147,126,168,137,100,139,174,166,194,729,8,721,백석동길
2016,4,A,골목상권,1000004,1497,763,734,169,456,202,169,175,326,77,261,121,89,80,135,92,195,81,80,95,191,869,22,847,명륜길
2016,4,A,골목상권,1000003,1150,647,503,106,166,213,208,184,273,58,104,126,122,107,130,48,62,87,86,77,143,746,9,737,돈화문로11가길
2016,4,A,골목상권,1000002,769,365,404,19,351,208,67,43,81,7,122,108,37,36,55,12,229,100,30,7,26,698,9,689,난계로27길
2016,4,A,골목상권,1000001,1919,891,1028,289,222,279,350,298,481,136,93,139,172,141,210,153,129,140,178,157,271,840,0,840,계동길
2016,3,U,관광특구,1001496,19,11,8,6,1,1,3,4,4,3,0,1,1,3,3,3,1,0,2,1,1,10,0,10,강남 마이스 관광특구
2016,3,U,관광특구,1001495,8240,4056,4184,1033,1235,1747,1183,1385,1657,536,608,800,598,665,849,497,627,947,585,720,808,4017,213,3804,잠실 관광특구
2016,3,U,관광특구,1001494,2664,1625,1039,128,299,272,369,653,943,67,183,167,248,427,533,61,116,105,121,226,410,1908,254,1654,종로?청계 관광특구
2016,3,U,관광특구,1001493,2489,1301,1188,234,362,491,387,473,542,119,166,247,226,255,288,115,196,244,161,218,254,1368,82,1286,동대문패션타운 관광특구
2016,3,U,관광특구,1001492,1308,504,804,23,64,162,234,304,521,8,30,82,85,128,171,15,34,80,149,176,350,613,1,612,명동 남대문 북창동 다동 무교동 관광특구
2016,3,U,관광특구,1001491,7114,3396,3718,608,943,1393,1132,1170,1868,303,467,716,588,545,777,305,476,677,544,625,1091,4194,25,4169,이태원 관광특구
2016,3,R,전통시장,1001490,3368,1654,1714,529,455,570,521,562,731,291,229,281,266,241,346,238,226,289,255,321,385,1339,420,919,길동복조리시장
2016,3,R,전통시장,1001489,456,228,228,83,66,66,82,84,75,42,46,25,37,45,33,41,20,41,45,39,42,174,103,71,둔촌역전통시장
2016,3,R,전통시장,1001488,1061,554,507,124,153,194,159,199,232,60,80,111,82,107,114,64,73,83,77,92,118,516,64,452,성내골목시장
2016,3,R,전통시장,1001487,163,86,77,8,11,17,35,38,54,3,7,6,21,25,24,5,4,11,14,13,30,123,0,123,천호시장
2016,3,R,전통시장,1001486,232,111,121,16,16,21,42,54,83,4,6,10,29,24,38,12,10,11,13,30,45,134,0,134,동서울시장
2016,3,R,전통시장,1001485,375,196,179,49,47,49,61,86,83,24,23,25,37,48,39,25,24,24,24,38,44,196,7,189,고분다리골목시장
2016,3,R,전통시장,1001484,791,405,386,146,104,167,139,109,126,72,58,88,79,50,58,74,46,79,60,59,68,291,8,283,양지골목시장
2016,3,R,전통시장,1001483,972,502,470,94,168,214,139,169,188,54,94,115,70,82,87,40,74,99,69,87,101,524,0,524,암사종합시장
2016,3,R,전통시장,1001482,354,177,177,40,44,49,58,71,92,24,29,23,29,38,34,16,15,26,29,33,58,166,1,165,고덕전통시장
2016,3,R,전통시장,1001481,2038,1011,1027,445,262,280,390,313,348,238,137,126,197,150,163,207,125,154,193,163,185,684,570,114,명일골목시장
2016,3,R,전통시장,1001480,2224,1122,1102,219,359,421,323,374,528,126,178,219,176,186,237,93,181,202,147,188,291,1144,0,1144,새마을시장
2016,3,R,전통시장,1001479,748,376,372,98,128,112,123,142,145,53,61,53,68,77,64,45,67,59,55,65,81,372,0,372,석촌시장
2016,3,R,전통시장,1001478,5059,2448,2611,700,848,1049,759,824,879,373,404,534,378,361,398,327,444,515,381,463,481,2306,60,2246,방이시장
2016,3,R,전통시장,1001477,967,512,455,132,129,126,145,183,252,60,76,63,83,101,129,72,53,63,62,82,123,425,0,425,마천시장
2016,3,R,전통시장,1001476,2554,1280,1274,271,354,397,400,476,656,126,185,219,207,222,321,145,169,178,193,254,335,1227,0,1227,풍납시장
2016,3,R,전통시장,1001475,4,2,2,0,2,0,0,1,1,0,1,0,0,1,0,0,1,0,0,0,1,4,0,4,강남개포시장
2016,3,R,전통시장,1001474,247,108,139,67,29,35,66,26,24,35,10,11,29,14,9,32,19,24,37,12,15,89,75,14,도곡시장
2016,3,R,전통시장,1001473,157,76,81,22,24,16,19,31,45,12,10,8,9,15,22,10,14,8,10,16,23,50,49,1,청담삼익시장
2016,3,R,전통시장,1001472,95,34,61,14,5,24,16,5,31,3,2,7,5,3,14,11,3,17,11,2,17,45,0,45,논현종합시장
2016,3,R,전통시장,1001471,1287,591,696,118,232,339,228,157,213,57,105,150,120,66,93,61,127,189,108,91,120,753,0,753,영동전통시장
2016,3,R,전통시장,1001470,299,143,156,41,38,64,43,36,77,21,18,33,21,18,32,20,20,31,22,18,45,114,114,0,강남시장_강남
2016,3,R,전통시장,1001469,84,45,39,8,17,11,18,10,20,5,9,4,9,8,10,3,8,7,9,2,10,48,0,48,양재시장
2016,3,R,전통시장,1001468,192,88,104,43,21,20,38,26,44,22,9,8,17,11,21,21,12,12,21,15,23,81,0,81,남부종합시장
2016,3,R,전통시장,1001467,87,40,47,8,9,22,10,13,25,5,4,8,7,2,14,3,5,14,3,11,11,39,0,39,우림시장
2016,3,R,전통시장,1001466,693,328,365,78,79,89,130,112,205,36,35,45,71,55,86,42,44,44,59,57,119,315,44,271,미성동도깨비시장
2016,3,R,전통시장,1001465,76,35,41,14,3,11,15,6,27,4,1,4,11,4,11,10,2,7,4,2,16,40,0,40,신신림시장
2016,3,R,전통시장,1001464,197,110,87,10,19,23,25,40,80,6,15,14,16,18,41,4,4,9,9,22,39,130,0,130,삼성동시장
2016,3,R,전통시장,1001463,66,34,32,6,21,17,9,6,7,2,11,9,4,3,5,4,10,8,5,3,2,46,0,46,신림중앙시장
2016,3,R,전통시장,1001462,575,288,287,48,104,139,80,93,111,20,48,79,48,48,45,28,56,60,32,45,66,334,1,333,강남골목시장
2016,3,R,전통시장,1001461,3,2,1,0,0,0,2,0,1,0,0,0,1,0,1,0,0,0,1,0,0,1,0,1,신림종합시장
2016,3,R,전통시장,1001460,2174,1111,1063,244,355,341,385,376,473,126,172,192,211,204,206,118,183,149,174,172,267,1188,0,1188,관악신사시장
2016,3,R,전통시장,1001459,421,234,187,40,77,62,58,74,110,20,47,35,33,45,54,20,30,27,25,29,56,248,0,248,신원시장
2016,3,R,전통시장,1001458,1371,686,685,108,240,301,207,202,313,61,109,156,112,108,140,47,131,145,95,94,173,866,3,863,인헌시장
2016,3,R,전통시장,1001457,337,148,189,20,127,92,42,27,29,7,45,42,24,14,16,13,82,50,18,13,13,265,0,265,봉천중앙시장
2016,3,R,전통시장,1001456,14,5,9,1,2,0,2,5,4,1,1,0,1,2,0,0,1,0,1,3,4,9,0,9,봉천현대시장
2016,3,R,전통시장,1001455,104,42,62,6,39,24,5,17,13,2,13,11,2,9,5,4,26,13,3,8,8,73,0,73,봉일시장
2016,3,R,전통시장,1001454,378,176,202,22,70,57,62,71,96,12,26,30,29,39,40,10,44,27,33,32,56,255,0,255,봉천제일종합시장
2016,3,R,전통시장,1001453,694,332,362,51,253,164,79,60,87,23,118,79,45,26,41,28,135,85,34,34,46,473,0,473,낙성대시장
2016,3,R,전통시장,1001452,573,288,285,45,131,119,79,65,134,24,53,68,47,37,59,21,78,51,32,28,75,360,0,360,중부시장
2016,3,R,전통시장,1001451,12,8,4,1,3,0,3,4,1,0,2,0,2,3,1,1,1,0,1,1,0,3,0,3,사당시장
2016,3,R,전통시장,1001450,539,242,297,53,91,97,76,71,151,27,40,42,33,35,65,26,51,55,43,36,86,269,0,269,남성역골목시장
2016,3,R,전통시장,1001449,620,308,312,33,112,114,88,100,173,18,41,61,59,52,77,15,71,53,29,48,96,368,0,368,남성사계시장
2016,3,R,전통시장,1001448,625,287,338,73,102,98,88,80,184,39,53,45,47,33,70,34,49,53,41,47,114,329,56,273,흑석시장
2016,3,R,전통시장,1001447,2071,1011,1060,200,277,319,329,346,600,97,149,175,164,167,259,103,128,144,165,179,341,1118,0,1118,상도4동도깨비골목시장
2016,3,R,전통시장,1001446,144,71,73,14,37,19,22,30,22,8,18,9,10,17,9,6,19,10,12,13,13,72,0,72,성대시장
2016,3,R,전통시장,1001445,68,33,35,1,12,8,9,15,23,1,6,3,7,7,9,0,6,5,2,8,14,46,0,46,영도시장
2016,3,R,전통시장,1001444,949,492,457,98,212,195,126,117,201,60,109,107,69,59,88,38,103,88,57,58,113,513,0,513,상도전통시장
2016,3,R,전통시장,1001443,150,67,83,12,28,29,18,25,38,8,12,12,9,11,15,4,16,17,9,14,23,79,79,0,강남시장_동작
2016,3,R,전통시장,1001442,22,11,11,1,2,2,5,7,5,0,0,1,1,6,3,1,2,1,4,1,2,14,0,14,신노량진시장
2016,3,R,전통시장,1001441,487,261,226,45,87,88,73,81,113,19,59,52,45,45,41,26,28,36,28,36,72,289,0,289,본동인정시장
2016,3,R,전통시장,1001440,177,97,80,8,53,40,18,20,38,3,30,25,11,13,15,5,23,15,7,7,23,128,0,128,노량진중앙시장
2016,3,R,전통시장,1001439,448,221,227,44,43,52,72,88,149,28,27,29,32,40,65,16,16,23,40,48,84,229,0,229,대림중앙시장
2016,3,R,전통시장,1001438,389,191,198,43,59,40,59,72,116,21,33,21,29,36,51,22,26,19,30,36,65,170,0,170,우리시장
2016,3,R,전통시장,1001437,135,72,63,20,15,25,15,17,43,10,8,16,7,8,23,10,7,9,8,9,20,54,54,0,영진시장A동
2016,3,R,전통시장,1001436,104,49,55,11,9,15,18,14,37,7,5,8,8,6,15,4,4,7,10,8,22,56,0,56,사러가시장
2016,3,R,전통시장,1001435,225,100,125,37,26,25,39,39,59,14,15,9,21,16,25,23,11,16,18,23,34,87,87,0,대신시장
2016,3,R,전통시장,1001434,13,7,6,0,0,0,4,3,6,0,0,0,3,2,2,0,0,0,1,1,4,10,0,10,양남시장
2016,3,R,전통시장,1001433,538,269,269,55,89,113,81,70,130,26,45,63,45,35,55,29,44,50,36,35,75,310,113,197,영일시장
2016,3,R,전통시장,1001432,65,33,32,6,16,8,8,9,18,3,12,5,4,4,5,3,4,3,4,5,13,35,0,35,도림시장
2016,3,R,전통시장,1001431,304,168,136,31,39,32,46,60,96,18,23,19,28,39,41,13,16,13,18,21,55,163,0,163,영등포청과시장
2016,3,R,전통시장,1001430,2196,1310,886,84,309,419,339,442,603,53,136,236,240,311,334,31,173,183,99,131,269,1632,414,1218,영등포전통시장
2016,3,R,전통시장,1001429,441,219,222,67,39,71,79,72,113,36,18,44,36,34,51,31,21,27,43,38,62,180,0,180,은행나무시장
2016,3,R,전통시장,1001428,282,151,131,25,20,32,56,53,96,18,8,20,23,34,48,7,12,12,33,19,48,176,0,176,박미시장
2016,3,R,전통시장,1001427,2465,1191,1274,282,370,324,358,479,652,143,174,164,177,228,305,139,196,160,181,251,347,1248,9,1239,현대시장
2016,3,R,전통시장,1001426,8,7,1,0,2,1,0,2,3,0,2,1,0,2,2,0,0,0,0,0,1,5,0,5,대명시장
2016,3,R,전통시장,1001425,27,15,12,6,0,9,5,1,6,4,0,5,3,1,2,2,0,4,2,0,4,10,0,10,푸른터시장
2016,3,R,전통시장,1001424,1587,783,804,192,214,188,261,376,356,82,109,111,121,202,158,110,105,77,140,174,198,757,19,738,남문시장
2016,3,R,전통시장,1001423,93,47,46,1,34,22,15,10,11,0,11,15,10,6,5,1,23,7,5,4,6,81,0,81,독산동 우시장
2016,3,R,전통시장,1001422,151,78,73,7,12,18,23,28,63,3,7,10,17,16,25,4,5,8,6,12,38,93,0,93,오류시장
2016,3,R,전통시장,1001421,386,175,211,69,62,59,59,66,71,34,26,34,21,28,32,35,36,25,38,38,39,154,0,154,개봉중앙시장
2016,3,R,전통시장,1001420,690,344,346,89,76,93,105,125,202,47,39,52,53,62,91,42,37,41,52,63,111,303,65,238,고척근린시장
2016,3,R,전통시장,1001419,306,162,144,23,45,19,43,72,104,9,26,12,25,42,48,14,19,7,18,30,56,180,0,180,가리봉시장
2016,3,R,전통시장,1001418,745,438,307,86,68,95,144,144,208,42,35,61,97,93,110,44,33,34,47,51,98,438,0,438,남구로시장
2016,3,R,전통시장,1001417,147,78,69,15,15,14,29,36,38,5,6,9,16,26,16,10,9,5,13,10,22,81,0,81,구로시장
2016,3,R,전통시장,1001416,172,64,108,2,92,42,18,13,5,2,21,14,11,11,5,0,71,28,7,2,0,152,0,152,공항시장
2016,3,R,전통시장,1001415,911,465,446,94,100,104,168,191,254,42,49,56,93,99,126,52,51,48,75,92,128,490,94,396,방신전통시장
2016,3,R,전통시장,1001414,603,297,306,106,86,90,119,89,113,55,36,41,57,47,61,51,50,49,62,42,52,271,0,271,송화골목시장
2016,3,R,전통시장,1001413,1086,481,605,144,146,221,164,148,263,71,52,111,81,63,103,73,94,110,83,85,160,500,65,435,까치산시장
2016,3,R,전통시장,1001412,357,151,206,42,56,82,54,41,82,19,18,40,20,17,37,23,38,42,34,24,45,173,0,173,화곡본동시장
2016,3,R,전통시장,1001411,2022,962,1060,252,261,353,292,360,504,130,132,163,160,164,213,122,129,190,132,196,291,896,0,896,남부골목시장
2016,3,R,전통시장,1001409,1067,517,550,180,147,193,170,176,201,84,73,101,85,84,90,96,74,92,85,92,111,441,0,441,화곡중앙골목시장
2016,3,R,전통시장,1001408,82,48,34,14,11,21,12,8,16,8,9,10,7,5,9,6,2,11,5,3,7,38,0,38,신월중앙시장
2016,3,R,전통시장,1001407,2,1,1,0,0,0,0,1,1,0,0,0,0,1,0,0,0,0,0,0,1,2,0,2,등마루시장
2016,3,R,전통시장,1001406,552,296,256,49,66,66,93,107,171,25,32,28,66,71,74,24,34,38,27,36,97,317,0,317,신정3동골목시장
2016,3,R,전통시장,1001405,491,238,253,78,60,67,93,66,127,36,31,32,49,35,55,42,29,35,44,31,72,219,0,219,신정2동골목시장
2016,3,R,전통시장,1001404,174,74,100,25,22,16,24,36,51,4,9,5,15,19,22,21,13,11,9,17,29,82,0,82,신정제일시장
2016,3,R,전통시장,1001403,136,62,74,16,29,19,19,26,27,7,14,9,12,9,11,9,15,10,7,17,16,49,0,49,신월7동골목시장
2016,3,R,전통시장,1001402,199,111,88,25,20,22,38,36,58,19,14,13,20,19,26,6,6,9,18,17,32,95,0,95,신월6동골목시장
2016,3,R,전통시장,1001401,97,50,47,2,10,8,13,20,44,1,4,7,9,10,19,1,6,1,4,10,25,51,0,51,신곡종합시장
2016,3,R,전통시장,1001400,452,255,197,53,46,65,76,94,118,33,26,37,47,58,54,20,20,28,29,36,64,232,0,232,신월3동골목시장
2016,3,R,전통시장,1001399,370,182,188,61,45,48,57,58,101,33,22,24,32,29,42,28,23,24,25,29,59,134,45,89,경창시장
2016,3,R,전통시장,1001398,1522,781,741,216,180,228,236,284,378,110,87,128,127,158,171,106,93,100,109,126,207,705,0,705,월정로시장
2016,3,R,전통시장,1001397,1322,628,694,195,148,179,243,253,304,79,68,87,131,127,136,116,80,92,112,126,168,627,0,627,신영시장
2016,3,R,전통시장,1001396,1189,595,594,208,193,135,222,207,224,113,115,65,105,101,96,95,78,70,117,106,128,457,63,394,목4동시장
2016,3,R,전통시장,1001395,1217,626,591,160,206,244,195,197,215,81,106,146,98,98,97,79,100,98,97,99,118,589,109,480,목3동시장
2016,3,R,전통시장,1001394,1168,585,583,96,157,220,162,209,324,49,66,124,79,111,156,47,91,96,83,98,168,680,24,656,목2동시장
2016,3,R,전통시장,1001392,27,15,12,5,2,6,4,4,6,3,1,3,2,2,4,2,1,3,2,2,2,11,0,11,동진시장
2016,3,R,전통시장,1001391,707,333,374,118,105,125,120,98,141,59,48,57,61,41,67,59,57,68,59,57,74,309,8,301,망원월드컵시장
2016,3,R,전통시장,1001390,1692,806,886,184,211,334,293,263,407,101,94,163,154,124,170,83,117,171,139,139,237,899,41,858,망원시장
2016,3,R,전통시장,1001389,94,37,57,13,10,25,13,11,22,5,4,11,7,3,7,8,6,14,6,8,15,43,43,0,합정시장
2016,3,R,전통시장,1001388,218,100,118,20,28,42,32,34,62,12,14,17,16,14,27,8,14,25,16,20,35,102,5,97,영진시장
2016,3,R,전통시장,1001387,34,25,9,1,10,11,2,6,4,1,7,10,1,4,2,0,3,1,1,2,2,31,0,31,서교시장
2016,3,R,전통시장,1001386,63,30,33,7,7,10,4,13,22,3,2,6,1,7,11,4,5,4,3,6,11,30,10,20,신수시장
2016,3,R,전통시장,1001385,450,214,236,62,52,61,81,60,134,33,27,31,39,31,53,29,25,30,42,29,81,233,0,233,아현시장
2016,3,R,전통시장,1001384,15,6,9,3,0,0,4,2,6,1,0,0,1,2,2,2,0,0,3,0,4,8,0,8,마포시장
2016,3,R,전통시장,1001382,147,68,79,14,14,26,19,29,45,9,9,11,10,13,16,5,5,15,9,16,29,64,64,0,백련시장
2016,3,R,전통시장,1001381,101,55,46,0,9,8,14,21,49,0,6,6,11,10,22,0,3,2,3,11,27,65,0,65,모래내시장
2016,3,R,전통시장,1001380,497,243,254,68,58,55,85,85,146,36,30,29,41,51,56,32,28,26,44,34,90,234,0,234,포방터시장
2016,3,R,전통시장,1001379,317,164,153,34,41,36,51,61,94,18,20,24,31,34,37,16,21,12,20,27,57,157,48,109,인왕시장
2016,3,R,전통시장,1001378,152,77,75,15,34,20,20,28,35,10,21,10,8,13,15,5,13,10,12,15,20,73,0,73,아현가구거리상점가
2016,3,R,전통시장,1001377,414,194,220,40,48,47,68,81,130,17,23,28,35,42,49,23,25,19,33,39,81,241,0,241,영천시장
2016,3,R,전통시장,1001376,121,56,65,2,13,7,14,29,56,1,5,5,9,11,25,1,8,2,5,18,31,76,0,76,수일시장
2016,3,R,전통시장,1001375,162,79,83,22,19,16,33,34,38,8,9,10,17,14,21,14,10,6,16,20,17,64,0,64,증산종합시장
2016,3,R,전통시장,1001374,681,338,343,102,64,87,107,125,196,58,33,45,51,68,83,44,31,42,56,57,113,321,0,321,대림골목시장
2016,3,R,전통시장,1001373,210,120,90,32,26,43,32,29,48,21,16,28,18,15,22,11,10,15,14,14,26,92,35,57,신응암시장
2016,3,R,전통시장,1001372,31,15,16,7,2,0,10,1,11,4,1,0,3,1,6,3,1,0,7,0,5,14,0,14,녹번시장
2016,3,R,전통시장,1001370,12,8,4,0,1,0,2,4,5,0,1,0,0,4,3,0,0,0,2,0,2,10,0,10,역촌중앙시장
2016,3,R,전통시장,1001369,64,32,32,7,12,10,2,21,12,3,8,6,1,8,6,4,4,4,1,13,6,27,0,27,갈현시장
2016,3,R,전통시장,1001368,282,134,148,24,36,43,29,54,96,10,15,22,19,25,43,14,21,21,10,29,53,135,0,135,연서시장
2016,3,R,전통시장,1001367,1438,686,752,137,199,180,216,308,398,70,92,95,112,135,182,67,107,85,104,173,216,745,0,745,상계중앙시장
2016,3,R,전통시장,1001365,1321,658,663,155,249,234,159,232,292,69,118,129,81,121,140,86,131,105,78,111,152,638,38,600,공릉동도깨비시장
2016,3,R,전통시장,1001364,1113,565,548,150,160,116,202,207,278,82,98,62,107,96,120,68,62,54,95,111,158,497,0,497,방학동도깨비시장
2016,3,R,전통시장,1001363,743,381,362,78,95,124,107,122,217,38,59,65,53,62,104,40,36,59,54,60,113,363,8,355,쌍문역골목시장
2016,3,R,전통시장,1001362,365,177,188,54,46,48,64,58,95,25,21,27,35,33,36,29,25,21,29,25,59,155,0,155,백운시장
2016,3,R,전통시장,1001361,214,111,103,30,36,25,35,40,48,11,19,17,13,25,26,19,17,8,22,15,22,87,0,87,신도봉시장
2016,3,R,전통시장,1001360,1042,512,530,131,140,131,170,179,291,74,72,65,94,88,119,57,68,66,76,91,172,487,9,478,창동골목시장
2016,3,R,전통시장,1001359,2150,1048,1102,352,301,309,370,383,435,165,163,143,191,187,199,187,138,166,179,196,236,886,25,861,창동신창시장
2016,3,R,전통시장,1001358,68,32,36,4,6,11,7,10,30,2,3,5,6,4,12,2,3,6,1,6,18,29,28,1,수유북부시장
2016,3,R,전통시장,1001357,1273,621,652,191,163,209,176,209,325,109,79,119,82,97,135,82,84,90,94,112,190,565,20,545,장미원골목시장
2016,3,R,전통시장,1001356,47,28,19,3,14,2,4,15,9,3,8,2,4,8,3,0,6,0,0,7,6,18,0,18,수유중앙시장
2016,3,R,전통시장,1001355,772,397,375,74,121,102,119,152,204,39,50,54,70,89,95,35,71,48,49,63,109,421,14,407,강북종합시장
2016,3,R,전통시장,1001354,1586,804,782,252,208,200,280,256,390,133,118,108,135,140,170,119,90,92,145,116,220,668,0,668,우이시장
2016,3,R,전통시장,1001353,565,276,289,56,86,94,68,105,156,30,44,44,37,48,73,26,42,50,31,57,83,261,83,178,수유전통시장
2016,3,R,전통시장,1001352,1044,493,551,164,119,177,191,143,250,77,49,85,105,61,116,87,70,92,86,82,134,464,102,362,번동북부골목시장
2016,3,R,전통시장,1001351,169,82,87,21,24,18,28,28,50,12,13,7,17,13,20,9,11,11,11,15,30,88,0,88,솔샘시장
2016,3,R,전통시장,1001350,247,123,124,25,24,45,43,48,62,12,9,23,21,30,28,13,15,22,22,18,34,141,0,141,숭인시장
2016,3,R,전통시장,1001349,1537,762,775,176,205,233,254,288,381,92,102,129,130,139,170,84,103,104,124,149,211,823,0,823,방천골목시장
2016,3,R,전통시장,1001348,37,19,18,5,4,5,2,3,18,1,2,3,1,2,10,4,2,2,1,1,8,16,0,16,동북시장
2016,3,R,전통시장,1001347,1994,1018,976,237,295,255,351,354,502,120,160,127,196,178,237,117,135,128,155,176,265,907,0,907,석관황금시장
2016,3,R,전통시장,1001346,183,106,77,23,26,18,38,39,39,15,16,9,26,24,16,8,10,9,12,15,23,95,0,95,석관시장
2016,3,R,전통시장,1001345,96,44,52,7,17,8,10,19,35,5,4,6,8,9,12,2,13,2,2,10,23,49,45,4,새석관시장
2016,3,R,전통시장,1001344,31,19,12,7,2,3,4,6,9,5,1,2,2,3,6,2,1,1,2,3,3,13,0,13,번동시장
2016,3,R,전통시장,1001343,1645,819,826,231,229,206,259,291,429,124,124,108,141,132,190,107,105,98,118,159,239,671,20,651,장위전통시장
2016,3,R,전통시장,1001342,244,120,124,35,20,32,43,45,69,17,11,19,22,24,27,18,9,13,21,21,42,114,0,114,밤나무골시장
2016,3,R,전통시장,1001341,9,8,1,0,2,1,5,1,0,0,2,1,4,1,0,0,0,0,1,0,0,9,0,9,길음시장
2016,3,R,전통시장,1001340,1286,669,617,139,251,189,173,211,323,79,143,112,93,91,151,60,108,77,80,120,172,601,0,601,정릉시장
2016,3,R,전통시장,1001339,528,250,278,89,59,97,94,75,114,42,27,52,49,32,48,47,32,45,45,43,66,232,57,175,정릉아리랑시장
2016,3,R,전통시장,1001338,235,108,127,18,46,35,19,35,82,10,23,21,11,15,28,8,23,14,8,20,54,122,0,122,돈암제일시장
2016,3,R,전통시장,1001337,125,59,66,27,12,18,30,11,27,15,7,7,13,5,12,12,5,11,17,6,15,51,0,51,유영시장
2016,3,R,전통시장,1001336,2249,1173,1076,263,287,322,345,459,573,137,159,186,184,241,266,126,128,136,161,218,307,1095,45,1050,우림골목시장
2016,3,R,전통시장,1001335,668,339,329,102,102,91,118,105,150,54,60,43,54,52,76,48,42,48,64,53,74,273,0,273,묵1동도깨비시장
2016,3,R,전통시장,1001334,989,491,498,139,130,143,160,194,223,59,74,80,78,95,105,80,56,63,82,99,118,449,0,449,태능시장
2016,3,R,전통시장,1001333,1905,981,924,262,277,252,347,364,403,124,155,146,185,178,193,138,122,106,162,186,210,873,0,873,중화제일시장
2016,3,R,전통시장,1001332,2016,1012,1004,228,332,310,304,338,504,113,177,173,146,173,230,115,155,137,158,165,274,977,0,977,사가정시장
2016,3,R,전통시장,1001331,1394,726,668,185,187,216,249,238,319,103,98,129,134,123,139,82,89,87,115,115,180,675,0,675,면목골목시장
2016,3,R,전통시장,1001330,2201,1111,1090,293,286,348,328,418,528,151,150,188,174,214,234,142,136,160,154,204,294,1038,0,1038,동원시장
2016,3,R,전통시장,1001329,1279,668,611,146,234,252,183,225,239,66,121,151,96,132,102,80,113,101,87,93,137,716,0,716,동부골목시장
2016,3,R,전통시장,1001327,265,135,130,30,43,28,41,51,72,15,25,12,22,30,31,15,18,16,19,21,41,116,0,116,이경시장
2016,3,R,전통시장,1001326,1167,513,654,71,447,205,119,102,223,29,179,108,51,49,97,42,268,97,68,53,126,863,0,863,회기시장
2016,3,R,전통시장,1001325,59,39,20,0,1,4,13,18,23,0,1,2,9,13,14,0,0,2,4,5,9,52,0,52,청량리청과물시장
2016,3,R,전통시장,1001324,240,120,120,41,25,24,51,37,62,20,15,13,27,17,28,21,10,11,24,20,34,111,0,111,전곡시장
2016,3,R,전통시장,1001323,463,219,244,66,59,66,89,77,106,29,26,32,46,39,47,37,33,34,43,38,59,209,0,209,답십리시장
2016,3,R,전통시장,1001322,2,1,1,0,0,0,0,0,2,0,0,0,0,0,1,0,0,0,0,0,1,1,0,1,동부시장
2016,3,R,전통시장,1001321,367,185,182,43,33,47,56,59,129,23,16,30,35,30,51,20,17,17,21,29,78,181,0,181,답십리현대시장
2016,3,R,전통시장,1001320,101,64,37,5,9,13,17,24,33,4,6,11,11,14,18,1,3,2,6,10,15,59,0,59,전농로터리시장
2016,3,R,전통시장,1001319,111,61,50,1,6,18,9,25,52,0,4,11,6,13,27,1,2,7,3,12,25,58,0,58,청량리종합시장
2016,3,R,전통시장,1001318,171,128,43,3,10,12,14,50,82,2,9,5,13,42,57,1,1,7,1,8,25,140,0,140,청량리전통시장
2016,3,R,전통시장,1001317,179,89,90,29,27,23,18,37,45,19,15,12,5,18,20,10,12,11,13,19,25,80,0,80,청량리농수산물시장
2016,3,R,전통시장,1001316,2221,1217,1004,144,313,309,333,407,715,91,185,179,204,221,337,53,128,130,129,186,378,1419,0,1419,서울약령시장
2016,3,R,전통시장,1001315,2,2,0,0,0,0,1,1,0,0,0,0,1,1,0,0,0,0,0,0,0,2,0,2,동서시장
2016,3,R,전통시장,1001314,12,7,5,0,0,0,2,2,8,0,0,0,2,2,3,0,0,0,0,0,5,9,0,9,경동시장
2016,3,R,전통시장,1001313,478,255,223,32,75,85,71,71,144,16,35,47,48,39,70,16,40,38,23,32,74,284,0,284,청량리수산시장
2016,3,R,전통시장,1001312,18,12,6,0,1,2,3,2,10,0,0,2,3,1,6,0,1,0,0,1,4,13,0,13,용두시장
2016,3,R,전통시장,1001311,2,2,0,0,0,1,0,0,1,0,0,1,0,0,1,0,0,0,0,0,0,2,0,2,동부청과시장
2016,3,R,전통시장,1001310,138,70,68,19,15,18,19,21,46,9,7,11,11,9,23,10,8,7,8,12,23,64,0,64,구의시장
2016,3,R,전통시장,1001309,74,32,42,3,32,12,3,7,17,2,14,5,0,4,7,1,18,7,3,3,10,52,0,52,조양시장
2016,3,R,전통시장,1001308,1293,651,642,132,181,168,243,228,341,71,93,91,129,119,148,61,88,77,114,109,193,674,0,674,영동교골목시장
2016,3,R,전통시장,1001307,399,206,193,45,61,48,54,81,110,25,29,26,25,45,56,20,32,22,29,36,54,199,0,199,능동로골목시장
2016,3,R,전통시장,1001306,341,178,163,27,45,46,48,86,89,19,27,24,27,46,35,8,18,22,21,40,54,192,0,192,노룬산골목시장
2016,3,R,전통시장,1001305,62,32,30,14,7,11,8,13,9,6,3,6,5,6,6,8,4,5,3,7,3,22,0,22,자양종합시장
2016,3,R,전통시장,1001304,2044,999,1045,274,319,386,323,358,384,138,158,195,157,176,175,136,161,191,166,182,209,932,0,932,자양골목시장
2016,3,R,전통시장,1001303,102,45,57,14,14,10,18,18,28,7,7,5,8,5,13,7,7,5,10,13,15,43,0,43,신성골목시장
2016,3,R,전통시장,1001302,484,250,234,74,64,76,84,90,96,44,29,35,46,48,48,30,35,41,38,42,48,219,0,219,면곡골목시장
2016,3,R,전통시장,1001301,886,448,438,121,114,139,131,177,204,68,58,76,57,91,98,53,56,63,74,86,106,395,0,395,중곡제일시장
2016,3,R,전통시장,1001300,937,420,517,57,342,217,94,99,128,29,133,102,52,47,57,28,209,115,42,52,71,623,0,623,화양제일골목시장
2016,3,R,전통시장,1001299,15,8,7,0,5,3,2,2,3,0,2,1,1,2,2,0,3,2,1,0,1,14,0,14,한아름시장
2016,3,R,전통시장,1001298,2104,1067,1037,260,312,313,358,393,468,134,166,160,188,202,217,126,146,153,170,191,251,988,0,988,성동용답상가시장
2016,3,R,전통시장,1001297,609,322,287,68,79,72,103,132,155,36,46,42,54,75,69,32,33,30,49,57,86,316,84,232,뚝도시장
2016,3,R,전통시장,1001296,239,125,114,16,20,34,34,46,89,8,10,21,23,25,38,8,10,13,11,21,51,144,0,144,금남시장
2016,3,R,전통시장,1001295,1566,798,768,173,282,241,240,278,352,85,133,137,121,149,173,88,149,104,119,129,179,838,0,838,행당시장
2016,3,R,전통시장,1001294,353,197,156,42,33,44,59,62,113,28,22,24,34,38,51,14,11,20,25,24,62,189,1,188,마장축산물시장
2016,3,R,전통시장,1001293,7,3,4,0,0,1,1,0,5,0,0,1,0,0,2,0,0,0,1,0,3,4,0,4,보광시장
2016,3,R,전통시장,1001292,38,17,21,3,6,4,7,6,12,2,1,2,5,2,5,1,5,2,2,4,7,23,0,23,이태원제일시장
2016,3,R,전통시장,1001291,64,30,34,11,4,11,9,11,18,5,0,5,7,4,9,6,4,6,2,7,9,34,24,10,이태원시장
2016,3,R,전통시장,1001290,103,58,45,9,16,13,14,25,26,3,11,9,7,13,15,6,5,4,7,12,11,53,29,24,이촌종합시장
2016,3,R,전통시장,1001289,315,149,166,38,55,57,53,39,73,18,28,33,27,18,25,20,27,24,26,21,48,162,0,162,용문전통시장
2016,3,R,전통시장,1001288,32,20,12,0,3,1,4,12,12,0,2,1,3,8,6,0,1,0,1,4,6,21,0,21,만리시장
2016,3,R,전통시장,1001287,156,81,75,12,17,21,11,31,64,4,11,10,8,20,28,8,6,11,3,11,36,93,0,93,신흥시장
2016,3,R,전통시장,1001286,293,144,149,21,51,35,36,63,87,10,24,21,22,29,38,11,27,14,14,34,49,163,29,134,후암시장
2016,3,R,전통시장,1001285,66,48,18,3,2,9,11,20,21,2,1,5,10,16,14,1,1,4,1,4,7,60,0,60,합동(새벽)시장
2016,3,R,전통시장,1001284,1138,600,538,101,126,130,153,220,408,57,71,78,87,120,187,44,55,52,66,100,221,633,0,633,서울중앙시장
2016,3,R,전통시장,1001283,882,457,425,83,107,128,128,174,262,41,64,70,73,90,119,42,43,58,55,84,143,437,0,437,백학시장
2016,3,R,전통시장,1001282,1096,518,578,134,170,156,182,156,298,70,79,72,97,76,124,64,91,84,85,80,174,563,30,533,약수시장
2016,3,R,전통시장,1001281,1,1,0,0,0,0,1,0,0,0,0,0,1,0,0,0,0,0,0,0,0,1,0,1,청평화시장
2016,3,R,전통시장,1001279,65,31,34,3,8,6,8,23,17,2,4,1,6,10,8,1,4,5,2,13,9,42,30,12,동평화시장
2016,3,R,전통시장,1001277,325,210,115,20,47,39,46,68,105,11,26,25,32,48,68,9,21,14,14,20,37,227,22,205,방산종합시장
2016,3,R,전통시장,1001276,1,1,0,0,0,0,0,0,1,0,0,0,0,0,1,0,0,0,0,0,0,1,0,1,평화시장
2016,3,R,전통시장,1001275,156,87,69,10,23,13,19,37,54,5,13,6,12,22,29,5,10,7,7,15,25,87,38,49,인현시장
2016,3,R,전통시장,1001274,291,190,101,12,15,25,47,80,112,10,8,14,32,59,67,2,7,11,15,21,45,220,0,220,신중부시장
2016,3,R,전통시장,1001273,84,49,35,1,4,10,13,24,32,1,3,6,9,16,14,0,1,4,4,8,18,65,0,65,남대문시장
2016,3,R,전통시장,1001272,18,13,5,0,2,1,2,4,9,0,2,1,2,3,5,0,0,0,0,1,4,16,0,16,신설종합시장
2016,3,R,전통시장,1001271,801,452,349,48,189,121,106,131,206,24,84,69,67,90,118,24,105,52,39,41,88,593,69,524,동묘시장
2016,3,R,전통시장,1001270,437,222,215,41,55,41,71,85,144,17,35,24,37,46,63,24,20,17,34,39,81,242,0,242,창신골목시장
2016,3,R,전통시장,1001268,168,87,81,18,22,11,33,35,49,9,10,7,17,21,23,9,12,4,16,14,26,82,0,82,충신시장
2016,3,R,전통시장,1001267,121,79,42,2,12,7,21,36,43,1,8,5,17,26,22,1,4,2,4,10,21,92,0,92,종로신진시장
2016,3,R,전통시장,1001266,3,3,0,0,0,0,1,2,0,0,0,0,1,2,0,0,0,0,0,0,0,3,0,3,동대문종합시장
2016,3,R,전통시장,1001265,53,27,26,2,4,2,4,14,27,2,2,1,1,10,11,0,2,1,3,4,16,41,0,41,광장시장
2016,3,R,전통시장,1001264,791,372,419,117,98,111,120,127,218,67,44,51,59,56,95,50,54,60,61,71,123,360,42,318,통인시장
2016,3,D,발달상권,1001263,133,67,66,11,31,22,24,17,28,5,10,11,10,13,18,6,21,11,14,4,10,98,0,98,서울 노원구 노원역_3
2016,3,D,발달상권,1001262,41,35,6,0,5,2,9,13,12,0,2,2,9,11,11,0,3,0,0,2,1,40,0,40,서울 노원구 노원역_2
2016,3,D,발달상권,1001261,724,327,397,129,95,112,122,126,140,54,53,47,55,57,61,75,42,65,67,69,79,285,278,7,서울 노원구 노원역_1
2016,3,D,발달상권,1001260,344,222,122,10,88,69,62,62,53,5,33,42,49,49,44,5,55,27,13,13,9,312,0,312,창동역
2016,3,D,발달상권,1001259,710,384,326,50,130,126,110,130,164,26,53,64,62,85,94,24,77,62,48,45,70,464,0,464,서울 강북구 수유역_3
2016,3,D,발달상권,1001257,2067,1042,1025,128,359,396,345,319,520,68,165,214,182,179,234,60,194,182,163,140,286,1345,0,1345,서울 강북구 수유역_2
2016,3,D,발달상권,1001256,822,405,417,84,168,180,126,118,146,48,66,85,75,63,68,36,102,95,51,55,78,451,28,423,서울 강북구 수유역_1
2016,3,D,발달상권,1001255,74,51,23,3,19,5,17,16,14,2,12,4,10,13,10,1,7,1,7,3,4,60,0,60,서울 은평구 연신내역_3
2016,3,D,발달상권,1001254,1238,618,620,143,221,272,192,180,230,76,104,150,105,87,96,67,117,122,87,93,134,673,0,673,서울 은평구 연신내역_2
2016,3,D,발달상권,1001253,125,50,75,3,34,31,16,23,18,1,11,9,8,11,10,2,23,22,8,12,8,108,0,108,서울 은평구 연신내역_1
2016,3,D,발달상권,1001252,498,276,222,28,86,73,54,109,148,16,55,36,35,60,74,12,31,37,19,49,74,257,0,257,서울 성북구 미아삼거리역_2
2016,3,D,발달상권,1001251,411,234,177,24,40,58,82,84,123,18,25,32,52,42,65,6,15,26,30,42,58,256,0,256,서울 강북구 미아삼거리역_1
2016,3,D,발달상권,1001249,553,284,269,40,136,113,70,80,114,23,61,60,39,43,58,17,75,53,31,37,56,372,0,372,서울 은평구 불광역_2
2016,3,D,발달상권,1001248,600,282,318,46,109,120,74,97,154,22,45,68,32,44,71,24,64,52,42,53,83,350,24,326,서울 은평구 불광역_1
2016,3,D,발달상권,1001247,109,59,50,9,16,13,14,23,34,4,10,8,8,13,16,5,6,5,6,10,18,56,0,56,미아사거리_2
2016,3,D,발달상권,1001246,230,107,123,9,68,46,25,32,50,6,18,15,20,19,29,3,50,31,5,13,21,191,0,191,미아사거리_1
2016,3,D,발달상권,1001245,950,429,521,65,267,194,145,127,152,33,99,80,78,65,74,32,168,114,67,62,78,672,0,672,서울 성북구 성신여대입구역
2016,3,D,발달상권,1001244,387,185,202,31,130,66,43,38,79,15,58,34,23,19,36,16,72,32,20,19,43,263,0,263,경희대학교
2016,3,D,발달상권,1001243,397,178,219,24,173,60,27,40,73,11,71,27,18,18,33,13,102,33,9,22,40,273,0,273,서울 성북구 안암역
2016,3,D,발달상권,1001242,703,320,383,49,228,124,81,83,138,25,95,59,41,39,61,24,133,65,40,44,77,479,0,479,혜화역 대학로_3
2016,3,D,발달상권,1001241,814,396,418,67,293,173,88,66,127,32,136,89,54,31,54,35,157,84,34,35,73,558,22,536,혜화역 대학로_2
2016,3,D,발달상권,1001240,541,236,305,53,134,112,72,67,103,25,51,52,35,32,41,28,83,60,37,35,62,325,0,325,혜화역 대학로_1
2016,3,D,발달상권,1001239,244,120,124,69,38,21,58,44,14,35,18,7,30,25,5,34,20,14,28,19,9,72,72,0,디지털미디어시티
2016,3,D,발달상권,1001238,3079,1581,1498,350,420,423,399,544,943,163,205,221,215,290,487,187,215,202,184,254,456,1521,715,806,서울 동대문구 청량리역
2016,3,D,발달상권,1001237,313,153,160,40,36,68,47,44,78,22,20,37,19,18,37,18,16,31,28,26,41,172,0,172,서울 종로구 경복궁역_2
2016,3,D,발달상권,1001236,222,106,116,32,27,17,42,41,63,18,13,9,17,18,31,14,14,8,25,23,32,103,0,103,서울 종로구 안국역_2
2016,3,D,발달상권,1001235,115,52,63,16,6,16,17,18,42,9,4,4,10,12,13,7,2,12,7,6,29,64,0,64,서울 종로구 안국역_1
2016,3,D,발달상권,1001234,697,314,383,77,94,110,122,109,185,36,42,50,57,49,80,41,52,60,65,60,105,348,0,348,서울 종로구 경복궁역_1
2016,3,D,발달상권,1001233,173,129,44,11,13,11,30,52,56,6,10,8,23,42,40,5,3,3,7,10,16,124,0,124,서울 종로구 종로3가역_3
2016,3,D,발달상권,1001232,2550,1733,817,71,105,161,311,677,1225,42,76,110,236,526,743,29,29,51,75,151,482,2174,0,2174,서울 종로구 종로3가역_2
2016,3,D,발달상권,1001231,340,212,128,12,68,81,54,50,75,8,29,40,41,37,57,4,39,41,13,13,18,285,0,285,서울 동대문구 신설동역_2
2016,3,D,발달상권,1001230,719,373,346,80,67,104,107,113,248,47,35,55,61,55,120,33,32,49,46,58,128,411,189,222,인사동
2016,3,D,발달상권,1001229,306,175,131,22,45,33,46,60,100,13,27,23,29,36,47,9,18,10,17,24,53,184,0,184,서울 종로구 종로5가역_4
2016,3,D,발달상권,1001228,826,507,319,51,53,90,140,176,316,31,30,56,92,121,177,20,23,34,48,55,139,572,0,572,서울 종로구 종로5가역_3
2016,3,D,발달상권,1001227,550,309,241,41,80,74,93,108,154,24,45,46,49,63,82,17,35,28,44,45,72,360,106,254,종로구청
2016,3,D,발달상권,1001226,1975,978,997,243,398,377,258,280,419,120,190,185,130,142,211,123,208,192,128,138,208,1078,0,1078,서울 종로구 종로5가역_2
2016,3,D,발달상권,1001225,298,181,117,10,85,62,42,41,58,5,33,36,31,30,46,5,52,26,11,11,12,239,0,239,신설동역
2016,3,D,발달상권,1001224,168,121,47,4,17,28,15,42,62,2,6,17,12,34,50,2,11,11,3,8,12,135,0,135,서울 동대문구 신설동역_1
2016,3,D,발달상권,1001223,2297,1051,1246,331,253,434,358,327,594,170,109,180,160,161,271,161,144,254,198,166,323,1082,660,422,서울 종로구 광화문역_2
2016,3,D,발달상권,1001222,943,480,463,141,125,126,149,183,219,77,67,61,84,93,98,64,58,65,65,90,121,377,245,132,동묘앞역
2016,3,D,발달상권,1001221,3542,1796,1746,428,597,945,594,449,529,223,283,509,303,221,257,205,314,436,291,228,272,1905,208,1697,장안동사거리
2016,3,D,발달상권,1001220,670,429,241,26,62,76,79,188,239,11,33,56,57,130,142,15,29,20,22,58,97,493,0,493,서울 종로구 동대문역_2
2016,3,D,발달상권,1001219,137,71,66,15,20,13,22,28,39,6,8,7,14,14,22,9,12,6,8,14,17,72,0,72,서울 종로구 동대문역_1
2016,3,D,발달상권,1001218,37,19,18,1,2,5,5,9,15,0,0,2,3,5,9,1,2,3,2,4,6,31,0,31,동대문시장_2
2016,3,D,발달상권,1001217,28,8,20,0,0,0,5,6,17,0,0,0,4,0,4,0,0,0,1,6,13,25,0,25,서울 종로구 종로5가역_1
2016,3,D,발달상권,1001216,187,143,44,6,48,12,28,44,49,4,40,7,24,33,35,2,8,5,4,11,14,166,0,166,서울 종로구 종로3가역_1
2016,3,D,발달상권,1001215,1,1,0,0,0,0,0,0,1,0,0,0,0,0,1,0,0,0,0,0,0,1,0,1,서울 종로구 광화문역_1
2016,3,D,발달상권,1001214,3,1,2,0,0,1,0,2,0,0,0,0,0,1,0,0,0,1,0,1,0,3,1,2,종각역
2016,3,D,발달상권,1001213,105,74,31,4,28,19,11,20,23,2,23,15,7,12,15,2,5,4,4,8,8,86,0,86,종각역 젊음의 거리
2016,3,D,발달상권,1001212,110,83,27,2,2,6,18,36,46,0,1,5,16,30,31,2,1,1,2,6,15,91,0,91,서대문구 서대문역_1
2016,3,D,발달상권,1001211,34,21,13,0,3,6,4,9,12,0,1,4,4,6,6,0,2,2,0,3,6,31,0,31,동대문시장_1
2016,3,D,발달상권,1001210,57,34,23,12,8,12,16,6,3,7,7,5,8,4,3,5,1,7,8,2,0,33,0,33,시청역_2
2016,3,D,발달상권,1001209,90,53,37,8,1,13,10,24,34,5,1,7,5,12,23,3,0,6,5,12,11,61,0,61,서울시청
2016,3,D,발달상권,1001208,561,380,181,15,31,34,72,140,269,8,16,22,52,110,172,7,15,12,20,30,97,449,60,389,서울 중구 을지로3가역_2
2016,3,D,발달상권,1001207,356,191,165,20,76,67,57,66,70,11,27,35,35,42,41,9,49,32,22,24,29,241,0,241,서울 중구 신당역_2
2016,3,D,발달상권,1001206,901,439,462,73,189,203,127,149,160,34,70,110,71,85,69,39,119,93,56,64,91,567,0,567,서대문구 서대문역_2
2016,3,D,발달상권,1001205,454,278,176,11,47,65,73,103,155,2,27,37,49,69,94,9,20,28,24,34,61,329,13,316,동대문역사문화공원역
2016,3,D,발달상권,1001204,256,180,76,9,18,24,34,61,110,3,10,17,24,47,79,6,8,7,10,14,31,203,0,203,서울 중구 을지로3가역_1
2016,3,D,발달상권,1001203,632,67,565,7,20,66,129,136,274,0,6,7,15,21,18,7,14,59,114,115,256,90,0,90,명동거리
2016,3,D,발달상권,1001202,1,1,0,0,0,1,0,0,0,0,0,1,0,0,0,0,0,0,0,0,0,1,0,1,롯데백화점
2016,3,D,발달상권,1001201,964,527,437,88,117,125,161,222,251,50,71,78,84,126,118,38,46,47,77,96,133,546,43,503,서울 중구 신당역_1
2016,3,D,발달상권,1001200,279,177,102,3,19,37,50,66,104,0,9,32,31,41,64,3,10,5,19,25,40,239,0,239,북창동
2016,3,D,발달상권,1001199,705,394,311,44,90,108,97,139,227,24,43,56,67,87,117,20,47,52,30,52,110,469,173,296,서울 중구 충무로역_2
2016,3,D,발달상권,1001198,2100,1006,1094,176,426,344,283,353,518,93,171,178,152,181,231,83,255,166,131,172,287,1305,37,1268,서울 강서구 송정역
2016,3,D,발달상권,1001197,1125,631,494,113,176,228,191,193,224,60,74,129,118,128,122,53,102,99,73,65,102,646,50,596,장한평역_2
2016,3,D,발달상권,1001196,322,161,161,53,30,87,61,43,48,27,9,43,37,22,23,26,21,44,24,21,25,147,0,147,시청역_1
2016,3,D,발달상권,1001195,456,212,244,58,86,69,76,72,95,20,38,37,40,35,42,38,48,32,36,37,53,244,0,244,왕십리역_2
2016,3,D,발달상권,1001194,102,51,51,0,18,37,21,19,7,0,7,17,11,12,4,0,11,20,10,7,3,76,0,76,서울 강서구 발산역
2016,3,D,발달상권,1001193,214,130,84,10,31,25,48,52,48,6,22,13,35,31,23,4,9,12,13,21,25,132,23,109,장한평역_1
2016,3,D,발달상권,1001192,816,409,407,63,110,105,118,148,272,25,51,62,72,80,119,38,59,43,46,68,153,525,0,525,서울 중구 충무로역_1
2016,3,D,발달상권,1001191,3,2,1,0,0,0,1,2,0,0,0,0,1,1,0,0,0,0,0,1,0,2,0,2,왕십리역_1
2016,3,D,발달상권,1001190,1102,818,284,25,172,266,238,258,143,14,76,174,209,235,110,11,96,92,29,23,33,947,0,947,장한평역
2016,3,D,발달상권,1001189,542,265,277,31,39,73,104,104,191,13,17,37,61,49,88,18,22,36,43,55,103,391,16,375,서울 중구 명동역
2016,3,D,발달상권,1001188,189,106,83,23,68,28,31,15,24,13,36,17,20,8,12,10,32,11,11,7,12,131,38,93,장충동 족발거리
2016,3,D,발달상권,1001187,984,492,492,41,568,152,58,59,106,20,281,86,30,30,45,21,287,66,28,29,61,774,0,774,한양시장
2016,3,D,발달상권,1001186,1302,498,804,60,357,182,186,164,353,22,65,83,102,76,150,38,292,99,84,88,203,964,63,901,서울 서대문구 이대역
2016,3,D,발달상권,1001185,2853,1420,1433,147,1194,489,285,288,450,78,554,259,172,153,204,69,640,230,113,135,246,2114,82,2032,서울 서대문구 신촌역
2016,3,D,발달상권,1001184,206,95,111,10,45,70,36,23,22,4,19,32,19,11,10,6,26,38,17,12,12,161,0,161,서울 마포구 홍대입구역_3
2016,3,D,발달상권,1001183,588,275,313,63,105,139,70,61,150,33,48,54,39,29,72,30,57,85,31,32,78,305,0,305,서울 마포구 홍대입구역_2
2016,3,D,발달상권,1001182,5423,2555,2868,442,1331,1364,786,563,937,220,592,672,396,263,412,222,739,692,390,300,525,3414,134,3280,홍익대학교 주변
2016,3,D,발달상권,1001181,1713,796,917,145,400,456,191,232,289,72,161,210,106,106,141,73,239,246,85,126,148,1027,0,1027,서울 광진구 군자역
2016,3,D,발달상권,1001180,1299,664,635,71,416,278,172,144,218,43,195,139,95,82,110,28,221,139,77,62,108,966,27,939,신촌역
2016,3,D,발달상권,1001179,2535,1250,1285,294,439,588,417,381,416,149,164,294,251,198,194,145,275,294,166,183,222,1467,114,1353,강서구청
2016,3,D,발달상권,1001178,692,354,338,61,111,189,112,69,150,30,57,105,56,41,65,31,54,84,56,28,85,412,0,412,서울 마포구 홍대입구역_1
2016,3,D,발달상권,1001177,51,30,21,5,3,8,10,4,21,4,2,4,7,1,12,1,1,4,3,3,9,25,0,25,서울 중구 약수역_2
2016,3,D,발달상권,1001176,13,9,4,1,3,2,3,1,3,1,2,1,3,0,2,0,1,1,0,1,1,10,0,10,서울 중구 약수역_1
2016,3,D,발달상권,1001175,2673,1341,1332,573,419,309,477,523,372,317,238,136,217,255,178,256,181,173,260,268,194,862,651,211,서울 강동구 고덕역
2016,3,D,발달상권,1001174,1035,487,548,115,220,286,136,127,151,62,74,148,72,65,66,53,146,138,64,62,85,539,25,514,등촌역
2016,3,D,발달상권,1001173,1917,958,959,272,244,306,322,326,447,144,120,160,160,158,216,128,124,146,162,168,231,966,9,957,서울 강동구 명일역
2016,3,D,발달상권,1001172,675,384,291,82,141,115,120,117,100,49,70,70,73,71,51,33,71,45,47,46,49,362,83,279,어린이대공원역
2016,3,D,발달상권,1001171,31,16,15,1,7,2,4,7,10,0,4,1,3,4,4,1,3,1,1,3,6,19,0,19,서울 마포구 공덕역_2
2016,3,D,발달상권,1001170,57,40,17,2,4,6,14,15,16,1,2,3,12,10,12,1,2,3,2,5,4,40,0,40,공덕역
2016,3,D,발달상권,1001169,529,296,233,39,73,92,82,95,148,19,45,50,50,57,75,20,28,42,32,38,73,328,0,328,서울 용산구 숙대입구역
2016,3,D,발달상권,1001168,1,0,1,0,0,1,0,0,0,0,0,0,0,0,0,0,0,1,0,0,0,1,0,1,남영역
2016,3,D,발달상권,1001166,3301,1509,1792,508,423,881,700,370,419,247,171,398,333,178,182,261,252,483,367,192,237,1710,446,1264,서울 마포구 마포역_2
2016,3,D,발달상권,1001165,2085,922,1163,128,770,468,222,168,329,65,280,232,113,87,145,63,490,236,109,81,184,1454,0,1454,서울 광진구 건대입구역_2
2016,3,D,발달상권,1001164,735,369,366,62,97,143,103,123,207,37,44,74,59,58,97,25,53,69,44,65,110,437,0,437,서울 마포구 마포역_1
2016,3,D,발달상권,1001163,3021,1565,1456,247,383,660,512,546,673,131,188,336,296,289,325,116,195,324,216,257,348,1849,525,1324,서울 강동구 천호역_2
2016,3,D,발달상권,1001162,1149,539,610,88,243,224,182,170,242,41,96,106,93,84,119,47,147,118,89,86,123,672,0,672,서울 광진구 건대입구역_1
2016,3,D,발달상권,1001161,536,228,308,26,15,21,24,19,431,13,4,7,10,8,186,13,11,14,14,11,245,289,0,289,건대입구역
2016,3,D,발달상권,1001160,1971,924,1047,147,464,501,294,270,295,71,176,242,167,128,140,76,288,259,127,142,155,1274,0,1274,서울 광진구 구의역
2016,3,D,발달상권,1001159,314,148,166,29,42,65,49,44,85,17,17,31,23,21,39,12,25,34,26,23,46,166,0,166,서울 강동구 천호역
2016,3,D,발달상권,1001158,994,448,546,26,206,180,113,165,304,17,71,79,55,94,132,9,135,101,58,71,172,776,0,776,당산역_2
2016,3,D,발달상권,1001157,343,164,179,41,62,46,61,58,75,16,32,24,32,29,31,25,30,22,29,29,44,177,0,177,서울 강동구 천호역_1
2016,3,D,발달상권,1001156,3080,1524,1556,189,845,756,455,443,392,87,305,392,283,246,211,102,540,364,172,197,181,2113,0,2113,서울 강동구 길동역
2016,3,D,발달상권,1001155,397,228,169,38,47,77,74,55,106,21,30,53,46,34,44,17,17,24,28,21,62,222,0,222,용산 전자상가_5
2016,3,D,발달상권,1001154,106,67,39,9,9,22,25,19,22,6,5,16,20,11,9,3,4,6,5,8,13,77,0,77,용산 전자상가_4
2016,3,D,발달상권,1001153,1031,491,540,81,288,336,121,105,100,43,101,175,68,58,46,38,187,161,53,47,54,673,107,566,당산역_1
2016,3,D,발달상권,1001152,197,92,105,30,33,20,24,33,57,15,15,6,11,13,32,15,18,14,13,20,25,68,64,4,서울 광진구 강변역
2016,3,D,발달상권,1001151,255,127,128,22,35,52,34,42,70,12,19,28,19,17,32,10,16,24,15,25,38,118,73,45,용산 전자상가_3
2016,3,D,발달상권,1001150,996,532,464,71,166,191,157,186,225,36,87,114,82,107,106,35,79,77,75,79,119,636,0,636,서울 용산구 이태원역
2016,3,D,발달상권,1001149,191,100,91,9,32,24,31,32,63,5,19,13,18,15,30,4,13,11,13,17,33,124,0,124,한남오거리
2016,3,D,발달상권,1001148,48,30,18,0,13,9,10,9,7,0,4,3,10,7,6,0,9,6,0,2,1,46,0,46,목동사거리
2016,3,D,발달상권,1001147,152,83,69,19,27,34,17,26,29,15,13,17,11,14,13,4,14,17,6,12,16,59,0,59,용산 전자상가_2
2016,3,D,발달상권,1001146,115,53,62,17,12,23,21,10,32,7,7,10,13,3,13,10,5,13,8,7,19,60,0,60,용산구청
2016,3,D,발달상권,1001145,328,184,144,38,42,97,70,51,30,15,22,52,46,30,19,23,20,45,24,21,11,192,0,192,용산 전자상가_1
2016,3,D,발달상권,1001144,633,333,300,28,101,181,122,111,90,15,45,85,69,70,49,13,56,96,53,41,41,489,33,456,국회의사당역_2
2016,3,D,발달상권,1001143,237,127,110,17,26,35,37,45,77,14,17,19,19,22,36,3,9,16,18,23,41,146,0,146,서울 용산구 신용산역
2016,3,D,발달상권,1001141,1349,649,700,196,155,281,277,164,276,93,71,134,147,82,122,103,84,147,130,82,154,702,255,447,압구정 로데오거리_2
2016,3,D,발달상권,1001140,1952,862,1090,246,322,409,344,226,405,124,137,168,148,111,174,122,185,241,196,115,231,1012,35,977,서울 강남구 압구정역
2016,3,D,발달상권,1001139,1357,686,671,90,266,269,187,219,326,44,123,137,93,127,162,46,143,132,94,92,164,903,0,903,서울 영등포구 영등포구청역
2016,3,D,발달상권,1001138,613,294,319,91,67,90,93,85,187,45,36,40,38,43,92,46,31,50,55,42,95,252,0,252,압구정 로데오거리_1
2016,3,D,발달상권,1001137,840,451,389,123,118,127,163,140,169,76,68,69,79,80,79,47,50,58,84,60,90,397,22,375,서울 강동구 둔촌동역
2016,3,D,발달상권,1001136,900,426,474,229,116,100,206,129,120,111,50,41,102,60,62,118,66,59,104,69,58,270,237,33,오목교역
2016,3,D,발달상권,1001135,4121,1902,2219,558,597,929,764,497,776,295,241,411,367,242,346,263,356,518,397,255,430,2244,91,2153,신사동 가로수길
2016,3,D,발달상권,1001134,14,11,3,1,1,1,4,5,2,0,1,1,3,4,2,1,0,0,1,1,0,11,0,11,서울 영등포구 여의도역_2
2016,3,D,발달상권,1001133,884,400,484,58,78,115,179,151,303,25,42,54,85,69,125,33,36,61,94,82,178,584,0,584,청담사거리_3
2016,3,D,발달상권,1001132,431,253,178,37,50,73,77,70,124,19,32,46,53,40,63,18,18,27,24,30,61,236,0,236,영등포유통상가
2016,3,D,발달상권,1001131,477,222,255,96,62,95,89,79,56,47,31,37,40,35,32,49,31,58,49,44,24,193,169,24,청담역_2
2016,3,D,발달상권,1001130,202,98,104,43,30,22,32,32,43,20,18,10,15,17,18,23,12,12,17,15,25,69,0,69,청담역_1
2016,3,D,발달상권,1001129,349,169,180,46,44,61,57,57,84,20,25,30,27,27,40,26,19,31,30,30,44,133,0,133,청담사거리_2
2016,3,D,발달상권,1001128,256,117,139,35,40,60,53,38,30,17,18,28,25,19,10,18,22,32,28,19,20,131,0,131,청담사거리_1
2016,3,D,발달상권,1001127,1404,684,720,266,154,191,252,220,321,147,63,80,120,117,157,119,91,111,132,103,164,519,472,47,서울 영등포구 여의도역_1
2016,3,D,발달상권,1001126,298,147,151,31,53,47,35,59,73,18,24,28,18,26,33,13,29,19,17,33,40,157,0,157,서울 양천구 신정네거리역_2
2016,3,D,발달상권,1001125,485,246,239,87,64,84,98,61,91,56,36,34,46,26,48,31,28,50,52,35,43,190,124,66,학동사거리_2
2016,3,D,발달상권,1001124,1499,963,536,50,97,150,269,366,567,26,57,98,186,267,329,24,40,52,83,99,238,1149,0,1149,서울 영등포구 영등포시장역
2016,3,D,발달상권,1001123,491,241,250,55,78,107,94,57,100,29,31,49,47,35,50,26,47,58,47,22,50,282,50,232,학동사거리_1
2016,3,D,발달상권,1001122,633,303,330,88,64,77,93,94,217,40,32,37,46,49,99,48,32,40,47,45,118,258,118,140,여의도 시범아파트앞
2016,3,D,발달상권,1001121,398,244,154,12,111,92,51,63,69,8,43,57,37,48,51,4,68,35,14,15,18,334,0,334,영등포역_3
2016,3,D,발달상권,1001120,445,199,246,61,73,116,63,51,81,30,30,53,28,22,36,31,43,63,35,29,45,225,79,146,도산공원사거리_1
2016,3,D,발달상권,1001119,635,478,157,13,96,83,121,167,155,8,39,62,113,143,113,5,57,21,8,24,42,575,0,575,영등포역_2
2016,3,D,발달상권,1001118,226,112,114,51,27,33,38,31,46,31,13,18,18,15,17,20,14,15,20,16,29,82,0,82,문래동 주민센터
2016,3,D,발달상권,1001117,1063,480,583,77,209,309,167,124,177,37,80,127,97,62,77,40,129,182,70,62,100,665,0,665,강남구 신사역_2
2016,3,D,발달상권,1001116,164,90,74,5,77,36,16,18,12,1,29,24,12,14,10,4,48,12,4,4,2,148,0,148,영등포역_1
2016,3,D,발달상권,1001115,711,362,349,33,57,125,162,134,200,14,31,56,83,90,88,19,26,69,79,44,112,528,0,528,서울 강남구 강남구청역_2
2016,3,D,발달상권,1001114,853,459,394,53,128,207,168,121,176,30,61,106,105,64,93,23,67,101,63,57,83,559,0,559,강남구 신사역_1
2016,3,D,발달상권,1001113,26,20,6,0,2,4,3,8,9,0,1,4,3,8,4,0,1,0,0,0,5,22,0,22,서울 동작구 노량진1동_1
2016,3,D,발달상권,1001112,137,72,65,4,22,37,25,22,27,3,11,21,11,12,14,1,11,16,14,10,13,95,0,95,서울 강남구 학동역_3
2016,3,D,발달상권,1001111,582,281,301,60,95,168,107,75,77,32,40,72,50,44,43,28,55,96,57,31,34,382,44,338,서울 강남구 강남구청역_1
2016,3,D,발달상권,1001110,2356,1118,1238,336,367,347,292,435,579,161,187,160,116,198,296,175,180,187,176,237,283,817,817,0,잠실역
2016,3,D,발달상권,1001109,1855,918,937,154,333,520,333,236,279,81,152,241,176,130,138,73,181,279,157,106,141,1164,0,1164,강남구 논현역_4
2016,3,D,발달상권,1001108,485,192,293,27,91,184,77,51,55,15,32,67,32,25,21,12,59,117,45,26,34,339,0,339,학동역
2016,3,D,발달상권,1001107,1369,734,635,102,241,353,223,224,226,59,109,192,136,122,116,43,132,161,87,102,110,840,0,840,방이동 먹자골목
2016,3,D,발달상권,1001106,100,47,53,3,29,34,12,9,13,0,9,18,10,5,5,3,20,16,2,4,8,73,0,73,서울 강남구 학동역_2
2016,3,D,발달상권,1001105,1114,543,571,51,572,195,92,75,129,22,249,129,57,31,55,29,323,66,35,44,74,921,0,921,서울 동작구 노량진역
2016,3,D,발달상권,1001104,56,41,15,2,15,10,7,8,14,2,12,6,6,4,11,0,3,4,1,4,3,35,0,35,삼성역_3
2016,3,D,발달상권,1001103,19,11,8,6,1,1,3,4,4,3,0,1,1,3,3,3,1,0,2,1,1,10,0,10,코엑스
2016,3,D,발달상권,1001102,943,424,519,78,196,275,154,87,153,38,79,118,75,41,73,40,117,157,79,46,80,551,0,551,서울 강남구 학동역_1
2016,3,D,발달상권,1001101,2045,909,1136,229,285,491,417,264,359,110,121,207,193,130,148,119,164,284,224,134,211,1304,13,1291,선정릉역_2
2016,3,D,발달상권,1001100,77,37,40,4,13,25,9,9,17,2,6,12,5,4,8,2,7,13,4,5,9,44,0,44,강남구 논현역_3
2016,3,D,발달상권,1001099,694,350,344,66,139,146,130,108,105,41,65,72,62,65,45,25,74,74,68,43,60,397,22,375,포스코사거리_2
2016,3,D,발달상권,1001098,2210,1068,1142,258,356,574,378,303,341,122,169,265,202,154,156,136,187,309,176,149,185,1260,54,1206,포스코사거리_1
2016,3,D,발달상권,1001096,1659,803,856,298,237,406,276,254,188,149,113,198,132,121,90,149,124,208,144,133,98,612,297,315,신도림역
2016,3,D,발달상권,1001095,4148,1993,2155,323,861,1136,664,488,676,172,390,537,356,240,298,151,471,599,308,248,378,2543,0,2543,강남구 논현역_2
2016,3,D,발달상권,1001094,650,299,351,91,126,130,119,96,88,48,55,55,55,43,43,43,71,75,64,53,45,339,21,318,선정릉역_1
2016,3,D,발달상권,1001093,2615,1263,1352,224,455,657,426,391,462,116,191,335,223,189,209,108,264,322,203,202,253,1527,154,1373,신천역
2016,3,D,발달상권,1001092,2045,1002,1043,135,374,554,368,283,331,68,151,255,221,152,155,67,223,299,147,131,176,1413,22,1391,강남구 논현역_1
2016,3,D,발달상권,1001091,7,4,3,0,1,1,1,2,2,0,0,1,1,1,1,0,1,0,0,1,1,3,0,3,삼성역_2
2016,3,D,발달상권,1001090,630,306,324,55,106,176,119,82,92,31,44,74,68,43,46,24,62,102,51,39,46,392,0,392,삼정역_2
2016,3,D,발달상권,1001089,91,44,47,4,17,24,9,18,19,1,8,14,3,8,10,3,9,10,6,10,9,53,0,53,삼정역_1
2016,3,D,발달상권,1001088,1351,665,686,185,247,329,233,174,183,103,110,161,114,85,92,82,137,168,119,89,91,749,0,749,삼성역_1
2016,3,D,발달상권,1001087,2169,1088,1081,152,463,645,342,271,296,72,229,319,184,141,143,80,234,326,158,130,153,1389,0,1389,서울 강남구 선릉역_2
2016,3,D,발달상권,1001085,3172,1602,1570,182,753,965,454,380,438,95,336,488,270,198,215,87,417,477,184,182,223,2165,29,2136,서울 서초구 강남역
2016,3,D,발달상권,1001084,699,338,361,59,92,201,187,72,88,27,37,90,100,41,43,32,55,111,87,31,45,501,1,500,서울 강남구 선릉역_1
2016,3,D,발달상권,1001083,535,250,285,79,76,149,81,64,86,46,36,64,35,28,41,33,40,85,46,36,45,259,5,254,서울 송파구 석촌역_2
2016,3,D,발달상권,1001082,3730,1651,2079,381,629,1164,763,413,380,164,242,467,390,208,180,217,387,697,373,205,200,2435,0,2435,선릉역_2
2016,3,D,발달상권,1001081,1020,493,527,91,201,282,166,127,153,50,78,129,96,68,72,41,123,153,70,59,81,622,0,622,서울 강남구 역삼역_2
2016,3,D,발달상권,1001080,204,94,110,25,34,53,34,26,32,15,15,18,19,11,16,10,19,35,15,15,16,110,0,110,서울 송파구 석촌역_1
2016,3,D,발달상권,1001079,8,3,5,0,2,2,1,1,2,0,1,1,0,1,0,0,1,1,1,0,2,4,0,4,석촌역
2016,3,D,발달상권,1001078,1573,742,831,144,223,306,291,259,350,67,85,150,141,135,164,77,138,156,150,124,186,902,177,725,서울 강남구 강남역_2
2016,3,D,발달상권,1001077,1209,527,682,236,161,273,287,126,126,98,69,102,129,66,63,138,92,171,158,60,63,551,277,274,선릉역_1
2016,3,D,발달상권,1001076,196,97,99,20,29,39,26,30,52,12,11,21,14,14,25,8,18,18,12,16,27,102,0,102,구로역
2016,3,D,발달상권,1001075,495,341,154,409,21,28,11,12,14,295,4,16,8,10,8,114,17,12,3,2,6,75,7,68,역삼역_2
2016,3,D,발달상권,1001074,1410,712,698,50,438,461,221,151,89,24,158,241,135,101,53,26,280,220,86,50,36,1167,0,1167,대림역_2
2016,3,D,발달상권,1001073,4938,2570,2368,310,919,1318,942,670,779,155,405,711,548,378,373,155,514,607,394,292,406,3462,14,3448,서울 강남구 역삼역_1
2016,3,D,발달상권,1001072,1220,579,641,114,262,285,177,172,210,53,99,126,102,93,106,61,163,159,75,79,104,752,32,720,신대방삼거리역
2016,3,D,발달상권,1001071,1842,866,976,337,298,254,365,294,294,180,143,119,153,144,127,157,155,135,212,150,167,838,0,838,서울 강남구 한티역
2016,3,D,발달상권,1001070,388,202,186,102,42,24,119,68,33,68,20,10,50,40,14,34,22,14,69,28,19,131,90,41,은마아파트입구사거리_4
2016,3,D,발달상권,1001069,334,165,169,70,59,29,81,46,49,36,31,14,37,23,24,34,28,15,44,23,25,142,16,126,은마아파트입구사거리_3
2016,3,D,발달상권,1001068,20,10,10,2,3,3,1,6,5,0,1,3,0,3,3,2,2,0,1,3,2,9,0,9,은마아파트입구사거리_2
2016,3,D,발달상권,1001067,2307,1164,1143,187,531,785,321,212,271,94,223,422,195,93,137,93,308,363,126,119,134,1519,108,1411,오류동역
2016,3,D,발달상권,1001066,1477,661,816,89,410,503,193,147,135,48,147,224,106,69,67,41,263,279,87,78,68,1063,291,772,서울 강남구 강남역
2016,3,D,발달상권,1001065,193,107,86,46,28,15,46,34,24,30,19,9,24,15,10,16,9,6,22,19,14,68,0,68,은마아파트입구사거리_1
2016,3,D,발달상권,1001064,653,276,377,25,203,275,104,24,22,9,38,144,62,14,9,16,165,131,42,10,13,568,0,568,대림역_1
2016,3,D,발달상권,1001063,1419,694,725,301,215,157,280,195,271,140,114,76,128,99,137,161,101,81,152,96,134,567,41,526,교대역_4
2016,3,D,발달상권,1001062,673,313,360,62,116,176,121,97,101,29,47,84,64,44,45,33,69,92,57,53,56,411,83,328,서울 강남구 강남역_1
2016,3,D,발달상권,1001061,2710,1297,1413,648,300,403,586,366,407,315,153,181,279,195,174,333,147,222,307,171,233,987,481,506,방배동카페골목
2016,3,D,발달상권,1001059,18,9,9,1,1,6,2,4,4,0,0,2,2,2,3,1,1,4,0,2,1,10,0,10,교대역_3
2016,3,D,발달상권,1001058,2696,1269,1427,299,471,806,417,328,375,145,212,407,192,140,173,154,259,399,225,188,202,1500,30,1470,역삼역_1
2016,3,D,발달상권,1001057,1365,630,735,144,266,327,213,193,222,75,123,147,103,89,93,69,143,180,110,104,129,802,269,533,교대역_2
2016,3,D,발달상권,1001056,487,271,216,27,71,105,84,94,106,14,29,48,51,68,61,13,42,57,33,26,45,343,0,343,서울 송파구 가락시장역
2016,3,D,발달상권,1001055,66,33,33,10,10,12,10,8,16,2,7,6,6,3,9,8,3,6,4,5,7,26,0,26,서울 서초구 서초역
2016,3,D,발달상권,1001054,585,286,299,175,76,50,127,104,53,91,37,20,56,55,27,84,39,30,71,49,26,183,165,18,서울 강남구 대치역_2
2016,3,D,발달상권,1001053,524,268,256,174,48,40,147,75,40,95,26,18,68,43,18,79,22,22,79,32,22,145,145,0,서울 강남구 대치역_1
2016,3,D,발달상권,1001052,1931,854,1077,142,473,600,308,210,198,78,182,276,142,91,85,64,291,324,166,119,113,1351,242,1109,뱅뱅사거리_2
2016,3,D,발달상권,1001051,3495,1685,1810,574,460,524,569,457,911,295,237,246,262,220,425,279,223,278,307,237,486,1349,279,1070,보라매공원
2016,3,D,발달상권,1001050,1570,788,782,144,302,386,217,253,268,69,134,204,116,129,136,75,168,182,101,124,132,893,0,893,교대역_1
2016,3,D,발달상권,1001049,2809,1417,1392,349,371,383,436,524,746,174,201,203,227,276,336,175,170,180,209,248,410,1248,9,1239,개봉동 현대아파트 인근
2016,3,D,발달상권,1001048,1325,618,707,117,264,411,246,150,137,66,104,183,128,71,66,51,160,228,118,79,71,858,114,744,뱅뱅사거리
2016,3,D,발달상권,1001047,1065,558,507,130,224,323,143,120,125,66,100,188,88,54,62,64,124,135,55,66,63,620,20,600,뱅뱅사거리_1
2016,3,D,발달상권,1001046,2937,1447,1490,113,1096,975,334,196,223,60,485,508,190,97,107,53,611,467,144,99,116,2371,183,2188,서울 관악구 신림역_4
2016,3,D,발달상권,1001045,1149,534,615,89,226,259,144,154,277,41,86,121,75,86,125,48,140,138,69,68,152,629,0,629,동작구 총신대입구역_1
2016,3,D,발달상권,1001044,2004,975,1029,257,328,515,287,275,342,135,156,248,141,129,166,122,172,267,146,146,176,1002,75,927,양재역_3
2016,3,D,발달상권,1001043,1398,583,815,269,169,357,296,152,155,108,55,151,127,78,64,161,114,206,169,74,91,706,146,560,동작구 총신대입구역_2
2016,3,D,발달상권,1001042,453,215,238,47,82,115,65,55,89,26,32,53,34,24,46,21,50,62,31,31,43,268,0,268,서울 서초구 남부터미널역_3
2016,3,D,발달상권,1001041,1611,745,866,146,153,312,235,252,513,67,63,140,137,148,190,79,90,172,98,104,323,934,506,428,서울 강남구 수서역
2016,3,D,발달상권,1001040,871,478,393,24,328,231,100,91,97,12,141,154,65,56,50,12,187,77,35,35,47,725,0,725,서울 관악구 신림역_3
2016,3,D,발달상권,1001039,1483,768,715,84,268,473,303,208,147,41,91,228,183,139,86,43,177,245,120,69,61,1136,0,1136,서울 서초구 남부터미널역_2
2016,3,D,발달상권,1001038,142,75,67,18,14,22,22,35,31,7,9,12,12,21,14,11,5,10,10,14,17,79,0,79,구로디지탈1단지
2016,3,D,발달상권,1001037,1400,631,769,195,245,350,223,186,201,77,109,160,108,87,90,118,136,190,115,99,111,736,167,569,양재역
2016,3,D,발달상권,1001036,370,193,177,54,55,78,69,58,56,31,32,38,42,24,26,23,23,40,27,34,30,172,0,172,문정역
2016,3,D,발달상권,1001035,577,291,286,85,98,104,98,97,95,51,43,51,51,48,47,34,55,53,47,49,48,278,0,278,매봉역
2016,3,D,발달상권,1001034,1249,617,632,166,185,284,224,181,209,82,78,147,132,85,93,84,107,137,92,96,116,631,18,613,서울 서초구 방배역
2016,3,D,발달상권,1001033,1232,607,625,203,196,199,214,203,217,106,96,92,104,96,113,97,100,107,110,107,104,503,0,503,서울 서초구 남부터미널역_1
2016,3,D,발달상권,1001032,1593,859,734,86,493,396,187,180,251,51,259,227,109,81,132,35,234,169,78,99,119,1033,0,1033,서울 관악구 신림역_2
2016,3,D,발달상권,1001031,506,239,267,18,187,154,61,40,46,8,63,91,33,21,23,10,124,63,28,19,23,402,0,402,서울 관악구 신림역_1
2016,3,D,발달상권,1001030,709,357,352,70,126,193,94,103,123,38,60,102,48,49,60,32,66,91,46,54,63,391,0,391,양재역_2
2016,3,D,발달상권,1001028,440,234,206,19,138,103,49,51,80,10,63,57,35,28,41,9,75,46,14,23,39,332,0,332,서울 관악구 서울대입구역_2
2016,3,D,발달상권,1001027,1488,814,674,30,400,380,232,242,204,12,133,211,161,175,122,18,267,169,71,67,82,1325,254,1071,가산디지털단지역_3
2016,3,D,발달상권,1001026,456,278,178,28,53,48,76,114,137,22,29,36,50,79,62,6,24,12,26,35,75,273,0,273,구로디지털단지역
2016,3,D,발달상권,1001025,5623,2656,2967,243,2285,1450,563,512,570,113,917,723,328,279,296,130,1368,727,235,233,274,4357,20,4337,서울 관악구 서울대입구역_1
2016,3,D,발달상권,1001024,670,324,346,93,115,143,103,92,124,45,57,61,54,46,61,48,58,82,49,46,63,318,52,266,관악구 사당역_1
2016,3,D,발달상권,1001023,96,59,37,6,17,14,13,13,33,3,9,12,11,5,19,3,8,2,2,8,14,62,0,62,가산디지털단지역_2
2016,3,D,발달상권,1001022,949,431,518,52,263,222,104,119,189,29,99,103,54,58,88,23,164,119,50,61,101,608,0,608,관악구 사당역_2
2016,3,D,발달상권,1001021,22,16,6,1,0,5,4,7,5,0,0,3,4,6,3,1,0,2,0,1,2,19,3,16,가산디지털단지역_1
2016,3,D,발달상권,1001019,57,34,23,6,5,16,16,7,7,3,1,8,11,5,6,3,4,8,5,2,1,39,0,39,포이사거리_1
2016,3,D,발달상권,1001018,1759,985,774,171,300,423,335,290,240,100,157,238,203,171,116,71,143,185,132,119,124,1090,10,1080,포이사거리_2
2016,3,D,발달상권,1001017,316,146,170,18,95,81,36,40,46,8,38,39,18,21,22,10,57,42,18,19,24,219,115,104,관악구 사당역_3
2016,3,D,발달상권,1001016,1640,1003,637,98,653,372,189,131,197,59,387,264,128,70,95,39,266,108,61,61,102,1257,0,1257,서울 관악구 대학동_1
2016,3,D,발달상권,1001015,1023,583,440,51,170,257,189,167,189,27,87,171,112,100,86,24,83,86,77,67,103,753,7,746,서울 금천구 독산1동_1
2016,3,D,발달상권,1001013,1728,831,897,497,160,302,329,186,254,258,73,134,184,81,101,239,87,168,145,105,153,533,0,533,양재 화물트럭터미널앞_2
2016,3,D,발달상권,1001012,2,2,0,0,0,0,0,1,1,0,0,0,0,1,1,0,0,0,0,0,0,2,0,2,양재 화물트럭터미널앞_1
2016,3,D,발달상권,1001011,1551,831,720,104,171,227,251,309,489,55,95,126,146,176,233,49,76,101,105,133,256,995,28,967,서울 금천구 시흥1동_4
2016,3,A,골목상권,1001010,3223,1640,1583,389,471,603,511,589,660,211,248,317,273,293,298,178,223,286,238,296,362,1633,36,1597,풍성로37가길
2016,3,A,골목상권,1001009,3878,1938,1940,458,560,684,595,710,871,224,275,373,312,352,402,234,285,311,283,358,469,1916,45,1871,천호옛길
2016,3,A,골목상권,1001008,2296,1109,1187,239,366,370,352,413,556,117,186,190,175,180,261,122,180,180,177,233,295,1080,70,1010,천호옛14길
2016,3,A,골목상권,1001007,2431,1245,1186,353,373,286,387,509,523,176,199,153,200,270,247,177,174,133,187,239,276,1020,0,1020,천호대로219길
2016,3,A,골목상권,1001006,4085,2021,2064,699,601,684,688,715,698,364,312,344,340,342,319,335,289,340,348,373,379,1497,596,901,천호대로197길
2016,3,A,골목상권,1001005,2876,1391,1485,429,403,581,396,486,581,212,209,289,189,229,263,217,194,292,207,257,318,1239,99,1140,천호대로187길
2016,3,A,골목상권,1001004,4238,2096,2142,568,693,930,570,697,780,284,326,491,293,333,369,284,367,439,277,364,411,1852,320,1532,천호대로170길
2016,3,A,골목상권,1001003,2259,1152,1107,295,338,414,308,422,482,147,175,228,165,201,236,148,163,186,143,221,246,967,255,712,천호대로162길
2016,3,A,골목상권,1001002,3941,1925,2016,587,614,634,579,720,807,321,310,319,296,319,360,266,304,315,283,401,447,1546,152,1394,천중로51길
2016,3,A,골목상권,1001001,6520,3233,3287,1056,919,1131,1033,1123,1258,556,461,602,505,519,590,500,458,529,528,604,668,2545,478,2067,천중로39길
2016,3,A,골목상권,1001000,1748,870,878,203,261,387,259,279,359,105,117,209,144,129,166,98,144,178,115,150,193,847,0,847,진황도로47길
2016,3,A,골목상권,1000999,7192,3643,3549,874,943,1331,1060,1287,1697,421,483,747,562,624,806,453,460,584,498,663,891,3331,958,2373,진황도로27길
2016,3,A,골목상권,1000998,3251,1601,1650,414,396,606,549,569,717,211,201,322,266,287,314,203,195,284,283,282,403,1597,148,1449,올림픽로98길
2016,3,A,골목상권,1000997,2260,1148,1112,281,271,292,370,449,597,147,140,159,196,235,271,134,131,133,174,214,326,1128,0,1128,올림픽로80길
2016,3,A,골목상권,1000996,1974,1048,926,168,207,245,349,446,559,71,109,143,207,250,268,97,98,102,142,196,291,1180,74,1106,올림픽로78길
2016,3,A,골목상권,1000995,2497,1298,1199,298,323,421,386,496,573,159,159,222,229,258,271,139,164,199,157,238,302,1189,9,1180,올림픽로77길
2016,3,A,골목상권,1000994,2611,1306,1305,254,361,440,392,486,678,135,185,237,210,239,300,119,176,203,182,247,378,1353,0,1353,올림픽로71길
2016,3,A,골목상권,1000993,1529,735,794,259,201,316,265,201,287,142,89,140,138,93,133,117,112,176,127,108,154,617,100,517,올림픽로48길
2016,3,A,골목상권,1000992,3312,1639,1673,690,410,579,563,471,599,358,201,290,290,221,279,332,209,289,273,250,320,1196,734,462,양재대로96길
2016,3,A,골목상권,1000991,3713,1838,1875,560,569,700,559,646,679,308,311,359,267,298,295,252,258,341,292,348,384,1571,192,1379,양재대로95길
2016,3,A,골목상권,1000990,3828,1872,1956,687,537,639,661,639,665,365,300,313,317,295,282,322,237,326,344,344,383,1483,507,976,양재대로91길
2016,3,A,골목상권,1000989,5094,2515,2579,723,807,792,749,918,1105,361,423,415,389,413,514,362,384,377,360,505,591,2055,375,1680,양재대로133길
2016,3,A,골목상권,1000988,4719,2351,2368,685,697,839,732,867,899,350,373,435,366,403,424,335,324,404,366,464,475,1951,157,1794,양재대로124길
2016,3,A,골목상권,1000987,1574,747,827,208,263,307,214,267,315,106,127,149,108,123,134,102,136,158,106,144,181,679,135,544,양재대로116길
2016,3,A,골목상권,1000986,4306,2151,2155,533,684,1082,631,637,739,287,332,561,336,285,350,246,352,521,295,352,389,2113,143,1970,양재대로101길
2016,3,A,골목상권,1000985,6451,3249,3202,981,875,1117,1026,1119,1333,493,455,613,532,551,605,488,420,504,494,568,728,2752,108,2644,암사길
2016,3,A,골목상권,1000984,3650,1801,1849,645,510,680,658,542,615,343,261,344,321,255,277,302,249,336,337,287,338,1403,227,1176,성안로3길
2016,3,A,골목상권,1000983,3713,1794,1919,743,487,616,657,536,674,371,250,273,330,255,315,372,237,343,327,281,359,1359,783,576,성내로5길
2016,3,A,골목상권,1000982,1418,726,692,237,246,193,211,288,243,121,146,94,108,142,115,116,100,99,103,146,128,553,0,553,상일로5길
2016,3,A,골목상권,1000981,2010,1015,995,320,242,417,332,292,407,177,117,212,172,144,193,143,125,205,160,148,214,955,287,668,상암로5길
2016,3,A,골목상권,1000980,3151,1514,1637,563,443,453,523,538,631,284,226,228,251,242,283,279,217,225,272,296,348,1226,330,896,상암로51길
2016,3,A,골목상권,1000979,3649,1814,1835,551,465,823,628,575,607,274,211,413,343,280,293,277,254,410,285,295,314,1737,65,1672,상암로4길
2016,3,A,골목상권,1000978,3448,1681,1767,527,474,732,490,577,648,267,225,382,236,270,301,260,249,350,254,307,347,1438,396,1042,상암로14길
2016,3,A,골목상권,1000977,2155,1081,1074,307,321,325,347,400,455,167,157,172,184,197,204,140,164,153,163,203,251,991,132,859,명일로13길
2016,3,A,골목상권,1000976,3212,1649,1563,523,476,366,514,638,695,275,257,202,271,329,315,248,219,164,243,309,380,1289,0,1289,동남로85길
2016,3,A,골목상권,1000975,1947,1032,915,289,266,208,324,408,452,158,147,119,178,218,212,131,119,89,146,190,240,887,0,887,동남로82길
2016,3,A,골목상권,1000974,2857,1418,1439,593,392,304,555,489,524,321,210,166,255,240,226,272,182,138,300,249,298,1114,0,1114,동남로65길
2016,3,A,골목상권,1000973,4374,2298,2076,600,526,660,770,863,955,319,275,375,414,454,461,281,251,285,356,409,494,2149,120,2029,구천면로42길
2016,3,A,골목상권,1000972,5304,2693,2611,772,678,915,850,961,1128,426,357,493,442,462,513,346,321,422,408,499,615,2285,333,1952,구천면로41길
2016,3,A,골목상권,1000971,2634,1360,1274,352,377,371,406,528,600,185,191,208,212,280,284,167,186,163,194,248,316,1182,0,1182,구천면로36길
2016,3,A,골목상권,1000970,1001,516,485,177,140,123,149,188,224,94,74,71,74,93,110,83,66,52,75,95,114,389,0,389,고덕로61길
2016,3,A,골목상권,1000969,1569,780,789,313,197,254,256,237,312,152,104,128,130,116,150,161,93,126,126,121,162,565,181,384,고덕로25길
2016,3,A,골목상권,1000968,2192,1081,1111,369,298,433,372,344,376,193,145,215,194,153,181,176,153,218,178,191,195,994,70,924,고덕로10길
2016,3,A,골목상권,1000967,3214,1628,1586,606,437,536,561,525,549,344,252,266,278,245,243,262,185,270,283,280,306,1233,239,994,강동대로53길
2016,3,A,골목상권,1000966,1979,948,1031,235,255,290,301,359,539,119,127,145,161,163,233,116,128,145,140,196,306,898,0,898,풍성로25길
2016,3,A,골목상권,1000965,2517,1260,1257,487,416,343,437,425,409,253,218,185,215,198,191,234,198,158,222,227,218,927,135,792,오금로46길
2016,3,A,골목상권,1000964,2727,1337,1390,419,486,493,440,463,426,207,245,260,209,214,202,212,241,233,231,249,224,1145,58,1087,오금로36길
2016,3,A,골목상권,1000963,4561,2211,2350,533,717,1105,674,732,800,276,344,588,328,316,359,257,373,517,346,416,441,2236,19,2217,오금로11길
2016,3,A,골목상권,1000962,2176,1073,1103,307,405,254,328,436,446,160,221,132,138,214,208,147,184,122,190,222,238,829,270,559,양재대로72길
2016,3,A,골목상권,1000961,1430,678,752,241,221,229,225,241,273,120,111,104,109,103,131,121,110,125,116,138,142,559,35,524,양재대로71길
2016,3,A,골목상권,1000960,2438,1262,1176,390,366,441,395,440,406,203,189,239,209,225,197,187,177,202,186,215,209,1017,15,1002,양재대로64길
2016,3,A,골목상권,1000959,1480,742,738,234,189,312,267,228,250,116,91,165,143,117,110,118,98,147,124,111,140,654,246,408,양재대로62길
2016,3,A,골목상권,1000958,2336,1213,1123,275,367,368,396,494,436,155,192,191,203,247,225,120,175,177,193,247,211,1115,0,1115,송파대로30길
2016,3,A,골목상권,1000957,2967,1452,1515,480,464,554,468,524,477,251,224,274,239,237,227,229,240,280,229,287,250,1179,310,869,송이로36길
2016,3,A,골목상권,1000956,4801,2317,2484,761,809,907,780,829,715,364,402,475,361,390,325,397,407,432,419,439,390,1996,263,1733,송이로32길
2016,3,A,골목상권,1000955,4516,2273,2243,694,752,893,712,739,726,384,374,458,353,356,348,310,378,435,359,383,378,1907,157,1750,송이로23길
2016,3,A,골목상권,1000954,5980,2832,3148,736,1073,1455,914,900,902,385,504,697,428,418,400,351,569,758,486,482,502,3073,15,3058,삼전로13길
2016,3,A,골목상권,1000953,8088,3918,4170,1271,1269,1526,1245,1341,1436,686,617,755,596,606,658,585,652,771,649,735,778,3300,89,3211,백제고분로50길
2016,3,A,골목상권,1000952,3040,1470,1570,480,470,646,488,476,480,245,230,325,231,225,214,235,240,321,257,251,266,1297,31,1266,백제고분로46길
2016,3,A,골목상권,1000951,4463,2146,2317,631,736,1066,669,656,705,321,338,507,330,314,336,310,398,559,339,342,369,1989,141,1848,백제고분로45길
2016,3,A,골목상권,1000950,3846,1853,1993,477,667,908,603,587,604,242,292,467,287,282,283,235,375,441,316,305,321,1861,10,1851,백제고분로42길
2016,3,A,골목상권,1000949,3086,1444,1642,389,513,758,453,443,530,214,209,370,208,193,250,175,304,388,245,250,280,1493,0,1493,백제고분로39길
2016,3,A,골목상권,1000948,7411,3646,3765,1077,1118,1648,1226,1125,1217,558,573,831,615,527,542,519,545,817,611,598,675,3345,52,3293,백제고분로34길
2016,3,A,골목상권,1000947,5732,2707,3025,690,981,1518,870,775,898,345,437,749,434,359,383,345,544,769,436,416,515,2871,9,2862,백제고분로33길
2016,3,A,골목상권,1000946,6085,2952,3133,974,949,1334,1014,905,909,534,466,653,492,411,396,440,483,681,522,494,513,2655,57,2598,백제고분로32길
2016,3,A,골목상권,1000945,5905,2703,3202,872,931,1337,985,837,943,435,415,611,464,375,403,437,516,726,521,462,540,2748,7,2741,백제고분로31길
2016,3,A,골목상권,1000944,6465,3094,3371,961,1031,1485,1139,943,906,479,480,730,539,439,427,482,551,755,600,504,479,2980,14,2966,백제고분로22길
2016,3,A,골목상권,1000943,2237,1077,1160,264,342,571,386,351,323,139,150,278,198,172,140,125,192,293,188,179,183,1156,0,1156,백제고분로21길
2016,3,A,골목상권,1000942,4073,2052,2021,592,468,545,676,750,1042,301,230,296,361,383,481,291,238,249,315,367,561,1882,117,1765,마천로51길
2016,3,A,골목상권,1000941,3230,1544,1686,607,484,526,590,513,510,306,228,258,274,251,227,301,256,268,316,262,283,1160,371,789,동남로20길
2016,3,A,골목상권,1000940,3249,1673,1576,431,384,396,555,646,837,224,225,207,305,339,373,207,159,189,250,307,464,1540,0,1540,거마로20길
2016,3,A,골목상권,1000939,2433,1161,1272,545,297,481,517,302,291,310,142,194,237,146,132,235,155,287,280,156,159,946,661,285,학동로77길
2016,3,A,골목상권,1000938,1651,732,919,128,348,491,262,160,262,66,140,222,116,75,113,62,208,269,146,85,149,1016,0,1016,학동로6길
2016,3,A,골목상권,1000937,422,215,207,100,47,51,79,43,102,54,29,27,33,25,47,46,18,24,46,18,55,133,131,2,학동로56길
2016,3,A,골목상권,1000936,1550,710,840,167,284,432,253,172,242,77,119,212,129,76,97,90,165,220,124,96,145,821,108,713,학동로38길
2016,3,A,골목상권,1000935,440,206,234,37,71,87,73,62,110,21,36,41,33,29,46,16,35,46,40,33,64,230,0,230,테헤란로81길
2016,3,A,골목상권,1000934,3414,1662,1752,570,635,582,517,546,564,315,300,282,251,257,257,255,335,300,266,289,307,1465,0,1465,일원로9길
2016,3,A,골목상권,1000933,2398,1201,1197,441,387,398,367,393,412,251,206,197,177,182,188,190,181,201,190,211,224,975,81,894,일원로3길
2016,3,A,골목상권,1000932,2501,1253,1248,408,333,299,458,440,563,244,184,149,203,224,249,164,149,150,255,216,314,1109,0,1109,영동대로65길
2016,3,A,골목상권,1000931,2777,1355,1422,484,429,483,494,415,472,271,233,212,226,189,224,213,196,271,268,226,248,1051,523,528,영동대로112길
2016,3,A,골목상권,1000930,3621,1780,1841,400,648,1014,651,467,441,197,281,498,364,240,200,203,367,516,287,227,241,2084,242,1842,언주로81길
2016,3,A,골목상권,1000929,1077,489,588,162,180,265,180,126,164,85,88,96,87,60,73,77,92,169,93,66,91,546,61,485,압구정로2길
2016,3,A,골목상권,1000928,1758,878,880,289,258,263,264,337,347,153,150,125,128,168,154,136,108,138,136,169,193,747,24,723,선릉로18길
2016,3,A,골목상권,1000927,2239,1041,1198,302,393,496,408,284,356,160,151,235,209,132,154,142,242,261,199,152,202,1153,0,1153,선릉로146길
2016,3,A,골목상권,1000926,1597,727,870,211,285,374,260,187,280,116,108,173,118,87,125,95,177,201,142,100,155,791,113,678,선릉로133길
2016,3,A,골목상권,1000925,2398,1103,1295,485,326,460,447,306,374,252,142,175,222,150,162,233,184,285,225,156,212,955,229,726,선릉로132길
2016,3,A,골목상권,1000924,833,386,447,84,140,217,151,99,142,40,71,89,80,42,64,44,69,128,71,57,78,434,0,434,선릉로121길
2016,3,A,골목상권,1000923,2503,1220,1283,428,413,471,490,333,368,256,211,212,205,165,171,172,202,259,285,168,197,1134,251,883,삼성로75길
2016,3,A,골목상권,1000922,3437,1667,1770,655,620,568,701,508,385,372,308,270,294,271,152,283,312,298,407,237,233,1497,11,1486,삼성로69길
2016,3,A,골목상권,1000921,3095,1630,1465,835,429,225,795,515,296,537,241,99,343,284,126,298,188,126,452,231,170,990,714,276,삼성로64길
2016,3,A,골목상권,1000920,4265,2033,2232,779,740,635,906,713,492,429,355,277,396,358,218,350,385,358,510,355,274,1973,53,1920,삼성로63길
2016,3,A,골목상권,1000919,1769,916,853,535,226,112,452,305,139,328,112,48,184,179,65,207,114,64,268,126,74,539,447,92,삼성로57길
2016,3,A,골목상권,1000918,1281,578,703,177,227,254,214,179,230,87,98,113,98,85,97,90,129,141,116,94,133,635,29,606,삼성로147길
2016,3,A,골목상권,1000917,2869,1346,1523,530,397,646,542,337,417,302,195,267,242,157,183,228,202,379,300,180,234,1302,138,1164,삼성로115길
2016,3,A,골목상권,1000916,1567,718,849,183,243,487,262,147,245,92,106,210,132,75,103,91,137,277,130,72,142,898,0,898,봉은사로68길
2016,3,A,골목상권,1000915,564,272,292,96,93,101,121,77,76,54,45,51,52,37,33,42,48,50,69,40,43,240,0,240,봉은사로57길
2016,3,A,골목상권,1000914,3317,1587,1730,580,491,733,607,383,523,317,227,330,282,197,234,263,264,403,325,186,289,1461,349,1112,봉은사로43길
2016,3,A,골목상권,1000913,1277,591,686,117,264,365,212,154,165,53,120,159,113,66,80,64,144,206,99,88,85,753,0,753,봉은사로29길
2016,3,A,골목상권,1000912,2250,1097,1153,432,311,373,384,351,399,231,147,187,170,167,195,201,164,186,214,184,204,812,140,672,봉은사로109길
2016,3,A,골목상권,1000911,564,269,295,68,105,116,86,88,101,39,41,62,37,40,50,29,64,54,49,48,51,270,0,270,도산대로89길
2016,3,A,골목상권,1000910,488,228,260,90,56,69,90,51,132,47,24,29,33,29,66,43,32,40,57,22,66,192,0,192,도산대로81길
2016,3,A,골목상권,1000909,2395,1112,1283,353,344,516,370,298,514,179,162,219,189,137,226,174,182,297,181,161,288,1039,452,587,도산대로50길
2016,3,A,골목상권,1000908,1061,456,605,92,204,347,159,112,147,45,75,151,81,41,63,47,129,196,78,71,84,649,0,649,도산대로38길
2016,3,A,골목상권,1000907,877,410,467,83,156,225,154,96,163,43,62,113,78,42,72,40,94,112,76,54,91,467,0,467,도산대로30길
2016,3,A,골목상권,1000906,1408,617,791,173,300,341,216,189,189,79,127,153,92,76,90,94,173,188,124,113,99,755,0,755,도산대로23길
2016,3,A,골목상권,1000905,879,395,484,120,154,226,142,107,130,59,59,101,64,52,60,61,95,125,78,55,70,444,0,444,도산대로15길
2016,3,A,골목상권,1000904,6028,2778,3250,785,944,1515,1029,766,989,400,407,685,494,357,435,385,537,830,535,409,554,3084,67,3017,도곡로37길
2016,3,A,골목상권,1000903,3571,1778,1793,648,527,679,664,532,521,329,273,370,315,271,220,319,254,309,349,261,301,1537,20,1517,논현로8길
2016,3,A,골목상권,1000902,2740,1300,1440,368,447,680,442,367,436,197,195,311,222,164,211,171,252,369,220,203,225,1310,262,1048,논현로63길
2016,3,A,골목상권,1000901,79,47,32,10,10,11,11,12,25,6,9,5,6,6,15,4,1,6,5,6,10,37,0,37,논현로28길
2016,3,A,골목상권,1000900,1279,596,683,135,218,230,219,201,276,73,88,105,110,89,131,62,130,125,109,112,145,654,9,645,논현로26길
2016,3,A,골목상권,1000899,508,229,279,59,92,117,82,70,88,33,40,55,33,28,40,26,52,62,49,42,48,256,0,256,논현로159길
2016,3,A,골목상권,1000898,1492,713,779,179,223,370,236,197,287,91,103,177,118,89,135,88,120,193,118,108,152,738,4,734,논현로139길
2016,3,A,골목상권,1000897,2182,1021,1161,114,378,613,461,296,320,59,169,262,241,159,131,55,209,351,220,137,189,1550,0,1550,논현로123길
2016,3,A,골목상권,1000896,3484,1674,1810,297,692,1039,542,419,495,145,313,495,297,197,227,152,379,544,245,222,268,1998,73,1925,논현로115길
2016,3,A,골목상권,1000895,1508,745,763,282,200,260,330,224,212,144,94,145,144,119,99,138,106,115,186,105,113,633,8,625,논현로10길
2016,3,A,골목상권,1000894,2077,870,1207,156,370,773,300,205,273,71,137,298,154,89,121,85,233,475,146,116,152,1347,13,1334,논현로106길
2016,3,A,골목상권,1000893,2477,1192,1285,469,353,372,461,417,405,237,172,178,215,207,183,232,181,194,246,210,222,951,680,271,남부순환로365길
2016,3,A,골목상권,1000892,32,23,9,2,3,6,6,9,6,1,1,5,4,7,5,1,2,1,2,2,1,26,0,26,개포로82길
2016,3,A,골목상권,1000891,1982,958,1024,423,270,333,398,295,263,204,139,165,185,147,118,219,131,168,213,148,145,773,27,746,개포로28길
2016,3,A,골목상권,1000890,2384,1156,1228,352,441,429,427,420,315,173,224,214,205,202,138,179,217,215,222,218,177,1056,15,1041,개포로20길
2016,3,A,골목상권,1000889,3672,1815,1857,659,485,682,669,603,574,350,255,333,311,299,267,309,230,349,358,304,307,1582,86,1496,개포로17길
2016,3,A,골목상권,1000888,1874,849,1025,193,321,471,272,299,318,96,141,216,128,122,146,97,180,255,144,177,172,953,660,293,강남대로140길
2016,3,A,골목상권,1000887,1284,581,703,150,184,282,208,180,280,79,83,110,97,75,137,71,101,172,111,105,143,578,0,578,강남대로136길
2016,3,A,골목상권,1000886,1506,654,852,125,327,465,235,157,197,61,129,192,119,67,86,64,198,273,116,90,111,926,17,909,강남대로118길
2016,3,A,골목상권,1000885,2166,1060,1106,360,338,381,360,318,409,175,172,189,177,151,196,185,166,192,183,167,213,930,151,779,서초중앙로8길
2016,3,A,골목상권,1000884,2212,1014,1198,428,320,322,432,364,346,191,135,144,200,179,165,237,185,178,232,185,181,884,156,728,방배중앙로21길
2016,3,A,골목상권,1000883,2200,1103,1097,445,253,485,401,306,310,231,132,233,213,141,153,214,121,252,188,165,157,932,249,683,효령로72길
2016,3,A,골목상권,1000882,1546,761,785,238,163,297,276,232,340,130,86,145,135,116,149,108,77,152,141,116,191,711,305,406,효령로34길
2016,3,A,골목상권,1000881,1874,867,1007,268,250,441,327,218,370,145,105,208,157,92,160,123,145,233,170,126,210,909,18,891,효령로31길
2016,3,A,골목상권,1000880,4408,2070,2338,713,717,866,736,646,730,385,334,389,331,295,336,328,383,477,405,351,394,1858,285,1573,효령로23길
2016,3,A,골목상권,1000879,3912,1882,2030,610,571,701,656,561,813,323,268,351,308,261,371,287,303,350,348,300,442,1728,95,1633,청두곶길
2016,3,A,골목상권,1000878,3632,1749,1883,218,809,1106,586,437,476,115,342,529,324,218,221,103,467,577,262,219,255,2424,12,2412,주흥길
2016,3,A,골목상권,1000877,2480,1177,1303,181,469,722,403,297,408,89,198,341,225,155,169,92,271,381,178,142,239,1556,52,1504,주흥15길
2016,3,A,골목상권,1000876,2128,1076,1052,325,310,468,393,309,323,174,154,234,219,158,137,151,156,234,174,151,186,978,15,963,언남길
2016,3,A,골목상권,1000875,2838,1348,1490,351,459,662,480,385,501,188,193,309,234,181,243,163,266,353,246,204,258,1414,98,1316,신반포로45길
2016,3,A,골목상권,1000874,4309,2078,2231,597,664,683,649,710,1006,308,344,345,314,309,458,289,320,338,335,401,548,1700,0,1700,서초대로8길
2016,3,A,골목상권,1000873,1416,699,717,326,184,246,266,210,184,188,87,109,131,97,87,138,97,137,135,113,97,477,378,99,서초대로64길
2016,3,A,골목상권,1000872,3334,1564,1770,573,528,584,566,483,600,284,237,291,267,214,271,289,291,293,299,269,329,1335,126,1209,서초대로4길
2016,3,A,골목상권,1000871,1169,555,614,206,168,223,196,168,208,119,78,99,90,75,94,87,90,124,106,93,114,500,0,500,서초대로25길
2016,3,A,골목상권,1000870,2743,1302,1441,406,373,525,477,418,544,213,173,251,221,208,236,193,200,274,256,210,308,1259,304,955,서초대로23길
2016,3,A,골목상권,1000869,3852,1751,2101,655,578,813,646,516,644,307,259,348,306,255,276,348,319,465,340,261,368,1684,22,1662,서초대로15길
2016,3,A,골목상권,1000868,1227,558,669,69,302,333,183,162,178,38,124,150,97,70,79,31,178,183,86,92,99,807,0,807,사평대로57길
2016,3,A,골목상권,1000867,235,97,138,39,33,37,32,31,63,18,12,15,14,8,30,21,21,22,18,23,33,101,0,101,사평대로26길
2016,3,A,골목상권,1000866,1662,770,892,332,206,317,299,247,261,171,102,134,134,109,120,161,104,183,165,138,141,632,27,605,사평대로22길
2016,3,A,골목상권,1000865,1097,511,586,159,188,233,162,160,195,76,100,110,76,66,83,83,88,123,86,94,112,528,91,437,사임당로17길
2016,3,A,골목상권,1000864,1001,453,548,232,124,180,186,125,154,106,52,85,90,56,64,126,72,95,96,69,90,382,0,382,방배로42길
2016,3,A,골목상권,1000863,1894,896,998,377,262,253,379,297,326,184,122,118,173,150,149,193,140,135,206,147,177,733,8,725,방배로35길
2016,3,A,골목상권,1000862,1511,711,800,205,247,377,236,182,264,109,109,185,112,83,113,96,138,192,124,99,151,733,14,719,방배로18길
2016,3,A,골목상권,1000861,1742,849,893,297,270,245,330,280,320,164,140,127,146,132,140,133,130,118,184,148,180,688,10,678,반포대로9길
2016,3,A,골목상권,1000860,1681,791,890,241,283,359,235,245,318,130,124,175,115,112,135,111,159,184,120,133,183,747,90,657,바우뫼로39길
2016,3,A,골목상권,1000859,1582,794,788,235,229,368,262,203,285,118,117,192,136,95,136,117,112,176,126,108,149,706,62,644,마방로2길
2016,3,A,골목상권,1000858,1227,562,665,160,231,282,170,181,203,89,97,121,86,79,90,71,134,161,84,102,113,578,0,578,방배천로4안길
2016,3,A,골목상권,1000857,2031,1027,1004,295,313,484,397,274,268,151,169,253,204,135,115,144,144,231,193,139,153,953,33,920,동산로19길
2016,3,A,골목상권,1000856,3408,1688,1720,556,521,666,616,483,566,298,256,350,306,227,251,258,265,316,310,256,315,1477,41,1436,동산로10길
2016,3,A,골목상권,1000855,1413,633,780,258,182,248,256,210,259,131,73,107,112,106,104,127,109,141,144,104,155,625,8,617,동광로39길
2016,3,A,골목상권,1000854,3439,1601,1838,635,493,607,697,523,484,311,217,315,307,259,192,324,276,292,390,264,292,1432,30,1402,동광로1길
2016,3,A,골목상권,1000853,1441,640,801,304,204,208,266,223,236,127,86,96,118,109,104,177,118,112,148,114,132,548,13,535,동광로12길
2016,3,A,골목상권,1000852,1936,941,995,208,285,488,344,268,343,118,141,241,172,118,151,90,144,247,172,150,192,1059,154,905,논현로27길
2016,3,A,골목상권,1000851,3175,1553,1622,545,482,669,576,502,401,276,236,338,293,234,176,269,246,331,283,268,225,1367,92,1275,논현로1길
2016,3,A,골목상권,1000850,1500,737,763,265,219,320,276,184,236,131,112,169,132,84,109,134,107,151,144,100,127,682,80,602,남부순환로339길
2016,3,A,골목상권,1000849,2534,1228,1306,401,385,376,429,423,520,200,184,183,207,207,247,201,201,193,222,216,273,1068,237,831,남부순환로325길
2016,3,A,골목상권,1000848,1487,730,757,290,248,220,270,227,232,166,131,99,124,111,99,124,117,121,146,116,133,553,126,427,남부순환로317길
2016,3,A,골목상권,1000847,1272,607,665,254,145,228,223,182,240,132,68,106,114,77,110,122,77,122,109,105,130,479,196,283,고무래로8길
2016,3,A,골목상권,1000846,3666,1807,1859,491,655,845,584,549,542,253,290,455,295,271,243,238,365,390,289,278,299,1851,56,1795,강남대로8길
2016,3,A,골목상권,1000845,2686,1256,1430,306,455,710,371,362,482,150,205,362,174,161,204,156,250,348,197,201,278,1339,105,1234,강남대로34길
2016,3,A,골목상권,1000844,960,470,490,116,148,213,138,139,206,64,64,101,73,62,106,52,84,112,65,77,100,458,26,432,강남대로23길
2016,3,A,골목상권,1000843,882,488,394,57,52,108,187,185,293,38,23,51,122,111,143,19,29,57,65,74,150,633,0,633,소담길
2016,3,A,골목상권,1000842,1440,720,720,171,185,214,202,265,403,93,83,129,104,138,173,78,102,85,98,127,230,672,134,538,원신길
2016,3,A,골목상권,1000841,1949,993,956,235,220,240,312,345,597,113,123,133,191,176,257,122,97,107,121,169,340,945,0,945,양지길
2016,3,A,골목상권,1000840,1666,845,821,172,269,359,259,229,378,97,142,210,136,101,159,75,127,149,123,128,219,912,279,633,양산길
2016,3,A,골목상권,1000839,2424,1549,875,99,671,665,425,216,348,53,403,472,318,141,162,46,268,193,107,75,186,1959,0,1959,호암로24길
2016,3,A,골목상권,1000838,2834,1816,1018,156,760,741,471,308,398,92,478,517,356,181,192,64,282,224,115,127,206,2001,0,2001,호암로20길
2016,3,A,골목상권,1000837,4951,2467,2484,386,1488,1372,560,450,695,200,669,769,305,202,322,186,819,603,255,248,373,3240,0,3240,행운길
2016,3,A,골목상권,1000836,3232,1668,1564,329,581,558,459,506,799,173,307,304,246,259,379,156,274,254,213,247,420,1779,21,1758,행운1길
2016,3,A,골목상권,1000835,2729,1363,1366,388,314,473,417,423,714,201,161,250,243,207,301,187,153,223,174,216,413,1261,0,1261,청림3길
2016,3,A,골목상권,1000834,3411,1639,1772,229,1101,783,397,366,535,117,467,417,210,177,251,112,634,366,187,189,284,2299,48,2251,청룡길
2016,3,A,골목상권,1000833,1870,897,973,250,352,378,269,233,388,130,156,197,136,108,170,120,196,181,133,125,218,985,0,985,청룡8길
2016,3,A,골목상권,1000832,3108,1523,1585,379,597,553,463,422,694,181,288,299,256,211,288,198,309,254,207,211,406,1595,48,1547,중앙길
2016,3,A,골목상권,1000831,4423,2254,2169,542,689,753,708,791,940,278,335,429,383,400,429,264,354,324,325,391,511,2305,50,2255,조원중앙로2길
2016,3,A,골목상권,1000830,1882,950,932,186,486,468,241,206,295,99,223,269,126,98,135,87,263,199,115,108,160,1161,0,1161,조원로18길
2016,3,A,골목상권,1000829,1805,929,876,165,292,382,258,318,390,86,155,201,133,166,188,79,137,181,125,152,202,988,148,840,조원로10길
2016,3,A,골목상권,1000828,1773,860,913,174,381,404,205,240,369,93,174,216,111,104,162,81,207,188,94,136,207,1019,0,1019,장군봉2길
2016,3,A,골목상권,1000827,776,375,401,79,105,117,113,126,236,42,45,61,66,62,99,37,60,56,47,64,137,465,0,465,장군봉1길
2016,3,A,골목상권,1000826,2994,1463,1531,406,419,634,479,396,660,219,202,320,236,182,304,187,217,314,243,214,356,1312,18,1294,인헌길
2016,3,A,골목상권,1000825,1462,712,750,281,170,280,231,212,288,134,100,140,120,103,115,147,70,140,111,109,173,562,14,548,은천로25길
2016,3,A,골목상권,1000824,4435,2209,2226,436,936,881,572,644,966,214,448,481,306,317,443,222,488,400,266,327,523,2441,90,2351,양녕로6길
2016,3,A,골목상권,1000823,2729,1362,1367,214,543,489,363,432,688,100,275,270,210,214,293,114,268,219,153,218,395,1576,0,1576,신원로3길
2016,3,A,골목상권,1000822,1899,973,926,176,413,410,297,247,356,96,215,218,149,125,170,80,198,192,148,122,186,1105,0,1105,신사로20길
2016,3,A,골목상권,1000821,1977,952,1025,83,750,564,215,181,184,43,320,305,112,86,86,40,430,259,103,95,98,1534,23,1511,신림로65길
2016,3,A,골목상권,1000820,1483,798,685,51,528,420,183,137,164,30,230,242,116,93,87,21,298,178,67,44,77,1193,0,1193,신림로64길
2016,3,A,골목상권,1000819,2166,1126,1040,192,465,485,291,342,391,102,249,286,167,147,175,90,216,199,124,195,216,1142,0,1142,신림로48길
2016,3,A,골목상권,1000818,2119,1083,1036,231,442,460,301,286,399,129,223,251,168,127,185,102,219,209,133,159,214,1144,0,1144,신림로38길
2016,3,A,골목상권,1000817,3021,1780,1241,257,784,724,459,374,423,134,458,488,291,204,205,123,326,236,168,170,218,1983,43,1940,신림로28길
2016,3,A,골목상권,1000816,4682,2839,1843,378,1190,1075,744,584,711,180,746,725,508,347,333,198,444,350,236,237,378,3101,109,2992,신림로11길
2016,3,A,골목상권,1000815,4074,2067,2007,162,1421,1201,479,333,478,85,642,695,268,173,204,77,779,506,211,160,274,3154,0,3154,신림동길
2016,3,A,골목상권,1000814,2778,1325,1453,219,743,726,301,351,438,111,302,391,144,159,218,108,441,335,157,192,220,1583,95,1488,승방길
2016,3,A,골목상권,1000813,4141,2715,1426,232,1503,1087,524,329,466,129,997,785,397,181,226,103,506,302,127,148,240,3121,0,3121,서림7길
2016,3,A,골목상권,1000812,3915,1965,1950,479,616,772,584,548,916,264,304,394,320,258,425,215,312,378,264,290,491,1970,452,1518,봉천로33길
2016,3,A,골목상권,1000811,3818,1912,1906,587,562,657,588,582,842,323,282,351,301,277,378,264,280,306,287,305,464,1672,20,1652,봉천로13길
2016,3,A,골목상권,1000810,4323,2321,2002,464,954,945,622,560,778,235,522,564,366,282,352,229,432,381,256,278,426,2394,0,2394,복은길
2016,3,A,골목상권,1000809,1447,712,735,222,217,213,239,254,302,108,100,121,117,125,141,114,117,92,122,129,161,609,0,609,법원단지길
2016,3,A,골목상권,1000808,5523,2783,2740,929,811,792,959,941,1091,497,448,413,477,444,504,432,363,379,482,497,587,2141,18,2123,법원단지9길
2016,3,A,골목상권,1000807,4976,2521,2455,792,771,738,829,849,997,415,393,408,408,427,470,377,378,330,421,422,527,2035,553,1482,미성5길
2016,3,A,골목상권,1000806,1770,1079,691,111,501,428,269,171,290,53,309,283,202,106,126,58,192,145,67,65,164,1261,0,1261,대학길
2016,3,A,골목상권,1000805,2985,2061,924,187,847,634,567,367,383,104,577,469,454,262,195,83,270,165,113,105,188,2266,15,2251,대학14길
2016,3,A,골목상권,1000804,1895,935,960,223,314,351,318,277,412,110,160,174,164,137,190,113,154,177,154,140,222,983,0,983,당곡길
2016,3,A,골목상권,1000803,2003,948,1055,255,389,425,274,263,397,133,173,199,138,120,185,122,216,226,136,143,212,938,198,740,남현길
2016,3,A,골목상권,1000802,1185,525,660,96,328,326,119,121,195,43,132,154,55,56,85,53,196,172,64,65,110,689,29,660,남현3길
2016,3,A,골목상권,1000801,2729,1321,1408,256,580,631,341,398,523,131,261,335,186,175,233,125,319,296,155,223,290,1428,19,1409,남현2길
2016,3,A,골목상권,1000800,1428,662,766,149,287,293,196,189,314,78,127,134,95,88,140,71,160,159,101,101,174,734,39,695,남부순환로248길
2016,3,A,골목상권,1000799,2010,1061,949,167,511,475,264,220,373,73,288,275,137,108,180,94,223,200,127,112,193,1276,23,1253,남부순환로234길
2016,3,A,골목상권,1000798,2468,1268,1200,302,471,440,403,364,488,155,260,255,183,179,236,147,211,185,220,185,252,1271,19,1252,남부순환로172길
2016,3,A,골목상권,1000797,4016,2035,1981,564,722,690,698,644,698,296,361,390,330,339,319,268,361,300,368,305,379,1959,9,1950,남부순환로161길
2016,3,A,골목상권,1000796,3479,1736,1743,421,739,679,538,537,565,226,358,365,267,254,266,195,381,314,271,283,299,1791,16,1775,남부순환로151길
2016,3,A,골목상권,1000795,3374,1675,1699,431,587,633,521,538,664,211,289,341,269,272,293,220,298,292,252,266,371,1695,28,1667,남부순환로142길
2016,3,A,골목상권,1000794,2692,1392,1300,343,320,311,475,432,811,174,170,184,260,228,376,169,150,127,215,204,435,1323,0,1323,난향길
2016,3,A,골목상권,1000793,2504,1254,1250,421,329,378,433,408,535,210,172,209,207,214,242,211,157,169,226,194,293,1028,11,1017,난우길
2016,3,A,골목상권,1000792,1850,878,972,189,419,378,279,230,355,111,178,184,140,111,154,78,241,194,139,119,201,1092,0,1092,난곡로74길
2016,3,A,골목상권,1000791,2657,1359,1298,380,418,376,439,520,524,204,214,208,235,257,241,176,204,168,204,263,283,1128,0,1128,난곡로34길
2016,3,A,골목상권,1000790,3588,1835,1753,477,526,479,605,648,853,251,267,286,312,347,372,226,259,193,293,301,481,1701,0,1701,난곡로26길
2016,3,A,골목상권,1000789,2636,1380,1256,360,313,371,429,461,702,191,178,215,234,234,328,169,135,156,195,227,374,1205,0,1205,난곡로24길
2016,3,A,골목상권,1000788,5208,2623,2585,553,1480,1316,654,460,745,265,723,719,355,231,330,288,757,597,299,229,415,3251,0,3251,낙성대역길
2016,3,A,골목상권,1000787,5536,2728,2808,895,728,981,939,850,1143,432,371,522,495,382,526,463,357,459,444,468,617,2274,30,2244,국회단지길
2016,3,A,골목상권,1000786,6420,3121,3299,1061,1091,1062,1042,902,1262,543,513,540,525,454,546,518,578,522,517,448,716,3063,30,3033,구암길
2016,3,A,골목상권,1000785,4343,2167,2176,437,966,1044,573,520,803,211,477,582,303,245,349,226,489,462,270,275,454,2452,161,2291,관천로22길
2016,3,A,골목상권,1000784,4695,2368,2327,688,792,873,796,697,849,360,411,479,394,332,392,328,381,394,402,365,457,2232,10,2222,관천로15길
2016,3,A,골목상권,1000783,2775,1381,1394,465,388,455,439,418,610,228,207,230,231,204,281,237,181,225,208,214,329,1023,740,283,관악로30길
2016,3,A,골목상권,1000782,2189,1073,1116,331,311,367,336,352,492,164,158,179,177,162,233,167,153,188,159,190,259,810,580,230,관악로28길
2016,3,A,골목상권,1000781,1310,621,689,102,464,228,144,132,240,47,218,117,71,64,104,55,246,111,73,68,136,886,43,843,관악로14길
2016,3,A,골목상권,1000780,4446,2260,2186,527,1137,937,624,502,719,271,565,534,332,242,316,256,572,403,292,260,403,2500,183,2317,관악로10길
2016,3,A,골목상권,1000779,1932,989,943,196,562,299,244,240,391,100,329,161,122,109,168,96,233,138,122,131,223,1077,5,1072,흑석로9길
2016,3,A,골목상권,1000778,633,340,293,82,122,97,95,92,145,44,75,55,56,43,67,38,47,42,39,49,78,317,1,316,흑석로13길
2016,3,A,골목상권,1000777,2498,1291,1207,221,474,415,340,417,631,128,253,229,187,215,279,93,221,186,153,202,352,1368,0,1368,장승배기로27길
2016,3,A,골목상권,1000776,2639,1334,1305,246,408,364,382,526,713,130,218,201,203,271,311,116,190,163,179,255,402,1360,0,1360,장승배기로19길
2016,3,A,골목상권,1000775,302,149,153,36,48,43,44,51,80,18,27,21,21,24,38,18,21,22,23,27,42,164,21,143,장승배기로10길
2016,3,A,골목상권,1000774,2488,1156,1332,635,371,292,551,357,282,280,158,131,263,196,128,355,213,161,288,161,154,912,171,741,여의대방로46길
2016,3,A,골목상권,1000773,2798,1356,1442,422,445,546,455,414,516,214,188,265,223,220,246,208,257,281,232,194,270,1373,236,1137,여의대방로24길
2016,3,A,골목상권,1000772,3072,1544,1528,409,586,593,480,433,571,222,283,319,232,217,271,187,303,274,248,216,300,1488,0,1488,여의대방로22카길
2016,3,A,골목상권,1000771,2690,1315,1375,455,345,492,460,390,548,234,160,253,245,188,235,221,185,239,215,202,313,1158,215,943,여의대방로22나길
2016,3,A,골목상권,1000770,2390,1200,1190,341,409,493,375,336,436,190,199,262,194,159,196,151,210,231,181,177,240,1148,181,967,여의대방로22길
2016,3,A,골목상권,1000769,1858,908,950,323,259,340,293,291,352,169,120,171,152,138,158,154,139,169,141,153,194,720,194,526,양녕로26길
2016,3,A,골목상권,1000768,4081,1982,2099,478,611,625,685,711,971,246,299,339,322,351,425,232,312,286,363,360,546,2225,0,2225,신대방길
2016,3,A,골목상권,1000767,2123,1027,1096,317,291,355,371,337,452,159,159,180,184,166,179,158,132,175,187,171,273,925,0,925,성대로29길
2016,3,A,골목상권,1000766,1075,556,519,108,204,214,158,171,220,61,104,109,86,94,102,47,100,105,72,77,118,611,0,611,성대로1길
2016,3,A,골목상권,1000765,450,217,233,40,72,58,56,85,139,15,40,27,33,44,58,25,32,31,23,41,81,235,0,235,서달로8가길
2016,3,A,골목상권,1000764,387,186,201,39,45,69,42,66,126,21,21,34,26,33,51,18,24,35,16,33,75,231,0,231,서달로15길
2016,3,A,골목상권,1000763,261,119,142,38,46,37,37,35,68,17,20,20,16,16,30,21,26,17,21,19,38,133,0,133,서달로14길
2016,3,A,골목상권,1000762,2957,1450,1507,363,437,459,478,490,730,183,241,244,241,243,298,180,196,215,237,247,432,1358,0,1358,서달로10길
2016,3,A,골목상권,1000761,1349,667,682,140,427,295,169,123,195,64,219,154,93,53,84,76,208,141,76,70,111,826,0,826,상도로62길
2016,3,A,골목상권,1000760,2393,1225,1168,276,700,453,274,278,412,136,400,241,135,125,188,140,300,212,139,153,224,1298,372,926,상도로61길
2016,3,A,골목상권,1000759,3653,1882,1771,459,1058,645,415,443,633,238,607,336,208,217,276,221,451,309,207,226,357,1943,74,1869,상도로47길
2016,3,A,골목상권,1000758,1295,621,674,165,346,240,169,152,223,77,169,123,80,71,101,88,177,117,89,81,122,694,0,694,상도로37길
2016,3,A,골목상권,1000757,3946,1922,2024,418,784,879,528,565,772,222,392,447,263,257,341,196,392,432,265,308,431,2036,152,1884,상도로15길
2016,3,A,골목상권,1000756,2645,1283,1362,328,424,556,416,384,537,167,212,277,217,177,233,161,212,279,199,207,304,1238,0,1238,사당로8길
2016,3,A,골목상권,1000755,1032,485,547,85,195,274,151,117,210,49,88,125,86,46,91,36,107,149,65,71,119,588,0,588,사당로30길
2016,3,A,골목상권,1000754,2672,1276,1396,424,391,532,466,333,526,224,161,268,238,147,238,200,230,264,228,186,288,1331,143,1188,사당로2차길
2016,3,A,골목상권,1000753,2664,1289,1375,279,436,530,391,473,555,141,223,255,198,234,238,138,213,275,193,239,317,1366,7,1359,사당로29길
2016,3,A,골목상권,1000752,3016,1449,1567,307,607,709,358,435,600,168,271,366,176,197,271,139,336,343,182,238,329,1514,26,1488,사당로26길
2016,3,A,골목상권,1000751,984,513,471,138,129,162,150,159,246,75,78,92,79,77,112,63,51,70,71,82,134,448,0,448,사당로23나길
2016,3,A,골목상권,1000750,753,357,396,141,96,125,130,117,144,70,43,56,63,57,68,71,53,69,67,60,76,253,221,32,사당로23길
2016,3,A,골목상권,1000749,2750,1302,1448,323,467,542,429,375,614,159,213,277,222,161,270,164,254,265,207,214,344,1334,0,1334,사당로20길
2016,3,A,골목상권,1000748,3144,1509,1635,371,412,581,501,497,782,177,194,317,260,240,321,194,218,264,241,257,461,1504,0,1504,사당로16길
2016,3,A,골목상권,1000747,2196,1050,1146,256,371,434,347,314,474,126,179,208,181,149,207,130,192,226,166,165,267,1042,38,1004,사당로16가길
2016,3,A,골목상권,1000746,3724,1957,1767,568,724,647,508,517,760,307,438,374,259,237,342,261,286,273,249,280,418,1655,624,1031,만양로8길
2016,3,A,골목상권,1000745,979,599,380,50,375,213,91,78,172,31,254,152,58,34,70,19,121,61,33,44,102,720,0,720,만양로14길
2016,3,A,골목상권,1000744,2043,1017,1026,214,386,348,286,347,462,115,203,192,147,171,189,99,183,156,139,176,273,996,161,835,등용로14길
2016,3,A,골목상권,1000743,3388,1625,1763,243,784,805,392,487,677,123,359,402,205,220,316,120,425,403,187,267,361,1923,64,1859,동작대로7길
2016,3,A,골목상권,1000742,2806,1410,1396,351,408,511,418,474,644,191,191,279,229,230,290,160,217,232,189,244,354,1226,22,1204,동작대로35길
2016,3,A,골목상권,1000741,2615,1222,1393,271,407,478,391,424,644,150,196,229,187,179,281,121,211,249,204,245,363,1302,37,1265,동작대로33길
2016,3,A,골목상권,1000740,864,418,446,107,140,144,121,122,230,54,75,68,58,58,105,53,65,76,63,64,125,351,234,117,동작대로29길
2016,3,A,골목상권,1000739,2477,1149,1328,226,425,576,353,356,541,115,162,274,190,162,246,111,263,302,163,194,295,1413,0,1413,동작대로17길
2016,3,A,골목상권,1000738,3382,1568,1814,568,648,603,566,451,546,289,281,276,262,208,252,279,367,327,304,243,294,1456,48,1408,대방동2길
2016,3,A,골목상권,1000737,4044,2014,2030,784,691,643,827,501,598,414,346,323,425,240,266,370,345,320,402,261,332,1776,22,1754,대방동27길
2016,3,A,골목상권,1000736,3444,1773,1671,407,595,472,536,667,767,211,315,281,286,324,356,196,280,191,250,343,411,1603,17,1586,노량진로6길
2016,3,A,골목상권,1000735,3929,1914,2015,558,625,848,573,533,792,287,308,448,291,226,354,271,317,400,282,307,438,1856,14,1842,국사봉길
2016,3,A,골목상권,1000734,1324,632,692,155,246,314,188,178,243,81,110,153,90,91,107,74,136,161,98,87,136,700,0,700,국사봉2길
2016,3,A,골목상권,1000733,3208,1503,1705,361,542,614,510,447,734,186,232,295,247,213,330,175,310,319,263,234,404,1693,43,1650,국사봉1길
2016,3,A,골목상권,1000732,2864,1486,1378,284,402,542,424,525,687,151,216,291,235,266,327,133,186,251,189,259,360,1558,77,1481,영신로9길
2016,3,A,골목상권,1000731,2628,1353,1275,228,507,484,418,399,592,110,228,293,241,212,269,118,279,191,177,187,323,1627,28,1599,영등포로84길
2016,3,A,골목상권,1000730,2223,1127,1096,227,358,383,330,383,542,125,175,221,182,192,232,102,183,162,148,191,310,1203,0,1203,영등포로80길
2016,3,A,골목상권,1000729,1705,917,788,170,286,387,242,236,384,83,153,236,138,121,186,87,133,151,104,115,198,961,20,941,영등포로62길
2016,3,A,골목상권,1000728,1208,705,503,98,220,231,177,205,277,51,114,139,117,136,148,47,106,92,60,69,129,821,0,821,영등포로35길
2016,3,A,골목상권,1000727,1818,1004,814,163,271,370,273,316,425,87,134,233,173,184,193,76,137,137,100,132,232,1074,0,1074,영등포로27길
2016,3,A,골목상권,1000726,1759,886,873,167,318,274,267,309,424,69,153,152,153,163,196,98,165,122,114,146,228,961,0,961,영등포로25길
2016,3,A,골목상권,1000725,2383,1215,1168,270,322,522,373,364,532,136,162,291,209,175,242,134,160,231,164,189,290,1224,373,851,여의대방로61길
2016,3,A,골목상권,1000724,3629,1826,1803,487,545,543,625,678,751,260,279,298,314,339,336,227,266,245,311,339,415,1653,523,1130,여의대방로43나길
2016,3,A,골목상권,1000723,524,246,278,55,69,78,75,105,142,32,28,38,37,48,63,23,41,40,38,57,79,275,0,275,여의대방로39길
2016,3,A,골목상권,1000722,1860,942,918,243,242,265,300,314,496,135,125,146,149,158,229,108,117,119,151,156,267,884,23,861,여의대방로35길
2016,3,A,골목상권,1000721,3722,1905,1817,598,585,891,575,541,532,298,281,484,304,295,243,300,304,407,271,246,289,1547,730,817,양평로28길
2016,3,A,골목상권,1000720,1489,745,744,211,235,462,251,157,173,114,98,249,127,86,71,97,137,213,124,71,102,746,190,556,양평로22라길
2016,3,A,골목상권,1000719,3263,1636,1627,619,447,603,558,483,553,317,233,313,295,237,241,302,214,290,263,246,312,1181,619,562,양평로19길
2016,3,A,골목상권,1000718,3255,1598,1657,367,407,505,489,611,876,176,202,255,253,313,399,191,205,250,236,298,477,1607,0,1607,신길로60길
2016,3,A,골목상권,1000717,2857,1431,1426,360,407,355,468,562,705,182,211,209,235,287,307,178,196,146,233,275,398,1291,80,1211,신길로42길
2016,3,A,골목상권,1000716,4781,2377,2404,640,656,639,838,855,1153,329,343,353,409,437,506,311,313,286,429,418,647,2167,253,1914,신길로42가길
2016,3,A,골목상권,1000715,1999,998,1001,272,235,214,369,381,528,146,123,124,175,194,236,126,112,90,194,187,292,1015,0,1015,신길로39길
2016,3,A,골목상권,1000714,2532,1242,1290,308,339,336,393,500,656,165,186,178,182,247,284,143,153,158,211,253,372,1169,24,1145,신길로17길
2016,3,A,골목상권,1000713,1143,598,545,159,124,182,183,190,305,94,76,99,97,93,139,65,48,83,86,97,166,489,105,384,선유서로28길
2016,3,A,골목상권,1000712,2996,1551,1445,410,409,671,502,385,619,215,198,360,307,192,279,195,211,311,195,193,340,1484,598,886,선유서로25길
2016,3,A,골목상권,1000711,1406,717,689,148,123,180,204,267,484,72,70,99,121,148,207,76,53,81,83,119,277,757,104,653,선유서로24길
2016,3,A,골목상권,1000710,2773,1393,1380,226,604,707,368,385,483,113,252,366,198,231,233,113,352,341,170,154,250,1750,55,1695,선유로55길
2016,3,A,골목상권,1000709,897,505,392,174,105,117,116,153,232,137,64,59,66,71,108,37,41,58,50,82,124,378,0,378,디지털로74길
2016,3,A,골목상권,1000708,1707,831,876,180,186,235,302,324,480,101,89,108,158,169,206,79,97,127,144,155,274,952,0,952,디지털로57길
2016,3,A,골목상권,1000707,1672,823,849,193,150,180,308,306,535,98,76,102,143,155,249,95,74,78,165,151,286,854,0,854,디지털로37길
2016,3,A,골목상권,1000706,1677,828,849,214,230,214,264,303,452,108,130,124,136,137,193,106,100,90,128,166,259,769,0,769,도신로62길
2016,3,A,골목상권,1000705,759,379,380,84,88,96,121,130,240,43,43,56,67,57,113,41,45,40,54,73,127,378,0,378,도신로60길
2016,3,A,골목상권,1000704,1711,865,846,251,240,249,305,288,378,148,117,125,155,144,176,103,123,124,150,144,202,757,85,672,도신로29길
2016,3,A,골목상권,1000703,3260,1636,1624,324,638,717,432,516,633,184,275,385,233,254,305,140,363,332,199,262,328,1704,0,1704,도신로15길
2016,3,A,골목상권,1000702,1980,988,992,202,285,323,296,353,521,111,144,178,140,164,251,91,141,145,156,189,270,1039,27,1012,도림천로21길
2016,3,A,골목상권,1000701,1828,957,871,279,212,228,325,343,441,159,117,127,162,182,210,120,95,101,163,161,231,821,0,821,도림로63길
2016,3,A,골목상권,1000700,399,213,186,21,54,53,47,64,160,12,25,26,33,33,84,9,29,27,14,31,76,246,0,246,도림로147길
2016,3,A,골목상권,1000699,2381,1198,1183,289,264,352,448,399,629,138,128,196,240,210,286,151,136,156,208,189,343,1147,21,1126,도림로112길
2016,3,A,골목상권,1000698,3197,1593,1604,378,464,457,545,547,806,188,241,241,287,267,369,190,223,216,258,280,437,1608,24,1584,대림로8길
2016,3,A,골목상권,1000697,1155,553,602,124,149,153,169,243,317,60,68,84,76,124,141,64,81,69,93,119,176,579,0,579,대림로7길
2016,3,A,골목상권,1000696,2354,1237,1117,374,339,311,450,449,431,213,179,166,226,247,206,161,160,145,224,202,225,1003,16,987,대림로44길
2016,3,A,골목상권,1000695,2612,1336,1276,429,357,304,470,503,549,226,185,171,250,259,245,203,172,133,220,244,304,1055,122,933,대림로34길
2016,3,A,골목상권,1000694,2672,1392,1280,308,336,409,478,537,604,157,181,234,244,288,288,151,155,175,234,249,316,1365,162,1203,대림로31길
2016,3,A,골목상권,1000693,2190,1155,1035,195,297,409,335,413,541,103,162,239,182,222,247,92,135,170,153,191,294,1278,0,1278,대림로29길
2016,3,A,골목상권,1000692,3723,1889,1834,522,479,438,635,734,915,264,260,251,324,365,425,258,219,187,311,369,490,1614,510,1104,대림로22길
2016,3,A,골목상권,1000691,2230,1138,1092,190,494,483,285,326,452,90,236,279,149,175,209,100,258,204,136,151,243,1267,17,1250,당산로46길
2016,3,A,골목상권,1000690,1482,696,786,144,440,424,182,133,159,73,185,224,89,54,71,71,255,200,93,79,88,987,0,987,당산로38길
2016,3,A,골목상권,1000689,916,445,471,150,146,218,141,107,154,67,60,117,81,53,67,83,86,101,60,54,87,423,187,236,당산로37길
2016,3,A,골목상권,1000688,871,450,421,109,143,171,133,117,198,55,61,99,79,59,97,54,82,72,54,58,101,466,63,403,당산로31길
2016,3,A,골목상권,1000687,2241,1351,890,108,658,691,251,226,307,56,360,458,182,138,157,52,298,233,69,88,150,1720,32,1688,국회대로56길
2016,3,A,골목상권,1000686,162,123,39,4,6,13,17,40,82,2,4,9,13,33,62,2,2,4,4,7,20,143,0,143,경인로90길
2016,3,A,골목상권,1000685,146,82,64,9,11,21,22,23,60,4,7,15,15,15,26,5,4,6,7,8,34,77,0,77,경인로80길
2016,3,A,골목상권,1000684,313,181,132,10,49,54,43,56,101,4,29,35,30,35,48,6,20,19,13,21,53,229,0,229,경인로77길
2016,3,A,골목상권,1000683,2056,1059,997,269,289,244,384,401,469,145,159,136,194,215,210,124,130,108,190,186,259,946,0,946,가마산로61길
2016,3,A,골목상권,1000682,3975,2018,1957,553,608,598,662,770,784,287,317,328,314,391,381,266,291,270,348,379,403,1823,35,1788,시흥대로94길
2016,3,A,골목상권,1000681,5990,3023,2967,843,912,828,974,1185,1248,447,473,451,488,578,586,396,439,377,486,607,662,2592,37,2555,시흥대로84길
2016,3,A,골목상권,1000680,2371,1213,1158,328,313,346,388,429,567,172,171,187,207,218,258,156,142,159,181,211,309,1045,8,1037,시흥대로68길
2016,3,A,골목상권,1000679,1579,782,797,198,203,332,253,252,341,92,100,178,129,125,158,106,103,154,124,127,183,770,394,376,시흥대로63길
2016,3,A,골목상권,1000678,3257,1644,1613,463,456,440,547,638,713,235,265,238,273,313,320,228,191,202,274,325,393,1488,49,1439,시흥대로62가길
2016,3,A,골목상권,1000677,2103,1090,1013,326,276,286,357,396,462,161,156,143,195,213,222,165,120,143,162,183,240,861,50,811,시흥대로36길
2016,3,A,골목상권,1000676,3188,1600,1588,492,411,503,480,538,764,253,217,270,257,250,353,239,194,233,223,288,411,1178,116,1062,시흥대로22길
2016,3,A,골목상권,1000675,2106,1172,934,194,469,460,266,373,344,113,243,283,152,203,178,81,226,177,114,170,166,1237,140,1097,시흥대로153길
2016,3,A,골목상권,1000674,4019,2064,1955,554,509,590,656,763,947,271,280,327,347,380,459,283,229,263,309,383,488,1694,466,1228,시흥대로150길
2016,3,A,골목상권,1000673,2179,1194,985,220,339,372,341,460,447,102,164,218,211,266,233,118,175,154,130,194,214,1321,0,1321,시흥대로141길
2016,3,A,골목상권,1000672,619,326,293,83,53,88,97,123,175,44,31,49,54,61,87,39,22,39,43,62,88,308,23,285,시흥대로138길
2016,3,A,골목상권,1000671,3468,1733,1735,459,492,507,585,681,744,226,248,260,302,349,348,233,244,247,283,332,396,1563,58,1505,시흥대로120길
2016,3,A,골목상권,1000670,1224,642,582,109,157,198,200,243,317,51,82,120,111,135,143,58,75,78,89,108,174,691,0,691,벚꽃로56길
2016,3,A,골목상권,1000669,1613,846,767,212,277,413,238,218,255,101,135,242,135,117,116,111,142,171,103,101,139,783,304,479,범안로17길
2016,3,A,골목상권,1000668,1265,728,537,98,385,433,152,83,114,45,185,280,111,51,56,53,200,153,41,32,58,947,116,831,범안로11길
2016,3,A,골목상권,1000667,3256,1638,1618,390,464,493,542,644,723,198,238,281,273,316,332,192,226,212,269,328,391,1563,52,1511,문성로5길
2016,3,A,골목상권,1000666,540,259,281,81,60,74,107,107,111,43,29,39,53,50,45,38,31,35,54,57,66,237,6,231,독산로85길
2016,3,A,골목상권,1000665,3318,1703,1615,473,480,431,569,664,701,234,264,239,287,355,324,239,216,192,282,309,377,1453,84,1369,독산로78다길
2016,3,A,골목상권,1000664,2831,1442,1389,317,360,358,555,608,633,160,179,199,287,336,281,157,181,159,268,272,352,1487,0,1487,독산로70길
2016,3,A,골목상권,1000663,2396,1221,1175,334,346,312,412,531,461,172,195,170,200,280,204,162,151,142,212,251,257,1053,13,1040,독산로64길
2016,3,A,골목상권,1000662,1971,979,992,295,281,306,272,386,431,149,139,161,130,180,220,146,142,145,142,206,211,702,195,507,독산로50길
2016,3,A,골목상권,1000661,2734,1357,1377,414,368,413,430,506,603,206,196,223,221,242,269,208,172,190,209,264,334,1152,38,1114,독산로40길
2016,3,A,골목상권,1000660,1813,954,859,219,275,308,296,358,357,122,138,181,145,199,169,97,137,127,151,159,188,917,14,903,독산로108길
2016,3,A,골목상권,1000659,2360,1395,965,125,606,536,344,390,359,51,301,371,227,244,201,74,305,165,117,146,158,1747,12,1735,남부순환로112길
2016,3,A,골목상권,1000658,4512,2310,2202,660,590,557,771,842,1092,345,311,313,395,456,490,315,279,244,376,386,602,2022,17,2005,금하로24길
2016,3,A,골목상권,1000657,2130,1087,1043,342,295,273,417,351,452,160,154,173,210,186,204,182,141,100,207,165,248,967,0,967,금하로1길
2016,3,A,골목상권,1000656,1872,922,950,257,252,254,313,340,456,127,125,136,152,169,213,130,127,118,161,171,243,853,30,823,금하로14길
2016,3,A,골목상권,1000655,2902,1769,1133,184,785,843,377,361,352,105,445,557,249,222,191,79,340,286,128,139,161,2067,152,1915,가산로5길
2016,3,A,골목상권,1000654,982,617,365,58,290,316,140,90,88,17,167,229,104,53,47,41,123,87,36,37,41,723,0,723,가산로3길
2016,3,A,골목상권,1000653,1201,601,600,204,184,208,181,191,233,105,94,109,91,96,106,99,90,99,90,95,127,469,183,286,중앙로1길
2016,3,A,골목상권,1000652,1363,690,673,254,169,205,219,230,286,135,83,103,124,112,133,119,86,102,95,118,153,512,202,310,중앙로15길
2016,3,A,골목상권,1000651,1063,596,467,82,122,102,189,276,292,44,62,62,118,165,145,38,60,40,71,111,147,614,0,614,우마길
2016,3,A,골목상권,1000650,2167,1083,1084,309,267,315,297,360,619,173,131,170,160,179,270,136,136,145,137,181,349,1039,0,1039,오류로8길
2016,3,A,골목상권,1000649,607,304,303,58,86,80,88,126,169,25,47,37,51,67,77,33,39,43,37,59,92,274,0,274,신도림로13길
2016,3,A,골목상권,1000648,2778,1358,1420,385,458,601,405,394,535,201,209,298,201,188,261,184,249,303,204,206,274,1255,609,646,새말로18길
2016,3,A,골목상권,1000647,627,335,292,64,68,107,95,110,183,37,40,57,60,57,84,27,28,50,35,53,99,297,22,275,부일로1길
2016,3,A,골목상권,1000646,1211,603,608,183,176,186,212,186,268,101,90,97,102,93,120,82,86,89,110,93,148,535,10,525,부일로15길
2016,3,A,골목상권,1000645,1156,580,576,212,164,165,209,199,207,114,94,87,97,98,90,98,70,78,112,101,117,458,0,458,부일로11길
2016,3,A,골목상권,1000644,1513,828,685,37,497,587,184,103,105,19,213,346,125,69,56,18,284,241,59,34,49,1292,0,1292,디지털로32길
2016,3,A,골목상권,1000643,4762,2583,2179,113,1887,1810,448,227,277,63,811,1123,321,122,143,50,1076,687,127,105,134,4103,94,4009,디지털로32가길
2016,3,A,골목상권,1000642,916,493,423,102,103,113,143,182,273,44,59,64,79,106,141,58,44,49,64,76,132,488,0,488,디지털로27길
2016,3,A,골목상권,1000641,1540,778,762,191,184,215,259,308,383,97,89,127,145,163,157,94,95,88,114,145,226,746,5,741,도림로6길
2016,3,A,골목상권,1000640,2038,985,1053,310,257,323,316,352,480,141,139,156,161,175,213,169,118,167,155,177,267,864,26,838,도림로12길
2016,3,A,골목상권,1000639,1335,635,700,214,146,273,160,192,350,99,66,139,78,78,175,115,80,134,82,114,175,500,455,45,남부순환로97길
2016,3,A,골목상권,1000638,3208,1600,1608,379,366,477,498,618,870,203,194,242,250,302,409,176,172,235,248,316,461,1505,255,1250,구로중앙로8길
2016,3,A,골목상권,1000637,708,344,364,73,58,89,99,137,252,34,29,45,56,65,115,39,29,44,43,72,137,376,0,376,구로중앙로7길
2016,3,A,골목상권,1000636,969,511,458,136,141,139,145,168,240,73,79,80,80,87,112,63,62,59,65,81,128,442,0,442,구로중앙로42길
2016,3,A,골목상권,1000635,1240,651,589,148,167,161,204,241,319,81,97,96,106,123,148,67,70,65,98,118,171,578,37,541,구로중앙로34길
2016,3,A,골목상권,1000634,3463,1741,1722,481,518,637,614,547,666,246,222,345,337,293,298,235,296,292,277,254,368,1717,172,1545,구로중앙로28길
2016,3,A,골목상권,1000633,893,453,440,104,118,95,143,176,257,53,57,58,77,99,109,51,61,37,66,77,148,434,2,432,구로중앙로19길
2016,3,A,골목상권,1000632,6844,3437,3407,890,893,965,1102,1261,1733,481,512,507,566,594,777,409,381,458,536,667,956,2954,0,2954,구로동로8길
2016,3,A,골목상권,1000631,2932,1558,1374,342,330,368,493,582,817,200,189,211,278,296,384,142,141,157,215,286,433,1428,4,1424,구로동로7길
2016,3,A,골목상권,1000630,2051,1012,1039,285,229,260,378,339,560,139,116,135,199,169,254,146,113,125,179,170,306,942,0,942,구로동로42길
2016,3,A,골목상권,1000629,2161,1104,1057,264,281,259,386,427,544,125,139,145,222,217,256,139,142,114,164,210,288,1031,0,1031,구로동로41길
2016,3,A,골목상권,1000628,2150,1052,1098,299,265,220,377,423,566,135,145,116,194,223,239,164,120,104,183,200,327,1027,20,1007,구로동로38길
2016,3,A,골목상권,1000627,1805,917,888,214,224,231,327,307,502,115,106,129,175,172,220,99,118,102,152,135,282,974,0,974,구로동로28길
2016,3,A,골목상권,1000626,1109,582,527,129,128,130,164,249,309,72,78,77,82,134,139,57,50,53,82,115,170,571,0,571,구로동로15길
2016,3,A,골목상권,1000625,1460,645,815,93,509,383,166,151,158,49,175,180,84,76,81,44,334,203,82,75,77,1049,108,941,공원로6가길
2016,3,A,골목상권,1000624,3241,1595,1646,580,434,441,567,578,641,296,223,210,287,291,288,284,211,231,280,287,353,1235,672,563,고척로52길
2016,3,A,골목상권,1000623,4605,2292,2313,752,652,621,830,818,932,375,351,314,413,418,421,377,301,307,417,400,511,1954,44,1910,고척로27다길
2016,3,A,골목상권,1000622,2530,1310,1220,366,352,329,429,462,592,197,184,173,225,251,280,169,168,156,204,211,312,1121,28,1093,고척로27길
2016,3,A,골목상권,1000621,2817,1469,1348,430,386,375,468,491,667,226,226,208,240,261,308,204,160,167,228,230,359,1259,0,1259,고척로21나길
2016,3,A,골목상권,1000620,899,429,470,153,127,121,130,157,211,65,59,61,67,79,98,88,68,60,63,78,113,340,187,153,경인로47길
2016,3,A,골목상권,1000619,3214,1650,1564,402,402,380,495,635,900,197,210,200,279,334,430,205,192,180,216,301,470,1511,0,1511,경인로35길
2016,3,A,골목상권,1000618,1989,1036,953,198,235,237,345,428,546,104,126,133,199,233,241,94,109,104,146,195,305,1091,0,1091,경인로31길
2016,3,A,골목상권,1000617,3811,1909,1902,529,514,598,584,648,938,275,268,310,322,312,422,254,246,288,262,336,516,1648,63,1585,경인로15길
2016,3,A,골목상권,1000616,3015,1499,1516,488,381,520,511,487,628,246,204,280,262,229,278,242,177,240,249,258,350,1256,46,1210,개봉로3길
2016,3,A,골목상권,1000615,1989,955,1034,334,236,349,302,331,437,177,117,173,144,146,198,157,119,176,158,185,239,839,0,839,개봉로2길
2016,3,A,골목상권,1000614,1170,574,596,181,118,234,171,172,294,81,60,118,97,84,134,100,58,116,74,88,160,497,190,307,개봉로23가길
2016,3,A,골목상권,1000613,3691,1783,1908,641,457,683,494,586,830,335,224,318,262,256,388,306,233,365,232,330,442,1316,800,516,개봉로20길
2016,3,A,골목상권,1000612,2167,1102,1065,360,271,352,383,352,449,184,150,205,195,169,199,176,121,147,188,183,250,872,152,720,개봉로1길
2016,3,A,골목상권,1000611,3307,1627,1680,502,444,565,526,535,735,248,211,292,263,258,355,254,233,273,263,277,380,1416,70,1346,개봉로17다길
2016,3,A,골목상권,1000610,5550,2723,2827,900,789,950,866,914,1131,470,407,474,436,426,510,430,382,476,430,488,621,2173,74,2099,개봉로17길
2016,3,A,골목상권,1000609,5058,2489,2569,820,698,785,836,846,1073,438,362,386,413,389,501,382,336,399,423,457,572,1959,41,1918,개봉로11길
2016,3,A,골목상권,1000608,3905,1901,2004,521,750,832,591,590,621,295,301,430,289,306,280,226,449,402,302,284,341,1961,554,1407,화곡로64길
2016,3,A,골목상권,1000607,2112,1031,1081,339,345,340,321,416,351,185,172,168,139,201,166,154,173,172,182,215,185,765,351,414,화곡로59길
2016,3,A,골목상권,1000606,3249,1620,1629,476,477,703,538,488,567,259,224,392,265,229,251,217,253,311,273,259,316,1513,58,1455,화곡로44나길
2016,3,A,골목상권,1000605,4136,1970,2166,466,687,806,570,675,932,246,339,394,271,305,415,220,348,412,299,370,517,1902,20,1882,화곡로31길
2016,3,A,골목상권,1000604,2347,1162,1185,321,323,426,364,409,504,169,165,232,177,182,237,152,158,194,187,227,267,1027,93,934,화곡로20길
2016,3,A,골목상권,1000603,3395,1669,1726,589,523,511,594,545,633,310,272,264,281,248,294,279,251,247,313,297,339,1317,128,1189,화곡로13길
2016,3,A,골목상권,1000602,3649,1851,1798,507,520,516,545,677,884,273,255,292,280,335,416,234,265,224,265,342,468,1610,21,1589,초원로16길
2016,3,A,골목상권,1000601,5015,2479,2536,1010,665,1008,926,682,724,532,340,512,474,320,301,478,325,496,452,362,423,1977,34,1943,초록마을로8길
2016,3,A,골목상권,1000600,2353,1194,1159,200,467,610,380,322,374,87,223,352,215,160,157,113,244,258,165,162,217,1447,11,1436,초록마을로3길
2016,3,A,골목상권,1000599,1764,939,825,143,295,475,268,275,308,69,143,268,162,147,150,74,152,207,106,128,158,1045,149,896,월정로20길
2016,3,A,골목상권,1000598,5389,2575,2814,1390,720,678,1168,776,657,659,342,320,549,393,312,731,378,358,619,383,345,1795,625,1170,우장산로6길
2016,3,A,골목상권,1000597,2272,1173,1099,597,268,389,458,288,272,340,138,186,230,154,125,257,130,203,228,134,147,825,437,388,양천로73가길
2016,3,A,골목상권,1000596,5126,2504,2622,1327,642,690,1048,783,636,646,346,313,515,398,286,681,296,377,533,385,350,1535,1472,63,양천로71길
2016,3,A,골목상권,1000595,1232,636,596,180,227,212,171,201,241,103,117,118,80,104,114,77,110,94,91,97,127,535,24,511,양천로49길
2016,3,A,골목상권,1000594,1841,886,955,419,182,384,301,269,286,208,94,177,155,123,129,211,88,207,146,146,157,633,244,389,양천로26길
2016,3,A,골목상권,1000593,3763,1911,1852,604,496,643,548,649,823,331,264,327,282,305,402,273,232,316,266,344,421,1515,449,1066,양천로24길
2016,3,A,골목상권,1000592,2932,1448,1484,525,340,533,527,440,567,257,173,279,270,207,262,268,167,254,257,233,305,1172,228,944,양천로24가길
2016,3,A,골목상권,1000591,4706,2304,2402,856,609,716,765,766,994,433,302,368,399,356,446,423,307,348,366,410,548,1705,589,1116,양천로14길
2016,3,A,골목상권,1000590,2480,1296,1184,379,286,507,482,384,442,197,144,283,272,194,206,182,142,224,210,190,236,1161,7,1154,방화대로6라길
2016,3,A,골목상권,1000589,2525,1304,1221,338,355,417,344,497,574,179,189,247,187,241,261,159,166,170,157,256,313,1185,47,1138,방화대로21길
2016,3,A,골목상권,1000588,1549,754,795,217,225,311,219,248,329,117,113,167,105,108,144,100,112,144,114,140,185,664,50,614,등촌로5길
2016,3,A,골목상권,1000587,2732,1309,1423,435,469,647,423,355,403,227,206,335,203,147,191,208,263,312,220,208,212,1203,121,1082,등촌로55길
2016,3,A,골목상권,1000586,2208,1092,1116,387,336,348,330,393,414,201,181,167,159,177,207,186,155,181,171,216,207,780,241,539,등촌로51길
2016,3,A,골목상권,1000585,3288,1651,1637,584,499,613,527,538,527,315,267,329,244,263,233,269,232,284,283,275,294,1249,95,1154,등촌로39길
2016,3,A,골목상권,1000584,3803,1883,1920,560,493,757,625,629,739,297,256,401,318,281,330,263,237,356,307,348,409,1617,25,1592,등촌로13길
2016,3,A,골목상권,1000583,3929,2083,1846,608,506,813,667,615,720,318,257,452,387,322,347,290,249,361,280,293,373,1858,41,1817,남부순환로11길
2016,3,A,골목상권,1000582,4532,2183,2349,901,584,929,742,621,755,453,286,465,377,277,325,448,298,464,365,344,430,1732,29,1703,까치산로4길
2016,3,A,골목상권,1000581,2404,1187,1217,293,353,426,369,416,547,139,194,235,187,187,245,154,159,191,182,229,302,1030,111,919,국회대로7길
2016,3,A,골목상권,1000580,3066,1551,1515,392,513,560,455,462,684,197,259,297,248,217,333,195,254,263,207,245,351,1553,13,1540,공항대로8길
2016,3,A,골목상권,1000579,2124,1068,1056,438,274,429,388,287,308,240,133,214,197,140,144,198,141,215,191,147,164,806,390,416,공항대로61길
2016,3,A,골목상권,1000578,2813,1396,1417,517,375,409,484,501,527,269,190,191,244,254,248,248,185,218,240,247,279,1067,494,573,공항대로59다길
2016,3,A,골목상권,1000577,1200,555,645,107,243,266,201,184,199,48,96,121,106,95,89,59,147,145,95,89,110,700,0,700,공항대로59길
2016,3,A,골목상권,1000576,1901,965,936,327,251,304,317,322,380,172,135,172,158,155,173,155,116,132,159,167,207,756,4,752,공항대로55길
2016,3,A,골목상권,1000575,1166,571,595,258,148,152,258,175,175,125,80,66,125,90,85,133,68,86,133,85,90,423,19,404,공항대로42길
2016,3,A,골목상권,1000574,445,212,233,82,78,78,86,68,53,33,44,41,38,34,22,49,34,37,48,34,31,199,0,199,공항대로38길
2016,3,A,골목상권,1000573,1938,972,966,198,298,388,276,332,446,103,154,207,137,164,207,95,144,181,139,168,239,980,16,964,곰달래로60길
2016,3,A,골목상권,1000572,3835,1882,1953,720,494,628,737,576,680,362,264,318,358,279,301,358,230,310,379,297,379,1525,115,1410,곰달래로53길
2016,3,A,골목상권,1000571,4246,2060,2186,821,538,822,781,597,687,396,272,425,374,276,317,425,266,397,407,321,370,1649,78,1571,곰달래로47길
2016,3,A,골목상권,1000570,3130,1514,1616,679,357,622,569,388,515,364,175,301,277,164,233,315,182,321,292,224,282,1154,47,1107,곰달래로31길
2016,3,A,골목상권,1000569,2874,1373,1501,442,337,556,487,445,607,213,170,270,264,193,263,229,167,286,223,252,344,1277,20,1257,곰달래로25길
2016,3,A,골목상권,1000568,2113,1046,1067,219,485,375,280,309,445,104,225,213,147,158,199,115,260,162,133,151,246,1160,93,1067,개화동로25길
2016,3,A,골목상권,1000567,3990,2005,1985,509,497,563,620,779,1022,261,278,296,319,395,456,248,219,267,301,384,566,1902,96,1806,개화동로23길
2016,3,A,골목상권,1000566,3511,1744,1767,490,415,707,543,524,832,238,201,380,288,239,398,252,214,327,255,285,434,1533,201,1332,강서로8길
2016,3,A,골목상권,1000565,2855,1415,1440,430,373,580,442,470,560,234,175,308,234,206,258,196,198,272,208,264,302,1213,97,1116,강서로5라길
2016,3,A,골목상권,1000564,2102,1056,1046,210,349,557,273,272,441,104,160,318,150,115,209,106,189,239,123,157,232,1128,304,824,강서로5나길
2016,3,A,골목상권,1000563,1543,805,738,143,249,341,219,236,355,86,110,193,126,108,182,57,139,148,93,128,173,847,83,764,강서로5가길
2016,3,A,골목상권,1000562,3918,1857,2061,939,579,479,795,641,485,430,292,239,364,324,208,509,287,240,431,317,277,1357,193,1164,강서로47라길
2016,3,A,골목상권,1000561,2879,1367,1512,645,375,393,572,439,455,292,194,194,274,225,188,353,181,199,298,214,267,1089,167,922,강서로47길
2016,3,A,골목상권,1000560,2838,1368,1470,446,424,499,486,413,570,229,198,260,247,179,255,217,226,239,239,234,315,1137,152,985,강서로45다길
2016,3,A,골목상권,1000559,919,450,469,189,121,165,149,135,160,87,50,85,77,68,83,102,71,80,72,67,77,347,107,240,강서로45길
2016,3,A,골목상권,1000558,4061,1952,2109,537,628,764,582,732,818,264,287,401,274,361,365,273,341,363,308,371,453,1792,38,1754,강서로35길
2016,3,A,골목상권,1000557,2803,1339,1464,391,457,682,418,391,464,197,205,345,198,180,214,194,252,337,220,211,250,1289,154,1135,강서로29길
2016,3,A,골목상권,1000556,7025,3413,3612,1126,921,1499,1110,994,1375,580,426,784,552,449,622,546,495,715,558,545,753,2842,110,2732,강서로18길
2016,3,A,골목상권,1000555,3044,1539,1505,351,486,569,434,563,641,187,251,321,212,260,308,164,235,248,222,303,333,1312,261,1051,강서로17가길
2016,3,A,골목상권,1000554,5524,2738,2786,620,802,1123,863,931,1185,311,386,623,439,455,524,309,416,500,424,476,661,2730,169,2561,강서로15길
2016,3,A,골목상권,1000553,3000,1513,1487,467,426,612,442,487,566,258,221,325,216,239,254,209,205,287,226,248,312,1201,43,1158,가로공원로80길
2016,3,A,골목상권,1000552,3072,1502,1570,442,450,575,512,499,594,208,237,300,255,228,274,234,213,275,257,271,320,1296,81,1215,가로공원로76가길
2016,3,A,골목상권,1000551,1774,893,881,264,238,268,280,351,373,139,131,137,135,160,191,125,107,131,145,191,182,776,115,661,화곡로4길
2016,3,A,골목상권,1000550,3133,1542,1591,643,447,483,553,486,521,333,232,237,263,236,241,310,215,246,290,250,280,1133,478,655,화곡로3길
2016,3,A,골목상권,1000549,3523,1738,1785,525,441,551,528,625,853,260,233,309,269,282,385,265,208,242,259,343,468,1433,0,1433,지양로7길
2016,3,A,골목상권,1000548,3741,1863,1878,646,477,568,611,663,776,340,246,295,305,324,353,306,231,273,306,339,423,1454,262,1192,중앙로55길
2016,3,A,골목상권,1000547,3957,1979,1978,726,535,643,625,620,808,357,281,345,315,296,385,369,254,298,310,324,423,1434,458,976,중앙로51길
2016,3,A,골목상권,1000546,4989,2607,2382,549,715,645,865,1029,1186,295,413,377,436,524,562,254,302,268,429,505,624,2489,30,2459,중앙로47길
2016,3,A,골목상권,1000545,3384,1689,1695,432,491,522,546,634,759,237,255,288,273,297,339,195,236,234,273,337,420,1618,140,1478,중앙로45길
2016,3,A,골목상권,1000544,958,449,509,189,103,115,192,139,220,94,50,54,92,64,95,95,53,61,100,75,125,412,10,402,중앙로36길
2016,3,A,골목상권,1000543,1096,534,562,241,152,134,200,174,195,128,82,66,86,92,80,113,70,68,114,82,115,417,74,343,중앙로32길
2016,3,A,골목상권,1000542,2632,1336,1296,323,324,357,468,497,663,172,172,193,249,250,300,151,152,164,219,247,363,1331,42,1289,중앙로25길
2016,3,A,골목상권,1000541,3362,1667,1695,563,404,586,547,546,716,278,212,304,286,246,341,285,192,282,261,300,375,1405,120,1285,은행정로7길
2016,3,A,골목상권,1000540,833,451,382,135,87,114,145,148,204,74,44,64,87,85,97,61,43,50,58,63,107,399,0,399,은행정로5길
2016,3,A,골목상권,1000539,2827,1388,1439,565,318,478,460,426,580,286,155,218,242,209,278,279,163,260,218,217,302,1066,394,672,오목로5길
2016,3,A,골목상권,1000538,3751,1870,1881,833,430,651,629,540,668,420,230,316,327,263,314,413,200,335,302,277,354,1264,614,650,오목로3길
2016,3,A,골목상권,1000537,3740,1833,1907,469,566,700,596,624,785,238,280,374,286,294,361,231,286,326,310,330,424,1675,24,1651,오목로30길
2016,3,A,골목상권,1000536,4265,2131,2134,615,621,851,688,680,810,318,299,458,330,331,395,297,322,393,358,349,415,1926,38,1888,오목로23길
2016,3,A,골목상권,1000535,1065,574,491,150,122,162,166,201,264,86,73,96,85,104,130,64,49,66,81,97,134,477,100,377,신월로20길
2016,3,A,골목상권,1000534,5548,2743,2805,998,744,841,892,934,1139,519,391,415,436,464,518,479,353,426,456,470,621,1949,792,1157,신월로15길
2016,3,A,골목상권,1000533,2534,1254,1280,506,341,331,482,412,462,274,174,165,221,219,201,232,167,166,261,193,261,999,86,913,신목로6길
2016,3,A,골목상권,1000532,2286,1154,1132,587,329,208,521,369,272,305,182,92,236,208,131,282,147,116,285,161,141,709,244,465,신목로5길
2016,3,A,골목상권,1000531,2113,1045,1068,398,373,195,384,449,314,214,202,95,163,233,138,184,171,100,221,216,176,732,384,348,신목로2길
2016,3,A,골목상권,1000530,1431,701,730,183,224,269,222,225,308,101,112,134,108,115,131,82,112,135,114,110,177,649,28,621,목동중앙서로8가길
2016,3,A,골목상권,1000529,3740,1853,1887,648,562,631,665,606,628,368,295,333,297,282,278,280,267,298,368,324,350,1557,29,1528,목동중앙서로7길
2016,3,A,골목상권,1000528,2225,1047,1178,293,327,455,334,354,462,148,159,230,154,157,199,145,168,225,180,197,263,1067,8,1059,목동중앙북로8길
2016,3,A,골목상권,1000527,3388,1669,1719,454,584,825,487,485,553,252,268,422,237,239,251,202,316,403,250,246,302,1581,67,1514,목동중앙북로16길
2016,3,A,골목상권,1000526,2413,1221,1192,455,340,383,421,396,418,265,196,187,199,184,190,190,144,196,222,212,228,938,53,885,목동중앙본로7길
2016,3,A,골목상권,1000525,2204,1071,1133,547,302,264,461,359,271,278,160,129,207,188,109,269,142,135,254,171,162,754,47,707,목동중앙로3길
2016,3,A,골목상권,1000524,1151,583,568,172,208,255,179,173,164,97,91,134,86,99,76,75,117,121,93,74,88,548,50,498,목동중앙로13나길
2016,3,A,골목상권,1000523,2319,1168,1151,430,365,369,393,401,361,258,190,177,186,189,168,172,175,192,207,212,193,850,123,727,목동중앙남로3가길
2016,3,A,골목상권,1000522,3625,1708,1917,667,524,665,650,548,571,336,254,307,292,250,269,331,270,358,358,298,302,1425,135,1290,목동로9길
2016,3,A,골목상권,1000521,2383,1127,1256,393,335,436,386,373,460,182,163,204,183,180,215,211,172,232,203,193,245,964,97,867,목동로19길
2016,3,A,골목상권,1000520,890,401,489,217,107,125,194,127,120,102,44,58,86,67,44,115,63,67,108,60,76,339,144,195,목동동로8길
2016,3,A,골목상권,1000519,2261,1092,1169,522,303,259,467,341,369,260,156,129,208,175,164,262,147,130,259,166,205,791,314,477,목동동로12길
2016,3,A,골목상권,1000518,1218,584,634,246,179,155,227,186,225,118,79,85,105,96,101,128,100,70,122,90,124,426,180,246,목동남로4길
2016,3,A,골목상권,1000517,687,349,338,187,67,123,155,76,79,99,35,60,78,44,33,88,32,63,77,32,46,226,206,20,남부순환로88길
2016,3,A,골목상권,1000516,1377,725,652,176,185,185,193,289,349,103,110,104,97,147,164,73,75,81,96,142,185,608,113,495,남부순환로79길
2016,3,A,골목상권,1000515,4858,2424,2434,647,695,695,759,886,1176,316,378,379,379,452,520,331,317,316,380,434,656,2057,0,2057,남부순환로70길
2016,3,A,골목상권,1000514,1752,870,882,273,247,289,269,315,359,141,128,159,120,149,173,132,119,130,149,166,186,820,16,804,남부순환로58길
2016,3,A,골목상권,1000513,2597,1403,1194,286,292,388,442,532,657,142,147,234,264,297,319,144,145,154,178,235,338,1377,18,1359,남부순환로40길
2016,3,A,골목상권,1000512,3316,1614,1702,464,470,549,510,605,718,215,234,302,242,302,319,249,236,247,268,303,399,1375,96,1279,남부순환로33길
2016,3,A,골목상권,1000511,3420,1778,1642,438,506,489,514,681,792,223,268,285,250,367,385,215,238,204,264,314,407,1562,113,1449,곰달래로5길
2016,3,A,골목상권,1000510,3973,2079,1894,577,491,564,706,761,874,309,269,299,382,398,422,268,222,265,324,363,452,1811,363,1448,곰달래로3길
2016,3,A,골목상권,1000509,3920,2022,1898,670,506,654,640,699,751,345,263,347,345,356,366,325,243,307,295,343,385,1596,477,1119,곰달래로2길
2016,3,A,골목상권,1000508,3523,1819,1704,501,457,618,600,640,707,248,235,349,305,334,348,253,222,269,295,306,359,1661,69,1592,곰달래로10길
2016,3,A,골목상권,1000507,2528,1354,1174,307,322,317,441,523,618,160,173,184,264,295,278,147,149,133,177,228,340,1354,0,1354,가로공원로58길
2016,3,A,골목상권,1000506,2761,1332,1429,355,415,392,487,479,633,188,191,210,237,230,276,167,224,182,250,249,357,1253,39,1214,효창원로93길
2016,3,A,골목상권,1000505,2620,1269,1351,652,298,459,560,331,320,326,142,213,285,160,143,326,156,246,275,171,177,951,849,102,토정로37길
2016,3,A,골목상권,1000504,1767,820,947,196,302,446,295,225,303,103,140,202,144,100,131,93,162,244,151,125,172,930,26,904,월드컵로8길
2016,3,A,골목상권,1000503,1995,933,1062,266,356,474,309,261,329,124,151,238,150,125,145,142,205,236,159,136,184,977,17,960,월드컵로7길
2016,3,A,골목상권,1000502,3875,1782,2093,501,738,791,670,514,661,255,294,355,340,254,284,246,444,436,330,260,377,2012,136,1876,월드컵로36길
2016,3,A,골목상권,1000501,3199,1549,1650,608,407,614,578,423,569,296,199,302,293,209,250,312,208,312,285,214,319,1268,303,965,월드컵로25길
2016,3,A,골목상권,1000500,1811,845,966,201,294,398,294,234,390,95,135,197,139,114,165,106,159,201,155,120,225,943,0,943,월드컵로19길
2016,3,A,골목상권,1000499,2615,1208,1407,366,444,564,458,331,452,191,189,251,214,159,204,175,255,313,244,172,248,1282,35,1247,월드컵로16길
2016,3,A,골목상권,1000498,2384,1104,1280,292,385,547,376,326,458,152,161,250,200,147,194,140,224,297,176,179,264,1233,19,1214,월드컵로11길
2016,3,A,골목상권,1000497,2555,1174,1381,270,358,576,407,364,580,122,149,259,200,185,259,148,209,317,207,179,321,1453,41,1412,월드컵로10길
2016,3,A,골목상권,1000496,1919,920,999,167,379,476,282,266,349,75,193,245,138,129,140,92,186,231,144,137,209,1037,0,1037,와우산로3길
2016,3,A,골목상권,1000495,902,426,476,102,170,219,151,94,166,49,79,105,73,44,76,53,91,114,78,50,90,495,48,447,와우산로29길
2016,3,A,골목상권,1000494,549,241,308,36,206,140,55,38,74,14,87,67,24,17,32,22,119,73,31,21,42,372,0,372,와우산로29가길
2016,3,A,골목상권,1000493,1400,683,717,157,231,294,203,217,298,91,113,153,118,90,118,66,118,141,85,127,180,705,46,659,양화진길
2016,3,A,골목상권,1000492,2796,1290,1506,399,466,654,444,353,480,193,185,324,220,161,207,206,281,330,224,192,273,1292,59,1233,양화로1길
2016,3,A,골목상권,1000491,781,340,441,77,148,218,120,77,141,40,48,112,46,34,60,37,100,106,74,43,81,414,0,414,양화로11길
2016,3,A,골목상권,1000490,959,491,468,87,123,104,145,185,315,47,62,66,82,94,140,40,61,38,63,91,175,525,0,525,신촌로30길
2016,3,A,골목상권,1000489,1824,854,970,132,254,241,250,372,575,57,126,138,122,181,230,75,128,103,128,191,345,915,0,915,신촌로28가길
2016,3,A,골목상권,1000488,1988,968,1020,143,535,468,243,221,378,80,254,235,127,109,163,63,281,233,116,112,215,1310,0,1310,신촌로12길
2016,3,A,골목상권,1000487,2966,1474,1492,389,402,385,481,530,779,203,218,210,247,274,322,186,184,175,234,256,457,1468,81,1387,숭문길
2016,3,A,골목상권,1000486,937,480,457,147,123,185,160,134,188,78,66,99,86,67,84,69,57,86,74,67,104,465,209,256,숭문8길
2016,3,A,골목상권,1000485,1122,517,605,107,202,271,155,163,224,57,78,138,76,76,92,50,124,133,79,87,132,571,0,571,성지3길
2016,3,A,골목상권,1000484,3461,1684,1777,481,498,582,587,561,752,236,246,293,300,273,336,245,252,289,287,288,416,1635,147,1488,성산로4길
2016,3,A,골목상권,1000483,1218,567,651,111,267,335,163,146,196,64,115,157,85,64,82,47,152,178,78,82,114,667,8,659,성미산로32길
2016,3,A,골목상권,1000482,3304,1557,1747,545,470,613,646,435,595,317,207,281,297,197,258,228,263,332,349,238,337,1436,77,1359,성미산로1길
2016,3,A,골목상권,1000481,3898,1858,2040,563,581,784,699,566,705,305,273,375,335,262,308,258,308,409,364,304,397,1711,71,1640,성미산로11길
2016,3,A,골목상권,1000480,1803,893,910,251,258,343,306,259,386,133,110,168,180,126,176,118,148,175,126,133,210,883,245,638,백범로16길
2016,3,A,골목상권,1000479,5796,2797,2999,1045,758,1090,1071,787,1045,514,386,513,539,379,466,531,372,577,532,408,579,2327,707,1620,방울내로9안길
2016,3,A,골목상권,1000478,2095,1055,1040,332,297,326,387,313,440,177,149,180,194,159,196,155,148,146,193,154,244,906,87,819,모래내로7길
2016,3,A,골목상권,1000477,2333,1201,1132,311,383,471,387,302,479,172,174,255,209,173,218,139,209,216,178,129,261,1259,21,1238,매봉산로2길
2016,3,A,골목상권,1000476,4396,2102,2294,685,626,888,762,629,806,364,302,407,388,296,345,321,324,481,374,333,461,2020,111,1909,망원로2길
2016,3,A,골목상권,1000475,1529,711,818,215,235,283,250,213,333,108,103,138,122,106,134,107,132,145,128,107,199,689,84,605,망원로11길
2016,3,A,골목상권,1000474,2698,1313,1385,347,381,510,462,388,610,171,188,257,240,201,256,176,193,253,222,187,354,1327,22,1305,만리재옛길
2016,3,A,골목상권,1000473,878,412,466,118,143,190,137,122,168,60,61,106,67,54,64,58,82,84,70,68,104,438,197,241,마포대로4길
2016,3,A,골목상권,1000472,2159,1024,1135,288,322,459,403,324,363,145,126,217,208,167,161,143,196,242,195,157,202,1155,305,850,마포대로20길
2016,3,A,골목상권,1000471,800,353,447,74,149,252,119,92,114,39,46,117,58,45,48,35,103,135,61,47,66,526,355,171,마포대로12길
2016,3,A,골목상권,1000470,1642,769,873,133,357,409,232,202,309,62,169,196,115,101,126,71,188,213,117,101,183,954,0,954,동교로38길
2016,3,A,골목상권,1000469,2718,1243,1475,315,553,684,395,295,476,164,222,312,189,134,222,151,331,372,206,161,254,1444,8,1436,동교로27길
2016,3,A,골목상권,1000468,1364,614,750,134,303,338,180,177,232,64,124,152,88,78,108,70,179,186,92,99,124,730,22,708,동교로25길
2016,3,A,골목상권,1000467,1794,822,972,207,281,405,382,222,297,92,143,179,178,109,121,115,138,226,204,113,176,960,18,942,동교로19길
2016,3,A,골목상권,1000466,1940,909,1031,242,335,488,325,248,302,132,134,231,165,119,128,110,201,257,160,129,174,987,38,949,동교로17길
2016,3,A,골목상권,1000465,1393,628,765,148,248,351,213,187,246,79,91,152,114,86,106,69,157,199,99,101,140,726,104,622,독막로8길
2016,3,A,골목상권,1000464,2804,1376,1428,391,384,461,450,431,687,197,202,250,221,211,295,194,182,211,229,220,392,1251,127,1124,독막로32길
2016,3,A,골목상권,1000463,1086,500,586,196,154,216,212,130,178,92,68,94,104,68,74,104,86,122,108,62,104,481,137,344,독막로22길
2016,3,A,골목상권,1000462,1020,466,554,125,196,247,155,124,173,53,85,107,80,66,75,72,111,140,75,58,98,583,137,446,도화길
2016,3,A,골목상권,1000461,4030,1898,2132,677,465,660,695,633,900,353,216,315,352,301,361,324,249,345,343,332,539,1689,1006,683,도화4길
2016,3,A,골목상권,1000460,1786,837,949,122,463,272,245,284,400,54,198,128,113,161,183,68,265,144,132,123,217,1158,0,1158,대흥로28길
2016,3,A,골목상권,1000459,4042,2090,1952,381,877,664,570,624,926,204,472,382,303,331,398,177,405,282,267,293,528,2360,21,2339,대흥로21길
2016,3,A,골목상권,1000458,1712,906,806,212,422,285,276,212,305,116,253,156,144,112,125,96,169,129,132,100,180,904,8,896,광성로6길
2016,3,A,골목상권,1000457,3095,1435,1660,500,370,486,545,429,765,252,177,242,260,187,317,248,193,244,285,242,448,1298,155,1143,홍제내길
2016,3,A,골목상권,1000456,1284,662,622,171,162,153,220,225,353,87,87,86,125,116,161,84,75,67,95,109,192,558,70,488,홍연길
2016,3,A,골목상권,1000455,1695,850,845,213,243,221,269,308,441,117,130,117,127,154,205,96,113,104,142,154,236,772,107,665,통일로39길
2016,3,A,골목상권,1000454,1610,722,888,176,163,216,289,285,481,77,82,101,146,129,187,99,81,115,143,156,294,844,18,826,통일로37길
2016,3,A,골목상권,1000453,298,159,139,25,37,38,38,46,114,18,19,23,22,31,46,7,18,15,16,15,68,198,0,198,통일로11길
2016,3,A,골목상권,1000452,548,286,262,42,90,119,64,87,146,21,54,64,41,43,63,21,36,55,23,44,83,336,113,223,충정로6길
2016,3,A,골목상권,1000451,381,201,180,26,53,99,56,47,100,16,30,50,35,21,49,10,23,49,21,26,51,247,0,247,충정로4길
2016,3,A,골목상권,1000450,3274,1594,1680,457,517,506,506,520,768,233,253,269,259,254,326,224,264,237,247,266,442,1461,20,1441,증가로6길
2016,3,A,골목상권,1000449,4495,2189,2306,663,637,708,744,733,1010,332,317,370,362,360,448,331,320,338,382,373,562,1937,33,1904,증가로23나길
2016,3,A,골목상권,1000448,3347,1688,1659,636,553,475,620,507,556,338,296,253,312,245,244,298,257,222,308,262,312,1332,21,1311,증가로20가길
2016,3,A,골목상권,1000447,3831,1864,1967,439,699,554,623,579,937,218,330,308,304,287,417,221,369,246,319,292,520,2032,21,2011,증가로10길
2016,3,A,골목상권,1000446,3460,1647,1813,500,406,609,564,547,834,244,180,297,294,246,386,256,226,312,270,301,448,1580,0,1580,응암로1길
2016,3,A,골목상권,1000445,2613,1398,1215,199,1044,552,261,220,337,108,602,313,123,103,149,91,442,239,138,117,188,1783,21,1762,연희로10길
2016,3,A,골목상권,1000444,811,444,367,53,142,124,133,151,208,28,75,70,79,92,100,25,67,54,54,59,108,474,0,474,신촌로37길
2016,3,A,골목상권,1000443,3802,1861,1941,569,439,698,565,593,938,282,220,359,288,282,430,287,219,339,277,311,508,1551,267,1284,수색로8길
2016,3,A,골목상권,1000442,3784,1833,1951,445,546,495,589,620,1089,229,274,272,284,325,449,216,272,223,305,295,640,1765,0,1765,세무서길
2016,3,A,골목상권,1000441,1956,961,995,255,239,248,349,312,553,129,119,138,175,163,237,126,120,110,174,149,316,901,0,901,세무서2길
2016,3,A,골목상권,1000440,1215,580,635,194,132,130,208,202,349,92,63,59,108,114,144,102,69,71,100,88,205,543,129,414,세검정로1길
2016,3,A,골목상권,1000439,3783,1834,1949,399,563,537,616,653,1015,200,292,305,315,314,408,199,271,232,301,339,607,1963,0,1963,북아현로4길
2016,3,A,골목상권,1000438,2936,1436,1500,468,304,410,478,504,772,229,165,225,233,244,340,239,139,185,245,260,432,1222,826,396,모래내로15길
2016,3,A,골목상권,1000437,2435,1213,1222,328,521,358,385,345,498,176,257,185,189,177,229,152,264,173,196,168,269,1256,10,1246,명지대길
2016,3,A,골목상권,1000436,4067,1964,2103,664,506,699,688,565,945,327,250,370,367,265,385,337,256,329,321,300,560,1883,334,1549,독립문로8길
2016,3,A,골목상권,1000435,2753,1353,1400,393,355,406,454,408,737,212,162,219,249,192,319,181,193,187,205,216,418,1282,0,1282,가재울로6길
2016,3,A,골목상권,1000434,5580,2791,2789,758,896,887,841,1035,1163,411,462,489,418,475,536,347,434,398,423,560,627,2470,65,2405,통일로92길
2016,3,A,골목상권,1000433,1807,854,953,243,266,310,294,277,417,113,117,162,143,130,189,130,149,148,151,147,228,822,14,808,통일로87길
2016,3,A,골목상권,1000432,4519,2161,2358,609,673,780,692,744,1021,299,339,399,344,331,449,310,334,381,348,413,572,2002,37,1965,통일로78길
2016,3,A,골목상권,1000431,1824,872,952,258,253,298,276,313,426,128,125,159,135,144,181,130,128,139,141,169,245,757,0,757,통일로69길
2016,3,A,골목상권,1000430,4249,2053,2196,740,551,729,743,661,825,380,276,345,370,316,366,360,275,384,373,345,459,1625,69,1556,진흥로1길
2016,3,A,골목상권,1000429,5861,2859,3002,754,739,981,972,932,1483,389,391,517,497,428,637,365,348,464,475,504,846,2782,30,2752,진흥로12길
2016,3,A,골목상권,1000428,2475,1258,1217,377,328,384,362,398,626,205,167,205,192,201,288,172,161,179,170,197,338,993,127,866,증산서길
2016,3,A,골목상권,1000427,2840,1389,1451,463,366,466,476,428,641,237,182,243,239,189,299,226,184,223,237,239,342,1160,41,1119,증산로9길
2016,3,A,골목상권,1000426,2776,1364,1412,397,340,369,483,473,714,200,186,169,249,227,333,197,154,200,234,246,381,1206,170,1036,증산로5길
2016,3,A,골목상권,1000425,5238,2548,2690,810,725,926,878,806,1093,420,371,464,422,378,493,390,354,462,456,428,600,2188,173,2015,증산로21길
2016,3,A,골목상권,1000424,1654,811,843,225,252,252,250,266,409,108,128,136,126,127,186,117,124,116,124,139,223,719,78,641,증산로17길
2016,3,A,골목상권,1000423,2534,1258,1276,392,286,356,446,425,629,200,156,184,230,212,276,192,130,172,216,213,353,1127,315,812,증산로15길
2016,3,A,골목상권,1000422,2081,1069,1012,241,294,273,332,413,528,129,155,159,164,214,248,112,139,114,168,199,280,931,0,931,증산로13길
2016,3,A,골목상권,1000421,3223,1566,1657,569,401,537,566,472,678,305,186,270,279,232,294,264,215,267,287,240,384,1333,57,1276,응암로34길
2016,3,A,골목상권,1000420,1943,961,982,255,223,227,329,325,584,137,120,125,168,155,256,118,103,102,161,170,328,922,17,905,응암로22길
2016,3,A,골목상권,1000419,1896,961,935,240,241,221,323,357,514,132,141,112,172,185,219,108,100,109,151,172,295,918,0,918,응암로14길
2016,3,A,골목상권,1000418,1814,887,927,210,272,357,273,291,411,114,124,183,138,143,185,96,148,174,135,148,226,963,9,954,응암로13길
2016,3,A,골목상권,1000417,1560,774,786,212,184,189,244,277,454,116,97,96,129,132,204,96,87,93,115,145,250,731,0,731,응암로12길
2016,3,A,골목상권,1000416,3169,1539,1630,556,456,615,578,404,560,298,219,294,308,182,238,258,237,321,270,222,322,1441,105,1336,은평로8길
2016,3,A,골목상권,1000415,2374,1102,1272,400,311,421,419,341,482,199,154,190,205,150,204,201,157,231,214,191,278,1001,32,969,은평로3길
2016,3,A,골목상권,1000414,1354,663,691,152,180,179,248,226,369,85,102,88,122,105,161,67,78,91,126,121,208,634,8,626,은평로20길
2016,3,A,골목상권,1000413,3169,1506,1663,506,393,534,544,475,717,249,181,268,267,221,320,257,212,266,277,254,397,1323,0,1323,은평로13길
2016,3,A,골목상권,1000412,2995,1453,1542,505,360,495,542,441,652,277,177,252,270,212,265,228,183,243,272,229,387,1225,8,1217,은평로10길
2016,3,A,골목상권,1000411,2905,1403,1502,530,368,529,492,455,531,260,186,274,238,210,235,270,182,255,254,245,296,1142,136,1006,연서로5길
2016,3,A,골목상권,1000410,4039,1999,2040,550,520,558,692,738,981,277,287,305,343,345,442,273,233,253,349,393,539,1856,28,1828,연서로41길
2016,3,A,골목상권,1000409,3665,1750,1915,702,480,683,600,517,683,352,235,333,302,218,310,350,245,350,298,299,373,1436,40,1396,연서로3길
2016,3,A,골목상권,1000408,3099,1468,1631,444,410,460,486,516,783,217,202,243,246,232,328,227,208,217,240,284,455,1351,0,1351,연서로34길
2016,3,A,골목상권,1000407,2111,1048,1063,224,285,296,303,373,630,119,159,157,150,189,274,105,126,139,153,184,356,1006,0,1006,연서로33길
2016,3,A,골목상권,1000406,1089,521,568,130,180,217,161,184,217,63,88,122,70,84,94,67,92,95,91,100,123,511,0,511,연서로29길
2016,3,A,골목상권,1000405,3651,1745,1906,433,622,645,548,583,820,204,291,333,270,279,368,229,331,312,278,304,452,1819,25,1794,연서로28길
2016,3,A,골목상권,1000404,3102,1462,1640,426,453,482,532,502,707,213,213,260,237,237,302,213,240,222,295,265,405,1428,21,1407,연서로27길
2016,3,A,골목상권,1000403,4298,2033,2265,758,584,736,760,655,805,381,285,378,352,296,341,377,299,358,408,359,464,1707,34,1673,연서로21길
2016,3,A,골목상권,1000402,2381,1177,1204,363,316,400,405,401,496,183,152,213,205,192,232,180,164,187,200,209,264,1027,17,1010,연서로17길
2016,3,A,골목상권,1000401,4770,2281,2489,759,612,759,770,823,1047,391,287,378,383,382,460,368,325,381,387,441,587,1978,42,1936,연서로16길
2016,3,A,골목상권,1000400,4033,1901,2132,661,567,652,714,646,793,319,247,337,330,312,356,342,320,315,384,334,437,1585,47,1538,연서로13길
2016,3,A,골목상권,1000399,3938,1901,2037,758,551,642,704,576,707,380,280,313,335,277,316,378,271,329,369,299,391,1448,80,1368,연서로11길
2016,3,A,골목상권,1000398,5859,2819,3040,892,753,985,1014,908,1307,421,366,523,511,437,561,471,387,462,503,471,746,2580,9,2571,역말로9길
2016,3,A,골목상권,1000397,2428,1215,1213,302,321,284,395,452,674,158,183,146,209,240,279,144,138,138,186,212,395,1118,24,1094,수색로18길
2016,3,A,골목상권,1000396,2688,1278,1410,359,350,433,436,437,673,178,167,222,216,205,290,181,183,211,220,232,383,1270,0,1270,서오릉로8길
2016,3,A,골목상권,1000395,3769,1825,1944,631,510,594,589,636,809,312,260,296,294,295,368,319,250,298,295,341,441,1420,237,1183,서오릉로21길
2016,3,A,골목상권,1000394,5336,2603,2733,756,706,870,908,864,1232,392,343,465,460,428,515,364,363,405,448,436,717,2586,45,2541,불광천길
2016,3,A,골목상권,1000393,2579,1254,1325,430,359,392,436,451,511,231,176,193,214,208,232,199,183,199,222,243,279,1023,0,1023,갈현로7길
2016,3,A,골목상권,1000392,3295,1631,1664,474,433,436,550,587,815,267,230,235,271,280,348,207,203,201,279,307,467,1525,0,1525,갈현로41길
2016,3,A,골목상권,1000391,3753,1851,1902,720,582,530,653,592,676,388,292,288,291,283,309,332,290,242,362,309,367,1493,189,1304,갈현로33길
2016,3,A,골목상권,1000390,1999,980,1019,338,285,316,331,336,393,169,144,173,157,169,168,169,141,143,174,167,225,758,98,660,갈현로1길
2016,3,A,골목상권,1000389,3710,1824,1886,567,499,464,580,666,934,299,251,242,295,321,416,268,248,222,285,345,518,1605,113,1492,가좌로7길
2016,3,A,골목상권,1000388,4202,2071,2131,614,573,509,715,667,1124,314,299,267,361,334,496,300,274,242,354,333,628,1933,24,1909,한글비석로44길
2016,3,A,골목상권,1000387,2588,1308,1280,326,381,337,399,477,668,176,207,187,196,238,304,150,174,150,203,239,364,1191,0,1191,한글비석로24길
2016,3,A,골목상권,1000386,1488,774,714,242,188,192,267,253,346,131,88,105,138,135,177,111,100,87,129,118,169,596,335,261,한글비석로22길
2016,3,A,골목상권,1000385,1532,792,740,160,198,203,243,252,476,88,111,109,133,132,219,72,87,94,110,120,257,747,91,656,석계로1길
2016,3,A,골목상권,1000384,2572,1337,1235,303,389,337,405,441,697,175,206,201,206,224,325,128,183,136,199,217,372,1257,0,1257,상계로9가길
2016,3,A,골목상권,1000383,1115,551,564,208,163,188,183,183,190,105,83,95,89,85,94,103,80,93,94,98,96,392,297,95,상계로1길
2016,3,A,골목상권,1000382,3771,1854,1917,491,621,489,628,657,885,255,304,269,314,322,390,236,317,220,314,335,495,1680,253,1427,상계로12길
2016,3,A,골목상권,1000381,2953,1446,1507,423,456,405,414,565,690,227,223,220,182,274,320,196,233,185,232,291,370,1146,426,720,동일로242길
2016,3,A,골목상권,1000380,2487,1293,1194,273,767,361,295,368,423,141,408,190,166,184,204,132,359,171,129,184,219,1419,5,1414,동일로192길
2016,3,A,골목상권,1000379,3513,1750,1763,586,510,629,531,539,718,299,271,321,282,228,349,287,239,308,249,311,369,1350,610,740,동일로173가길
2016,3,A,골목상권,1000378,1651,819,832,325,316,178,270,289,273,174,175,78,111,155,126,151,141,100,159,134,147,659,18,641,공릉로58길
2016,3,A,골목상권,1000377,707,331,376,99,121,97,111,133,146,50,50,44,51,61,75,49,71,53,60,72,71,273,122,151,해등로16길
2016,3,A,골목상권,1000376,2381,1210,1171,370,341,284,430,430,526,193,189,154,207,232,235,177,152,130,223,198,291,1061,29,1032,우이천로4다길
2016,3,A,골목상권,1000375,3128,1505,1623,567,421,454,561,502,623,262,214,239,269,238,283,305,207,215,292,264,340,1234,200,1034,우이천로32길
2016,3,A,골목상권,1000374,3688,1915,1773,449,503,418,642,721,955,239,269,224,353,385,445,210,234,194,289,336,510,1677,0,1677,시루봉로23길
2016,3,A,골목상권,1000373,992,460,532,161,122,150,174,137,248,100,37,67,74,75,107,61,85,83,100,62,141,474,0,474,삼양로144길
2016,3,A,골목상권,1000372,2063,1031,1032,261,283,277,337,410,495,130,146,158,175,207,215,131,137,119,162,203,280,935,0,935,방학로6가길
2016,3,A,골목상권,1000371,3547,1779,1768,534,472,534,519,630,858,287,241,294,258,317,382,247,231,240,261,313,476,1549,54,1495,방학로5길
2016,3,A,골목상권,1000370,3723,1832,1891,822,526,419,705,639,612,422,287,205,314,301,303,400,239,214,391,338,309,1153,1022,131,방학로15길
2016,3,A,골목상권,1000369,1999,998,1001,309,259,262,343,369,457,156,147,146,164,174,211,153,112,116,179,195,246,818,10,808,방학로10길
2016,3,A,골목상권,1000368,1752,900,852,210,223,237,244,336,502,103,123,129,137,172,236,107,100,108,107,164,266,747,184,563,도봉산길
2016,3,A,골목상권,1000367,384,201,183,24,44,56,45,88,127,14,23,34,27,43,60,10,21,22,18,45,67,215,0,215,도봉산4길
2016,3,A,골목상권,1000366,2054,1015,1039,295,243,277,324,336,579,138,121,162,158,162,274,157,122,115,166,174,305,881,14,867,도봉로181길
2016,3,A,골목상권,1000365,2895,1483,1412,319,330,393,436,535,882,170,172,210,228,281,422,149,158,183,208,254,460,1372,261,1111,도봉로169나길
2016,3,A,골목상권,1000364,1399,770,629,159,162,166,241,281,390,88,87,99,140,161,195,71,75,67,101,120,195,675,0,675,도봉로156길
2016,3,A,골목상권,1000363,734,384,350,74,76,82,88,170,244,40,45,50,46,90,113,34,31,32,42,80,131,399,0,399,도봉로152가길
2016,3,A,골목상권,1000362,3716,1818,1898,498,509,497,595,691,926,254,241,263,313,345,402,244,268,234,282,346,524,1796,0,1796,도봉로147길
2016,3,A,골목상권,1000361,1816,917,899,219,281,245,262,362,447,110,147,126,135,184,215,109,134,119,127,178,232,788,87,701,도봉로143길
2016,3,A,골목상권,1000360,4852,2360,2492,493,732,793,813,861,1160,242,352,434,418,420,494,251,380,359,395,441,666,2501,165,2336,도봉로114길
2016,3,A,골목상권,1000359,2397,1179,1218,348,301,405,387,370,586,168,160,206,193,186,266,180,141,199,194,184,320,1062,115,947,도봉로109길
2016,3,A,골목상권,1000358,2945,1500,1445,344,405,379,519,498,800,183,206,210,275,256,370,161,199,169,244,242,430,1384,7,1377,도당로29길
2016,3,A,골목상권,1000357,4100,2110,1990,592,515,512,733,716,1032,310,270,272,392,386,480,282,245,240,341,330,552,1863,0,1863,도당로19길
2016,3,A,골목상권,1000356,3318,1701,1617,545,456,419,560,606,732,286,260,240,277,309,329,259,196,179,283,297,403,1417,6,1411,도당로13바길
2016,3,A,골목상권,1000355,1803,926,877,210,247,236,289,373,448,110,125,136,157,190,208,100,122,100,132,183,240,835,0,835,도당로13가길
2016,3,A,골목상권,1000354,2345,1147,1198,370,338,331,364,425,517,188,167,186,172,204,230,182,171,145,192,221,287,1031,0,1031,덕릉로60길
2016,3,A,골목상권,1000353,1795,895,900,296,240,291,290,299,379,162,120,148,140,144,181,134,120,143,150,155,198,675,380,295,노해로63다길
2016,3,A,골목상권,1000352,1843,913,930,197,318,362,284,305,377,105,146,193,155,135,179,92,172,169,129,170,198,969,44,925,노해로60길
2016,3,A,골목상권,1000351,1683,831,852,167,270,289,239,315,403,87,143,167,120,135,179,80,127,122,119,180,224,892,8,884,한천로140길
2016,3,A,골목상권,1000350,1558,741,817,144,257,275,235,246,401,68,127,147,106,114,179,76,130,128,129,132,222,794,0,794,한천로139가길
2016,3,A,골목상권,1000349,1890,954,936,215,298,343,337,312,385,115,137,190,177,156,179,100,161,153,160,156,206,989,0,989,한천로132길
2016,3,A,골목상권,1000348,3249,1626,1623,491,447,496,556,549,710,263,234,250,291,287,301,228,213,246,265,262,409,1527,23,1504,한천로130길
2016,3,A,골목상권,1000347,1900,946,954,273,277,323,310,276,441,146,138,173,173,133,183,127,139,150,137,143,258,882,131,751,한천로124나길
2016,3,A,골목상권,1000346,2209,1069,1140,417,310,309,377,371,425,222,155,147,179,171,195,195,155,162,198,200,230,743,469,274,한천로109길
2016,3,A,골목상권,1000345,2830,1441,1389,409,335,375,464,506,741,214,186,213,239,242,347,195,149,162,225,264,394,1267,18,1249,인수봉로79길
2016,3,A,골목상권,1000344,4171,1989,2182,609,562,566,595,743,1096,298,285,290,281,350,485,311,277,276,314,393,611,1600,517,1083,인수봉로72길
2016,3,A,골목상권,1000343,1867,891,976,282,264,260,315,300,446,134,136,135,159,132,195,148,128,125,156,168,251,770,0,770,인수봉로56길
2016,3,A,골목상권,1000342,2144,1052,1092,188,383,437,357,342,437,93,174,233,191,166,195,95,209,204,166,176,242,1207,5,1202,오패산로67길
2016,3,A,골목상권,1000341,2927,1447,1480,412,393,413,479,481,749,212,202,231,254,215,333,200,191,182,225,266,416,1223,0,1223,오패산로52길
2016,3,A,골목상권,1000340,1216,612,604,163,165,157,192,206,333,92,91,79,105,92,153,71,74,78,87,114,180,530,0,530,오패산로30길
2016,3,A,골목상권,1000339,2366,1170,1196,280,434,427,315,349,561,146,185,243,174,159,263,134,249,184,141,190,298,1219,23,1196,수유로12길
2016,3,A,골목상권,1000338,2904,1444,1460,397,403,434,482,510,678,201,193,235,251,246,318,196,210,199,231,264,360,1283,0,1283,솔샘로65길
2016,3,A,골목상권,1000337,2184,1051,1133,305,330,321,363,351,514,158,148,174,182,161,228,147,182,147,181,190,286,1024,0,1024,솔매로50길
2016,3,A,골목상권,1000336,2032,1006,1026,233,321,295,317,360,506,135,153,148,155,184,231,98,168,147,162,176,275,984,7,977,솔매로45길
2016,3,A,골목상권,1000335,3482,1724,1758,452,508,502,538,663,819,239,259,281,268,312,365,213,249,221,270,351,454,1607,9,1598,솔매로41길
2016,3,A,골목상권,1000334,2858,1426,1432,422,390,373,465,479,729,218,208,202,234,230,334,204,182,171,231,249,395,1215,0,1215,삼양로93길
2016,3,A,골목상권,1000333,3416,1737,1679,498,447,504,519,606,842,255,255,277,269,298,383,243,192,227,250,308,459,1455,6,1449,삼양로77길
2016,3,A,골목상권,1000332,3662,1794,1868,452,503,549,573,681,904,228,250,293,291,346,386,224,253,256,282,335,518,1662,0,1662,삼양로54길
2016,3,A,골목상권,1000331,4615,2324,2291,608,622,535,766,825,1259,326,332,289,396,432,549,282,290,246,370,393,710,2134,33,2101,삼양로41길
2016,3,A,골목상권,1000330,284,139,145,42,36,48,38,54,66,18,19,28,18,28,28,24,17,20,20,26,38,116,46,70,삼양로27길
2016,3,A,골목상권,1000329,3063,1530,1533,317,335,384,487,593,947,155,180,221,254,296,424,162,155,163,233,297,523,1569,95,1474,삼양로24길
2016,3,A,골목상권,1000328,2287,1143,1144,279,352,270,361,451,574,139,194,152,182,224,252,140,158,118,179,227,322,1058,0,1058,삼양로20길
2016,3,A,골목상권,1000327,3803,1863,1940,460,593,661,566,676,847,247,305,354,266,304,387,213,288,307,300,372,460,1674,57,1617,삼각산로28길
2016,3,A,골목상권,1000326,2250,1110,1140,257,384,359,344,396,510,137,202,194,166,191,220,120,182,165,178,205,290,1036,0,1036,도봉로99길
2016,3,A,골목상권,1000325,267,137,130,18,31,43,60,44,71,12,13,31,36,19,26,6,18,12,24,25,45,158,0,158,도봉로8길
2016,3,A,골목상권,1000324,3374,1575,1799,332,698,577,495,560,712,154,264,292,267,284,314,178,434,285,228,276,398,1910,444,1466,도봉로76길
2016,3,A,골목상권,1000323,1714,842,872,209,237,247,225,316,480,112,109,139,118,147,217,97,128,108,107,169,263,839,0,839,도봉로67길
2016,3,A,골목상권,1000322,3376,1638,1738,449,457,552,589,558,771,229,213,288,299,254,355,220,244,264,290,304,416,1550,34,1516,도봉로45길
2016,3,A,골목상권,1000321,3117,1585,1532,381,416,457,492,565,806,187,231,269,256,275,367,194,185,188,236,290,439,1360,58,1302,도봉로18길
2016,3,A,골목상권,1000320,1829,908,921,205,277,231,296,349,471,104,153,126,147,166,212,101,124,105,149,183,259,836,0,836,도봉로13길
2016,3,A,골목상권,1000319,2740,1309,1431,248,468,470,440,444,670,125,210,242,217,219,296,123,258,228,223,225,374,1558,0,1558,덕릉로41길
2016,3,A,골목상권,1000318,1981,1002,979,295,264,283,351,347,441,160,124,143,195,174,206,135,140,140,156,173,235,834,0,834,덕릉로40길
2016,3,A,골목상권,1000317,2409,1190,1219,304,308,355,392,399,651,175,172,194,193,183,273,129,136,161,199,216,378,1067,0,1067,노해로33길
2016,3,A,골목상권,1000316,1424,685,739,212,201,228,242,244,297,96,99,132,120,106,132,116,102,96,122,138,165,591,0,591,노해로23길
2016,3,A,골목상권,1000315,2720,1347,1373,373,403,405,457,461,621,186,200,223,235,226,277,187,203,182,222,235,344,1189,0,1189,노해로17길
2016,3,A,골목상권,1000314,1989,1033,956,235,233,320,371,365,465,129,115,176,196,191,226,106,118,144,175,174,239,1021,0,1021,화랑로40길
2016,3,A,골목상권,1000313,3617,1836,1781,471,557,461,626,622,880,260,291,235,339,318,393,211,266,226,287,304,487,1704,0,1704,화랑로32길
2016,3,A,골목상권,1000312,2590,1299,1291,368,269,406,436,431,680,178,146,219,243,210,303,190,123,187,193,221,377,1158,81,1077,화랑로1길
2016,3,A,골목상권,1000311,2465,1242,1223,370,290,345,419,414,627,182,165,188,215,204,288,188,125,157,204,210,339,1036,10,1026,화랑로19길
2016,3,A,골목상권,1000310,1420,687,733,175,297,203,207,237,301,85,138,111,103,123,127,90,159,92,104,114,174,700,0,700,화랑로14길
2016,3,A,골목상권,1000309,865,371,494,98,207,130,125,111,194,43,56,72,65,62,73,55,151,58,60,49,121,482,0,482,화랑로13길
2016,3,A,골목상권,1000308,1811,900,911,229,270,299,292,322,399,119,135,156,147,154,189,110,135,143,145,168,210,833,0,833,한천로76길
2016,3,A,골목상권,1000307,3463,1767,1696,610,413,424,658,585,773,313,225,233,328,310,358,297,188,191,330,275,415,1375,205,1170,한천로101가길
2016,3,A,골목상권,1000306,1301,574,727,117,330,254,179,182,239,63,140,105,81,87,98,54,190,149,98,95,141,764,0,764,창경궁로43길
2016,3,A,골목상권,1000305,2824,1415,1409,346,494,476,474,441,593,176,258,272,239,208,262,170,236,204,235,233,331,1366,14,1352,지봉로20길
2016,3,A,골목상권,1000304,2627,1452,1175,291,794,422,320,309,491,148,496,256,167,164,221,143,298,166,153,145,270,1515,154,1361,종암로5길
2016,3,A,골목상권,1000303,2174,1082,1092,382,251,402,362,344,433,201,133,201,199,169,179,181,118,201,163,175,254,902,445,457,종암로24가길
2016,3,A,골목상권,1000302,1202,585,617,243,165,173,222,192,207,132,82,88,107,94,82,111,83,85,115,98,125,470,213,257,종암로21길
2016,3,A,골목상권,1000301,1605,776,829,256,263,237,269,243,337,125,134,124,132,111,150,131,129,113,137,132,187,658,174,484,종암로19길
2016,3,A,골목상권,1000300,3140,1489,1651,343,407,337,471,530,1052,190,201,181,223,270,424,153,206,156,248,260,628,1729,0,1729,종암로16길
2016,3,A,골목상권,1000299,1885,950,935,241,347,288,238,307,464,122,178,159,135,157,199,119,169,129,103,150,265,963,24,939,정릉로8길
2016,3,A,골목상권,1000298,3053,1511,1542,473,354,454,477,490,805,261,187,243,235,232,353,212,167,211,242,258,452,1286,0,1286,정릉로27길
2016,3,A,골목상권,1000297,338,170,168,52,43,50,52,54,87,30,20,25,31,25,39,22,23,25,21,29,48,147,0,147,정릉로26길
2016,3,A,골목상권,1000296,2491,1276,1215,303,323,336,402,458,669,152,158,183,223,237,323,151,165,153,179,221,346,1121,0,1121,장위로50길
2016,3,A,골목상권,1000295,2061,971,1090,233,393,286,307,313,529,122,134,151,172,154,238,111,259,135,135,159,291,1025,280,745,장월로1길
2016,3,A,골목상권,1000294,509,260,249,54,71,83,89,75,137,25,37,50,48,34,66,29,34,33,41,41,71,272,0,272,인촌로6길
2016,3,A,골목상권,1000293,1529,675,854,157,444,256,206,200,266,81,149,127,98,99,121,76,295,129,108,101,145,883,0,883,인촌로5길
2016,3,A,골목상권,1000292,720,419,301,42,282,128,69,75,124,26,154,91,44,44,60,16,128,37,25,31,64,508,0,508,인촌로24길
2016,3,A,골목상권,1000291,1081,562,519,74,588,137,78,71,133,41,310,86,37,34,54,33,278,51,41,37,79,816,0,816,개운사길
2016,3,A,골목상권,1000290,1589,779,810,173,311,265,224,259,357,84,156,127,124,130,158,89,155,138,100,129,199,862,0,862,인촌로1길
2016,3,A,골목상권,1000289,1721,831,890,194,542,262,245,188,290,96,273,127,115,92,128,98,269,135,130,96,162,981,0,981,인촌로17가길
2016,3,A,골목상권,1000288,3131,1529,1602,392,597,448,477,502,715,192,247,238,266,248,338,200,350,210,211,254,377,1489,0,1489,오패산로4길
2016,3,A,골목상권,1000287,3509,1750,1759,503,454,465,535,603,949,260,240,245,292,287,426,243,214,220,243,316,523,1484,535,949,오패산로3길
2016,3,A,골목상권,1000286,1823,904,919,206,239,242,285,328,523,106,125,127,151,168,227,100,114,115,134,160,296,880,0,880,오패산로19길
2016,3,A,골목상권,1000285,2278,1155,1123,261,427,436,360,368,426,135,232,229,184,192,183,126,195,207,176,176,243,1180,30,1150,안암로5길
2016,3,A,골목상권,1000284,3186,1427,1759,302,887,644,388,349,616,156,353,303,191,156,268,146,534,341,197,193,348,1834,14,1820,아리랑로4길
2016,3,A,골목상권,1000283,1919,956,963,282,294,266,291,325,461,138,163,144,142,178,191,144,131,122,149,147,270,813,14,799,솔샘로6길
2016,3,A,골목상권,1000282,1555,768,787,275,226,216,280,246,312,156,113,105,138,121,135,119,113,111,142,125,177,608,132,476,성북로8길
2016,3,A,골목상권,1000281,2941,1458,1483,398,387,408,453,504,791,209,214,213,232,245,345,189,173,195,221,259,446,1284,32,1252,삼양로8길
2016,3,A,골목상권,1000280,1447,736,711,227,215,208,240,228,329,124,117,117,125,107,146,103,98,91,115,121,183,661,0,661,삼선교로16가길
2016,3,A,골목상권,1000279,2357,1174,1183,265,386,383,365,408,550,141,193,213,195,193,239,124,193,170,170,215,311,1176,0,1176,삼선교로10다길
2016,3,A,골목상권,1000278,2333,1100,1233,289,486,380,341,338,499,154,224,191,166,148,217,135,262,189,175,190,282,1192,0,1192,삼선교로10길
2016,3,A,골목상권,1000277,1309,470,839,88,494,300,141,121,165,40,114,123,66,56,71,48,380,177,75,65,94,909,0,909,보문로32길
2016,3,A,골목상권,1000276,3012,1411,1601,381,629,577,457,388,580,204,269,286,227,182,243,177,360,291,230,206,337,1589,19,1570,보문로31길
2016,3,A,골목상권,1000275,1349,637,712,131,371,232,196,165,254,70,157,128,100,81,101,61,214,104,96,84,153,767,0,767,보문로26길
2016,3,A,골목상권,1000274,2506,1214,1292,290,389,394,415,420,598,144,194,205,199,206,266,146,195,189,216,214,332,1285,0,1285,보문로13길
2016,3,A,골목상권,1000273,2866,1407,1459,473,399,470,472,443,609,245,202,239,249,205,267,228,197,231,223,238,342,1156,0,1156,보국문로16길
2016,3,A,골목상권,1000272,317,150,167,36,41,47,44,54,95,19,21,20,26,26,38,17,20,27,18,28,57,166,0,166,동소문로6길
2016,3,A,골목상권,1000271,415,211,204,43,70,52,66,67,117,24,37,30,36,34,50,19,33,22,30,33,67,220,0,220,동소문로2길
2016,3,A,골목상권,1000270,2406,988,1418,181,686,452,327,269,491,76,215,202,167,123,205,105,471,250,160,146,286,1583,0,1583,동소문로26가길
2016,3,A,골목상권,1000269,1145,497,648,143,279,181,200,132,210,77,87,85,103,65,80,66,192,96,97,67,130,625,0,625,동소문로15길
2016,3,A,골목상권,1000268,2850,1311,1539,506,469,452,507,385,531,235,219,209,234,179,235,271,250,243,273,206,296,1226,420,806,동소문로13길
2016,3,A,골목상권,1000267,1400,701,699,180,198,173,197,274,378,100,101,98,103,134,165,80,97,75,94,140,213,634,0,634,돌곶이로8길
2016,3,A,골목상권,1000266,1943,983,960,320,249,261,319,337,457,170,134,145,153,168,213,150,115,116,166,169,244,778,0,778,돌곶이로41길
2016,3,A,골목상권,1000265,2001,1071,930,239,264,318,322,359,499,132,136,174,190,192,247,107,128,144,132,167,252,916,132,784,돌곶이로28길
2016,3,A,골목상권,1000264,3298,1672,1626,437,400,411,571,611,868,218,215,235,289,310,405,219,185,176,282,301,463,1485,0,1485,돌곶이로27길
2016,3,A,골목상권,1000263,1279,635,644,195,189,188,204,229,274,97,85,108,102,115,128,98,104,80,102,114,146,591,0,591,돌곶이로22길
2016,3,A,골목상권,1000262,1376,675,701,200,176,190,228,241,341,109,76,95,118,125,152,91,100,95,110,116,189,595,0,595,돌곶이로14길
2016,3,A,골목상권,1000261,324,165,159,15,28,39,48,50,144,8,14,25,26,28,64,7,14,14,22,22,80,197,0,197,길음로7길
2016,3,A,골목상권,1000260,2726,1404,1322,357,361,433,475,484,616,190,179,251,248,253,283,167,182,182,227,231,333,1291,84,1207,중랑천로10길
2016,3,A,골목상권,1000259,3578,1854,1724,502,539,480,595,686,776,253,287,270,315,357,372,249,252,210,280,329,404,1564,58,1506,용마산로94길
2016,3,A,골목상권,1000258,2053,1084,969,188,246,240,324,474,581,96,129,136,178,261,284,92,117,104,146,213,297,1196,0,1196,용마산로118길
2016,3,A,골목상권,1000257,2735,1388,1347,406,380,369,402,537,641,200,197,207,203,270,311,206,183,162,199,267,330,1172,171,1001,용마산로112길
2016,3,A,골목상권,1000256,3164,1593,1571,536,443,470,520,551,644,264,225,248,258,297,301,272,218,222,262,254,343,1371,0,1371,용마산로100길
2016,3,A,골목상권,1000255,723,335,388,156,87,120,140,97,123,70,44,54,61,55,51,86,43,66,79,42,72,303,82,221,신내로7가길
2016,3,A,골목상권,1000254,3293,1597,1696,388,529,606,539,518,713,197,243,315,284,247,311,191,286,291,255,271,402,1714,0,1714,사가정로54길
2016,3,A,골목상권,1000253,3333,1667,1666,555,435,496,536,588,723,283,220,247,280,282,355,272,215,249,256,306,368,1332,524,808,사가정로42길
2016,3,A,골목상권,1000252,3911,1922,1989,714,519,565,665,668,780,369,285,280,330,311,347,345,234,285,335,357,433,1421,712,709,봉화산로56길
2016,3,A,골목상권,1000251,4657,2448,2209,479,633,713,754,961,1117,257,317,415,405,511,543,222,316,298,349,450,574,2333,0,2333,봉화산로4길
2016,3,A,골목상권,1000250,2722,1347,1375,386,421,431,420,493,571,203,212,226,205,246,255,183,209,205,215,247,316,1218,0,1218,봉화산로30길
2016,3,A,골목상권,1000249,2303,1156,1147,212,373,415,326,435,542,105,193,217,171,219,251,107,180,198,155,216,291,1183,0,1183,봉우재로33길
2016,3,A,골목상권,1000248,5799,2852,2947,793,876,949,920,1006,1255,395,442,501,472,486,556,398,434,448,448,520,699,2667,20,2647,면목로78길
2016,3,A,골목상권,1000247,2960,1481,1479,381,446,410,533,566,624,190,240,223,273,278,277,191,206,187,260,288,347,1350,37,1313,면목로56길
2016,3,A,골목상권,1000246,2011,1014,997,303,271,347,364,358,368,158,135,188,182,181,170,145,136,159,182,177,198,924,26,898,면목로55길
2016,3,A,골목상권,1000245,2982,1504,1478,356,400,521,511,515,679,198,183,270,279,269,305,158,217,251,232,246,374,1594,0,1594,면목로49길
2016,3,A,골목상권,1000244,3074,1482,1592,401,469,512,492,539,661,190,234,271,244,258,285,211,235,241,248,281,376,1452,8,1444,면목로48길
2016,3,A,골목상권,1000243,1524,773,751,156,260,244,247,282,335,74,135,130,137,147,150,82,125,114,110,135,185,763,0,763,면목로45길
2016,3,A,골목상권,1000242,2788,1397,1391,443,364,413,504,453,611,223,179,217,270,227,281,220,185,196,234,226,330,1267,0,1267,면목로33길
2016,3,A,골목상권,1000241,1971,1002,969,295,276,307,347,341,405,153,152,150,188,175,184,142,124,157,159,166,221,884,0,884,면목로21길
2016,3,A,골목상권,1000240,1568,796,772,210,232,185,266,290,385,101,120,101,143,147,184,109,112,84,123,143,201,740,0,740,망우로73길
2016,3,A,골목상권,1000239,2478,1287,1191,344,363,346,382,528,515,190,212,193,180,268,244,154,151,153,202,260,271,1169,22,1147,망우로68길
2016,3,A,골목상권,1000238,3353,1682,1671,399,510,640,516,606,682,200,247,353,266,305,311,199,263,287,250,301,371,1665,24,1641,동일로163길
2016,3,A,골목상권,1000237,2455,1217,1238,262,418,437,382,430,526,130,202,243,203,213,226,132,216,194,179,217,300,1275,0,1275,동일로157길
2016,3,A,골목상권,1000236,2830,1398,1432,438,378,476,461,483,594,238,176,258,230,241,255,200,202,218,231,242,339,1256,74,1182,동일로149길
2016,3,A,골목상권,1000235,2234,1155,1079,296,345,385,310,416,482,161,186,203,160,219,226,135,159,182,150,197,256,950,15,935,동일로140길
2016,3,A,골목상권,1000234,2977,1516,1461,301,390,390,482,648,766,154,187,209,261,346,359,147,203,181,221,302,407,1567,0,1567,동일로139길
2016,3,A,골목상권,1000233,1898,972,926,264,281,270,305,375,403,150,146,140,171,186,179,114,135,130,134,189,224,811,355,456,동일로139가길
2016,3,A,골목상권,1000232,3516,1697,1819,517,545,569,514,642,729,255,282,292,244,298,326,262,263,277,270,344,403,1488,0,1488,동일로130길
2016,3,A,골목상권,1000231,2729,1398,1331,317,386,352,426,599,649,179,211,181,215,316,296,138,175,171,211,283,353,1351,0,1351,동일로123길
2016,3,A,골목상권,1000230,4476,2218,2258,473,841,857,650,757,898,245,378,457,357,363,418,228,463,400,293,394,480,2388,9,2379,동일로112길
2016,3,A,골목상권,1000229,3151,1579,1572,509,424,405,617,577,619,232,217,219,320,305,286,277,207,186,297,272,333,1385,141,1244,동일로101길
2016,3,A,골목상권,1000228,4916,2510,2406,664,737,822,753,890,1050,360,374,465,387,441,483,304,363,357,366,449,567,2188,71,2117,동일로100길
2016,3,A,골목상권,1000227,1996,991,1005,309,311,307,341,351,377,162,150,169,158,182,170,147,161,138,183,169,207,869,18,851,답십리로75길
2016,3,A,골목상권,1000226,4148,2007,2141,512,601,761,637,679,958,255,293,378,336,311,434,257,308,383,301,368,524,1940,346,1594,공릉로2길
2016,3,A,골목상권,1000225,1043,517,526,190,151,132,184,180,206,102,77,71,90,91,86,88,74,61,94,89,120,437,0,437,공릉로12가길
2016,3,A,골목상권,1000224,5199,2605,2594,733,801,898,874,915,978,391,416,468,426,463,441,342,385,430,448,452,537,2289,13,2276,겸재로54길
2016,3,A,골목상권,1000223,4268,2136,2132,509,591,704,770,750,944,270,283,373,389,379,442,239,308,331,381,371,502,2314,36,2278,겸재로36길
2016,3,A,골목상권,1000222,2245,1134,1111,252,351,386,377,381,498,126,169,205,199,215,220,126,182,181,178,166,278,1156,21,1135,겸재로29길
2016,3,A,골목상권,1000221,3756,1879,1877,400,658,667,597,618,816,203,332,372,322,301,349,197,326,295,275,317,467,2003,0,2003,휘경로3길
2016,3,A,골목상권,1000220,1360,661,699,133,375,193,180,184,295,61,177,111,94,89,129,72,198,82,86,95,166,793,0,793,휘경로2길
2016,3,A,골목상권,1000219,2671,1328,1343,278,299,381,496,459,758,137,158,219,271,228,315,141,141,162,225,231,443,1529,0,1529,휘경로23길
2016,3,A,골목상권,1000218,2139,1117,1022,199,306,300,386,391,557,100,164,173,223,207,250,99,142,127,163,184,307,1144,0,1144,휘경로14길
2016,3,A,골목상권,1000217,2155,1047,1108,415,261,284,413,314,468,205,121,156,191,167,207,210,140,128,222,147,261,801,417,384,한천로46길
2016,3,A,골목상권,1000216,1833,931,902,209,225,230,290,371,508,102,116,119,168,199,227,107,109,111,122,172,281,954,0,954,한천로40길
2016,3,A,골목상권,1000215,649,324,325,113,77,84,132,108,135,55,31,42,76,55,65,58,46,42,56,53,70,289,0,289,한천로33길
2016,3,A,골목상권,1000214,2991,1572,1419,325,377,401,520,596,772,158,199,220,300,322,373,167,178,181,220,274,399,1549,58,1491,한천로14길
2016,3,A,골목상권,1000213,2595,1309,1286,413,408,499,415,395,465,203,196,253,221,202,234,210,212,246,194,193,231,1112,396,716,천호대로97길
2016,3,A,골목상권,1000212,2320,1197,1123,331,340,409,357,417,466,179,177,212,193,197,239,152,163,197,164,220,227,936,91,845,천호대로77길
2016,3,A,골목상권,1000211,2584,1333,1251,267,346,328,361,492,790,137,191,189,210,245,361,130,155,139,151,247,429,1292,10,1282,천호대로45길
2016,3,A,골목상권,1000210,2016,1030,986,233,302,315,323,341,502,110,163,188,175,166,228,123,139,127,148,175,274,1013,33,980,천호대로17길
2016,3,A,골목상권,1000209,768,409,359,72,101,76,92,157,270,36,53,46,61,93,120,36,48,30,31,64,150,390,0,390,천호대로12길
2016,3,A,골목상권,1000208,1467,769,698,140,801,176,97,86,167,62,443,104,45,41,74,78,358,72,52,45,93,1086,0,1086,천장산로7길
2016,3,A,골목상권,1000207,1146,619,527,85,220,200,156,172,313,47,117,127,95,92,141,38,103,73,61,80,172,700,0,700,제기로5길
2016,3,A,골목상권,1000206,3385,1714,1671,337,345,393,473,615,1222,170,188,230,250,329,547,167,157,163,223,286,675,1880,0,1880,제기로21길
2016,3,A,골목상권,1000205,1596,832,764,141,195,177,299,312,472,84,100,98,164,174,212,57,95,79,135,138,260,923,0,923,전농로4길
2016,3,A,골목상권,1000204,1874,939,935,281,236,237,318,328,474,145,120,128,160,178,208,136,116,109,158,150,266,843,0,843,전농로3길
2016,3,A,골목상권,1000203,2109,1031,1078,308,267,251,351,395,537,151,148,135,175,201,221,157,119,116,176,194,316,962,0,962,전농로29길
2016,3,A,골목상권,1000202,2326,1183,1143,343,342,440,342,414,445,196,160,238,180,191,218,147,182,202,162,223,227,937,286,651,장한로8길
2016,3,A,골목상권,1000201,1524,770,754,199,227,278,233,265,322,108,111,150,121,133,147,91,116,128,112,132,175,702,85,617,장한로5길
2016,3,A,골목상권,1000200,1199,632,567,142,151,187,192,229,298,76,80,109,114,110,143,66,71,78,78,119,155,608,0,608,장한로27길
2016,3,A,골목상권,1000199,1258,645,613,166,166,157,203,205,361,89,92,83,101,111,169,77,74,74,102,94,192,569,0,569,장한로27가길
2016,3,A,골목상권,1000198,2747,1377,1370,532,283,489,507,386,550,276,149,244,266,182,260,256,134,245,241,204,290,1020,282,738,장한로26길
2016,3,A,골목상권,1000197,1359,679,680,186,209,296,190,205,273,90,102,150,99,96,142,96,107,146,91,109,131,639,73,566,장한로26가길
2016,3,A,골목상권,1000196,677,340,337,101,110,99,111,136,120,55,60,48,55,67,55,46,50,51,56,69,65,285,18,267,장한로25길
2016,3,A,골목상권,1000195,1490,751,739,273,179,243,246,220,329,144,95,122,131,104,155,129,84,121,115,116,174,535,297,238,장한로14길
2016,3,A,골목상권,1000194,3861,1968,1893,521,622,558,611,634,915,267,329,313,315,333,411,254,293,245,296,301,504,1830,0,1830,이문로42길
2016,3,A,골목상권,1000193,3171,1590,1581,354,373,439,506,597,902,167,197,237,288,314,387,187,176,202,218,283,515,1728,123,1605,왕산로43길
2016,3,A,골목상권,1000192,546,283,263,32,64,64,68,90,228,16,35,32,44,47,109,16,29,32,24,43,119,317,0,317,왕산로33길
2016,3,A,골목상권,1000191,1148,594,554,98,176,167,151,220,336,54,85,89,92,118,156,44,91,78,59,102,180,635,0,635,왕산로32길
2016,3,A,골목상권,1000190,1604,821,783,138,184,215,206,306,555,78,96,119,125,161,242,60,88,96,81,145,313,888,0,888,약령시로17길
2016,3,A,골목상권,1000189,1994,1034,960,276,268,308,329,315,498,149,139,163,177,173,233,127,129,145,152,142,265,931,0,931,서울시립대로4길
2016,3,A,골목상권,1000188,4391,2216,2175,518,1138,694,517,588,936,249,624,398,263,271,411,269,514,296,254,317,525,2301,154,2147,서울시립대로29길
2016,3,A,골목상권,1000187,2033,1029,1004,304,304,236,356,359,474,157,166,139,178,174,215,147,138,97,178,185,259,895,0,895,서울시립대로16길
2016,3,A,골목상권,1000186,2033,1014,1019,306,286,333,359,329,420,145,159,174,190,169,177,161,127,159,169,160,243,902,155,747,사가정로2길
2016,3,A,골목상권,1000185,2108,1037,1071,330,319,321,328,377,433,160,165,166,158,184,204,170,154,155,170,193,229,780,206,574,사가정로23가길
2016,3,A,골목상권,1000184,2118,1058,1060,257,270,279,319,429,564,136,150,146,163,217,246,121,120,133,156,212,318,1018,144,874,사가정로13길
2016,3,A,골목상권,1000183,2110,1152,958,235,479,330,282,337,447,123,297,205,145,174,208,112,182,125,137,163,239,1114,0,1114,무학로45길
2016,3,A,골목상권,1000182,1234,620,614,179,168,192,171,220,304,90,93,107,89,110,131,89,75,85,82,110,173,555,0,555,무학로16길
2016,3,A,골목상권,1000181,270,146,124,22,32,31,50,48,87,12,20,17,29,29,39,10,12,14,21,19,48,134,0,134,망우로21길
2016,3,A,골목상권,1000180,1444,703,741,185,427,208,183,168,273,85,224,100,94,74,126,100,203,108,89,94,147,797,0,797,망우로18길
2016,3,A,골목상권,1000179,2673,1337,1336,276,842,365,323,332,535,131,441,209,163,147,246,145,401,156,160,185,289,1493,0,1493,망우로18가길
2016,3,A,골목상권,1000178,1246,620,626,181,180,230,193,207,255,93,88,115,103,102,119,88,92,115,90,105,136,546,22,524,답십리로72길
2016,3,A,골목상권,1000177,1608,832,776,268,199,260,254,269,358,143,111,135,132,146,165,125,88,125,122,123,193,614,239,375,답십리로69길
2016,3,A,골목상권,1000176,2833,1464,1369,347,404,606,484,501,491,194,199,322,256,250,243,153,205,284,228,251,248,1370,81,1289,답십리로68길
2016,3,A,골목상권,1000175,2975,1465,1510,432,403,464,492,554,630,217,192,253,255,254,294,215,211,211,237,300,336,1375,48,1327,답십리로64길
2016,3,A,골목상권,1000174,1522,758,764,206,211,217,247,283,358,93,116,120,130,146,153,113,95,97,117,137,205,690,0,690,답십리로63길
2016,3,A,골목상권,1000173,2108,1079,1029,279,329,269,305,413,513,144,174,146,156,220,239,135,155,123,149,193,274,874,210,664,답십리로60길
2016,3,A,골목상권,1000172,3968,1984,1984,529,524,549,645,715,1006,269,299,277,337,353,449,260,225,272,308,362,557,1757,466,1291,답십리로56길
2016,3,A,골목상권,1000171,1880,918,962,253,289,248,298,329,463,142,149,121,144,162,200,111,140,127,154,167,263,903,0,903,답십리로23길
2016,3,A,골목상권,1000170,238,141,97,35,27,35,41,40,60,19,16,22,24,23,37,16,11,13,17,17,23,112,0,112,난계로30길
2016,3,A,골목상권,1000169,1316,654,662,148,414,209,150,154,241,58,215,122,72,72,115,90,199,87,78,82,126,789,0,789,경희대로4길
2016,3,A,골목상권,1000168,628,305,323,50,248,103,57,65,105,27,117,54,27,34,46,23,131,49,30,31,59,420,0,420,경희대로3길
2016,3,A,골목상권,1000167,3028,1476,1552,496,421,550,522,477,562,260,206,273,266,216,255,236,215,277,256,261,307,1199,21,1178,천호대로129길
2016,3,A,골목상권,1000166,3101,1498,1603,473,486,555,488,561,538,245,244,267,235,265,242,228,242,288,253,296,296,1301,0,1301,천호대로123길
2016,3,A,골목상권,1000165,3624,1735,1889,474,630,772,562,546,640,247,283,377,261,264,303,227,347,395,301,282,337,1698,17,1681,천호대로109길
2016,3,A,골목상권,1000164,3975,2021,1954,668,567,565,679,722,774,352,299,308,333,371,358,316,268,257,346,351,416,1627,180,1447,자양번영로3길
2016,3,A,골목상권,1000163,2865,1374,1491,477,371,482,438,510,587,238,174,224,210,256,272,239,197,258,228,254,315,1184,0,1184,자양로53길
2016,3,A,골목상권,1000162,4734,2314,2420,778,642,807,751,785,971,407,334,405,367,363,438,371,308,402,384,422,533,1953,37,1916,자양로50길
2016,3,A,골목상권,1000161,2495,1201,1294,337,363,466,407,409,513,179,168,222,204,185,243,158,195,244,203,224,270,1105,0,1105,자양로45길
2016,3,A,골목상권,1000160,3171,1502,1669,445,567,597,596,477,489,221,245,300,287,228,221,224,322,297,309,249,268,1499,89,1410,자양로26길
2016,3,A,골목상권,1000159,1964,935,1029,261,318,363,319,299,404,140,154,157,159,152,173,121,164,206,160,147,231,927,0,927,자양로15길
2016,3,A,골목상권,1000158,4085,1985,2100,481,630,765,665,697,847,244,295,399,336,333,378,237,335,366,329,364,469,2084,0,2084,자양로11길
2016,3,A,골목상권,1000157,3828,1874,1954,676,605,749,648,571,579,356,313,359,317,274,255,320,292,390,331,297,324,1614,74,1540,용마산로3길
2016,3,A,골목상권,1000156,5290,2640,2650,769,859,940,844,953,925,378,444,501,413,463,441,391,415,439,431,490,484,2250,59,2191,용마산로21길
2016,3,A,골목상권,1000155,1057,513,544,189,144,240,177,145,162,106,63,120,80,68,76,83,81,120,97,77,86,446,194,252,아차산로78길
2016,3,A,골목상권,1000154,2407,1180,1227,442,354,393,432,355,431,223,186,201,202,169,199,219,168,192,230,186,232,1035,47,988,아차산로65길
2016,3,A,골목상권,1000153,3026,1433,1593,287,597,689,458,441,554,157,270,357,230,186,233,130,327,332,228,255,321,1582,0,1582,아차산로55길
2016,3,A,골목상권,1000152,1722,811,911,199,341,417,255,267,243,100,155,188,128,128,112,99,186,229,127,139,131,897,5,892,아차산로51길
2016,3,A,골목상권,1000151,3099,1560,1539,413,593,530,509,477,577,240,280,284,259,238,259,173,313,246,250,239,318,1401,53,1348,아차산로40길
2016,3,A,골목상권,1000150,4180,2076,2104,512,605,701,665,800,897,241,319,379,329,401,407,271,286,322,336,399,490,2017,0,2017,면목로17길
2016,3,A,골목상권,1000149,2996,1512,1484,443,482,486,461,528,596,256,221,275,218,261,281,187,261,211,243,267,315,1293,0,1293,뚝섬로64길
2016,3,A,골목상권,1000148,3432,1678,1754,623,453,642,615,491,608,304,231,329,307,232,275,319,222,313,308,259,333,1389,56,1333,뚝섬로58길
2016,3,A,골목상권,1000147,3510,1722,1788,683,491,663,634,528,511,345,245,331,299,259,243,338,246,332,335,269,268,1380,11,1369,뚝섬로54길
2016,3,A,골목상권,1000146,3668,1788,1880,578,510,722,653,553,652,294,266,347,328,252,301,284,244,375,325,301,351,1644,0,1644,뚝섬로48길
2016,3,A,골목상권,1000145,3031,1534,1497,384,404,470,491,591,691,198,210,255,253,311,307,186,194,215,238,280,384,1428,0,1428,뚝섬로24길
2016,3,A,골목상권,1000144,2124,1031,1093,222,328,364,314,415,481,107,162,186,165,194,217,115,166,178,149,221,264,1052,7,1045,뚝섬로23길
2016,3,A,골목상권,1000143,3035,1461,1574,295,882,667,395,357,439,154,378,340,205,177,207,141,504,327,190,180,232,1823,175,1648,동일로24길
2016,3,A,골목상권,1000142,2127,1100,1027,219,379,398,321,389,421,112,202,203,187,207,189,107,177,195,134,182,232,1176,54,1122,동일로18길
2016,3,A,골목상권,1000141,3476,1667,1809,782,466,602,659,534,433,374,239,264,320,263,207,408,227,338,339,271,226,1209,601,608,능동로4길
2016,3,A,골목상권,1000140,3821,1932,1889,412,431,595,615,803,965,197,218,305,344,417,451,215,213,290,271,386,514,1973,356,1617,능동로3길
2016,3,A,골목상권,1000139,5160,2412,2748,661,907,1343,745,616,888,366,368,638,362,290,388,295,539,705,383,326,500,2620,26,2594,능동로34길
2016,3,A,골목상권,1000138,2320,1129,1191,117,839,426,254,286,398,56,373,213,152,168,167,61,466,213,102,118,231,1756,0,1756,능동로19길
2016,3,A,골목상권,1000137,3762,1772,1990,281,1277,816,429,406,553,146,518,420,231,208,249,135,759,396,198,198,304,2491,0,2491,능동로13길
2016,3,A,골목상권,1000136,2098,1059,1039,284,312,334,341,397,430,158,161,188,155,194,203,126,151,146,186,203,227,950,0,950,긴고랑로9길
2016,3,A,골목상권,1000135,4297,2191,2106,477,670,871,664,758,857,272,336,472,334,377,400,205,334,399,330,381,457,2119,28,2091,긴고랑로8길
2016,3,A,골목상권,1000134,4691,2310,2381,715,629,797,831,835,884,355,316,405,418,429,387,360,313,392,413,406,497,2139,47,2092,긴고랑로7길
2016,3,A,골목상권,1000133,4202,2022,2180,606,644,789,653,709,801,309,303,398,321,337,354,297,341,391,332,372,447,1949,10,1939,긴고랑로20길
2016,3,A,골목상권,1000132,4547,2204,2343,707,696,902,760,683,799,332,358,462,377,333,342,375,338,440,383,350,457,2075,0,2075,광나루로52길
2016,3,A,골목상권,1000131,3826,1881,1945,488,584,850,603,554,747,235,303,437,294,267,345,253,281,413,309,287,402,1867,32,1835,광나루로40길
2016,3,A,골목상권,1000130,641,300,341,95,96,71,100,126,153,44,47,39,48,56,66,51,49,32,52,70,87,289,0,289,광나루로37길
2016,3,A,골목상권,1000129,2703,1289,1414,366,411,498,461,403,564,179,189,243,246,192,240,187,222,255,215,211,324,1345,31,1314,광나루로36길
2016,3,A,골목상권,1000128,1381,731,650,128,367,242,187,172,285,70,215,136,101,89,120,58,152,106,86,83,165,821,0,821,광나루로24길
2016,3,A,골목상권,1000127,2368,1208,1160,130,1112,537,212,189,188,70,519,300,124,105,90,60,593,237,88,84,98,1858,8,1850,광나루로12길
2016,3,A,골목상권,1000126,2227,1059,1168,228,309,362,358,400,570,111,148,183,178,206,233,117,161,179,180,194,337,1033,709,324,한림말길
2016,3,A,골목상권,1000125,1030,491,539,153,152,204,153,142,226,82,66,91,84,63,105,71,86,113,69,79,121,489,52,437,한림말3길
2016,3,A,골목상권,1000124,2845,1470,1375,402,419,382,490,506,646,214,243,207,242,279,285,188,176,175,248,227,361,1279,0,1279,청계천로10나길
2016,3,A,골목상권,1000123,2063,1003,1060,227,266,289,374,331,576,120,137,144,198,151,253,107,129,145,176,180,323,1009,8,1001,장터길
2016,3,A,골목상권,1000122,2885,1497,1388,397,415,391,505,511,666,200,226,219,260,276,316,197,189,172,245,235,350,1300,0,1300,용답중앙길
2016,3,A,골목상권,1000121,3355,1700,1655,418,494,551,554,596,742,197,229,292,306,324,352,221,265,259,248,272,390,1669,0,1669,용답29길
2016,3,A,골목상권,1000120,2203,1141,1062,336,349,387,386,344,401,171,182,201,205,183,199,165,167,186,181,161,202,997,181,816,왕십리로6길
2016,3,A,골목상권,1000119,2476,1220,1256,273,432,434,395,405,537,144,192,230,203,217,234,129,240,204,192,188,303,1254,39,1215,왕십리로31길
2016,3,A,골목상권,1000118,3057,1536,1521,425,533,488,501,500,610,217,261,259,255,273,271,208,272,229,246,227,339,1442,0,1442,왕십리로26길
2016,3,A,골목상권,1000117,2538,1213,1325,364,420,384,445,415,510,172,216,188,214,201,222,192,204,196,231,214,288,1143,7,1136,왕십리로21길
2016,3,A,골목상권,1000116,1976,1047,929,254,345,336,303,368,370,138,170,166,175,198,200,116,175,170,128,170,170,968,78,890,왕십리로14길
2016,3,A,골목상권,1000115,1424,724,700,170,255,274,208,252,265,94,123,151,104,136,116,76,132,123,104,116,149,695,11,684,아차산로5길
2016,3,A,골목상권,1000114,414,253,161,6,102,176,66,36,28,3,51,104,50,27,18,3,51,72,16,9,10,375,0,375,아차산로15길
2016,3,A,골목상권,1000113,399,240,159,49,55,54,86,87,68,26,32,26,57,59,40,23,23,28,29,28,28,204,0,204,아차산로11길
2016,3,A,골목상권,1000112,2761,1487,1274,301,439,417,448,593,563,154,237,240,248,333,275,147,202,177,200,260,288,1391,0,1391,송정4가길
2016,3,A,골목상권,1000111,1296,699,597,158,182,206,216,249,285,87,95,115,131,136,135,71,87,91,85,113,150,634,0,634,송정12라길
2016,3,A,골목상권,1000110,721,419,302,100,111,99,143,140,128,59,62,50,81,94,73,41,49,49,62,46,55,372,0,372,성수일로6길
2016,3,A,골목상권,1000109,1397,764,633,133,297,251,200,257,259,67,148,142,121,146,140,66,149,109,79,111,119,801,30,771,성수이로7길
2016,3,A,골목상권,1000108,302,162,140,52,35,32,60,65,58,26,19,17,33,43,24,26,16,15,27,22,34,148,0,148,성수이로18길
2016,3,A,골목상권,1000107,3458,1803,1655,517,528,476,597,707,633,260,289,263,306,397,288,257,239,213,291,310,345,1577,0,1577,성덕정길
2016,3,A,골목상권,1000106,3831,2007,1824,468,542,543,598,810,870,236,284,289,336,460,402,232,258,254,262,350,468,1886,0,1886,성덕정17길
2016,3,A,골목상권,1000105,2207,1117,1090,320,339,435,368,365,380,164,177,231,187,190,168,156,162,204,181,175,212,1035,55,980,서울숲2길
2016,3,A,골목상권,1000104,1240,629,611,142,219,259,213,183,224,78,106,138,114,90,103,64,113,121,99,93,121,645,0,645,상원길
2016,3,A,골목상권,1000103,2547,1307,1240,389,412,502,415,418,411,204,208,269,234,204,188,185,204,233,181,214,223,1159,452,707,상원12길
2016,3,A,골목상권,1000102,2513,1413,1100,195,898,347,256,298,519,106,590,204,143,139,231,89,308,143,113,159,288,1614,0,1614,사근동길
2016,3,A,골목상권,1000101,2004,993,1011,357,303,309,349,307,379,180,153,167,179,157,157,177,150,142,170,150,222,888,136,752,무학봉길
2016,3,A,골목상권,1000100,1068,509,559,112,242,170,177,159,208,48,126,83,90,86,76,64,116,87,87,73,132,598,0,598,무학봉28길
2016,3,A,골목상권,1000099,1888,938,950,227,307,333,320,320,381,124,143,173,175,160,163,103,164,160,145,160,218,949,41,908,무학로6길
2016,3,A,골목상권,1000098,1978,951,1027,249,218,305,352,337,517,130,94,154,185,170,218,119,124,151,167,167,299,1039,96,943,무수막길
2016,3,A,골목상권,1000097,942,462,480,180,107,204,176,122,153,105,56,92,89,56,64,75,51,112,87,66,89,376,0,376,매봉길
2016,3,A,골목상권,1000096,1155,562,593,95,492,210,103,97,158,45,227,113,55,43,79,50,265,97,48,54,79,785,43,742,마조로1길
2016,3,A,골목상권,1000095,2714,1380,1334,356,383,346,424,480,725,189,191,181,218,270,331,167,192,165,206,210,394,1297,314,983,마조로16길
2016,3,A,골목상권,1000094,902,454,448,174,140,142,148,163,135,88,71,67,72,88,68,86,69,75,76,75,67,346,99,247,마장로39길
2016,3,A,골목상권,1000093,1957,976,981,256,313,277,317,324,470,134,159,146,165,159,213,122,154,131,152,165,257,897,0,897,마장로27길
2016,3,A,골목상권,1000092,1649,838,811,240,247,334,300,237,291,123,111,168,160,140,136,117,136,166,140,97,155,867,0,867,뚝섬로5길
2016,3,A,골목상권,1000091,3212,1713,1499,401,443,461,576,674,657,219,224,252,307,396,315,182,219,209,269,278,342,1597,0,1597,둘레9길
2016,3,A,골목상권,1000090,3617,1789,1828,544,491,495,608,636,843,296,266,269,290,309,359,248,225,226,318,327,484,1474,110,1364,금호산길
2016,3,A,골목상권,1000089,2434,1190,1244,345,337,317,399,416,620,176,177,165,209,198,265,169,160,152,190,218,355,1038,18,1020,금호산2길
2016,3,A,골목상권,1000088,3134,1579,1555,349,531,413,509,583,749,190,283,217,265,295,329,159,248,196,244,288,420,1579,24,1555,고산자로6길
2016,3,A,골목상권,1000087,4669,2275,2394,748,604,745,853,729,990,413,295,370,429,351,417,335,309,375,424,378,573,2206,68,2138,후암로28길
2016,3,A,골목상권,1000086,2983,1426,1557,449,370,608,469,420,667,222,162,306,239,214,283,227,208,302,230,206,384,1385,88,1297,효창원로39길
2016,3,A,골목상권,1000085,2355,1046,1309,225,264,376,383,380,727,113,138,167,182,160,286,112,126,209,201,220,441,1315,28,1287,회나무로13길
2016,3,A,골목상권,1000084,483,214,269,54,73,118,80,50,108,28,25,52,47,16,46,26,48,66,33,34,62,279,0,279,한남대로20길
2016,3,A,골목상권,1000083,108,86,22,2,5,16,25,27,33,2,2,13,20,25,24,0,3,3,5,2,9,103,0,103,한강대로88길
2016,3,A,골목상권,1000082,726,383,343,63,55,110,96,130,272,36,34,67,56,72,118,27,21,43,40,58,154,412,0,412,한강대로7길
2016,3,A,골목상권,1000081,976,490,486,88,113,161,144,182,288,51,59,78,81,92,129,37,54,83,63,90,159,547,0,547,한강대로62길
2016,3,A,골목상권,1000080,458,226,232,37,70,97,74,75,105,21,33,43,37,50,42,16,37,54,37,25,63,292,0,292,한강대로52길
2016,3,A,골목상권,1000079,1294,608,686,123,204,368,192,172,235,54,82,149,101,92,130,69,122,219,91,80,105,774,0,774,한강대로43길
2016,3,A,골목상권,1000078,521,276,245,42,54,92,74,83,176,24,38,55,45,44,70,18,16,37,29,39,106,272,0,272,한강대로15길
2016,3,A,골목상권,1000077,2082,1227,855,222,247,275,349,454,535,138,130,166,229,283,281,84,117,109,120,171,254,1255,16,1239,한강대로104길
2016,3,A,골목상권,1000076,2851,1467,1384,370,465,440,494,490,592,204,244,255,255,249,260,166,221,185,239,241,332,1446,0,1446,청파로73길
2016,3,A,골목상권,1000075,4412,2219,2193,659,785,744,738,671,815,356,396,416,366,331,354,303,389,328,372,340,461,1990,40,1950,청파로71길
2016,3,A,골목상권,1000074,3138,1455,1683,462,682,663,481,360,490,224,247,324,246,188,226,238,435,339,235,172,264,1597,25,1572,청파로47나길
2016,3,A,골목상권,1000073,1665,646,1019,146,525,313,192,184,305,68,115,143,92,96,132,78,410,170,100,88,173,1047,0,1047,청파로47길
2016,3,A,골목상권,1000072,2930,1410,1520,367,428,463,471,504,697,194,238,243,223,216,296,173,190,220,248,288,401,1381,0,1381,장문로45길
2016,3,A,골목상권,1000071,2480,1104,1376,142,247,482,450,424,735,67,100,236,245,174,282,75,147,246,205,250,453,1664,1,1663,이태원로54길
2016,3,A,골목상권,1000070,721,348,373,76,107,130,125,97,186,39,58,58,67,44,82,37,49,72,58,53,104,367,0,367,이태원로27길
2016,3,A,골목상권,1000069,2064,977,1087,242,215,258,361,355,633,121,109,135,194,171,247,121,106,123,167,184,386,1021,334,687,이촌로22길
2016,3,A,골목상권,1000068,815,405,410,78,143,121,143,131,199,43,67,65,75,61,94,35,76,56,68,70,105,433,0,433,원효로89길
2016,3,A,골목상권,1000067,2259,1142,1117,287,315,335,358,352,612,153,169,194,192,173,261,134,146,141,166,179,351,1043,0,1043,원효로53길
2016,3,A,골목상권,1000066,1492,722,770,226,161,229,260,226,390,101,82,127,146,103,163,125,79,102,114,123,227,657,0,657,원효로41길
2016,3,A,골목상권,1000065,2014,993,1021,323,301,316,344,302,428,171,136,163,175,160,188,152,165,153,169,142,240,871,82,789,원효로19길
2016,3,A,골목상권,1000064,2499,1223,1276,288,393,421,402,423,572,152,220,231,197,194,229,136,173,190,205,229,343,1321,0,1321,우사단로4길
2016,3,A,골목상권,1000063,1380,706,674,144,170,323,243,184,316,77,88,177,131,94,139,67,82,146,112,90,177,791,46,745,우사단로14길
2016,3,A,골목상권,1000062,2933,1539,1394,280,413,538,501,509,692,153,248,312,287,258,281,127,165,226,214,251,411,1622,0,1622,우사단로10길
2016,3,A,골목상권,1000061,2890,1445,1445,413,398,482,474,440,683,224,207,266,251,209,288,189,191,216,223,231,395,1334,0,1334,신흥로20길
2016,3,A,골목상권,1000060,2455,1176,1279,291,361,415,358,403,627,151,179,217,167,190,272,140,182,198,191,213,355,1156,4,1152,소월로20길
2016,3,A,골목상권,1000059,2720,1304,1416,348,323,341,455,497,756,175,167,175,238,249,300,173,156,166,217,248,456,1321,0,1321,서빙고로71길
2016,3,A,골목상권,1000058,1501,732,769,271,188,346,256,223,217,125,98,165,130,103,111,146,90,181,126,120,106,603,300,303,백범로90길
2016,3,A,골목상권,1000057,3972,1925,2047,663,583,704,727,529,766,346,277,351,363,259,329,317,306,353,364,270,437,1687,36,1651,백범로79길
2016,3,A,골목상권,1000056,3120,1647,1473,300,457,448,501,553,861,168,233,241,262,317,426,132,224,207,239,236,435,1833,0,1833,두텁바위로1길
2016,3,A,골목상권,1000055,1480,697,783,172,258,288,224,239,299,94,117,146,99,119,122,78,141,142,125,120,177,743,0,743,대사관로34길
2016,3,A,골목상권,1000054,892,446,446,99,147,166,133,121,226,58,81,82,75,59,91,41,66,84,58,62,135,466,0,466,녹사평대로46길
2016,3,A,골목상권,1000053,800,376,424,112,111,146,125,107,199,54,50,76,62,49,85,58,61,70,63,58,114,389,0,389,녹사평대로40나길
2016,3,A,골목상권,1000052,633,311,322,62,105,145,82,98,141,35,52,70,44,43,67,27,53,75,38,55,74,319,0,319,녹사평대로32길
2016,3,A,골목상권,1000051,982,462,520,84,150,197,144,166,241,46,78,103,65,83,87,38,72,94,79,83,154,529,0,529,녹사평대로26길
2016,3,A,골목상권,1000050,457,227,230,68,48,79,84,64,114,33,25,34,48,38,49,35,23,45,36,26,65,205,0,205,녹사평대로11길
2016,3,A,골목상권,1000049,3169,1593,1576,378,469,388,614,570,750,198,241,206,334,311,303,180,228,182,280,259,447,1654,0,1654,퇴계로90길
2016,3,A,골목상권,1000048,1542,810,732,101,118,139,217,274,693,42,51,86,120,153,358,59,67,53,97,121,335,1042,41,1001,퇴계로8길
2016,3,A,골목상권,1000047,1255,642,613,122,217,163,178,195,380,63,116,85,105,93,180,59,101,78,73,102,200,664,0,664,퇴계로56길
2016,3,A,골목상권,1000046,520,277,243,53,160,77,69,57,104,29,81,41,40,36,50,24,79,36,29,21,54,313,0,313,퇴계로46길
2016,3,A,골목상권,1000045,792,397,395,105,97,136,147,122,185,48,58,78,80,61,72,57,39,58,67,61,113,425,0,425,퇴계로18길
2016,3,A,골목상권,1000044,852,414,438,93,104,121,131,150,253,47,61,66,63,72,105,46,43,55,68,78,148,419,156,263,퇴계로12길
2016,3,A,골목상권,1000043,2066,982,1084,247,287,255,378,368,531,129,141,127,186,196,203,118,146,128,192,172,328,1061,0,1061,청구로1길
2016,3,A,골목상권,1000042,1916,963,953,259,301,331,300,320,405,136,156,165,159,165,182,123,145,166,141,155,223,897,26,871,청구로17길
2016,3,A,골목상권,1000041,1613,803,810,201,286,274,243,248,361,108,147,143,125,124,156,93,139,131,118,124,205,799,0,799,장충단로8길
2016,3,A,골목상권,1000040,120,68,52,33,16,24,31,9,7,17,8,16,17,6,4,16,8,8,14,3,3,58,0,58,삼일대로4길
2016,3,A,골목상권,1000039,76,59,17,0,8,14,11,21,22,0,4,13,10,16,16,0,4,1,1,5,6,41,0,41,명동길
2016,3,A,골목상권,1000038,697,328,369,79,131,133,101,116,137,36,61,62,60,55,54,43,70,71,41,61,83,332,0,332,동호로8길
2016,3,A,골목상권,1000037,2112,965,1147,313,339,344,395,289,432,150,157,169,182,131,176,163,182,175,213,158,256,922,15,907,동호로20길
2016,3,A,골목상권,1000036,2050,1019,1031,225,289,286,331,345,574,121,159,138,177,173,251,104,130,148,154,172,323,999,0,999,동호로15길
2016,3,A,골목상권,1000035,3412,1639,1773,455,517,576,599,502,763,245,263,299,297,210,325,210,254,277,302,292,438,1456,72,1384,동호로11길
2016,3,A,골목상권,1000034,2132,1025,1107,244,424,445,339,305,375,129,187,213,171,160,165,115,237,232,168,145,210,1143,17,1126,동호로10길
2016,3,A,골목상권,1000033,947,530,417,65,100,110,162,242,268,27,57,66,104,141,135,38,43,44,58,101,133,597,0,597,다산로39길
2016,3,A,골목상권,1000032,1435,704,731,212,229,213,230,248,303,109,116,96,121,132,130,103,113,117,109,116,173,608,225,383,다산로38길
2016,3,A,골목상권,1000031,1669,831,838,217,210,233,293,318,398,105,112,117,163,165,169,112,98,116,130,153,229,822,0,822,다산로36길
2016,3,A,골목상권,1000030,3859,1946,1913,459,639,540,672,694,855,229,354,307,346,354,356,230,285,233,326,340,499,1907,0,1907,다산로33길
2016,3,A,골목상권,1000029,865,444,421,76,183,193,109,121,183,36,90,107,59,69,83,40,93,86,50,52,100,462,0,462,난계로21길
2016,3,A,골목상권,1000028,2312,1104,1208,192,486,481,345,349,459,96,190,221,179,204,214,96,296,260,166,145,245,1489,11,1478,난계로11길
2016,3,A,골목상권,1000027,734,336,398,135,90,100,151,107,151,66,41,42,65,57,65,69,49,58,86,50,86,321,0,321,필운대로1길
2016,3,A,골목상권,1000026,1697,846,851,330,284,198,218,263,404,190,162,102,91,123,178,140,122,96,127,140,226,784,0,784,평창길
2016,3,A,골목상권,1000025,925,428,497,115,119,128,186,121,256,65,50,58,98,61,96,50,69,70,88,60,160,450,0,450,통일로12길
2016,3,A,골목상권,1000024,2518,1278,1240,347,377,296,469,496,533,166,198,176,236,267,235,181,179,120,233,229,298,1098,66,1032,창신길
2016,3,A,골목상권,1000023,1476,784,692,145,167,148,278,312,426,76,101,86,150,173,198,69,66,62,128,139,228,869,0,869,창신5길
2016,3,A,골목상권,1000022,918,465,453,99,119,112,151,209,228,53,58,62,83,105,104,46,61,50,68,104,124,447,0,447,창신2길
2016,3,A,골목상권,1000021,941,401,540,80,183,127,165,137,249,38,75,54,78,61,95,42,108,73,87,76,154,645,0,645,창경궁로35길
2016,3,A,골목상권,1000020,2525,1278,1247,304,334,330,451,460,646,161,164,193,237,236,287,143,170,137,214,224,359,1235,0,1235,지봉로8길
2016,3,A,골목상권,1000019,3393,1770,1623,319,440,449,582,736,867,164,217,241,320,414,414,155,223,208,262,322,453,1895,60,1835,종로65길
2016,3,A,골목상권,1000018,290,158,132,15,58,63,46,41,67,7,28,36,27,23,37,8,30,27,19,18,30,197,0,197,종로58가길
2016,3,A,골목상권,1000017,58,43,15,3,3,3,11,15,23,1,3,2,9,13,15,2,0,1,2,2,8,49,0,49,종로24길
2016,3,A,골목상권,1000016,790,368,422,130,105,116,133,105,201,71,57,49,60,47,84,59,48,67,73,58,117,368,0,368,자하문로7길
2016,3,A,골목상권,1000015,1751,855,896,232,371,313,248,262,325,119,162,163,118,138,155,113,209,150,130,124,170,893,0,893,이화장길
2016,3,A,골목상권,1000014,527,277,250,61,78,87,93,79,129,38,43,47,55,34,60,23,35,40,38,45,69,269,0,269,율곡로16길
2016,3,A,골목상권,1000013,301,167,134,17,27,39,58,51,109,9,16,22,38,30,52,8,11,17,20,21,57,178,0,178,율곡로10길
2016,3,A,골목상권,1000012,2729,1232,1497,514,311,496,570,335,503,254,148,216,258,154,202,260,163,280,312,181,301,1129,8,1121,옥인길
2016,3,A,골목상권,1000011,998,514,484,92,122,139,160,187,298,51,65,79,84,105,130,41,57,60,76,82,168,550,0,550,숭인동길
2016,3,A,골목상권,1000010,1031,510,521,96,349,172,126,124,164,51,169,97,67,60,66,45,180,75,59,64,98,632,0,632,성균관로5길
2016,3,A,골목상권,1000009,801,369,432,84,79,129,96,134,279,31,35,69,47,63,124,53,44,60,49,71,155,416,0,416,삼청로5길
2016,3,A,골목상권,1000008,702,332,370,108,79,117,112,105,181,61,40,52,57,44,78,47,39,65,55,61,103,324,0,324,북촌로5나길
2016,3,A,골목상권,1000007,336,157,179,42,36,42,43,63,110,23,15,20,22,30,47,19,21,22,21,33,63,161,0,161,북촌로5길
2016,3,A,골목상권,1000006,682,319,363,59,73,95,104,110,241,34,38,52,52,47,96,25,35,43,52,63,145,371,0,371,북촌로11길
2016,3,A,골목상권,1000005,1774,872,902,270,252,270,310,294,378,142,143,133,148,128,178,128,109,137,162,166,200,736,8,728,백석동길
2016,3,A,골목상권,1000004,1541,767,774,182,472,214,176,171,326,79,259,127,91,78,133,103,213,87,85,93,193,905,23,882,명륜길
2016,3,A,골목상권,1000003,1143,652,491,98,165,212,200,196,272,56,107,125,119,115,130,42,58,87,81,81,142,749,6,743,돈화문로11가길
2016,3,A,골목상권,1000002,764,383,381,18,340,221,64,42,79,6,127,124,38,34,54,12,213,97,26,8,25,695,10,685,난계로27길
2016,3,A,골목상권,1000001,1972,921,1051,297,228,288,359,311,489,140,100,143,177,149,212,157,128,145,182,162,277,859,0,859,계동길
2016,2,U,관광특구,1001496,19,11,8,6,1,1,3,4,4,3,0,1,1,3,3,3,1,0,2,1,1,10,0,10,강남 마이스 관광특구
2016,2,U,관광특구,1001495,8240,4056,4184,1033,1235,1747,1183,1385,1657,536,608,800,598,665,849,497,627,947,585,720,808,4017,213,3804,잠실 관광특구
2016,2,U,관광특구,1001494,2664,1625,1039,128,299,272,369,653,943,67,183,167,248,427,533,61,116,105,121,226,410,1908,254,1654,종로?청계 관광특구
2016,2,U,관광특구,1001493,2489,1301,1188,234,362,491,387,473,542,119,166,247,226,255,288,115,196,244,161,218,254,1368,82,1286,동대문패션타운 관광특구
2016,2,U,관광특구,1001492,1308,504,804,23,64,162,234,304,521,8,30,82,85,128,171,15,34,80,149,176,350,613,1,612,명동 남대문 북창동 다동 무교동 관광특구
2016,2,U,관광특구,1001491,7114,3396,3718,608,943,1393,1132,1170,1868,303,467,716,588,545,777,305,476,677,544,625,1091,4194,25,4169,이태원 관광특구
2016,2,R,전통시장,1001490,3368,1654,1714,529,455,570,521,562,731,291,229,281,266,241,346,238,226,289,255,321,385,1339,420,919,길동복조리시장
2016,2,R,전통시장,1001489,456,228,228,83,66,66,82,84,75,42,46,25,37,45,33,41,20,41,45,39,42,174,103,71,둔촌역전통시장
2016,2,R,전통시장,1001488,1061,554,507,124,153,194,159,199,232,60,80,111,82,107,114,64,73,83,77,92,118,516,64,452,성내골목시장
2016,2,R,전통시장,1001487,163,86,77,8,11,17,35,38,54,3,7,6,21,25,24,5,4,11,14,13,30,123,0,123,천호시장
2016,2,R,전통시장,1001486,232,111,121,16,16,21,42,54,83,4,6,10,29,24,38,12,10,11,13,30,45,134,0,134,동서울시장
2016,2,R,전통시장,1001485,375,196,179,49,47,49,61,86,83,24,23,25,37,48,39,25,24,24,24,38,44,196,7,189,고분다리골목시장
2016,2,R,전통시장,1001484,791,405,386,146,104,167,139,109,126,72,58,88,79,50,58,74,46,79,60,59,68,291,8,283,양지골목시장
2016,2,R,전통시장,1001483,972,502,470,94,168,214,139,169,188,54,94,115,70,82,87,40,74,99,69,87,101,524,0,524,암사종합시장
2016,2,R,전통시장,1001482,354,177,177,40,44,49,58,71,92,24,29,23,29,38,34,16,15,26,29,33,58,166,1,165,고덕전통시장
2016,2,R,전통시장,1001481,2038,1011,1027,445,262,280,390,313,348,238,137,126,197,150,163,207,125,154,193,163,185,684,570,114,명일골목시장
2016,2,R,전통시장,1001480,2224,1122,1102,219,359,421,323,374,528,126,178,219,176,186,237,93,181,202,147,188,291,1144,0,1144,새마을시장
2016,2,R,전통시장,1001479,748,376,372,98,128,112,123,142,145,53,61,53,68,77,64,45,67,59,55,65,81,372,0,372,석촌시장
2016,2,R,전통시장,1001478,5059,2448,2611,700,848,1049,759,824,879,373,404,534,378,361,398,327,444,515,381,463,481,2306,60,2246,방이시장
2016,2,R,전통시장,1001477,967,512,455,132,129,126,145,183,252,60,76,63,83,101,129,72,53,63,62,82,123,425,0,425,마천시장
2016,2,R,전통시장,1001476,2554,1280,1274,271,354,397,400,476,656,126,185,219,207,222,321,145,169,178,193,254,335,1227,0,1227,풍납시장
2016,2,R,전통시장,1001475,4,2,2,0,2,0,0,1,1,0,1,0,0,1,0,0,1,0,0,0,1,4,0,4,강남개포시장
2016,2,R,전통시장,1001474,247,108,139,67,29,35,66,26,24,35,10,11,29,14,9,32,19,24,37,12,15,89,75,14,도곡시장
2016,2,R,전통시장,1001473,157,76,81,22,24,16,19,31,45,12,10,8,9,15,22,10,14,8,10,16,23,50,49,1,청담삼익시장
2016,2,R,전통시장,1001472,95,34,61,14,5,24,16,5,31,3,2,7,5,3,14,11,3,17,11,2,17,45,0,45,논현종합시장
2016,2,R,전통시장,1001471,1287,591,696,118,232,339,228,157,213,57,105,150,120,66,93,61,127,189,108,91,120,753,0,753,영동전통시장
2016,2,R,전통시장,1001470,299,143,156,41,38,64,43,36,77,21,18,33,21,18,32,20,20,31,22,18,45,114,114,0,강남시장_강남
2016,2,R,전통시장,1001469,84,45,39,8,17,11,18,10,20,5,9,4,9,8,10,3,8,7,9,2,10,48,0,48,양재시장
2016,2,R,전통시장,1001468,192,88,104,43,21,20,38,26,44,22,9,8,17,11,21,21,12,12,21,15,23,81,0,81,남부종합시장
2016,2,R,전통시장,1001467,87,40,47,8,9,22,10,13,25,5,4,8,7,2,14,3,5,14,3,11,11,39,0,39,우림시장
2016,2,R,전통시장,1001466,693,328,365,78,79,89,130,112,205,36,35,45,71,55,86,42,44,44,59,57,119,315,44,271,미성동도깨비시장
2016,2,R,전통시장,1001465,76,35,41,14,3,11,15,6,27,4,1,4,11,4,11,10,2,7,4,2,16,40,0,40,신신림시장
2016,2,R,전통시장,1001464,197,110,87,10,19,23,25,40,80,6,15,14,16,18,41,4,4,9,9,22,39,130,0,130,삼성동시장
2016,2,R,전통시장,1001463,66,34,32,6,21,17,9,6,7,2,11,9,4,3,5,4,10,8,5,3,2,46,0,46,신림중앙시장
2016,2,R,전통시장,1001462,575,288,287,48,104,139,80,93,111,20,48,79,48,48,45,28,56,60,32,45,66,334,1,333,강남골목시장
2016,2,R,전통시장,1001461,3,2,1,0,0,0,2,0,1,0,0,0,1,0,1,0,0,0,1,0,0,1,0,1,신림종합시장
2016,2,R,전통시장,1001460,2174,1111,1063,244,355,341,385,376,473,126,172,192,211,204,206,118,183,149,174,172,267,1188,0,1188,관악신사시장
2016,2,R,전통시장,1001459,421,234,187,40,77,62,58,74,110,20,47,35,33,45,54,20,30,27,25,29,56,248,0,248,신원시장
2016,2,R,전통시장,1001458,1371,686,685,108,240,301,207,202,313,61,109,156,112,108,140,47,131,145,95,94,173,866,3,863,인헌시장
2016,2,R,전통시장,1001457,337,148,189,20,127,92,42,27,29,7,45,42,24,14,16,13,82,50,18,13,13,265,0,265,봉천중앙시장
2016,2,R,전통시장,1001456,14,5,9,1,2,0,2,5,4,1,1,0,1,2,0,0,1,0,1,3,4,9,0,9,봉천현대시장
2016,2,R,전통시장,1001455,104,42,62,6,39,24,5,17,13,2,13,11,2,9,5,4,26,13,3,8,8,73,0,73,봉일시장
2016,2,R,전통시장,1001454,378,176,202,22,70,57,62,71,96,12,26,30,29,39,40,10,44,27,33,32,56,255,0,255,봉천제일종합시장
2016,2,R,전통시장,1001453,694,332,362,51,253,164,79,60,87,23,118,79,45,26,41,28,135,85,34,34,46,473,0,473,낙성대시장
2016,2,R,전통시장,1001452,573,288,285,45,131,119,79,65,134,24,53,68,47,37,59,21,78,51,32,28,75,360,0,360,중부시장
2016,2,R,전통시장,1001451,12,8,4,1,3,0,3,4,1,0,2,0,2,3,1,1,1,0,1,1,0,3,0,3,사당시장
2016,2,R,전통시장,1001450,539,242,297,53,91,97,76,71,151,27,40,42,33,35,65,26,51,55,43,36,86,269,0,269,남성역골목시장
2016,2,R,전통시장,1001449,620,308,312,33,112,114,88,100,173,18,41,61,59,52,77,15,71,53,29,48,96,368,0,368,남성사계시장
2016,2,R,전통시장,1001448,625,287,338,73,102,98,88,80,184,39,53,45,47,33,70,34,49,53,41,47,114,329,56,273,흑석시장
2016,2,R,전통시장,1001447,2071,1011,1060,200,277,319,329,346,600,97,149,175,164,167,259,103,128,144,165,179,341,1118,0,1118,상도4동도깨비골목시장
2016,2,R,전통시장,1001446,144,71,73,14,37,19,22,30,22,8,18,9,10,17,9,6,19,10,12,13,13,72,0,72,성대시장
2016,2,R,전통시장,1001445,68,33,35,1,12,8,9,15,23,1,6,3,7,7,9,0,6,5,2,8,14,46,0,46,영도시장
2016,2,R,전통시장,1001444,949,492,457,98,212,195,126,117,201,60,109,107,69,59,88,38,103,88,57,58,113,513,0,513,상도전통시장
2016,2,R,전통시장,1001443,150,67,83,12,28,29,18,25,38,8,12,12,9,11,15,4,16,17,9,14,23,79,79,0,강남시장_동작
2016,2,R,전통시장,1001442,22,11,11,1,2,2,5,7,5,0,0,1,1,6,3,1,2,1,4,1,2,14,0,14,신노량진시장
2016,2,R,전통시장,1001441,487,261,226,45,87,88,73,81,113,19,59,52,45,45,41,26,28,36,28,36,72,289,0,289,본동인정시장
2016,2,R,전통시장,1001440,177,97,80,8,53,40,18,20,38,3,30,25,11,13,15,5,23,15,7,7,23,128,0,128,노량진중앙시장
2016,2,R,전통시장,1001439,448,221,227,44,43,52,72,88,149,28,27,29,32,40,65,16,16,23,40,48,84,229,0,229,대림중앙시장
2016,2,R,전통시장,1001438,389,191,198,43,59,40,59,72,116,21,33,21,29,36,51,22,26,19,30,36,65,170,0,170,우리시장
2016,2,R,전통시장,1001437,135,72,63,20,15,25,15,17,43,10,8,16,7,8,23,10,7,9,8,9,20,54,54,0,영진시장A동
2016,2,R,전통시장,1001436,104,49,55,11,9,15,18,14,37,7,5,8,8,6,15,4,4,7,10,8,22,56,0,56,사러가시장
2016,2,R,전통시장,1001435,225,100,125,37,26,25,39,39,59,14,15,9,21,16,25,23,11,16,18,23,34,87,87,0,대신시장
2016,2,R,전통시장,1001434,13,7,6,0,0,0,4,3,6,0,0,0,3,2,2,0,0,0,1,1,4,10,0,10,양남시장
2016,2,R,전통시장,1001433,538,269,269,55,89,113,81,70,130,26,45,63,45,35,55,29,44,50,36,35,75,310,113,197,영일시장
2016,2,R,전통시장,1001432,65,33,32,6,16,8,8,9,18,3,12,5,4,4,5,3,4,3,4,5,13,35,0,35,도림시장
2016,2,R,전통시장,1001431,304,168,136,31,39,32,46,60,96,18,23,19,28,39,41,13,16,13,18,21,55,163,0,163,영등포청과시장
2016,2,R,전통시장,1001430,2196,1310,886,84,309,419,339,442,603,53,136,236,240,311,334,31,173,183,99,131,269,1632,414,1218,영등포전통시장
2016,2,R,전통시장,1001429,441,219,222,67,39,71,79,72,113,36,18,44,36,34,51,31,21,27,43,38,62,180,0,180,은행나무시장
2016,2,R,전통시장,1001428,282,151,131,25,20,32,56,53,96,18,8,20,23,34,48,7,12,12,33,19,48,176,0,176,박미시장
2016,2,R,전통시장,1001427,2465,1191,1274,282,370,324,358,479,652,143,174,164,177,228,305,139,196,160,181,251,347,1248,9,1239,현대시장
2016,2,R,전통시장,1001426,8,7,1,0,2,1,0,2,3,0,2,1,0,2,2,0,0,0,0,0,1,5,0,5,대명시장
2016,2,R,전통시장,1001425,27,15,12,6,0,9,5,1,6,4,0,5,3,1,2,2,0,4,2,0,4,10,0,10,푸른터시장
2016,2,R,전통시장,1001424,1587,783,804,192,214,188,261,376,356,82,109,111,121,202,158,110,105,77,140,174,198,757,19,738,남문시장
2016,2,R,전통시장,1001423,93,47,46,1,34,22,15,10,11,0,11,15,10,6,5,1,23,7,5,4,6,81,0,81,독산동 우시장
2016,2,R,전통시장,1001422,151,78,73,7,12,18,23,28,63,3,7,10,17,16,25,4,5,8,6,12,38,93,0,93,오류시장
2016,2,R,전통시장,1001421,386,175,211,69,62,59,59,66,71,34,26,34,21,28,32,35,36,25,38,38,39,154,0,154,개봉중앙시장
2016,2,R,전통시장,1001420,690,344,346,89,76,93,105,125,202,47,39,52,53,62,91,42,37,41,52,63,111,303,65,238,고척근린시장
2016,2,R,전통시장,1001419,306,162,144,23,45,19,43,72,104,9,26,12,25,42,48,14,19,7,18,30,56,180,0,180,가리봉시장
2016,2,R,전통시장,1001418,745,438,307,86,68,95,144,144,208,42,35,61,97,93,110,44,33,34,47,51,98,438,0,438,남구로시장
2016,2,R,전통시장,1001417,147,78,69,15,15,14,29,36,38,5,6,9,16,26,16,10,9,5,13,10,22,81,0,81,구로시장
2016,2,R,전통시장,1001416,172,64,108,2,92,42,18,13,5,2,21,14,11,11,5,0,71,28,7,2,0,152,0,152,공항시장
2016,2,R,전통시장,1001415,911,465,446,94,100,104,168,191,254,42,49,56,93,99,126,52,51,48,75,92,128,490,94,396,방신전통시장
2016,2,R,전통시장,1001414,603,297,306,106,86,90,119,89,113,55,36,41,57,47,61,51,50,49,62,42,52,271,0,271,송화골목시장
2016,2,R,전통시장,1001413,1086,481,605,144,146,221,164,148,263,71,52,111,81,63,103,73,94,110,83,85,160,500,65,435,까치산시장
2016,2,R,전통시장,1001412,357,151,206,42,56,82,54,41,82,19,18,40,20,17,37,23,38,42,34,24,45,173,0,173,화곡본동시장
2016,2,R,전통시장,1001411,2022,962,1060,252,261,353,292,360,504,130,132,163,160,164,213,122,129,190,132,196,291,896,0,896,남부골목시장
2016,2,R,전통시장,1001409,1067,517,550,180,147,193,170,176,201,84,73,101,85,84,90,96,74,92,85,92,111,441,0,441,화곡중앙골목시장
2016,2,R,전통시장,1001408,82,48,34,14,11,21,12,8,16,8,9,10,7,5,9,6,2,11,5,3,7,38,0,38,신월중앙시장
2016,2,R,전통시장,1001407,2,1,1,0,0,0,0,1,1,0,0,0,0,1,0,0,0,0,0,0,1,2,0,2,등마루시장
2016,2,R,전통시장,1001406,552,296,256,49,66,66,93,107,171,25,32,28,66,71,74,24,34,38,27,36,97,317,0,317,신정3동골목시장
2016,2,R,전통시장,1001405,491,238,253,78,60,67,93,66,127,36,31,32,49,35,55,42,29,35,44,31,72,219,0,219,신정2동골목시장
2016,2,R,전통시장,1001404,174,74,100,25,22,16,24,36,51,4,9,5,15,19,22,21,13,11,9,17,29,82,0,82,신정제일시장
2016,2,R,전통시장,1001403,136,62,74,16,29,19,19,26,27,7,14,9,12,9,11,9,15,10,7,17,16,49,0,49,신월7동골목시장
2016,2,R,전통시장,1001402,199,111,88,25,20,22,38,36,58,19,14,13,20,19,26,6,6,9,18,17,32,95,0,95,신월6동골목시장
2016,2,R,전통시장,1001401,97,50,47,2,10,8,13,20,44,1,4,7,9,10,19,1,6,1,4,10,25,51,0,51,신곡종합시장
2016,2,R,전통시장,1001400,452,255,197,53,46,65,76,94,118,33,26,37,47,58,54,20,20,28,29,36,64,232,0,232,신월3동골목시장
2016,2,R,전통시장,1001399,370,182,188,61,45,48,57,58,101,33,22,24,32,29,42,28,23,24,25,29,59,134,45,89,경창시장
2016,2,R,전통시장,1001398,1522,781,741,216,180,228,236,284,378,110,87,128,127,158,171,106,93,100,109,126,207,705,0,705,월정로시장
2016,2,R,전통시장,1001397,1322,628,694,195,148,179,243,253,304,79,68,87,131,127,136,116,80,92,112,126,168,627,0,627,신영시장
2016,2,R,전통시장,1001396,1189,595,594,208,193,135,222,207,224,113,115,65,105,101,96,95,78,70,117,106,128,457,63,394,목4동시장
2016,2,R,전통시장,1001395,1217,626,591,160,206,244,195,197,215,81,106,146,98,98,97,79,100,98,97,99,118,589,109,480,목3동시장
2016,2,R,전통시장,1001394,1168,585,583,96,157,220,162,209,324,49,66,124,79,111,156,47,91,96,83,98,168,680,24,656,목2동시장
2016,2,R,전통시장,1001392,27,15,12,5,2,6,4,4,6,3,1,3,2,2,4,2,1,3,2,2,2,11,0,11,동진시장
2016,2,R,전통시장,1001391,707,333,374,118,105,125,120,98,141,59,48,57,61,41,67,59,57,68,59,57,74,309,8,301,망원월드컵시장
2016,2,R,전통시장,1001390,1692,806,886,184,211,334,293,263,407,101,94,163,154,124,170,83,117,171,139,139,237,899,41,858,망원시장
2016,2,R,전통시장,1001389,94,37,57,13,10,25,13,11,22,5,4,11,7,3,7,8,6,14,6,8,15,43,43,0,합정시장
2016,2,R,전통시장,1001388,218,100,118,20,28,42,32,34,62,12,14,17,16,14,27,8,14,25,16,20,35,102,5,97,영진시장
2016,2,R,전통시장,1001387,34,25,9,1,10,11,2,6,4,1,7,10,1,4,2,0,3,1,1,2,2,31,0,31,서교시장
2016,2,R,전통시장,1001386,63,30,33,7,7,10,4,13,22,3,2,6,1,7,11,4,5,4,3,6,11,30,10,20,신수시장
2016,2,R,전통시장,1001385,450,214,236,62,52,61,81,60,134,33,27,31,39,31,53,29,25,30,42,29,81,233,0,233,아현시장
2016,2,R,전통시장,1001384,15,6,9,3,0,0,4,2,6,1,0,0,1,2,2,2,0,0,3,0,4,8,0,8,마포시장
2016,2,R,전통시장,1001382,147,68,79,14,14,26,19,29,45,9,9,11,10,13,16,5,5,15,9,16,29,64,64,0,백련시장
2016,2,R,전통시장,1001381,101,55,46,0,9,8,14,21,49,0,6,6,11,10,22,0,3,2,3,11,27,65,0,65,모래내시장
2016,2,R,전통시장,1001380,497,243,254,68,58,55,85,85,146,36,30,29,41,51,56,32,28,26,44,34,90,234,0,234,포방터시장
2016,2,R,전통시장,1001379,317,164,153,34,41,36,51,61,94,18,20,24,31,34,37,16,21,12,20,27,57,157,48,109,인왕시장
2016,2,R,전통시장,1001378,152,77,75,15,34,20,20,28,35,10,21,10,8,13,15,5,13,10,12,15,20,73,0,73,아현가구거리상점가
2016,2,R,전통시장,1001377,414,194,220,40,48,47,68,81,130,17,23,28,35,42,49,23,25,19,33,39,81,241,0,241,영천시장
2016,2,R,전통시장,1001376,121,56,65,2,13,7,14,29,56,1,5,5,9,11,25,1,8,2,5,18,31,76,0,76,수일시장
2016,2,R,전통시장,1001375,162,79,83,22,19,16,33,34,38,8,9,10,17,14,21,14,10,6,16,20,17,64,0,64,증산종합시장
2016,2,R,전통시장,1001374,681,338,343,102,64,87,107,125,196,58,33,45,51,68,83,44,31,42,56,57,113,321,0,321,대림골목시장
2016,2,R,전통시장,1001373,210,120,90,32,26,43,32,29,48,21,16,28,18,15,22,11,10,15,14,14,26,92,35,57,신응암시장
2016,2,R,전통시장,1001372,31,15,16,7,2,0,10,1,11,4,1,0,3,1,6,3,1,0,7,0,5,14,0,14,녹번시장
2016,2,R,전통시장,1001370,12,8,4,0,1,0,2,4,5,0,1,0,0,4,3,0,0,0,2,0,2,10,0,10,역촌중앙시장
2016,2,R,전통시장,1001369,64,32,32,7,12,10,2,21,12,3,8,6,1,8,6,4,4,4,1,13,6,27,0,27,갈현시장
2016,2,R,전통시장,1001368,282,134,148,24,36,43,29,54,96,10,15,22,19,25,43,14,21,21,10,29,53,135,0,135,연서시장
2016,2,R,전통시장,1001367,1438,686,752,137,199,180,216,308,398,70,92,95,112,135,182,67,107,85,104,173,216,745,0,745,상계중앙시장
2016,2,R,전통시장,1001365,1321,658,663,155,249,234,159,232,292,69,118,129,81,121,140,86,131,105,78,111,152,638,38,600,공릉동도깨비시장
2016,2,R,전통시장,1001364,1113,565,548,150,160,116,202,207,278,82,98,62,107,96,120,68,62,54,95,111,158,497,0,497,방학동도깨비시장
2016,2,R,전통시장,1001363,743,381,362,78,95,124,107,122,217,38,59,65,53,62,104,40,36,59,54,60,113,363,8,355,쌍문역골목시장
2016,2,R,전통시장,1001362,365,177,188,54,46,48,64,58,95,25,21,27,35,33,36,29,25,21,29,25,59,155,0,155,백운시장
2016,2,R,전통시장,1001361,214,111,103,30,36,25,35,40,48,11,19,17,13,25,26,19,17,8,22,15,22,87,0,87,신도봉시장
2016,2,R,전통시장,1001360,1042,512,530,131,140,131,170,179,291,74,72,65,94,88,119,57,68,66,76,91,172,487,9,478,창동골목시장
2016,2,R,전통시장,1001359,2150,1048,1102,352,301,309,370,383,435,165,163,143,191,187,199,187,138,166,179,196,236,886,25,861,창동신창시장
2016,2,R,전통시장,1001358,68,32,36,4,6,11,7,10,30,2,3,5,6,4,12,2,3,6,1,6,18,29,28,1,수유북부시장
2016,2,R,전통시장,1001357,1273,621,652,191,163,209,176,209,325,109,79,119,82,97,135,82,84,90,94,112,190,565,20,545,장미원골목시장
2016,2,R,전통시장,1001356,47,28,19,3,14,2,4,15,9,3,8,2,4,8,3,0,6,0,0,7,6,18,0,18,수유중앙시장
2016,2,R,전통시장,1001355,772,397,375,74,121,102,119,152,204,39,50,54,70,89,95,35,71,48,49,63,109,421,14,407,강북종합시장
2016,2,R,전통시장,1001354,1586,804,782,252,208,200,280,256,390,133,118,108,135,140,170,119,90,92,145,116,220,668,0,668,우이시장
2016,2,R,전통시장,1001353,565,276,289,56,86,94,68,105,156,30,44,44,37,48,73,26,42,50,31,57,83,261,83,178,수유전통시장
2016,2,R,전통시장,1001352,1044,493,551,164,119,177,191,143,250,77,49,85,105,61,116,87,70,92,86,82,134,464,102,362,번동북부골목시장
2016,2,R,전통시장,1001351,169,82,87,21,24,18,28,28,50,12,13,7,17,13,20,9,11,11,11,15,30,88,0,88,솔샘시장
2016,2,R,전통시장,1001350,247,123,124,25,24,45,43,48,62,12,9,23,21,30,28,13,15,22,22,18,34,141,0,141,숭인시장
2016,2,R,전통시장,1001349,1537,762,775,176,205,233,254,288,381,92,102,129,130,139,170,84,103,104,124,149,211,823,0,823,방천골목시장
2016,2,R,전통시장,1001348,37,19,18,5,4,5,2,3,18,1,2,3,1,2,10,4,2,2,1,1,8,16,0,16,동북시장
2016,2,R,전통시장,1001347,1994,1018,976,237,295,255,351,354,502,120,160,127,196,178,237,117,135,128,155,176,265,907,0,907,석관황금시장
2016,2,R,전통시장,1001346,183,106,77,23,26,18,38,39,39,15,16,9,26,24,16,8,10,9,12,15,23,95,0,95,석관시장
2016,2,R,전통시장,1001345,96,44,52,7,17,8,10,19,35,5,4,6,8,9,12,2,13,2,2,10,23,49,45,4,새석관시장
2016,2,R,전통시장,1001344,31,19,12,7,2,3,4,6,9,5,1,2,2,3,6,2,1,1,2,3,3,13,0,13,번동시장
2016,2,R,전통시장,1001343,1645,819,826,231,229,206,259,291,429,124,124,108,141,132,190,107,105,98,118,159,239,671,20,651,장위전통시장
2016,2,R,전통시장,1001342,244,120,124,35,20,32,43,45,69,17,11,19,22,24,27,18,9,13,21,21,42,114,0,114,밤나무골시장
2016,2,R,전통시장,1001341,9,8,1,0,2,1,5,1,0,0,2,1,4,1,0,0,0,0,1,0,0,9,0,9,길음시장
2016,2,R,전통시장,1001340,1286,669,617,139,251,189,173,211,323,79,143,112,93,91,151,60,108,77,80,120,172,601,0,601,정릉시장
2016,2,R,전통시장,1001339,528,250,278,89,59,97,94,75,114,42,27,52,49,32,48,47,32,45,45,43,66,232,57,175,정릉아리랑시장
2016,2,R,전통시장,1001338,235,108,127,18,46,35,19,35,82,10,23,21,11,15,28,8,23,14,8,20,54,122,0,122,돈암제일시장
2016,2,R,전통시장,1001337,125,59,66,27,12,18,30,11,27,15,7,7,13,5,12,12,5,11,17,6,15,51,0,51,유영시장
2016,2,R,전통시장,1001336,2249,1173,1076,263,287,322,345,459,573,137,159,186,184,241,266,126,128,136,161,218,307,1095,45,1050,우림골목시장
2016,2,R,전통시장,1001335,668,339,329,102,102,91,118,105,150,54,60,43,54,52,76,48,42,48,64,53,74,273,0,273,묵1동도깨비시장
2016,2,R,전통시장,1001334,989,491,498,139,130,143,160,194,223,59,74,80,78,95,105,80,56,63,82,99,118,449,0,449,태능시장
2016,2,R,전통시장,1001333,1905,981,924,262,277,252,347,364,403,124,155,146,185,178,193,138,122,106,162,186,210,873,0,873,중화제일시장
2016,2,R,전통시장,1001332,2016,1012,1004,228,332,310,304,338,504,113,177,173,146,173,230,115,155,137,158,165,274,977,0,977,사가정시장
2016,2,R,전통시장,1001331,1394,726,668,185,187,216,249,238,319,103,98,129,134,123,139,82,89,87,115,115,180,675,0,675,면목골목시장
2016,2,R,전통시장,1001330,2201,1111,1090,293,286,348,328,418,528,151,150,188,174,214,234,142,136,160,154,204,294,1038,0,1038,동원시장
2016,2,R,전통시장,1001329,1279,668,611,146,234,252,183,225,239,66,121,151,96,132,102,80,113,101,87,93,137,716,0,716,동부골목시장
2016,2,R,전통시장,1001327,265,135,130,30,43,28,41,51,72,15,25,12,22,30,31,15,18,16,19,21,41,116,0,116,이경시장
2016,2,R,전통시장,1001326,1167,513,654,71,447,205,119,102,223,29,179,108,51,49,97,42,268,97,68,53,126,863,0,863,회기시장
2016,2,R,전통시장,1001325,59,39,20,0,1,4,13,18,23,0,1,2,9,13,14,0,0,2,4,5,9,52,0,52,청량리청과물시장
2016,2,R,전통시장,1001324,240,120,120,41,25,24,51,37,62,20,15,13,27,17,28,21,10,11,24,20,34,111,0,111,전곡시장
2016,2,R,전통시장,1001323,463,219,244,66,59,66,89,77,106,29,26,32,46,39,47,37,33,34,43,38,59,209,0,209,답십리시장
2016,2,R,전통시장,1001322,2,1,1,0,0,0,0,0,2,0,0,0,0,0,1,0,0,0,0,0,1,1,0,1,동부시장
2016,2,R,전통시장,1001321,367,185,182,43,33,47,56,59,129,23,16,30,35,30,51,20,17,17,21,29,78,181,0,181,답십리현대시장
2016,2,R,전통시장,1001320,101,64,37,5,9,13,17,24,33,4,6,11,11,14,18,1,3,2,6,10,15,59,0,59,전농로터리시장
2016,2,R,전통시장,1001319,111,61,50,1,6,18,9,25,52,0,4,11,6,13,27,1,2,7,3,12,25,58,0,58,청량리종합시장
2016,2,R,전통시장,1001318,171,128,43,3,10,12,14,50,82,2,9,5,13,42,57,1,1,7,1,8,25,140,0,140,청량리전통시장
2016,2,R,전통시장,1001317,179,89,90,29,27,23,18,37,45,19,15,12,5,18,20,10,12,11,13,19,25,80,0,80,청량리농수산물시장
2016,2,R,전통시장,1001316,2221,1217,1004,144,313,309,333,407,715,91,185,179,204,221,337,53,128,130,129,186,378,1419,0,1419,서울약령시장
2016,2,R,전통시장,1001315,2,2,0,0,0,0,1,1,0,0,0,0,1,1,0,0,0,0,0,0,0,2,0,2,동서시장
2016,2,R,전통시장,1001314,12,7,5,0,0,0,2,2,8,0,0,0,2,2,3,0,0,0,0,0,5,9,0,9,경동시장
2016,2,R,전통시장,1001313,478,255,223,32,75,85,71,71,144,16,35,47,48,39,70,16,40,38,23,32,74,284,0,284,청량리수산시장
2016,2,R,전통시장,1001312,18,12,6,0,1,2,3,2,10,0,0,2,3,1,6,0,1,0,0,1,4,13,0,13,용두시장
2016,2,R,전통시장,1001311,2,2,0,0,0,1,0,0,1,0,0,1,0,0,1,0,0,0,0,0,0,2,0,2,동부청과시장
2016,2,R,전통시장,1001310,138,70,68,19,15,18,19,21,46,9,7,11,11,9,23,10,8,7,8,12,23,64,0,64,구의시장
2016,2,R,전통시장,1001309,74,32,42,3,32,12,3,7,17,2,14,5,0,4,7,1,18,7,3,3,10,52,0,52,조양시장
2016,2,R,전통시장,1001308,1293,651,642,132,181,168,243,228,341,71,93,91,129,119,148,61,88,77,114,109,193,674,0,674,영동교골목시장
2016,2,R,전통시장,1001307,399,206,193,45,61,48,54,81,110,25,29,26,25,45,56,20,32,22,29,36,54,199,0,199,능동로골목시장
2016,2,R,전통시장,1001306,341,178,163,27,45,46,48,86,89,19,27,24,27,46,35,8,18,22,21,40,54,192,0,192,노룬산골목시장
2016,2,R,전통시장,1001305,62,32,30,14,7,11,8,13,9,6,3,6,5,6,6,8,4,5,3,7,3,22,0,22,자양종합시장
2016,2,R,전통시장,1001304,2044,999,1045,274,319,386,323,358,384,138,158,195,157,176,175,136,161,191,166,182,209,932,0,932,자양골목시장
2016,2,R,전통시장,1001303,102,45,57,14,14,10,18,18,28,7,7,5,8,5,13,7,7,5,10,13,15,43,0,43,신성골목시장
2016,2,R,전통시장,1001302,484,250,234,74,64,76,84,90,96,44,29,35,46,48,48,30,35,41,38,42,48,219,0,219,면곡골목시장
2016,2,R,전통시장,1001301,886,448,438,121,114,139,131,177,204,68,58,76,57,91,98,53,56,63,74,86,106,395,0,395,중곡제일시장
2016,2,R,전통시장,1001300,937,420,517,57,342,217,94,99,128,29,133,102,52,47,57,28,209,115,42,52,71,623,0,623,화양제일골목시장
2016,2,R,전통시장,1001299,15,8,7,0,5,3,2,2,3,0,2,1,1,2,2,0,3,2,1,0,1,14,0,14,한아름시장
2016,2,R,전통시장,1001298,2104,1067,1037,260,312,313,358,393,468,134,166,160,188,202,217,126,146,153,170,191,251,988,0,988,성동용답상가시장
2016,2,R,전통시장,1001297,609,322,287,68,79,72,103,132,155,36,46,42,54,75,69,32,33,30,49,57,86,316,84,232,뚝도시장
2016,2,R,전통시장,1001296,239,125,114,16,20,34,34,46,89,8,10,21,23,25,38,8,10,13,11,21,51,144,0,144,금남시장
2016,2,R,전통시장,1001295,1566,798,768,173,282,241,240,278,352,85,133,137,121,149,173,88,149,104,119,129,179,838,0,838,행당시장
2016,2,R,전통시장,1001294,353,197,156,42,33,44,59,62,113,28,22,24,34,38,51,14,11,20,25,24,62,189,1,188,마장축산물시장
2016,2,R,전통시장,1001293,7,3,4,0,0,1,1,0,5,0,0,1,0,0,2,0,0,0,1,0,3,4,0,4,보광시장
2016,2,R,전통시장,1001292,38,17,21,3,6,4,7,6,12,2,1,2,5,2,5,1,5,2,2,4,7,23,0,23,이태원제일시장
2016,2,R,전통시장,1001291,64,30,34,11,4,11,9,11,18,5,0,5,7,4,9,6,4,6,2,7,9,34,24,10,이태원시장
2016,2,R,전통시장,1001290,103,58,45,9,16,13,14,25,26,3,11,9,7,13,15,6,5,4,7,12,11,53,29,24,이촌종합시장
2016,2,R,전통시장,1001289,315,149,166,38,55,57,53,39,73,18,28,33,27,18,25,20,27,24,26,21,48,162,0,162,용문전통시장
2016,2,R,전통시장,1001288,32,20,12,0,3,1,4,12,12,0,2,1,3,8,6,0,1,0,1,4,6,21,0,21,만리시장
2016,2,R,전통시장,1001287,156,81,75,12,17,21,11,31,64,4,11,10,8,20,28,8,6,11,3,11,36,93,0,93,신흥시장
2016,2,R,전통시장,1001286,293,144,149,21,51,35,36,63,87,10,24,21,22,29,38,11,27,14,14,34,49,163,29,134,후암시장
2016,2,R,전통시장,1001285,66,48,18,3,2,9,11,20,21,2,1,5,10,16,14,1,1,4,1,4,7,60,0,60,합동(새벽)시장
2016,2,R,전통시장,1001284,1138,600,538,101,126,130,153,220,408,57,71,78,87,120,187,44,55,52,66,100,221,633,0,633,서울중앙시장
2016,2,R,전통시장,1001283,882,457,425,83,107,128,128,174,262,41,64,70,73,90,119,42,43,58,55,84,143,437,0,437,백학시장
2016,2,R,전통시장,1001282,1096,518,578,134,170,156,182,156,298,70,79,72,97,76,124,64,91,84,85,80,174,563,30,533,약수시장
2016,2,R,전통시장,1001281,1,1,0,0,0,0,1,0,0,0,0,0,1,0,0,0,0,0,0,0,0,1,0,1,청평화시장
2016,2,R,전통시장,1001279,65,31,34,3,8,6,8,23,17,2,4,1,6,10,8,1,4,5,2,13,9,42,30,12,동평화시장
2016,2,R,전통시장,1001277,325,210,115,20,47,39,46,68,105,11,26,25,32,48,68,9,21,14,14,20,37,227,22,205,방산종합시장
2016,2,R,전통시장,1001276,1,1,0,0,0,0,0,0,1,0,0,0,0,0,1,0,0,0,0,0,0,1,0,1,평화시장
2016,2,R,전통시장,1001275,156,87,69,10,23,13,19,37,54,5,13,6,12,22,29,5,10,7,7,15,25,87,38,49,인현시장
2016,2,R,전통시장,1001274,291,190,101,12,15,25,47,80,112,10,8,14,32,59,67,2,7,11,15,21,45,220,0,220,신중부시장
2016,2,R,전통시장,1001273,84,49,35,1,4,10,13,24,32,1,3,6,9,16,14,0,1,4,4,8,18,65,0,65,남대문시장
2016,2,R,전통시장,1001272,18,13,5,0,2,1,2,4,9,0,2,1,2,3,5,0,0,0,0,1,4,16,0,16,신설종합시장
2016,2,R,전통시장,1001271,801,452,349,48,189,121,106,131,206,24,84,69,67,90,118,24,105,52,39,41,88,593,69,524,동묘시장
2016,2,R,전통시장,1001270,437,222,215,41,55,41,71,85,144,17,35,24,37,46,63,24,20,17,34,39,81,242,0,242,창신골목시장
2016,2,R,전통시장,1001268,168,87,81,18,22,11,33,35,49,9,10,7,17,21,23,9,12,4,16,14,26,82,0,82,충신시장
2016,2,R,전통시장,1001267,121,79,42,2,12,7,21,36,43,1,8,5,17,26,22,1,4,2,4,10,21,92,0,92,종로신진시장
2016,2,R,전통시장,1001266,3,3,0,0,0,0,1,2,0,0,0,0,1,2,0,0,0,0,0,0,0,3,0,3,동대문종합시장
2016,2,R,전통시장,1001265,53,27,26,2,4,2,4,14,27,2,2,1,1,10,11,0,2,1,3,4,16,41,0,41,광장시장
2016,2,R,전통시장,1001264,791,372,419,117,98,111,120,127,218,67,44,51,59,56,95,50,54,60,61,71,123,360,42,318,통인시장
2016,2,D,발달상권,1001263,133,67,66,11,31,22,24,17,28,5,10,11,10,13,18,6,21,11,14,4,10,98,0,98,서울 노원구 노원역_3
2016,2,D,발달상권,1001262,41,35,6,0,5,2,9,13,12,0,2,2,9,11,11,0,3,0,0,2,1,40,0,40,서울 노원구 노원역_2
2016,2,D,발달상권,1001261,724,327,397,129,95,112,122,126,140,54,53,47,55,57,61,75,42,65,67,69,79,285,278,7,서울 노원구 노원역_1
2016,2,D,발달상권,1001260,344,222,122,10,88,69,62,62,53,5,33,42,49,49,44,5,55,27,13,13,9,312,0,312,창동역
2016,2,D,발달상권,1001259,710,384,326,50,130,126,110,130,164,26,53,64,62,85,94,24,77,62,48,45,70,464,0,464,서울 강북구 수유역_3
2016,2,D,발달상권,1001257,2067,1042,1025,128,359,396,345,319,520,68,165,214,182,179,234,60,194,182,163,140,286,1345,0,1345,서울 강북구 수유역_2
2016,2,D,발달상권,1001256,822,405,417,84,168,180,126,118,146,48,66,85,75,63,68,36,102,95,51,55,78,451,28,423,서울 강북구 수유역_1
2016,2,D,발달상권,1001255,74,51,23,3,19,5,17,16,14,2,12,4,10,13,10,1,7,1,7,3,4,60,0,60,서울 은평구 연신내역_3
2016,2,D,발달상권,1001254,1238,618,620,143,221,272,192,180,230,76,104,150,105,87,96,67,117,122,87,93,134,673,0,673,서울 은평구 연신내역_2
2016,2,D,발달상권,1001253,125,50,75,3,34,31,16,23,18,1,11,9,8,11,10,2,23,22,8,12,8,108,0,108,서울 은평구 연신내역_1
2016,2,D,발달상권,1001252,498,276,222,28,86,73,54,109,148,16,55,36,35,60,74,12,31,37,19,49,74,257,0,257,서울 성북구 미아삼거리역_2
2016,2,D,발달상권,1001251,411,234,177,24,40,58,82,84,123,18,25,32,52,42,65,6,15,26,30,42,58,256,0,256,서울 강북구 미아삼거리역_1
2016,2,D,발달상권,1001249,553,284,269,40,136,113,70,80,114,23,61,60,39,43,58,17,75,53,31,37,56,372,0,372,서울 은평구 불광역_2
2016,2,D,발달상권,1001248,600,282,318,46,109,120,74,97,154,22,45,68,32,44,71,24,64,52,42,53,83,350,24,326,서울 은평구 불광역_1
2016,2,D,발달상권,1001247,109,59,50,9,16,13,14,23,34,4,10,8,8,13,16,5,6,5,6,10,18,56,0,56,미아사거리_2
2016,2,D,발달상권,1001246,230,107,123,9,68,46,25,32,50,6,18,15,20,19,29,3,50,31,5,13,21,191,0,191,미아사거리_1
2016,2,D,발달상권,1001245,950,429,521,65,267,194,145,127,152,33,99,80,78,65,74,32,168,114,67,62,78,672,0,672,서울 성북구 성신여대입구역
2016,2,D,발달상권,1001244,387,185,202,31,130,66,43,38,79,15,58,34,23,19,36,16,72,32,20,19,43,263,0,263,경희대학교
2016,2,D,발달상권,1001243,397,178,219,24,173,60,27,40,73,11,71,27,18,18,33,13,102,33,9,22,40,273,0,273,서울 성북구 안암역
2016,2,D,발달상권,1001242,703,320,383,49,228,124,81,83,138,25,95,59,41,39,61,24,133,65,40,44,77,479,0,479,혜화역 대학로_3
2016,2,D,발달상권,1001241,814,396,418,67,293,173,88,66,127,32,136,89,54,31,54,35,157,84,34,35,73,558,22,536,혜화역 대학로_2
2016,2,D,발달상권,1001240,541,236,305,53,134,112,72,67,103,25,51,52,35,32,41,28,83,60,37,35,62,325,0,325,혜화역 대학로_1
2016,2,D,발달상권,1001239,244,120,124,69,38,21,58,44,14,35,18,7,30,25,5,34,20,14,28,19,9,72,72,0,디지털미디어시티
2016,2,D,발달상권,1001238,3079,1581,1498,350,420,423,399,544,943,163,205,221,215,290,487,187,215,202,184,254,456,1521,715,806,서울 동대문구 청량리역
2016,2,D,발달상권,1001237,313,153,160,40,36,68,47,44,78,22,20,37,19,18,37,18,16,31,28,26,41,172,0,172,서울 종로구 경복궁역_2
2016,2,D,발달상권,1001236,222,106,116,32,27,17,42,41,63,18,13,9,17,18,31,14,14,8,25,23,32,103,0,103,서울 종로구 안국역_2
2016,2,D,발달상권,1001235,115,52,63,16,6,16,17,18,42,9,4,4,10,12,13,7,2,12,7,6,29,64,0,64,서울 종로구 안국역_1
2016,2,D,발달상권,1001234,697,314,383,77,94,110,122,109,185,36,42,50,57,49,80,41,52,60,65,60,105,348,0,348,서울 종로구 경복궁역_1
2016,2,D,발달상권,1001233,173,129,44,11,13,11,30,52,56,6,10,8,23,42,40,5,3,3,7,10,16,124,0,124,서울 종로구 종로3가역_3
2016,2,D,발달상권,1001232,2550,1733,817,71,105,161,311,677,1225,42,76,110,236,526,743,29,29,51,75,151,482,2174,0,2174,서울 종로구 종로3가역_2
2016,2,D,발달상권,1001231,340,212,128,12,68,81,54,50,75,8,29,40,41,37,57,4,39,41,13,13,18,285,0,285,서울 동대문구 신설동역_2
2016,2,D,발달상권,1001230,719,373,346,80,67,104,107,113,248,47,35,55,61,55,120,33,32,49,46,58,128,411,189,222,인사동
2016,2,D,발달상권,1001229,306,175,131,22,45,33,46,60,100,13,27,23,29,36,47,9,18,10,17,24,53,184,0,184,서울 종로구 종로5가역_4
2016,2,D,발달상권,1001228,826,507,319,51,53,90,140,176,316,31,30,56,92,121,177,20,23,34,48,55,139,572,0,572,서울 종로구 종로5가역_3
2016,2,D,발달상권,1001227,550,309,241,41,80,74,93,108,154,24,45,46,49,63,82,17,35,28,44,45,72,360,106,254,종로구청
2016,2,D,발달상권,1001226,1975,978,997,243,398,377,258,280,419,120,190,185,130,142,211,123,208,192,128,138,208,1078,0,1078,서울 종로구 종로5가역_2
2016,2,D,발달상권,1001225,298,181,117,10,85,62,42,41,58,5,33,36,31,30,46,5,52,26,11,11,12,239,0,239,신설동역
2016,2,D,발달상권,1001224,168,121,47,4,17,28,15,42,62,2,6,17,12,34,50,2,11,11,3,8,12,135,0,135,서울 동대문구 신설동역_1
2016,2,D,발달상권,1001223,2297,1051,1246,331,253,434,358,327,594,170,109,180,160,161,271,161,144,254,198,166,323,1082,660,422,서울 종로구 광화문역_2
2016,2,D,발달상권,1001222,943,480,463,141,125,126,149,183,219,77,67,61,84,93,98,64,58,65,65,90,121,377,245,132,동묘앞역
2016,2,D,발달상권,1001221,3542,1796,1746,428,597,945,594,449,529,223,283,509,303,221,257,205,314,436,291,228,272,1905,208,1697,장안동사거리
2016,2,D,발달상권,1001220,670,429,241,26,62,76,79,188,239,11,33,56,57,130,142,15,29,20,22,58,97,493,0,493,서울 종로구 동대문역_2
2016,2,D,발달상권,1001219,137,71,66,15,20,13,22,28,39,6,8,7,14,14,22,9,12,6,8,14,17,72,0,72,서울 종로구 동대문역_1
2016,2,D,발달상권,1001218,37,19,18,1,2,5,5,9,15,0,0,2,3,5,9,1,2,3,2,4,6,31,0,31,동대문시장_2
2016,2,D,발달상권,1001217,28,8,20,0,0,0,5,6,17,0,0,0,4,0,4,0,0,0,1,6,13,25,0,25,서울 종로구 종로5가역_1
2016,2,D,발달상권,1001216,187,143,44,6,48,12,28,44,49,4,40,7,24,33,35,2,8,5,4,11,14,166,0,166,서울 종로구 종로3가역_1
2016,2,D,발달상권,1001215,1,1,0,0,0,0,0,0,1,0,0,0,0,0,1,0,0,0,0,0,0,1,0,1,서울 종로구 광화문역_1
2016,2,D,발달상권,1001214,3,1,2,0,0,1,0,2,0,0,0,0,0,1,0,0,0,1,0,1,0,3,1,2,종각역
2016,2,D,발달상권,1001213,105,74,31,4,28,19,11,20,23,2,23,15,7,12,15,2,5,4,4,8,8,86,0,86,종각역 젊음의 거리
2016,2,D,발달상권,1001212,110,83,27,2,2,6,18,36,46,0,1,5,16,30,31,2,1,1,2,6,15,91,0,91,서대문구 서대문역_1
2016,2,D,발달상권,1001211,34,21,13,0,3,6,4,9,12,0,1,4,4,6,6,0,2,2,0,3,6,31,0,31,동대문시장_1
2016,2,D,발달상권,1001210,57,34,23,12,8,12,16,6,3,7,7,5,8,4,3,5,1,7,8,2,0,33,0,33,시청역_2
2016,2,D,발달상권,1001209,90,53,37,8,1,13,10,24,34,5,1,7,5,12,23,3,0,6,5,12,11,61,0,61,서울시청
2016,2,D,발달상권,1001208,561,380,181,15,31,34,72,140,269,8,16,22,52,110,172,7,15,12,20,30,97,449,60,389,서울 중구 을지로3가역_2
2016,2,D,발달상권,1001207,356,191,165,20,76,67,57,66,70,11,27,35,35,42,41,9,49,32,22,24,29,241,0,241,서울 중구 신당역_2
2016,2,D,발달상권,1001206,901,439,462,73,189,203,127,149,160,34,70,110,71,85,69,39,119,93,56,64,91,567,0,567,서대문구 서대문역_2
2016,2,D,발달상권,1001205,454,278,176,11,47,65,73,103,155,2,27,37,49,69,94,9,20,28,24,34,61,329,13,316,동대문역사문화공원역
2016,2,D,발달상권,1001204,256,180,76,9,18,24,34,61,110,3,10,17,24,47,79,6,8,7,10,14,31,203,0,203,서울 중구 을지로3가역_1
2016,2,D,발달상권,1001203,632,67,565,7,20,66,129,136,274,0,6,7,15,21,18,7,14,59,114,115,256,90,0,90,명동거리
2016,2,D,발달상권,1001202,1,1,0,0,0,1,0,0,0,0,0,1,0,0,0,0,0,0,0,0,0,1,0,1,롯데백화점
2016,2,D,발달상권,1001201,964,527,437,88,117,125,161,222,251,50,71,78,84,126,118,38,46,47,77,96,133,546,43,503,서울 중구 신당역_1
2016,2,D,발달상권,1001200,279,177,102,3,19,37,50,66,104,0,9,32,31,41,64,3,10,5,19,25,40,239,0,239,북창동
2016,2,D,발달상권,1001199,705,394,311,44,90,108,97,139,227,24,43,56,67,87,117,20,47,52,30,52,110,469,173,296,서울 중구 충무로역_2
2016,2,D,발달상권,1001198,2100,1006,1094,176,426,344,283,353,518,93,171,178,152,181,231,83,255,166,131,172,287,1305,37,1268,서울 강서구 송정역
2016,2,D,발달상권,1001197,1125,631,494,113,176,228,191,193,224,60,74,129,118,128,122,53,102,99,73,65,102,646,50,596,장한평역_2
2016,2,D,발달상권,1001196,322,161,161,53,30,87,61,43,48,27,9,43,37,22,23,26,21,44,24,21,25,147,0,147,시청역_1
2016,2,D,발달상권,1001195,456,212,244,58,86,69,76,72,95,20,38,37,40,35,42,38,48,32,36,37,53,244,0,244,왕십리역_2
2016,2,D,발달상권,1001194,102,51,51,0,18,37,21,19,7,0,7,17,11,12,4,0,11,20,10,7,3,76,0,76,서울 강서구 발산역
2016,2,D,발달상권,1001193,214,130,84,10,31,25,48,52,48,6,22,13,35,31,23,4,9,12,13,21,25,132,23,109,장한평역_1
2016,2,D,발달상권,1001192,816,409,407,63,110,105,118,148,272,25,51,62,72,80,119,38,59,43,46,68,153,525,0,525,서울 중구 충무로역_1
2016,2,D,발달상권,1001191,3,2,1,0,0,0,1,2,0,0,0,0,1,1,0,0,0,0,0,1,0,2,0,2,왕십리역_1
2016,2,D,발달상권,1001190,1102,818,284,25,172,266,238,258,143,14,76,174,209,235,110,11,96,92,29,23,33,947,0,947,장한평역
2016,2,D,발달상권,1001189,542,265,277,31,39,73,104,104,191,13,17,37,61,49,88,18,22,36,43,55,103,391,16,375,서울 중구 명동역
2016,2,D,발달상권,1001188,189,106,83,23,68,28,31,15,24,13,36,17,20,8,12,10,32,11,11,7,12,131,38,93,장충동 족발거리
2016,2,D,발달상권,1001187,984,492,492,41,568,152,58,59,106,20,281,86,30,30,45,21,287,66,28,29,61,774,0,774,한양시장
2016,2,D,발달상권,1001186,1302,498,804,60,357,182,186,164,353,22,65,83,102,76,150,38,292,99,84,88,203,964,63,901,서울 서대문구 이대역
2016,2,D,발달상권,1001185,2853,1420,1433,147,1194,489,285,288,450,78,554,259,172,153,204,69,640,230,113,135,246,2114,82,2032,서울 서대문구 신촌역
2016,2,D,발달상권,1001184,206,95,111,10,45,70,36,23,22,4,19,32,19,11,10,6,26,38,17,12,12,161,0,161,서울 마포구 홍대입구역_3
2016,2,D,발달상권,1001183,588,275,313,63,105,139,70,61,150,33,48,54,39,29,72,30,57,85,31,32,78,305,0,305,서울 마포구 홍대입구역_2
2016,2,D,발달상권,1001182,5423,2555,2868,442,1331,1364,786,563,937,220,592,672,396,263,412,222,739,692,390,300,525,3414,134,3280,홍익대학교 주변
2016,2,D,발달상권,1001181,1713,796,917,145,400,456,191,232,289,72,161,210,106,106,141,73,239,246,85,126,148,1027,0,1027,서울 광진구 군자역
2016,2,D,발달상권,1001180,1299,664,635,71,416,278,172,144,218,43,195,139,95,82,110,28,221,139,77,62,108,966,27,939,신촌역
2016,2,D,발달상권,1001179,2535,1250,1285,294,439,588,417,381,416,149,164,294,251,198,194,145,275,294,166,183,222,1467,114,1353,강서구청
2016,2,D,발달상권,1001178,692,354,338,61,111,189,112,69,150,30,57,105,56,41,65,31,54,84,56,28,85,412,0,412,서울 마포구 홍대입구역_1
2016,2,D,발달상권,1001177,51,30,21,5,3,8,10,4,21,4,2,4,7,1,12,1,1,4,3,3,9,25,0,25,서울 중구 약수역_2
2016,2,D,발달상권,1001176,13,9,4,1,3,2,3,1,3,1,2,1,3,0,2,0,1,1,0,1,1,10,0,10,서울 중구 약수역_1
2016,2,D,발달상권,1001175,2673,1341,1332,573,419,309,477,523,372,317,238,136,217,255,178,256,181,173,260,268,194,862,651,211,서울 강동구 고덕역
2016,2,D,발달상권,1001174,1035,487,548,115,220,286,136,127,151,62,74,148,72,65,66,53,146,138,64,62,85,539,25,514,등촌역
2016,2,D,발달상권,1001173,1917,958,959,272,244,306,322,326,447,144,120,160,160,158,216,128,124,146,162,168,231,966,9,957,서울 강동구 명일역
2016,2,D,발달상권,1001172,675,384,291,82,141,115,120,117,100,49,70,70,73,71,51,33,71,45,47,46,49,362,83,279,어린이대공원역
2016,2,D,발달상권,1001171,31,16,15,1,7,2,4,7,10,0,4,1,3,4,4,1,3,1,1,3,6,19,0,19,서울 마포구 공덕역_2
2016,2,D,발달상권,1001170,57,40,17,2,4,6,14,15,16,1,2,3,12,10,12,1,2,3,2,5,4,40,0,40,공덕역
2016,2,D,발달상권,1001169,529,296,233,39,73,92,82,95,148,19,45,50,50,57,75,20,28,42,32,38,73,328,0,328,서울 용산구 숙대입구역
2016,2,D,발달상권,1001168,1,0,1,0,0,1,0,0,0,0,0,0,0,0,0,0,0,1,0,0,0,1,0,1,남영역
2016,2,D,발달상권,1001166,3301,1509,1792,508,423,881,700,370,419,247,171,398,333,178,182,261,252,483,367,192,237,1710,446,1264,서울 마포구 마포역_2
2016,2,D,발달상권,1001165,2085,922,1163,128,770,468,222,168,329,65,280,232,113,87,145,63,490,236,109,81,184,1454,0,1454,서울 광진구 건대입구역_2
2016,2,D,발달상권,1001164,735,369,366,62,97,143,103,123,207,37,44,74,59,58,97,25,53,69,44,65,110,437,0,437,서울 마포구 마포역_1
2016,2,D,발달상권,1001163,3021,1565,1456,247,383,660,512,546,673,131,188,336,296,289,325,116,195,324,216,257,348,1849,525,1324,서울 강동구 천호역_2
2016,2,D,발달상권,1001162,1149,539,610,88,243,224,182,170,242,41,96,106,93,84,119,47,147,118,89,86,123,672,0,672,서울 광진구 건대입구역_1
2016,2,D,발달상권,1001161,536,228,308,26,15,21,24,19,431,13,4,7,10,8,186,13,11,14,14,11,245,289,0,289,건대입구역
2016,2,D,발달상권,1001160,1971,924,1047,147,464,501,294,270,295,71,176,242,167,128,140,76,288,259,127,142,155,1274,0,1274,서울 광진구 구의역
2016,2,D,발달상권,1001159,314,148,166,29,42,65,49,44,85,17,17,31,23,21,39,12,25,34,26,23,46,166,0,166,서울 강동구 천호역
2016,2,D,발달상권,1001158,994,448,546,26,206,180,113,165,304,17,71,79,55,94,132,9,135,101,58,71,172,776,0,776,당산역_2
2016,2,D,발달상권,1001157,343,164,179,41,62,46,61,58,75,16,32,24,32,29,31,25,30,22,29,29,44,177,0,177,서울 강동구 천호역_1
2016,2,D,발달상권,1001156,3080,1524,1556,189,845,756,455,443,392,87,305,392,283,246,211,102,540,364,172,197,181,2113,0,2113,서울 강동구 길동역
2016,2,D,발달상권,1001155,397,228,169,38,47,77,74,55,106,21,30,53,46,34,44,17,17,24,28,21,62,222,0,222,용산 전자상가_5
2016,2,D,발달상권,1001154,106,67,39,9,9,22,25,19,22,6,5,16,20,11,9,3,4,6,5,8,13,77,0,77,용산 전자상가_4
2016,2,D,발달상권,1001153,1031,491,540,81,288,336,121,105,100,43,101,175,68,58,46,38,187,161,53,47,54,673,107,566,당산역_1
2016,2,D,발달상권,1001152,197,92,105,30,33,20,24,33,57,15,15,6,11,13,32,15,18,14,13,20,25,68,64,4,서울 광진구 강변역
2016,2,D,발달상권,1001151,255,127,128,22,35,52,34,42,70,12,19,28,19,17,32,10,16,24,15,25,38,118,73,45,용산 전자상가_3
2016,2,D,발달상권,1001150,996,532,464,71,166,191,157,186,225,36,87,114,82,107,106,35,79,77,75,79,119,636,0,636,서울 용산구 이태원역
2016,2,D,발달상권,1001149,191,100,91,9,32,24,31,32,63,5,19,13,18,15,30,4,13,11,13,17,33,124,0,124,한남오거리
2016,2,D,발달상권,1001148,48,30,18,0,13,9,10,9,7,0,4,3,10,7,6,0,9,6,0,2,1,46,0,46,목동사거리
2016,2,D,발달상권,1001147,152,83,69,19,27,34,17,26,29,15,13,17,11,14,13,4,14,17,6,12,16,59,0,59,용산 전자상가_2
2016,2,D,발달상권,1001146,115,53,62,17,12,23,21,10,32,7,7,10,13,3,13,10,5,13,8,7,19,60,0,60,용산구청
2016,2,D,발달상권,1001145,328,184,144,38,42,97,70,51,30,15,22,52,46,30,19,23,20,45,24,21,11,192,0,192,용산 전자상가_1
2016,2,D,발달상권,1001144,633,333,300,28,101,181,122,111,90,15,45,85,69,70,49,13,56,96,53,41,41,489,33,456,국회의사당역_2
2016,2,D,발달상권,1001143,237,127,110,17,26,35,37,45,77,14,17,19,19,22,36,3,9,16,18,23,41,146,0,146,서울 용산구 신용산역
2016,2,D,발달상권,1001141,1349,649,700,196,155,281,277,164,276,93,71,134,147,82,122,103,84,147,130,82,154,702,255,447,압구정 로데오거리_2
2016,2,D,발달상권,1001140,1952,862,1090,246,322,409,344,226,405,124,137,168,148,111,174,122,185,241,196,115,231,1012,35,977,서울 강남구 압구정역
2016,2,D,발달상권,1001139,1357,686,671,90,266,269,187,219,326,44,123,137,93,127,162,46,143,132,94,92,164,903,0,903,서울 영등포구 영등포구청역
2016,2,D,발달상권,1001138,613,294,319,91,67,90,93,85,187,45,36,40,38,43,92,46,31,50,55,42,95,252,0,252,압구정 로데오거리_1
2016,2,D,발달상권,1001137,840,451,389,123,118,127,163,140,169,76,68,69,79,80,79,47,50,58,84,60,90,397,22,375,서울 강동구 둔촌동역
2016,2,D,발달상권,1001136,900,426,474,229,116,100,206,129,120,111,50,41,102,60,62,118,66,59,104,69,58,270,237,33,오목교역
2016,2,D,발달상권,1001135,4121,1902,2219,558,597,929,764,497,776,295,241,411,367,242,346,263,356,518,397,255,430,2244,91,2153,신사동 가로수길
2016,2,D,발달상권,1001134,14,11,3,1,1,1,4,5,2,0,1,1,3,4,2,1,0,0,1,1,0,11,0,11,서울 영등포구 여의도역_2
2016,2,D,발달상권,1001133,884,400,484,58,78,115,179,151,303,25,42,54,85,69,125,33,36,61,94,82,178,584,0,584,청담사거리_3
2016,2,D,발달상권,1001132,431,253,178,37,50,73,77,70,124,19,32,46,53,40,63,18,18,27,24,30,61,236,0,236,영등포유통상가
2016,2,D,발달상권,1001131,477,222,255,96,62,95,89,79,56,47,31,37,40,35,32,49,31,58,49,44,24,193,169,24,청담역_2
2016,2,D,발달상권,1001130,202,98,104,43,30,22,32,32,43,20,18,10,15,17,18,23,12,12,17,15,25,69,0,69,청담역_1
2016,2,D,발달상권,1001129,349,169,180,46,44,61,57,57,84,20,25,30,27,27,40,26,19,31,30,30,44,133,0,133,청담사거리_2
2016,2,D,발달상권,1001128,256,117,139,35,40,60,53,38,30,17,18,28,25,19,10,18,22,32,28,19,20,131,0,131,청담사거리_1
2016,2,D,발달상권,1001127,1404,684,720,266,154,191,252,220,321,147,63,80,120,117,157,119,91,111,132,103,164,519,472,47,서울 영등포구 여의도역_1
2016,2,D,발달상권,1001126,298,147,151,31,53,47,35,59,73,18,24,28,18,26,33,13,29,19,17,33,40,157,0,157,서울 양천구 신정네거리역_2
2016,2,D,발달상권,1001125,485,246,239,87,64,84,98,61,91,56,36,34,46,26,48,31,28,50,52,35,43,190,124,66,학동사거리_2
2016,2,D,발달상권,1001124,1499,963,536,50,97,150,269,366,567,26,57,98,186,267,329,24,40,52,83,99,238,1149,0,1149,서울 영등포구 영등포시장역
2016,2,D,발달상권,1001123,491,241,250,55,78,107,94,57,100,29,31,49,47,35,50,26,47,58,47,22,50,282,50,232,학동사거리_1
2016,2,D,발달상권,1001122,633,303,330,88,64,77,93,94,217,40,32,37,46,49,99,48,32,40,47,45,118,258,118,140,여의도 시범아파트앞
2016,2,D,발달상권,1001121,398,244,154,12,111,92,51,63,69,8,43,57,37,48,51,4,68,35,14,15,18,334,0,334,영등포역_3
2016,2,D,발달상권,1001120,445,199,246,61,73,116,63,51,81,30,30,53,28,22,36,31,43,63,35,29,45,225,79,146,도산공원사거리_1
2016,2,D,발달상권,1001119,635,478,157,13,96,83,121,167,155,8,39,62,113,143,113,5,57,21,8,24,42,575,0,575,영등포역_2
2016,2,D,발달상권,1001118,226,112,114,51,27,33,38,31,46,31,13,18,18,15,17,20,14,15,20,16,29,82,0,82,문래동 주민센터
2016,2,D,발달상권,1001117,1063,480,583,77,209,309,167,124,177,37,80,127,97,62,77,40,129,182,70,62,100,665,0,665,강남구 신사역_2
2016,2,D,발달상권,1001116,164,90,74,5,77,36,16,18,12,1,29,24,12,14,10,4,48,12,4,4,2,148,0,148,영등포역_1
2016,2,D,발달상권,1001115,711,362,349,33,57,125,162,134,200,14,31,56,83,90,88,19,26,69,79,44,112,528,0,528,서울 강남구 강남구청역_2
2016,2,D,발달상권,1001114,853,459,394,53,128,207,168,121,176,30,61,106,105,64,93,23,67,101,63,57,83,559,0,559,강남구 신사역_1
2016,2,D,발달상권,1001113,26,20,6,0,2,4,3,8,9,0,1,4,3,8,4,0,1,0,0,0,5,22,0,22,서울 동작구 노량진1동_1
2016,2,D,발달상권,1001112,137,72,65,4,22,37,25,22,27,3,11,21,11,12,14,1,11,16,14,10,13,95,0,95,서울 강남구 학동역_3
2016,2,D,발달상권,1001111,582,281,301,60,95,168,107,75,77,32,40,72,50,44,43,28,55,96,57,31,34,382,44,338,서울 강남구 강남구청역_1
2016,2,D,발달상권,1001110,2356,1118,1238,336,367,347,292,435,579,161,187,160,116,198,296,175,180,187,176,237,283,817,817,0,잠실역
2016,2,D,발달상권,1001109,1855,918,937,154,333,520,333,236,279,81,152,241,176,130,138,73,181,279,157,106,141,1164,0,1164,강남구 논현역_4
2016,2,D,발달상권,1001108,485,192,293,27,91,184,77,51,55,15,32,67,32,25,21,12,59,117,45,26,34,339,0,339,학동역
2016,2,D,발달상권,1001107,1369,734,635,102,241,353,223,224,226,59,109,192,136,122,116,43,132,161,87,102,110,840,0,840,방이동 먹자골목
2016,2,D,발달상권,1001106,100,47,53,3,29,34,12,9,13,0,9,18,10,5,5,3,20,16,2,4,8,73,0,73,서울 강남구 학동역_2
2016,2,D,발달상권,1001105,1114,543,571,51,572,195,92,75,129,22,249,129,57,31,55,29,323,66,35,44,74,921,0,921,서울 동작구 노량진역
2016,2,D,발달상권,1001104,56,41,15,2,15,10,7,8,14,2,12,6,6,4,11,0,3,4,1,4,3,35,0,35,삼성역_3
2016,2,D,발달상권,1001103,19,11,8,6,1,1,3,4,4,3,0,1,1,3,3,3,1,0,2,1,1,10,0,10,코엑스
2016,2,D,발달상권,1001102,943,424,519,78,196,275,154,87,153,38,79,118,75,41,73,40,117,157,79,46,80,551,0,551,서울 강남구 학동역_1
2016,2,D,발달상권,1001101,2045,909,1136,229,285,491,417,264,359,110,121,207,193,130,148,119,164,284,224,134,211,1304,13,1291,선정릉역_2
2016,2,D,발달상권,1001100,77,37,40,4,13,25,9,9,17,2,6,12,5,4,8,2,7,13,4,5,9,44,0,44,강남구 논현역_3
2016,2,D,발달상권,1001099,694,350,344,66,139,146,130,108,105,41,65,72,62,65,45,25,74,74,68,43,60,397,22,375,포스코사거리_2
2016,2,D,발달상권,1001098,2210,1068,1142,258,356,574,378,303,341,122,169,265,202,154,156,136,187,309,176,149,185,1260,54,1206,포스코사거리_1
2016,2,D,발달상권,1001096,1659,803,856,298,237,406,276,254,188,149,113,198,132,121,90,149,124,208,144,133,98,612,297,315,신도림역
2016,2,D,발달상권,1001095,4148,1993,2155,323,861,1136,664,488,676,172,390,537,356,240,298,151,471,599,308,248,378,2543,0,2543,강남구 논현역_2
2016,2,D,발달상권,1001094,650,299,351,91,126,130,119,96,88,48,55,55,55,43,43,43,71,75,64,53,45,339,21,318,선정릉역_1
2016,2,D,발달상권,1001093,2615,1263,1352,224,455,657,426,391,462,116,191,335,223,189,209,108,264,322,203,202,253,1527,154,1373,신천역
2016,2,D,발달상권,1001092,2045,1002,1043,135,374,554,368,283,331,68,151,255,221,152,155,67,223,299,147,131,176,1413,22,1391,강남구 논현역_1
2016,2,D,발달상권,1001091,7,4,3,0,1,1,1,2,2,0,0,1,1,1,1,0,1,0,0,1,1,3,0,3,삼성역_2
2016,2,D,발달상권,1001090,630,306,324,55,106,176,119,82,92,31,44,74,68,43,46,24,62,102,51,39,46,392,0,392,삼정역_2
2016,2,D,발달상권,1001089,91,44,47,4,17,24,9,18,19,1,8,14,3,8,10,3,9,10,6,10,9,53,0,53,삼정역_1
2016,2,D,발달상권,1001088,1351,665,686,185,247,329,233,174,183,103,110,161,114,85,92,82,137,168,119,89,91,749,0,749,삼성역_1
2016,2,D,발달상권,1001087,2169,1088,1081,152,463,645,342,271,296,72,229,319,184,141,143,80,234,326,158,130,153,1389,0,1389,서울 강남구 선릉역_2
2016,2,D,발달상권,1001085,3172,1602,1570,182,753,965,454,380,438,95,336,488,270,198,215,87,417,477,184,182,223,2165,29,2136,서울 서초구 강남역
2016,2,D,발달상권,1001084,699,338,361,59,92,201,187,72,88,27,37,90,100,41,43,32,55,111,87,31,45,501,1,500,서울 강남구 선릉역_1
2016,2,D,발달상권,1001083,535,250,285,79,76,149,81,64,86,46,36,64,35,28,41,33,40,85,46,36,45,259,5,254,서울 송파구 석촌역_2
2016,2,D,발달상권,1001082,3730,1651,2079,381,629,1164,763,413,380,164,242,467,390,208,180,217,387,697,373,205,200,2435,0,2435,선릉역_2
2016,2,D,발달상권,1001081,1020,493,527,91,201,282,166,127,153,50,78,129,96,68,72,41,123,153,70,59,81,622,0,622,서울 강남구 역삼역_2
2016,2,D,발달상권,1001080,204,94,110,25,34,53,34,26,32,15,15,18,19,11,16,10,19,35,15,15,16,110,0,110,서울 송파구 석촌역_1
2016,2,D,발달상권,1001079,8,3,5,0,2,2,1,1,2,0,1,1,0,1,0,0,1,1,1,0,2,4,0,4,석촌역
2016,2,D,발달상권,1001078,1573,742,831,144,223,306,291,259,350,67,85,150,141,135,164,77,138,156,150,124,186,902,177,725,서울 강남구 강남역_2
2016,2,D,발달상권,1001077,1209,527,682,236,161,273,287,126,126,98,69,102,129,66,63,138,92,171,158,60,63,551,277,274,선릉역_1
2016,2,D,발달상권,1001076,196,97,99,20,29,39,26,30,52,12,11,21,14,14,25,8,18,18,12,16,27,102,0,102,구로역
2016,2,D,발달상권,1001075,495,341,154,409,21,28,11,12,14,295,4,16,8,10,8,114,17,12,3,2,6,75,7,68,역삼역_2
2016,2,D,발달상권,1001074,1410,712,698,50,438,461,221,151,89,24,158,241,135,101,53,26,280,220,86,50,36,1167,0,1167,대림역_2
2016,2,D,발달상권,1001073,4938,2570,2368,310,919,1318,942,670,779,155,405,711,548,378,373,155,514,607,394,292,406,3462,14,3448,서울 강남구 역삼역_1
2016,2,D,발달상권,1001072,1220,579,641,114,262,285,177,172,210,53,99,126,102,93,106,61,163,159,75,79,104,752,32,720,신대방삼거리역
2016,2,D,발달상권,1001071,1842,866,976,337,298,254,365,294,294,180,143,119,153,144,127,157,155,135,212,150,167,838,0,838,서울 강남구 한티역
2016,2,D,발달상권,1001070,388,202,186,102,42,24,119,68,33,68,20,10,50,40,14,34,22,14,69,28,19,131,90,41,은마아파트입구사거리_4
2016,2,D,발달상권,1001069,334,165,169,70,59,29,81,46,49,36,31,14,37,23,24,34,28,15,44,23,25,142,16,126,은마아파트입구사거리_3
2016,2,D,발달상권,1001068,20,10,10,2,3,3,1,6,5,0,1,3,0,3,3,2,2,0,1,3,2,9,0,9,은마아파트입구사거리_2
2016,2,D,발달상권,1001067,2307,1164,1143,187,531,785,321,212,271,94,223,422,195,93,137,93,308,363,126,119,134,1519,108,1411,오류동역
2016,2,D,발달상권,1001066,1477,661,816,89,410,503,193,147,135,48,147,224,106,69,67,41,263,279,87,78,68,1063,291,772,서울 강남구 강남역
2016,2,D,발달상권,1001065,193,107,86,46,28,15,46,34,24,30,19,9,24,15,10,16,9,6,22,19,14,68,0,68,은마아파트입구사거리_1
2016,2,D,발달상권,1001064,653,276,377,25,203,275,104,24,22,9,38,144,62,14,9,16,165,131,42,10,13,568,0,568,대림역_1
2016,2,D,발달상권,1001063,1419,694,725,301,215,157,280,195,271,140,114,76,128,99,137,161,101,81,152,96,134,567,41,526,교대역_4
2016,2,D,발달상권,1001062,673,313,360,62,116,176,121,97,101,29,47,84,64,44,45,33,69,92,57,53,56,411,83,328,서울 강남구 강남역_1
2016,2,D,발달상권,1001061,2710,1297,1413,648,300,403,586,366,407,315,153,181,279,195,174,333,147,222,307,171,233,987,481,506,방배동카페골목
2016,2,D,발달상권,1001059,18,9,9,1,1,6,2,4,4,0,0,2,2,2,3,1,1,4,0,2,1,10,0,10,교대역_3
2016,2,D,발달상권,1001058,2696,1269,1427,299,471,806,417,328,375,145,212,407,192,140,173,154,259,399,225,188,202,1500,30,1470,역삼역_1
2016,2,D,발달상권,1001057,1365,630,735,144,266,327,213,193,222,75,123,147,103,89,93,69,143,180,110,104,129,802,269,533,교대역_2
2016,2,D,발달상권,1001056,487,271,216,27,71,105,84,94,106,14,29,48,51,68,61,13,42,57,33,26,45,343,0,343,서울 송파구 가락시장역
2016,2,D,발달상권,1001055,66,33,33,10,10,12,10,8,16,2,7,6,6,3,9,8,3,6,4,5,7,26,0,26,서울 서초구 서초역
2016,2,D,발달상권,1001054,585,286,299,175,76,50,127,104,53,91,37,20,56,55,27,84,39,30,71,49,26,183,165,18,서울 강남구 대치역_2
2016,2,D,발달상권,1001053,524,268,256,174,48,40,147,75,40,95,26,18,68,43,18,79,22,22,79,32,22,145,145,0,서울 강남구 대치역_1
2016,2,D,발달상권,1001052,1931,854,1077,142,473,600,308,210,198,78,182,276,142,91,85,64,291,324,166,119,113,1351,242,1109,뱅뱅사거리_2
2016,2,D,발달상권,1001051,3495,1685,1810,574,460,524,569,457,911,295,237,246,262,220,425,279,223,278,307,237,486,1349,279,1070,보라매공원
2016,2,D,발달상권,1001050,1570,788,782,144,302,386,217,253,268,69,134,204,116,129,136,75,168,182,101,124,132,893,0,893,교대역_1
2016,2,D,발달상권,1001049,2809,1417,1392,349,371,383,436,524,746,174,201,203,227,276,336,175,170,180,209,248,410,1248,9,1239,개봉동 현대아파트 인근
2016,2,D,발달상권,1001048,1325,618,707,117,264,411,246,150,137,66,104,183,128,71,66,51,160,228,118,79,71,858,114,744,뱅뱅사거리
2016,2,D,발달상권,1001047,1065,558,507,130,224,323,143,120,125,66,100,188,88,54,62,64,124,135,55,66,63,620,20,600,뱅뱅사거리_1
2016,2,D,발달상권,1001046,2937,1447,1490,113,1096,975,334,196,223,60,485,508,190,97,107,53,611,467,144,99,116,2371,183,2188,서울 관악구 신림역_4
2016,2,D,발달상권,1001045,1149,534,615,89,226,259,144,154,277,41,86,121,75,86,125,48,140,138,69,68,152,629,0,629,동작구 총신대입구역_1
2016,2,D,발달상권,1001044,2004,975,1029,257,328,515,287,275,342,135,156,248,141,129,166,122,172,267,146,146,176,1002,75,927,양재역_3
2016,2,D,발달상권,1001043,1398,583,815,269,169,357,296,152,155,108,55,151,127,78,64,161,114,206,169,74,91,706,146,560,동작구 총신대입구역_2
2016,2,D,발달상권,1001042,453,215,238,47,82,115,65,55,89,26,32,53,34,24,46,21,50,62,31,31,43,268,0,268,서울 서초구 남부터미널역_3
2016,2,D,발달상권,1001041,1611,745,866,146,153,312,235,252,513,67,63,140,137,148,190,79,90,172,98,104,323,934,506,428,서울 강남구 수서역
2016,2,D,발달상권,1001040,871,478,393,24,328,231,100,91,97,12,141,154,65,56,50,12,187,77,35,35,47,725,0,725,서울 관악구 신림역_3
2016,2,D,발달상권,1001039,1483,768,715,84,268,473,303,208,147,41,91,228,183,139,86,43,177,245,120,69,61,1136,0,1136,서울 서초구 남부터미널역_2
2016,2,D,발달상권,1001038,142,75,67,18,14,22,22,35,31,7,9,12,12,21,14,11,5,10,10,14,17,79,0,79,구로디지탈1단지
2016,2,D,발달상권,1001037,1400,631,769,195,245,350,223,186,201,77,109,160,108,87,90,118,136,190,115,99,111,736,167,569,양재역
2016,2,D,발달상권,1001036,370,193,177,54,55,78,69,58,56,31,32,38,42,24,26,23,23,40,27,34,30,172,0,172,문정역
2016,2,D,발달상권,1001035,577,291,286,85,98,104,98,97,95,51,43,51,51,48,47,34,55,53,47,49,48,278,0,278,매봉역
2016,2,D,발달상권,1001034,1249,617,632,166,185,284,224,181,209,82,78,147,132,85,93,84,107,137,92,96,116,631,18,613,서울 서초구 방배역
2016,2,D,발달상권,1001033,1232,607,625,203,196,199,214,203,217,106,96,92,104,96,113,97,100,107,110,107,104,503,0,503,서울 서초구 남부터미널역_1
2016,2,D,발달상권,1001032,1593,859,734,86,493,396,187,180,251,51,259,227,109,81,132,35,234,169,78,99,119,1033,0,1033,서울 관악구 신림역_2
2016,2,D,발달상권,1001031,506,239,267,18,187,154,61,40,46,8,63,91,33,21,23,10,124,63,28,19,23,402,0,402,서울 관악구 신림역_1
2016,2,D,발달상권,1001030,709,357,352,70,126,193,94,103,123,38,60,102,48,49,60,32,66,91,46,54,63,391,0,391,양재역_2
2016,2,D,발달상권,1001028,440,234,206,19,138,103,49,51,80,10,63,57,35,28,41,9,75,46,14,23,39,332,0,332,서울 관악구 서울대입구역_2
2016,2,D,발달상권,1001027,1488,814,674,30,400,380,232,242,204,12,133,211,161,175,122,18,267,169,71,67,82,1325,254,1071,가산디지털단지역_3
2016,2,D,발달상권,1001026,456,278,178,28,53,48,76,114,137,22,29,36,50,79,62,6,24,12,26,35,75,273,0,273,구로디지털단지역
2016,2,D,발달상권,1001025,5623,2656,2967,243,2285,1450,563,512,570,113,917,723,328,279,296,130,1368,727,235,233,274,4357,20,4337,서울 관악구 서울대입구역_1
2016,2,D,발달상권,1001024,670,324,346,93,115,143,103,92,124,45,57,61,54,46,61,48,58,82,49,46,63,318,52,266,관악구 사당역_1
2016,2,D,발달상권,1001023,96,59,37,6,17,14,13,13,33,3,9,12,11,5,19,3,8,2,2,8,14,62,0,62,가산디지털단지역_2
2016,2,D,발달상권,1001022,949,431,518,52,263,222,104,119,189,29,99,103,54,58,88,23,164,119,50,61,101,608,0,608,관악구 사당역_2
2016,2,D,발달상권,1001021,22,16,6,1,0,5,4,7,5,0,0,3,4,6,3,1,0,2,0,1,2,19,3,16,가산디지털단지역_1
2016,2,D,발달상권,1001019,57,34,23,6,5,16,16,7,7,3,1,8,11,5,6,3,4,8,5,2,1,39,0,39,포이사거리_1
2016,2,D,발달상권,1001018,1759,985,774,171,300,423,335,290,240,100,157,238,203,171,116,71,143,185,132,119,124,1090,10,1080,포이사거리_2
2016,2,D,발달상권,1001017,316,146,170,18,95,81,36,40,46,8,38,39,18,21,22,10,57,42,18,19,24,219,115,104,관악구 사당역_3
2016,2,D,발달상권,1001016,1640,1003,637,98,653,372,189,131,197,59,387,264,128,70,95,39,266,108,61,61,102,1257,0,1257,서울 관악구 대학동_1
2016,2,D,발달상권,1001015,1023,583,440,51,170,257,189,167,189,27,87,171,112,100,86,24,83,86,77,67,103,753,7,746,서울 금천구 독산1동_1
2016,2,D,발달상권,1001013,1728,831,897,497,160,302,329,186,254,258,73,134,184,81,101,239,87,168,145,105,153,533,0,533,양재 화물트럭터미널앞_2
2016,2,D,발달상권,1001012,2,2,0,0,0,0,0,1,1,0,0,0,0,1,1,0,0,0,0,0,0,2,0,2,양재 화물트럭터미널앞_1
2016,2,D,발달상권,1001011,1551,831,720,104,171,227,251,309,489,55,95,126,146,176,233,49,76,101,105,133,256,995,28,967,서울 금천구 시흥1동_4
2016,2,A,골목상권,1001010,3223,1640,1583,389,471,603,511,589,660,211,248,317,273,293,298,178,223,286,238,296,362,1633,36,1597,풍성로37가길
2016,2,A,골목상권,1001009,3878,1938,1940,458,560,684,595,710,871,224,275,373,312,352,402,234,285,311,283,358,469,1916,45,1871,천호옛길
2016,2,A,골목상권,1001008,2296,1109,1187,239,366,370,352,413,556,117,186,190,175,180,261,122,180,180,177,233,295,1080,70,1010,천호옛14길
2016,2,A,골목상권,1001007,2431,1245,1186,353,373,286,387,509,523,176,199,153,200,270,247,177,174,133,187,239,276,1020,0,1020,천호대로219길
2016,2,A,골목상권,1001006,4085,2021,2064,699,601,684,688,715,698,364,312,344,340,342,319,335,289,340,348,373,379,1497,596,901,천호대로197길
2016,2,A,골목상권,1001005,2876,1391,1485,429,403,581,396,486,581,212,209,289,189,229,263,217,194,292,207,257,318,1239,99,1140,천호대로187길
2016,2,A,골목상권,1001004,4238,2096,2142,568,693,930,570,697,780,284,326,491,293,333,369,284,367,439,277,364,411,1852,320,1532,천호대로170길
2016,2,A,골목상권,1001003,2259,1152,1107,295,338,414,308,422,482,147,175,228,165,201,236,148,163,186,143,221,246,967,255,712,천호대로162길
2016,2,A,골목상권,1001002,3941,1925,2016,587,614,634,579,720,807,321,310,319,296,319,360,266,304,315,283,401,447,1546,152,1394,천중로51길
2016,2,A,골목상권,1001001,6520,3233,3287,1056,919,1131,1033,1123,1258,556,461,602,505,519,590,500,458,529,528,604,668,2545,478,2067,천중로39길
2016,2,A,골목상권,1001000,1748,870,878,203,261,387,259,279,359,105,117,209,144,129,166,98,144,178,115,150,193,847,0,847,진황도로47길
2016,2,A,골목상권,1000999,7192,3643,3549,874,943,1331,1060,1287,1697,421,483,747,562,624,806,453,460,584,498,663,891,3331,958,2373,진황도로27길
2016,2,A,골목상권,1000998,3251,1601,1650,414,396,606,549,569,717,211,201,322,266,287,314,203,195,284,283,282,403,1597,148,1449,올림픽로98길
2016,2,A,골목상권,1000997,2260,1148,1112,281,271,292,370,449,597,147,140,159,196,235,271,134,131,133,174,214,326,1128,0,1128,올림픽로80길
2016,2,A,골목상권,1000996,1974,1048,926,168,207,245,349,446,559,71,109,143,207,250,268,97,98,102,142,196,291,1180,74,1106,올림픽로78길
2016,2,A,골목상권,1000995,2497,1298,1199,298,323,421,386,496,573,159,159,222,229,258,271,139,164,199,157,238,302,1189,9,1180,올림픽로77길
2016,2,A,골목상권,1000994,2611,1306,1305,254,361,440,392,486,678,135,185,237,210,239,300,119,176,203,182,247,378,1353,0,1353,올림픽로71길
2016,2,A,골목상권,1000993,1529,735,794,259,201,316,265,201,287,142,89,140,138,93,133,117,112,176,127,108,154,617,100,517,올림픽로48길
2016,2,A,골목상권,1000992,3312,1639,1673,690,410,579,563,471,599,358,201,290,290,221,279,332,209,289,273,250,320,1196,734,462,양재대로96길
2016,2,A,골목상권,1000991,3713,1838,1875,560,569,700,559,646,679,308,311,359,267,298,295,252,258,341,292,348,384,1571,192,1379,양재대로95길
2016,2,A,골목상권,1000990,3828,1872,1956,687,537,639,661,639,665,365,300,313,317,295,282,322,237,326,344,344,383,1483,507,976,양재대로91길
2016,2,A,골목상권,1000989,5094,2515,2579,723,807,792,749,918,1105,361,423,415,389,413,514,362,384,377,360,505,591,2055,375,1680,양재대로133길
2016,2,A,골목상권,1000988,4719,2351,2368,685,697,839,732,867,899,350,373,435,366,403,424,335,324,404,366,464,475,1951,157,1794,양재대로124길
2016,2,A,골목상권,1000987,1574,747,827,208,263,307,214,267,315,106,127,149,108,123,134,102,136,158,106,144,181,679,135,544,양재대로116길
2016,2,A,골목상권,1000986,4306,2151,2155,533,684,1082,631,637,739,287,332,561,336,285,350,246,352,521,295,352,389,2113,143,1970,양재대로101길
2016,2,A,골목상권,1000985,6451,3249,3202,981,875,1117,1026,1119,1333,493,455,613,532,551,605,488,420,504,494,568,728,2752,108,2644,암사길
2016,2,A,골목상권,1000984,3650,1801,1849,645,510,680,658,542,615,343,261,344,321,255,277,302,249,336,337,287,338,1403,227,1176,성안로3길
2016,2,A,골목상권,1000983,3713,1794,1919,743,487,616,657,536,674,371,250,273,330,255,315,372,237,343,327,281,359,1359,783,576,성내로5길
2016,2,A,골목상권,1000982,1418,726,692,237,246,193,211,288,243,121,146,94,108,142,115,116,100,99,103,146,128,553,0,553,상일로5길
2016,2,A,골목상권,1000981,2010,1015,995,320,242,417,332,292,407,177,117,212,172,144,193,143,125,205,160,148,214,955,287,668,상암로5길
2016,2,A,골목상권,1000980,3151,1514,1637,563,443,453,523,538,631,284,226,228,251,242,283,279,217,225,272,296,348,1226,330,896,상암로51길
2016,2,A,골목상권,1000979,3649,1814,1835,551,465,823,628,575,607,274,211,413,343,280,293,277,254,410,285,295,314,1737,65,1672,상암로4길
2016,2,A,골목상권,1000978,3448,1681,1767,527,474,732,490,577,648,267,225,382,236,270,301,260,249,350,254,307,347,1438,396,1042,상암로14길
2016,2,A,골목상권,1000977,2155,1081,1074,307,321,325,347,400,455,167,157,172,184,197,204,140,164,153,163,203,251,991,132,859,명일로13길
2016,2,A,골목상권,1000976,3212,1649,1563,523,476,366,514,638,695,275,257,202,271,329,315,248,219,164,243,309,380,1289,0,1289,동남로85길
2016,2,A,골목상권,1000975,1947,1032,915,289,266,208,324,408,452,158,147,119,178,218,212,131,119,89,146,190,240,887,0,887,동남로82길
2016,2,A,골목상권,1000974,2857,1418,1439,593,392,304,555,489,524,321,210,166,255,240,226,272,182,138,300,249,298,1114,0,1114,동남로65길
2016,2,A,골목상권,1000973,4374,2298,2076,600,526,660,770,863,955,319,275,375,414,454,461,281,251,285,356,409,494,2149,120,2029,구천면로42길
2016,2,A,골목상권,1000972,5304,2693,2611,772,678,915,850,961,1128,426,357,493,442,462,513,346,321,422,408,499,615,2285,333,1952,구천면로41길
2016,2,A,골목상권,1000971,2634,1360,1274,352,377,371,406,528,600,185,191,208,212,280,284,167,186,163,194,248,316,1182,0,1182,구천면로36길
2016,2,A,골목상권,1000970,1001,516,485,177,140,123,149,188,224,94,74,71,74,93,110,83,66,52,75,95,114,389,0,389,고덕로61길
2016,2,A,골목상권,1000969,1569,780,789,313,197,254,256,237,312,152,104,128,130,116,150,161,93,126,126,121,162,565,181,384,고덕로25길
2016,2,A,골목상권,1000968,2192,1081,1111,369,298,433,372,344,376,193,145,215,194,153,181,176,153,218,178,191,195,994,70,924,고덕로10길
2016,2,A,골목상권,1000967,3214,1628,1586,606,437,536,561,525,549,344,252,266,278,245,243,262,185,270,283,280,306,1233,239,994,강동대로53길
2016,2,A,골목상권,1000966,1979,948,1031,235,255,290,301,359,539,119,127,145,161,163,233,116,128,145,140,196,306,898,0,898,풍성로25길
2016,2,A,골목상권,1000965,2517,1260,1257,487,416,343,437,425,409,253,218,185,215,198,191,234,198,158,222,227,218,927,135,792,오금로46길
2016,2,A,골목상권,1000964,2727,1337,1390,419,486,493,440,463,426,207,245,260,209,214,202,212,241,233,231,249,224,1145,58,1087,오금로36길
2016,2,A,골목상권,1000963,4561,2211,2350,533,717,1105,674,732,800,276,344,588,328,316,359,257,373,517,346,416,441,2236,19,2217,오금로11길
2016,2,A,골목상권,1000962,2176,1073,1103,307,405,254,328,436,446,160,221,132,138,214,208,147,184,122,190,222,238,829,270,559,양재대로72길
2016,2,A,골목상권,1000961,1430,678,752,241,221,229,225,241,273,120,111,104,109,103,131,121,110,125,116,138,142,559,35,524,양재대로71길
2016,2,A,골목상권,1000960,2438,1262,1176,390,366,441,395,440,406,203,189,239,209,225,197,187,177,202,186,215,209,1017,15,1002,양재대로64길
2016,2,A,골목상권,1000959,1480,742,738,234,189,312,267,228,250,116,91,165,143,117,110,118,98,147,124,111,140,654,246,408,양재대로62길
2016,2,A,골목상권,1000958,2336,1213,1123,275,367,368,396,494,436,155,192,191,203,247,225,120,175,177,193,247,211,1115,0,1115,송파대로30길
2016,2,A,골목상권,1000957,2967,1452,1515,480,464,554,468,524,477,251,224,274,239,237,227,229,240,280,229,287,250,1179,310,869,송이로36길
2016,2,A,골목상권,1000956,4801,2317,2484,761,809,907,780,829,715,364,402,475,361,390,325,397,407,432,419,439,390,1996,263,1733,송이로32길
2016,2,A,골목상권,1000955,4516,2273,2243,694,752,893,712,739,726,384,374,458,353,356,348,310,378,435,359,383,378,1907,157,1750,송이로23길
2016,2,A,골목상권,1000954,5980,2832,3148,736,1073,1455,914,900,902,385,504,697,428,418,400,351,569,758,486,482,502,3073,15,3058,삼전로13길
2016,2,A,골목상권,1000953,8088,3918,4170,1271,1269,1526,1245,1341,1436,686,617,755,596,606,658,585,652,771,649,735,778,3300,89,3211,백제고분로50길
2016,2,A,골목상권,1000952,3040,1470,1570,480,470,646,488,476,480,245,230,325,231,225,214,235,240,321,257,251,266,1297,31,1266,백제고분로46길
2016,2,A,골목상권,1000951,4463,2146,2317,631,736,1066,669,656,705,321,338,507,330,314,336,310,398,559,339,342,369,1989,141,1848,백제고분로45길
2016,2,A,골목상권,1000950,3846,1853,1993,477,667,908,603,587,604,242,292,467,287,282,283,235,375,441,316,305,321,1861,10,1851,백제고분로42길
2016,2,A,골목상권,1000949,3086,1444,1642,389,513,758,453,443,530,214,209,370,208,193,250,175,304,388,245,250,280,1493,0,1493,백제고분로39길
2016,2,A,골목상권,1000948,7411,3646,3765,1077,1118,1648,1226,1125,1217,558,573,831,615,527,542,519,545,817,611,598,675,3345,52,3293,백제고분로34길
2016,2,A,골목상권,1000947,5732,2707,3025,690,981,1518,870,775,898,345,437,749,434,359,383,345,544,769,436,416,515,2871,9,2862,백제고분로33길
2016,2,A,골목상권,1000946,6085,2952,3133,974,949,1334,1014,905,909,534,466,653,492,411,396,440,483,681,522,494,513,2655,57,2598,백제고분로32길
2016,2,A,골목상권,1000945,5905,2703,3202,872,931,1337,985,837,943,435,415,611,464,375,403,437,516,726,521,462,540,2748,7,2741,백제고분로31길
2016,2,A,골목상권,1000944,6465,3094,3371,961,1031,1485,1139,943,906,479,480,730,539,439,427,482,551,755,600,504,479,2980,14,2966,백제고분로22길
2016,2,A,골목상권,1000943,2237,1077,1160,264,342,571,386,351,323,139,150,278,198,172,140,125,192,293,188,179,183,1156,0,1156,백제고분로21길
2016,2,A,골목상권,1000942,4073,2052,2021,592,468,545,676,750,1042,301,230,296,361,383,481,291,238,249,315,367,561,1882,117,1765,마천로51길
2016,2,A,골목상권,1000941,3230,1544,1686,607,484,526,590,513,510,306,228,258,274,251,227,301,256,268,316,262,283,1160,371,789,동남로20길
2016,2,A,골목상권,1000940,3249,1673,1576,431,384,396,555,646,837,224,225,207,305,339,373,207,159,189,250,307,464,1540,0,1540,거마로20길
2016,2,A,골목상권,1000939,2433,1161,1272,545,297,481,517,302,291,310,142,194,237,146,132,235,155,287,280,156,159,946,661,285,학동로77길
2016,2,A,골목상권,1000938,1651,732,919,128,348,491,262,160,262,66,140,222,116,75,113,62,208,269,146,85,149,1016,0,1016,학동로6길
2016,2,A,골목상권,1000937,422,215,207,100,47,51,79,43,102,54,29,27,33,25,47,46,18,24,46,18,55,133,131,2,학동로56길
2016,2,A,골목상권,1000936,1550,710,840,167,284,432,253,172,242,77,119,212,129,76,97,90,165,220,124,96,145,821,108,713,학동로38길
2016,2,A,골목상권,1000935,440,206,234,37,71,87,73,62,110,21,36,41,33,29,46,16,35,46,40,33,64,230,0,230,테헤란로81길
2016,2,A,골목상권,1000934,3414,1662,1752,570,635,582,517,546,564,315,300,282,251,257,257,255,335,300,266,289,307,1465,0,1465,일원로9길
2016,2,A,골목상권,1000933,2398,1201,1197,441,387,398,367,393,412,251,206,197,177,182,188,190,181,201,190,211,224,975,81,894,일원로3길
2016,2,A,골목상권,1000932,2501,1253,1248,408,333,299,458,440,563,244,184,149,203,224,249,164,149,150,255,216,314,1109,0,1109,영동대로65길
2016,2,A,골목상권,1000931,2777,1355,1422,484,429,483,494,415,472,271,233,212,226,189,224,213,196,271,268,226,248,1051,523,528,영동대로112길
2016,2,A,골목상권,1000930,3621,1780,1841,400,648,1014,651,467,441,197,281,498,364,240,200,203,367,516,287,227,241,2084,242,1842,언주로81길
2016,2,A,골목상권,1000929,1077,489,588,162,180,265,180,126,164,85,88,96,87,60,73,77,92,169,93,66,91,546,61,485,압구정로2길
2016,2,A,골목상권,1000928,1758,878,880,289,258,263,264,337,347,153,150,125,128,168,154,136,108,138,136,169,193,747,24,723,선릉로18길
2016,2,A,골목상권,1000927,2239,1041,1198,302,393,496,408,284,356,160,151,235,209,132,154,142,242,261,199,152,202,1153,0,1153,선릉로146길
2016,2,A,골목상권,1000926,1597,727,870,211,285,374,260,187,280,116,108,173,118,87,125,95,177,201,142,100,155,791,113,678,선릉로133길
2016,2,A,골목상권,1000925,2398,1103,1295,485,326,460,447,306,374,252,142,175,222,150,162,233,184,285,225,156,212,955,229,726,선릉로132길
2016,2,A,골목상권,1000924,833,386,447,84,140,217,151,99,142,40,71,89,80,42,64,44,69,128,71,57,78,434,0,434,선릉로121길
2016,2,A,골목상권,1000923,2503,1220,1283,428,413,471,490,333,368,256,211,212,205,165,171,172,202,259,285,168,197,1134,251,883,삼성로75길
2016,2,A,골목상권,1000922,3437,1667,1770,655,620,568,701,508,385,372,308,270,294,271,152,283,312,298,407,237,233,1497,11,1486,삼성로69길
2016,2,A,골목상권,1000921,3095,1630,1465,835,429,225,795,515,296,537,241,99,343,284,126,298,188,126,452,231,170,990,714,276,삼성로64길
2016,2,A,골목상권,1000920,4265,2033,2232,779,740,635,906,713,492,429,355,277,396,358,218,350,385,358,510,355,274,1973,53,1920,삼성로63길
2016,2,A,골목상권,1000919,1769,916,853,535,226,112,452,305,139,328,112,48,184,179,65,207,114,64,268,126,74,539,447,92,삼성로57길
2016,2,A,골목상권,1000918,1281,578,703,177,227,254,214,179,230,87,98,113,98,85,97,90,129,141,116,94,133,635,29,606,삼성로147길
2016,2,A,골목상권,1000917,2869,1346,1523,530,397,646,542,337,417,302,195,267,242,157,183,228,202,379,300,180,234,1302,138,1164,삼성로115길
2016,2,A,골목상권,1000916,1567,718,849,183,243,487,262,147,245,92,106,210,132,75,103,91,137,277,130,72,142,898,0,898,봉은사로68길
2016,2,A,골목상권,1000915,564,272,292,96,93,101,121,77,76,54,45,51,52,37,33,42,48,50,69,40,43,240,0,240,봉은사로57길
2016,2,A,골목상권,1000914,3317,1587,1730,580,491,733,607,383,523,317,227,330,282,197,234,263,264,403,325,186,289,1461,349,1112,봉은사로43길
2016,2,A,골목상권,1000913,1277,591,686,117,264,365,212,154,165,53,120,159,113,66,80,64,144,206,99,88,85,753,0,753,봉은사로29길
2016,2,A,골목상권,1000912,2250,1097,1153,432,311,373,384,351,399,231,147,187,170,167,195,201,164,186,214,184,204,812,140,672,봉은사로109길
2016,2,A,골목상권,1000911,564,269,295,68,105,116,86,88,101,39,41,62,37,40,50,29,64,54,49,48,51,270,0,270,도산대로89길
2016,2,A,골목상권,1000910,488,228,260,90,56,69,90,51,132,47,24,29,33,29,66,43,32,40,57,22,66,192,0,192,도산대로81길
2016,2,A,골목상권,1000909,2395,1112,1283,353,344,516,370,298,514,179,162,219,189,137,226,174,182,297,181,161,288,1039,452,587,도산대로50길
2016,2,A,골목상권,1000908,1061,456,605,92,204,347,159,112,147,45,75,151,81,41,63,47,129,196,78,71,84,649,0,649,도산대로38길
2016,2,A,골목상권,1000907,877,410,467,83,156,225,154,96,163,43,62,113,78,42,72,40,94,112,76,54,91,467,0,467,도산대로30길
2016,2,A,골목상권,1000906,1408,617,791,173,300,341,216,189,189,79,127,153,92,76,90,94,173,188,124,113,99,755,0,755,도산대로23길
2016,2,A,골목상권,1000905,879,395,484,120,154,226,142,107,130,59,59,101,64,52,60,61,95,125,78,55,70,444,0,444,도산대로15길
2016,2,A,골목상권,1000904,6028,2778,3250,785,944,1515,1029,766,989,400,407,685,494,357,435,385,537,830,535,409,554,3084,67,3017,도곡로37길
2016,2,A,골목상권,1000903,3571,1778,1793,648,527,679,664,532,521,329,273,370,315,271,220,319,254,309,349,261,301,1537,20,1517,논현로8길
2016,2,A,골목상권,1000902,2740,1300,1440,368,447,680,442,367,436,197,195,311,222,164,211,171,252,369,220,203,225,1310,262,1048,논현로63길
2016,2,A,골목상권,1000901,79,47,32,10,10,11,11,12,25,6,9,5,6,6,15,4,1,6,5,6,10,37,0,37,논현로28길
2016,2,A,골목상권,1000900,1279,596,683,135,218,230,219,201,276,73,88,105,110,89,131,62,130,125,109,112,145,654,9,645,논현로26길
2016,2,A,골목상권,1000899,508,229,279,59,92,117,82,70,88,33,40,55,33,28,40,26,52,62,49,42,48,256,0,256,논현로159길
2016,2,A,골목상권,1000898,1492,713,779,179,223,370,236,197,287,91,103,177,118,89,135,88,120,193,118,108,152,738,4,734,논현로139길
2016,2,A,골목상권,1000897,2182,1021,1161,114,378,613,461,296,320,59,169,262,241,159,131,55,209,351,220,137,189,1550,0,1550,논현로123길
2016,2,A,골목상권,1000896,3484,1674,1810,297,692,1039,542,419,495,145,313,495,297,197,227,152,379,544,245,222,268,1998,73,1925,논현로115길
2016,2,A,골목상권,1000895,1508,745,763,282,200,260,330,224,212,144,94,145,144,119,99,138,106,115,186,105,113,633,8,625,논현로10길
2016,2,A,골목상권,1000894,2077,870,1207,156,370,773,300,205,273,71,137,298,154,89,121,85,233,475,146,116,152,1347,13,1334,논현로106길
2016,2,A,골목상권,1000893,2477,1192,1285,469,353,372,461,417,405,237,172,178,215,207,183,232,181,194,246,210,222,951,680,271,남부순환로365길
2016,2,A,골목상권,1000892,32,23,9,2,3,6,6,9,6,1,1,5,4,7,5,1,2,1,2,2,1,26,0,26,개포로82길
2016,2,A,골목상권,1000891,1982,958,1024,423,270,333,398,295,263,204,139,165,185,147,118,219,131,168,213,148,145,773,27,746,개포로28길
2016,2,A,골목상권,1000890,2384,1156,1228,352,441,429,427,420,315,173,224,214,205,202,138,179,217,215,222,218,177,1056,15,1041,개포로20길
2016,2,A,골목상권,1000889,3672,1815,1857,659,485,682,669,603,574,350,255,333,311,299,267,309,230,349,358,304,307,1582,86,1496,개포로17길
2016,2,A,골목상권,1000888,1874,849,1025,193,321,471,272,299,318,96,141,216,128,122,146,97,180,255,144,177,172,953,660,293,강남대로140길
2016,2,A,골목상권,1000887,1284,581,703,150,184,282,208,180,280,79,83,110,97,75,137,71,101,172,111,105,143,578,0,578,강남대로136길
2016,2,A,골목상권,1000886,1506,654,852,125,327,465,235,157,197,61,129,192,119,67,86,64,198,273,116,90,111,926,17,909,강남대로118길
2016,2,A,골목상권,1000885,2166,1060,1106,360,338,381,360,318,409,175,172,189,177,151,196,185,166,192,183,167,213,930,151,779,서초중앙로8길
2016,2,A,골목상권,1000884,2212,1014,1198,428,320,322,432,364,346,191,135,144,200,179,165,237,185,178,232,185,181,884,156,728,방배중앙로21길
2016,2,A,골목상권,1000883,2200,1103,1097,445,253,485,401,306,310,231,132,233,213,141,153,214,121,252,188,165,157,932,249,683,효령로72길
2016,2,A,골목상권,1000882,1546,761,785,238,163,297,276,232,340,130,86,145,135,116,149,108,77,152,141,116,191,711,305,406,효령로34길
2016,2,A,골목상권,1000881,1874,867,1007,268,250,441,327,218,370,145,105,208,157,92,160,123,145,233,170,126,210,909,18,891,효령로31길
2016,2,A,골목상권,1000880,4408,2070,2338,713,717,866,736,646,730,385,334,389,331,295,336,328,383,477,405,351,394,1858,285,1573,효령로23길
2016,2,A,골목상권,1000879,3912,1882,2030,610,571,701,656,561,813,323,268,351,308,261,371,287,303,350,348,300,442,1728,95,1633,청두곶길
2016,2,A,골목상권,1000878,3632,1749,1883,218,809,1106,586,437,476,115,342,529,324,218,221,103,467,577,262,219,255,2424,12,2412,주흥길
2016,2,A,골목상권,1000877,2480,1177,1303,181,469,722,403,297,408,89,198,341,225,155,169,92,271,381,178,142,239,1556,52,1504,주흥15길
2016,2,A,골목상권,1000876,2128,1076,1052,325,310,468,393,309,323,174,154,234,219,158,137,151,156,234,174,151,186,978,15,963,언남길
2016,2,A,골목상권,1000875,2838,1348,1490,351,459,662,480,385,501,188,193,309,234,181,243,163,266,353,246,204,258,1414,98,1316,신반포로45길
2016,2,A,골목상권,1000874,4309,2078,2231,597,664,683,649,710,1006,308,344,345,314,309,458,289,320,338,335,401,548,1700,0,1700,서초대로8길
2016,2,A,골목상권,1000873,1416,699,717,326,184,246,266,210,184,188,87,109,131,97,87,138,97,137,135,113,97,477,378,99,서초대로64길
2016,2,A,골목상권,1000872,3334,1564,1770,573,528,584,566,483,600,284,237,291,267,214,271,289,291,293,299,269,329,1335,126,1209,서초대로4길
2016,2,A,골목상권,1000871,1169,555,614,206,168,223,196,168,208,119,78,99,90,75,94,87,90,124,106,93,114,500,0,500,서초대로25길
2016,2,A,골목상권,1000870,2743,1302,1441,406,373,525,477,418,544,213,173,251,221,208,236,193,200,274,256,210,308,1259,304,955,서초대로23길
2016,2,A,골목상권,1000869,3852,1751,2101,655,578,813,646,516,644,307,259,348,306,255,276,348,319,465,340,261,368,1684,22,1662,서초대로15길
2016,2,A,골목상권,1000868,1227,558,669,69,302,333,183,162,178,38,124,150,97,70,79,31,178,183,86,92,99,807,0,807,사평대로57길
2016,2,A,골목상권,1000867,235,97,138,39,33,37,32,31,63,18,12,15,14,8,30,21,21,22,18,23,33,101,0,101,사평대로26길
2016,2,A,골목상권,1000866,1662,770,892,332,206,317,299,247,261,171,102,134,134,109,120,161,104,183,165,138,141,632,27,605,사평대로22길
2016,2,A,골목상권,1000865,1097,511,586,159,188,233,162,160,195,76,100,110,76,66,83,83,88,123,86,94,112,528,91,437,사임당로17길
2016,2,A,골목상권,1000864,1001,453,548,232,124,180,186,125,154,106,52,85,90,56,64,126,72,95,96,69,90,382,0,382,방배로42길
2016,2,A,골목상권,1000863,1894,896,998,377,262,253,379,297,326,184,122,118,173,150,149,193,140,135,206,147,177,733,8,725,방배로35길
2016,2,A,골목상권,1000862,1511,711,800,205,247,377,236,182,264,109,109,185,112,83,113,96,138,192,124,99,151,733,14,719,방배로18길
2016,2,A,골목상권,1000861,1742,849,893,297,270,245,330,280,320,164,140,127,146,132,140,133,130,118,184,148,180,688,10,678,반포대로9길
2016,2,A,골목상권,1000860,1681,791,890,241,283,359,235,245,318,130,124,175,115,112,135,111,159,184,120,133,183,747,90,657,바우뫼로39길
2016,2,A,골목상권,1000859,1582,794,788,235,229,368,262,203,285,118,117,192,136,95,136,117,112,176,126,108,149,706,62,644,마방로2길
2016,2,A,골목상권,1000858,1227,562,665,160,231,282,170,181,203,89,97,121,86,79,90,71,134,161,84,102,113,578,0,578,방배천로4안길
2016,2,A,골목상권,1000857,2031,1027,1004,295,313,484,397,274,268,151,169,253,204,135,115,144,144,231,193,139,153,953,33,920,동산로19길
2016,2,A,골목상권,1000856,3408,1688,1720,556,521,666,616,483,566,298,256,350,306,227,251,258,265,316,310,256,315,1477,41,1436,동산로10길
2016,2,A,골목상권,1000855,1413,633,780,258,182,248,256,210,259,131,73,107,112,106,104,127,109,141,144,104,155,625,8,617,동광로39길
2016,2,A,골목상권,1000854,3439,1601,1838,635,493,607,697,523,484,311,217,315,307,259,192,324,276,292,390,264,292,1432,30,1402,동광로1길
2016,2,A,골목상권,1000853,1441,640,801,304,204,208,266,223,236,127,86,96,118,109,104,177,118,112,148,114,132,548,13,535,동광로12길
2016,2,A,골목상권,1000852,1936,941,995,208,285,488,344,268,343,118,141,241,172,118,151,90,144,247,172,150,192,1059,154,905,논현로27길
2016,2,A,골목상권,1000851,3175,1553,1622,545,482,669,576,502,401,276,236,338,293,234,176,269,246,331,283,268,225,1367,92,1275,논현로1길
2016,2,A,골목상권,1000850,1500,737,763,265,219,320,276,184,236,131,112,169,132,84,109,134,107,151,144,100,127,682,80,602,남부순환로339길
2016,2,A,골목상권,1000849,2534,1228,1306,401,385,376,429,423,520,200,184,183,207,207,247,201,201,193,222,216,273,1068,237,831,남부순환로325길
2016,2,A,골목상권,1000848,1487,730,757,290,248,220,270,227,232,166,131,99,124,111,99,124,117,121,146,116,133,553,126,427,남부순환로317길
2016,2,A,골목상권,1000847,1272,607,665,254,145,228,223,182,240,132,68,106,114,77,110,122,77,122,109,105,130,479,196,283,고무래로8길
2016,2,A,골목상권,1000846,3666,1807,1859,491,655,845,584,549,542,253,290,455,295,271,243,238,365,390,289,278,299,1851,56,1795,강남대로8길
2016,2,A,골목상권,1000845,2686,1256,1430,306,455,710,371,362,482,150,205,362,174,161,204,156,250,348,197,201,278,1339,105,1234,강남대로34길
2016,2,A,골목상권,1000844,960,470,490,116,148,213,138,139,206,64,64,101,73,62,106,52,84,112,65,77,100,458,26,432,강남대로23길
2016,2,A,골목상권,1000843,882,488,394,57,52,108,187,185,293,38,23,51,122,111,143,19,29,57,65,74,150,633,0,633,소담길
2016,2,A,골목상권,1000842,1440,720,720,171,185,214,202,265,403,93,83,129,104,138,173,78,102,85,98,127,230,672,134,538,원신길
2016,2,A,골목상권,1000841,1949,993,956,235,220,240,312,345,597,113,123,133,191,176,257,122,97,107,121,169,340,945,0,945,양지길
2016,2,A,골목상권,1000840,1666,845,821,172,269,359,259,229,378,97,142,210,136,101,159,75,127,149,123,128,219,912,279,633,양산길
2016,2,A,골목상권,1000839,2424,1549,875,99,671,665,425,216,348,53,403,472,318,141,162,46,268,193,107,75,186,1959,0,1959,호암로24길
2016,2,A,골목상권,1000838,2834,1816,1018,156,760,741,471,308,398,92,478,517,356,181,192,64,282,224,115,127,206,2001,0,2001,호암로20길
2016,2,A,골목상권,1000837,4951,2467,2484,386,1488,1372,560,450,695,200,669,769,305,202,322,186,819,603,255,248,373,3240,0,3240,행운길
2016,2,A,골목상권,1000836,3232,1668,1564,329,581,558,459,506,799,173,307,304,246,259,379,156,274,254,213,247,420,1779,21,1758,행운1길
2016,2,A,골목상권,1000835,2729,1363,1366,388,314,473,417,423,714,201,161,250,243,207,301,187,153,223,174,216,413,1261,0,1261,청림3길
2016,2,A,골목상권,1000834,3411,1639,1772,229,1101,783,397,366,535,117,467,417,210,177,251,112,634,366,187,189,284,2299,48,2251,청룡길
2016,2,A,골목상권,1000833,1870,897,973,250,352,378,269,233,388,130,156,197,136,108,170,120,196,181,133,125,218,985,0,985,청룡8길
2016,2,A,골목상권,1000832,3108,1523,1585,379,597,553,463,422,694,181,288,299,256,211,288,198,309,254,207,211,406,1595,48,1547,중앙길
2016,2,A,골목상권,1000831,4423,2254,2169,542,689,753,708,791,940,278,335,429,383,400,429,264,354,324,325,391,511,2305,50,2255,조원중앙로2길
2016,2,A,골목상권,1000830,1882,950,932,186,486,468,241,206,295,99,223,269,126,98,135,87,263,199,115,108,160,1161,0,1161,조원로18길
2016,2,A,골목상권,1000829,1805,929,876,165,292,382,258,318,390,86,155,201,133,166,188,79,137,181,125,152,202,988,148,840,조원로10길
2016,2,A,골목상권,1000828,1773,860,913,174,381,404,205,240,369,93,174,216,111,104,162,81,207,188,94,136,207,1019,0,1019,장군봉2길
2016,2,A,골목상권,1000827,776,375,401,79,105,117,113,126,236,42,45,61,66,62,99,37,60,56,47,64,137,465,0,465,장군봉1길
2016,2,A,골목상권,1000826,2994,1463,1531,406,419,634,479,396,660,219,202,320,236,182,304,187,217,314,243,214,356,1312,18,1294,인헌길
2016,2,A,골목상권,1000825,1462,712,750,281,170,280,231,212,288,134,100,140,120,103,115,147,70,140,111,109,173,562,14,548,은천로25길
2016,2,A,골목상권,1000824,4435,2209,2226,436,936,881,572,644,966,214,448,481,306,317,443,222,488,400,266,327,523,2441,90,2351,양녕로6길
2016,2,A,골목상권,1000823,2729,1362,1367,214,543,489,363,432,688,100,275,270,210,214,293,114,268,219,153,218,395,1576,0,1576,신원로3길
2016,2,A,골목상권,1000822,1899,973,926,176,413,410,297,247,356,96,215,218,149,125,170,80,198,192,148,122,186,1105,0,1105,신사로20길
2016,2,A,골목상권,1000821,1977,952,1025,83,750,564,215,181,184,43,320,305,112,86,86,40,430,259,103,95,98,1534,23,1511,신림로65길
2016,2,A,골목상권,1000820,1483,798,685,51,528,420,183,137,164,30,230,242,116,93,87,21,298,178,67,44,77,1193,0,1193,신림로64길
2016,2,A,골목상권,1000819,2166,1126,1040,192,465,485,291,342,391,102,249,286,167,147,175,90,216,199,124,195,216,1142,0,1142,신림로48길
2016,2,A,골목상권,1000818,2119,1083,1036,231,442,460,301,286,399,129,223,251,168,127,185,102,219,209,133,159,214,1144,0,1144,신림로38길
2016,2,A,골목상권,1000817,3021,1780,1241,257,784,724,459,374,423,134,458,488,291,204,205,123,326,236,168,170,218,1983,43,1940,신림로28길
2016,2,A,골목상권,1000816,4682,2839,1843,378,1190,1075,744,584,711,180,746,725,508,347,333,198,444,350,236,237,378,3101,109,2992,신림로11길
2016,2,A,골목상권,1000815,4074,2067,2007,162,1421,1201,479,333,478,85,642,695,268,173,204,77,779,506,211,160,274,3154,0,3154,신림동길
2016,2,A,골목상권,1000814,2778,1325,1453,219,743,726,301,351,438,111,302,391,144,159,218,108,441,335,157,192,220,1583,95,1488,승방길
2016,2,A,골목상권,1000813,4141,2715,1426,232,1503,1087,524,329,466,129,997,785,397,181,226,103,506,302,127,148,240,3121,0,3121,서림7길
2016,2,A,골목상권,1000812,3915,1965,1950,479,616,772,584,548,916,264,304,394,320,258,425,215,312,378,264,290,491,1970,452,1518,봉천로33길
2016,2,A,골목상권,1000811,3818,1912,1906,587,562,657,588,582,842,323,282,351,301,277,378,264,280,306,287,305,464,1672,20,1652,봉천로13길
2016,2,A,골목상권,1000810,4323,2321,2002,464,954,945,622,560,778,235,522,564,366,282,352,229,432,381,256,278,426,2394,0,2394,복은길
2016,2,A,골목상권,1000809,1447,712,735,222,217,213,239,254,302,108,100,121,117,125,141,114,117,92,122,129,161,609,0,609,법원단지길
2016,2,A,골목상권,1000808,5523,2783,2740,929,811,792,959,941,1091,497,448,413,477,444,504,432,363,379,482,497,587,2141,18,2123,법원단지9길
2016,2,A,골목상권,1000807,4976,2521,2455,792,771,738,829,849,997,415,393,408,408,427,470,377,378,330,421,422,527,2035,553,1482,미성5길
2016,2,A,골목상권,1000806,1770,1079,691,111,501,428,269,171,290,53,309,283,202,106,126,58,192,145,67,65,164,1261,0,1261,대학길
2016,2,A,골목상권,1000805,2985,2061,924,187,847,634,567,367,383,104,577,469,454,262,195,83,270,165,113,105,188,2266,15,2251,대학14길
2016,2,A,골목상권,1000804,1895,935,960,223,314,351,318,277,412,110,160,174,164,137,190,113,154,177,154,140,222,983,0,983,당곡길
2016,2,A,골목상권,1000803,2003,948,1055,255,389,425,274,263,397,133,173,199,138,120,185,122,216,226,136,143,212,938,198,740,남현길
2016,2,A,골목상권,1000802,1185,525,660,96,328,326,119,121,195,43,132,154,55,56,85,53,196,172,64,65,110,689,29,660,남현3길
2016,2,A,골목상권,1000801,2729,1321,1408,256,580,631,341,398,523,131,261,335,186,175,233,125,319,296,155,223,290,1428,19,1409,남현2길
2016,2,A,골목상권,1000800,1428,662,766,149,287,293,196,189,314,78,127,134,95,88,140,71,160,159,101,101,174,734,39,695,남부순환로248길
2016,2,A,골목상권,1000799,2010,1061,949,167,511,475,264,220,373,73,288,275,137,108,180,94,223,200,127,112,193,1276,23,1253,남부순환로234길
2016,2,A,골목상권,1000798,2468,1268,1200,302,471,440,403,364,488,155,260,255,183,179,236,147,211,185,220,185,252,1271,19,1252,남부순환로172길
2016,2,A,골목상권,1000797,4016,2035,1981,564,722,690,698,644,698,296,361,390,330,339,319,268,361,300,368,305,379,1959,9,1950,남부순환로161길
2016,2,A,골목상권,1000796,3479,1736,1743,421,739,679,538,537,565,226,358,365,267,254,266,195,381,314,271,283,299,1791,16,1775,남부순환로151길
2016,2,A,골목상권,1000795,3374,1675,1699,431,587,633,521,538,664,211,289,341,269,272,293,220,298,292,252,266,371,1695,28,1667,남부순환로142길
2016,2,A,골목상권,1000794,2692,1392,1300,343,320,311,475,432,811,174,170,184,260,228,376,169,150,127,215,204,435,1323,0,1323,난향길
2016,2,A,골목상권,1000793,2504,1254,1250,421,329,378,433,408,535,210,172,209,207,214,242,211,157,169,226,194,293,1028,11,1017,난우길
2016,2,A,골목상권,1000792,1850,878,972,189,419,378,279,230,355,111,178,184,140,111,154,78,241,194,139,119,201,1092,0,1092,난곡로74길
2016,2,A,골목상권,1000791,2657,1359,1298,380,418,376,439,520,524,204,214,208,235,257,241,176,204,168,204,263,283,1128,0,1128,난곡로34길
2016,2,A,골목상권,1000790,3588,1835,1753,477,526,479,605,648,853,251,267,286,312,347,372,226,259,193,293,301,481,1701,0,1701,난곡로26길
2016,2,A,골목상권,1000789,2636,1380,1256,360,313,371,429,461,702,191,178,215,234,234,328,169,135,156,195,227,374,1205,0,1205,난곡로24길
2016,2,A,골목상권,1000788,5208,2623,2585,553,1480,1316,654,460,745,265,723,719,355,231,330,288,757,597,299,229,415,3251,0,3251,낙성대역길
2016,2,A,골목상권,1000787,5536,2728,2808,895,728,981,939,850,1143,432,371,522,495,382,526,463,357,459,444,468,617,2274,30,2244,국회단지길
2016,2,A,골목상권,1000786,6420,3121,3299,1061,1091,1062,1042,902,1262,543,513,540,525,454,546,518,578,522,517,448,716,3063,30,3033,구암길
2016,2,A,골목상권,1000785,4343,2167,2176,437,966,1044,573,520,803,211,477,582,303,245,349,226,489,462,270,275,454,2452,161,2291,관천로22길
2016,2,A,골목상권,1000784,4695,2368,2327,688,792,873,796,697,849,360,411,479,394,332,392,328,381,394,402,365,457,2232,10,2222,관천로15길
2016,2,A,골목상권,1000783,2775,1381,1394,465,388,455,439,418,610,228,207,230,231,204,281,237,181,225,208,214,329,1023,740,283,관악로30길
2016,2,A,골목상권,1000782,2189,1073,1116,331,311,367,336,352,492,164,158,179,177,162,233,167,153,188,159,190,259,810,580,230,관악로28길
2016,2,A,골목상권,1000781,1310,621,689,102,464,228,144,132,240,47,218,117,71,64,104,55,246,111,73,68,136,886,43,843,관악로14길
2016,2,A,골목상권,1000780,4446,2260,2186,527,1137,937,624,502,719,271,565,534,332,242,316,256,572,403,292,260,403,2500,183,2317,관악로10길
2016,2,A,골목상권,1000779,1932,989,943,196,562,299,244,240,391,100,329,161,122,109,168,96,233,138,122,131,223,1077,5,1072,흑석로9길
2016,2,A,골목상권,1000778,633,340,293,82,122,97,95,92,145,44,75,55,56,43,67,38,47,42,39,49,78,317,1,316,흑석로13길
2016,2,A,골목상권,1000777,2498,1291,1207,221,474,415,340,417,631,128,253,229,187,215,279,93,221,186,153,202,352,1368,0,1368,장승배기로27길
2016,2,A,골목상권,1000776,2639,1334,1305,246,408,364,382,526,713,130,218,201,203,271,311,116,190,163,179,255,402,1360,0,1360,장승배기로19길
2016,2,A,골목상권,1000775,302,149,153,36,48,43,44,51,80,18,27,21,21,24,38,18,21,22,23,27,42,164,21,143,장승배기로10길
2016,2,A,골목상권,1000774,2488,1156,1332,635,371,292,551,357,282,280,158,131,263,196,128,355,213,161,288,161,154,912,171,741,여의대방로46길
2016,2,A,골목상권,1000773,2798,1356,1442,422,445,546,455,414,516,214,188,265,223,220,246,208,257,281,232,194,270,1373,236,1137,여의대방로24길
2016,2,A,골목상권,1000772,3072,1544,1528,409,586,593,480,433,571,222,283,319,232,217,271,187,303,274,248,216,300,1488,0,1488,여의대방로22카길
2016,2,A,골목상권,1000771,2690,1315,1375,455,345,492,460,390,548,234,160,253,245,188,235,221,185,239,215,202,313,1158,215,943,여의대방로22나길
2016,2,A,골목상권,1000770,2390,1200,1190,341,409,493,375,336,436,190,199,262,194,159,196,151,210,231,181,177,240,1148,181,967,여의대방로22길
2016,2,A,골목상권,1000769,1858,908,950,323,259,340,293,291,352,169,120,171,152,138,158,154,139,169,141,153,194,720,194,526,양녕로26길
2016,2,A,골목상권,1000768,4081,1982,2099,478,611,625,685,711,971,246,299,339,322,351,425,232,312,286,363,360,546,2225,0,2225,신대방길
2016,2,A,골목상권,1000767,2123,1027,1096,317,291,355,371,337,452,159,159,180,184,166,179,158,132,175,187,171,273,925,0,925,성대로29길
2016,2,A,골목상권,1000766,1075,556,519,108,204,214,158,171,220,61,104,109,86,94,102,47,100,105,72,77,118,611,0,611,성대로1길
2016,2,A,골목상권,1000765,450,217,233,40,72,58,56,85,139,15,40,27,33,44,58,25,32,31,23,41,81,235,0,235,서달로8가길
2016,2,A,골목상권,1000764,387,186,201,39,45,69,42,66,126,21,21,34,26,33,51,18,24,35,16,33,75,231,0,231,서달로15길
2016,2,A,골목상권,1000763,261,119,142,38,46,37,37,35,68,17,20,20,16,16,30,21,26,17,21,19,38,133,0,133,서달로14길
2016,2,A,골목상권,1000762,2957,1450,1507,363,437,459,478,490,730,183,241,244,241,243,298,180,196,215,237,247,432,1358,0,1358,서달로10길
2016,2,A,골목상권,1000761,1349,667,682,140,427,295,169,123,195,64,219,154,93,53,84,76,208,141,76,70,111,826,0,826,상도로62길
2016,2,A,골목상권,1000760,2393,1225,1168,276,700,453,274,278,412,136,400,241,135,125,188,140,300,212,139,153,224,1298,372,926,상도로61길
2016,2,A,골목상권,1000759,3653,1882,1771,459,1058,645,415,443,633,238,607,336,208,217,276,221,451,309,207,226,357,1943,74,1869,상도로47길
2016,2,A,골목상권,1000758,1295,621,674,165,346,240,169,152,223,77,169,123,80,71,101,88,177,117,89,81,122,694,0,694,상도로37길
2016,2,A,골목상권,1000757,3946,1922,2024,418,784,879,528,565,772,222,392,447,263,257,341,196,392,432,265,308,431,2036,152,1884,상도로15길
2016,2,A,골목상권,1000756,2645,1283,1362,328,424,556,416,384,537,167,212,277,217,177,233,161,212,279,199,207,304,1238,0,1238,사당로8길
2016,2,A,골목상권,1000755,1032,485,547,85,195,274,151,117,210,49,88,125,86,46,91,36,107,149,65,71,119,588,0,588,사당로30길
2016,2,A,골목상권,1000754,2672,1276,1396,424,391,532,466,333,526,224,161,268,238,147,238,200,230,264,228,186,288,1331,143,1188,사당로2차길
2016,2,A,골목상권,1000753,2664,1289,1375,279,436,530,391,473,555,141,223,255,198,234,238,138,213,275,193,239,317,1366,7,1359,사당로29길
2016,2,A,골목상권,1000752,3016,1449,1567,307,607,709,358,435,600,168,271,366,176,197,271,139,336,343,182,238,329,1514,26,1488,사당로26길
2016,2,A,골목상권,1000751,984,513,471,138,129,162,150,159,246,75,78,92,79,77,112,63,51,70,71,82,134,448,0,448,사당로23나길
2016,2,A,골목상권,1000750,753,357,396,141,96,125,130,117,144,70,43,56,63,57,68,71,53,69,67,60,76,253,221,32,사당로23길
2016,2,A,골목상권,1000749,2750,1302,1448,323,467,542,429,375,614,159,213,277,222,161,270,164,254,265,207,214,344,1334,0,1334,사당로20길
2016,2,A,골목상권,1000748,3144,1509,1635,371,412,581,501,497,782,177,194,317,260,240,321,194,218,264,241,257,461,1504,0,1504,사당로16길
2016,2,A,골목상권,1000747,2196,1050,1146,256,371,434,347,314,474,126,179,208,181,149,207,130,192,226,166,165,267,1042,38,1004,사당로16가길
2016,2,A,골목상권,1000746,3724,1957,1767,568,724,647,508,517,760,307,438,374,259,237,342,261,286,273,249,280,418,1655,624,1031,만양로8길
2016,2,A,골목상권,1000745,979,599,380,50,375,213,91,78,172,31,254,152,58,34,70,19,121,61,33,44,102,720,0,720,만양로14길
2016,2,A,골목상권,1000744,2043,1017,1026,214,386,348,286,347,462,115,203,192,147,171,189,99,183,156,139,176,273,996,161,835,등용로14길
2016,2,A,골목상권,1000743,3388,1625,1763,243,784,805,392,487,677,123,359,402,205,220,316,120,425,403,187,267,361,1923,64,1859,동작대로7길
2016,2,A,골목상권,1000742,2806,1410,1396,351,408,511,418,474,644,191,191,279,229,230,290,160,217,232,189,244,354,1226,22,1204,동작대로35길
2016,2,A,골목상권,1000741,2615,1222,1393,271,407,478,391,424,644,150,196,229,187,179,281,121,211,249,204,245,363,1302,37,1265,동작대로33길
2016,2,A,골목상권,1000740,864,418,446,107,140,144,121,122,230,54,75,68,58,58,105,53,65,76,63,64,125,351,234,117,동작대로29길
2016,2,A,골목상권,1000739,2477,1149,1328,226,425,576,353,356,541,115,162,274,190,162,246,111,263,302,163,194,295,1413,0,1413,동작대로17길
2016,2,A,골목상권,1000738,3382,1568,1814,568,648,603,566,451,546,289,281,276,262,208,252,279,367,327,304,243,294,1456,48,1408,대방동2길
2016,2,A,골목상권,1000737,4044,2014,2030,784,691,643,827,501,598,414,346,323,425,240,266,370,345,320,402,261,332,1776,22,1754,대방동27길
2016,2,A,골목상권,1000736,3444,1773,1671,407,595,472,536,667,767,211,315,281,286,324,356,196,280,191,250,343,411,1603,17,1586,노량진로6길
2016,2,A,골목상권,1000735,3929,1914,2015,558,625,848,573,533,792,287,308,448,291,226,354,271,317,400,282,307,438,1856,14,1842,국사봉길
2016,2,A,골목상권,1000734,1324,632,692,155,246,314,188,178,243,81,110,153,90,91,107,74,136,161,98,87,136,700,0,700,국사봉2길
2016,2,A,골목상권,1000733,3208,1503,1705,361,542,614,510,447,734,186,232,295,247,213,330,175,310,319,263,234,404,1693,43,1650,국사봉1길
2016,2,A,골목상권,1000732,2864,1486,1378,284,402,542,424,525,687,151,216,291,235,266,327,133,186,251,189,259,360,1558,77,1481,영신로9길
2016,2,A,골목상권,1000731,2628,1353,1275,228,507,484,418,399,592,110,228,293,241,212,269,118,279,191,177,187,323,1627,28,1599,영등포로84길
2016,2,A,골목상권,1000730,2223,1127,1096,227,358,383,330,383,542,125,175,221,182,192,232,102,183,162,148,191,310,1203,0,1203,영등포로80길
2016,2,A,골목상권,1000729,1705,917,788,170,286,387,242,236,384,83,153,236,138,121,186,87,133,151,104,115,198,961,20,941,영등포로62길
2016,2,A,골목상권,1000728,1208,705,503,98,220,231,177,205,277,51,114,139,117,136,148,47,106,92,60,69,129,821,0,821,영등포로35길
2016,2,A,골목상권,1000727,1818,1004,814,163,271,370,273,316,425,87,134,233,173,184,193,76,137,137,100,132,232,1074,0,1074,영등포로27길
2016,2,A,골목상권,1000726,1759,886,873,167,318,274,267,309,424,69,153,152,153,163,196,98,165,122,114,146,228,961,0,961,영등포로25길
2016,2,A,골목상권,1000725,2383,1215,1168,270,322,522,373,364,532,136,162,291,209,175,242,134,160,231,164,189,290,1224,373,851,여의대방로61길
2016,2,A,골목상권,1000724,3629,1826,1803,487,545,543,625,678,751,260,279,298,314,339,336,227,266,245,311,339,415,1653,523,1130,여의대방로43나길
2016,2,A,골목상권,1000723,524,246,278,55,69,78,75,105,142,32,28,38,37,48,63,23,41,40,38,57,79,275,0,275,여의대방로39길
2016,2,A,골목상권,1000722,1860,942,918,243,242,265,300,314,496,135,125,146,149,158,229,108,117,119,151,156,267,884,23,861,여의대방로35길
2016,2,A,골목상권,1000721,3722,1905,1817,598,585,891,575,541,532,298,281,484,304,295,243,300,304,407,271,246,289,1547,730,817,양평로28길
2016,2,A,골목상권,1000720,1489,745,744,211,235,462,251,157,173,114,98,249,127,86,71,97,137,213,124,71,102,746,190,556,양평로22라길
2016,2,A,골목상권,1000719,3263,1636,1627,619,447,603,558,483,553,317,233,313,295,237,241,302,214,290,263,246,312,1181,619,562,양평로19길
2016,2,A,골목상권,1000718,3255,1598,1657,367,407,505,489,611,876,176,202,255,253,313,399,191,205,250,236,298,477,1607,0,1607,신길로60길
2016,2,A,골목상권,1000717,2857,1431,1426,360,407,355,468,562,705,182,211,209,235,287,307,178,196,146,233,275,398,1291,80,1211,신길로42길
2016,2,A,골목상권,1000716,4781,2377,2404,640,656,639,838,855,1153,329,343,353,409,437,506,311,313,286,429,418,647,2167,253,1914,신길로42가길
2016,2,A,골목상권,1000715,1999,998,1001,272,235,214,369,381,528,146,123,124,175,194,236,126,112,90,194,187,292,1015,0,1015,신길로39길
2016,2,A,골목상권,1000714,2532,1242,1290,308,339,336,393,500,656,165,186,178,182,247,284,143,153,158,211,253,372,1169,24,1145,신길로17길
2016,2,A,골목상권,1000713,1143,598,545,159,124,182,183,190,305,94,76,99,97,93,139,65,48,83,86,97,166,489,105,384,선유서로28길
2016,2,A,골목상권,1000712,2996,1551,1445,410,409,671,502,385,619,215,198,360,307,192,279,195,211,311,195,193,340,1484,598,886,선유서로25길
2016,2,A,골목상권,1000711,1406,717,689,148,123,180,204,267,484,72,70,99,121,148,207,76,53,81,83,119,277,757,104,653,선유서로24길
2016,2,A,골목상권,1000710,2773,1393,1380,226,604,707,368,385,483,113,252,366,198,231,233,113,352,341,170,154,250,1750,55,1695,선유로55길
2016,2,A,골목상권,1000709,897,505,392,174,105,117,116,153,232,137,64,59,66,71,108,37,41,58,50,82,124,378,0,378,디지털로74길
2016,2,A,골목상권,1000708,1707,831,876,180,186,235,302,324,480,101,89,108,158,169,206,79,97,127,144,155,274,952,0,952,디지털로57길
2016,2,A,골목상권,1000707,1672,823,849,193,150,180,308,306,535,98,76,102,143,155,249,95,74,78,165,151,286,854,0,854,디지털로37길
2016,2,A,골목상권,1000706,1677,828,849,214,230,214,264,303,452,108,130,124,136,137,193,106,100,90,128,166,259,769,0,769,도신로62길
2016,2,A,골목상권,1000705,759,379,380,84,88,96,121,130,240,43,43,56,67,57,113,41,45,40,54,73,127,378,0,378,도신로60길
2016,2,A,골목상권,1000704,1711,865,846,251,240,249,305,288,378,148,117,125,155,144,176,103,123,124,150,144,202,757,85,672,도신로29길
2016,2,A,골목상권,1000703,3260,1636,1624,324,638,717,432,516,633,184,275,385,233,254,305,140,363,332,199,262,328,1704,0,1704,도신로15길
2016,2,A,골목상권,1000702,1980,988,992,202,285,323,296,353,521,111,144,178,140,164,251,91,141,145,156,189,270,1039,27,1012,도림천로21길
2016,2,A,골목상권,1000701,1828,957,871,279,212,228,325,343,441,159,117,127,162,182,210,120,95,101,163,161,231,821,0,821,도림로63길
2016,2,A,골목상권,1000700,399,213,186,21,54,53,47,64,160,12,25,26,33,33,84,9,29,27,14,31,76,246,0,246,도림로147길
2016,2,A,골목상권,1000699,2381,1198,1183,289,264,352,448,399,629,138,128,196,240,210,286,151,136,156,208,189,343,1147,21,1126,도림로112길
2016,2,A,골목상권,1000698,3197,1593,1604,378,464,457,545,547,806,188,241,241,287,267,369,190,223,216,258,280,437,1608,24,1584,대림로8길
2016,2,A,골목상권,1000697,1155,553,602,124,149,153,169,243,317,60,68,84,76,124,141,64,81,69,93,119,176,579,0,579,대림로7길
2016,2,A,골목상권,1000696,2354,1237,1117,374,339,311,450,449,431,213,179,166,226,247,206,161,160,145,224,202,225,1003,16,987,대림로44길
2016,2,A,골목상권,1000695,2612,1336,1276,429,357,304,470,503,549,226,185,171,250,259,245,203,172,133,220,244,304,1055,122,933,대림로34길
2016,2,A,골목상권,1000694,2672,1392,1280,308,336,409,478,537,604,157,181,234,244,288,288,151,155,175,234,249,316,1365,162,1203,대림로31길
2016,2,A,골목상권,1000693,2190,1155,1035,195,297,409,335,413,541,103,162,239,182,222,247,92,135,170,153,191,294,1278,0,1278,대림로29길
2016,2,A,골목상권,1000692,3723,1889,1834,522,479,438,635,734,915,264,260,251,324,365,425,258,219,187,311,369,490,1614,510,1104,대림로22길
2016,2,A,골목상권,1000691,2230,1138,1092,190,494,483,285,326,452,90,236,279,149,175,209,100,258,204,136,151,243,1267,17,1250,당산로46길
2016,2,A,골목상권,1000690,1482,696,786,144,440,424,182,133,159,73,185,224,89,54,71,71,255,200,93,79,88,987,0,987,당산로38길
2016,2,A,골목상권,1000689,916,445,471,150,146,218,141,107,154,67,60,117,81,53,67,83,86,101,60,54,87,423,187,236,당산로37길
2016,2,A,골목상권,1000688,871,450,421,109,143,171,133,117,198,55,61,99,79,59,97,54,82,72,54,58,101,466,63,403,당산로31길
2016,2,A,골목상권,1000687,2241,1351,890,108,658,691,251,226,307,56,360,458,182,138,157,52,298,233,69,88,150,1720,32,1688,국회대로56길
2016,2,A,골목상권,1000686,162,123,39,4,6,13,17,40,82,2,4,9,13,33,62,2,2,4,4,7,20,143,0,143,경인로90길
2016,2,A,골목상권,1000685,146,82,64,9,11,21,22,23,60,4,7,15,15,15,26,5,4,6,7,8,34,77,0,77,경인로80길
2016,2,A,골목상권,1000684,313,181,132,10,49,54,43,56,101,4,29,35,30,35,48,6,20,19,13,21,53,229,0,229,경인로77길
2016,2,A,골목상권,1000683,2056,1059,997,269,289,244,384,401,469,145,159,136,194,215,210,124,130,108,190,186,259,946,0,946,가마산로61길
2016,2,A,골목상권,1000682,3975,2018,1957,553,608,598,662,770,784,287,317,328,314,391,381,266,291,270,348,379,403,1823,35,1788,시흥대로94길
2016,2,A,골목상권,1000681,5990,3023,2967,843,912,828,974,1185,1248,447,473,451,488,578,586,396,439,377,486,607,662,2592,37,2555,시흥대로84길
2016,2,A,골목상권,1000680,2371,1213,1158,328,313,346,388,429,567,172,171,187,207,218,258,156,142,159,181,211,309,1045,8,1037,시흥대로68길
2016,2,A,골목상권,1000679,1579,782,797,198,203,332,253,252,341,92,100,178,129,125,158,106,103,154,124,127,183,770,394,376,시흥대로63길
2016,2,A,골목상권,1000678,3257,1644,1613,463,456,440,547,638,713,235,265,238,273,313,320,228,191,202,274,325,393,1488,49,1439,시흥대로62가길
2016,2,A,골목상권,1000677,2103,1090,1013,326,276,286,357,396,462,161,156,143,195,213,222,165,120,143,162,183,240,861,50,811,시흥대로36길
2016,2,A,골목상권,1000676,3188,1600,1588,492,411,503,480,538,764,253,217,270,257,250,353,239,194,233,223,288,411,1178,116,1062,시흥대로22길
2016,2,A,골목상권,1000675,2106,1172,934,194,469,460,266,373,344,113,243,283,152,203,178,81,226,177,114,170,166,1237,140,1097,시흥대로153길
2016,2,A,골목상권,1000674,4019,2064,1955,554,509,590,656,763,947,271,280,327,347,380,459,283,229,263,309,383,488,1694,466,1228,시흥대로150길
2016,2,A,골목상권,1000673,2179,1194,985,220,339,372,341,460,447,102,164,218,211,266,233,118,175,154,130,194,214,1321,0,1321,시흥대로141길
2016,2,A,골목상권,1000672,619,326,293,83,53,88,97,123,175,44,31,49,54,61,87,39,22,39,43,62,88,308,23,285,시흥대로138길
2016,2,A,골목상권,1000671,3468,1733,1735,459,492,507,585,681,744,226,248,260,302,349,348,233,244,247,283,332,396,1563,58,1505,시흥대로120길
2016,2,A,골목상권,1000670,1224,642,582,109,157,198,200,243,317,51,82,120,111,135,143,58,75,78,89,108,174,691,0,691,벚꽃로56길
2016,2,A,골목상권,1000669,1613,846,767,212,277,413,238,218,255,101,135,242,135,117,116,111,142,171,103,101,139,783,304,479,범안로17길
2016,2,A,골목상권,1000668,1265,728,537,98,385,433,152,83,114,45,185,280,111,51,56,53,200,153,41,32,58,947,116,831,범안로11길
2016,2,A,골목상권,1000667,3256,1638,1618,390,464,493,542,644,723,198,238,281,273,316,332,192,226,212,269,328,391,1563,52,1511,문성로5길
2016,2,A,골목상권,1000666,540,259,281,81,60,74,107,107,111,43,29,39,53,50,45,38,31,35,54,57,66,237,6,231,독산로85길
2016,2,A,골목상권,1000665,3318,1703,1615,473,480,431,569,664,701,234,264,239,287,355,324,239,216,192,282,309,377,1453,84,1369,독산로78다길
2016,2,A,골목상권,1000664,2831,1442,1389,317,360,358,555,608,633,160,179,199,287,336,281,157,181,159,268,272,352,1487,0,1487,독산로70길
2016,2,A,골목상권,1000663,2396,1221,1175,334,346,312,412,531,461,172,195,170,200,280,204,162,151,142,212,251,257,1053,13,1040,독산로64길
2016,2,A,골목상권,1000662,1971,979,992,295,281,306,272,386,431,149,139,161,130,180,220,146,142,145,142,206,211,702,195,507,독산로50길
2016,2,A,골목상권,1000661,2734,1357,1377,414,368,413,430,506,603,206,196,223,221,242,269,208,172,190,209,264,334,1152,38,1114,독산로40길
2016,2,A,골목상권,1000660,1813,954,859,219,275,308,296,358,357,122,138,181,145,199,169,97,137,127,151,159,188,917,14,903,독산로108길
2016,2,A,골목상권,1000659,2360,1395,965,125,606,536,344,390,359,51,301,371,227,244,201,74,305,165,117,146,158,1747,12,1735,남부순환로112길
2016,2,A,골목상권,1000658,4512,2310,2202,660,590,557,771,842,1092,345,311,313,395,456,490,315,279,244,376,386,602,2022,17,2005,금하로24길
2016,2,A,골목상권,1000657,2130,1087,1043,342,295,273,417,351,452,160,154,173,210,186,204,182,141,100,207,165,248,967,0,967,금하로1길
2016,2,A,골목상권,1000656,1872,922,950,257,252,254,313,340,456,127,125,136,152,169,213,130,127,118,161,171,243,853,30,823,금하로14길
2016,2,A,골목상권,1000655,2902,1769,1133,184,785,843,377,361,352,105,445,557,249,222,191,79,340,286,128,139,161,2067,152,1915,가산로5길
2016,2,A,골목상권,1000654,982,617,365,58,290,316,140,90,88,17,167,229,104,53,47,41,123,87,36,37,41,723,0,723,가산로3길
2016,2,A,골목상권,1000653,1201,601,600,204,184,208,181,191,233,105,94,109,91,96,106,99,90,99,90,95,127,469,183,286,중앙로1길
2016,2,A,골목상권,1000652,1363,690,673,254,169,205,219,230,286,135,83,103,124,112,133,119,86,102,95,118,153,512,202,310,중앙로15길
2016,2,A,골목상권,1000651,1063,596,467,82,122,102,189,276,292,44,62,62,118,165,145,38,60,40,71,111,147,614,0,614,우마길
2016,2,A,골목상권,1000650,2167,1083,1084,309,267,315,297,360,619,173,131,170,160,179,270,136,136,145,137,181,349,1039,0,1039,오류로8길
2016,2,A,골목상권,1000649,607,304,303,58,86,80,88,126,169,25,47,37,51,67,77,33,39,43,37,59,92,274,0,274,신도림로13길
2016,2,A,골목상권,1000648,2778,1358,1420,385,458,601,405,394,535,201,209,298,201,188,261,184,249,303,204,206,274,1255,609,646,새말로18길
2016,2,A,골목상권,1000647,627,335,292,64,68,107,95,110,183,37,40,57,60,57,84,27,28,50,35,53,99,297,22,275,부일로1길
2016,2,A,골목상권,1000646,1211,603,608,183,176,186,212,186,268,101,90,97,102,93,120,82,86,89,110,93,148,535,10,525,부일로15길
2016,2,A,골목상권,1000645,1156,580,576,212,164,165,209,199,207,114,94,87,97,98,90,98,70,78,112,101,117,458,0,458,부일로11길
2016,2,A,골목상권,1000644,1513,828,685,37,497,587,184,103,105,19,213,346,125,69,56,18,284,241,59,34,49,1292,0,1292,디지털로32길
2016,2,A,골목상권,1000643,4762,2583,2179,113,1887,1810,448,227,277,63,811,1123,321,122,143,50,1076,687,127,105,134,4103,94,4009,디지털로32가길
2016,2,A,골목상권,1000642,916,493,423,102,103,113,143,182,273,44,59,64,79,106,141,58,44,49,64,76,132,488,0,488,디지털로27길
2016,2,A,골목상권,1000641,1540,778,762,191,184,215,259,308,383,97,89,127,145,163,157,94,95,88,114,145,226,746,5,741,도림로6길
2016,2,A,골목상권,1000640,2038,985,1053,310,257,323,316,352,480,141,139,156,161,175,213,169,118,167,155,177,267,864,26,838,도림로12길
2016,2,A,골목상권,1000639,1335,635,700,214,146,273,160,192,350,99,66,139,78,78,175,115,80,134,82,114,175,500,455,45,남부순환로97길
2016,2,A,골목상권,1000638,3208,1600,1608,379,366,477,498,618,870,203,194,242,250,302,409,176,172,235,248,316,461,1505,255,1250,구로중앙로8길
2016,2,A,골목상권,1000637,708,344,364,73,58,89,99,137,252,34,29,45,56,65,115,39,29,44,43,72,137,376,0,376,구로중앙로7길
2016,2,A,골목상권,1000636,969,511,458,136,141,139,145,168,240,73,79,80,80,87,112,63,62,59,65,81,128,442,0,442,구로중앙로42길
2016,2,A,골목상권,1000635,1240,651,589,148,167,161,204,241,319,81,97,96,106,123,148,67,70,65,98,118,171,578,37,541,구로중앙로34길
2016,2,A,골목상권,1000634,3463,1741,1722,481,518,637,614,547,666,246,222,345,337,293,298,235,296,292,277,254,368,1717,172,1545,구로중앙로28길
2016,2,A,골목상권,1000633,893,453,440,104,118,95,143,176,257,53,57,58,77,99,109,51,61,37,66,77,148,434,2,432,구로중앙로19길
2016,2,A,골목상권,1000632,6844,3437,3407,890,893,965,1102,1261,1733,481,512,507,566,594,777,409,381,458,536,667,956,2954,0,2954,구로동로8길
2016,2,A,골목상권,1000631,2932,1558,1374,342,330,368,493,582,817,200,189,211,278,296,384,142,141,157,215,286,433,1428,4,1424,구로동로7길
2016,2,A,골목상권,1000630,2051,1012,1039,285,229,260,378,339,560,139,116,135,199,169,254,146,113,125,179,170,306,942,0,942,구로동로42길
2016,2,A,골목상권,1000629,2161,1104,1057,264,281,259,386,427,544,125,139,145,222,217,256,139,142,114,164,210,288,1031,0,1031,구로동로41길
2016,2,A,골목상권,1000628,2150,1052,1098,299,265,220,377,423,566,135,145,116,194,223,239,164,120,104,183,200,327,1027,20,1007,구로동로38길
2016,2,A,골목상권,1000627,1805,917,888,214,224,231,327,307,502,115,106,129,175,172,220,99,118,102,152,135,282,974,0,974,구로동로28길
2016,2,A,골목상권,1000626,1109,582,527,129,128,130,164,249,309,72,78,77,82,134,139,57,50,53,82,115,170,571,0,571,구로동로15길
2016,2,A,골목상권,1000625,1460,645,815,93,509,383,166,151,158,49,175,180,84,76,81,44,334,203,82,75,77,1049,108,941,공원로6가길
2016,2,A,골목상권,1000624,3241,1595,1646,580,434,441,567,578,641,296,223,210,287,291,288,284,211,231,280,287,353,1235,672,563,고척로52길
2016,2,A,골목상권,1000623,4605,2292,2313,752,652,621,830,818,932,375,351,314,413,418,421,377,301,307,417,400,511,1954,44,1910,고척로27다길
2016,2,A,골목상권,1000622,2530,1310,1220,366,352,329,429,462,592,197,184,173,225,251,280,169,168,156,204,211,312,1121,28,1093,고척로27길
2016,2,A,골목상권,1000621,2817,1469,1348,430,386,375,468,491,667,226,226,208,240,261,308,204,160,167,228,230,359,1259,0,1259,고척로21나길
2016,2,A,골목상권,1000620,899,429,470,153,127,121,130,157,211,65,59,61,67,79,98,88,68,60,63,78,113,340,187,153,경인로47길
2016,2,A,골목상권,1000619,3214,1650,1564,402,402,380,495,635,900,197,210,200,279,334,430,205,192,180,216,301,470,1511,0,1511,경인로35길
2016,2,A,골목상권,1000618,1989,1036,953,198,235,237,345,428,546,104,126,133,199,233,241,94,109,104,146,195,305,1091,0,1091,경인로31길
2016,2,A,골목상권,1000617,3811,1909,1902,529,514,598,584,648,938,275,268,310,322,312,422,254,246,288,262,336,516,1648,63,1585,경인로15길
2016,2,A,골목상권,1000616,3015,1499,1516,488,381,520,511,487,628,246,204,280,262,229,278,242,177,240,249,258,350,1256,46,1210,개봉로3길
2016,2,A,골목상권,1000615,1989,955,1034,334,236,349,302,331,437,177,117,173,144,146,198,157,119,176,158,185,239,839,0,839,개봉로2길
2016,2,A,골목상권,1000614,1170,574,596,181,118,234,171,172,294,81,60,118,97,84,134,100,58,116,74,88,160,497,190,307,개봉로23가길
2016,2,A,골목상권,1000613,3691,1783,1908,641,457,683,494,586,830,335,224,318,262,256,388,306,233,365,232,330,442,1316,800,516,개봉로20길
2016,2,A,골목상권,1000612,2167,1102,1065,360,271,352,383,352,449,184,150,205,195,169,199,176,121,147,188,183,250,872,152,720,개봉로1길
2016,2,A,골목상권,1000611,3307,1627,1680,502,444,565,526,535,735,248,211,292,263,258,355,254,233,273,263,277,380,1416,70,1346,개봉로17다길
2016,2,A,골목상권,1000610,5550,2723,2827,900,789,950,866,914,1131,470,407,474,436,426,510,430,382,476,430,488,621,2173,74,2099,개봉로17길
2016,2,A,골목상권,1000609,5058,2489,2569,820,698,785,836,846,1073,438,362,386,413,389,501,382,336,399,423,457,572,1959,41,1918,개봉로11길
2016,2,A,골목상권,1000608,3905,1901,2004,521,750,832,591,590,621,295,301,430,289,306,280,226,449,402,302,284,341,1961,554,1407,화곡로64길
2016,2,A,골목상권,1000607,2112,1031,1081,339,345,340,321,416,351,185,172,168,139,201,166,154,173,172,182,215,185,765,351,414,화곡로59길
2016,2,A,골목상권,1000606,3249,1620,1629,476,477,703,538,488,567,259,224,392,265,229,251,217,253,311,273,259,316,1513,58,1455,화곡로44나길
2016,2,A,골목상권,1000605,4136,1970,2166,466,687,806,570,675,932,246,339,394,271,305,415,220,348,412,299,370,517,1902,20,1882,화곡로31길
2016,2,A,골목상권,1000604,2347,1162,1185,321,323,426,364,409,504,169,165,232,177,182,237,152,158,194,187,227,267,1027,93,934,화곡로20길
2016,2,A,골목상권,1000603,3395,1669,1726,589,523,511,594,545,633,310,272,264,281,248,294,279,251,247,313,297,339,1317,128,1189,화곡로13길
2016,2,A,골목상권,1000602,3649,1851,1798,507,520,516,545,677,884,273,255,292,280,335,416,234,265,224,265,342,468,1610,21,1589,초원로16길
2016,2,A,골목상권,1000601,5015,2479,2536,1010,665,1008,926,682,724,532,340,512,474,320,301,478,325,496,452,362,423,1977,34,1943,초록마을로8길
2016,2,A,골목상권,1000600,2353,1194,1159,200,467,610,380,322,374,87,223,352,215,160,157,113,244,258,165,162,217,1447,11,1436,초록마을로3길
2016,2,A,골목상권,1000599,1764,939,825,143,295,475,268,275,308,69,143,268,162,147,150,74,152,207,106,128,158,1045,149,896,월정로20길
2016,2,A,골목상권,1000598,5389,2575,2814,1390,720,678,1168,776,657,659,342,320,549,393,312,731,378,358,619,383,345,1795,625,1170,우장산로6길
2016,2,A,골목상권,1000597,2272,1173,1099,597,268,389,458,288,272,340,138,186,230,154,125,257,130,203,228,134,147,825,437,388,양천로73가길
2016,2,A,골목상권,1000596,5126,2504,2622,1327,642,690,1048,783,636,646,346,313,515,398,286,681,296,377,533,385,350,1535,1472,63,양천로71길
2016,2,A,골목상권,1000595,1232,636,596,180,227,212,171,201,241,103,117,118,80,104,114,77,110,94,91,97,127,535,24,511,양천로49길
2016,2,A,골목상권,1000594,1841,886,955,419,182,384,301,269,286,208,94,177,155,123,129,211,88,207,146,146,157,633,244,389,양천로26길
2016,2,A,골목상권,1000593,3763,1911,1852,604,496,643,548,649,823,331,264,327,282,305,402,273,232,316,266,344,421,1515,449,1066,양천로24길
2016,2,A,골목상권,1000592,2932,1448,1484,525,340,533,527,440,567,257,173,279,270,207,262,268,167,254,257,233,305,1172,228,944,양천로24가길
2016,2,A,골목상권,1000591,4706,2304,2402,856,609,716,765,766,994,433,302,368,399,356,446,423,307,348,366,410,548,1705,589,1116,양천로14길
2016,2,A,골목상권,1000590,2480,1296,1184,379,286,507,482,384,442,197,144,283,272,194,206,182,142,224,210,190,236,1161,7,1154,방화대로6라길
2016,2,A,골목상권,1000589,2525,1304,1221,338,355,417,344,497,574,179,189,247,187,241,261,159,166,170,157,256,313,1185,47,1138,방화대로21길
2016,2,A,골목상권,1000588,1549,754,795,217,225,311,219,248,329,117,113,167,105,108,144,100,112,144,114,140,185,664,50,614,등촌로5길
2016,2,A,골목상권,1000587,2732,1309,1423,435,469,647,423,355,403,227,206,335,203,147,191,208,263,312,220,208,212,1203,121,1082,등촌로55길
2016,2,A,골목상권,1000586,2208,1092,1116,387,336,348,330,393,414,201,181,167,159,177,207,186,155,181,171,216,207,780,241,539,등촌로51길
2016,2,A,골목상권,1000585,3288,1651,1637,584,499,613,527,538,527,315,267,329,244,263,233,269,232,284,283,275,294,1249,95,1154,등촌로39길
2016,2,A,골목상권,1000584,3803,1883,1920,560,493,757,625,629,739,297,256,401,318,281,330,263,237,356,307,348,409,1617,25,1592,등촌로13길
2016,2,A,골목상권,1000583,3929,2083,1846,608,506,813,667,615,720,318,257,452,387,322,347,290,249,361,280,293,373,1858,41,1817,남부순환로11길
2016,2,A,골목상권,1000582,4532,2183,2349,901,584,929,742,621,755,453,286,465,377,277,325,448,298,464,365,344,430,1732,29,1703,까치산로4길
2016,2,A,골목상권,1000581,2404,1187,1217,293,353,426,369,416,547,139,194,235,187,187,245,154,159,191,182,229,302,1030,111,919,국회대로7길
2016,2,A,골목상권,1000580,3066,1551,1515,392,513,560,455,462,684,197,259,297,248,217,333,195,254,263,207,245,351,1553,13,1540,공항대로8길
2016,2,A,골목상권,1000579,2124,1068,1056,438,274,429,388,287,308,240,133,214,197,140,144,198,141,215,191,147,164,806,390,416,공항대로61길
2016,2,A,골목상권,1000578,2813,1396,1417,517,375,409,484,501,527,269,190,191,244,254,248,248,185,218,240,247,279,1067,494,573,공항대로59다길
2016,2,A,골목상권,1000577,1200,555,645,107,243,266,201,184,199,48,96,121,106,95,89,59,147,145,95,89,110,700,0,700,공항대로59길
2016,2,A,골목상권,1000576,1901,965,936,327,251,304,317,322,380,172,135,172,158,155,173,155,116,132,159,167,207,756,4,752,공항대로55길
2016,2,A,골목상권,1000575,1166,571,595,258,148,152,258,175,175,125,80,66,125,90,85,133,68,86,133,85,90,423,19,404,공항대로42길
2016,2,A,골목상권,1000574,445,212,233,82,78,78,86,68,53,33,44,41,38,34,22,49,34,37,48,34,31,199,0,199,공항대로38길
2016,2,A,골목상권,1000573,1938,972,966,198,298,388,276,332,446,103,154,207,137,164,207,95,144,181,139,168,239,980,16,964,곰달래로60길
2016,2,A,골목상권,1000572,3835,1882,1953,720,494,628,737,576,680,362,264,318,358,279,301,358,230,310,379,297,379,1525,115,1410,곰달래로53길
2016,2,A,골목상권,1000571,4246,2060,2186,821,538,822,781,597,687,396,272,425,374,276,317,425,266,397,407,321,370,1649,78,1571,곰달래로47길
2016,2,A,골목상권,1000570,3130,1514,1616,679,357,622,569,388,515,364,175,301,277,164,233,315,182,321,292,224,282,1154,47,1107,곰달래로31길
2016,2,A,골목상권,1000569,2874,1373,1501,442,337,556,487,445,607,213,170,270,264,193,263,229,167,286,223,252,344,1277,20,1257,곰달래로25길
2016,2,A,골목상권,1000568,2113,1046,1067,219,485,375,280,309,445,104,225,213,147,158,199,115,260,162,133,151,246,1160,93,1067,개화동로25길
2016,2,A,골목상권,1000567,3990,2005,1985,509,497,563,620,779,1022,261,278,296,319,395,456,248,219,267,301,384,566,1902,96,1806,개화동로23길
2016,2,A,골목상권,1000566,3511,1744,1767,490,415,707,543,524,832,238,201,380,288,239,398,252,214,327,255,285,434,1533,201,1332,강서로8길
2016,2,A,골목상권,1000565,2855,1415,1440,430,373,580,442,470,560,234,175,308,234,206,258,196,198,272,208,264,302,1213,97,1116,강서로5라길
2016,2,A,골목상권,1000564,2102,1056,1046,210,349,557,273,272,441,104,160,318,150,115,209,106,189,239,123,157,232,1128,304,824,강서로5나길
2016,2,A,골목상권,1000563,1543,805,738,143,249,341,219,236,355,86,110,193,126,108,182,57,139,148,93,128,173,847,83,764,강서로5가길
2016,2,A,골목상권,1000562,3918,1857,2061,939,579,479,795,641,485,430,292,239,364,324,208,509,287,240,431,317,277,1357,193,1164,강서로47라길
2016,2,A,골목상권,1000561,2879,1367,1512,645,375,393,572,439,455,292,194,194,274,225,188,353,181,199,298,214,267,1089,167,922,강서로47길
2016,2,A,골목상권,1000560,2838,1368,1470,446,424,499,486,413,570,229,198,260,247,179,255,217,226,239,239,234,315,1137,152,985,강서로45다길
2016,2,A,골목상권,1000559,919,450,469,189,121,165,149,135,160,87,50,85,77,68,83,102,71,80,72,67,77,347,107,240,강서로45길
2016,2,A,골목상권,1000558,4061,1952,2109,537,628,764,582,732,818,264,287,401,274,361,365,273,341,363,308,371,453,1792,38,1754,강서로35길
2016,2,A,골목상권,1000557,2803,1339,1464,391,457,682,418,391,464,197,205,345,198,180,214,194,252,337,220,211,250,1289,154,1135,강서로29길
2016,2,A,골목상권,1000556,7025,3413,3612,1126,921,1499,1110,994,1375,580,426,784,552,449,622,546,495,715,558,545,753,2842,110,2732,강서로18길
2016,2,A,골목상권,1000555,3044,1539,1505,351,486,569,434,563,641,187,251,321,212,260,308,164,235,248,222,303,333,1312,261,1051,강서로17가길
2016,2,A,골목상권,1000554,5524,2738,2786,620,802,1123,863,931,1185,311,386,623,439,455,524,309,416,500,424,476,661,2730,169,2561,강서로15길
2016,2,A,골목상권,1000553,3000,1513,1487,467,426,612,442,487,566,258,221,325,216,239,254,209,205,287,226,248,312,1201,43,1158,가로공원로80길
2016,2,A,골목상권,1000552,3072,1502,1570,442,450,575,512,499,594,208,237,300,255,228,274,234,213,275,257,271,320,1296,81,1215,가로공원로76가길
2016,2,A,골목상권,1000551,1774,893,881,264,238,268,280,351,373,139,131,137,135,160,191,125,107,131,145,191,182,776,115,661,화곡로4길
2016,2,A,골목상권,1000550,3133,1542,1591,643,447,483,553,486,521,333,232,237,263,236,241,310,215,246,290,250,280,1133,478,655,화곡로3길
2016,2,A,골목상권,1000549,3523,1738,1785,525,441,551,528,625,853,260,233,309,269,282,385,265,208,242,259,343,468,1433,0,1433,지양로7길
2016,2,A,골목상권,1000548,3741,1863,1878,646,477,568,611,663,776,340,246,295,305,324,353,306,231,273,306,339,423,1454,262,1192,중앙로55길
2016,2,A,골목상권,1000547,3957,1979,1978,726,535,643,625,620,808,357,281,345,315,296,385,369,254,298,310,324,423,1434,458,976,중앙로51길
2016,2,A,골목상권,1000546,4989,2607,2382,549,715,645,865,1029,1186,295,413,377,436,524,562,254,302,268,429,505,624,2489,30,2459,중앙로47길
2016,2,A,골목상권,1000545,3384,1689,1695,432,491,522,546,634,759,237,255,288,273,297,339,195,236,234,273,337,420,1618,140,1478,중앙로45길
2016,2,A,골목상권,1000544,958,449,509,189,103,115,192,139,220,94,50,54,92,64,95,95,53,61,100,75,125,412,10,402,중앙로36길
2016,2,A,골목상권,1000543,1096,534,562,241,152,134,200,174,195,128,82,66,86,92,80,113,70,68,114,82,115,417,74,343,중앙로32길
2016,2,A,골목상권,1000542,2632,1336,1296,323,324,357,468,497,663,172,172,193,249,250,300,151,152,164,219,247,363,1331,42,1289,중앙로25길
2016,2,A,골목상권,1000541,3362,1667,1695,563,404,586,547,546,716,278,212,304,286,246,341,285,192,282,261,300,375,1405,120,1285,은행정로7길
2016,2,A,골목상권,1000540,833,451,382,135,87,114,145,148,204,74,44,64,87,85,97,61,43,50,58,63,107,399,0,399,은행정로5길
2016,2,A,골목상권,1000539,2827,1388,1439,565,318,478,460,426,580,286,155,218,242,209,278,279,163,260,218,217,302,1066,394,672,오목로5길
2016,2,A,골목상권,1000538,3751,1870,1881,833,430,651,629,540,668,420,230,316,327,263,314,413,200,335,302,277,354,1264,614,650,오목로3길
2016,2,A,골목상권,1000537,3740,1833,1907,469,566,700,596,624,785,238,280,374,286,294,361,231,286,326,310,330,424,1675,24,1651,오목로30길
2016,2,A,골목상권,1000536,4265,2131,2134,615,621,851,688,680,810,318,299,458,330,331,395,297,322,393,358,349,415,1926,38,1888,오목로23길
2016,2,A,골목상권,1000535,1065,574,491,150,122,162,166,201,264,86,73,96,85,104,130,64,49,66,81,97,134,477,100,377,신월로20길
2016,2,A,골목상권,1000534,5548,2743,2805,998,744,841,892,934,1139,519,391,415,436,464,518,479,353,426,456,470,621,1949,792,1157,신월로15길
2016,2,A,골목상권,1000533,2534,1254,1280,506,341,331,482,412,462,274,174,165,221,219,201,232,167,166,261,193,261,999,86,913,신목로6길
2016,2,A,골목상권,1000532,2286,1154,1132,587,329,208,521,369,272,305,182,92,236,208,131,282,147,116,285,161,141,709,244,465,신목로5길
2016,2,A,골목상권,1000531,2113,1045,1068,398,373,195,384,449,314,214,202,95,163,233,138,184,171,100,221,216,176,732,384,348,신목로2길
2016,2,A,골목상권,1000530,1431,701,730,183,224,269,222,225,308,101,112,134,108,115,131,82,112,135,114,110,177,649,28,621,목동중앙서로8가길
2016,2,A,골목상권,1000529,3740,1853,1887,648,562,631,665,606,628,368,295,333,297,282,278,280,267,298,368,324,350,1557,29,1528,목동중앙서로7길
2016,2,A,골목상권,1000528,2225,1047,1178,293,327,455,334,354,462,148,159,230,154,157,199,145,168,225,180,197,263,1067,8,1059,목동중앙북로8길
2016,2,A,골목상권,1000527,3388,1669,1719,454,584,825,487,485,553,252,268,422,237,239,251,202,316,403,250,246,302,1581,67,1514,목동중앙북로16길
2016,2,A,골목상권,1000526,2413,1221,1192,455,340,383,421,396,418,265,196,187,199,184,190,190,144,196,222,212,228,938,53,885,목동중앙본로7길
2016,2,A,골목상권,1000525,2204,1071,1133,547,302,264,461,359,271,278,160,129,207,188,109,269,142,135,254,171,162,754,47,707,목동중앙로3길
2016,2,A,골목상권,1000524,1151,583,568,172,208,255,179,173,164,97,91,134,86,99,76,75,117,121,93,74,88,548,50,498,목동중앙로13나길
2016,2,A,골목상권,1000523,2319,1168,1151,430,365,369,393,401,361,258,190,177,186,189,168,172,175,192,207,212,193,850,123,727,목동중앙남로3가길
2016,2,A,골목상권,1000522,3625,1708,1917,667,524,665,650,548,571,336,254,307,292,250,269,331,270,358,358,298,302,1425,135,1290,목동로9길
2016,2,A,골목상권,1000521,2383,1127,1256,393,335,436,386,373,460,182,163,204,183,180,215,211,172,232,203,193,245,964,97,867,목동로19길
2016,2,A,골목상권,1000520,890,401,489,217,107,125,194,127,120,102,44,58,86,67,44,115,63,67,108,60,76,339,144,195,목동동로8길
2016,2,A,골목상권,1000519,2261,1092,1169,522,303,259,467,341,369,260,156,129,208,175,164,262,147,130,259,166,205,791,314,477,목동동로12길
2016,2,A,골목상권,1000518,1218,584,634,246,179,155,227,186,225,118,79,85,105,96,101,128,100,70,122,90,124,426,180,246,목동남로4길
2016,2,A,골목상권,1000517,687,349,338,187,67,123,155,76,79,99,35,60,78,44,33,88,32,63,77,32,46,226,206,20,남부순환로88길
2016,2,A,골목상권,1000516,1377,725,652,176,185,185,193,289,349,103,110,104,97,147,164,73,75,81,96,142,185,608,113,495,남부순환로79길
2016,2,A,골목상권,1000515,4858,2424,2434,647,695,695,759,886,1176,316,378,379,379,452,520,331,317,316,380,434,656,2057,0,2057,남부순환로70길
2016,2,A,골목상권,1000514,1752,870,882,273,247,289,269,315,359,141,128,159,120,149,173,132,119,130,149,166,186,820,16,804,남부순환로58길
2016,2,A,골목상권,1000513,2597,1403,1194,286,292,388,442,532,657,142,147,234,264,297,319,144,145,154,178,235,338,1377,18,1359,남부순환로40길
2016,2,A,골목상권,1000512,3316,1614,1702,464,470,549,510,605,718,215,234,302,242,302,319,249,236,247,268,303,399,1375,96,1279,남부순환로33길
2016,2,A,골목상권,1000511,3420,1778,1642,438,506,489,514,681,792,223,268,285,250,367,385,215,238,204,264,314,407,1562,113,1449,곰달래로5길
2016,2,A,골목상권,1000510,3973,2079,1894,577,491,564,706,761,874,309,269,299,382,398,422,268,222,265,324,363,452,1811,363,1448,곰달래로3길
2016,2,A,골목상권,1000509,3920,2022,1898,670,506,654,640,699,751,345,263,347,345,356,366,325,243,307,295,343,385,1596,477,1119,곰달래로2길
2016,2,A,골목상권,1000508,3523,1819,1704,501,457,618,600,640,707,248,235,349,305,334,348,253,222,269,295,306,359,1661,69,1592,곰달래로10길
2016,2,A,골목상권,1000507,2528,1354,1174,307,322,317,441,523,618,160,173,184,264,295,278,147,149,133,177,228,340,1354,0,1354,가로공원로58길
2016,2,A,골목상권,1000506,2761,1332,1429,355,415,392,487,479,633,188,191,210,237,230,276,167,224,182,250,249,357,1253,39,1214,효창원로93길
2016,2,A,골목상권,1000505,2620,1269,1351,652,298,459,560,331,320,326,142,213,285,160,143,326,156,246,275,171,177,951,849,102,토정로37길
2016,2,A,골목상권,1000504,1767,820,947,196,302,446,295,225,303,103,140,202,144,100,131,93,162,244,151,125,172,930,26,904,월드컵로8길
2016,2,A,골목상권,1000503,1995,933,1062,266,356,474,309,261,329,124,151,238,150,125,145,142,205,236,159,136,184,977,17,960,월드컵로7길
2016,2,A,골목상권,1000502,3875,1782,2093,501,738,791,670,514,661,255,294,355,340,254,284,246,444,436,330,260,377,2012,136,1876,월드컵로36길
2016,2,A,골목상권,1000501,3199,1549,1650,608,407,614,578,423,569,296,199,302,293,209,250,312,208,312,285,214,319,1268,303,965,월드컵로25길
2016,2,A,골목상권,1000500,1811,845,966,201,294,398,294,234,390,95,135,197,139,114,165,106,159,201,155,120,225,943,0,943,월드컵로19길
2016,2,A,골목상권,1000499,2615,1208,1407,366,444,564,458,331,452,191,189,251,214,159,204,175,255,313,244,172,248,1282,35,1247,월드컵로16길
2016,2,A,골목상권,1000498,2384,1104,1280,292,385,547,376,326,458,152,161,250,200,147,194,140,224,297,176,179,264,1233,19,1214,월드컵로11길
2016,2,A,골목상권,1000497,2555,1174,1381,270,358,576,407,364,580,122,149,259,200,185,259,148,209,317,207,179,321,1453,41,1412,월드컵로10길
2016,2,A,골목상권,1000496,1919,920,999,167,379,476,282,266,349,75,193,245,138,129,140,92,186,231,144,137,209,1037,0,1037,와우산로3길
2016,2,A,골목상권,1000495,902,426,476,102,170,219,151,94,166,49,79,105,73,44,76,53,91,114,78,50,90,495,48,447,와우산로29길
2016,2,A,골목상권,1000494,549,241,308,36,206,140,55,38,74,14,87,67,24,17,32,22,119,73,31,21,42,372,0,372,와우산로29가길
2016,2,A,골목상권,1000493,1400,683,717,157,231,294,203,217,298,91,113,153,118,90,118,66,118,141,85,127,180,705,46,659,양화진길
2016,2,A,골목상권,1000492,2796,1290,1506,399,466,654,444,353,480,193,185,324,220,161,207,206,281,330,224,192,273,1292,59,1233,양화로1길
2016,2,A,골목상권,1000491,781,340,441,77,148,218,120,77,141,40,48,112,46,34,60,37,100,106,74,43,81,414,0,414,양화로11길
2016,2,A,골목상권,1000490,959,491,468,87,123,104,145,185,315,47,62,66,82,94,140,40,61,38,63,91,175,525,0,525,신촌로30길
2016,2,A,골목상권,1000489,1824,854,970,132,254,241,250,372,575,57,126,138,122,181,230,75,128,103,128,191,345,915,0,915,신촌로28가길
2016,2,A,골목상권,1000488,1988,968,1020,143,535,468,243,221,378,80,254,235,127,109,163,63,281,233,116,112,215,1310,0,1310,신촌로12길
2016,2,A,골목상권,1000487,2966,1474,1492,389,402,385,481,530,779,203,218,210,247,274,322,186,184,175,234,256,457,1468,81,1387,숭문길
2016,2,A,골목상권,1000486,937,480,457,147,123,185,160,134,188,78,66,99,86,67,84,69,57,86,74,67,104,465,209,256,숭문8길
2016,2,A,골목상권,1000485,1122,517,605,107,202,271,155,163,224,57,78,138,76,76,92,50,124,133,79,87,132,571,0,571,성지3길
2016,2,A,골목상권,1000484,3461,1684,1777,481,498,582,587,561,752,236,246,293,300,273,336,245,252,289,287,288,416,1635,147,1488,성산로4길
2016,2,A,골목상권,1000483,1218,567,651,111,267,335,163,146,196,64,115,157,85,64,82,47,152,178,78,82,114,667,8,659,성미산로32길
2016,2,A,골목상권,1000482,3304,1557,1747,545,470,613,646,435,595,317,207,281,297,197,258,228,263,332,349,238,337,1436,77,1359,성미산로1길
2016,2,A,골목상권,1000481,3898,1858,2040,563,581,784,699,566,705,305,273,375,335,262,308,258,308,409,364,304,397,1711,71,1640,성미산로11길
2016,2,A,골목상권,1000480,1803,893,910,251,258,343,306,259,386,133,110,168,180,126,176,118,148,175,126,133,210,883,245,638,백범로16길
2016,2,A,골목상권,1000479,5796,2797,2999,1045,758,1090,1071,787,1045,514,386,513,539,379,466,531,372,577,532,408,579,2327,707,1620,방울내로9안길
2016,2,A,골목상권,1000478,2095,1055,1040,332,297,326,387,313,440,177,149,180,194,159,196,155,148,146,193,154,244,906,87,819,모래내로7길
2016,2,A,골목상권,1000477,2333,1201,1132,311,383,471,387,302,479,172,174,255,209,173,218,139,209,216,178,129,261,1259,21,1238,매봉산로2길
2016,2,A,골목상권,1000476,4396,2102,2294,685,626,888,762,629,806,364,302,407,388,296,345,321,324,481,374,333,461,2020,111,1909,망원로2길
2016,2,A,골목상권,1000475,1529,711,818,215,235,283,250,213,333,108,103,138,122,106,134,107,132,145,128,107,199,689,84,605,망원로11길
2016,2,A,골목상권,1000474,2698,1313,1385,347,381,510,462,388,610,171,188,257,240,201,256,176,193,253,222,187,354,1327,22,1305,만리재옛길
2016,2,A,골목상권,1000473,878,412,466,118,143,190,137,122,168,60,61,106,67,54,64,58,82,84,70,68,104,438,197,241,마포대로4길
2016,2,A,골목상권,1000472,2159,1024,1135,288,322,459,403,324,363,145,126,217,208,167,161,143,196,242,195,157,202,1155,305,850,마포대로20길
2016,2,A,골목상권,1000471,800,353,447,74,149,252,119,92,114,39,46,117,58,45,48,35,103,135,61,47,66,526,355,171,마포대로12길
2016,2,A,골목상권,1000470,1642,769,873,133,357,409,232,202,309,62,169,196,115,101,126,71,188,213,117,101,183,954,0,954,동교로38길
2016,2,A,골목상권,1000469,2718,1243,1475,315,553,684,395,295,476,164,222,312,189,134,222,151,331,372,206,161,254,1444,8,1436,동교로27길
2016,2,A,골목상권,1000468,1364,614,750,134,303,338,180,177,232,64,124,152,88,78,108,70,179,186,92,99,124,730,22,708,동교로25길
2016,2,A,골목상권,1000467,1794,822,972,207,281,405,382,222,297,92,143,179,178,109,121,115,138,226,204,113,176,960,18,942,동교로19길
2016,2,A,골목상권,1000466,1940,909,1031,242,335,488,325,248,302,132,134,231,165,119,128,110,201,257,160,129,174,987,38,949,동교로17길
2016,2,A,골목상권,1000465,1393,628,765,148,248,351,213,187,246,79,91,152,114,86,106,69,157,199,99,101,140,726,104,622,독막로8길
2016,2,A,골목상권,1000464,2804,1376,1428,391,384,461,450,431,687,197,202,250,221,211,295,194,182,211,229,220,392,1251,127,1124,독막로32길
2016,2,A,골목상권,1000463,1086,500,586,196,154,216,212,130,178,92,68,94,104,68,74,104,86,122,108,62,104,481,137,344,독막로22길
2016,2,A,골목상권,1000462,1020,466,554,125,196,247,155,124,173,53,85,107,80,66,75,72,111,140,75,58,98,583,137,446,도화길
2016,2,A,골목상권,1000461,4030,1898,2132,677,465,660,695,633,900,353,216,315,352,301,361,324,249,345,343,332,539,1689,1006,683,도화4길
2016,2,A,골목상권,1000460,1786,837,949,122,463,272,245,284,400,54,198,128,113,161,183,68,265,144,132,123,217,1158,0,1158,대흥로28길
2016,2,A,골목상권,1000459,4042,2090,1952,381,877,664,570,624,926,204,472,382,303,331,398,177,405,282,267,293,528,2360,21,2339,대흥로21길
2016,2,A,골목상권,1000458,1712,906,806,212,422,285,276,212,305,116,253,156,144,112,125,96,169,129,132,100,180,904,8,896,광성로6길
2016,2,A,골목상권,1000457,3095,1435,1660,500,370,486,545,429,765,252,177,242,260,187,317,248,193,244,285,242,448,1298,155,1143,홍제내길
2016,2,A,골목상권,1000456,1284,662,622,171,162,153,220,225,353,87,87,86,125,116,161,84,75,67,95,109,192,558,70,488,홍연길
2016,2,A,골목상권,1000455,1695,850,845,213,243,221,269,308,441,117,130,117,127,154,205,96,113,104,142,154,236,772,107,665,통일로39길
2016,2,A,골목상권,1000454,1610,722,888,176,163,216,289,285,481,77,82,101,146,129,187,99,81,115,143,156,294,844,18,826,통일로37길
2016,2,A,골목상권,1000453,298,159,139,25,37,38,38,46,114,18,19,23,22,31,46,7,18,15,16,15,68,198,0,198,통일로11길
2016,2,A,골목상권,1000452,548,286,262,42,90,119,64,87,146,21,54,64,41,43,63,21,36,55,23,44,83,336,113,223,충정로6길
2016,2,A,골목상권,1000451,381,201,180,26,53,99,56,47,100,16,30,50,35,21,49,10,23,49,21,26,51,247,0,247,충정로4길
2016,2,A,골목상권,1000450,3274,1594,1680,457,517,506,506,520,768,233,253,269,259,254,326,224,264,237,247,266,442,1461,20,1441,증가로6길
2016,2,A,골목상권,1000449,4495,2189,2306,663,637,708,744,733,1010,332,317,370,362,360,448,331,320,338,382,373,562,1937,33,1904,증가로23나길
2016,2,A,골목상권,1000448,3347,1688,1659,636,553,475,620,507,556,338,296,253,312,245,244,298,257,222,308,262,312,1332,21,1311,증가로20가길
2016,2,A,골목상권,1000447,3831,1864,1967,439,699,554,623,579,937,218,330,308,304,287,417,221,369,246,319,292,520,2032,21,2011,증가로10길
2016,2,A,골목상권,1000446,3460,1647,1813,500,406,609,564,547,834,244,180,297,294,246,386,256,226,312,270,301,448,1580,0,1580,응암로1길
2016,2,A,골목상권,1000445,2613,1398,1215,199,1044,552,261,220,337,108,602,313,123,103,149,91,442,239,138,117,188,1783,21,1762,연희로10길
2016,2,A,골목상권,1000444,811,444,367,53,142,124,133,151,208,28,75,70,79,92,100,25,67,54,54,59,108,474,0,474,신촌로37길
2016,2,A,골목상권,1000443,3802,1861,1941,569,439,698,565,593,938,282,220,359,288,282,430,287,219,339,277,311,508,1551,267,1284,수색로8길
2016,2,A,골목상권,1000442,3784,1833,1951,445,546,495,589,620,1089,229,274,272,284,325,449,216,272,223,305,295,640,1765,0,1765,세무서길
2016,2,A,골목상권,1000441,1956,961,995,255,239,248,349,312,553,129,119,138,175,163,237,126,120,110,174,149,316,901,0,901,세무서2길
2016,2,A,골목상권,1000440,1215,580,635,194,132,130,208,202,349,92,63,59,108,114,144,102,69,71,100,88,205,543,129,414,세검정로1길
2016,2,A,골목상권,1000439,3783,1834,1949,399,563,537,616,653,1015,200,292,305,315,314,408,199,271,232,301,339,607,1963,0,1963,북아현로4길
2016,2,A,골목상권,1000438,2936,1436,1500,468,304,410,478,504,772,229,165,225,233,244,340,239,139,185,245,260,432,1222,826,396,모래내로15길
2016,2,A,골목상권,1000437,2435,1213,1222,328,521,358,385,345,498,176,257,185,189,177,229,152,264,173,196,168,269,1256,10,1246,명지대길
2016,2,A,골목상권,1000436,4067,1964,2103,664,506,699,688,565,945,327,250,370,367,265,385,337,256,329,321,300,560,1883,334,1549,독립문로8길
2016,2,A,골목상권,1000435,2753,1353,1400,393,355,406,454,408,737,212,162,219,249,192,319,181,193,187,205,216,418,1282,0,1282,가재울로6길
2016,2,A,골목상권,1000434,5580,2791,2789,758,896,887,841,1035,1163,411,462,489,418,475,536,347,434,398,423,560,627,2470,65,2405,통일로92길
2016,2,A,골목상권,1000433,1807,854,953,243,266,310,294,277,417,113,117,162,143,130,189,130,149,148,151,147,228,822,14,808,통일로87길
2016,2,A,골목상권,1000432,4519,2161,2358,609,673,780,692,744,1021,299,339,399,344,331,449,310,334,381,348,413,572,2002,37,1965,통일로78길
2016,2,A,골목상권,1000431,1824,872,952,258,253,298,276,313,426,128,125,159,135,144,181,130,128,139,141,169,245,757,0,757,통일로69길
2016,2,A,골목상권,1000430,4249,2053,2196,740,551,729,743,661,825,380,276,345,370,316,366,360,275,384,373,345,459,1625,69,1556,진흥로1길
2016,2,A,골목상권,1000429,5861,2859,3002,754,739,981,972,932,1483,389,391,517,497,428,637,365,348,464,475,504,846,2782,30,2752,진흥로12길
2016,2,A,골목상권,1000428,2475,1258,1217,377,328,384,362,398,626,205,167,205,192,201,288,172,161,179,170,197,338,993,127,866,증산서길
2016,2,A,골목상권,1000427,2840,1389,1451,463,366,466,476,428,641,237,182,243,239,189,299,226,184,223,237,239,342,1160,41,1119,증산로9길
2016,2,A,골목상권,1000426,2776,1364,1412,397,340,369,483,473,714,200,186,169,249,227,333,197,154,200,234,246,381,1206,170,1036,증산로5길
2016,2,A,골목상권,1000425,5238,2548,2690,810,725,926,878,806,1093,420,371,464,422,378,493,390,354,462,456,428,600,2188,173,2015,증산로21길
2016,2,A,골목상권,1000424,1654,811,843,225,252,252,250,266,409,108,128,136,126,127,186,117,124,116,124,139,223,719,78,641,증산로17길
2016,2,A,골목상권,1000423,2534,1258,1276,392,286,356,446,425,629,200,156,184,230,212,276,192,130,172,216,213,353,1127,315,812,증산로15길
2016,2,A,골목상권,1000422,2081,1069,1012,241,294,273,332,413,528,129,155,159,164,214,248,112,139,114,168,199,280,931,0,931,증산로13길
2016,2,A,골목상권,1000421,3223,1566,1657,569,401,537,566,472,678,305,186,270,279,232,294,264,215,267,287,240,384,1333,57,1276,응암로34길
2016,2,A,골목상권,1000420,1943,961,982,255,223,227,329,325,584,137,120,125,168,155,256,118,103,102,161,170,328,922,17,905,응암로22길
2016,2,A,골목상권,1000419,1896,961,935,240,241,221,323,357,514,132,141,112,172,185,219,108,100,109,151,172,295,918,0,918,응암로14길
2016,2,A,골목상권,1000418,1814,887,927,210,272,357,273,291,411,114,124,183,138,143,185,96,148,174,135,148,226,963,9,954,응암로13길
2016,2,A,골목상권,1000417,1560,774,786,212,184,189,244,277,454,116,97,96,129,132,204,96,87,93,115,145,250,731,0,731,응암로12길
2016,2,A,골목상권,1000416,3169,1539,1630,556,456,615,578,404,560,298,219,294,308,182,238,258,237,321,270,222,322,1441,105,1336,은평로8길
2016,2,A,골목상권,1000415,2374,1102,1272,400,311,421,419,341,482,199,154,190,205,150,204,201,157,231,214,191,278,1001,32,969,은평로3길
2016,2,A,골목상권,1000414,1354,663,691,152,180,179,248,226,369,85,102,88,122,105,161,67,78,91,126,121,208,634,8,626,은평로20길
2016,2,A,골목상권,1000413,3169,1506,1663,506,393,534,544,475,717,249,181,268,267,221,320,257,212,266,277,254,397,1323,0,1323,은평로13길
2016,2,A,골목상권,1000412,2995,1453,1542,505,360,495,542,441,652,277,177,252,270,212,265,228,183,243,272,229,387,1225,8,1217,은평로10길
2016,2,A,골목상권,1000411,2905,1403,1502,530,368,529,492,455,531,260,186,274,238,210,235,270,182,255,254,245,296,1142,136,1006,연서로5길
2016,2,A,골목상권,1000410,4039,1999,2040,550,520,558,692,738,981,277,287,305,343,345,442,273,233,253,349,393,539,1856,28,1828,연서로41길
2016,2,A,골목상권,1000409,3665,1750,1915,702,480,683,600,517,683,352,235,333,302,218,310,350,245,350,298,299,373,1436,40,1396,연서로3길
2016,2,A,골목상권,1000408,3099,1468,1631,444,410,460,486,516,783,217,202,243,246,232,328,227,208,217,240,284,455,1351,0,1351,연서로34길
2016,2,A,골목상권,1000407,2111,1048,1063,224,285,296,303,373,630,119,159,157,150,189,274,105,126,139,153,184,356,1006,0,1006,연서로33길
2016,2,A,골목상권,1000406,1089,521,568,130,180,217,161,184,217,63,88,122,70,84,94,67,92,95,91,100,123,511,0,511,연서로29길
2016,2,A,골목상권,1000405,3651,1745,1906,433,622,645,548,583,820,204,291,333,270,279,368,229,331,312,278,304,452,1819,25,1794,연서로28길
2016,2,A,골목상권,1000404,3102,1462,1640,426,453,482,532,502,707,213,213,260,237,237,302,213,240,222,295,265,405,1428,21,1407,연서로27길
2016,2,A,골목상권,1000403,4298,2033,2265,758,584,736,760,655,805,381,285,378,352,296,341,377,299,358,408,359,464,1707,34,1673,연서로21길
2016,2,A,골목상권,1000402,2381,1177,1204,363,316,400,405,401,496,183,152,213,205,192,232,180,164,187,200,209,264,1027,17,1010,연서로17길
2016,2,A,골목상권,1000401,4770,2281,2489,759,612,759,770,823,1047,391,287,378,383,382,460,368,325,381,387,441,587,1978,42,1936,연서로16길
2016,2,A,골목상권,1000400,4033,1901,2132,661,567,652,714,646,793,319,247,337,330,312,356,342,320,315,384,334,437,1585,47,1538,연서로13길
2016,2,A,골목상권,1000399,3938,1901,2037,758,551,642,704,576,707,380,280,313,335,277,316,378,271,329,369,299,391,1448,80,1368,연서로11길
2016,2,A,골목상권,1000398,5859,2819,3040,892,753,985,1014,908,1307,421,366,523,511,437,561,471,387,462,503,471,746,2580,9,2571,역말로9길
2016,2,A,골목상권,1000397,2428,1215,1213,302,321,284,395,452,674,158,183,146,209,240,279,144,138,138,186,212,395,1118,24,1094,수색로18길
2016,2,A,골목상권,1000396,2688,1278,1410,359,350,433,436,437,673,178,167,222,216,205,290,181,183,211,220,232,383,1270,0,1270,서오릉로8길
2016,2,A,골목상권,1000395,3769,1825,1944,631,510,594,589,636,809,312,260,296,294,295,368,319,250,298,295,341,441,1420,237,1183,서오릉로21길
2016,2,A,골목상권,1000394,5336,2603,2733,756,706,870,908,864,1232,392,343,465,460,428,515,364,363,405,448,436,717,2586,45,2541,불광천길
2016,2,A,골목상권,1000393,2579,1254,1325,430,359,392,436,451,511,231,176,193,214,208,232,199,183,199,222,243,279,1023,0,1023,갈현로7길
2016,2,A,골목상권,1000392,3295,1631,1664,474,433,436,550,587,815,267,230,235,271,280,348,207,203,201,279,307,467,1525,0,1525,갈현로41길
2016,2,A,골목상권,1000391,3753,1851,1902,720,582,530,653,592,676,388,292,288,291,283,309,332,290,242,362,309,367,1493,189,1304,갈현로33길
2016,2,A,골목상권,1000390,1999,980,1019,338,285,316,331,336,393,169,144,173,157,169,168,169,141,143,174,167,225,758,98,660,갈현로1길
2016,2,A,골목상권,1000389,3710,1824,1886,567,499,464,580,666,934,299,251,242,295,321,416,268,248,222,285,345,518,1605,113,1492,가좌로7길
2016,2,A,골목상권,1000388,4202,2071,2131,614,573,509,715,667,1124,314,299,267,361,334,496,300,274,242,354,333,628,1933,24,1909,한글비석로44길
2016,2,A,골목상권,1000387,2588,1308,1280,326,381,337,399,477,668,176,207,187,196,238,304,150,174,150,203,239,364,1191,0,1191,한글비석로24길
2016,2,A,골목상권,1000386,1488,774,714,242,188,192,267,253,346,131,88,105,138,135,177,111,100,87,129,118,169,596,335,261,한글비석로22길
2016,2,A,골목상권,1000385,1532,792,740,160,198,203,243,252,476,88,111,109,133,132,219,72,87,94,110,120,257,747,91,656,석계로1길
2016,2,A,골목상권,1000384,2572,1337,1235,303,389,337,405,441,697,175,206,201,206,224,325,128,183,136,199,217,372,1257,0,1257,상계로9가길
2016,2,A,골목상권,1000383,1115,551,564,208,163,188,183,183,190,105,83,95,89,85,94,103,80,93,94,98,96,392,297,95,상계로1길
2016,2,A,골목상권,1000382,3771,1854,1917,491,621,489,628,657,885,255,304,269,314,322,390,236,317,220,314,335,495,1680,253,1427,상계로12길
2016,2,A,골목상권,1000381,2953,1446,1507,423,456,405,414,565,690,227,223,220,182,274,320,196,233,185,232,291,370,1146,426,720,동일로242길
2016,2,A,골목상권,1000380,2487,1293,1194,273,767,361,295,368,423,141,408,190,166,184,204,132,359,171,129,184,219,1419,5,1414,동일로192길
2016,2,A,골목상권,1000379,3513,1750,1763,586,510,629,531,539,718,299,271,321,282,228,349,287,239,308,249,311,369,1350,610,740,동일로173가길
2016,2,A,골목상권,1000378,1651,819,832,325,316,178,270,289,273,174,175,78,111,155,126,151,141,100,159,134,147,659,18,641,공릉로58길
2016,2,A,골목상권,1000377,707,331,376,99,121,97,111,133,146,50,50,44,51,61,75,49,71,53,60,72,71,273,122,151,해등로16길
2016,2,A,골목상권,1000376,2381,1210,1171,370,341,284,430,430,526,193,189,154,207,232,235,177,152,130,223,198,291,1061,29,1032,우이천로4다길
2016,2,A,골목상권,1000375,3128,1505,1623,567,421,454,561,502,623,262,214,239,269,238,283,305,207,215,292,264,340,1234,200,1034,우이천로32길
2016,2,A,골목상권,1000374,3688,1915,1773,449,503,418,642,721,955,239,269,224,353,385,445,210,234,194,289,336,510,1677,0,1677,시루봉로23길
2016,2,A,골목상권,1000373,992,460,532,161,122,150,174,137,248,100,37,67,74,75,107,61,85,83,100,62,141,474,0,474,삼양로144길
2016,2,A,골목상권,1000372,2063,1031,1032,261,283,277,337,410,495,130,146,158,175,207,215,131,137,119,162,203,280,935,0,935,방학로6가길
2016,2,A,골목상권,1000371,3547,1779,1768,534,472,534,519,630,858,287,241,294,258,317,382,247,231,240,261,313,476,1549,54,1495,방학로5길
2016,2,A,골목상권,1000370,3723,1832,1891,822,526,419,705,639,612,422,287,205,314,301,303,400,239,214,391,338,309,1153,1022,131,방학로15길
2016,2,A,골목상권,1000369,1999,998,1001,309,259,262,343,369,457,156,147,146,164,174,211,153,112,116,179,195,246,818,10,808,방학로10길
2016,2,A,골목상권,1000368,1752,900,852,210,223,237,244,336,502,103,123,129,137,172,236,107,100,108,107,164,266,747,184,563,도봉산길
2016,2,A,골목상권,1000367,384,201,183,24,44,56,45,88,127,14,23,34,27,43,60,10,21,22,18,45,67,215,0,215,도봉산4길
2016,2,A,골목상권,1000366,2054,1015,1039,295,243,277,324,336,579,138,121,162,158,162,274,157,122,115,166,174,305,881,14,867,도봉로181길
2016,2,A,골목상권,1000365,2895,1483,1412,319,330,393,436,535,882,170,172,210,228,281,422,149,158,183,208,254,460,1372,261,1111,도봉로169나길
2016,2,A,골목상권,1000364,1399,770,629,159,162,166,241,281,390,88,87,99,140,161,195,71,75,67,101,120,195,675,0,675,도봉로156길
2016,2,A,골목상권,1000363,734,384,350,74,76,82,88,170,244,40,45,50,46,90,113,34,31,32,42,80,131,399,0,399,도봉로152가길
2016,2,A,골목상권,1000362,3716,1818,1898,498,509,497,595,691,926,254,241,263,313,345,402,244,268,234,282,346,524,1796,0,1796,도봉로147길
2016,2,A,골목상권,1000361,1816,917,899,219,281,245,262,362,447,110,147,126,135,184,215,109,134,119,127,178,232,788,87,701,도봉로143길
2016,2,A,골목상권,1000360,4852,2360,2492,493,732,793,813,861,1160,242,352,434,418,420,494,251,380,359,395,441,666,2501,165,2336,도봉로114길
2016,2,A,골목상권,1000359,2397,1179,1218,348,301,405,387,370,586,168,160,206,193,186,266,180,141,199,194,184,320,1062,115,947,도봉로109길
2016,2,A,골목상권,1000358,2945,1500,1445,344,405,379,519,498,800,183,206,210,275,256,370,161,199,169,244,242,430,1384,7,1377,도당로29길
2016,2,A,골목상권,1000357,4100,2110,1990,592,515,512,733,716,1032,310,270,272,392,386,480,282,245,240,341,330,552,1863,0,1863,도당로19길
2016,2,A,골목상권,1000356,3318,1701,1617,545,456,419,560,606,732,286,260,240,277,309,329,259,196,179,283,297,403,1417,6,1411,도당로13바길
2016,2,A,골목상권,1000355,1803,926,877,210,247,236,289,373,448,110,125,136,157,190,208,100,122,100,132,183,240,835,0,835,도당로13가길
2016,2,A,골목상권,1000354,2345,1147,1198,370,338,331,364,425,517,188,167,186,172,204,230,182,171,145,192,221,287,1031,0,1031,덕릉로60길
2016,2,A,골목상권,1000353,1795,895,900,296,240,291,290,299,379,162,120,148,140,144,181,134,120,143,150,155,198,675,380,295,노해로63다길
2016,2,A,골목상권,1000352,1843,913,930,197,318,362,284,305,377,105,146,193,155,135,179,92,172,169,129,170,198,969,44,925,노해로60길
2016,2,A,골목상권,1000351,1683,831,852,167,270,289,239,315,403,87,143,167,120,135,179,80,127,122,119,180,224,892,8,884,한천로140길
2016,2,A,골목상권,1000350,1558,741,817,144,257,275,235,246,401,68,127,147,106,114,179,76,130,128,129,132,222,794,0,794,한천로139가길
2016,2,A,골목상권,1000349,1890,954,936,215,298,343,337,312,385,115,137,190,177,156,179,100,161,153,160,156,206,989,0,989,한천로132길
2016,2,A,골목상권,1000348,3249,1626,1623,491,447,496,556,549,710,263,234,250,291,287,301,228,213,246,265,262,409,1527,23,1504,한천로130길
2016,2,A,골목상권,1000347,1900,946,954,273,277,323,310,276,441,146,138,173,173,133,183,127,139,150,137,143,258,882,131,751,한천로124나길
2016,2,A,골목상권,1000346,2209,1069,1140,417,310,309,377,371,425,222,155,147,179,171,195,195,155,162,198,200,230,743,469,274,한천로109길
2016,2,A,골목상권,1000345,2830,1441,1389,409,335,375,464,506,741,214,186,213,239,242,347,195,149,162,225,264,394,1267,18,1249,인수봉로79길
2016,2,A,골목상권,1000344,4171,1989,2182,609,562,566,595,743,1096,298,285,290,281,350,485,311,277,276,314,393,611,1600,517,1083,인수봉로72길
2016,2,A,골목상권,1000343,1867,891,976,282,264,260,315,300,446,134,136,135,159,132,195,148,128,125,156,168,251,770,0,770,인수봉로56길
2016,2,A,골목상권,1000342,2144,1052,1092,188,383,437,357,342,437,93,174,233,191,166,195,95,209,204,166,176,242,1207,5,1202,오패산로67길
2016,2,A,골목상권,1000341,2927,1447,1480,412,393,413,479,481,749,212,202,231,254,215,333,200,191,182,225,266,416,1223,0,1223,오패산로52길
2016,2,A,골목상권,1000340,1216,612,604,163,165,157,192,206,333,92,91,79,105,92,153,71,74,78,87,114,180,530,0,530,오패산로30길
2016,2,A,골목상권,1000339,2366,1170,1196,280,434,427,315,349,561,146,185,243,174,159,263,134,249,184,141,190,298,1219,23,1196,수유로12길
2016,2,A,골목상권,1000338,2904,1444,1460,397,403,434,482,510,678,201,193,235,251,246,318,196,210,199,231,264,360,1283,0,1283,솔샘로65길
2016,2,A,골목상권,1000337,2184,1051,1133,305,330,321,363,351,514,158,148,174,182,161,228,147,182,147,181,190,286,1024,0,1024,솔매로50길
2016,2,A,골목상권,1000336,2032,1006,1026,233,321,295,317,360,506,135,153,148,155,184,231,98,168,147,162,176,275,984,7,977,솔매로45길
2016,2,A,골목상권,1000335,3482,1724,1758,452,508,502,538,663,819,239,259,281,268,312,365,213,249,221,270,351,454,1607,9,1598,솔매로41길
2016,2,A,골목상권,1000334,2858,1426,1432,422,390,373,465,479,729,218,208,202,234,230,334,204,182,171,231,249,395,1215,0,1215,삼양로93길
2016,2,A,골목상권,1000333,3416,1737,1679,498,447,504,519,606,842,255,255,277,269,298,383,243,192,227,250,308,459,1455,6,1449,삼양로77길
2016,2,A,골목상권,1000332,3662,1794,1868,452,503,549,573,681,904,228,250,293,291,346,386,224,253,256,282,335,518,1662,0,1662,삼양로54길
2016,2,A,골목상권,1000331,4615,2324,2291,608,622,535,766,825,1259,326,332,289,396,432,549,282,290,246,370,393,710,2134,33,2101,삼양로41길
2016,2,A,골목상권,1000330,284,139,145,42,36,48,38,54,66,18,19,28,18,28,28,24,17,20,20,26,38,116,46,70,삼양로27길
2016,2,A,골목상권,1000329,3063,1530,1533,317,335,384,487,593,947,155,180,221,254,296,424,162,155,163,233,297,523,1569,95,1474,삼양로24길
2016,2,A,골목상권,1000328,2287,1143,1144,279,352,270,361,451,574,139,194,152,182,224,252,140,158,118,179,227,322,1058,0,1058,삼양로20길
2016,2,A,골목상권,1000327,3803,1863,1940,460,593,661,566,676,847,247,305,354,266,304,387,213,288,307,300,372,460,1674,57,1617,삼각산로28길
2016,2,A,골목상권,1000326,2250,1110,1140,257,384,359,344,396,510,137,202,194,166,191,220,120,182,165,178,205,290,1036,0,1036,도봉로99길
2016,2,A,골목상권,1000325,267,137,130,18,31,43,60,44,71,12,13,31,36,19,26,6,18,12,24,25,45,158,0,158,도봉로8길
2016,2,A,골목상권,1000324,3374,1575,1799,332,698,577,495,560,712,154,264,292,267,284,314,178,434,285,228,276,398,1910,444,1466,도봉로76길
2016,2,A,골목상권,1000323,1714,842,872,209,237,247,225,316,480,112,109,139,118,147,217,97,128,108,107,169,263,839,0,839,도봉로67길
2016,2,A,골목상권,1000322,3376,1638,1738,449,457,552,589,558,771,229,213,288,299,254,355,220,244,264,290,304,416,1550,34,1516,도봉로45길
2016,2,A,골목상권,1000321,3117,1585,1532,381,416,457,492,565,806,187,231,269,256,275,367,194,185,188,236,290,439,1360,58,1302,도봉로18길
2016,2,A,골목상권,1000320,1829,908,921,205,277,231,296,349,471,104,153,126,147,166,212,101,124,105,149,183,259,836,0,836,도봉로13길
2016,2,A,골목상권,1000319,2740,1309,1431,248,468,470,440,444,670,125,210,242,217,219,296,123,258,228,223,225,374,1558,0,1558,덕릉로41길
2016,2,A,골목상권,1000318,1981,1002,979,295,264,283,351,347,441,160,124,143,195,174,206,135,140,140,156,173,235,834,0,834,덕릉로40길
2016,2,A,골목상권,1000317,2409,1190,1219,304,308,355,392,399,651,175,172,194,193,183,273,129,136,161,199,216,378,1067,0,1067,노해로33길
2016,2,A,골목상권,1000316,1424,685,739,212,201,228,242,244,297,96,99,132,120,106,132,116,102,96,122,138,165,591,0,591,노해로23길
2016,2,A,골목상권,1000315,2720,1347,1373,373,403,405,457,461,621,186,200,223,235,226,277,187,203,182,222,235,344,1189,0,1189,노해로17길
2016,2,A,골목상권,1000314,1989,1033,956,235,233,320,371,365,465,129,115,176,196,191,226,106,118,144,175,174,239,1021,0,1021,화랑로40길
2016,2,A,골목상권,1000313,3617,1836,1781,471,557,461,626,622,880,260,291,235,339,318,393,211,266,226,287,304,487,1704,0,1704,화랑로32길
2016,2,A,골목상권,1000312,2590,1299,1291,368,269,406,436,431,680,178,146,219,243,210,303,190,123,187,193,221,377,1158,81,1077,화랑로1길
2016,2,A,골목상권,1000311,2465,1242,1223,370,290,345,419,414,627,182,165,188,215,204,288,188,125,157,204,210,339,1036,10,1026,화랑로19길
2016,2,A,골목상권,1000310,1420,687,733,175,297,203,207,237,301,85,138,111,103,123,127,90,159,92,104,114,174,700,0,700,화랑로14길
2016,2,A,골목상권,1000309,865,371,494,98,207,130,125,111,194,43,56,72,65,62,73,55,151,58,60,49,121,482,0,482,화랑로13길
2016,2,A,골목상권,1000308,1811,900,911,229,270,299,292,322,399,119,135,156,147,154,189,110,135,143,145,168,210,833,0,833,한천로76길
2016,2,A,골목상권,1000307,3463,1767,1696,610,413,424,658,585,773,313,225,233,328,310,358,297,188,191,330,275,415,1375,205,1170,한천로101가길
2016,2,A,골목상권,1000306,1301,574,727,117,330,254,179,182,239,63,140,105,81,87,98,54,190,149,98,95,141,764,0,764,창경궁로43길
2016,2,A,골목상권,1000305,2824,1415,1409,346,494,476,474,441,593,176,258,272,239,208,262,170,236,204,235,233,331,1366,14,1352,지봉로20길
2016,2,A,골목상권,1000304,2627,1452,1175,291,794,422,320,309,491,148,496,256,167,164,221,143,298,166,153,145,270,1515,154,1361,종암로5길
2016,2,A,골목상권,1000303,2174,1082,1092,382,251,402,362,344,433,201,133,201,199,169,179,181,118,201,163,175,254,902,445,457,종암로24가길
2016,2,A,골목상권,1000302,1202,585,617,243,165,173,222,192,207,132,82,88,107,94,82,111,83,85,115,98,125,470,213,257,종암로21길
2016,2,A,골목상권,1000301,1605,776,829,256,263,237,269,243,337,125,134,124,132,111,150,131,129,113,137,132,187,658,174,484,종암로19길
2016,2,A,골목상권,1000300,3140,1489,1651,343,407,337,471,530,1052,190,201,181,223,270,424,153,206,156,248,260,628,1729,0,1729,종암로16길
2016,2,A,골목상권,1000299,1885,950,935,241,347,288,238,307,464,122,178,159,135,157,199,119,169,129,103,150,265,963,24,939,정릉로8길
2016,2,A,골목상권,1000298,3053,1511,1542,473,354,454,477,490,805,261,187,243,235,232,353,212,167,211,242,258,452,1286,0,1286,정릉로27길
2016,2,A,골목상권,1000297,338,170,168,52,43,50,52,54,87,30,20,25,31,25,39,22,23,25,21,29,48,147,0,147,정릉로26길
2016,2,A,골목상권,1000296,2491,1276,1215,303,323,336,402,458,669,152,158,183,223,237,323,151,165,153,179,221,346,1121,0,1121,장위로50길
2016,2,A,골목상권,1000295,2061,971,1090,233,393,286,307,313,529,122,134,151,172,154,238,111,259,135,135,159,291,1025,280,745,장월로1길
2016,2,A,골목상권,1000294,509,260,249,54,71,83,89,75,137,25,37,50,48,34,66,29,34,33,41,41,71,272,0,272,인촌로6길
2016,2,A,골목상권,1000293,1529,675,854,157,444,256,206,200,266,81,149,127,98,99,121,76,295,129,108,101,145,883,0,883,인촌로5길
2016,2,A,골목상권,1000292,720,419,301,42,282,128,69,75,124,26,154,91,44,44,60,16,128,37,25,31,64,508,0,508,인촌로24길
2016,2,A,골목상권,1000291,1081,562,519,74,588,137,78,71,133,41,310,86,37,34,54,33,278,51,41,37,79,816,0,816,개운사길
2016,2,A,골목상권,1000290,1589,779,810,173,311,265,224,259,357,84,156,127,124,130,158,89,155,138,100,129,199,862,0,862,인촌로1길
2016,2,A,골목상권,1000289,1721,831,890,194,542,262,245,188,290,96,273,127,115,92,128,98,269,135,130,96,162,981,0,981,인촌로17가길
2016,2,A,골목상권,1000288,3131,1529,1602,392,597,448,477,502,715,192,247,238,266,248,338,200,350,210,211,254,377,1489,0,1489,오패산로4길
2016,2,A,골목상권,1000287,3509,1750,1759,503,454,465,535,603,949,260,240,245,292,287,426,243,214,220,243,316,523,1484,535,949,오패산로3길
2016,2,A,골목상권,1000286,1823,904,919,206,239,242,285,328,523,106,125,127,151,168,227,100,114,115,134,160,296,880,0,880,오패산로19길
2016,2,A,골목상권,1000285,2278,1155,1123,261,427,436,360,368,426,135,232,229,184,192,183,126,195,207,176,176,243,1180,30,1150,안암로5길
2016,2,A,골목상권,1000284,3186,1427,1759,302,887,644,388,349,616,156,353,303,191,156,268,146,534,341,197,193,348,1834,14,1820,아리랑로4길
2016,2,A,골목상권,1000283,1919,956,963,282,294,266,291,325,461,138,163,144,142,178,191,144,131,122,149,147,270,813,14,799,솔샘로6길
2016,2,A,골목상권,1000282,1555,768,787,275,226,216,280,246,312,156,113,105,138,121,135,119,113,111,142,125,177,608,132,476,성북로8길
2016,2,A,골목상권,1000281,2941,1458,1483,398,387,408,453,504,791,209,214,213,232,245,345,189,173,195,221,259,446,1284,32,1252,삼양로8길
2016,2,A,골목상권,1000280,1447,736,711,227,215,208,240,228,329,124,117,117,125,107,146,103,98,91,115,121,183,661,0,661,삼선교로16가길
2016,2,A,골목상권,1000279,2357,1174,1183,265,386,383,365,408,550,141,193,213,195,193,239,124,193,170,170,215,311,1176,0,1176,삼선교로10다길
2016,2,A,골목상권,1000278,2333,1100,1233,289,486,380,341,338,499,154,224,191,166,148,217,135,262,189,175,190,282,1192,0,1192,삼선교로10길
2016,2,A,골목상권,1000277,1309,470,839,88,494,300,141,121,165,40,114,123,66,56,71,48,380,177,75,65,94,909,0,909,보문로32길
2016,2,A,골목상권,1000276,3012,1411,1601,381,629,577,457,388,580,204,269,286,227,182,243,177,360,291,230,206,337,1589,19,1570,보문로31길
2016,2,A,골목상권,1000275,1349,637,712,131,371,232,196,165,254,70,157,128,100,81,101,61,214,104,96,84,153,767,0,767,보문로26길
2016,2,A,골목상권,1000274,2506,1214,1292,290,389,394,415,420,598,144,194,205,199,206,266,146,195,189,216,214,332,1285,0,1285,보문로13길
2016,2,A,골목상권,1000273,2866,1407,1459,473,399,470,472,443,609,245,202,239,249,205,267,228,197,231,223,238,342,1156,0,1156,보국문로16길
2016,2,A,골목상권,1000272,317,150,167,36,41,47,44,54,95,19,21,20,26,26,38,17,20,27,18,28,57,166,0,166,동소문로6길
2016,2,A,골목상권,1000271,415,211,204,43,70,52,66,67,117,24,37,30,36,34,50,19,33,22,30,33,67,220,0,220,동소문로2길
2016,2,A,골목상권,1000270,2406,988,1418,181,686,452,327,269,491,76,215,202,167,123,205,105,471,250,160,146,286,1583,0,1583,동소문로26가길
2016,2,A,골목상권,1000269,1145,497,648,143,279,181,200,132,210,77,87,85,103,65,80,66,192,96,97,67,130,625,0,625,동소문로15길
2016,2,A,골목상권,1000268,2850,1311,1539,506,469,452,507,385,531,235,219,209,234,179,235,271,250,243,273,206,296,1226,420,806,동소문로13길
2016,2,A,골목상권,1000267,1400,701,699,180,198,173,197,274,378,100,101,98,103,134,165,80,97,75,94,140,213,634,0,634,돌곶이로8길
2016,2,A,골목상권,1000266,1943,983,960,320,249,261,319,337,457,170,134,145,153,168,213,150,115,116,166,169,244,778,0,778,돌곶이로41길
2016,2,A,골목상권,1000265,2001,1071,930,239,264,318,322,359,499,132,136,174,190,192,247,107,128,144,132,167,252,916,132,784,돌곶이로28길
2016,2,A,골목상권,1000264,3298,1672,1626,437,400,411,571,611,868,218,215,235,289,310,405,219,185,176,282,301,463,1485,0,1485,돌곶이로27길
2016,2,A,골목상권,1000263,1279,635,644,195,189,188,204,229,274,97,85,108,102,115,128,98,104,80,102,114,146,591,0,591,돌곶이로22길
2016,2,A,골목상권,1000262,1376,675,701,200,176,190,228,241,341,109,76,95,118,125,152,91,100,95,110,116,189,595,0,595,돌곶이로14길
2016,2,A,골목상권,1000261,324,165,159,15,28,39,48,50,144,8,14,25,26,28,64,7,14,14,22,22,80,197,0,197,길음로7길
2016,2,A,골목상권,1000260,2726,1404,1322,357,361,433,475,484,616,190,179,251,248,253,283,167,182,182,227,231,333,1291,84,1207,중랑천로10길
2016,2,A,골목상권,1000259,3578,1854,1724,502,539,480,595,686,776,253,287,270,315,357,372,249,252,210,280,329,404,1564,58,1506,용마산로94길
2016,2,A,골목상권,1000258,2053,1084,969,188,246,240,324,474,581,96,129,136,178,261,284,92,117,104,146,213,297,1196,0,1196,용마산로118길
2016,2,A,골목상권,1000257,2735,1388,1347,406,380,369,402,537,641,200,197,207,203,270,311,206,183,162,199,267,330,1172,171,1001,용마산로112길
2016,2,A,골목상권,1000256,3164,1593,1571,536,443,470,520,551,644,264,225,248,258,297,301,272,218,222,262,254,343,1371,0,1371,용마산로100길
2016,2,A,골목상권,1000255,723,335,388,156,87,120,140,97,123,70,44,54,61,55,51,86,43,66,79,42,72,303,82,221,신내로7가길
2016,2,A,골목상권,1000254,3293,1597,1696,388,529,606,539,518,713,197,243,315,284,247,311,191,286,291,255,271,402,1714,0,1714,사가정로54길
2016,2,A,골목상권,1000253,3333,1667,1666,555,435,496,536,588,723,283,220,247,280,282,355,272,215,249,256,306,368,1332,524,808,사가정로42길
2016,2,A,골목상권,1000252,3911,1922,1989,714,519,565,665,668,780,369,285,280,330,311,347,345,234,285,335,357,433,1421,712,709,봉화산로56길
2016,2,A,골목상권,1000251,4657,2448,2209,479,633,713,754,961,1117,257,317,415,405,511,543,222,316,298,349,450,574,2333,0,2333,봉화산로4길
2016,2,A,골목상권,1000250,2722,1347,1375,386,421,431,420,493,571,203,212,226,205,246,255,183,209,205,215,247,316,1218,0,1218,봉화산로30길
2016,2,A,골목상권,1000249,2303,1156,1147,212,373,415,326,435,542,105,193,217,171,219,251,107,180,198,155,216,291,1183,0,1183,봉우재로33길
2016,2,A,골목상권,1000248,5799,2852,2947,793,876,949,920,1006,1255,395,442,501,472,486,556,398,434,448,448,520,699,2667,20,2647,면목로78길
2016,2,A,골목상권,1000247,2960,1481,1479,381,446,410,533,566,624,190,240,223,273,278,277,191,206,187,260,288,347,1350,37,1313,면목로56길
2016,2,A,골목상권,1000246,2011,1014,997,303,271,347,364,358,368,158,135,188,182,181,170,145,136,159,182,177,198,924,26,898,면목로55길
2016,2,A,골목상권,1000245,2982,1504,1478,356,400,521,511,515,679,198,183,270,279,269,305,158,217,251,232,246,374,1594,0,1594,면목로49길
2016,2,A,골목상권,1000244,3074,1482,1592,401,469,512,492,539,661,190,234,271,244,258,285,211,235,241,248,281,376,1452,8,1444,면목로48길
2016,2,A,골목상권,1000243,1524,773,751,156,260,244,247,282,335,74,135,130,137,147,150,82,125,114,110,135,185,763,0,763,면목로45길
2016,2,A,골목상권,1000242,2788,1397,1391,443,364,413,504,453,611,223,179,217,270,227,281,220,185,196,234,226,330,1267,0,1267,면목로33길
2016,2,A,골목상권,1000241,1971,1002,969,295,276,307,347,341,405,153,152,150,188,175,184,142,124,157,159,166,221,884,0,884,면목로21길
2016,2,A,골목상권,1000240,1568,796,772,210,232,185,266,290,385,101,120,101,143,147,184,109,112,84,123,143,201,740,0,740,망우로73길
2016,2,A,골목상권,1000239,2478,1287,1191,344,363,346,382,528,515,190,212,193,180,268,244,154,151,153,202,260,271,1169,22,1147,망우로68길
2016,2,A,골목상권,1000238,3353,1682,1671,399,510,640,516,606,682,200,247,353,266,305,311,199,263,287,250,301,371,1665,24,1641,동일로163길
2016,2,A,골목상권,1000237,2455,1217,1238,262,418,437,382,430,526,130,202,243,203,213,226,132,216,194,179,217,300,1275,0,1275,동일로157길
2016,2,A,골목상권,1000236,2830,1398,1432,438,378,476,461,483,594,238,176,258,230,241,255,200,202,218,231,242,339,1256,74,1182,동일로149길
2016,2,A,골목상권,1000235,2234,1155,1079,296,345,385,310,416,482,161,186,203,160,219,226,135,159,182,150,197,256,950,15,935,동일로140길
2016,2,A,골목상권,1000234,2977,1516,1461,301,390,390,482,648,766,154,187,209,261,346,359,147,203,181,221,302,407,1567,0,1567,동일로139길
2016,2,A,골목상권,1000233,1898,972,926,264,281,270,305,375,403,150,146,140,171,186,179,114,135,130,134,189,224,811,355,456,동일로139가길
2016,2,A,골목상권,1000232,3516,1697,1819,517,545,569,514,642,729,255,282,292,244,298,326,262,263,277,270,344,403,1488,0,1488,동일로130길
2016,2,A,골목상권,1000231,2729,1398,1331,317,386,352,426,599,649,179,211,181,215,316,296,138,175,171,211,283,353,1351,0,1351,동일로123길
2016,2,A,골목상권,1000230,4476,2218,2258,473,841,857,650,757,898,245,378,457,357,363,418,228,463,400,293,394,480,2388,9,2379,동일로112길
2016,2,A,골목상권,1000229,3151,1579,1572,509,424,405,617,577,619,232,217,219,320,305,286,277,207,186,297,272,333,1385,141,1244,동일로101길
2016,2,A,골목상권,1000228,4916,2510,2406,664,737,822,753,890,1050,360,374,465,387,441,483,304,363,357,366,449,567,2188,71,2117,동일로100길
2016,2,A,골목상권,1000227,1996,991,1005,309,311,307,341,351,377,162,150,169,158,182,170,147,161,138,183,169,207,869,18,851,답십리로75길
2016,2,A,골목상권,1000226,4148,2007,2141,512,601,761,637,679,958,255,293,378,336,311,434,257,308,383,301,368,524,1940,346,1594,공릉로2길
2016,2,A,골목상권,1000225,1043,517,526,190,151,132,184,180,206,102,77,71,90,91,86,88,74,61,94,89,120,437,0,437,공릉로12가길
2016,2,A,골목상권,1000224,5199,2605,2594,733,801,898,874,915,978,391,416,468,426,463,441,342,385,430,448,452,537,2289,13,2276,겸재로54길
2016,2,A,골목상권,1000223,4268,2136,2132,509,591,704,770,750,944,270,283,373,389,379,442,239,308,331,381,371,502,2314,36,2278,겸재로36길
2016,2,A,골목상권,1000222,2245,1134,1111,252,351,386,377,381,498,126,169,205,199,215,220,126,182,181,178,166,278,1156,21,1135,겸재로29길
2016,2,A,골목상권,1000221,3756,1879,1877,400,658,667,597,618,816,203,332,372,322,301,349,197,326,295,275,317,467,2003,0,2003,휘경로3길
2016,2,A,골목상권,1000220,1360,661,699,133,375,193,180,184,295,61,177,111,94,89,129,72,198,82,86,95,166,793,0,793,휘경로2길
2016,2,A,골목상권,1000219,2671,1328,1343,278,299,381,496,459,758,137,158,219,271,228,315,141,141,162,225,231,443,1529,0,1529,휘경로23길
2016,2,A,골목상권,1000218,2139,1117,1022,199,306,300,386,391,557,100,164,173,223,207,250,99,142,127,163,184,307,1144,0,1144,휘경로14길
2016,2,A,골목상권,1000217,2155,1047,1108,415,261,284,413,314,468,205,121,156,191,167,207,210,140,128,222,147,261,801,417,384,한천로46길
2016,2,A,골목상권,1000216,1833,931,902,209,225,230,290,371,508,102,116,119,168,199,227,107,109,111,122,172,281,954,0,954,한천로40길
2016,2,A,골목상권,1000215,649,324,325,113,77,84,132,108,135,55,31,42,76,55,65,58,46,42,56,53,70,289,0,289,한천로33길
2016,2,A,골목상권,1000214,2991,1572,1419,325,377,401,520,596,772,158,199,220,300,322,373,167,178,181,220,274,399,1549,58,1491,한천로14길
2016,2,A,골목상권,1000213,2595,1309,1286,413,408,499,415,395,465,203,196,253,221,202,234,210,212,246,194,193,231,1112,396,716,천호대로97길
2016,2,A,골목상권,1000212,2320,1197,1123,331,340,409,357,417,466,179,177,212,193,197,239,152,163,197,164,220,227,936,91,845,천호대로77길
2016,2,A,골목상권,1000211,2584,1333,1251,267,346,328,361,492,790,137,191,189,210,245,361,130,155,139,151,247,429,1292,10,1282,천호대로45길
2016,2,A,골목상권,1000210,2016,1030,986,233,302,315,323,341,502,110,163,188,175,166,228,123,139,127,148,175,274,1013,33,980,천호대로17길
2016,2,A,골목상권,1000209,768,409,359,72,101,76,92,157,270,36,53,46,61,93,120,36,48,30,31,64,150,390,0,390,천호대로12길
2016,2,A,골목상권,1000208,1467,769,698,140,801,176,97,86,167,62,443,104,45,41,74,78,358,72,52,45,93,1086,0,1086,천장산로7길
2016,2,A,골목상권,1000207,1146,619,527,85,220,200,156,172,313,47,117,127,95,92,141,38,103,73,61,80,172,700,0,700,제기로5길
2016,2,A,골목상권,1000206,3385,1714,1671,337,345,393,473,615,1222,170,188,230,250,329,547,167,157,163,223,286,675,1880,0,1880,제기로21길
2016,2,A,골목상권,1000205,1596,832,764,141,195,177,299,312,472,84,100,98,164,174,212,57,95,79,135,138,260,923,0,923,전농로4길
2016,2,A,골목상권,1000204,1874,939,935,281,236,237,318,328,474,145,120,128,160,178,208,136,116,109,158,150,266,843,0,843,전농로3길
2016,2,A,골목상권,1000203,2109,1031,1078,308,267,251,351,395,537,151,148,135,175,201,221,157,119,116,176,194,316,962,0,962,전농로29길
2016,2,A,골목상권,1000202,2326,1183,1143,343,342,440,342,414,445,196,160,238,180,191,218,147,182,202,162,223,227,937,286,651,장한로8길
2016,2,A,골목상권,1000201,1524,770,754,199,227,278,233,265,322,108,111,150,121,133,147,91,116,128,112,132,175,702,85,617,장한로5길
2016,2,A,골목상권,1000200,1199,632,567,142,151,187,192,229,298,76,80,109,114,110,143,66,71,78,78,119,155,608,0,608,장한로27길
2016,2,A,골목상권,1000199,1258,645,613,166,166,157,203,205,361,89,92,83,101,111,169,77,74,74,102,94,192,569,0,569,장한로27가길
2016,2,A,골목상권,1000198,2747,1377,1370,532,283,489,507,386,550,276,149,244,266,182,260,256,134,245,241,204,290,1020,282,738,장한로26길
2016,2,A,골목상권,1000197,1359,679,680,186,209,296,190,205,273,90,102,150,99,96,142,96,107,146,91,109,131,639,73,566,장한로26가길
2016,2,A,골목상권,1000196,677,340,337,101,110,99,111,136,120,55,60,48,55,67,55,46,50,51,56,69,65,285,18,267,장한로25길
2016,2,A,골목상권,1000195,1490,751,739,273,179,243,246,220,329,144,95,122,131,104,155,129,84,121,115,116,174,535,297,238,장한로14길
2016,2,A,골목상권,1000194,3861,1968,1893,521,622,558,611,634,915,267,329,313,315,333,411,254,293,245,296,301,504,1830,0,1830,이문로42길
2016,2,A,골목상권,1000193,3171,1590,1581,354,373,439,506,597,902,167,197,237,288,314,387,187,176,202,218,283,515,1728,123,1605,왕산로43길
2016,2,A,골목상권,1000192,546,283,263,32,64,64,68,90,228,16,35,32,44,47,109,16,29,32,24,43,119,317,0,317,왕산로33길
2016,2,A,골목상권,1000191,1148,594,554,98,176,167,151,220,336,54,85,89,92,118,156,44,91,78,59,102,180,635,0,635,왕산로32길
2016,2,A,골목상권,1000190,1604,821,783,138,184,215,206,306,555,78,96,119,125,161,242,60,88,96,81,145,313,888,0,888,약령시로17길
2016,2,A,골목상권,1000189,1994,1034,960,276,268,308,329,315,498,149,139,163,177,173,233,127,129,145,152,142,265,931,0,931,서울시립대로4길
2016,2,A,골목상권,1000188,4391,2216,2175,518,1138,694,517,588,936,249,624,398,263,271,411,269,514,296,254,317,525,2301,154,2147,서울시립대로29길
2016,2,A,골목상권,1000187,2033,1029,1004,304,304,236,356,359,474,157,166,139,178,174,215,147,138,97,178,185,259,895,0,895,서울시립대로16길
2016,2,A,골목상권,1000186,2033,1014,1019,306,286,333,359,329,420,145,159,174,190,169,177,161,127,159,169,160,243,902,155,747,사가정로2길
2016,2,A,골목상권,1000185,2108,1037,1071,330,319,321,328,377,433,160,165,166,158,184,204,170,154,155,170,193,229,780,206,574,사가정로23가길
2016,2,A,골목상권,1000184,2118,1058,1060,257,270,279,319,429,564,136,150,146,163,217,246,121,120,133,156,212,318,1018,144,874,사가정로13길
2016,2,A,골목상권,1000183,2110,1152,958,235,479,330,282,337,447,123,297,205,145,174,208,112,182,125,137,163,239,1114,0,1114,무학로45길
2016,2,A,골목상권,1000182,1234,620,614,179,168,192,171,220,304,90,93,107,89,110,131,89,75,85,82,110,173,555,0,555,무학로16길
2016,2,A,골목상권,1000181,270,146,124,22,32,31,50,48,87,12,20,17,29,29,39,10,12,14,21,19,48,134,0,134,망우로21길
2016,2,A,골목상권,1000180,1444,703,741,185,427,208,183,168,273,85,224,100,94,74,126,100,203,108,89,94,147,797,0,797,망우로18길
2016,2,A,골목상권,1000179,2673,1337,1336,276,842,365,323,332,535,131,441,209,163,147,246,145,401,156,160,185,289,1493,0,1493,망우로18가길
2016,2,A,골목상권,1000178,1246,620,626,181,180,230,193,207,255,93,88,115,103,102,119,88,92,115,90,105,136,546,22,524,답십리로72길
2016,2,A,골목상권,1000177,1608,832,776,268,199,260,254,269,358,143,111,135,132,146,165,125,88,125,122,123,193,614,239,375,답십리로69길
2016,2,A,골목상권,1000176,2833,1464,1369,347,404,606,484,501,491,194,199,322,256,250,243,153,205,284,228,251,248,1370,81,1289,답십리로68길
2016,2,A,골목상권,1000175,2975,1465,1510,432,403,464,492,554,630,217,192,253,255,254,294,215,211,211,237,300,336,1375,48,1327,답십리로64길
2016,2,A,골목상권,1000174,1522,758,764,206,211,217,247,283,358,93,116,120,130,146,153,113,95,97,117,137,205,690,0,690,답십리로63길
2016,2,A,골목상권,1000173,2108,1079,1029,279,329,269,305,413,513,144,174,146,156,220,239,135,155,123,149,193,274,874,210,664,답십리로60길
2016,2,A,골목상권,1000172,3968,1984,1984,529,524,549,645,715,1006,269,299,277,337,353,449,260,225,272,308,362,557,1757,466,1291,답십리로56길
2016,2,A,골목상권,1000171,1880,918,962,253,289,248,298,329,463,142,149,121,144,162,200,111,140,127,154,167,263,903,0,903,답십리로23길
2016,2,A,골목상권,1000170,238,141,97,35,27,35,41,40,60,19,16,22,24,23,37,16,11,13,17,17,23,112,0,112,난계로30길
2016,2,A,골목상권,1000169,1316,654,662,148,414,209,150,154,241,58,215,122,72,72,115,90,199,87,78,82,126,789,0,789,경희대로4길
2016,2,A,골목상권,1000168,628,305,323,50,248,103,57,65,105,27,117,54,27,34,46,23,131,49,30,31,59,420,0,420,경희대로3길
2016,2,A,골목상권,1000167,3028,1476,1552,496,421,550,522,477,562,260,206,273,266,216,255,236,215,277,256,261,307,1199,21,1178,천호대로129길
2016,2,A,골목상권,1000166,3101,1498,1603,473,486,555,488,561,538,245,244,267,235,265,242,228,242,288,253,296,296,1301,0,1301,천호대로123길
2016,2,A,골목상권,1000165,3624,1735,1889,474,630,772,562,546,640,247,283,377,261,264,303,227,347,395,301,282,337,1698,17,1681,천호대로109길
2016,2,A,골목상권,1000164,3975,2021,1954,668,567,565,679,722,774,352,299,308,333,371,358,316,268,257,346,351,416,1627,180,1447,자양번영로3길
2016,2,A,골목상권,1000163,2865,1374,1491,477,371,482,438,510,587,238,174,224,210,256,272,239,197,258,228,254,315,1184,0,1184,자양로53길
2016,2,A,골목상권,1000162,4734,2314,2420,778,642,807,751,785,971,407,334,405,367,363,438,371,308,402,384,422,533,1953,37,1916,자양로50길
2016,2,A,골목상권,1000161,2495,1201,1294,337,363,466,407,409,513,179,168,222,204,185,243,158,195,244,203,224,270,1105,0,1105,자양로45길
2016,2,A,골목상권,1000160,3171,1502,1669,445,567,597,596,477,489,221,245,300,287,228,221,224,322,297,309,249,268,1499,89,1410,자양로26길
2016,2,A,골목상권,1000159,1964,935,1029,261,318,363,319,299,404,140,154,157,159,152,173,121,164,206,160,147,231,927,0,927,자양로15길
2016,2,A,골목상권,1000158,4085,1985,2100,481,630,765,665,697,847,244,295,399,336,333,378,237,335,366,329,364,469,2084,0,2084,자양로11길
2016,2,A,골목상권,1000157,3828,1874,1954,676,605,749,648,571,579,356,313,359,317,274,255,320,292,390,331,297,324,1614,74,1540,용마산로3길
2016,2,A,골목상권,1000156,5290,2640,2650,769,859,940,844,953,925,378,444,501,413,463,441,391,415,439,431,490,484,2250,59,2191,용마산로21길
2016,2,A,골목상권,1000155,1057,513,544,189,144,240,177,145,162,106,63,120,80,68,76,83,81,120,97,77,86,446,194,252,아차산로78길
2016,2,A,골목상권,1000154,2407,1180,1227,442,354,393,432,355,431,223,186,201,202,169,199,219,168,192,230,186,232,1035,47,988,아차산로65길
2016,2,A,골목상권,1000153,3026,1433,1593,287,597,689,458,441,554,157,270,357,230,186,233,130,327,332,228,255,321,1582,0,1582,아차산로55길
2016,2,A,골목상권,1000152,1722,811,911,199,341,417,255,267,243,100,155,188,128,128,112,99,186,229,127,139,131,897,5,892,아차산로51길
2016,2,A,골목상권,1000151,3099,1560,1539,413,593,530,509,477,577,240,280,284,259,238,259,173,313,246,250,239,318,1401,53,1348,아차산로40길
2016,2,A,골목상권,1000150,4180,2076,2104,512,605,701,665,800,897,241,319,379,329,401,407,271,286,322,336,399,490,2017,0,2017,면목로17길
2016,2,A,골목상권,1000149,2996,1512,1484,443,482,486,461,528,596,256,221,275,218,261,281,187,261,211,243,267,315,1293,0,1293,뚝섬로64길
2016,2,A,골목상권,1000148,3432,1678,1754,623,453,642,615,491,608,304,231,329,307,232,275,319,222,313,308,259,333,1389,56,1333,뚝섬로58길
2016,2,A,골목상권,1000147,3510,1722,1788,683,491,663,634,528,511,345,245,331,299,259,243,338,246,332,335,269,268,1380,11,1369,뚝섬로54길
2016,2,A,골목상권,1000146,3668,1788,1880,578,510,722,653,553,652,294,266,347,328,252,301,284,244,375,325,301,351,1644,0,1644,뚝섬로48길
2016,2,A,골목상권,1000145,3031,1534,1497,384,404,470,491,591,691,198,210,255,253,311,307,186,194,215,238,280,384,1428,0,1428,뚝섬로24길
2016,2,A,골목상권,1000144,2124,1031,1093,222,328,364,314,415,481,107,162,186,165,194,217,115,166,178,149,221,264,1052,7,1045,뚝섬로23길
2016,2,A,골목상권,1000143,3035,1461,1574,295,882,667,395,357,439,154,378,340,205,177,207,141,504,327,190,180,232,1823,175,1648,동일로24길
2016,2,A,골목상권,1000142,2127,1100,1027,219,379,398,321,389,421,112,202,203,187,207,189,107,177,195,134,182,232,1176,54,1122,동일로18길
2016,2,A,골목상권,1000141,3476,1667,1809,782,466,602,659,534,433,374,239,264,320,263,207,408,227,338,339,271,226,1209,601,608,능동로4길
2016,2,A,골목상권,1000140,3821,1932,1889,412,431,595,615,803,965,197,218,305,344,417,451,215,213,290,271,386,514,1973,356,1617,능동로3길
2016,2,A,골목상권,1000139,5160,2412,2748,661,907,1343,745,616,888,366,368,638,362,290,388,295,539,705,383,326,500,2620,26,2594,능동로34길
2016,2,A,골목상권,1000138,2320,1129,1191,117,839,426,254,286,398,56,373,213,152,168,167,61,466,213,102,118,231,1756,0,1756,능동로19길
2016,2,A,골목상권,1000137,3762,1772,1990,281,1277,816,429,406,553,146,518,420,231,208,249,135,759,396,198,198,304,2491,0,2491,능동로13길
2016,2,A,골목상권,1000136,2098,1059,1039,284,312,334,341,397,430,158,161,188,155,194,203,126,151,146,186,203,227,950,0,950,긴고랑로9길
2016,2,A,골목상권,1000135,4297,2191,2106,477,670,871,664,758,857,272,336,472,334,377,400,205,334,399,330,381,457,2119,28,2091,긴고랑로8길
2016,2,A,골목상권,1000134,4691,2310,2381,715,629,797,831,835,884,355,316,405,418,429,387,360,313,392,413,406,497,2139,47,2092,긴고랑로7길
2016,2,A,골목상권,1000133,4202,2022,2180,606,644,789,653,709,801,309,303,398,321,337,354,297,341,391,332,372,447,1949,10,1939,긴고랑로20길
2016,2,A,골목상권,1000132,4547,2204,2343,707,696,902,760,683,799,332,358,462,377,333,342,375,338,440,383,350,457,2075,0,2075,광나루로52길
2016,2,A,골목상권,1000131,3826,1881,1945,488,584,850,603,554,747,235,303,437,294,267,345,253,281,413,309,287,402,1867,32,1835,광나루로40길
2016,2,A,골목상권,1000130,641,300,341,95,96,71,100,126,153,44,47,39,48,56,66,51,49,32,52,70,87,289,0,289,광나루로37길
2016,2,A,골목상권,1000129,2703,1289,1414,366,411,498,461,403,564,179,189,243,246,192,240,187,222,255,215,211,324,1345,31,1314,광나루로36길
2016,2,A,골목상권,1000128,1381,731,650,128,367,242,187,172,285,70,215,136,101,89,120,58,152,106,86,83,165,821,0,821,광나루로24길
2016,2,A,골목상권,1000127,2368,1208,1160,130,1112,537,212,189,188,70,519,300,124,105,90,60,593,237,88,84,98,1858,8,1850,광나루로12길
2016,2,A,골목상권,1000126,2227,1059,1168,228,309,362,358,400,570,111,148,183,178,206,233,117,161,179,180,194,337,1033,709,324,한림말길
2016,2,A,골목상권,1000125,1030,491,539,153,152,204,153,142,226,82,66,91,84,63,105,71,86,113,69,79,121,489,52,437,한림말3길
2016,2,A,골목상권,1000124,2845,1470,1375,402,419,382,490,506,646,214,243,207,242,279,285,188,176,175,248,227,361,1279,0,1279,청계천로10나길
2016,2,A,골목상권,1000123,2063,1003,1060,227,266,289,374,331,576,120,137,144,198,151,253,107,129,145,176,180,323,1009,8,1001,장터길
2016,2,A,골목상권,1000122,2885,1497,1388,397,415,391,505,511,666,200,226,219,260,276,316,197,189,172,245,235,350,1300,0,1300,용답중앙길
2016,2,A,골목상권,1000121,3355,1700,1655,418,494,551,554,596,742,197,229,292,306,324,352,221,265,259,248,272,390,1669,0,1669,용답29길
2016,2,A,골목상권,1000120,2203,1141,1062,336,349,387,386,344,401,171,182,201,205,183,199,165,167,186,181,161,202,997,181,816,왕십리로6길
2016,2,A,골목상권,1000119,2476,1220,1256,273,432,434,395,405,537,144,192,230,203,217,234,129,240,204,192,188,303,1254,39,1215,왕십리로31길
2016,2,A,골목상권,1000118,3057,1536,1521,425,533,488,501,500,610,217,261,259,255,273,271,208,272,229,246,227,339,1442,0,1442,왕십리로26길
2016,2,A,골목상권,1000117,2538,1213,1325,364,420,384,445,415,510,172,216,188,214,201,222,192,204,196,231,214,288,1143,7,1136,왕십리로21길
2016,2,A,골목상권,1000116,1976,1047,929,254,345,336,303,368,370,138,170,166,175,198,200,116,175,170,128,170,170,968,78,890,왕십리로14길
2016,2,A,골목상권,1000115,1424,724,700,170,255,274,208,252,265,94,123,151,104,136,116,76,132,123,104,116,149,695,11,684,아차산로5길
2016,2,A,골목상권,1000114,414,253,161,6,102,176,66,36,28,3,51,104,50,27,18,3,51,72,16,9,10,375,0,375,아차산로15길
2016,2,A,골목상권,1000113,399,240,159,49,55,54,86,87,68,26,32,26,57,59,40,23,23,28,29,28,28,204,0,204,아차산로11길
2016,2,A,골목상권,1000112,2761,1487,1274,301,439,417,448,593,563,154,237,240,248,333,275,147,202,177,200,260,288,1391,0,1391,송정4가길
2016,2,A,골목상권,1000111,1296,699,597,158,182,206,216,249,285,87,95,115,131,136,135,71,87,91,85,113,150,634,0,634,송정12라길
2016,2,A,골목상권,1000110,721,419,302,100,111,99,143,140,128,59,62,50,81,94,73,41,49,49,62,46,55,372,0,372,성수일로6길
2016,2,A,골목상권,1000109,1397,764,633,133,297,251,200,257,259,67,148,142,121,146,140,66,149,109,79,111,119,801,30,771,성수이로7길
2016,2,A,골목상권,1000108,302,162,140,52,35,32,60,65,58,26,19,17,33,43,24,26,16,15,27,22,34,148,0,148,성수이로18길
2016,2,A,골목상권,1000107,3458,1803,1655,517,528,476,597,707,633,260,289,263,306,397,288,257,239,213,291,310,345,1577,0,1577,성덕정길
2016,2,A,골목상권,1000106,3831,2007,1824,468,542,543,598,810,870,236,284,289,336,460,402,232,258,254,262,350,468,1886,0,1886,성덕정17길
2016,2,A,골목상권,1000105,2207,1117,1090,320,339,435,368,365,380,164,177,231,187,190,168,156,162,204,181,175,212,1035,55,980,서울숲2길
2016,2,A,골목상권,1000104,1240,629,611,142,219,259,213,183,224,78,106,138,114,90,103,64,113,121,99,93,121,645,0,645,상원길
2016,2,A,골목상권,1000103,2547,1307,1240,389,412,502,415,418,411,204,208,269,234,204,188,185,204,233,181,214,223,1159,452,707,상원12길
2016,2,A,골목상권,1000102,2513,1413,1100,195,898,347,256,298,519,106,590,204,143,139,231,89,308,143,113,159,288,1614,0,1614,사근동길
2016,2,A,골목상권,1000101,2004,993,1011,357,303,309,349,307,379,180,153,167,179,157,157,177,150,142,170,150,222,888,136,752,무학봉길
2016,2,A,골목상권,1000100,1068,509,559,112,242,170,177,159,208,48,126,83,90,86,76,64,116,87,87,73,132,598,0,598,무학봉28길
2016,2,A,골목상권,1000099,1888,938,950,227,307,333,320,320,381,124,143,173,175,160,163,103,164,160,145,160,218,949,41,908,무학로6길
2016,2,A,골목상권,1000098,1978,951,1027,249,218,305,352,337,517,130,94,154,185,170,218,119,124,151,167,167,299,1039,96,943,무수막길
2016,2,A,골목상권,1000097,942,462,480,180,107,204,176,122,153,105,56,92,89,56,64,75,51,112,87,66,89,376,0,376,매봉길
2016,2,A,골목상권,1000096,1155,562,593,95,492,210,103,97,158,45,227,113,55,43,79,50,265,97,48,54,79,785,43,742,마조로1길
2016,2,A,골목상권,1000095,2714,1380,1334,356,383,346,424,480,725,189,191,181,218,270,331,167,192,165,206,210,394,1297,314,983,마조로16길
2016,2,A,골목상권,1000094,902,454,448,174,140,142,148,163,135,88,71,67,72,88,68,86,69,75,76,75,67,346,99,247,마장로39길
2016,2,A,골목상권,1000093,1957,976,981,256,313,277,317,324,470,134,159,146,165,159,213,122,154,131,152,165,257,897,0,897,마장로27길
2016,2,A,골목상권,1000092,1649,838,811,240,247,334,300,237,291,123,111,168,160,140,136,117,136,166,140,97,155,867,0,867,뚝섬로5길
2016,2,A,골목상권,1000091,3212,1713,1499,401,443,461,576,674,657,219,224,252,307,396,315,182,219,209,269,278,342,1597,0,1597,둘레9길
2016,2,A,골목상권,1000090,3617,1789,1828,544,491,495,608,636,843,296,266,269,290,309,359,248,225,226,318,327,484,1474,110,1364,금호산길
2016,2,A,골목상권,1000089,2434,1190,1244,345,337,317,399,416,620,176,177,165,209,198,265,169,160,152,190,218,355,1038,18,1020,금호산2길
2016,2,A,골목상권,1000088,3134,1579,1555,349,531,413,509,583,749,190,283,217,265,295,329,159,248,196,244,288,420,1579,24,1555,고산자로6길
2016,2,A,골목상권,1000087,4669,2275,2394,748,604,745,853,729,990,413,295,370,429,351,417,335,309,375,424,378,573,2206,68,2138,후암로28길
2016,2,A,골목상권,1000086,2983,1426,1557,449,370,608,469,420,667,222,162,306,239,214,283,227,208,302,230,206,384,1385,88,1297,효창원로39길
2016,2,A,골목상권,1000085,2355,1046,1309,225,264,376,383,380,727,113,138,167,182,160,286,112,126,209,201,220,441,1315,28,1287,회나무로13길
2016,2,A,골목상권,1000084,483,214,269,54,73,118,80,50,108,28,25,52,47,16,46,26,48,66,33,34,62,279,0,279,한남대로20길
2016,2,A,골목상권,1000083,108,86,22,2,5,16,25,27,33,2,2,13,20,25,24,0,3,3,5,2,9,103,0,103,한강대로88길
2016,2,A,골목상권,1000082,726,383,343,63,55,110,96,130,272,36,34,67,56,72,118,27,21,43,40,58,154,412,0,412,한강대로7길
2016,2,A,골목상권,1000081,976,490,486,88,113,161,144,182,288,51,59,78,81,92,129,37,54,83,63,90,159,547,0,547,한강대로62길
2016,2,A,골목상권,1000080,458,226,232,37,70,97,74,75,105,21,33,43,37,50,42,16,37,54,37,25,63,292,0,292,한강대로52길
2016,2,A,골목상권,1000079,1294,608,686,123,204,368,192,172,235,54,82,149,101,92,130,69,122,219,91,80,105,774,0,774,한강대로43길
2016,2,A,골목상권,1000078,521,276,245,42,54,92,74,83,176,24,38,55,45,44,70,18,16,37,29,39,106,272,0,272,한강대로15길
2016,2,A,골목상권,1000077,2082,1227,855,222,247,275,349,454,535,138,130,166,229,283,281,84,117,109,120,171,254,1255,16,1239,한강대로104길
2016,2,A,골목상권,1000076,2851,1467,1384,370,465,440,494,490,592,204,244,255,255,249,260,166,221,185,239,241,332,1446,0,1446,청파로73길
2016,2,A,골목상권,1000075,4412,2219,2193,659,785,744,738,671,815,356,396,416,366,331,354,303,389,328,372,340,461,1990,40,1950,청파로71길
2016,2,A,골목상권,1000074,3138,1455,1683,462,682,663,481,360,490,224,247,324,246,188,226,238,435,339,235,172,264,1597,25,1572,청파로47나길
2016,2,A,골목상권,1000073,1665,646,1019,146,525,313,192,184,305,68,115,143,92,96,132,78,410,170,100,88,173,1047,0,1047,청파로47길
2016,2,A,골목상권,1000072,2930,1410,1520,367,428,463,471,504,697,194,238,243,223,216,296,173,190,220,248,288,401,1381,0,1381,장문로45길
2016,2,A,골목상권,1000071,2480,1104,1376,142,247,482,450,424,735,67,100,236,245,174,282,75,147,246,205,250,453,1664,1,1663,이태원로54길
2016,2,A,골목상권,1000070,721,348,373,76,107,130,125,97,186,39,58,58,67,44,82,37,49,72,58,53,104,367,0,367,이태원로27길
2016,2,A,골목상권,1000069,2064,977,1087,242,215,258,361,355,633,121,109,135,194,171,247,121,106,123,167,184,386,1021,334,687,이촌로22길
2016,2,A,골목상권,1000068,815,405,410,78,143,121,143,131,199,43,67,65,75,61,94,35,76,56,68,70,105,433,0,433,원효로89길
2016,2,A,골목상권,1000067,2259,1142,1117,287,315,335,358,352,612,153,169,194,192,173,261,134,146,141,166,179,351,1043,0,1043,원효로53길
2016,2,A,골목상권,1000066,1492,722,770,226,161,229,260,226,390,101,82,127,146,103,163,125,79,102,114,123,227,657,0,657,원효로41길
2016,2,A,골목상권,1000065,2014,993,1021,323,301,316,344,302,428,171,136,163,175,160,188,152,165,153,169,142,240,871,82,789,원효로19길
2016,2,A,골목상권,1000064,2499,1223,1276,288,393,421,402,423,572,152,220,231,197,194,229,136,173,190,205,229,343,1321,0,1321,우사단로4길
2016,2,A,골목상권,1000063,1380,706,674,144,170,323,243,184,316,77,88,177,131,94,139,67,82,146,112,90,177,791,46,745,우사단로14길
2016,2,A,골목상권,1000062,2933,1539,1394,280,413,538,501,509,692,153,248,312,287,258,281,127,165,226,214,251,411,1622,0,1622,우사단로10길
2016,2,A,골목상권,1000061,2890,1445,1445,413,398,482,474,440,683,224,207,266,251,209,288,189,191,216,223,231,395,1334,0,1334,신흥로20길
2016,2,A,골목상권,1000060,2455,1176,1279,291,361,415,358,403,627,151,179,217,167,190,272,140,182,198,191,213,355,1156,4,1152,소월로20길
2016,2,A,골목상권,1000059,2720,1304,1416,348,323,341,455,497,756,175,167,175,238,249,300,173,156,166,217,248,456,1321,0,1321,서빙고로71길
2016,2,A,골목상권,1000058,1501,732,769,271,188,346,256,223,217,125,98,165,130,103,111,146,90,181,126,120,106,603,300,303,백범로90길
2016,2,A,골목상권,1000057,3972,1925,2047,663,583,704,727,529,766,346,277,351,363,259,329,317,306,353,364,270,437,1687,36,1651,백범로79길
2016,2,A,골목상권,1000056,3120,1647,1473,300,457,448,501,553,861,168,233,241,262,317,426,132,224,207,239,236,435,1833,0,1833,두텁바위로1길
2016,2,A,골목상권,1000055,1480,697,783,172,258,288,224,239,299,94,117,146,99,119,122,78,141,142,125,120,177,743,0,743,대사관로34길
2016,2,A,골목상권,1000054,892,446,446,99,147,166,133,121,226,58,81,82,75,59,91,41,66,84,58,62,135,466,0,466,녹사평대로46길
2016,2,A,골목상권,1000053,800,376,424,112,111,146,125,107,199,54,50,76,62,49,85,58,61,70,63,58,114,389,0,389,녹사평대로40나길
2016,2,A,골목상권,1000052,633,311,322,62,105,145,82,98,141,35,52,70,44,43,67,27,53,75,38,55,74,319,0,319,녹사평대로32길
2016,2,A,골목상권,1000051,982,462,520,84,150,197,144,166,241,46,78,103,65,83,87,38,72,94,79,83,154,529,0,529,녹사평대로26길
2016,2,A,골목상권,1000050,457,227,230,68,48,79,84,64,114,33,25,34,48,38,49,35,23,45,36,26,65,205,0,205,녹사평대로11길
2016,2,A,골목상권,1000049,3169,1593,1576,378,469,388,614,570,750,198,241,206,334,311,303,180,228,182,280,259,447,1654,0,1654,퇴계로90길
2016,2,A,골목상권,1000048,1542,810,732,101,118,139,217,274,693,42,51,86,120,153,358,59,67,53,97,121,335,1042,41,1001,퇴계로8길
2016,2,A,골목상권,1000047,1255,642,613,122,217,163,178,195,380,63,116,85,105,93,180,59,101,78,73,102,200,664,0,664,퇴계로56길
2016,2,A,골목상권,1000046,520,277,243,53,160,77,69,57,104,29,81,41,40,36,50,24,79,36,29,21,54,313,0,313,퇴계로46길
2016,2,A,골목상권,1000045,792,397,395,105,97,136,147,122,185,48,58,78,80,61,72,57,39,58,67,61,113,425,0,425,퇴계로18길
2016,2,A,골목상권,1000044,852,414,438,93,104,121,131,150,253,47,61,66,63,72,105,46,43,55,68,78,148,419,156,263,퇴계로12길
2016,2,A,골목상권,1000043,2066,982,1084,247,287,255,378,368,531,129,141,127,186,196,203,118,146,128,192,172,328,1061,0,1061,청구로1길
2016,2,A,골목상권,1000042,1916,963,953,259,301,331,300,320,405,136,156,165,159,165,182,123,145,166,141,155,223,897,26,871,청구로17길
2016,2,A,골목상권,1000041,1613,803,810,201,286,274,243,248,361,108,147,143,125,124,156,93,139,131,118,124,205,799,0,799,장충단로8길
2016,2,A,골목상권,1000040,120,68,52,33,16,24,31,9,7,17,8,16,17,6,4,16,8,8,14,3,3,58,0,58,삼일대로4길
2016,2,A,골목상권,1000039,76,59,17,0,8,14,11,21,22,0,4,13,10,16,16,0,4,1,1,5,6,41,0,41,명동길
2016,2,A,골목상권,1000038,697,328,369,79,131,133,101,116,137,36,61,62,60,55,54,43,70,71,41,61,83,332,0,332,동호로8길
2016,2,A,골목상권,1000037,2112,965,1147,313,339,344,395,289,432,150,157,169,182,131,176,163,182,175,213,158,256,922,15,907,동호로20길
2016,2,A,골목상권,1000036,2050,1019,1031,225,289,286,331,345,574,121,159,138,177,173,251,104,130,148,154,172,323,999,0,999,동호로15길
2016,2,A,골목상권,1000035,3412,1639,1773,455,517,576,599,502,763,245,263,299,297,210,325,210,254,277,302,292,438,1456,72,1384,동호로11길
2016,2,A,골목상권,1000034,2132,1025,1107,244,424,445,339,305,375,129,187,213,171,160,165,115,237,232,168,145,210,1143,17,1126,동호로10길
2016,2,A,골목상권,1000033,947,530,417,65,100,110,162,242,268,27,57,66,104,141,135,38,43,44,58,101,133,597,0,597,다산로39길
2016,2,A,골목상권,1000032,1435,704,731,212,229,213,230,248,303,109,116,96,121,132,130,103,113,117,109,116,173,608,225,383,다산로38길
2016,2,A,골목상권,1000031,1669,831,838,217,210,233,293,318,398,105,112,117,163,165,169,112,98,116,130,153,229,822,0,822,다산로36길
2016,2,A,골목상권,1000030,3859,1946,1913,459,639,540,672,694,855,229,354,307,346,354,356,230,285,233,326,340,499,1907,0,1907,다산로33길
2016,2,A,골목상권,1000029,865,444,421,76,183,193,109,121,183,36,90,107,59,69,83,40,93,86,50,52,100,462,0,462,난계로21길
2016,2,A,골목상권,1000028,2312,1104,1208,192,486,481,345,349,459,96,190,221,179,204,214,96,296,260,166,145,245,1489,11,1478,난계로11길
2016,2,A,골목상권,1000027,734,336,398,135,90,100,151,107,151,66,41,42,65,57,65,69,49,58,86,50,86,321,0,321,필운대로1길
2016,2,A,골목상권,1000026,1697,846,851,330,284,198,218,263,404,190,162,102,91,123,178,140,122,96,127,140,226,784,0,784,평창길
2016,2,A,골목상권,1000025,925,428,497,115,119,128,186,121,256,65,50,58,98,61,96,50,69,70,88,60,160,450,0,450,통일로12길
2016,2,A,골목상권,1000024,2518,1278,1240,347,377,296,469,496,533,166,198,176,236,267,235,181,179,120,233,229,298,1098,66,1032,창신길
2016,2,A,골목상권,1000023,1476,784,692,145,167,148,278,312,426,76,101,86,150,173,198,69,66,62,128,139,228,869,0,869,창신5길
2016,2,A,골목상권,1000022,918,465,453,99,119,112,151,209,228,53,58,62,83,105,104,46,61,50,68,104,124,447,0,447,창신2길
2016,2,A,골목상권,1000021,941,401,540,80,183,127,165,137,249,38,75,54,78,61,95,42,108,73,87,76,154,645,0,645,창경궁로35길
2016,2,A,골목상권,1000020,2525,1278,1247,304,334,330,451,460,646,161,164,193,237,236,287,143,170,137,214,224,359,1235,0,1235,지봉로8길
2016,2,A,골목상권,1000019,3393,1770,1623,319,440,449,582,736,867,164,217,241,320,414,414,155,223,208,262,322,453,1895,60,1835,종로65길
2016,2,A,골목상권,1000018,290,158,132,15,58,63,46,41,67,7,28,36,27,23,37,8,30,27,19,18,30,197,0,197,종로58가길
2016,2,A,골목상권,1000017,58,43,15,3,3,3,11,15,23,1,3,2,9,13,15,2,0,1,2,2,8,49,0,49,종로24길
2016,2,A,골목상권,1000016,790,368,422,130,105,116,133,105,201,71,57,49,60,47,84,59,48,67,73,58,117,368,0,368,자하문로7길
2016,2,A,골목상권,1000015,1751,855,896,232,371,313,248,262,325,119,162,163,118,138,155,113,209,150,130,124,170,893,0,893,이화장길
2016,2,A,골목상권,1000014,527,277,250,61,78,87,93,79,129,38,43,47,55,34,60,23,35,40,38,45,69,269,0,269,율곡로16길
2016,2,A,골목상권,1000013,301,167,134,17,27,39,58,51,109,9,16,22,38,30,52,8,11,17,20,21,57,178,0,178,율곡로10길
2016,2,A,골목상권,1000012,2729,1232,1497,514,311,496,570,335,503,254,148,216,258,154,202,260,163,280,312,181,301,1129,8,1121,옥인길
2016,2,A,골목상권,1000011,998,514,484,92,122,139,160,187,298,51,65,79,84,105,130,41,57,60,76,82,168,550,0,550,숭인동길
2016,2,A,골목상권,1000010,1031,510,521,96,349,172,126,124,164,51,169,97,67,60,66,45,180,75,59,64,98,632,0,632,성균관로5길
2016,2,A,골목상권,1000009,801,369,432,84,79,129,96,134,279,31,35,69,47,63,124,53,44,60,49,71,155,416,0,416,삼청로5길
2016,2,A,골목상권,1000008,702,332,370,108,79,117,112,105,181,61,40,52,57,44,78,47,39,65,55,61,103,324,0,324,북촌로5나길
2016,2,A,골목상권,1000007,336,157,179,42,36,42,43,63,110,23,15,20,22,30,47,19,21,22,21,33,63,161,0,161,북촌로5길
2016,2,A,골목상권,1000006,682,319,363,59,73,95,104,110,241,34,38,52,52,47,96,25,35,43,52,63,145,371,0,371,북촌로11길
2016,2,A,골목상권,1000005,1774,872,902,270,252,270,310,294,378,142,143,133,148,128,178,128,109,137,162,166,200,736,8,728,백석동길
2016,2,A,골목상권,1000004,1541,767,774,182,472,214,176,171,326,79,259,127,91,78,133,103,213,87,85,93,193,905,23,882,명륜길
2016,2,A,골목상권,1000003,1143,652,491,98,165,212,200,196,272,56,107,125,119,115,130,42,58,87,81,81,142,749,6,743,돈화문로11가길
2016,2,A,골목상권,1000002,764,383,381,18,340,221,64,42,79,6,127,124,38,34,54,12,213,97,26,8,25,695,10,685,난계로27길
2016,2,A,골목상권,1000001,1972,921,1051,297,228,288,359,311,489,140,100,143,177,149,212,157,128,145,182,162,277,859,0,859,계동길
2016,1,U,관광특구,1001495,16234,7853,8381,3077,2298,2899,2713,2516,2731,1606,1111,1375,1299,1167,1295,1471,1187,1524,1414,1349,1436,6369,2043,4326,잠실 관광특구
2016,1,U,관광특구,1001494,3909,2129,1780,424,489,477,629,810,1080,217,264,271,348,473,556,207,225,206,281,337,524,2146,159,1987,종로?청계 관광특구
2016,1,U,관광특구,1001493,1841,967,874,181,267,269,296,361,467,90,140,146,169,197,225,91,127,123,127,164,242,1008,308,700,동대문패션타운 관광특구
2016,1,U,관광특구,1001492,1277,671,606,130,131,178,201,267,370,63,63,92,113,158,182,67,68,86,88,109,188,779,28,751,명동 남대문 북창동 다동 무교동 관광특구
2016,1,U,관광특구,1001491,7461,3525,3936,827,1039,1320,1174,1238,1863,428,526,656,583,588,744,399,513,664,591,650,1119,4345,152,4193,이태원 관광특구
2016,1,R,전통시장,1001490,2854,1406,1448,456,434,525,444,484,511,240,212,268,222,224,240,216,222,257,222,260,271,1165,416,749,길동복조리시장
2016,1,R,전통시장,1001489,377,188,189,62,56,70,62,62,65,35,29,35,31,29,29,27,27,35,31,33,36,159,87,72,둔촌역전통시장
2016,1,R,전통시장,1001488,1147,571,576,152,171,216,175,202,231,77,84,116,90,98,106,75,87,100,85,104,125,548,60,488,성내골목시장
2016,1,R,전통시장,1001487,65,33,32,9,8,12,11,12,13,5,4,6,6,6,6,4,4,6,5,6,7,32,0,32,천호시장
2016,1,R,전통시장,1001486,240,122,118,34,32,43,38,44,49,18,16,23,20,22,23,16,16,20,18,22,26,114,0,114,동서울시장
2016,1,R,전통시장,1001485,366,184,182,53,51,61,57,67,77,28,26,32,30,32,36,25,25,29,27,35,41,171,0,171,고분다리골목시장
2016,1,R,전통시장,1001484,1007,497,510,237,116,160,184,154,156,119,62,74,93,72,77,118,54,86,91,82,79,326,25,301,양지골목시장
2016,1,R,전통시장,1001483,779,389,390,133,106,134,130,132,144,69,55,70,66,65,64,64,51,64,64,67,80,331,0,331,암사종합시장
2016,1,R,전통시장,1001482,256,134,122,37,35,31,44,51,58,20,20,17,24,26,27,17,15,14,20,25,31,142,50,92,고덕전통시장
2016,1,R,전통시장,1001481,1732,846,886,365,235,243,309,288,292,193,120,117,146,136,134,172,115,126,163,152,158,627,561,66,명일골목시장
2016,1,R,전통시장,1001480,3914,1866,2048,573,659,855,637,592,598,290,305,417,308,278,268,283,354,438,329,314,330,1914,0,1914,새마을시장
2016,1,R,전통시장,1001479,1073,526,547,166,164,207,180,178,178,88,83,102,88,87,78,78,81,105,92,91,100,433,60,373,석촌시장
2016,1,R,전통시장,1001478,4962,2417,2545,698,802,1099,754,803,806,371,384,557,370,366,369,327,418,542,384,437,437,2296,37,2259,방이시장
2016,1,R,전통시장,1001477,1220,623,597,196,164,170,204,226,260,102,91,91,105,114,120,94,73,79,99,112,140,494,0,494,마천시장
2016,1,R,전통시장,1001476,3120,1536,1584,471,421,509,500,554,665,236,219,262,253,264,302,235,202,247,247,290,363,1340,0,1340,풍납시장
2016,1,R,전통시장,1001474,266,124,142,65,32,47,59,30,33,33,14,20,27,16,14,32,18,27,32,14,19,110,76,34,도곡시장
2016,1,R,전통시장,1001473,119,56,63,23,17,21,21,17,20,12,8,9,10,8,9,11,9,12,11,9,11,48,48,0,청담삼익시장
2016,1,R,전통시장,1001472,101,47,54,14,16,24,17,13,17,7,7,11,8,6,8,7,9,13,9,7,9,50,0,50,논현종합시장
2016,1,R,전통시장,1001471,1165,538,627,106,231,326,181,144,177,53,100,149,91,66,79,53,131,177,90,78,98,684,0,684,영동전통시장
2016,1,R,전통시장,1001470,222,104,118,39,33,38,41,29,42,20,15,17,19,14,19,19,18,21,22,15,23,94,94,0,강남시장_강남
2016,1,R,전통시장,1001469,78,38,40,17,10,15,12,11,13,9,5,7,6,5,6,8,5,8,6,6,7,28,0,28,양재시장
2016,1,R,전통시장,1001468,147,69,78,33,19,20,29,22,24,16,9,9,13,11,11,17,10,11,16,11,13,55,0,55,남부종합시장
2016,1,R,전통시장,1001467,68,34,34,10,10,11,11,12,14,5,5,6,6,6,6,5,5,5,5,6,8,29,0,29,우림시장
2016,1,R,전통시장,1001466,998,498,500,164,148,159,160,166,201,82,76,85,80,80,95,82,72,74,80,86,106,414,39,375,미성동도깨비시장
2016,1,R,전통시장,1001465,645,325,320,92,84,87,105,116,161,48,44,48,56,57,72,44,40,39,49,59,89,275,0,275,신신림시장
2016,1,R,전통시장,1001464,426,214,212,61,55,57,70,77,106,32,29,31,37,37,48,29,26,26,33,40,58,182,0,182,삼성동시장
2016,1,R,전통시장,1001463,58,29,29,6,11,11,9,10,11,3,5,6,5,5,5,3,6,5,4,5,6,31,0,31,신림중앙시장
2016,1,R,전통시장,1001462,687,351,336,80,129,137,102,107,132,40,63,76,55,54,63,40,66,61,47,53,69,361,12,349,강남골목시장
2016,1,R,전통시장,1001460,2079,1048,1031,282,388,385,346,315,363,150,194,209,173,155,167,132,194,176,173,160,196,1061,19,1042,관악신사시장
2016,1,R,전통시장,1001459,402,202,200,52,75,76,60,58,81,26,40,41,33,27,35,26,35,35,27,31,46,201,0,201,신원시장
2016,1,R,전통시장,1001458,1623,808,815,242,302,340,251,203,285,125,147,182,128,98,128,117,155,158,123,105,157,777,0,777,인헌시장
2016,1,R,전통시장,1001457,97,47,50,10,22,19,13,13,20,5,10,10,7,6,9,5,12,9,6,7,11,56,0,56,봉천중앙시장
2016,1,R,전통시장,1001456,22,10,12,4,3,4,4,3,4,2,1,2,2,1,2,2,2,2,2,2,2,9,0,9,봉천현대시장
2016,1,R,전통시장,1001455,237,116,121,40,35,45,38,34,45,20,17,23,20,16,20,20,18,22,18,18,25,100,0,100,봉일시장
2016,1,R,전통시장,1001454,295,145,150,34,74,60,39,36,52,17,34,32,21,17,24,17,40,28,18,19,28,177,0,177,봉천제일종합시장
2016,1,R,전통시장,1001453,685,348,337,85,183,152,90,74,101,42,93,83,48,37,45,43,90,69,42,37,56,394,16,378,낙성대시장
2016,1,R,전통시장,1001452,812,400,412,95,184,173,111,105,144,48,86,91,59,50,66,47,98,82,52,55,78,440,0,440,중부시장
2016,1,R,전통시장,1001451,12,6,6,2,2,2,2,2,2,1,1,1,1,1,1,1,1,1,1,1,1,5,0,5,사당시장
2016,1,R,전통시장,1001450,672,328,344,95,103,131,102,103,138,49,51,67,52,48,61,46,52,64,50,55,77,290,0,290,남성역골목시장
2016,1,R,전통시장,1001449,716,349,367,107,102,139,104,112,152,56,50,69,52,52,70,51,52,70,52,60,82,301,0,301,남성사계시장
2016,1,R,전통시장,1001448,517,255,262,80,83,80,82,80,112,42,45,40,42,38,48,38,38,40,40,42,64,248,0,248,흑석시장
2016,1,R,전통시장,1001447,2005,989,1016,326,291,371,321,306,390,170,147,193,162,146,171,156,144,178,159,160,219,851,0,851,상도4동도깨비골목시장
2016,1,R,전통시장,1001446,148,72,76,24,22,27,24,22,29,12,11,14,12,10,13,12,11,13,12,12,16,62,0,62,성대시장
2016,1,R,전통시장,1001445,12,6,6,2,2,2,2,2,2,1,1,1,1,1,1,1,1,1,1,1,1,6,0,6,영도시장
2016,1,R,전통시장,1001444,1447,714,733,243,282,255,216,198,253,125,147,127,111,91,113,118,135,128,105,107,140,635,8,627,상도전통시장
2016,1,R,전통시장,1001443,158,78,80,27,31,28,23,22,27,14,16,14,12,10,12,13,15,14,11,12,15,70,0,70,강남시장_동작
2016,1,R,전통시장,1001442,5,3,2,0,1,0,0,2,2,0,1,0,0,1,1,0,0,0,0,1,1,3,0,3,신노량진시장
2016,1,R,전통시장,1001441,495,248,247,76,82,83,74,78,102,40,44,44,38,37,45,36,38,39,36,41,57,212,0,212,본동인정시장
2016,1,R,전통시장,1001440,324,159,165,50,54,54,48,51,67,26,28,28,24,24,29,24,26,26,24,27,38,136,0,136,노량진중앙시장
2016,1,R,전통시장,1001439,550,273,277,70,70,82,92,101,135,37,35,44,46,50,61,33,35,38,46,51,74,279,0,279,대림중앙시장
2016,1,R,전통시장,1001438,425,214,211,60,57,59,68,81,100,32,31,32,34,40,45,28,26,27,34,41,55,196,0,196,우리시장
2016,1,R,전통시장,1001437,179,89,90,27,26,30,28,31,37,14,13,16,14,15,17,13,13,14,14,16,20,78,0,78,영진시장A동
2016,1,R,전통시장,1001436,65,32,33,10,8,10,12,12,13,5,4,5,6,6,6,5,4,5,6,6,7,26,0,26,사러가시장
2016,1,R,전통시장,1001435,156,78,78,20,26,24,25,26,35,10,13,14,13,13,15,10,13,10,12,13,20,79,0,79,대신시장
2016,1,R,전통시장,1001434,91,46,45,15,13,21,14,12,16,8,6,11,8,6,7,7,7,10,6,6,9,42,0,42,양남시장
2016,1,R,전통시장,1001433,938,475,463,176,117,189,158,127,171,93,55,93,85,67,82,83,62,96,73,60,89,445,125,320,영일시장
2016,1,R,전통시장,1001432,51,26,25,7,8,10,8,8,10,4,4,5,4,4,5,3,4,5,4,4,5,28,0,28,도림시장
2016,1,R,전통시장,1001431,410,203,207,57,63,84,63,62,81,28,30,44,34,30,37,29,33,40,29,32,44,196,0,196,영등포청과시장
2016,1,R,전통시장,1001430,1987,1129,858,187,370,393,289,338,410,103,176,226,185,216,223,84,194,167,104,122,187,1288,60,1228,영등포전통시장
2016,1,R,전통시장,1001429,449,223,226,73,57,60,76,80,103,37,30,32,38,41,45,36,27,28,38,39,58,194,29,165,은행나무시장
2016,1,R,전통시장,1001428,123,62,61,20,15,18,19,23,28,10,8,10,10,11,13,10,7,8,9,12,15,50,19,31,박미시장
2016,1,R,전통시장,1001427,3473,1752,1721,582,465,569,571,598,688,305,245,294,292,294,322,277,220,275,279,304,366,1467,98,1369,현대시장
2016,1,R,전통시장,1001426,14,7,7,2,2,2,2,2,4,1,1,1,1,1,2,1,1,1,1,1,2,7,0,7,대명시장
2016,1,R,전통시장,1001425,43,21,22,6,6,6,8,8,9,3,3,3,4,4,4,3,3,3,4,4,5,19,19,0,푸른터시장
2016,1,R,전통시장,1001424,1767,894,873,247,250,261,299,350,360,126,130,141,151,178,168,121,120,120,148,172,192,824,0,824,남문시장
2016,1,R,전통시장,1001423,241,128,113,34,43,47,36,37,44,18,23,27,20,19,21,16,20,20,16,18,23,113,0,113,독산동 우시장
2016,1,R,전통시장,1001422,299,147,152,44,46,58,44,46,61,22,22,30,23,22,28,22,24,28,21,24,33,132,0,132,오류시장
2016,1,R,전통시장,1001421,427,211,216,76,53,77,63,68,90,39,27,39,32,31,43,37,26,38,31,37,47,161,0,161,개봉중앙시장
2016,1,R,전통시장,1001420,737,370,367,140,98,109,130,121,139,73,49,55,67,62,64,67,49,54,63,59,75,294,59,235,고척근린시장
2016,1,R,전통시장,1001419,192,106,86,18,21,23,37,44,49,9,12,14,22,27,22,9,9,9,15,17,27,116,0,116,가리봉시장
2016,1,R,전통시장,1001418,702,349,353,96,92,122,116,119,157,50,44,64,61,59,71,46,48,58,55,60,86,341,0,341,남구로시장
2016,1,R,전통시장,1001417,183,89,94,26,24,33,30,31,39,13,11,17,16,15,17,13,13,16,14,16,22,90,0,90,구로시장
2016,1,R,전통시장,1001416,25,12,13,4,4,4,4,4,5,2,2,2,2,2,2,2,2,2,2,2,3,11,0,11,공항시장
2016,1,R,전통시장,1001415,894,441,453,192,109,160,146,137,150,97,53,80,75,66,70,95,56,80,71,71,80,301,101,200,방신전통시장
2016,1,R,전통시장,1001414,1027,491,536,270,120,157,201,140,139,133,60,73,98,67,60,137,60,84,103,73,79,349,19,330,송화골목시장
2016,1,R,전통시장,1001413,1533,747,786,251,203,316,242,229,292,128,100,162,123,102,132,123,103,154,119,127,160,673,24,649,까치산시장
2016,1,R,전통시장,1001412,492,239,253,89,69,104,81,70,79,45,34,53,41,32,34,44,35,51,40,38,45,213,0,213,화곡본동시장
2016,1,R,전통시장,1001411,2178,1078,1100,346,296,400,356,360,420,180,154,207,178,166,193,166,142,193,178,194,227,934,60,874,남부골목시장
2016,1,R,전통시장,1001409,1431,710,721,194,226,310,208,227,266,98,110,166,106,106,124,96,116,144,102,121,142,691,0,691,화곡중앙골목시장
2016,1,R,전통시장,1001408,127,62,65,21,19,19,19,23,26,11,10,10,9,11,11,10,9,9,10,12,15,52,0,52,신월중앙시장
2016,1,R,전통시장,1001406,597,295,302,129,73,91,113,93,98,67,38,45,55,46,44,62,35,46,58,47,54,225,0,225,신정3동골목시장
2016,1,R,전통시장,1001405,862,427,435,203,119,86,177,154,123,108,60,39,82,81,57,95,59,47,95,73,66,296,0,296,신정2동골목시장
2016,1,R,전통시장,1001404,38,19,19,10,4,4,8,6,6,5,2,2,4,3,3,5,2,2,4,3,3,13,0,13,신정제일시장
2016,1,R,전통시장,1001403,232,114,118,40,30,38,37,40,47,20,15,20,19,19,21,20,15,18,18,21,26,98,20,78,신월7동골목시장
2016,1,R,전통시장,1001402,149,77,72,24,21,19,25,28,32,13,11,11,13,14,15,11,10,8,12,14,17,71,0,71,신월6동골목시장
2016,1,R,전통시장,1001401,247,125,122,41,34,32,40,48,52,22,18,17,20,23,25,19,16,15,20,25,27,117,0,117,신곡종합시장
2016,1,R,전통시장,1001400,655,342,313,106,95,100,111,118,125,55,51,55,61,63,57,51,44,45,50,55,68,292,0,292,신월3동골목시장
2016,1,R,전통시장,1001399,287,142,145,52,37,48,46,49,55,27,19,24,23,23,26,25,18,24,23,26,29,113,43,70,경창시장
2016,1,R,전통시장,1001398,1896,981,915,291,253,297,314,357,384,149,133,165,165,187,182,142,120,132,149,170,202,870,0,870,월정로시장
2016,1,R,전통시장,1001397,1156,598,558,177,153,181,191,219,235,91,82,100,100,114,111,86,71,81,91,105,124,530,10,520,신영시장
2016,1,R,전통시장,1001396,1256,624,632,295,177,148,264,203,169,161,94,70,120,104,75,134,83,78,144,99,94,457,57,400,목4동시장
2016,1,R,전통시장,1001395,974,475,499,159,154,173,151,166,171,86,77,87,71,77,77,73,77,86,80,89,94,416,166,250,목3동시장
2016,1,R,전통시장,1001394,810,399,411,145,130,146,132,133,124,77,65,74,62,65,56,68,65,72,70,68,68,315,53,262,목2동시장
2016,1,R,전통시장,1001392,48,23,25,6,9,10,8,6,9,3,4,5,4,3,4,3,5,5,4,3,5,24,0,24,동진시장
2016,1,R,전통시장,1001391,758,365,393,139,102,138,138,104,137,70,48,67,69,50,61,69,54,71,69,54,76,306,0,306,망원월드컵시장
2016,1,R,전통시장,1001390,1245,601,644,187,183,247,212,180,236,97,86,122,109,85,102,90,97,125,103,95,134,565,14,551,망원시장
2016,1,R,전통시장,1001389,83,40,43,13,15,18,12,11,14,7,7,9,6,5,6,6,8,9,6,6,8,40,0,40,합정시장
2016,1,R,전통시장,1001388,199,92,107,22,42,46,31,24,34,11,18,22,15,11,15,11,24,24,16,13,19,113,0,113,영진시장
2016,1,R,전통시장,1001386,111,55,56,20,15,20,20,16,20,10,8,10,10,8,9,10,7,10,10,8,11,46,0,46,신수시장
2016,1,R,전통시장,1001385,258,125,133,43,37,52,40,42,44,21,18,26,20,21,19,22,19,26,20,21,25,355,0,355,아현시장
2016,1,R,전통시장,1001384,0,0,0,0,0,0,0,0,0,0,0,0,0,0,0,0,0,0,0,0,0,7,0,7,마포시장
2016,1,R,전통시장,1001382,148,73,75,23,21,21,26,24,33,12,11,11,13,12,14,11,10,10,13,12,19,64,64,0,백련시장
2016,1,R,전통시장,1001381,169,83,86,40,18,33,30,22,26,20,9,15,16,11,12,20,9,18,14,11,14,24,0,24,모래내시장
2016,1,R,전통시장,1001380,734,362,372,122,97,96,122,127,170,61,51,50,61,65,74,61,46,46,61,62,96,313,0,313,포방터시장
2016,1,R,전통시장,1001379,279,138,141,44,35,38,48,46,68,23,18,21,24,23,29,21,17,17,24,23,39,119,0,119,인왕시장
2016,1,R,전통시장,1001378,395,191,204,58,60,65,68,64,80,28,30,34,34,32,33,30,30,31,34,32,47,135,0,135,아현가구거리상점가
2016,1,R,전통시장,1001377,787,381,406,146,97,121,139,121,163,75,51,58,70,60,67,71,46,63,69,61,96,345,10,335,영천시장
2016,1,R,전통시장,1001376,111,56,55,17,15,17,17,20,25,9,8,9,9,10,11,8,7,8,8,10,14,55,0,55,수일시장
2016,1,R,전통시장,1001375,143,71,72,23,19,22,24,23,32,12,10,11,12,11,15,11,9,11,12,12,17,58,0,58,증산종합시장
2016,1,R,전통시장,1001374,530,260,270,78,72,79,88,88,125,40,38,41,46,42,53,38,34,38,42,46,72,241,10,231,대림골목시장
2016,1,R,전통시장,1001373,371,184,187,75,41,64,68,53,70,40,21,32,35,26,30,35,20,32,33,27,40,194,18,176,신응암시장
2016,1,R,전통시장,1001372,42,19,23,8,6,7,7,6,8,4,3,3,3,3,3,4,3,4,4,3,5,22,0,22,녹번시장
2016,1,R,전통시장,1001369,76,37,39,12,11,11,13,13,16,6,6,6,6,6,7,6,5,5,7,7,9,33,0,33,갈현시장
2016,1,R,전통시장,1001368,183,92,91,26,26,27,30,32,42,14,14,15,15,15,19,12,12,12,15,17,23,86,69,17,연서시장
2016,1,R,전통시장,1001367,2189,1070,1119,374,314,284,384,376,457,193,161,147,184,183,202,181,153,137,200,193,255,856,0,856,상계중앙시장
2016,1,R,전통시장,1001366,14,7,7,2,2,2,2,2,4,1,1,1,1,1,2,1,1,1,1,1,2,6,0,6,상계시장
2016,1,R,전통시장,1001365,1602,782,820,260,267,272,246,261,296,131,133,141,124,120,133,129,134,131,122,141,163,706,48,658,공릉동도깨비시장
2016,1,R,전통시장,1001364,1322,672,650,213,175,173,229,238,294,113,97,95,117,117,133,100,78,78,112,121,161,567,0,567,방학동도깨비시장
2016,1,R,전통시장,1001363,782,383,399,117,110,128,126,129,172,61,54,66,64,60,78,56,56,62,62,69,94,339,0,339,쌍문역골목시장
2016,1,R,전통시장,1001362,513,251,262,88,68,70,85,88,114,45,34,36,42,42,52,43,34,34,43,46,62,209,0,209,백운시장
2016,1,R,전통시장,1001361,123,62,61,16,16,16,19,22,34,8,8,9,10,11,16,8,8,7,9,11,18,55,0,55,신도봉시장
2016,1,R,전통시장,1001360,903,452,451,154,117,126,158,154,194,81,62,67,79,77,86,73,55,59,79,77,108,388,0,388,창동골목시장
2016,1,R,전통시장,1001359,1843,907,936,329,253,300,311,307,343,168,128,150,153,150,158,161,125,150,158,157,185,783,112,671,창동신창시장
2016,1,R,전통시장,1001358,58,28,30,8,8,8,10,10,14,4,4,4,5,5,6,4,4,4,5,5,8,24,0,24,수유북부시장
2016,1,R,전통시장,1001357,1554,762,792,240,195,214,253,265,387,125,97,114,126,127,173,115,98,100,127,138,214,659,26,633,장미원골목시장
2016,1,R,전통시장,1001356,25,13,12,3,4,4,4,4,6,2,2,2,2,2,3,1,2,2,2,2,3,12,0,12,수유중앙시장
2016,1,R,전통시장,1001355,809,404,405,96,129,132,129,140,183,50,64,72,65,70,83,46,65,60,64,70,100,381,22,359,강북종합시장
2016,1,R,전통시장,1001354,1788,880,908,270,236,253,289,304,436,141,124,132,142,147,194,129,112,121,147,157,242,731,10,721,우이시장
2016,1,R,전통시장,1001353,526,266,260,78,73,79,84,92,120,40,38,44,44,45,55,38,35,35,40,47,65,230,79,151,수유전통시장
2016,1,R,전통시장,1001352,986,489,497,135,152,162,165,161,211,72,73,83,88,79,94,63,79,79,77,82,117,479,99,380,번동북부골목시장
2016,1,R,전통시장,1001351,400,195,205,101,40,63,83,54,59,52,20,30,42,26,25,49,20,33,41,28,34,136,0,136,솔샘시장
2016,1,R,전통시장,1001350,182,90,92,24,24,26,30,34,44,12,12,14,15,17,20,12,12,12,15,17,24,83,0,83,숭인시장
2016,1,R,전통시장,1001349,1505,733,772,211,207,220,248,262,357,108,102,116,124,124,159,103,105,104,124,138,198,700,0,700,방천골목시장
2016,1,R,전통시장,1001348,33,16,17,6,4,4,6,6,7,3,2,2,3,3,3,3,2,2,3,3,4,13,0,13,동북시장
2016,1,R,전통시장,1001347,2106,1058,1048,318,291,327,342,366,462,170,148,169,176,180,215,148,143,158,166,186,247,930,0,930,석관황금시장
2016,1,R,전통시장,1001346,151,76,75,23,21,23,25,26,33,12,11,12,13,13,15,11,10,11,12,13,18,67,0,67,석관시장
2016,1,R,전통시장,1001345,109,55,54,17,15,17,17,19,24,9,8,9,9,9,11,8,7,8,8,10,13,46,0,46,새석관시장
2016,1,R,전통시장,1001344,47,23,24,8,6,6,8,8,11,4,3,3,4,4,5,4,3,3,4,4,6,22,0,22,번동시장
2016,1,R,전통시장,1001343,1814,912,902,270,236,247,307,320,434,138,125,138,157,159,195,132,111,109,150,161,239,789,18,771,장위전통시장
2016,1,R,전통시장,1001342,147,71,76,30,16,23,27,21,30,15,8,11,14,10,13,15,8,12,13,11,17,55,0,55,밤나무골시장
2016,1,R,전통시장,1001341,88,42,46,23,9,16,18,10,12,12,4,7,9,5,5,11,5,9,9,5,7,33,0,33,길음시장
2016,1,R,전통시장,1001340,1364,676,688,210,215,194,215,214,316,107,118,105,107,102,137,103,97,89,108,112,179,612,12,600,정릉시장
2016,1,R,전통시장,1001339,411,201,210,76,51,62,69,65,88,40,26,31,34,30,40,36,25,31,35,35,48,170,9,161,정릉아리랑시장
2016,1,R,전통시장,1001338,158,78,80,26,26,26,28,22,30,14,12,14,14,10,14,12,14,12,14,12,16,77,0,77,돈암제일시장
2016,1,R,전통시장,1001337,83,41,42,13,12,12,14,15,17,6,6,6,7,8,8,7,6,6,7,7,9,38,0,38,유영시장
2016,1,R,전통시장,1001336,2458,1247,1211,364,349,367,390,468,520,185,180,200,200,239,243,179,169,167,190,229,277,1092,35,1057,우림골목시장
2016,1,R,전통시장,1001335,713,348,365,128,101,114,120,116,134,65,49,58,59,56,61,63,52,56,61,60,73,279,24,255,묵1동도깨비시장
2016,1,R,전통시장,1001334,742,383,359,91,105,110,121,151,164,48,55,60,64,79,77,43,50,50,57,72,87,370,103,267,태능시장
2016,1,R,전통시장,1001333,1965,999,966,263,279,312,320,374,417,138,140,167,169,190,195,125,139,145,151,184,222,924,0,924,중화제일시장
2016,1,R,전통시장,1001332,2040,1021,1019,292,296,317,338,371,426,149,151,169,175,183,194,143,145,148,163,188,232,915,54,861,사가정시장
2016,1,R,전통시장,1001331,1409,701,708,200,202,228,222,254,303,105,101,118,116,124,137,95,101,110,106,130,166,637,18,619,면목골목시장
2016,1,R,전통시장,1001330,2112,1055,1057,302,312,350,365,366,417,154,156,189,185,182,189,148,156,161,180,184,228,986,8,978,동원시장
2016,1,R,전통시장,1001329,1282,650,632,180,191,218,218,228,247,94,95,117,115,115,114,86,96,101,103,113,133,606,28,578,동부골목시장
2016,1,R,전통시장,1001327,222,111,111,27,45,35,34,34,47,14,22,19,18,17,21,13,23,16,16,17,26,121,0,121,이경시장
2016,1,R,전통시장,1001326,1113,538,575,162,277,192,150,135,197,79,135,99,75,65,85,83,142,93,75,70,112,602,311,291,회기시장
2016,1,R,전통시장,1001325,130,64,66,16,18,19,18,24,35,8,9,10,10,12,15,8,9,9,8,12,20,60,0,60,청량리청과물시장
2016,1,R,전통시장,1001324,311,158,153,60,37,54,55,47,58,32,19,27,29,24,27,28,18,27,26,23,31,128,0,128,전곡시장
2016,1,R,전통시장,1001323,493,240,253,84,64,74,85,82,104,42,33,37,43,39,46,42,31,37,42,43,58,186,0,186,답십리시장
2016,1,R,전통시장,1001321,621,306,315,106,81,96,105,103,130,53,42,48,53,50,60,53,39,48,52,53,70,238,0,238,답십리현대시장
2016,1,R,전통시장,1001320,31,16,15,4,4,4,5,6,8,2,2,2,3,3,4,2,2,2,2,3,4,18,0,18,전농로터리시장
2016,1,R,전통시장,1001319,234,120,114,31,36,36,34,38,59,16,20,20,18,19,27,15,16,16,16,19,32,115,0,115,청량리종합시장
2016,1,R,전통시장,1001318,131,66,65,16,21,21,18,22,33,8,11,11,10,11,15,8,10,10,8,11,18,64,0,64,청량리전통시장
2016,1,R,전통시장,1001317,216,111,105,28,34,33,31,35,55,14,19,18,17,18,25,14,15,15,14,17,30,107,20,87,청량리농수산물시장
2016,1,R,전통시장,1001316,1620,829,791,213,259,247,233,263,405,109,144,133,127,133,183,104,115,114,106,130,222,806,0,806,서울약령시장
2016,1,R,전통시장,1001313,416,213,203,50,66,70,64,70,96,26,34,38,34,36,45,24,32,32,30,34,51,219,0,219,청량리수산시장
2016,1,R,전통시장,1001310,21,10,11,4,2,4,4,3,4,2,1,2,2,1,2,2,1,2,2,2,2,8,0,8,구의시장
2016,1,R,전통시장,1001309,180,91,89,21,28,29,28,35,39,11,14,15,15,18,18,10,14,14,13,17,21,91,0,91,조양시장
2016,1,R,전통시장,1001308,1713,864,849,202,263,281,271,326,370,102,133,146,146,167,170,100,130,135,125,159,200,878,0,878,영동교골목시장
2016,1,R,전통시장,1001307,517,253,264,91,75,85,87,88,91,46,37,41,43,43,43,45,38,44,44,45,48,217,0,217,능동로골목시장
2016,1,R,전통시장,1001306,672,333,339,116,99,110,112,115,120,59,50,54,55,58,57,57,49,56,57,57,63,286,0,286,노룬산골목시장
2016,1,R,전통시장,1001305,52,26,26,9,8,10,8,8,9,5,4,5,4,4,4,4,4,5,4,4,5,21,0,21,자양종합시장
2016,1,R,전통시장,1001304,2239,1096,1143,324,381,411,368,360,395,169,183,208,184,175,177,155,198,203,184,185,218,1079,0,1079,자양골목시장
2016,1,R,전통시장,1001303,111,54,57,19,16,18,19,19,20,10,8,9,9,9,9,9,8,9,10,10,11,46,0,46,신성골목시장
2016,1,R,전통시장,1001302,558,280,278,83,84,94,95,99,103,43,44,50,47,49,47,40,40,44,48,50,56,258,0,258,면곡골목시장
2016,1,R,전통시장,1001301,1027,511,516,130,161,200,163,177,196,67,77,106,82,87,92,63,84,94,81,90,104,495,0,495,중곡제일시장
2016,1,R,전통시장,1001300,883,425,458,74,312,178,101,93,125,37,137,93,55,47,56,37,175,85,46,46,69,590,0,590,화양제일골목시장
2016,1,R,전통시장,1001299,95,46,49,8,34,19,11,10,13,4,15,10,6,5,6,4,19,9,5,5,7,63,0,63,한아름시장
2016,1,R,전통시장,1001298,1594,847,747,213,227,243,287,292,332,110,116,137,162,167,155,103,111,106,125,125,177,790,0,790,성동용답상가시장
2016,1,R,전통시장,1001297,396,207,189,55,59,63,67,76,76,29,32,33,36,41,36,26,27,30,31,35,40,183,0,183,뚝도시장
2016,1,R,전통시장,1001296,427,206,221,71,52,80,72,66,86,36,26,39,37,31,37,35,26,41,35,35,49,172,0,172,금남시장
2016,1,R,전통시장,1001295,1254,615,639,195,194,200,205,210,250,99,97,99,102,105,113,96,97,101,103,105,137,514,75,439,행당시장
2016,1,R,전통시장,1001294,729,362,367,118,125,110,117,120,139,61,63,55,58,61,64,57,62,55,59,59,75,314,0,314,마장축산물시장
2016,1,R,전통시장,1001293,13,6,7,2,2,2,2,2,3,1,1,1,1,1,1,1,1,1,1,1,2,7,0,7,보광시장
2016,1,R,전통시장,1001292,61,28,33,8,8,11,10,9,15,4,4,5,5,4,6,4,4,6,5,5,9,34,0,34,이태원제일시장
2016,1,R,전통시장,1001291,76,36,40,8,11,12,12,13,20,4,6,6,6,6,8,4,5,6,6,7,12,46,0,46,이태원시장
2016,1,R,전통시장,1001290,127,60,67,28,14,19,25,18,23,14,7,8,12,9,10,14,7,11,13,9,13,42,10,32,이촌종합시장
2016,1,R,전통시장,1001289,694,337,357,123,87,122,121,102,139,64,41,61,62,49,60,59,46,61,59,53,79,283,0,283,용문전통시장
2016,1,R,전통시장,1001288,51,24,27,7,10,8,8,8,10,4,4,4,4,4,4,3,6,4,4,4,6,27,0,27,만리시장
2016,1,R,전통시장,1001287,68,33,35,9,10,12,10,11,16,5,5,6,5,5,7,4,5,6,5,6,9,33,0,33,신흥시장
2016,1,R,전통시장,1001286,458,225,233,74,64,76,78,71,95,39,33,39,39,34,41,35,31,37,39,37,54,209,29,180,후암시장
2016,1,R,전통시장,1001285,2,1,1,0,0,0,0,0,2,0,0,0,0,0,1,0,0,0,0,0,1,4,0,4,합동(새벽)시장
2016,1,R,전통시장,1001284,1442,724,718,184,215,300,224,227,292,92,104,154,118,118,138,92,111,146,106,109,154,714,0,714,서울중앙시장
2016,1,R,전통시장,1001283,1031,511,520,164,138,161,182,176,210,84,71,81,95,90,90,80,67,80,87,86,120,462,0,462,백학시장
2016,1,R,전통시장,1001282,2789,1330,1459,418,349,464,442,460,656,210,175,224,226,215,280,208,174,240,216,245,376,1443,36,1407,약수시장
2016,1,R,전통시장,1001279,76,38,38,8,13,12,13,14,16,4,7,6,7,7,7,4,6,6,6,7,9,41,29,12,동평화시장
2016,1,R,전통시장,1001277,331,209,122,20,33,33,50,76,119,10,17,21,34,57,70,10,16,12,16,19,49,235,0,235,방산종합시장
2016,1,R,전통시장,1001275,164,87,77,15,21,24,23,33,48,7,11,13,14,18,24,8,10,11,9,15,24,96,0,96,인현시장
2016,1,R,전통시장,1001274,199,110,89,16,24,28,26,43,62,8,13,16,16,25,32,8,11,12,10,18,30,119,0,119,신중부시장
2016,1,R,전통시장,1001273,531,294,237,45,54,59,78,123,172,22,25,30,47,79,91,23,29,29,31,44,81,356,0,356,남대문시장
2016,1,R,전통시장,1001272,70,37,33,7,13,11,11,12,16,4,6,6,6,7,8,3,7,5,5,5,8,40,0,40,신설종합시장
2016,1,R,전통시장,1001271,850,436,414,85,152,142,130,147,194,44,70,75,71,80,96,41,82,67,59,67,98,475,224,251,동묘시장
2016,1,R,전통시장,1001270,330,174,156,40,41,40,58,68,83,21,22,23,31,37,40,19,19,17,27,31,43,179,0,179,창신골목시장
2016,1,R,전통시장,1001268,69,39,30,7,11,7,11,13,20,4,7,4,7,7,10,3,4,3,4,6,10,40,0,40,충신시장
2016,1,R,전통시장,1001267,156,87,69,18,26,19,25,28,40,11,15,11,14,16,20,7,11,8,11,12,20,93,0,93,종로신진시장
2016,1,R,전통시장,1001265,3,2,1,0,0,0,0,1,2,0,0,0,0,1,1,0,0,0,0,0,1,3,0,3,광장시장
2016,1,R,전통시장,1001264,671,316,355,131,85,102,124,95,134,70,43,45,55,47,56,61,42,57,69,48,78,276,0,276,통인시장
2016,1,D,발달상권,1001263,784,388,396,136,124,99,138,144,143,70,62,51,66,71,68,66,62,48,72,73,75,306,14,292,서울 노원구 노원역_3
2016,1,D,발달상권,1001262,576,270,306,120,77,95,107,87,90,60,38,44,51,39,38,60,39,51,56,48,52,230,0,230,서울 노원구 노원역_2
2016,1,D,발달상권,1001261,926,433,493,193,122,153,172,140,146,97,58,72,80,64,62,96,64,81,92,76,84,371,264,107,서울 노원구 노원역_1
2016,1,D,발달상권,1001260,2799,1358,1441,575,383,383,520,471,467,296,196,186,242,228,210,279,187,197,278,243,257,1073,120,953,창동역
2016,1,D,발달상권,1001259,549,274,275,66,86,91,86,95,125,34,42,50,44,47,57,32,44,41,42,48,68,261,14,247,서울 강북구 수유역_3
2016,1,D,발달상권,1001257,1430,712,718,169,226,237,228,245,325,87,113,129,116,120,147,82,113,108,112,125,178,683,162,521,서울 강북구 수유역_2
2016,1,D,발달상권,1001256,746,371,375,102,114,126,124,122,158,53,55,65,66,61,71,49,59,61,58,61,87,364,159,205,서울 강북구 수유역_1
2016,1,D,발달상권,1001255,49,25,24,7,7,7,8,9,11,4,4,4,4,4,5,3,3,3,4,5,6,23,0,23,서울 은평구 연신내역_3
2016,1,D,발달상권,1001254,844,407,437,153,118,132,149,133,159,77,59,69,70,63,69,76,59,63,79,70,90,344,39,305,서울 은평구 연신내역_2
2016,1,D,발달상권,1001253,141,67,74,22,21,24,24,21,29,11,10,12,12,10,12,11,11,12,12,11,17,64,54,10,서울 은평구 연신내역_1
2016,1,D,발달상권,1001252,789,389,400,125,102,117,131,136,178,65,52,60,66,66,80,60,50,57,65,70,98,292,0,292,서울 성북구 미아삼거리역_2
2016,1,D,발달상권,1001251,408,198,210,56,56,60,68,71,97,28,28,32,34,34,42,28,28,28,34,37,55,189,0,189,서울 강북구 미아삼거리역_1
2016,1,D,발달상권,1001249,1826,875,951,306,240,304,305,293,378,156,117,150,151,137,164,150,123,154,154,156,214,754,36,718,서울 은평구 불광역_2
2016,1,D,발달상권,1001248,656,314,342,98,99,115,108,101,135,48,46,58,54,48,60,50,53,57,54,53,75,301,71,230,서울 은평구 불광역_1
2016,1,D,발달상권,1001247,152,75,77,25,20,23,26,25,33,13,10,12,13,12,15,12,10,11,13,13,18,49,0,49,미아사거리_2
2016,1,D,발달상권,1001246,707,343,364,145,77,110,131,105,139,72,38,52,69,50,62,73,39,58,62,55,77,266,190,76,미아사거리_1
2016,1,D,발달상권,1001245,905,401,504,124,215,163,137,109,157,60,77,77,69,51,67,64,138,86,68,58,90,498,49,449,서울 성북구 성신여대입구역
2016,1,D,발달상권,1001244,627,302,325,92,158,108,83,75,111,44,76,55,42,37,48,48,82,53,41,38,63,340,22,318,경희대학교
2016,1,D,발달상권,1001243,469,241,228,58,129,71,66,65,80,31,68,40,34,32,36,27,61,31,32,33,44,259,16,243,서울 성북구 안암역
2016,1,D,발달상권,1001242,844,411,433,129,201,120,127,109,158,62,107,61,61,52,68,67,94,59,66,57,90,435,0,435,혜화역 대학로_3
2016,1,D,발달상권,1001241,839,408,431,127,201,121,126,109,155,62,107,61,61,52,65,65,94,60,65,57,90,434,0,434,혜화역 대학로_2
2016,1,D,발달상권,1001240,563,269,294,73,117,99,85,80,109,36,54,50,41,40,48,37,63,49,44,40,61,288,0,288,혜화역 대학로_1
2016,1,D,발달상권,1001239,195,94,101,49,23,31,40,24,28,25,11,14,20,12,12,24,12,17,20,12,16,72,72,0,디지털미디어시티
2016,1,D,발달상권,1001238,2189,1097,1092,289,283,297,323,396,601,149,149,158,171,199,271,140,134,139,152,197,330,1037,754,283,서울 동대문구 청량리역
2016,1,D,발달상권,1001237,331,153,178,53,42,51,56,52,77,28,19,23,25,24,34,25,23,28,31,28,43,217,0,217,서울 종로구 경복궁역_2
2016,1,D,발달상권,1001236,125,59,66,18,14,18,18,21,36,9,7,9,9,9,16,9,7,9,9,12,20,76,0,76,서울 종로구 안국역_2
2016,1,D,발달상권,1001235,72,33,39,10,8,11,14,11,18,5,4,5,7,5,7,5,4,6,7,6,11,35,0,35,서울 종로구 안국역_1
2016,1,D,발달상권,1001234,516,238,278,84,65,79,88,79,121,43,29,36,41,36,53,41,36,43,47,43,68,332,0,332,서울 종로구 경복궁역_1
2016,1,D,발달상권,1001233,546,318,228,44,68,65,81,112,176,20,36,38,52,74,98,24,32,27,29,38,78,377,0,377,서울 종로구 종로3가역_3
2016,1,D,발달상권,1001232,1595,930,665,132,203,188,229,325,518,61,105,111,149,215,289,71,98,77,80,110,229,1071,0,1071,서울 종로구 종로3가역_2
2016,1,D,발달상권,1001231,151,79,72,18,24,25,24,25,35,9,13,14,13,13,17,9,11,11,11,12,18,80,27,53,서울 동대문구 신설동역_2
2016,1,D,발달상권,1001230,444,260,184,37,55,51,64,92,145,17,29,31,41,62,80,20,26,20,23,30,65,311,149,162,인사동
2016,1,D,발달상권,1001229,540,314,226,45,68,64,79,110,174,21,35,38,51,72,97,24,33,26,28,38,77,375,0,375,서울 종로구 종로5가역_4
2016,1,D,발달상권,1001228,340,190,150,38,60,40,55,62,85,22,35,24,32,35,42,16,25,16,23,27,43,205,0,205,서울 종로구 종로5가역_3
2016,1,D,발달상권,1001227,286,164,122,23,36,34,41,58,94,10,19,19,26,39,51,13,17,15,15,19,43,196,54,142,종로구청
2016,1,D,발달상권,1001226,1232,679,553,126,195,159,191,227,334,65,102,90,111,138,173,61,93,69,80,89,161,728,303,425,서울 종로구 종로5가역_2
2016,1,D,발달상권,1001225,601,308,293,60,110,99,93,102,137,31,50,53,51,56,67,29,60,46,42,46,70,343,74,269,신설동역
2016,1,D,발달상권,1001224,64,33,31,8,10,11,10,11,14,4,5,6,5,6,7,4,5,5,5,5,7,34,0,34,서울 동대문구 신설동역_1
2016,1,D,발달상권,1001223,1637,756,881,262,202,251,279,258,385,136,91,111,128,121,169,126,111,140,151,137,216,799,593,206,서울 종로구 광화문역_2
2016,1,D,발달상권,1001222,643,345,298,73,80,79,106,135,170,38,43,45,56,76,87,35,37,34,50,59,83,377,240,137,동묘앞역
2016,1,D,발달상권,1001221,2549,1283,1266,451,323,454,435,401,485,233,165,229,229,198,229,218,158,225,206,203,256,1052,837,215,장안동사거리
2016,1,D,발달상권,1001220,977,524,453,112,119,121,160,205,260,58,65,68,84,117,132,54,54,53,76,88,128,573,0,573,서울 종로구 동대문역_2
2016,1,D,발달상권,1001219,129,65,64,17,18,16,24,25,29,9,9,9,12,13,13,8,9,7,12,12,16,60,0,60,서울 종로구 동대문역_1
2016,1,D,발달상권,1001218,6,4,2,0,1,0,1,2,2,0,1,0,1,1,1,0,0,0,0,1,1,4,0,4,동대문시장_2
2016,1,D,발달상권,1001217,6,4,2,0,1,0,1,2,2,0,1,0,1,1,1,0,0,0,0,1,1,4,0,4,서울 종로구 종로5가역_1
2016,1,D,발달상권,1001216,203,118,85,16,25,24,29,42,67,7,13,14,19,28,37,9,12,10,10,14,30,143,0,143,서울 종로구 종로3가역_1
2016,1,D,발달상권,1001213,47,28,19,4,5,5,6,10,17,2,3,3,4,7,9,2,2,2,2,3,8,34,28,6,종각역 젊음의 거리
2016,1,D,발달상권,1001212,334,161,173,49,41,48,61,52,83,25,20,24,31,27,34,24,21,24,30,25,49,203,0,203,서대문구 서대문역_1
2016,1,D,발달상권,1001211,5,3,2,0,0,0,1,2,2,0,0,0,1,1,1,0,0,0,0,1,1,4,0,4,동대문시장_1
2016,1,D,발달상권,1001210,79,45,34,11,7,18,15,14,14,5,4,11,10,8,7,6,3,7,5,6,7,47,0,47,시청역_2
2016,1,D,발달상권,1001209,46,19,27,4,4,6,8,9,15,2,2,3,3,4,5,2,2,3,5,5,10,19,0,19,서울시청
2016,1,D,발달상권,1001208,627,390,237,43,62,70,91,142,219,21,33,43,62,103,128,22,29,27,29,39,91,437,133,304,서울 중구 을지로3가역_2
2016,1,D,발달상권,1001207,350,181,169,37,56,53,63,65,76,19,29,28,35,35,35,18,27,25,28,30,41,188,150,38,서울 중구 신당역_2
2016,1,D,발달상권,1001206,970,473,497,169,126,147,169,155,204,87,65,72,87,77,85,82,61,75,82,78,119,441,176,265,서대문구 서대문역_2
2016,1,D,발달상권,1001205,366,196,170,33,45,52,50,75,111,16,24,28,30,42,56,17,21,24,20,33,55,206,0,206,동대문역사문화공원역
2016,1,D,발달상권,1001204,137,85,52,8,11,14,18,34,52,4,6,9,13,24,29,4,5,5,5,10,23,98,0,98,서울 중구 을지로3가역_1
2016,1,D,발달상권,1001203,56,23,33,6,6,7,10,10,17,3,3,3,4,4,6,3,3,4,6,6,11,28,0,28,명동거리
2016,1,D,발달상권,1001202,100,54,46,15,10,22,17,18,18,7,5,12,10,10,10,8,5,10,7,8,8,57,0,57,롯데백화점
2016,1,D,발달상권,1001201,787,392,395,124,102,121,141,136,163,63,53,62,73,71,70,61,49,59,68,65,93,358,37,321,서울 중구 신당역_1
2016,1,D,발달상권,1001200,186,98,88,29,20,39,32,32,34,14,10,22,18,17,17,15,10,17,14,15,17,104,0,104,북창동
2016,1,D,발달상권,1001199,619,341,278,57,72,83,86,129,192,28,37,46,53,77,100,29,35,37,33,52,92,359,180,179,서울 중구 충무로역_2
2016,1,D,발달상권,1001198,1829,934,895,260,283,329,287,304,366,135,141,180,156,151,171,125,142,149,131,153,195,904,55,849,서울 강서구 송정역
2016,1,D,발달상권,1001197,989,499,490,161,133,183,161,161,190,83,68,94,85,78,91,78,65,89,76,83,99,409,58,351,장한평역_2
2016,1,D,발달상권,1001196,376,204,172,54,39,83,67,64,69,26,20,48,39,36,35,28,19,35,28,28,34,218,78,140,시청역_1
2016,1,D,발달상권,1001195,642,313,329,105,101,112,104,105,115,52,49,56,52,53,51,53,52,56,52,52,64,215,0,215,왕십리역_2
2016,1,D,발달상권,1001194,490,235,255,79,75,73,72,88,103,41,39,37,34,41,43,38,36,36,38,47,60,202,0,202,서울 강서구 발산역
2016,1,D,발달상권,1001193,129,65,64,22,16,24,21,22,24,11,8,12,11,11,12,11,8,12,10,11,12,53,21,32,장한평역_1
2016,1,D,발달상권,1001192,584,298,286,72,90,93,83,96,150,36,48,51,47,48,68,36,42,42,36,48,82,317,0,317,서울 중구 충무로역_1
2016,1,D,발달상권,1001190,190,103,87,25,27,30,34,34,40,13,14,17,20,20,19,12,13,13,14,14,21,94,75,19,장한평역
2016,1,D,발달상권,1001189,625,269,356,54,66,86,110,123,186,25,33,39,49,53,70,29,33,47,61,70,116,301,14,287,서울 중구 명동역
2016,1,D,발달상권,1001188,229,118,111,29,56,37,33,28,46,15,31,20,17,14,21,14,25,17,16,14,25,123,96,27,장충동 족발거리
2016,1,D,발달상권,1001187,340,178,162,45,109,50,41,40,55,21,64,28,21,19,25,24,45,22,20,21,30,184,0,184,한양시장
2016,1,D,발달상권,1001186,889,414,475,113,281,158,106,96,135,60,116,80,53,45,60,53,165,78,53,51,75,542,74,468,서울 서대문구 이대역
2016,1,D,발달상권,1001185,1452,677,775,186,462,256,176,153,219,98,193,128,88,74,96,88,269,128,88,79,123,883,0,883,서울 서대문구 신촌역
2016,1,D,발달상권,1001184,43,20,23,6,8,10,6,6,7,3,3,5,3,3,3,3,5,5,3,3,4,25,0,25,서울 마포구 홍대입구역_3
2016,1,D,발달상권,1001183,668,310,358,73,138,155,105,82,115,36,59,73,51,40,51,37,79,82,54,42,64,380,0,380,서울 마포구 홍대입구역_2
2016,1,D,발달상권,1001182,7397,3437,3960,913,1490,1653,1175,928,1238,454,650,777,569,446,541,459,840,876,606,482,697,4190,160,4030,홍익대학교 주변
2016,1,D,발달상권,1001181,1867,913,954,242,369,402,270,267,317,127,171,204,138,128,145,115,198,198,132,139,172,945,34,911,서울 광진구 군자역
2016,1,D,발달상권,1001180,785,377,408,87,174,148,122,105,149,44,79,73,63,53,65,43,95,75,59,52,84,478,67,411,신촌역
2016,1,D,발달상권,1001179,3479,1718,1761,565,520,653,534,592,615,303,250,338,265,278,284,262,270,315,269,314,331,1460,365,1095,강서구청
2016,1,D,발달상권,1001178,647,296,351,72,133,150,103,80,109,36,56,70,49,37,48,36,77,80,54,43,61,372,34,338,서울 마포구 홍대입구역_1
2016,1,D,발달상권,1001177,13,6,7,2,2,2,2,2,3,1,1,1,1,1,1,1,1,1,1,1,2,7,0,7,서울 중구 약수역_2
2016,1,D,발달상권,1001176,107,52,55,16,14,18,17,17,25,8,7,9,9,8,11,8,7,9,8,9,14,55,0,55,서울 중구 약수역_1
2016,1,D,발달상권,1001175,2655,1327,1328,581,399,281,470,495,429,317,221,129,213,239,208,264,178,152,257,256,221,851,608,243,서울 강동구 고덕역
2016,1,D,발달상권,1001174,954,466,488,154,151,168,150,163,168,83,77,85,71,75,75,71,74,83,79,88,93,404,94,310,등촌역
2016,1,D,발달상권,1001173,1659,811,848,349,226,232,298,275,279,185,115,111,141,131,128,164,111,121,157,144,151,668,211,457,서울 강동구 명일역
2016,1,D,발달상권,1001172,633,311,322,69,171,127,84,82,100,35,79,66,45,41,45,34,92,61,39,41,55,364,90,274,어린이대공원역
2016,1,D,발달상권,1001169,888,543,345,70,112,128,157,188,233,38,58,74,106,128,139,32,54,54,51,60,94,575,0,575,서울 용산구 숙대입구역
2016,1,D,발달상권,1001168,11,6,5,0,2,2,2,2,3,0,1,1,1,1,2,0,1,1,1,1,1,7,0,7,남영역
2016,1,D,발달상권,1001166,4497,2158,2339,924,521,860,864,609,719,465,246,403,439,299,306,459,275,457,425,310,413,1829,971,858,서울 마포구 마포역_2
2016,1,D,발달상권,1001165,2698,1300,1398,224,953,549,308,285,379,110,420,288,168,145,169,114,533,261,140,140,210,1830,19,1811,서울 광진구 건대입구역_2
2016,1,D,발달상권,1001164,746,355,391,122,104,132,120,116,152,63,49,63,59,56,65,59,55,69,61,60,87,294,0,294,서울 마포구 마포역_1
2016,1,D,발달상권,1001163,1674,847,827,223,234,302,259,302,354,116,115,161,139,149,167,107,119,141,120,153,187,809,500,309,서울 강동구 천호역_2
2016,1,D,발달상권,1001162,1985,1002,983,233,305,328,314,378,427,118,154,171,168,194,197,115,151,157,146,184,230,1005,0,1005,서울 광진구 건대입구역_1
2016,1,D,발달상권,1001160,2023,971,1052,271,370,417,329,299,337,137,170,209,165,140,150,134,200,208,164,159,187,1016,57,959,서울 광진구 구의역
2016,1,D,발달상권,1001159,263,130,133,38,37,46,42,46,54,19,19,24,21,22,25,19,18,22,21,24,29,117,0,117,서울 강동구 천호역
2016,1,D,발달상권,1001158,1096,519,577,174,208,238,156,149,171,87,88,116,78,71,79,87,120,122,78,78,92,516,103,413,당산역_2
2016,1,D,발달상권,1001157,331,165,166,44,48,64,50,58,67,23,24,34,26,27,31,21,24,30,24,31,36,159,0,159,서울 강동구 천호역_1
2016,1,D,발달상권,1001156,4468,2204,2264,714,675,818,696,761,804,377,331,416,348,353,379,337,344,402,348,408,425,1821,1361,460,서울 강동구 길동역
2016,1,D,발달상권,1001155,954,473,481,146,138,204,150,139,177,77,63,101,80,69,83,69,75,103,70,70,94,461,0,461,용산 전자상가_5
2016,1,D,발달상권,1001154,311,150,161,54,41,59,53,46,58,26,19,29,27,23,26,28,22,30,26,23,32,136,0,136,용산 전자상가_4
2016,1,D,발달상권,1001153,1466,715,751,247,259,311,225,203,221,126,115,157,114,100,103,121,144,154,111,103,118,655,109,546,당산역_1
2016,1,D,발달상권,1001152,140,67,73,26,22,23,24,23,22,13,11,11,11,11,10,13,11,12,13,12,12,54,54,0,서울 광진구 강변역
2016,1,D,발달상권,1001151,512,249,263,78,72,102,81,78,101,39,34,51,41,38,46,39,38,51,40,40,55,243,69,174,용산 전자상가_3
2016,1,D,발달상권,1001150,1197,565,632,127,167,200,187,205,311,66,87,100,93,99,120,61,80,100,94,106,191,715,47,668,서울 용산구 이태원역
2016,1,D,발달상권,1001149,435,209,226,54,58,87,71,69,96,28,28,43,35,33,42,26,30,44,36,36,54,236,0,236,한남오거리
2016,1,D,발달상권,1001147,114,57,57,13,16,20,17,20,28,7,8,10,9,10,13,6,8,10,8,10,15,59,56,3,용산 전자상가_2
2016,1,D,발달상권,1001146,200,94,106,21,29,34,30,34,52,11,15,17,15,16,20,10,14,17,15,18,32,121,0,121,용산구청
2016,1,D,발달상권,1001145,201,100,101,23,26,36,29,36,51,12,13,18,15,18,24,11,13,18,14,18,27,106,89,17,용산 전자상가_1
2016,1,D,발달상권,1001143,369,185,184,43,50,65,55,64,92,24,25,32,28,32,44,19,25,33,27,32,48,220,0,220,서울 용산구 신용산역
2016,1,D,발달상권,1001141,3306,1532,1774,672,394,507,615,434,684,333,182,221,288,206,302,339,212,286,327,228,382,1285,238,1047,압구정 로데오거리_2
2016,1,D,발달상권,1001140,3590,1664,1926,733,424,553,671,463,746,365,197,242,311,219,330,368,227,311,360,244,416,1398,57,1341,서울 강남구 압구정역
2016,1,D,발달상권,1001139,1077,531,546,146,165,223,164,163,216,71,77,117,89,77,100,75,88,106,75,86,116,521,0,521,서울 영등포구 영등포구청역
2016,1,D,발달상권,1001138,759,360,399,141,106,134,138,112,128,75,52,59,65,53,56,66,54,75,73,59,72,325,62,263,압구정 로데오거리_1
2016,1,D,발달상권,1001137,877,437,440,145,130,159,144,146,153,80,68,80,72,68,69,65,62,79,72,78,84,370,10,360,서울 강동구 둔촌동역
2016,1,D,발달상권,1001136,1059,511,548,286,127,129,238,157,122,144,60,55,112,81,59,142,67,74,126,76,63,367,224,143,오목교역
2016,1,D,발달상권,1001135,5627,2630,2997,1013,810,970,1035,745,1054,522,368,426,478,355,481,491,442,544,557,390,573,2441,189,2252,신사동 가로수길
2016,1,D,발달상권,1001133,204,96,108,39,29,36,36,30,34,20,14,16,17,14,15,19,15,20,19,16,19,89,34,55,청담사거리_3
2016,1,D,발달상권,1001132,628,311,317,87,97,130,95,95,124,43,46,68,51,46,57,44,51,62,44,49,67,303,0,303,영등포유통상가
2016,1,D,발달상권,1001131,443,209,234,82,63,79,78,66,75,43,30,35,36,31,34,39,33,44,42,35,41,177,177,0,청담역_2
2016,1,D,발달상권,1001130,161,76,85,29,23,29,28,24,28,15,11,13,13,11,13,14,12,16,15,13,15,66,46,20,청담역_1
2016,1,D,발달상권,1001129,300,142,158,56,43,53,53,45,50,29,21,24,24,21,23,27,22,29,29,24,27,122,94,28,청담사거리_2
2016,1,D,발달상권,1001128,700,332,368,131,99,126,125,102,117,69,48,56,58,48,53,62,51,70,67,54,64,290,191,99,청담사거리_1
2016,1,D,발달상권,1001127,1243,591,652,236,152,199,202,189,265,120,72,90,98,90,121,116,80,109,104,99,144,445,445,0,서울 영등포구 여의도역_1
2016,1,D,발달상권,1001126,364,179,185,57,52,69,57,59,70,29,25,36,28,28,33,28,27,33,29,31,37,161,12,149,서울 양천구 신정네거리역_2
2016,1,D,발달상권,1001125,441,209,232,82,64,77,78,65,75,43,31,34,36,31,34,39,33,43,42,34,41,181,114,67,학동사거리_2
2016,1,D,발달상권,1001124,1112,633,479,107,206,221,163,187,228,59,98,129,104,119,124,48,108,92,59,68,104,714,0,714,서울 영등포구 영등포시장역
2016,1,D,발달상권,1001123,548,257,291,83,82,121,93,72,97,43,36,54,44,35,45,40,46,67,49,37,52,262,44,218,학동사거리_1
2016,1,D,발달상권,1001122,550,262,288,102,68,88,90,84,118,52,32,40,44,40,54,50,36,48,46,44,64,196,196,0,여의도 시범아파트앞
2016,1,D,발달상권,1001121,602,344,258,56,112,120,86,103,125,30,54,70,56,66,68,26,58,50,30,37,57,387,162,225,영등포역_3
2016,1,D,발달상권,1001120,509,235,274,99,63,85,95,66,101,50,28,37,44,31,45,49,35,48,51,35,56,205,20,185,도산공원사거리_1
2016,1,D,발달상권,1001119,889,507,382,84,165,176,130,152,182,47,79,102,83,97,99,37,86,74,47,55,83,562,170,392,영등포역_2
2016,1,D,발달상권,1001118,207,102,105,43,23,42,36,26,37,22,11,20,19,13,17,21,12,22,17,13,20,80,80,0,문래동 주민센터
2016,1,D,발달상권,1001117,1022,473,549,95,200,285,159,128,155,48,86,130,80,59,70,47,114,155,79,69,85,597,0,597,강남구 신사역_2
2016,1,D,발달상권,1001116,206,118,88,20,39,41,30,34,42,11,19,24,19,22,23,9,20,17,11,12,19,128,88,40,영등포역_1
2016,1,D,발달상권,1001115,185,88,97,26,29,44,31,24,31,14,13,19,15,12,15,12,16,25,16,12,16,93,0,93,서울 강남구 강남구청역_2
2016,1,D,발달상권,1001114,1500,713,787,324,186,261,319,203,207,166,87,117,153,99,91,158,99,144,166,104,116,679,19,660,강남구 신사역_1
2016,1,D,발달상권,1001113,25,12,13,4,4,4,4,4,5,2,2,2,2,2,2,2,2,2,2,2,3,11,0,11,서울 동작구 노량진1동_1
2016,1,D,발달상권,1001112,172,81,91,25,28,41,27,23,28,13,12,19,13,11,13,12,16,22,14,12,15,88,0,88,서울 강남구 학동역_3
2016,1,D,발달상권,1001111,509,241,268,72,83,120,84,65,85,39,34,55,41,32,40,33,49,65,43,33,45,257,71,186,서울 강남구 강남구청역_1
2016,1,D,발달상권,1001110,3845,1827,2018,753,544,584,619,644,701,375,272,265,276,302,337,378,272,319,343,342,364,1324,944,380,잠실역
2016,1,D,발달상권,1001109,3204,1521,1683,693,399,560,681,433,438,355,186,250,326,211,193,338,213,310,355,222,245,1429,0,1429,강남구 논현역_4
2016,1,D,발달상권,1001108,674,311,363,60,133,189,105,85,102,30,57,86,53,39,46,30,76,103,52,46,56,394,266,128,학동역
2016,1,D,발달상권,1001107,3101,1514,1587,436,502,687,473,499,504,233,240,349,233,226,233,203,262,338,240,273,271,1446,0,1446,방이동 먹자골목
2016,1,D,발달상권,1001106,137,66,71,19,22,32,23,18,23,10,10,15,11,9,11,9,12,17,12,9,12,69,0,69,서울 강남구 학동역_2
2016,1,D,발달상권,1001105,1555,780,775,237,263,264,232,242,317,124,141,141,120,113,141,113,122,123,112,129,176,659,67,592,서울 동작구 노량진역
2016,1,D,발달상권,1001104,2,1,1,1,0,0,1,0,0,1,0,0,0,0,0,0,0,0,1,0,0,2,0,2,삼성역_3
2016,1,D,발달상권,1001102,1004,463,541,92,197,281,156,125,153,46,85,128,79,57,68,46,112,153,77,68,85,588,10,578,서울 강남구 학동역_1
2016,1,D,발달상권,1001101,1960,937,1023,409,253,400,405,228,265,222,119,168,195,114,119,187,134,232,210,114,146,864,53,811,선정릉역_2
2016,1,D,발달상권,1001100,115,53,62,12,21,32,18,15,17,6,9,14,9,7,8,6,12,18,9,8,9,66,0,66,강남구 논현역_3
2016,1,D,발달상권,1001099,668,334,334,123,100,107,113,107,118,72,52,51,51,52,56,51,48,56,62,55,62,299,33,266,포스코사거리_2
2016,1,D,발달상권,1001098,3565,1702,1863,739,461,732,737,416,480,402,215,308,355,208,214,337,246,424,382,208,266,1569,341,1228,포스코사거리_1
2016,1,D,발달상권,1001097,4145,1992,2153,917,514,647,720,616,731,475,250,285,344,285,353,442,264,362,376,331,378,1418,0,1418,잠실역 롯데월드
2016,1,D,발달상권,1001096,1114,547,567,191,173,222,176,166,186,97,80,110,90,82,88,94,93,112,86,84,98,472,472,0,신도림역
2016,1,D,발달상권,1001095,4258,1966,2292,388,845,1187,666,525,647,195,363,539,339,240,290,193,482,648,327,285,357,2501,258,2243,강남구 논현역_2
2016,1,D,발달상권,1001094,728,348,380,151,95,150,151,84,97,82,45,63,73,42,43,69,50,87,78,42,54,320,36,284,선정릉역_1
2016,1,D,발달상권,1001093,2644,1260,1384,391,446,574,432,403,398,198,209,278,210,190,175,193,237,296,222,213,223,1290,9,1281,신천역
2016,1,D,발달상권,1001092,4731,2266,2465,960,681,948,916,588,638,491,302,425,473,290,285,469,379,523,443,298,353,1989,51,1938,강남구 논현역_1
2016,1,D,발달상권,1001091,487,244,243,115,71,46,99,87,69,66,38,20,43,44,33,49,33,26,56,43,36,165,0,165,삼성역_2
2016,1,D,발달상권,1001090,728,340,388,101,119,171,121,94,122,53,51,76,59,45,56,48,68,95,62,49,66,367,0,367,삼정역_2
2016,1,D,발달상권,1001089,61,28,33,6,13,18,10,6,8,3,5,9,5,3,3,3,8,9,5,3,5,42,0,42,삼정역_1
2016,1,D,발달상권,1001088,4310,2181,2129,1014,637,414,871,769,605,582,343,190,376,397,293,432,294,224,495,372,312,1454,37,1417,삼성역_1
2016,1,D,발달상권,1001087,2051,979,1072,182,428,602,319,245,275,91,180,290,168,120,130,91,248,312,151,125,145,1367,28,1339,서울 강남구 선릉역_2
2016,1,D,발달상권,1001085,2983,1424,1559,270,625,869,465,358,396,135,263,417,247,177,185,135,362,452,218,181,211,1958,312,1646,서울 서초구 강남역
2016,1,D,발달상권,1001084,1666,793,873,346,217,341,342,196,224,188,100,142,165,98,100,158,117,199,177,98,124,734,418,316,서울 강남구 선릉역_1
2016,1,D,발달상권,1001083,444,213,231,65,74,99,66,68,72,33,34,48,32,32,34,32,40,51,34,36,38,198,14,184,서울 송파구 석촌역_2
2016,1,D,발달상권,1001082,4902,2315,2587,898,812,903,1024,688,577,480,387,387,460,346,255,418,425,516,564,342,322,2421,1069,1352,선릉역_2
2016,1,D,발달상권,1001081,872,417,455,78,181,256,136,105,116,39,76,124,72,51,55,39,105,132,64,54,61,574,63,511,서울 강남구 역삼역_2
2016,1,D,발달상권,1001080,245,117,128,36,41,54,36,38,40,18,19,26,17,18,19,18,22,28,19,20,21,111,0,111,서울 송파구 석촌역_1
2016,1,D,발달상권,1001078,2679,1305,1374,657,307,380,552,363,420,342,150,167,262,182,202,315,157,213,290,181,218,847,263,584,서울 강남구 강남역_2
2016,1,D,발달상권,1001077,1430,674,756,344,173,252,318,164,179,175,77,108,150,85,79,169,96,144,168,79,100,586,149,437,선릉역_1
2016,1,D,발달상권,1001076,330,161,169,51,55,66,51,50,57,26,25,33,26,25,26,25,30,33,25,25,31,137,0,137,구로역
2016,1,D,발달상권,1001075,309,145,164,76,38,54,69,34,38,39,17,23,32,17,17,37,21,31,37,17,21,124,0,124,역삼역_2
2016,1,D,발달상권,1001074,505,248,257,78,84,102,78,76,87,40,38,51,40,38,41,38,46,51,38,38,46,230,225,5,대림역_2
2016,1,D,발달상권,1001073,3269,1561,1708,292,683,961,508,392,433,146,288,464,269,191,203,146,395,497,239,201,230,2152,235,1917,서울 강남구 역삼역_1
2016,1,D,발달상권,1001072,1416,690,726,267,208,239,249,200,253,137,101,119,123,97,113,130,107,120,126,103,140,578,121,457,신대방삼거리역
2016,1,D,발달상권,1001071,1676,791,885,308,278,308,351,234,197,163,132,132,159,118,87,145,146,176,192,116,110,868,11,857,서울 강남구 한티역
2016,1,D,발달상권,1001070,525,265,260,122,79,51,106,93,74,70,42,23,45,49,36,52,37,28,61,44,38,177,83,94,은마아파트입구사거리_4
2016,1,D,발달상권,1001069,258,123,135,48,43,48,53,36,30,26,21,21,24,18,13,22,22,27,29,18,17,135,14,121,은마아파트입구사거리_3
2016,1,D,발달상권,1001068,127,64,63,29,19,12,26,23,18,17,10,5,11,12,9,12,9,7,15,11,9,43,0,43,은마아파트입구사거리_2
2016,1,D,발달상권,1001067,1447,711,736,213,223,282,208,222,299,105,106,147,109,106,138,108,117,135,99,116,161,640,488,152,오류동역
2016,1,D,발달상권,1001066,779,371,408,70,163,228,120,94,104,35,68,110,63,46,49,35,95,118,57,48,55,501,245,256,서울 강남구 강남역
2016,1,D,발달상권,1001065,226,113,113,68,26,18,55,33,26,38,13,7,24,18,13,30,13,11,31,15,13,48,0,48,은마아파트입구사거리_1
2016,1,D,발달상권,1001064,465,232,233,65,62,87,74,75,102,34,30,46,39,37,46,31,32,41,35,38,56,227,180,47,대림역_1
2016,1,D,발달상권,1001063,1943,945,998,479,221,277,400,263,303,249,108,121,189,132,146,230,113,156,211,131,157,609,346,263,교대역_4
2016,1,D,발달상권,1001062,1889,920,969,368,259,363,329,264,306,192,126,167,163,126,146,176,133,196,166,138,160,839,427,412,서울 강남구 강남역_1
2016,1,D,발달상권,1001061,2758,1289,1469,612,357,375,549,410,455,297,163,168,249,204,208,315,194,207,300,206,247,1004,505,499,방배동카페골목
2016,1,D,발달상권,1001059,193,94,99,32,31,31,32,31,36,17,15,15,15,15,17,15,16,16,17,16,19,81,0,81,교대역_3
2016,1,D,발달상권,1001058,2425,1158,1267,216,507,711,380,291,320,108,213,343,202,142,150,108,294,368,178,149,170,1579,223,1356,역삼역_1
2016,1,D,발달상권,1001057,1796,860,936,320,265,337,309,257,308,166,128,154,147,120,145,154,137,183,162,137,163,763,343,420,교대역_2
2016,1,D,발달상권,1001056,416,209,207,71,66,71,70,74,64,37,33,37,34,37,31,34,33,34,36,37,33,167,157,10,서울 송파구 가락시장역
2016,1,D,발달상권,1001055,218,108,110,37,34,35,35,35,42,21,17,17,16,17,20,16,17,18,19,18,22,91,0,91,서울 서초구 서초역
2016,1,D,발달상권,1001054,254,127,127,77,29,20,61,38,29,43,14,8,27,21,14,34,15,12,34,17,15,54,54,0,서울 강남구 대치역_2
2016,1,D,발달상권,1001053,657,328,329,199,75,52,158,97,76,111,37,21,69,53,37,88,38,31,89,44,39,140,140,0,서울 강남구 대치역_1
2016,1,D,발달상권,1001052,1131,540,591,102,235,331,177,135,151,51,99,159,94,66,71,51,136,172,83,69,80,730,332,398,뱅뱅사거리_2
2016,1,D,발달상권,1001051,2506,1231,1275,473,360,446,430,346,451,247,170,227,213,167,207,226,190,219,217,179,244,1051,927,124,보라매공원
2016,1,D,발달상권,1001050,2571,1273,1298,434,409,412,425,414,477,241,201,202,199,204,226,193,208,210,226,210,251,1061,30,1031,교대역_1
2016,1,D,발달상권,1001049,2662,1314,1348,474,333,468,413,424,550,242,170,240,208,194,260,232,163,228,205,230,290,1005,22,983,개봉동 현대아파트 인근
2016,1,D,발달상권,1001048,2399,1168,1231,467,327,464,416,336,389,244,160,212,206,160,186,223,167,252,210,176,203,869,597,272,뱅뱅사거리
2016,1,D,발달상권,1001047,1703,807,896,341,260,273,291,270,268,163,122,125,138,132,127,178,138,148,153,138,141,827,55,772,뱅뱅사거리_1
2016,1,D,발달상권,1001046,2907,1470,1437,185,981,785,336,265,355,94,447,443,192,132,162,91,534,342,144,133,193,2094,300,1794,서울 관악구 신림역_4
2016,1,D,발달상권,1001045,1474,716,758,219,210,287,215,233,310,115,102,141,108,108,142,104,108,146,107,125,168,616,31,585,동작구 총신대입구역_1
2016,1,D,발달상권,1001044,2268,1107,1161,440,311,436,392,320,369,229,153,201,194,153,177,211,158,235,198,167,192,1010,335,675,양재역_3
2016,1,D,발달상권,1001043,1946,903,1043,399,266,323,364,277,317,190,120,144,169,136,144,209,146,179,195,141,173,765,689,76,동작구 총신대입구역_2
2016,1,D,발달상권,1001042,859,411,448,154,126,162,147,122,148,80,61,74,70,57,69,74,65,88,77,65,79,365,56,309,서울 서초구 남부터미널역_3
2016,1,D,발달상권,1001041,2184,999,1185,226,272,426,228,378,654,113,138,227,115,160,246,113,134,199,113,218,408,1031,520,511,서울 강남구 수서역
2016,1,D,발달상권,1001040,1043,528,515,68,351,282,120,96,126,34,161,159,68,48,58,34,190,123,52,48,68,732,166,566,서울 관악구 신림역_3
2016,1,D,발달상권,1001039,3484,1719,1765,582,557,558,573,563,651,322,272,272,269,276,308,260,285,286,304,287,343,1446,462,984,서울 서초구 남부터미널역_2
2016,1,D,발달상권,1001038,2269,1146,1123,328,421,563,353,262,342,167,194,306,197,126,156,161,227,257,156,136,186,1035,0,1035,구로디지탈1단지
2016,1,D,발달상권,1001037,2281,1082,1199,456,352,366,387,360,360,218,165,169,183,175,172,238,187,197,204,185,188,1007,317,690,양재역
2016,1,D,발달상권,1001036,450,221,229,78,72,76,69,81,74,40,36,38,33,38,36,38,36,38,36,43,38,175,0,175,문정역
2016,1,D,발달상권,1001035,1707,796,911,407,218,223,334,259,266,191,100,95,149,129,132,216,118,128,185,130,134,542,15,527,매봉역
2016,1,D,발달상권,1001034,1252,599,653,208,187,249,202,178,228,111,87,117,96,81,107,97,100,132,106,97,121,520,146,374,서울 서초구 방배역
2016,1,D,발달상권,1001033,1025,492,533,183,151,192,175,148,176,95,73,88,84,69,83,88,78,104,91,79,93,433,352,81,서울 서초구 남부터미널역_1
2016,1,D,발달상권,1001032,1899,973,926,190,435,424,260,258,332,98,227,239,137,118,154,92,208,185,123,140,178,1031,84,947,서울 관악구 신림역_2
2016,1,D,발달상권,1001031,217,113,104,22,49,48,30,30,38,12,26,27,16,14,18,10,23,21,14,16,20,117,86,31,서울 관악구 신림역_1
2016,1,D,발달상권,1001030,1194,578,616,264,148,229,194,159,200,135,74,107,100,74,88,129,74,122,94,85,112,437,46,391,양재역_2
2016,1,D,발달상권,1001029,18,9,9,4,2,4,3,2,3,2,1,2,2,1,1,2,1,2,1,1,2,7,0,7,양재역_1
2016,1,D,발달상권,1001028,966,474,492,111,218,204,130,128,175,56,102,108,69,60,79,55,116,96,61,68,96,526,0,526,서울 관악구 서울대입구역_2
2016,1,D,발달상권,1001027,2482,1381,1101,246,532,547,353,401,403,123,273,341,212,224,208,123,259,206,141,177,195,1488,398,1090,가산디지털단지역_3
2016,1,D,발달상권,1001026,193,105,88,18,21,25,35,44,50,9,12,14,20,26,24,9,9,11,15,18,26,116,0,116,구로디지털단지역
2016,1,D,발달상권,1001025,3515,1747,1768,417,880,735,474,422,587,209,421,393,254,204,266,208,459,342,220,218,321,2022,855,1167,서울 관악구 서울대입구역_1
2016,1,D,발달상권,1001024,656,313,343,105,102,110,102,108,129,53,50,53,48,50,59,52,52,57,54,58,70,268,49,219,관악구 사당역_1
2016,1,D,발달상권,1001023,868,484,384,86,187,191,124,139,141,43,96,119,75,78,73,43,91,72,49,61,68,521,0,521,가산디지털단지역_2
2016,1,D,발달상권,1001022,1013,487,526,109,203,224,133,152,192,58,92,114,67,67,89,51,111,110,66,85,103,499,60,439,관악구 사당역_2
2016,1,D,발달상권,1001021,520,290,230,52,111,114,74,84,85,26,57,71,45,47,44,26,54,43,29,37,41,310,0,310,가산디지털단지역_1
2016,1,D,발달상권,1001019,161,79,82,29,25,27,29,27,24,15,13,14,13,13,11,14,12,13,16,14,13,79,0,79,포이사거리_1
2016,1,D,발달상권,1001018,2935,1468,1467,473,453,632,521,418,438,243,218,333,272,205,197,230,235,299,249,213,241,1469,0,1469,포이사거리_2
2016,1,D,발달상권,1001017,770,371,399,104,156,166,99,109,136,52,71,85,50,50,63,52,85,81,49,59,73,358,8,350,관악구 사당역_3
2016,1,D,발달상권,1001016,2549,1485,1064,259,621,546,385,333,405,136,381,353,249,175,191,123,240,193,136,158,214,1505,0,1505,서울 관악구 대학동_1
2016,1,D,발달상권,1001015,949,499,450,134,164,182,146,147,176,70,87,104,80,76,82,64,77,78,66,71,94,440,0,440,서울 금천구 독산1동_1
2016,1,D,발달상권,1001014,137,68,69,22,21,29,25,20,20,11,10,15,13,10,9,11,11,14,12,10,11,68,0,68,양재동 꽃시장
2016,1,D,발달상권,1001013,954,477,477,154,147,206,168,137,142,79,71,108,88,67,64,75,76,98,80,70,78,478,390,88,양재 화물트럭터미널앞_2
2016,1,D,발달상권,1001012,27,14,13,4,4,6,5,4,4,2,2,3,3,2,2,2,2,3,2,2,2,14,0,14,양재 화물트럭터미널앞_1
2016,1,D,발달상권,1001011,973,489,484,163,130,161,160,168,191,85,69,83,81,83,88,78,61,78,79,85,103,411,61,350,서울 금천구 시흥1동_4
2016,1,A,골목상권,1001010,2833,1409,1424,375,421,541,432,497,567,190,208,288,223,240,260,185,213,253,209,257,307,1339,12,1327,풍성로37가길
2016,1,A,골목상권,1001009,4088,2031,2057,541,608,780,618,716,825,274,298,418,319,345,377,267,310,362,299,371,448,1940,25,1915,천호옛길
2016,1,A,골목상권,1001008,2447,1216,1231,323,363,468,369,431,493,163,178,252,190,208,225,160,185,216,179,223,268,1166,67,1099,천호옛14길
2016,1,A,골목상권,1001007,1853,927,926,335,293,217,300,384,324,172,163,114,135,188,155,163,130,103,165,196,169,1062,0,1062,천호대로219길
2016,1,A,골목상권,1001006,3979,1961,2018,635,604,729,620,678,713,334,296,371,310,315,335,301,308,358,310,363,378,1620,607,1013,천호대로197길
2016,1,A,골목상권,1001005,3133,1545,1588,498,476,571,488,538,562,263,233,290,244,251,264,235,243,281,244,287,298,1273,143,1130,천호대로187길
2016,1,A,골목상권,1001004,3566,1774,1792,471,529,681,542,625,718,240,261,365,280,299,329,231,268,316,262,326,389,1674,346,1328,천호대로170길
2016,1,A,골목상권,1001003,1996,990,1006,263,295,382,304,351,401,133,144,204,156,169,184,130,151,178,148,182,217,947,292,655,천호대로162길
2016,1,A,골목상권,1001002,3977,1958,2019,671,590,697,639,675,705,355,291,351,315,315,331,316,299,346,324,360,374,1602,364,1238,천중로51길
2016,1,A,골목상권,1001001,5452,2723,2729,808,763,898,862,990,1131,415,386,473,443,480,526,393,377,425,419,510,605,2431,700,1731,천중로39길
2016,1,A,골목상권,1001000,2003,988,1015,319,303,367,312,342,360,168,148,188,156,160,168,151,155,179,156,182,192,816,83,733,진황도로47길
2016,1,A,골목상권,1000999,7474,3790,3684,969,1049,1354,1128,1341,1633,505,514,728,609,662,772,464,535,626,519,679,861,3769,784,2985,진황도로27길
2016,1,A,골목상권,1000998,2676,1337,1339,462,358,461,446,451,498,239,185,240,226,224,223,223,173,221,220,227,275,1134,192,942,올림픽로98길
2016,1,A,골목상권,1000997,2817,1420,1397,396,380,506,458,506,571,206,190,264,243,253,264,190,190,242,215,253,307,1349,0,1349,올림픽로80길
2016,1,A,골목상권,1000996,1528,774,754,216,206,276,248,272,310,113,103,145,132,136,145,103,103,131,116,136,165,726,67,659,올림픽로78길
2016,1,A,골목상권,1000995,3041,1534,1507,426,411,546,494,547,617,222,205,285,264,273,285,204,206,261,230,274,332,1453,19,1434,올림픽로77길
2016,1,A,골목상권,1000994,3694,1864,1830,519,502,658,600,667,748,271,251,345,319,333,345,248,251,313,281,334,403,1770,0,1770,올림픽로71길
2016,1,A,골목상권,1000993,1813,885,928,351,242,332,304,274,310,179,121,160,152,130,143,172,121,172,152,144,167,679,96,583,올림픽로48길
2016,1,A,골목상권,1000992,3132,1552,1580,589,450,498,494,543,558,307,232,250,243,259,261,282,218,248,251,284,297,1178,684,494,양재대로96길
2016,1,A,골목상권,1000991,3842,1921,1921,634,564,703,632,638,671,353,298,353,317,297,303,281,266,350,315,341,368,1615,199,1416,양재대로95길
2016,1,A,골목상권,1000990,3712,1859,1853,612,548,684,606,614,648,341,288,344,305,287,294,271,260,340,301,327,354,1562,481,1081,양재대로91길
2016,1,A,골목상권,1000989,4816,2409,2407,741,676,763,769,880,987,384,346,402,395,426,456,357,330,361,374,454,531,2116,411,1705,양재대로133길
2016,1,A,골목상권,1000988,5357,2641,2716,855,810,981,838,913,960,452,396,498,419,424,452,403,414,483,419,489,508,2183,331,1852,양재대로124길
2016,1,A,골목상권,1000987,1721,850,871,275,260,316,266,295,309,145,128,161,133,138,145,130,132,155,133,157,164,702,212,490,양재대로116길
2016,1,A,골목상권,1000986,5111,2554,2557,843,756,938,835,844,895,468,398,470,420,393,405,375,358,468,415,451,490,2143,350,1793,양재대로101길
2016,1,A,골목상권,1000985,6838,3414,3424,1179,918,1177,1142,1153,1269,610,476,612,578,570,568,569,442,565,564,583,701,2904,147,2757,암사길
2016,1,A,골목상권,1000984,3677,1793,1884,712,490,671,622,554,628,364,246,322,311,260,290,348,244,349,311,294,338,1382,246,1136,성안로3길
2016,1,A,골목상권,1000983,3484,1697,1787,676,464,636,590,523,595,345,233,304,295,246,274,331,231,332,295,277,321,1313,757,556,성내로5길
2016,1,A,골목상권,1000982,1064,535,529,191,166,126,173,222,186,99,92,67,78,110,89,92,74,59,95,112,97,635,0,635,상일로5길
2016,1,A,골목상권,1000981,2370,1164,1206,472,291,461,413,351,382,241,145,220,212,166,180,231,146,241,201,185,202,915,324,591,상암로5길
2016,1,A,골목상권,1000980,2792,1367,1425,588,381,392,497,463,471,312,196,190,233,219,217,276,185,202,264,244,254,1082,439,643,상암로51길
2016,1,A,골목상권,1000979,4664,2322,2342,791,606,867,784,764,852,409,302,432,410,373,396,382,304,435,374,391,456,2004,136,1868,상암로4길
2016,1,A,골목상권,1000978,2794,1411,1383,393,378,502,451,504,566,205,189,262,241,252,262,188,189,240,210,252,304,1313,452,861,상암로14길
2016,1,A,골목상권,1000977,2236,1105,1131,420,319,357,356,386,398,218,164,180,175,183,185,202,155,177,181,203,213,850,143,707,명일로13길
2016,1,A,골목상권,1000976,3861,1958,1903,885,493,600,672,633,578,482,266,300,332,317,261,403,227,300,340,316,317,1317,0,1317,동남로85길
2016,1,A,골목상권,1000975,847,448,399,124,114,99,142,170,198,67,65,57,77,90,92,57,49,42,65,80,106,473,30,443,동남로82길
2016,1,A,골목상권,1000974,4243,2128,2115,928,639,448,751,792,685,509,355,208,340,382,334,419,284,240,411,410,351,1442,0,1442,동남로65길
2016,1,A,골목상권,1000973,4265,2128,2137,652,598,683,684,775,873,334,305,358,352,374,405,318,293,325,332,401,468,1914,101,1813,구천면로42길
2016,1,A,골목상권,1000972,4892,2467,2425,682,660,877,797,884,992,355,330,458,424,441,459,327,330,419,373,443,533,2306,298,2008,구천면로41길
2016,1,A,골목상권,1000971,3179,1601,1578,448,445,544,494,574,674,233,222,290,260,280,316,215,223,254,234,294,358,1510,0,1510,구천면로36길
2016,1,A,골목상권,1000970,1403,712,691,320,181,218,244,231,209,174,97,109,122,116,94,146,84,109,122,115,115,478,0,478,고덕로61길
2016,1,A,골목상권,1000969,1558,769,789,367,180,247,285,238,241,185,96,114,143,112,119,182,84,133,142,126,122,506,192,314,고덕로25길
2016,1,A,골목상권,1000968,2089,1043,1046,360,280,360,351,352,386,187,145,187,178,173,173,173,135,173,173,179,213,890,93,797,고덕로10길
2016,1,A,골목상권,1000967,3106,1553,1553,514,458,573,505,515,541,286,242,288,254,239,244,228,216,285,251,276,297,1302,304,998,강동대로53길
2016,1,A,골목상권,1000966,2518,1238,1280,381,340,411,401,449,536,191,175,213,204,214,241,190,165,198,197,235,295,1083,0,1083,풍성로25길
2016,1,A,골목상권,1000965,2704,1325,1379,594,394,403,498,440,375,306,197,193,238,213,178,288,197,210,260,227,197,975,117,858,오금로46길
2016,1,A,골목상권,1000964,3240,1616,1624,558,513,558,536,580,495,287,257,287,260,290,235,271,256,271,276,290,260,1295,67,1228,오금로36길
2016,1,A,골목상권,1000963,4696,2289,2407,662,757,1043,716,757,761,352,362,530,351,343,351,310,395,513,365,414,410,2178,55,2123,오금로11길
2016,1,A,골목상권,1000962,2111,1045,1066,372,331,304,345,384,375,192,173,152,163,185,180,180,158,152,182,199,195,802,355,447,양재대로72길
2016,1,A,골목상권,1000961,2051,1010,1041,428,299,285,378,340,321,221,156,138,173,166,156,207,143,147,205,174,165,783,71,712,양재대로71길
2016,1,A,골목상권,1000960,3154,1577,1577,539,498,541,523,567,486,278,251,278,256,283,231,261,247,263,267,284,255,1263,80,1183,양재대로64길
2016,1,A,골목상권,1000959,1754,871,883,302,277,304,289,316,266,154,139,155,140,157,126,148,138,149,149,159,140,704,291,413,양재대로62길
2016,1,A,골목상권,1000958,3108,1551,1557,531,491,536,513,563,474,274,246,276,248,281,226,257,245,260,265,282,248,1247,363,884,송파대로30길
2016,1,A,골목상권,1000957,3287,1619,1668,581,516,559,513,581,537,298,265,278,246,270,262,283,251,281,267,311,275,1263,363,900,송이로36길
2016,1,A,골목상권,1000956,5717,2822,2895,986,919,971,883,1014,944,506,469,485,423,473,466,480,450,486,460,541,478,2210,257,1953,송이로32길
2016,1,A,골목상권,1000955,5759,2827,2932,1260,840,863,1064,936,796,650,419,415,511,455,377,610,421,448,553,481,419,2060,184,1876,송이로23길
2016,1,A,골목상권,1000954,7169,3418,3751,1051,1207,1564,1162,1086,1099,535,558,760,561,512,492,516,649,804,601,574,607,3489,59,3430,삼전로13길
2016,1,A,골목상권,1000953,7125,3471,3654,1007,1153,1582,1086,1144,1153,535,552,802,533,520,529,472,601,780,553,624,624,3321,312,3009,백제고분로50길
2016,1,A,골목상권,1000952,3391,1623,1768,527,562,713,510,527,552,264,262,346,243,247,261,263,300,367,267,280,291,1474,17,1457,백제고분로46길
2016,1,A,골목상권,1000951,4910,2348,2562,723,827,1089,731,745,795,363,384,530,348,349,374,360,443,559,383,396,421,2205,326,1879,백제고분로45길
2016,1,A,골목상권,1000950,4619,2207,2412,683,777,1024,685,702,748,344,360,498,325,328,352,339,417,526,360,374,396,2069,8,2061,백제고분로42길
2016,1,A,골목상권,1000949,3863,1880,1983,579,609,846,627,587,615,296,294,419,315,278,278,283,315,427,312,309,337,1789,11,1778,백제고분로39길
2016,1,A,골목상권,1000948,8159,3970,4189,1225,1287,1784,1329,1236,1298,627,619,881,669,586,588,598,668,903,660,650,710,3776,96,3680,백제고분로34길
2016,1,A,골목상권,1000947,6648,3238,3410,998,1048,1451,1079,1012,1060,511,507,717,543,480,480,487,541,734,536,532,580,3084,65,3019,백제고분로33길
2016,1,A,골목상권,1000946,6175,2957,3218,963,976,1421,1039,879,897,501,460,690,502,405,399,462,516,731,537,474,498,2836,63,2773,백제고분로32길
2016,1,A,골목상권,1000945,6899,3303,3596,1079,1092,1585,1160,986,997,560,513,770,561,456,443,519,579,815,599,530,554,3164,15,3149,백제고분로31길
2016,1,A,골목상권,1000944,6847,3285,3562,1067,1081,1574,1148,981,996,556,510,766,557,453,443,511,571,808,591,528,553,3146,31,3115,백제고분로22길
2016,1,A,골목상권,1000943,2773,1330,1443,434,440,638,467,394,400,227,207,309,228,182,177,207,233,329,239,212,223,1273,90,1183,백제고분로21길
2016,1,A,골목상권,1000942,4304,2190,2114,737,551,608,727,759,922,375,296,323,381,387,428,362,255,285,346,372,494,1740,119,1621,마천로51길
2016,1,A,골목상권,1000941,3481,1709,1772,764,503,522,644,567,481,393,251,250,309,276,230,371,252,272,335,291,251,1236,391,845,동남로20길
2016,1,A,골목상권,1000940,2981,1515,1466,479,397,416,500,552,637,251,216,218,258,280,292,228,181,198,242,272,345,1212,0,1212,거마로20길
2016,1,A,골목상권,1000939,1904,900,1004,354,272,337,338,280,323,187,131,148,156,132,146,167,141,189,182,148,177,763,632,131,학동로77길
2016,1,A,골목상권,1000938,1661,769,892,149,329,465,260,206,252,76,141,212,132,95,113,73,188,253,128,111,139,973,15,958,학동로6길
2016,1,A,골목상권,1000937,403,193,210,84,52,83,84,46,54,46,24,35,41,23,24,38,28,48,43,23,30,179,123,56,학동로56길
2016,1,A,골목상권,1000936,1669,783,886,233,272,394,275,214,281,124,116,178,134,102,129,109,156,216,141,112,152,835,109,726,학동로38길
2016,1,A,골목상권,1000935,788,396,392,145,118,126,133,127,139,85,62,60,61,62,66,60,56,66,72,65,73,387,0,387,테헤란로81길
2016,1,A,골목상권,1000934,3989,1944,2045,611,626,653,562,684,853,329,317,337,278,315,368,282,309,316,284,369,485,2197,19,2178,일원로9길
2016,1,A,골목상권,1000933,2986,1453,1533,457,471,488,427,510,633,245,238,251,210,235,274,212,233,237,217,275,359,1644,80,1564,일원로3길
2016,1,A,골목상권,1000932,2319,1172,1147,545,344,218,471,416,325,313,185,99,204,215,156,232,159,119,267,201,169,789,0,789,영동대로65길
2016,1,A,골목상권,1000931,2632,1311,1321,483,393,421,444,422,469,282,203,200,202,203,221,201,190,221,242,219,248,1028,691,337,영동대로112길
2016,1,A,골목상권,1000930,5549,2623,2926,1331,672,984,1235,636,691,675,303,424,585,331,305,656,369,560,650,305,386,2453,487,1966,언주로81길
2016,1,A,골목상권,1000929,1126,525,601,201,165,193,205,148,214,104,75,85,94,70,97,97,90,108,111,78,117,489,99,390,압구정로2길
2016,1,A,골목상권,1000928,639,310,329,132,90,101,116,110,90,68,48,49,53,54,38,64,42,52,63,56,52,282,17,265,선릉로18길
2016,1,A,골목상권,1000927,2860,1352,1508,530,406,512,509,422,481,279,194,227,235,199,218,251,212,285,274,223,263,1271,0,1271,선릉로146길
2016,1,A,골목상권,1000926,1769,827,942,245,287,415,293,227,302,132,123,184,141,109,138,113,164,231,152,118,164,870,167,703,선릉로133길
2016,1,A,골목상권,1000925,2019,951,1068,377,287,359,357,300,339,198,137,159,164,141,152,179,150,200,193,159,187,844,315,529,선릉로132길
2016,1,A,골목상권,1000924,1348,630,718,189,219,316,223,173,228,101,94,141,107,82,105,88,125,175,116,91,123,676,28,648,선릉로121길
2016,1,A,골목상권,1000923,2549,1202,1347,469,423,468,529,361,299,251,201,201,236,181,132,218,222,267,293,180,167,1261,293,968,삼성로75길
2016,1,A,골목상권,1000922,3085,1457,1628,564,512,568,648,430,363,302,243,244,292,217,159,262,269,324,356,213,204,1565,31,1534,삼성로69길
2016,1,A,골목상권,1000921,2879,1458,1421,676,428,274,584,510,407,388,229,126,253,265,197,288,199,148,331,245,210,978,708,270,삼성로64길
2016,1,A,골목상권,1000920,4015,1897,2118,733,666,739,839,567,471,393,317,317,377,285,208,340,349,422,462,282,263,2063,66,1997,삼성로63길
2016,1,A,골목상권,1000919,2262,1132,1130,687,257,181,543,333,261,383,127,74,237,183,128,304,130,107,306,150,133,482,426,56,삼성로57길
2016,1,A,골목상권,1000918,1354,641,713,252,193,242,240,200,227,133,92,107,112,94,103,119,101,135,128,106,124,584,25,559,삼성로147길
2016,1,A,골목상권,1000917,2928,1397,1531,609,381,596,605,344,393,331,178,248,292,172,176,278,203,348,313,172,217,1293,172,1121,삼성로115길
2016,1,A,골목상권,1000916,2169,1036,1133,451,281,443,449,254,291,245,132,185,217,127,130,206,149,258,232,127,161,957,13,944,봉은사로68길
2016,1,A,골목상권,1000915,525,248,277,110,70,108,108,60,69,60,32,44,52,30,30,50,38,64,56,30,39,233,61,172,봉은사로57길
2016,1,A,골목상권,1000914,2895,1359,1536,405,472,681,481,372,484,217,203,306,233,177,223,188,269,375,248,195,261,1451,146,1305,봉은사로43길
2016,1,A,골목상권,1000913,1517,710,807,213,246,354,250,198,256,113,106,159,120,94,118,100,140,195,130,104,138,758,34,724,봉은사로29길
2016,1,A,골목상권,1000912,2062,1025,1037,378,309,330,348,330,367,221,159,157,157,158,173,157,150,173,191,172,194,860,235,625,봉은사로109길
2016,1,A,골목상권,1000911,799,378,421,149,114,142,141,118,135,78,55,64,65,55,61,71,59,78,76,63,74,338,36,302,도산대로89길
2016,1,A,골목상권,1000910,705,333,372,131,100,125,124,105,120,69,48,56,57,49,54,62,52,69,67,56,66,305,38,267,도산대로81길
2016,1,A,골목상권,1000909,1963,919,1044,276,318,461,327,251,330,146,136,207,157,121,152,130,182,254,170,130,178,972,457,515,도산대로50길
2016,1,A,골목상권,1000908,1417,662,755,198,229,333,234,181,242,104,98,149,114,85,112,94,131,184,120,96,130,711,0,711,도산대로38길
2016,1,A,골목상권,1000907,1254,587,667,175,205,297,206,160,211,92,87,134,100,77,97,83,118,163,106,83,114,637,13,624,도산대로30길
2016,1,A,골목상권,1000906,1967,917,1050,351,287,338,355,262,374,180,131,148,162,125,171,171,156,190,193,137,203,858,34,824,도산대로23길
2016,1,A,골목상권,1000905,1020,478,542,182,148,176,187,135,192,94,68,77,86,65,88,88,80,99,101,70,104,444,11,433,도산대로15길
2016,1,A,골목상권,1000904,6912,3265,3647,1661,841,1219,1536,795,860,842,377,524,727,414,381,819,464,695,809,381,479,3070,179,2891,도곡로37길
2016,1,A,골목상권,1000903,3495,1726,1769,627,528,590,636,587,527,326,268,304,297,288,243,301,260,286,339,299,284,1696,26,1670,논현로8길
2016,1,A,골목상권,1000902,1873,892,981,168,392,550,293,223,247,84,164,264,154,110,116,84,228,286,139,113,131,1214,185,1029,논현로63길
2016,1,A,골목상권,1000901,695,325,370,166,90,89,136,106,108,78,41,38,61,53,54,88,49,51,75,53,54,239,0,239,논현로28길
2016,1,A,골목상권,1000900,3162,1476,1686,755,404,412,619,477,495,353,188,175,276,238,246,402,216,237,343,239,249,912,0,912,논현로26길
2016,1,A,골목상권,1000899,784,367,417,141,113,134,141,105,150,72,52,59,64,51,69,69,61,75,77,54,81,342,15,327,논현로159길
2016,1,A,골목상권,1000898,1636,758,878,148,324,457,255,203,249,76,140,208,129,92,113,72,184,249,126,111,136,959,29,930,논현로139길
2016,1,A,골목상권,1000897,1710,791,919,155,336,477,268,213,261,78,144,217,136,99,117,77,192,260,132,114,144,1002,0,1002,논현로123길
2016,1,A,골목상권,1000896,3133,1446,1687,285,623,879,490,383,473,144,269,399,248,176,210,141,354,480,242,207,263,1841,86,1755,논현로115길
2016,1,A,골목상권,1000895,1493,736,757,266,227,252,272,250,226,138,115,130,127,122,104,128,112,122,145,128,122,717,0,717,논현로10길
2016,1,A,골목상권,1000894,2245,1072,1173,200,470,657,351,267,300,100,197,316,186,131,142,100,273,341,165,136,158,1469,75,1394,논현로106길
2016,1,A,골목상권,1000893,1890,896,994,378,289,303,322,297,301,180,136,139,151,146,144,198,153,164,171,151,157,806,479,327,남부순환로365길
2016,1,A,골목상권,1000891,1873,928,945,338,283,315,339,314,284,177,144,163,159,153,132,161,139,152,180,161,152,910,32,878,개포로28길
2016,1,A,골목상권,1000890,2570,1271,1299,460,388,435,467,432,388,240,196,225,219,212,179,220,192,210,248,220,209,1257,51,1206,개포로20길
2016,1,A,골목상권,1000889,3048,1505,1543,543,461,518,555,512,459,282,234,266,259,252,212,261,227,252,296,260,247,1486,64,1422,개포로17길
2016,1,A,골목상권,1000888,1761,819,942,157,348,494,277,217,268,79,151,225,142,101,121,78,197,269,135,116,147,1032,683,349,강남대로140길
2016,1,A,골목상권,1000887,1143,527,616,105,225,319,178,142,174,53,96,146,90,64,78,52,129,173,88,78,96,668,185,483,강남대로136길
2016,1,A,골목상권,1000886,1651,764,887,148,328,460,258,204,253,75,142,208,131,94,114,73,186,252,127,110,139,954,26,928,강남대로118길
2016,1,A,골목상권,1000885,2678,1279,1399,478,396,503,460,383,458,248,190,230,222,176,213,230,206,273,238,207,245,1148,167,981,서초중앙로8길
2016,1,A,골목상권,1000884,2331,1092,1239,518,301,318,467,347,380,250,138,144,213,173,174,268,163,174,254,174,206,876,157,719,방배중앙로21길
2016,1,A,골목상권,1000883,1668,813,855,327,225,321,292,233,270,171,110,147,145,110,130,156,115,174,147,123,140,744,456,288,효령로72길
2016,1,A,골목상권,1000882,1460,707,753,247,229,212,225,256,291,126,116,104,104,121,136,121,113,108,121,135,155,560,294,266,효령로34길
2016,1,A,골목상권,1000881,1762,842,920,290,263,352,283,251,323,156,121,165,134,116,150,134,142,187,149,135,173,724,24,700,효령로31길
2016,1,A,골목상권,1000880,4451,2128,2323,737,666,887,715,632,814,397,307,415,338,291,380,340,359,472,377,341,434,1847,309,1538,효령로23길
2016,1,A,골목상권,1000879,3021,1444,1577,491,465,508,472,495,590,250,227,249,218,227,273,241,238,259,254,268,317,1213,78,1135,청두곶길
2016,1,A,골목상권,1000878,4993,2395,2598,1015,718,998,966,622,674,518,319,448,500,309,301,497,399,550,466,313,373,2036,31,2005,주흥길
2016,1,A,골목상권,1000877,3714,1784,1930,752,535,742,720,463,502,384,238,332,374,231,225,368,297,410,346,232,277,1528,70,1458,주흥15길
2016,1,A,골목상권,1000876,1962,982,980,314,302,424,349,279,294,162,145,223,183,137,132,152,157,201,166,142,162,971,14,957,언남길
2016,1,A,골목상권,1000875,3817,1810,2007,828,473,666,812,515,523,423,221,298,388,251,229,405,252,368,424,264,294,1651,296,1355,신반포로45길
2016,1,A,골목상권,1000874,5161,2461,2700,831,798,866,806,851,1009,421,390,421,373,390,466,410,408,445,433,461,543,2088,27,2061,서초대로8길
2016,1,A,골목상권,1000873,1072,514,558,192,158,203,181,155,183,99,76,93,88,72,86,93,82,110,93,83,97,451,354,97,서초대로64길
2016,1,A,골목상권,1000872,3296,1571,1725,533,510,554,514,543,642,269,248,269,239,248,298,264,262,285,275,295,344,1323,125,1198,서초대로4길
2016,1,A,골목상권,1000871,1326,613,713,271,181,220,248,189,217,129,81,98,114,93,98,142,100,122,134,96,119,528,12,516,서초대로25길
2016,1,A,골목상권,1000870,2762,1279,1483,565,378,458,514,394,453,268,169,206,238,192,206,297,209,252,276,202,247,1090,327,763,서초대로23길
2016,1,A,골목상권,1000869,4375,2026,2349,895,599,728,816,622,715,427,270,325,377,302,325,468,329,403,439,320,390,1733,64,1669,서초대로15길
2016,1,A,골목상권,1000868,2134,1025,1109,432,307,428,413,267,287,221,136,193,214,133,128,211,171,235,199,134,159,872,16,856,사평대로57길
2016,1,A,골목상권,1000867,297,141,156,64,38,49,53,43,50,33,18,22,24,20,24,31,20,27,29,23,26,110,0,110,사평대로26길
2016,1,A,골목상권,1000866,1831,871,960,395,236,304,333,261,302,204,113,134,155,121,144,191,123,170,178,140,158,674,69,605,사평대로22길
2016,1,A,골목상권,1000865,1103,528,575,197,161,206,192,156,191,104,78,93,92,73,88,93,83,113,100,83,103,470,113,357,사임당로17길
2016,1,A,골목상권,1000864,1225,573,652,274,157,166,245,183,200,133,72,74,111,91,92,141,85,92,134,92,108,469,26,443,방배로42길
2016,1,A,골목상권,1000863,2160,1004,1156,467,283,316,422,316,356,224,127,141,193,155,164,243,156,175,229,161,192,824,65,759,방배로35길
2016,1,A,골목상권,1000862,1869,892,977,310,280,373,299,265,342,167,129,174,140,122,160,143,151,199,159,143,182,772,26,746,방배로18길
2016,1,A,골목상권,1000861,1428,706,722,240,229,229,236,229,265,134,112,112,111,112,125,106,117,117,125,117,140,589,15,574,반포대로9길
2016,1,A,골목상권,1000860,1760,850,910,388,219,338,287,236,292,198,110,158,147,109,128,190,109,180,140,127,164,650,68,582,바우뫼로39길
2016,1,A,골목상권,1000859,1481,740,741,238,227,319,263,213,221,124,109,168,137,104,98,114,118,151,126,109,123,739,55,684,마방로2길
2016,1,A,골목상권,1000858,1057,504,553,170,164,178,164,174,207,86,80,86,77,80,95,84,84,92,87,94,112,422,0,422,방배천로4안길
2016,1,A,골목상권,1000857,1814,910,904,291,280,390,322,260,271,149,135,207,168,128,123,142,145,183,154,132,148,915,62,853,동산로19길
2016,1,A,골목상권,1000856,2678,1337,1341,433,411,578,475,381,400,223,197,304,248,186,179,210,214,274,227,195,221,1340,85,1255,동산로10길
2016,1,A,골목상권,1000855,1243,590,653,266,161,206,226,178,206,137,76,91,105,83,98,129,85,115,121,95,108,456,73,383,동광로39길
2016,1,A,골목상권,1000854,4131,1929,2202,915,532,564,822,617,681,442,244,252,373,306,312,473,288,312,449,311,369,1546,34,1512,동광로1길
2016,1,A,골목상권,1000853,1272,588,684,263,176,210,237,180,206,124,80,93,109,89,93,139,96,117,128,91,113,508,11,497,동광로12길
2016,1,A,골목상권,1000852,3054,1472,1582,676,373,588,498,408,511,347,187,273,255,187,223,329,186,315,243,221,288,1125,201,924,논현로27길
2016,1,A,골목상권,1000851,2723,1360,1363,440,417,586,483,390,407,226,201,309,252,190,182,214,216,277,231,200,225,1350,121,1229,논현로1길
2016,1,A,골목상권,1000850,1156,553,603,204,174,215,198,166,199,106,84,98,95,76,94,98,90,117,103,90,105,489,59,430,남부순환로339길
2016,1,A,골목상권,1000849,2186,1081,1105,364,352,353,358,355,404,204,172,172,169,174,190,160,180,181,189,181,214,909,561,348,남부순환로325길
2016,1,A,골목상권,1000848,1529,755,774,256,245,245,253,246,284,142,120,120,118,120,135,114,125,125,135,126,149,633,162,471,남부순환로317길
2016,1,A,골목상권,1000847,1372,651,721,296,178,226,247,198,227,152,84,100,115,93,107,144,94,126,132,105,120,504,310,194,고무래로8길
2016,1,A,골목상권,1000846,3153,1578,1575,507,486,680,558,453,469,261,234,360,290,224,209,246,252,320,268,229,260,1575,79,1496,강남대로8길
2016,1,A,골목상권,1000845,3247,1564,1683,718,398,623,532,434,542,367,199,291,272,199,236,351,199,332,260,235,306,1192,110,1082,강남대로34길
2016,1,A,골목상권,1000844,1455,701,754,321,180,282,237,195,240,164,90,132,120,90,105,157,90,150,117,105,135,542,35,507,강남대로23길
2016,1,A,골목상권,1000843,3882,1916,1966,444,973,782,528,474,681,224,450,416,285,227,314,220,523,366,243,247,367,2342,0,2342,소담길
2016,1,A,골목상권,1000842,1621,815,806,233,209,215,265,294,405,121,112,118,141,141,182,112,97,97,124,153,223,690,127,563,원신길
2016,1,A,골목상권,1000841,1921,968,953,274,248,256,317,346,480,143,132,141,168,169,215,131,116,115,149,177,265,817,0,817,양지길
2016,1,A,골목상권,1000840,1217,636,581,157,209,202,186,197,266,83,117,118,102,94,122,74,92,84,84,103,144,586,279,307,양산길
2016,1,A,골목상권,1000839,2792,1687,1105,267,699,600,450,359,417,138,441,402,310,199,197,129,258,198,140,160,220,1744,0,1744,호암로24길
2016,1,A,골목상권,1000838,3136,1896,1240,303,784,674,505,402,468,158,494,453,346,224,221,145,290,221,159,178,247,1938,29,1909,호암로20길
2016,1,A,골목상권,1000837,6640,3260,3380,785,1499,1419,895,863,1179,398,702,748,469,407,536,387,797,671,426,456,643,3577,0,3577,행운길
2016,1,A,골목상권,1000836,2987,1470,1517,355,673,641,404,386,528,180,317,339,212,182,240,175,356,302,192,204,288,1639,19,1620,행운1길
2016,1,A,골목상권,1000835,3855,1890,1965,741,452,742,640,532,748,377,225,373,338,249,328,364,227,369,302,283,420,1602,20,1582,청림3길
2016,1,A,골목상권,1000834,1716,848,868,196,430,345,233,210,302,100,198,183,126,101,140,96,232,162,107,109,162,1025,83,942,청룡길
2016,1,A,골목상권,1000833,1762,869,893,200,444,356,239,214,309,100,205,191,128,101,144,100,239,165,111,113,165,1060,0,1060,청룡8길
2016,1,A,골목상권,1000832,3354,1636,1718,362,756,656,449,464,667,182,346,350,241,222,295,180,410,306,208,242,372,1924,64,1860,중앙길
2016,1,A,골목상권,1000831,4181,2129,2052,486,782,833,621,656,803,243,380,459,336,330,381,243,402,374,285,326,422,2205,99,2106,조원중앙로2길
2016,1,A,골목상권,1000830,1514,773,741,176,284,299,226,240,289,88,138,167,122,120,138,88,146,132,104,120,151,795,27,768,조원로18길
2016,1,A,골목상권,1000829,1871,956,915,220,349,371,279,295,357,110,170,206,151,149,170,110,179,165,128,146,187,985,158,827,조원로10길
2016,1,A,골목상권,1000828,1808,886,922,206,455,364,246,220,317,103,210,192,132,104,145,103,245,172,114,116,172,1084,0,1084,장군봉2길
2016,1,A,골목상권,1000827,815,403,412,93,204,162,111,101,144,47,94,87,60,48,67,46,110,75,51,53,77,492,0,492,장군봉1길
2016,1,A,골목상권,1000826,3562,1766,1796,532,666,749,544,448,623,271,325,399,277,216,278,261,341,350,267,232,345,1707,28,1679,인헌길
2016,1,A,골목상권,1000825,1457,714,743,292,170,224,268,215,288,153,85,110,137,103,126,139,85,114,131,112,162,549,171,378,은천로25길
2016,1,A,골목상권,1000824,4202,2049,2153,455,954,823,562,577,831,229,436,438,302,275,369,226,518,385,260,302,462,2399,108,2291,양녕로6길
2016,1,A,골목상권,1000823,2743,1362,1381,340,511,518,412,398,564,174,263,278,216,187,244,166,248,240,196,211,320,1374,0,1374,신원로3길
2016,1,A,골목상권,1000822,2223,1118,1105,300,416,409,372,338,388,158,208,221,187,166,178,142,208,188,185,172,210,1136,95,1041,신사로20길
2016,1,A,골목상권,1000821,2264,1146,1118,143,763,613,260,207,278,73,348,345,151,103,126,70,415,268,109,104,152,1571,136,1435,신림로65길
2016,1,A,골목상권,1000820,2262,1143,1119,143,763,610,263,206,277,72,347,345,151,102,126,71,416,265,112,104,151,1604,0,1604,신림로64길
2016,1,A,골목상권,1000819,2732,1402,1330,272,625,611,376,372,476,140,326,345,198,171,222,132,299,266,178,201,254,1485,0,1485,신림로48길
2016,1,A,골목상권,1000818,1978,1089,889,216,463,426,272,263,338,114,271,262,159,126,157,102,192,164,113,137,181,1083,10,1073,신림로38길
2016,1,A,골목상권,1000817,3712,2048,1664,411,865,793,515,493,635,216,510,487,301,238,296,195,355,306,214,255,339,2050,0,2050,신림로28길
2016,1,A,골목상권,1000816,4418,2670,1748,428,1103,947,716,568,656,223,694,638,493,314,308,205,409,309,223,254,348,2681,107,2574,신림로11길
2016,1,A,골목상권,1000815,3568,1805,1763,223,1205,963,411,325,441,113,549,544,235,162,202,110,656,419,176,163,239,2500,150,2350,신림동길
2016,1,A,골목상권,1000814,3665,1771,1894,498,744,787,476,516,644,250,340,402,242,238,299,248,404,385,234,278,345,1690,144,1546,승방길
2016,1,A,골목상권,1000813,6081,3358,2723,671,1419,1301,842,809,1039,354,836,800,492,391,485,317,583,501,350,418,554,3383,38,3345,서림7길
2016,1,A,골목상권,1000812,4623,2278,2345,799,664,861,759,658,882,408,327,441,394,309,399,391,337,420,365,349,483,1973,510,1463,봉천로33길
2016,1,A,골목상권,1000811,4715,2340,2375,691,732,874,719,728,971,358,371,459,368,345,439,333,361,415,351,383,532,2122,9,2113,봉천로13길
2016,1,A,골목상권,1000810,4214,2329,1885,463,986,903,583,559,720,244,579,555,342,272,337,219,407,348,241,287,383,2312,19,2293,복은길
2016,1,A,골목상권,1000809,1672,843,829,266,245,257,275,285,344,137,128,139,140,140,159,129,117,118,135,145,185,706,83,623,법원단지길
2016,1,A,골목상권,1000808,4956,2514,2442,771,708,740,834,863,1040,403,375,405,431,424,476,368,333,335,403,439,564,2108,57,2051,법원단지9길
2016,1,A,골목상권,1000807,4072,2034,2038,664,604,644,657,679,824,336,307,346,329,328,388,328,297,298,328,351,436,1692,291,1401,미성5길
2016,1,A,골목상권,1000806,2063,1250,813,195,518,444,334,266,306,103,327,298,229,147,146,92,191,146,105,119,160,1262,8,1254,대학길
2016,1,A,골목상권,1000805,2630,1589,1041,254,657,563,428,337,391,133,414,376,293,187,186,121,243,187,135,150,205,1602,0,1602,대학14길
2016,1,A,골목상권,1000804,2053,1018,1035,303,318,382,310,319,421,156,162,200,159,151,190,147,156,182,151,168,231,927,0,927,당곡길
2016,1,A,골목상권,1000803,1857,893,964,254,376,397,240,264,326,128,171,202,122,120,150,126,205,195,118,144,176,859,139,720,남현길
2016,1,A,골목상권,1000802,1511,727,784,204,307,324,196,213,267,102,139,166,98,98,124,102,168,158,98,115,143,690,35,655,남현3길
2016,1,A,골목상권,1000801,2827,1365,1462,384,576,606,366,397,498,193,263,310,185,182,232,191,313,296,181,215,266,1297,31,1266,남현2길
2016,1,A,골목상권,1000800,1924,952,972,288,360,405,295,238,338,147,176,216,149,113,151,141,184,189,146,125,187,922,51,871,남부순환로248길
2016,1,A,골목상권,1000799,2127,1084,1043,261,571,468,278,236,313,130,290,256,148,118,142,131,281,212,130,118,171,1232,33,1199,남부순환로234길
2016,1,A,골목상권,1000798,2612,1305,1307,397,414,440,413,417,531,201,212,236,210,201,245,196,202,204,203,216,286,1134,81,1053,남부순환로172길
2016,1,A,골목상권,1000797,3666,1848,1818,495,680,678,609,558,646,263,340,370,305,273,297,232,340,308,304,285,349,1870,34,1836,남부순환로161길
2016,1,A,골목상권,1000796,2989,1506,1483,404,556,555,496,456,522,214,278,303,249,224,238,190,278,252,247,232,284,1528,35,1493,남부순환로151길
2016,1,A,골목상권,1000795,3778,1884,1894,617,562,600,608,629,762,312,285,321,304,304,358,305,277,279,304,325,404,1572,212,1360,남부순환로142길
2016,1,A,골목상권,1000794,2542,1263,1279,513,273,416,480,366,494,267,143,203,252,177,221,246,130,213,228,189,273,973,8,965,난향길
2016,1,A,골목상권,1000793,2882,1438,1444,470,429,456,464,482,581,236,219,245,232,234,272,234,210,211,232,248,309,1196,38,1158,난우길
2016,1,A,골목상권,1000792,1950,984,966,265,362,361,322,299,341,141,181,196,162,146,158,124,181,165,160,153,183,995,11,984,난곡로74길
2016,1,A,골목상권,1000791,2728,1383,1345,425,390,410,457,475,571,222,207,224,236,233,261,203,183,186,221,242,310,1162,218,944,난곡로34길
2016,1,A,골목상권,1000790,3685,1867,1818,576,528,549,619,640,773,300,280,300,319,313,355,276,248,249,300,327,418,1566,44,1522,난곡로26길
2016,1,A,골목상권,1000789,3004,1525,1479,466,431,451,504,522,630,243,229,247,261,256,289,223,202,204,243,266,341,1283,0,1283,난곡로24길
2016,1,A,골목상권,1000788,4259,2125,2134,613,863,902,636,519,726,315,426,482,325,253,324,298,437,420,311,266,402,2126,48,2078,낙성대역길
2016,1,A,골목상권,1000787,4942,2439,2503,853,711,923,806,704,945,437,352,474,417,331,428,416,359,449,389,373,517,2089,51,2038,국회단지길
2016,1,A,골목상권,1000786,2575,1257,1318,513,302,401,466,382,511,266,151,198,236,183,223,247,151,203,230,199,288,976,357,619,구암길
2016,1,A,골목상권,1000785,3311,1672,1639,207,1116,894,386,303,405,105,509,505,220,149,184,102,607,389,166,154,221,2193,61,2132,관천로22길
2016,1,A,골목상권,1000784,4790,2415,2375,649,894,886,798,725,838,343,447,484,399,358,384,306,447,402,399,367,454,2452,18,2434,관천로15길
2016,1,A,골목상권,1000783,2392,1173,1219,397,374,479,368,323,451,202,180,245,194,151,201,195,194,234,174,172,250,1078,704,374,관악로30길
2016,1,A,골목상권,1000782,1700,835,865,201,384,364,227,221,303,102,179,192,119,105,138,99,205,172,108,116,165,912,695,217,관악로28길
2016,1,A,골목상권,1000781,1580,801,779,195,423,349,207,174,232,97,214,189,110,87,104,98,209,160,97,87,128,916,44,872,관악로14길
2016,1,A,골목상권,1000780,4089,2082,2007,503,1095,904,535,450,602,250,556,495,285,225,271,253,539,409,250,225,331,2366,293,2073,관악로10길
2016,1,A,골목상권,1000779,2052,1009,1043,316,325,324,331,321,435,165,174,163,168,152,187,151,151,161,163,169,248,981,16,965,흑석로9길
2016,1,A,골목상권,1000778,2180,1071,1109,336,343,340,351,343,467,175,182,171,180,163,200,161,161,169,171,180,267,1040,27,1013,흑석로13길
2016,1,A,골목상권,1000777,2628,1338,1290,289,461,391,398,472,617,151,244,221,208,233,281,138,217,170,190,239,336,1323,0,1323,장승배기로27길
2016,1,A,골목상권,1000776,2174,1110,1064,241,382,322,329,392,508,126,204,181,173,193,233,115,178,141,156,199,275,1095,0,1095,장승배기로19길
2016,1,A,골목상권,1000775,279,137,142,45,43,52,44,41,54,23,21,26,22,20,25,22,22,26,22,21,29,126,18,108,장승배기로10길
2016,1,A,골목상권,1000774,2234,1074,1160,454,345,330,418,315,372,230,166,160,203,155,160,224,179,170,215,160,212,883,736,147,여의대방로46길
2016,1,A,골목상권,1000773,2728,1315,1413,551,412,419,505,386,455,282,196,206,246,188,197,269,216,213,259,198,258,1085,232,853,여의대방로24길
2016,1,A,골목상권,1000772,4008,1965,2043,794,563,706,714,536,695,415,261,353,353,262,321,379,302,353,361,274,374,1662,127,1535,여의대방로22카길
2016,1,A,골목상권,1000771,3209,1577,1632,638,451,566,570,427,557,336,208,283,283,209,258,302,243,283,287,218,299,1321,192,1129,여의대방로22나길
2016,1,A,골목상권,1000770,2337,1148,1189,467,328,409,413,312,408,245,152,205,204,154,188,222,176,204,209,158,220,973,186,787,여의대방로22길
2016,1,A,골목상권,1000769,1550,770,780,256,221,283,247,242,301,135,113,148,124,116,134,121,108,135,123,126,167,645,186,459,양녕로26길
2016,1,A,골목상권,1000768,6501,3178,3323,1318,869,978,1180,1008,1148,660,427,481,583,492,535,658,442,497,597,516,613,2534,0,2534,신대방길
2016,1,A,골목상권,1000767,2276,1126,1150,377,321,416,364,357,441,197,164,218,183,171,193,180,157,198,181,186,248,940,0,940,성대로29길
2016,1,A,골목상권,1000766,1063,523,540,175,149,195,171,168,205,91,76,101,86,80,89,84,73,94,85,88,116,439,0,439,성대로1길
2016,1,A,골목상권,1000765,512,252,260,79,82,81,82,79,109,41,44,41,41,38,47,38,38,40,41,41,62,249,0,249,서달로8가길
2016,1,A,골목상권,1000764,418,206,212,64,67,64,66,66,91,33,36,32,34,31,40,31,31,32,32,35,51,201,0,201,서달로15길
2016,1,A,골목상권,1000763,323,159,164,50,52,50,51,51,69,26,28,25,26,24,30,24,24,25,25,27,39,160,0,160,서달로14길
2016,1,A,골목상권,1000762,3266,1608,1658,505,518,512,525,511,695,263,276,259,266,245,299,242,242,253,259,266,396,1589,0,1589,서달로10길
2016,1,A,골목상권,1000761,2418,1193,1225,407,471,426,362,330,422,210,246,210,186,152,189,197,225,216,176,178,233,1052,11,1041,상도로62길
2016,1,A,골목상권,1000760,4342,2143,2199,727,844,763,652,596,760,375,441,377,337,273,340,352,403,386,315,323,420,1791,347,1444,상도로61길
2016,1,A,골목상권,1000759,4150,2046,2104,692,810,730,621,570,727,357,422,361,319,262,325,335,388,369,302,308,402,1836,155,1681,상도로47길
2016,1,A,골목상권,1000758,1610,794,816,269,314,284,239,222,282,139,163,140,123,103,126,130,151,144,116,119,156,708,27,681,상도로37길
2016,1,A,골목상권,1000757,3856,1878,1978,618,594,724,610,555,755,318,292,361,309,259,339,300,302,363,301,296,416,1705,147,1558,상도로15길
2016,1,A,골목상권,1000756,2322,1140,1182,388,333,452,375,342,432,206,164,227,191,159,193,182,169,225,184,183,239,1108,17,1091,사당로8길
2016,1,A,골목상권,1000755,1326,634,692,141,267,293,173,200,252,75,120,148,88,87,116,66,147,145,85,113,136,654,0,654,사당로30길
2016,1,A,골목상권,1000754,2036,1002,1034,339,291,397,330,299,380,180,144,200,168,140,170,159,147,197,162,159,210,972,166,806,사당로2차길
2016,1,A,골목상권,1000753,3742,1831,1911,597,531,676,562,584,792,308,261,331,286,278,367,289,270,345,276,306,425,1496,8,1488,사당로29길
2016,1,A,골목상권,1000752,3229,1549,1680,346,651,711,418,487,616,184,294,361,215,212,283,162,357,350,203,275,333,1589,24,1565,사당로26길
2016,1,A,골목상권,1000751,1777,871,906,283,252,319,266,279,378,147,124,157,134,133,176,136,128,162,132,146,202,710,0,710,사당로23나길
2016,1,A,골목상권,1000750,1512,738,774,243,213,273,227,237,319,126,104,133,115,112,148,117,109,140,112,125,171,605,214,391,사당로23길
2016,1,A,골목상권,1000749,3023,1458,1565,341,581,652,404,459,586,179,267,332,208,203,269,162,314,320,196,256,317,1456,0,1456,사당로20길
2016,1,A,골목상권,1000748,3490,1697,1793,487,543,682,527,535,716,252,267,346,272,246,314,235,276,336,255,289,402,1501,12,1489,사당로16길
2016,1,A,골목상권,1000747,2268,1105,1163,328,344,445,348,346,457,171,169,226,177,160,202,157,175,219,171,186,255,1012,19,993,사당로16가길
2016,1,A,골목상권,1000746,4330,2162,2168,659,731,733,643,678,886,346,389,389,331,315,392,313,342,344,312,363,494,1843,575,1268,만양로8길
2016,1,A,골목상권,1000745,1769,883,886,270,297,299,264,279,360,141,158,158,136,130,160,129,139,141,128,149,200,745,0,745,만양로14길
2016,1,A,골목상권,1000744,2852,1381,1471,549,446,423,522,416,496,280,218,209,255,204,215,269,228,214,267,212,281,1155,153,1002,등용로14길
2016,1,A,골목상권,1000743,3711,1782,1929,397,744,820,482,560,708,211,336,417,248,245,325,186,408,403,234,315,383,1833,113,1720,동작대로7길
2016,1,A,골목상권,1000742,3326,1618,1708,496,474,643,481,528,704,262,232,319,242,242,321,234,242,324,239,286,383,1392,18,1374,동작대로35길
2016,1,A,골목상권,1000741,3571,1738,1833,533,510,691,516,563,758,281,249,340,261,260,347,252,261,351,255,303,411,1497,38,1459,동작대로33길
2016,1,A,골목상권,1000740,822,397,425,123,116,158,120,131,174,64,56,78,60,60,79,59,60,80,60,71,95,340,228,112,동작대로29길
2016,1,A,골목상권,1000739,2162,1030,1132,232,434,478,280,327,411,122,197,242,141,141,187,110,237,236,139,186,224,1064,5,1059,동작대로17길
2016,1,A,골목상권,1000738,4010,1929,2081,815,618,596,747,569,665,414,298,290,362,279,286,401,320,306,385,290,379,1577,138,1439,대방동2길
2016,1,A,골목상권,1000737,4800,2307,2493,975,738,712,896,680,799,495,356,346,436,332,342,480,382,366,460,348,457,1876,104,1772,대방동27길
2016,1,A,골목상권,1000736,3469,1752,1717,439,596,516,548,595,775,226,313,283,285,294,351,213,283,233,263,301,424,1676,0,1676,노량진로6길
2016,1,A,골목상권,1000735,4141,2019,2122,656,610,759,668,619,829,334,306,385,334,288,372,322,304,374,334,331,457,1738,52,1686,국사봉길
2016,1,A,골목상권,1000734,1741,852,889,336,245,310,309,234,307,175,114,155,153,113,142,161,131,155,156,121,165,726,16,710,국사봉2길
2016,1,A,골목상권,1000733,3224,1574,1650,510,475,592,522,479,646,260,239,301,261,222,291,250,236,291,261,257,355,1345,12,1333,국사봉1길
2016,1,A,골목상권,1000732,3518,1774,1744,540,491,631,572,578,706,277,249,323,300,296,329,263,242,308,272,282,377,1642,90,1552,영신로9길
2016,1,A,골목상권,1000731,1950,992,958,270,312,323,324,309,412,143,161,180,171,154,183,127,151,143,153,155,229,1028,117,911,영등포로84길
2016,1,A,골목상권,1000730,2250,1143,1107,279,366,373,369,366,497,145,188,213,196,181,220,134,178,160,173,185,277,1231,0,1231,영등포로80길
2016,1,A,골목상권,1000729,1870,947,923,294,254,324,302,314,382,152,131,164,160,162,178,142,123,160,142,152,204,829,28,801,영등포로62길
2016,1,A,골목상권,1000728,1506,858,648,142,282,298,218,252,314,77,136,173,141,161,170,65,146,125,77,91,144,973,0,973,영등포로35길
2016,1,A,골목상권,1000727,2770,1374,1396,382,425,572,423,418,550,189,201,301,228,201,254,193,224,271,195,217,296,1329,99,1230,영등포로27길
2016,1,A,골목상권,1000726,2637,1305,1332,361,405,543,401,399,528,177,192,285,215,192,244,184,213,258,186,207,284,1266,0,1266,영등포로25길
2016,1,A,골목상권,1000725,2599,1320,1279,367,413,430,436,412,541,193,212,240,227,207,241,174,201,190,209,205,300,1335,341,994,여의대방로61길
2016,1,A,골목상권,1000724,2717,1370,1347,534,394,453,487,404,445,282,205,234,241,209,199,252,189,219,246,195,246,1257,500,757,여의대방로43나길
2016,1,A,골목상권,1000723,777,392,385,166,109,130,144,111,117,88,57,65,72,58,52,78,52,65,72,53,65,396,0,396,여의대방로39길
2016,1,A,골목상권,1000722,2446,1223,1223,446,351,403,411,386,449,236,180,206,204,194,203,210,171,197,207,192,246,1110,18,1092,여의대방로35길
2016,1,A,골목상권,1000721,2894,1454,1440,540,454,596,489,412,403,280,215,306,256,214,183,260,239,290,233,198,220,1214,722,492,양평로28길
2016,1,A,골목상권,1000720,1147,576,571,215,180,237,193,162,160,111,85,121,102,84,73,104,95,116,91,78,87,483,190,293,양평로22라길
2016,1,A,골목상권,1000719,3293,1656,1637,614,516,681,557,465,460,318,245,351,292,242,208,296,271,330,265,223,252,1386,786,600,양평로19길
2016,1,A,골목상권,1000718,4231,2140,2091,666,575,729,685,714,862,343,297,370,359,370,401,323,278,359,326,344,461,1892,0,1892,신길로60길
2016,1,A,골목상권,1000717,3124,1578,1546,428,432,396,519,619,730,222,225,221,267,314,329,206,207,175,252,305,401,1416,76,1340,신길로42길
2016,1,A,골목상권,1000716,4996,2524,2472,649,760,738,823,894,1132,335,388,417,429,449,506,314,372,321,394,445,626,2509,245,2264,신길로42가길
2016,1,A,골목상권,1000715,1574,788,786,247,200,233,278,286,330,132,102,121,139,143,151,115,98,112,139,143,179,645,0,645,신길로39길
2016,1,A,골목상권,1000714,3319,1664,1655,487,433,452,560,613,774,253,229,246,281,303,352,234,204,206,279,310,422,1499,31,1468,신길로17길
2016,1,A,골목상권,1000713,1511,759,752,246,209,356,242,186,272,127,100,186,136,91,119,119,109,170,106,95,153,795,100,695,선유서로28길
2016,1,A,골목상권,1000712,3212,1614,1598,525,444,752,513,398,580,269,213,393,288,195,256,256,231,359,225,203,324,1586,576,1010,선유서로25길
2016,1,A,골목상권,1000711,1626,817,809,267,223,380,262,200,294,138,107,198,146,99,129,129,116,182,116,101,165,936,95,841,선유서로24길
2016,1,A,골목상권,1000710,3868,1948,1920,722,610,802,651,544,539,374,289,414,342,283,246,348,321,388,309,261,293,1652,71,1581,선유로55길
2016,1,A,골목상권,1000709,959,484,475,134,135,130,159,176,225,71,71,72,82,86,102,63,64,58,77,90,123,440,0,440,디지털로74길
2016,1,A,골목상권,1000708,1301,642,659,164,166,193,218,240,320,85,83,103,109,117,145,79,83,90,109,123,175,653,15,638,디지털로57길
2016,1,A,골목상권,1000707,2225,1101,1124,283,284,331,370,411,546,150,142,174,185,200,250,133,142,157,185,211,296,1129,0,1129,디지털로37길
2016,1,A,골목상권,1000706,1540,782,758,191,255,253,252,251,338,100,130,145,133,125,149,91,125,108,119,126,189,839,0,839,도신로62길
2016,1,A,골목상권,1000705,796,407,389,98,130,134,128,130,176,52,65,78,68,65,79,46,65,56,60,65,97,439,0,439,도신로60길
2016,1,A,골목상권,1000704,2033,1022,1011,288,301,399,328,319,398,152,144,209,173,161,183,136,157,190,155,158,215,1060,84,976,도신로29길
2016,1,A,골목상권,1000703,2532,1276,1256,357,375,507,409,390,494,189,179,267,218,196,227,168,196,240,191,194,267,1333,0,1333,도신로15길
2016,1,A,골목상권,1000702,2178,1080,1098,275,278,329,360,402,534,145,139,174,180,198,244,130,139,155,180,204,290,1092,206,886,도림천로21길
2016,1,A,골목상권,1000701,1861,927,934,280,232,255,318,342,434,142,121,137,159,171,197,138,111,118,159,171,237,838,0,838,도림로63길
2016,1,A,골목상권,1000700,1608,797,811,330,185,327,273,208,285,172,88,157,143,104,133,158,97,170,130,104,152,1111,0,1111,도림로147길
2016,1,A,골목상권,1000699,3522,1777,1745,503,516,690,569,550,694,265,251,361,302,278,320,238,265,329,267,272,374,1851,0,1851,도림로112길
2016,1,A,골목상권,1000698,3307,1669,1638,465,461,454,546,606,775,250,245,251,275,296,352,215,216,203,271,310,423,1516,19,1497,대림로8길
2016,1,A,골목상권,1000697,1141,566,575,146,143,172,190,210,280,78,71,91,95,103,128,68,72,81,95,107,152,579,0,579,대림로7길
2016,1,A,골목상권,1000696,2210,1122,1088,347,306,372,366,393,426,184,158,200,184,198,198,163,148,172,182,195,228,959,32,927,대림로44길
2016,1,A,골목상권,1000695,2426,1230,1196,380,333,406,402,435,470,201,170,217,203,219,220,179,163,189,199,216,250,1049,116,933,대림로34길
2016,1,A,골목상권,1000694,2534,1281,1253,398,352,427,419,451,487,211,181,226,211,226,226,187,171,201,208,225,261,1074,146,928,대림로31길
2016,1,A,골목상권,1000693,3421,1733,1688,535,475,577,563,612,659,283,246,307,283,307,307,252,229,270,280,305,352,1484,298,1186,대림로29길
2016,1,A,골목상권,1000692,3115,1576,1539,436,434,428,516,568,733,236,231,237,262,278,332,200,203,191,254,290,401,1422,493,929,대림로22길
2016,1,A,골목상권,1000691,3732,1768,1964,576,716,810,527,508,595,288,304,399,261,241,275,288,412,411,266,267,320,1863,42,1821,당산로46길
2016,1,A,골목상권,1000690,2393,1136,1257,368,460,519,339,327,380,184,195,256,169,155,177,184,265,263,170,172,203,1152,5,1147,당산로38길
2016,1,A,골목상권,1000689,1394,662,732,216,269,301,198,188,222,108,115,148,99,89,103,108,154,153,99,99,119,667,184,483,당산로37길
2016,1,A,골목상권,1000688,847,420,427,119,128,173,131,127,169,59,61,90,70,61,79,60,67,83,61,66,90,408,45,363,당산로31길
2016,1,A,골목상권,1000687,2588,1477,1111,245,481,512,377,437,536,133,231,298,244,280,291,112,250,214,133,157,245,1641,141,1500,국회대로56길
2016,1,A,골목상권,1000686,306,152,154,64,34,63,52,38,55,34,15,30,28,19,26,30,19,33,24,19,29,169,0,169,경인로90길
2016,1,A,골목상권,1000685,669,334,335,138,78,138,115,82,118,72,38,66,60,41,57,66,40,72,55,41,61,353,0,353,경인로80길
2016,1,A,골목상권,1000684,1156,574,582,238,133,236,195,150,204,123,63,114,104,75,95,115,70,122,91,75,109,653,0,653,경인로77길
2016,1,A,골목상권,1000683,1685,847,838,267,213,254,296,302,353,143,111,132,148,151,162,124,102,122,148,151,191,693,0,693,가마산로61길
2016,1,A,골목상권,1000682,4473,2269,2204,672,663,631,779,881,847,346,350,342,390,446,395,326,313,289,389,435,452,1990,79,1911,시흥대로94길
2016,1,A,골목상권,1000681,6553,3316,3237,1036,933,992,1110,1217,1265,537,492,527,560,608,592,499,441,465,550,609,673,2844,47,2797,시흥대로84길
2016,1,A,골목상권,1000680,2768,1396,1372,464,373,455,456,474,546,242,198,235,232,233,256,222,175,220,224,241,290,1170,0,1170,시흥대로68길
2016,1,A,골목상권,1000679,1116,562,554,185,150,184,184,191,222,96,79,95,94,95,103,89,71,89,90,96,119,475,328,147,시흥대로63길
2016,1,A,골목상권,1000678,4517,2280,2237,755,611,738,744,777,892,396,323,383,379,381,418,359,288,355,365,396,474,1900,28,1872,시흥대로62가길
2016,1,A,골목상권,1000677,2374,1195,1179,376,304,351,372,431,540,188,162,188,194,208,255,188,142,163,178,223,285,967,10,957,시흥대로36길
2016,1,A,골목상권,1000676,2976,1502,1474,471,384,444,464,538,675,237,204,240,241,261,319,234,180,204,223,277,356,1212,107,1105,시흥대로22길
2016,1,A,골목상권,1000675,1823,1016,807,180,391,401,260,296,295,90,201,250,156,167,152,90,190,151,104,129,143,1080,164,916,시흥대로153길
2016,1,A,골목상권,1000674,3570,1802,1768,499,504,526,606,706,729,252,258,287,304,359,342,247,246,239,302,347,387,1656,323,1333,시흥대로150길
2016,1,A,골목상권,1000673,4610,2429,2181,645,801,900,704,712,848,334,426,522,387,369,391,311,375,378,317,343,457,2171,52,2119,시흥대로141길
2016,1,A,골목상권,1000672,795,401,394,110,113,118,131,159,164,55,58,64,66,81,77,55,55,54,65,78,87,368,36,332,시흥대로138길
2016,1,A,골목상권,1000671,3688,1864,1824,551,513,523,670,719,712,277,266,276,337,373,335,274,247,247,333,346,377,1644,56,1588,시흥대로120길
2016,1,A,골목상권,1000670,1793,996,797,180,383,394,255,291,290,90,196,245,152,164,149,90,187,149,103,127,141,1073,0,1073,벚꽃로56길
2016,1,A,골목상권,1000669,1600,844,756,225,279,314,243,245,294,117,149,182,133,127,136,108,130,132,110,118,158,756,304,452,범안로17길
2016,1,A,골목상권,1000668,933,492,441,132,164,182,141,142,172,68,89,106,77,73,79,64,75,76,64,69,93,445,98,347,범안로11길
2016,1,A,골목상권,1000667,3926,1989,1937,546,556,578,669,776,801,278,289,316,336,395,375,268,267,262,333,381,426,1827,91,1736,문성로5길
2016,1,A,골목상권,1000666,705,357,348,98,99,104,120,140,144,50,52,57,60,71,67,48,47,47,60,69,77,327,11,316,독산로85길
2016,1,A,골목상권,1000665,3643,1840,1803,541,510,515,663,710,704,271,266,271,333,367,332,270,244,244,330,343,372,1632,116,1516,독산로78다길
2016,1,A,골목상권,1000664,2791,1414,1377,415,393,392,506,547,538,209,206,208,254,284,253,206,187,184,252,263,285,1253,0,1253,독산로70길
2016,1,A,골목상권,1000663,2480,1258,1222,371,370,351,428,488,472,192,195,190,214,247,220,179,175,161,214,241,252,1101,22,1079,독산로64길
2016,1,A,골목상권,1000662,1692,849,843,278,232,239,283,316,344,143,122,125,143,158,158,135,110,114,140,158,186,683,180,503,독산로50길
2016,1,A,골목상권,1000661,2716,1361,1355,446,375,382,455,505,553,227,197,199,230,252,256,219,178,183,225,253,297,1114,47,1067,독산로40길
2016,1,A,골목상권,1000660,2029,1027,1002,285,289,300,346,398,411,144,150,163,175,203,192,141,139,137,171,195,219,944,43,901,독산로108길
2016,1,A,골목상권,1000659,2270,1267,1003,227,485,499,326,365,368,116,250,311,194,206,190,111,235,188,132,159,178,1351,20,1331,남부순환로112길
2016,1,A,골목상권,1000658,5589,2794,2795,905,720,747,950,994,1273,466,379,405,477,507,560,439,341,342,473,487,713,2423,0,2423,금하로24길
2016,1,A,골목상권,1000657,2532,1331,1201,354,437,498,385,392,466,182,231,289,211,202,216,172,206,209,174,190,250,1193,0,1193,금하로1길
2016,1,A,골목상권,1000656,2324,1171,1153,390,312,381,383,400,458,204,164,197,195,197,214,186,148,184,188,203,244,982,37,945,금하로14길
2016,1,A,골목상권,1000655,2137,1183,954,219,448,468,309,343,350,110,231,291,183,190,178,109,217,177,126,153,172,1258,145,1113,가산로5길
2016,1,A,골목상권,1000654,1189,632,557,160,214,236,179,185,215,83,113,138,100,97,101,77,101,98,79,88,114,583,19,564,가산로3길
2016,1,A,골목상권,1000653,822,412,410,149,113,123,132,138,167,77,61,63,66,68,77,72,52,60,66,70,90,315,299,16,중앙로1길
2016,1,A,골목상권,1000652,1300,653,647,245,170,197,230,214,244,128,88,99,118,108,112,117,82,98,112,106,132,508,184,324,중앙로15길
2016,1,A,골목상권,1000651,1244,677,567,119,136,154,232,287,316,63,74,89,132,169,150,56,62,65,100,118,166,752,0,752,우마길
2016,1,A,골목상권,1000650,3184,1567,1617,706,377,558,521,444,578,361,188,274,268,210,266,345,189,284,253,234,312,1160,54,1106,오류로8길
2016,1,A,골목상권,1000649,1344,657,687,288,169,265,225,192,205,146,80,126,113,93,99,142,89,139,112,99,106,619,0,619,신도림로13길
2016,1,A,골목상권,1000648,2784,1366,1418,430,464,564,426,419,481,219,211,282,220,208,226,211,253,282,206,211,255,1204,677,527,새말로18길
2016,1,A,골목상권,1000647,765,382,383,143,98,132,124,122,146,77,49,67,63,59,67,66,49,65,61,63,79,294,0,294,부일로1길
2016,1,A,골목상권,1000646,1598,798,800,300,204,281,256,253,304,160,104,141,131,121,141,140,100,140,125,132,163,613,9,604,부일로15길
2016,1,A,골목상권,1000645,1458,731,727,271,186,256,235,230,280,145,96,130,120,110,130,126,90,126,115,120,150,560,19,541,부일로11길
2016,1,A,골목상권,1000644,2436,1229,1207,351,453,602,379,285,366,177,210,327,211,137,167,174,243,275,168,148,199,1206,65,1141,디지털로32길
2016,1,A,골목상권,1000643,3974,2009,1965,577,737,981,619,463,597,293,343,533,345,223,272,284,394,448,274,240,325,1891,90,1801,디지털로32가길
2016,1,A,골목상권,1000642,1105,591,514,120,141,170,198,224,252,61,73,96,113,129,119,59,68,74,85,95,133,613,0,613,디지털로27길
2016,1,A,골목상권,1000641,1878,969,909,245,310,400,309,279,335,125,148,220,173,147,156,120,162,180,136,132,179,904,310,594,도림로6길
2016,1,A,골목상권,1000640,1834,928,906,267,342,453,286,212,274,135,159,246,161,102,125,132,183,207,125,110,149,911,487,424,도림로12길
2016,1,A,골목상권,1000639,1221,602,619,218,151,221,181,192,258,112,76,112,92,87,123,106,75,109,89,105,135,456,442,14,남부순환로97길
2016,1,A,골목상권,1000638,3417,1700,1717,472,452,639,549,555,750,247,219,336,290,272,336,225,233,303,259,283,414,1654,368,1286,구로중앙로8길
2016,1,A,골목상권,1000637,1041,515,526,145,138,195,168,167,228,76,66,102,88,81,102,69,72,93,80,86,126,493,0,493,구로중앙로7길
2016,1,A,골목상권,1000636,1882,922,960,401,236,372,318,271,284,203,113,178,161,131,136,198,123,194,157,140,148,794,0,794,구로중앙로42길
2016,1,A,골목상권,1000635,1955,958,997,302,326,396,300,294,337,154,148,198,155,146,157,148,178,198,145,148,180,863,10,853,구로중앙로34길
2016,1,A,골목상권,1000634,3929,1927,2002,606,654,794,604,593,678,308,297,398,312,295,317,298,357,396,292,298,361,1749,275,1474,구로중앙로28길
2016,1,A,골목상권,1000633,811,410,401,109,104,113,141,151,193,57,52,61,75,77,88,52,52,52,66,74,105,389,0,389,구로중앙로19길
2016,1,A,골목상권,1000632,7783,3876,3907,1077,1031,1460,1257,1258,1700,563,502,768,662,617,764,514,529,692,595,641,936,3793,1663,2130,구로동로8길
2016,1,A,골목상권,1000631,3172,1668,1504,362,380,414,580,660,776,186,199,233,320,368,362,176,181,181,260,292,414,1739,167,1572,구로동로7길
2016,1,A,골목상권,1000630,2461,1247,1214,329,322,346,427,452,585,168,161,190,226,233,269,161,161,156,201,219,316,1186,128,1058,구로동로42길
2016,1,A,골목상권,1000629,2350,1189,1161,314,307,334,410,430,555,161,154,184,217,220,253,153,153,150,193,210,302,1148,19,1129,구로동로41길
2016,1,A,골목상권,1000628,2348,1187,1161,314,305,331,409,431,558,161,153,184,216,219,254,153,152,147,193,212,304,1155,19,1136,구로동로38길
2016,1,A,골목상권,1000627,1682,846,836,228,217,273,284,295,385,119,107,147,151,147,175,109,110,126,133,148,210,810,45,765,구로동로28길
2016,1,A,골목상권,1000626,1279,645,634,171,168,179,223,237,301,87,84,98,119,120,137,84,84,81,104,117,164,624,0,624,구로동로15길
2016,1,A,골목상권,1000625,1118,548,570,174,186,225,172,169,192,88,85,113,88,84,90,86,101,112,84,85,102,493,349,144,공원로6가길
2016,1,A,골목상권,1000624,3285,1649,1636,602,439,495,557,548,644,313,230,253,283,272,298,289,209,242,274,276,346,1293,684,609,고척로52길
2016,1,A,골목상권,1000623,5326,2675,2651,1009,700,796,946,871,1004,529,357,403,484,438,464,480,343,393,462,433,540,2114,13,2101,고척로27다길
2016,1,A,골목상권,1000622,2574,1290,1284,446,335,405,420,438,530,227,172,207,216,219,249,219,163,198,204,219,281,1045,46,999,고척로27길
2016,1,A,골목상권,1000621,2879,1438,1441,501,370,451,464,495,598,252,186,230,241,246,283,249,184,221,223,249,315,1154,24,1130,고척로21나길
2016,1,A,골목상권,1000620,977,490,487,180,133,147,156,165,196,93,71,76,78,81,91,87,62,71,78,84,105,378,200,178,경인로47길
2016,1,A,골목상권,1000619,3811,1911,1900,687,498,585,646,636,759,353,255,298,333,319,353,334,243,287,313,317,406,1541,0,1541,경인로35길
2016,1,A,골목상권,1000618,1993,999,994,346,260,312,324,339,412,176,132,160,167,169,195,170,128,152,157,170,217,814,0,814,경인로31길
2016,1,A,골목상권,1000617,5398,2663,2735,796,834,1038,790,830,1110,394,400,543,416,396,514,402,434,495,374,434,596,2410,61,2349,경인로15길
2016,1,A,골목상권,1000616,2714,1344,1370,485,344,458,445,436,546,250,181,235,223,201,254,235,163,223,222,235,292,1046,84,962,개봉로3길
2016,1,A,골목상권,1000615,2532,1253,1279,452,318,440,400,403,519,233,164,226,202,184,244,219,154,214,198,219,275,966,35,931,개봉로2길
2016,1,A,골목상권,1000614,1012,508,504,176,131,157,164,174,210,89,66,80,86,87,100,87,65,77,78,87,110,405,173,232,개봉로23가길
2016,1,A,골목상권,1000613,3154,1551,1603,558,392,574,466,496,668,285,197,292,234,225,318,273,195,282,232,271,350,1175,1104,71,개봉로20길
2016,1,A,골목상권,1000612,2361,1167,1194,423,295,400,387,380,476,217,154,206,194,174,222,206,141,194,193,206,254,918,157,761,개봉로1길
2016,1,A,골목상권,1000611,4404,2173,2231,784,547,796,650,694,933,402,276,405,329,315,446,382,271,391,321,379,487,1619,118,1501,개봉로17다길
2016,1,A,골목상권,1000610,6815,3362,3453,1213,844,1235,1008,1072,1443,622,425,630,510,486,689,591,419,605,498,586,754,2516,96,2420,개봉로17길
2016,1,A,골목상권,1000609,5263,2609,2654,942,666,889,861,847,1058,484,350,460,433,387,495,458,316,429,428,460,563,2030,55,1975,개봉로11길
2016,1,A,골목상권,1000608,4053,1935,2118,629,770,873,616,570,595,341,306,441,298,283,266,288,464,432,318,287,329,2007,569,1438,화곡로64길
2016,1,A,골목상권,1000607,2185,1080,1105,356,327,408,336,371,387,190,158,211,168,174,179,166,169,197,168,197,208,924,397,527,화곡로59길
2016,1,A,골목상권,1000606,3037,1489,1548,510,447,594,482,485,519,265,215,307,243,225,234,245,232,287,239,260,285,1293,116,1177,화곡로44나길
2016,1,A,골목상권,1000605,7516,3627,3889,1728,924,1210,1446,1090,1118,849,453,568,706,524,527,879,471,642,740,566,591,2596,69,2527,화곡로31길
2016,1,A,골목상권,1000604,2454,1214,1240,402,364,457,392,401,438,205,180,240,193,193,203,197,184,217,199,208,235,1048,114,934,화곡로20길
2016,1,A,골목상권,1000603,3250,1596,1654,560,488,515,514,563,610,288,243,260,248,272,285,272,245,255,266,291,325,1255,123,1132,화곡로13길
2016,1,A,골목상권,1000602,7456,3672,3784,1573,936,1338,1209,1136,1264,794,458,664,622,545,589,779,478,674,587,591,675,2461,19,2442,초원로16길
2016,1,A,골목상권,1000601,4874,2382,2492,866,688,1035,818,688,779,438,337,534,420,311,342,428,351,501,398,377,437,2118,10,2108,초록마을로8길
2016,1,A,골목상권,1000600,2819,1377,1442,503,402,596,472,396,450,253,197,307,243,179,198,250,205,289,229,217,252,1231,171,1060,초록마을로3길
2016,1,A,골목상권,1000599,1843,916,927,249,292,397,268,296,341,127,142,213,137,137,160,122,150,184,131,159,181,888,352,536,월정로20길
2016,1,A,골목상권,1000598,5753,2784,2969,1325,707,922,1106,833,860,650,349,431,543,405,406,675,358,491,563,428,454,2006,861,1145,우장산로6길
2016,1,A,골목상권,1000597,2357,1163,1194,556,302,400,456,347,296,287,151,191,226,173,135,269,151,209,230,174,161,806,459,347,양천로73가길
2016,1,A,골목상권,1000596,4310,2129,2181,1019,552,731,834,635,539,527,275,348,414,317,248,492,277,383,420,318,291,1479,1395,84,양천로71길
2016,1,A,골목상권,1000595,653,320,333,117,111,124,103,108,90,61,52,62,51,52,42,56,59,62,52,56,48,253,74,179,양천로49길
2016,1,A,골목상권,1000594,1546,758,788,330,192,278,251,235,260,167,94,137,128,111,121,163,98,141,123,124,139,572,550,22,양천로26길
2016,1,A,골목상권,1000593,5505,2706,2799,1176,681,990,895,836,927,595,332,489,460,399,431,581,349,501,435,437,496,1875,723,1152,양천로24길
2016,1,A,골목상권,1000592,3549,1748,1801,759,440,637,577,539,597,384,216,315,297,258,278,375,224,322,280,281,319,1235,468,767,양천로24가길
2016,1,A,골목상권,1000591,3567,1758,1809,519,520,572,538,605,813,267,252,304,286,293,356,252,268,268,252,312,457,1619,838,781,양천로14길
2016,1,A,골목상권,1000590,3862,1973,1889,550,597,698,605,642,770,285,296,382,329,319,362,265,301,316,276,323,408,1920,0,1920,방화대로6라길
2016,1,A,골목상권,1000589,2547,1291,1256,413,373,457,405,413,486,212,185,245,218,204,227,201,188,212,187,209,259,1139,48,1091,방화대로21길
2016,1,A,골목상권,1000588,1480,732,748,234,202,272,240,248,284,121,104,142,120,115,130,113,98,130,120,133,154,631,111,520,등촌로5길
2016,1,A,골목상권,1000587,3160,1575,1585,554,505,517,494,552,538,304,261,260,233,261,256,250,244,257,261,291,282,1176,219,957,등촌로55길
2016,1,A,골목상권,1000586,2293,1146,1147,401,366,376,362,400,388,219,191,191,170,191,184,182,175,185,192,209,204,848,268,580,등촌로51길
2016,1,A,골목상권,1000585,3107,1548,1559,544,498,508,488,539,530,298,257,257,228,257,251,246,241,251,260,282,279,1156,47,1109,등촌로39길
2016,1,A,골목상권,1000584,3799,1882,1917,605,527,690,619,635,723,317,273,359,308,294,331,288,254,331,311,341,392,1605,24,1581,등촌로13길
2016,1,A,골목상권,1000583,3658,1873,1785,518,566,658,575,610,731,270,280,363,315,303,342,248,286,295,260,307,389,1794,148,1646,남부순환로11길
2016,1,A,골목상권,1000582,4104,2006,2098,730,581,867,692,581,653,370,284,447,355,263,287,360,297,420,337,318,366,1784,19,1765,까치산로4길
2016,1,A,골목상권,1000581,2591,1278,1313,439,341,488,436,411,476,226,173,253,219,189,218,213,168,235,217,222,258,1151,140,1011,국회대로7길
2016,1,A,골목상권,1000580,3559,1821,1738,508,547,645,554,594,711,264,271,354,303,296,333,244,276,291,251,298,378,1760,55,1705,공항대로8길
2016,1,A,골목상권,1000579,2622,1282,1340,558,383,480,475,381,345,291,177,233,235,189,157,267,206,247,240,192,188,1048,385,663,공항대로61길
2016,1,A,골목상권,1000578,3774,1863,1911,893,484,639,733,552,473,461,241,303,365,276,217,432,243,336,368,276,256,1314,490,824,공항대로59다길
2016,1,A,골목상권,1000577,3037,1449,1588,469,578,654,463,424,449,254,230,330,224,211,200,215,348,324,239,213,249,1496,0,1496,공항대로59길
2016,1,A,골목상권,1000576,2663,1273,1390,413,510,574,401,374,391,225,204,289,194,186,175,188,306,285,207,188,216,1356,225,1131,공항대로55길
2016,1,A,골목상권,1000575,1368,660,708,314,167,220,265,199,203,154,81,102,129,97,97,160,86,118,136,102,106,477,117,360,공항대로42길
2016,1,A,골목상권,1000574,298,145,153,69,36,49,57,43,44,34,18,23,28,21,21,35,18,26,29,22,23,105,0,105,공항대로38길
2016,1,A,골목상권,1000573,2083,1031,1052,332,285,380,338,347,401,173,148,197,169,161,183,159,137,183,169,186,218,891,41,850,곰달래로60길
2016,1,A,골목상권,1000572,3600,1781,1819,573,490,657,587,602,691,298,255,341,294,277,316,275,235,316,293,325,375,1534,149,1385,곰달래로53길
2016,1,A,골목상권,1000571,3807,1869,1938,668,494,734,657,584,670,340,246,381,329,267,306,328,248,353,328,317,364,1716,53,1663,곰달래로47길
2016,1,A,골목상권,1000570,3046,1487,1559,530,395,615,509,451,546,268,194,317,256,204,248,262,201,298,253,247,298,1394,103,1291,곰달래로31길
2016,1,A,골목상권,1000569,2723,1328,1395,443,358,567,433,404,518,225,176,291,219,182,235,218,182,276,214,222,283,1194,44,1150,곰달래로25길
2016,1,A,골목상권,1000568,2803,1383,1420,406,410,451,424,472,640,209,198,240,226,230,280,197,212,211,198,242,360,1285,140,1145,개화동로25길
2016,1,A,골목상권,1000567,4767,2349,2418,694,698,764,719,806,1086,356,339,407,381,391,475,338,359,357,338,415,611,2190,68,2122,개화동로23길
2016,1,A,골목상권,1000566,3495,1710,1785,588,457,713,572,520,645,300,224,369,289,234,294,288,233,344,283,286,351,1562,277,1285,강서로8길
2016,1,A,골목상권,1000565,3520,1721,1799,644,447,689,623,518,599,326,219,356,312,234,274,318,228,333,311,284,325,1630,169,1461,강서로5라길
2016,1,A,골목상권,1000564,1850,920,930,251,291,398,270,295,345,131,143,212,137,137,160,120,148,186,133,158,185,888,424,464,강서로5나길
2016,1,A,골목상권,1000563,1485,737,748,202,234,320,218,236,275,104,114,171,111,111,126,98,120,149,107,125,149,681,277,404,강서로5가길
2016,1,A,골목상권,1000562,4036,1930,2106,1055,478,613,796,550,544,520,239,285,390,264,232,535,239,328,406,286,312,1386,276,1110,강서로47라길
2016,1,A,골목상권,1000561,3015,1441,1574,789,356,461,591,411,407,387,178,216,290,195,175,402,178,245,301,216,232,1037,258,779,강서로47길
2016,1,A,골목상권,1000560,3299,1601,1698,525,516,519,484,585,670,268,253,257,231,276,316,257,263,262,253,309,354,1279,199,1080,강서로45다길
2016,1,A,골목상권,1000559,875,423,452,170,127,136,144,139,159,85,63,67,70,65,73,85,64,69,74,74,86,327,134,193,강서로45길
2016,1,A,골목상권,1000558,6061,2939,3122,961,950,954,894,1070,1232,492,465,469,428,505,580,469,485,485,466,565,652,2352,109,2243,강서로35길
2016,1,A,골목상권,1000557,2363,1170,1193,319,374,510,340,379,441,163,181,271,175,174,206,156,193,239,165,205,235,1122,121,1001,강서로29길
2016,1,A,골목상권,1000556,7178,3495,3683,1185,940,1474,1158,1066,1355,602,462,757,582,476,616,583,478,717,576,590,739,3150,190,2960,강서로18길
2016,1,A,골목상권,1000555,3259,1614,1645,444,514,704,473,518,606,227,249,376,241,240,281,217,265,328,232,278,325,1573,280,1293,강서로17가길
2016,1,A,골목상권,1000554,4851,2399,2452,658,764,1049,706,772,902,333,371,558,360,359,418,325,393,491,346,413,484,2317,156,2161,강서로15길
2016,1,A,골목상권,1000553,3131,1549,1582,425,493,677,456,498,582,216,240,362,231,230,270,209,253,315,225,268,312,1492,150,1342,가로공원로80길
2016,1,A,골목상권,1000552,3894,1931,1963,530,614,840,567,620,723,270,299,448,289,289,336,260,315,392,278,331,387,1844,76,1768,가로공원로76가길
2016,1,A,골목상권,1000551,1540,762,778,290,221,244,261,261,263,149,112,125,125,130,121,141,109,119,136,131,142,591,109,482,화곡로4길
2016,1,A,골목상권,1000550,2607,1287,1320,491,370,416,444,438,448,254,187,213,213,215,205,237,183,203,231,223,243,1002,406,596,화곡로3길
2016,1,A,골목상권,1000549,3943,1949,1994,675,508,651,623,673,813,340,267,346,318,318,360,335,241,305,305,355,453,1674,0,1674,지양로7길
2016,1,A,골목상권,1000548,3157,1568,1589,568,418,534,494,535,608,295,217,272,250,254,280,273,201,262,244,281,328,1312,285,1027,중앙로55길
2016,1,A,골목상권,1000547,3253,1617,1636,586,428,552,511,553,623,303,221,283,258,264,288,283,207,269,253,289,335,1330,636,694,중앙로51길
2016,1,A,골목상권,1000546,8812,4374,4438,1927,1096,1308,1675,1381,1425,1007,572,646,826,683,640,920,524,662,849,698,785,3331,18,3313,중앙로47길
2016,1,A,골목상권,1000545,4696,2330,2366,1027,586,698,893,731,761,536,307,346,440,360,341,491,279,352,453,371,420,1767,56,1711,중앙로45길
2016,1,A,골목상권,1000544,728,357,371,183,92,73,150,119,111,94,47,32,70,62,52,89,45,41,80,57,59,250,29,221,중앙로36길
2016,1,A,골목상권,1000543,607,299,308,155,74,65,128,95,90,80,37,29,61,49,43,75,37,36,67,46,47,210,81,129,중앙로32길
2016,1,A,골목상권,1000542,3587,1778,1809,785,446,536,681,559,580,410,233,264,336,275,260,375,213,272,345,284,320,1355,43,1312,중앙로25길
2016,1,A,골목상권,1000541,3608,1774,1834,568,512,678,569,588,693,288,246,353,280,280,327,280,266,325,289,308,366,1585,206,1379,은행정로7길
2016,1,A,골목상권,1000540,595,291,304,148,76,61,125,95,90,76,39,26,59,49,42,72,37,35,66,46,48,203,24,179,은행정로5길
2016,1,A,골목상권,1000539,2709,1334,1375,563,320,477,437,421,491,287,162,235,218,202,230,276,158,242,219,219,261,947,558,389,오목로5길
2016,1,A,골목상권,1000538,3838,1892,1946,801,455,677,613,593,699,408,228,334,306,287,329,393,227,343,307,306,370,1341,729,612,오목로3길
2016,1,A,골목상권,1000537,4119,2025,2094,648,584,771,648,674,794,328,278,403,319,320,377,320,306,368,329,354,417,1814,51,1763,오목로30길
2016,1,A,골목상권,1000536,5416,2665,2751,855,768,1016,854,880,1043,435,367,531,418,419,495,420,401,485,436,461,548,2378,148,2230,오목로23길
2016,1,A,골목상권,1000535,1881,954,927,313,258,260,302,357,391,166,138,139,155,172,184,147,120,121,147,185,207,835,99,736,신월로20길
2016,1,A,골목상권,1000534,5466,2691,2775,1136,645,963,875,851,996,579,325,472,436,412,467,557,320,491,439,439,529,1919,843,1076,신월로15길
2016,1,A,골목상권,1000533,3499,1727,1772,833,477,362,726,611,490,436,240,165,338,320,228,397,237,197,388,291,262,1316,290,1026,신목로6길
2016,1,A,골목상권,1000532,2085,1033,1052,486,289,211,426,371,302,257,146,96,198,196,140,229,143,115,228,175,162,705,447,258,신목로5길
2016,1,A,골목상권,1000531,2510,1239,1271,589,350,251,513,446,361,311,177,114,236,234,167,278,173,137,277,212,194,854,369,485,신목로2길
2016,1,A,골목상권,1000530,1818,901,917,429,256,216,381,290,246,232,136,103,172,149,109,197,120,113,209,141,137,665,46,619,목동중앙서로8가길
2016,1,A,골목상권,1000529,4376,2173,2203,1026,614,524,918,704,590,559,325,251,416,360,262,467,289,273,502,344,328,1595,139,1456,목동중앙서로7길
2016,1,A,골목상권,1000528,2357,1152,1205,379,376,414,370,406,412,204,191,210,174,187,186,175,185,204,196,219,226,1014,110,904,목동중앙북로8길
2016,1,A,골목상권,1000527,4074,1997,2077,727,655,733,660,676,623,382,327,370,309,331,278,345,328,363,351,345,345,1581,29,1552,목동중앙북로16길
2016,1,A,골목상권,1000526,2429,1196,1233,482,362,357,448,405,375,260,188,178,205,197,168,222,174,179,243,208,207,915,189,726,목동중앙본로7길
2016,1,A,골목상권,1000525,2245,1114,1131,526,316,266,474,361,302,287,168,128,214,184,133,239,148,138,260,177,169,811,72,739,목동중앙로3길
2016,1,A,골목상권,1000524,1243,611,632,220,202,224,203,205,189,116,101,113,95,101,85,104,101,111,108,104,104,484,21,463,목동중앙로13나길
2016,1,A,골목상권,1000523,2283,1126,1157,465,339,326,429,378,346,252,177,162,195,186,154,213,162,164,234,192,192,881,175,706,목동중앙남로3가길
2016,1,A,골목상권,1000522,3050,1503,1547,479,432,573,481,495,590,243,207,301,236,236,280,236,225,272,245,259,310,1333,157,1176,목동로9길
2016,1,A,골목상권,1000521,2398,1178,1220,378,341,451,376,391,461,192,164,235,183,185,219,186,177,216,193,206,242,1056,125,931,목동로19길
2016,1,A,골목상권,1000520,1151,566,585,280,157,121,238,199,156,148,79,54,108,104,73,132,78,67,130,95,83,372,170,202,목동동로8길
2016,1,A,골목상권,1000519,2936,1418,1518,785,354,354,657,440,346,398,167,152,308,229,164,387,187,202,349,211,182,1134,315,819,목동동로12길
2016,1,A,골목상권,1000518,1216,597,619,247,168,139,231,215,216,131,87,68,110,107,94,116,81,71,121,108,122,298,164,134,목동남로4길
2016,1,A,골목상권,1000517,602,297,305,132,75,90,114,94,97,69,39,44,56,46,43,63,36,46,58,48,54,223,201,22,남부순환로88길
2016,1,A,골목상권,1000516,2294,1168,1126,377,315,302,375,441,484,200,172,162,192,212,230,177,143,140,183,229,254,999,95,904,남부순환로79길
2016,1,A,골목상권,1000515,4782,2371,2411,816,612,790,763,818,983,410,320,422,391,391,437,406,292,368,372,427,546,2030,20,2010,남부순환로70길
2016,1,A,골목상권,1000514,1802,944,858,295,265,272,300,324,346,153,143,150,166,173,159,142,122,122,134,151,187,816,20,796,남부순환로58길
2016,1,A,골목상권,1000513,3292,1721,1571,540,483,496,550,592,631,279,261,271,303,318,289,261,222,225,247,274,342,1468,12,1456,남부순환로40길
2016,1,A,골목상권,1000512,4031,2000,2031,761,574,641,686,680,689,390,293,331,331,338,317,371,281,310,355,342,372,1535,104,1431,남부순환로33길
2016,1,A,골목상권,1000511,3643,1880,1763,560,486,569,603,686,739,287,253,316,316,358,350,273,233,253,287,328,389,1660,97,1563,곰달래로5길
2016,1,A,골목상권,1000510,3344,1726,1618,515,446,523,554,628,678,263,233,290,290,328,322,252,213,233,264,300,356,1515,339,1176,곰달래로3길
2016,1,A,골목상권,1000509,3738,1929,1809,574,499,584,616,706,759,294,262,322,322,369,360,280,237,262,294,337,399,1693,425,1268,곰달래로2길
2016,1,A,골목상권,1000508,3842,1985,1857,591,514,600,636,724,777,303,269,333,333,380,367,288,245,267,303,344,410,1751,32,1719,곰달래로10길
2016,1,A,골목상권,1000507,3393,1777,1616,557,495,517,563,611,650,288,269,283,312,327,298,269,226,234,251,284,352,1513,29,1484,가로공원로58길
2016,1,A,골목상권,1000506,3742,1810,1932,595,552,640,645,591,719,306,265,320,319,291,309,289,287,320,326,300,410,1671,16,1655,효창원로93길
2016,1,A,골목상권,1000505,1481,707,774,306,170,284,287,199,235,154,80,132,146,96,99,152,90,152,141,103,136,601,261,340,토정로37길
2016,1,A,골목상권,1000504,1798,833,965,202,372,417,284,220,303,100,158,196,138,106,135,102,214,221,146,114,168,1033,15,1018,월드컵로8길
2016,1,A,골목상권,1000503,2356,1127,1229,360,422,517,333,315,409,188,188,257,170,147,177,172,234,260,163,168,232,1122,0,1122,월드컵로7길
2016,1,A,골목상권,1000502,3698,1785,1913,743,470,618,696,514,657,386,228,303,342,255,271,357,242,315,354,259,386,1560,127,1433,월드컵로36길
2016,1,A,골목상권,1000501,3250,1566,1684,595,435,588,589,455,588,300,208,286,295,216,261,295,227,302,294,239,327,1310,300,1010,월드컵로25길
2016,1,A,골목상권,1000500,2106,1017,1089,316,311,416,360,303,400,164,147,204,185,143,174,152,164,212,175,160,226,949,0,949,월드컵로19길
2016,1,A,골목상권,1000499,2397,1114,1283,283,477,542,388,296,411,142,205,256,188,141,182,141,272,286,200,155,229,1317,31,1286,월드컵로16길
2016,1,A,골목상권,1000498,2571,1244,1327,387,377,510,439,373,485,200,179,251,226,177,211,187,198,259,213,196,274,1155,18,1137,월드컵로11길
2016,1,A,골목상권,1000497,1850,855,995,207,384,425,291,226,317,103,163,200,141,108,140,104,221,225,150,118,177,1039,95,944,월드컵로10길
2016,1,A,골목상권,1000496,2486,1188,1298,413,450,484,412,351,376,209,217,223,204,172,163,204,233,261,208,179,213,1305,0,1305,와우산로3길
2016,1,A,골목상권,1000495,997,462,535,114,206,230,157,121,169,57,87,108,76,58,76,57,119,122,81,63,93,569,81,488,와우산로29길
2016,1,A,골목상권,1000494,681,316,365,78,143,156,108,82,114,39,62,73,52,40,50,39,81,83,56,42,64,391,0,391,와우산로29가길
2016,1,A,골목상권,1000493,1603,770,833,246,284,354,227,215,277,128,128,176,117,100,121,118,156,178,110,115,156,759,52,707,양화진길
2016,1,A,골목상권,1000492,2953,1414,1539,451,528,650,413,395,516,235,235,323,214,183,224,216,293,327,199,212,292,1407,92,1315,양화로1길
2016,1,A,골목상권,1000491,770,358,412,88,161,178,121,92,130,44,69,84,59,44,58,44,92,94,62,48,72,436,19,417,양화로11길
2016,1,A,골목상권,1000490,793,383,410,131,112,160,126,129,135,64,53,80,63,64,59,67,59,80,63,65,76,842,0,842,신촌로30길
2016,1,A,골목상권,1000489,1839,883,956,305,263,373,286,299,313,147,123,186,144,146,137,158,140,187,142,153,176,1129,0,1129,신촌로28가길
2016,1,A,골목상권,1000488,1596,746,850,214,312,347,258,205,260,107,140,161,126,99,113,107,172,186,132,106,147,918,28,890,신촌로12길
2016,1,A,골목상권,1000487,2245,1103,1142,317,362,363,386,349,468,160,178,188,198,177,202,157,184,175,188,172,266,1173,73,1100,숭문길
2016,1,A,골목상권,1000486,2192,1078,1114,324,330,346,385,346,461,164,167,180,195,175,197,160,163,166,190,171,264,1090,192,898,숭문8길
2016,1,A,골목상권,1000485,1413,677,736,217,252,308,200,190,246,112,112,154,103,90,106,105,140,154,97,100,140,681,0,681,성지3길
2016,1,A,골목상권,1000484,3050,1454,1596,487,448,573,549,440,553,250,215,277,263,206,243,237,233,296,286,234,310,1359,144,1215,성산로4길
2016,1,A,골목상권,1000483,1342,629,713,166,245,286,211,182,252,84,110,138,107,82,108,82,135,148,104,100,144,680,12,668,성미산로32길
2016,1,A,골목상권,1000482,3251,1550,1701,518,478,608,588,469,590,266,230,294,282,219,259,252,248,314,306,250,331,1451,92,1359,성미산로1길
2016,1,A,골목상권,1000481,3783,1800,1983,580,578,730,665,539,691,297,275,354,322,251,301,283,303,376,343,288,390,1726,71,1655,성미산로11길
2016,1,A,골목상권,1000480,1047,516,531,130,206,174,170,158,209,68,98,89,89,82,90,62,108,85,81,76,119,606,114,492,백범로16길
2016,1,A,골목상권,1000479,5037,2426,2611,922,670,915,913,706,911,465,319,444,457,337,404,457,351,471,456,369,507,2031,741,1290,방울내로9안길
2016,1,A,골목상권,1000478,3065,1478,1587,614,391,517,576,424,543,318,190,253,284,208,225,296,201,264,292,216,318,1309,79,1230,모래내로7길
2016,1,A,골목상권,1000477,5572,2715,2857,1410,637,885,1142,688,810,723,309,406,582,340,355,687,328,479,560,348,455,2005,11,1994,매봉산로2길
2016,1,A,골목상권,1000476,4413,2133,2280,667,647,879,750,636,834,344,305,434,387,302,361,323,342,445,363,334,473,2005,37,1968,망원로2길
2016,1,A,골목상권,1000475,1666,802,864,305,224,301,302,233,301,154,107,145,151,111,134,151,117,156,151,122,167,671,42,629,망원로11길
2016,1,A,골목상권,1000474,3118,1501,1617,475,469,545,530,503,596,240,220,274,264,248,255,235,249,271,266,255,341,1456,23,1433,만리재옛길
2016,1,A,골목상권,1000473,1196,573,623,196,166,210,196,188,240,102,78,102,97,90,104,94,88,108,99,98,136,482,181,301,마포대로4길
2016,1,A,골목상권,1000472,1324,637,687,204,200,226,223,215,256,103,94,114,111,106,109,101,106,112,112,109,147,592,85,507,마포대로20길
2016,1,A,골목상권,1000471,1518,730,788,252,214,304,241,249,258,122,100,152,121,122,113,130,114,152,120,127,145,422,45,377,마포대로12길
2016,1,A,골목상권,1000470,2128,1001,1127,256,397,457,336,287,395,132,178,219,169,132,171,124,219,238,167,155,224,1114,0,1114,동교로38길
2016,1,A,골목상권,1000469,2860,1342,1518,349,532,617,450,386,526,178,237,296,227,177,227,171,295,321,223,209,299,1484,15,1469,동교로27길
2016,1,A,골목상권,1000468,1520,714,806,185,283,328,239,205,280,95,126,158,119,95,121,90,157,170,120,110,159,784,40,744,동교로25길
2016,1,A,골목상권,1000467,1884,881,1003,243,352,408,311,242,328,123,155,194,149,115,145,120,197,214,162,127,183,992,439,553,동교로19길
2016,1,A,골목상권,1000466,1714,796,918,201,348,392,272,211,290,101,150,184,131,102,128,100,198,208,141,109,162,963,49,914,동교로17길
2016,1,A,골목상권,1000465,1605,768,837,248,285,352,226,214,280,128,127,175,115,101,122,120,158,177,111,113,158,765,87,678,독막로8길
2016,1,A,골목상권,1000464,2942,1448,1494,537,411,527,521,415,531,279,214,262,259,202,232,258,197,265,262,213,299,1230,183,1047,독막로32길
2016,1,A,골목상권,1000463,826,395,431,138,151,161,137,115,124,70,73,74,68,56,54,68,78,87,69,59,70,417,127,290,독막로22길
2016,1,A,골목상권,1000462,982,469,513,162,138,173,158,152,199,83,65,83,79,73,86,79,73,90,79,79,113,396,155,241,도화길
2016,1,A,골목상권,1000461,4028,1933,2095,667,563,704,654,627,813,347,266,343,325,301,351,320,297,361,329,326,462,1659,1238,421,도화4길
2016,1,A,골목상권,1000460,2394,1170,1224,342,379,385,414,373,501,172,188,197,210,189,214,170,191,188,204,184,287,1226,0,1226,대흥로28길
2016,1,A,골목상권,1000459,5108,2507,2601,562,1181,885,766,719,995,291,545,456,410,375,430,271,636,429,356,344,565,3242,27,3215,대흥로21길
2016,1,A,골목상권,1000458,1789,884,905,307,274,317,307,255,329,161,140,158,154,126,145,146,134,159,153,129,184,798,120,678,광성로6길
2016,1,A,골목상권,1000457,3240,1541,1699,540,415,502,563,515,705,267,211,251,268,240,304,273,204,251,295,275,401,1335,253,1082,홍제내길
2016,1,A,골목상권,1000456,1379,672,707,199,257,223,223,201,276,104,132,111,110,94,121,95,125,112,113,107,155,662,149,513,홍연길
2016,1,A,골목상권,1000455,1460,695,765,241,190,229,253,229,318,119,97,115,121,106,137,122,93,114,132,123,181,602,70,532,통일로39길
2016,1,A,골목상권,1000454,1362,650,712,228,174,211,238,215,296,113,89,106,114,99,129,115,85,105,124,116,167,563,83,480,통일로37길
2016,1,A,골목상권,1000453,373,181,192,69,46,59,65,56,78,36,24,28,33,28,32,33,22,31,32,28,46,167,0,167,통일로11길
2016,1,A,골목상권,1000452,504,248,256,70,76,77,83,87,111,35,38,39,43,44,49,35,38,38,40,43,62,242,108,134,충정로6길
2016,1,A,골목상권,1000451,162,80,82,23,24,24,26,28,37,12,12,12,14,14,16,11,12,12,12,14,21,80,0,80,충정로4길
2016,1,A,골목상권,1000450,3993,1952,2041,664,581,549,696,655,848,338,296,284,345,314,375,326,285,265,351,341,473,1673,56,1617,증가로6길
2016,1,A,골목상권,1000449,5311,2606,2705,898,743,821,909,853,1087,462,382,411,459,408,484,436,361,410,450,445,603,2148,60,2088,증가로23나길
2016,1,A,골목상권,1000448,3690,1816,1874,618,517,559,632,589,775,318,266,283,319,286,344,300,251,276,313,303,431,1530,76,1454,증가로20가길
2016,1,A,골목상권,1000447,3723,1831,1892,615,531,517,650,602,808,317,273,270,323,294,354,298,258,247,327,308,454,1601,60,1541,증가로10길
2016,1,A,골목상권,1000446,3389,1663,1726,575,473,520,582,542,697,294,244,260,294,260,311,281,229,260,288,282,386,1384,61,1323,응암로1길
2016,1,A,골목상권,1000445,2384,1156,1228,344,447,382,384,348,479,177,229,189,187,165,209,167,218,193,197,183,270,1144,0,1144,연희로10길
2016,1,A,골목상권,1000444,903,438,465,133,138,148,156,146,182,64,69,78,78,72,77,69,69,70,78,74,105,309,0,309,신촌로37길
2016,1,A,골목상권,1000443,4268,2078,2190,857,511,703,767,643,787,442,254,335,386,314,347,415,257,368,381,329,440,2283,254,2029,수색로8길
2016,1,A,골목상권,1000442,4345,2126,2219,676,563,587,739,718,1062,343,285,313,371,359,455,333,278,274,368,359,607,1854,48,1806,세무서길
2016,1,A,골목상권,1000441,2680,1292,1388,436,362,376,447,467,592,224,181,189,219,225,254,212,181,187,228,242,338,1072,48,1024,세무서2길
2016,1,A,골목상권,1000440,1014,500,514,168,131,129,171,179,236,84,69,67,86,90,104,84,62,62,85,89,132,429,118,311,세검정로1길
2016,1,A,골목상권,1000439,3781,1837,1944,553,571,620,653,617,767,267,288,328,328,305,321,286,283,292,325,312,446,1394,77,1317,북아현로4길
2016,1,A,골목상권,1000438,2836,1401,1435,462,403,399,489,448,635,239,208,211,244,223,276,223,195,188,245,225,359,1247,707,540,모래내로15길
2016,1,A,골목상권,1000437,2545,1249,1296,417,361,353,444,413,557,214,187,183,219,203,243,203,174,170,225,210,314,1099,28,1071,명지대길
2016,1,A,골목상권,1000436,4046,1966,2080,725,513,621,706,631,850,371,267,299,362,314,353,354,246,322,344,317,497,1825,466,1359,독립문로8길
2016,1,A,골목상권,1000435,2811,1389,1422,459,397,396,488,445,626,239,206,208,243,222,271,220,191,188,245,223,355,1243,8,1235,가재울로6길
2016,1,A,골목상권,1000434,4129,2035,2094,594,580,621,665,720,949,311,301,331,333,335,424,283,279,290,332,385,525,1928,87,1841,통일로92길
2016,1,A,골목상권,1000433,1725,846,879,272,254,255,289,294,361,146,130,131,139,139,161,126,124,124,150,155,200,746,20,726,통일로87길
2016,1,A,골목상권,1000432,3334,1648,1686,479,470,500,536,580,769,251,245,267,268,272,345,228,225,233,268,308,424,1558,61,1497,통일로78길
2016,1,A,골목상권,1000431,1555,740,815,233,234,273,257,235,323,114,108,138,127,112,141,119,126,135,130,123,182,719,0,719,통일로69길
2016,1,A,골목상권,1000430,3820,1841,1979,680,503,663,657,585,732,344,247,330,326,271,323,336,256,333,331,314,409,1514,156,1358,진흥로1길
2016,1,A,골목상권,1000429,6638,3215,3423,1030,869,1118,1108,1079,1434,529,431,563,555,513,624,501,438,555,553,566,810,2411,55,2356,진흥로12길
2016,1,A,골목상권,1000428,2641,1318,1323,431,347,407,440,434,582,224,182,209,222,210,271,207,165,198,218,224,311,1076,119,957,증산서길
2016,1,A,골목상권,1000427,3049,1521,1528,501,399,472,506,504,667,260,209,242,254,244,312,241,190,230,252,260,355,1241,64,1177,증산로9길
2016,1,A,골목상권,1000426,2475,1239,1236,408,324,381,410,412,540,212,170,198,207,200,252,196,154,183,203,212,288,1003,111,892,증산로5길
2016,1,A,골목상권,1000425,5675,2773,2902,977,774,951,951,925,1097,509,393,483,462,438,488,468,381,468,489,487,609,2243,265,1978,증산로21길
2016,1,A,골목상권,1000424,1556,782,774,278,204,234,268,258,314,151,107,121,134,126,143,127,97,113,134,132,171,626,92,534,증산로17길
2016,1,A,골목상권,1000423,2141,1074,1067,373,284,325,364,355,440,198,150,167,182,175,202,175,134,158,182,180,238,858,315,543,증산로15길
2016,1,A,골목상권,1000422,2387,1191,1196,394,319,367,397,392,518,207,167,188,202,188,239,187,152,179,195,204,279,974,27,947,증산로13길
2016,1,A,골목상권,1000421,4316,2096,2220,827,518,737,770,634,830,435,255,359,387,304,356,392,263,378,383,330,474,2197,76,2121,응암로34길
2016,1,A,골목상권,1000420,3459,1704,1755,646,405,571,619,523,695,342,209,285,316,252,300,304,196,286,303,271,395,1734,19,1715,응암로22길
2016,1,A,골목상권,1000419,1855,908,947,272,252,275,304,315,437,141,130,142,155,153,187,131,122,133,149,162,250,849,32,817,응암로14길
2016,1,A,골목상권,1000418,1387,681,706,204,189,206,230,233,325,106,98,106,118,114,139,98,91,100,112,119,186,634,8,626,응암로13길
2016,1,A,골목상권,1000417,1232,604,628,181,167,182,204,208,290,94,87,94,104,101,124,87,80,88,100,107,166,565,0,565,응암로12길
2016,1,A,골목상권,1000416,2263,1086,1177,410,292,381,384,346,450,213,140,187,189,164,193,197,152,194,195,182,257,1043,154,889,은평로8길
2016,1,A,골목상권,1000415,2395,1164,1231,419,322,410,406,379,459,215,162,207,198,179,203,204,160,203,208,200,256,948,30,918,은평로3길
2016,1,A,골목상권,1000414,1922,924,998,353,247,325,332,289,376,183,119,159,166,136,161,170,128,166,166,153,215,931,14,917,은평로20길
2016,1,A,골목상권,1000413,3018,1457,1561,495,392,509,507,479,636,254,192,254,253,228,276,241,200,255,254,251,360,1212,27,1185,은평로13길
2016,1,A,골목상권,1000412,3018,1451,1567,556,385,514,518,452,593,289,185,252,257,214,254,267,200,262,261,238,339,1444,23,1421,은평로10길
2016,1,A,골목상권,1000411,2823,1360,1463,501,372,491,485,435,539,255,182,245,239,202,237,246,190,246,246,233,302,1126,145,981,연서로5길
2016,1,A,골목상권,1000410,2636,1296,1340,382,372,394,421,459,608,198,194,209,211,212,272,184,178,185,210,247,336,1237,40,1197,연서로41길
2016,1,A,골목상권,1000409,3599,1735,1864,640,475,623,617,553,691,324,233,310,305,258,305,316,242,313,312,295,386,1436,122,1314,연서로3길
2016,1,A,골목상권,1000408,1958,967,991,279,274,294,317,342,452,146,143,157,159,160,202,133,131,137,158,182,250,917,10,907,연서로34길
2016,1,A,골목상권,1000407,1451,715,736,209,205,219,234,250,334,108,106,117,117,117,150,101,99,102,117,133,184,679,5,674,연서로33길
2016,1,A,골목상권,1000406,1166,577,589,182,173,175,195,198,243,98,90,92,94,94,109,84,83,83,101,104,134,507,19,488,연서로29길
2016,1,A,골목상권,1000405,4089,1949,2140,612,611,724,669,622,851,301,281,366,334,295,372,311,330,358,335,327,479,1872,76,1796,연서로28길
2016,1,A,골목상권,1000404,2863,1379,1484,529,396,464,505,445,524,265,193,241,241,212,227,264,203,223,264,233,297,1143,63,1080,연서로27길
2016,1,A,골목상권,1000403,4289,2064,2225,794,593,692,757,666,787,400,289,360,360,314,341,394,304,332,397,352,446,1712,192,1520,연서로21길
2016,1,A,골목상권,1000402,1949,936,1013,361,270,314,342,304,358,181,132,162,162,144,155,180,138,152,180,160,203,779,108,671,연서로17길
2016,1,A,골목상권,1000401,5208,2506,2702,923,688,907,894,798,998,465,337,453,441,371,439,458,351,454,453,427,559,2066,98,1968,연서로16길
2016,1,A,골목상권,1000400,4474,2268,2206,805,574,638,774,742,941,396,288,329,395,382,478,409,286,309,379,360,463,1663,50,1613,연서로13길
2016,1,A,골목상권,1000399,3539,1765,1774,634,457,543,612,572,721,314,227,278,309,286,351,320,230,265,303,286,370,1356,157,1199,연서로11길
2016,1,A,골목상권,1000398,5371,2559,2812,804,804,948,885,814,1116,394,371,480,441,387,486,410,433,468,444,427,630,2467,84,2383,역말로9길
2016,1,A,골목상권,1000397,1992,1006,986,289,259,289,312,364,479,153,140,153,167,185,208,136,119,136,145,179,271,955,20,935,수색로18길
2016,1,A,골목상권,1000396,2841,1356,1485,425,426,500,470,429,591,208,197,254,235,204,258,217,229,246,235,225,333,1295,25,1270,서오릉로8길
2016,1,A,골목상권,1000395,4217,2139,2078,762,538,603,730,699,885,375,269,312,373,360,450,387,269,291,357,339,435,1585,315,1270,서오릉로21길
2016,1,A,골목상권,1000394,3753,1845,1908,558,511,563,613,629,879,292,266,292,313,306,376,266,245,271,300,323,503,1718,85,1633,불광천길
2016,1,A,골목상권,1000393,2956,1435,1521,523,389,500,509,460,575,264,193,250,252,217,259,259,196,250,257,243,316,1169,140,1029,갈현로7길
2016,1,A,골목상권,1000392,3333,1641,1692,526,493,494,555,569,696,279,256,257,269,269,311,247,237,237,286,300,385,1443,0,1443,갈현로41길
2016,1,A,골목상권,1000391,3760,1824,1936,641,538,583,645,613,740,330,269,301,308,291,325,311,269,282,337,322,415,1569,197,1372,갈현로33길
2016,1,A,골목상권,1000390,2219,1083,1136,383,301,374,371,362,428,198,153,189,180,172,191,185,148,185,191,190,237,877,134,743,갈현로1길
2016,1,A,골목상권,1000389,2804,1382,1422,421,381,419,462,470,651,222,196,219,237,229,279,199,185,200,225,241,372,1277,112,1165,가좌로7길
2016,1,A,골목상권,1000388,4622,2257,2365,788,643,595,811,785,1000,405,332,310,391,382,437,383,311,285,420,403,563,1884,33,1851,한글비석로44길
2016,1,A,골목상권,1000387,3952,1937,2015,670,549,512,693,669,859,346,286,266,336,327,376,324,263,246,357,342,483,1616,0,1616,한글비석로24길
2016,1,A,골목상권,1000386,2323,1138,1185,479,298,273,443,376,454,254,159,136,216,184,189,225,139,137,227,192,265,860,429,431,한글비석로22길
2016,1,A,골목상권,1000385,1464,756,708,245,236,227,220,230,306,132,138,116,114,113,143,113,98,111,106,117,163,586,84,502,석계로1길
2016,1,A,골목상권,1000384,3240,1593,1647,561,491,420,565,567,636,288,250,215,272,279,289,273,241,205,293,288,347,1318,0,1318,상계로9가길
2016,1,A,골목상권,1000383,1078,532,546,188,170,136,187,199,198,97,85,69,89,98,94,91,85,67,98,101,104,423,290,133,상계로1길
2016,1,A,골목상권,1000382,3797,1875,1922,656,608,483,663,696,691,338,304,245,316,344,328,318,304,238,347,352,363,1519,241,1278,상계로12길
2016,1,A,골목상권,1000381,2760,1351,1409,499,389,392,458,493,529,258,198,194,221,236,244,241,191,198,237,257,285,1005,215,790,동일로242길
2016,1,A,골목상권,1000380,2969,1452,1517,484,499,504,454,476,552,244,249,260,230,220,249,240,250,244,224,256,303,1298,16,1282,동일로192길
2016,1,A,골목상권,1000379,3579,1751,1828,581,599,608,545,581,665,295,299,313,277,268,299,286,300,295,268,313,366,1579,573,1006,동일로173가길
2016,1,A,골목상권,1000378,2432,1178,1254,493,409,247,443,430,410,272,222,123,199,207,155,221,187,124,244,223,255,768,28,740,공릉로58길
2016,1,A,골목상권,1000377,797,390,407,144,118,120,125,142,148,74,59,60,60,67,70,70,59,60,65,75,78,298,119,179,해등로16길
2016,1,A,골목상권,1000376,2181,1095,1086,371,282,306,380,373,469,195,147,163,191,187,212,176,135,143,189,186,257,934,14,920,우이천로4다길
2016,1,A,골목상권,1000375,2741,1338,1403,469,362,370,456,475,609,237,182,190,227,225,277,232,180,180,229,250,332,1099,203,896,우이천로32길
2016,1,A,골목상권,1000374,3390,1724,1666,440,433,448,514,620,935,226,227,251,266,315,439,214,206,197,248,305,496,1500,0,1500,시루봉로23길
2016,1,A,골목상권,1000373,1504,737,767,252,196,203,249,260,344,129,99,104,124,124,157,123,97,99,125,136,187,620,0,620,삼양로144길
2016,1,A,골목상권,1000372,2178,1086,1092,353,309,294,365,408,449,183,159,153,182,200,209,170,150,141,183,208,240,900,19,881,방학로6가길
2016,1,A,골목상권,1000371,3695,1799,1896,616,510,568,608,612,781,327,259,295,294,283,341,289,251,273,314,329,440,1444,54,1390,방학로5길
2016,1,A,골목상권,1000370,3404,1667,1737,682,479,422,582,623,616,365,254,202,275,293,278,317,225,220,307,330,338,1165,968,197,방학로15길
2016,1,A,골목상권,1000369,2040,1041,999,332,272,267,354,362,453,175,149,148,181,181,207,157,123,119,173,181,246,876,0,876,방학로10길
2016,1,A,골목상권,1000368,1743,888,855,226,224,231,263,316,483,117,118,128,136,161,228,109,106,103,127,155,255,760,163,597,도봉산길
2016,1,A,골목상권,1000367,413,210,203,53,54,56,64,74,112,27,29,31,33,37,53,26,25,25,31,37,59,182,0,182,도봉산4길
2016,1,A,골목상권,1000366,1918,974,944,248,247,254,290,349,530,128,130,142,150,175,249,120,117,112,140,174,281,842,0,842,도봉로181길
2016,1,A,골목상권,1000365,2209,1124,1085,283,286,294,334,403,609,146,149,164,174,204,287,137,137,130,160,199,322,970,240,730,도봉로169나길
2016,1,A,골목상권,1000364,2196,1083,1113,344,264,334,323,385,546,176,137,169,167,179,255,168,127,165,156,206,291,865,10,855,도봉로156길
2016,1,A,골목상권,1000363,1152,571,581,182,137,174,169,203,287,94,71,88,88,96,134,88,66,86,81,107,153,459,0,459,도봉로152가길
2016,1,A,골목상권,1000362,4872,2433,2439,787,696,659,817,911,1002,409,358,345,408,447,466,378,338,314,409,464,536,2010,10,2000,도봉로147길
2016,1,A,골목상권,1000361,1832,915,917,295,264,246,308,342,377,154,137,128,154,166,176,141,127,118,154,176,201,756,96,660,도봉로143길
2016,1,A,골목상권,1000360,6901,3349,3552,1308,853,1076,1253,1111,1300,667,431,544,600,529,578,641,422,532,653,582,722,2778,294,2484,도봉로114길
2016,1,A,골목상권,1000359,2048,1007,1041,306,287,337,326,340,452,160,143,175,165,159,205,146,144,162,161,181,247,880,126,754,도봉로109길
2016,1,A,골목상권,1000358,2832,1414,1418,445,397,385,466,526,613,229,206,202,234,258,285,216,191,183,232,268,328,1180,8,1172,도당로29길
2016,1,A,골목상권,1000357,4003,2018,1985,629,550,532,671,730,891,330,294,285,339,360,410,299,256,247,332,370,481,1695,10,1685,도당로19길
2016,1,A,골목상권,1000356,3067,1558,1509,496,409,402,531,545,684,261,226,221,271,270,309,235,183,181,260,275,375,1318,0,1318,도당로13바길
2016,1,A,골목상권,1000355,1356,685,671,220,182,177,234,242,301,115,100,95,120,120,135,105,82,82,114,122,166,579,0,579,도당로13가길
2016,1,A,골목상권,1000354,2097,1053,1044,357,271,294,366,360,449,187,141,158,183,181,203,170,130,136,183,179,246,884,78,806,덕릉로60길
2016,1,A,골목상권,1000353,1855,904,951,330,270,282,294,336,343,171,135,141,138,157,162,159,135,141,156,179,181,698,370,328,노해로63다길
2016,1,A,골목상권,1000352,2270,1107,1163,340,318,371,364,376,501,176,156,190,184,174,227,164,162,181,180,202,274,978,69,909,노해로60길
2016,1,A,골목상권,1000351,1801,899,902,218,283,297,287,308,408,113,141,161,146,151,187,105,142,136,141,157,221,856,0,856,한천로140길
2016,1,A,골목상권,1000350,1525,765,760,183,238,253,244,260,347,95,119,139,125,128,159,88,119,114,119,132,188,724,0,724,한천로139가길
2016,1,A,골목상권,1000349,1773,879,894,241,268,294,297,294,379,127,127,150,160,145,170,114,141,144,137,149,209,853,90,763,한천로132길
2016,1,A,골목상권,1000348,3382,1676,1706,465,512,564,569,552,720,242,243,290,304,274,323,223,269,274,265,278,397,1634,16,1618,한천로130길
2016,1,A,골목상권,1000347,1790,891,899,245,273,295,305,290,382,130,132,153,164,142,170,115,141,142,141,148,212,873,123,750,한천로124나길
2016,1,A,골목상권,1000346,1771,848,923,294,202,252,288,265,470,149,101,133,148,127,190,145,101,119,140,138,280,639,454,185,한천로109길
2016,1,A,골목상권,1000345,3081,1504,1577,472,396,434,491,529,759,241,199,229,247,252,336,231,197,205,244,277,423,1307,10,1297,인수봉로79길
2016,1,A,골목상권,1000344,3718,1819,1899,572,479,524,591,640,912,294,242,277,297,304,405,278,237,247,294,336,507,1547,405,1142,인수봉로72길
2016,1,A,골목상권,1000343,2044,1000,1044,313,264,290,326,350,501,159,135,154,163,166,223,154,129,136,163,184,278,874,0,874,인수봉로56길
2016,1,A,골목상권,1000342,2216,1097,1119,305,335,368,373,362,473,159,159,189,198,180,212,146,176,179,175,182,261,1075,138,937,오패산로67길
2016,1,A,골목상권,1000341,2670,1303,1367,375,374,396,436,465,624,195,185,209,218,224,272,180,189,187,218,241,352,1180,0,1180,오패산로52길
2016,1,A,골목상권,1000340,893,434,459,125,123,132,144,155,214,64,61,70,72,72,95,61,62,62,72,83,119,407,0,407,오패산로30길
2016,1,A,골목상권,1000339,2482,1240,1242,370,351,367,396,431,567,191,179,201,203,209,257,179,172,166,193,222,310,1089,174,915,수유로12길
2016,1,A,골목상권,1000338,2567,1285,1282,345,335,362,425,475,625,175,171,198,220,237,284,170,164,164,205,238,341,1160,108,1052,솔샘로65길
2016,1,A,골목상권,1000337,2216,1083,1133,304,326,330,359,390,507,158,157,175,181,187,225,146,169,155,178,203,282,1037,20,1017,솔매로50길
2016,1,A,골목상권,1000336,2041,995,1046,274,316,310,329,362,450,141,151,164,165,176,198,133,165,146,164,186,252,979,11,968,솔매로45길
2016,1,A,골목상권,1000335,3605,1763,1842,505,538,545,588,637,792,261,261,286,296,310,349,244,277,259,292,327,443,1679,14,1665,솔매로41길
2016,1,A,골목상권,1000334,2869,1401,1468,438,371,405,453,495,707,223,189,215,227,235,312,215,182,190,226,260,395,1216,11,1205,삼양로93길
2016,1,A,골목상권,1000333,3291,1647,1644,492,459,488,523,572,757,254,236,267,269,278,343,238,223,221,254,294,414,1443,8,1435,삼양로77길
2016,1,A,골목상권,1000332,3827,1895,1932,517,530,550,632,698,900,261,266,296,322,345,405,256,264,254,310,353,495,1774,28,1746,삼양로54길
2016,1,A,골목상권,1000331,5115,2556,2559,876,642,753,875,868,1101,455,340,392,443,432,494,421,302,361,432,436,607,2154,8,2146,삼양로41길
2016,1,A,골목상권,1000330,568,276,292,143,56,89,120,76,84,73,29,41,60,37,36,70,27,48,60,39,48,193,44,149,삼양로27길
2016,1,A,골목상권,1000329,2367,1182,1185,318,309,333,394,437,576,161,158,181,202,218,262,157,151,152,192,219,314,1084,88,996,삼양로24길
2016,1,A,골목상권,1000328,2210,1103,1107,297,289,313,367,408,536,151,146,170,188,204,244,146,143,143,179,204,292,1015,0,1015,삼양로20길
2016,1,A,골목상권,1000327,3645,1820,1825,435,575,603,580,626,826,227,286,328,294,309,376,208,289,275,286,317,450,1733,62,1671,삼각산로28길
2016,1,A,골목상권,1000326,2412,1203,1209,290,379,398,385,414,546,149,189,217,196,204,248,141,190,181,189,210,298,1151,20,1131,도봉로99길
2016,1,A,골목상권,1000325,201,100,101,28,26,29,34,36,48,15,13,16,17,17,22,13,13,13,17,19,26,96,0,96,도봉로8길
2016,1,A,골목상권,1000324,3502,1706,1796,468,541,531,562,626,774,243,259,279,282,304,339,225,282,252,280,322,435,1660,387,1273,도봉로76길
2016,1,A,골목상권,1000323,1647,813,834,246,233,247,273,289,359,127,116,130,139,142,159,119,117,117,134,147,200,749,0,749,도봉로67길
2016,1,A,골목상권,1000322,3416,1677,1739,458,507,509,551,617,774,237,246,270,278,303,343,221,261,239,273,314,431,1598,61,1537,도봉로45길
2016,1,A,골목상권,1000321,3088,1504,1584,432,427,457,505,537,730,220,211,242,253,253,325,212,216,215,252,284,405,1405,62,1343,도봉로18길
2016,1,A,골목상권,1000320,1497,748,749,205,197,208,244,278,365,104,102,113,125,139,165,101,95,95,119,139,200,687,0,687,도봉로13길
2016,1,A,골목상권,1000319,2419,1200,1219,333,367,401,407,394,517,174,176,207,217,195,231,159,191,194,190,199,286,1172,26,1146,덕릉로41길
2016,1,A,골목상권,1000318,2536,1243,1293,381,320,367,412,423,633,199,167,196,208,207,266,182,153,171,204,216,367,1098,0,1098,덕릉로40길
2016,1,A,골목상권,1000317,2826,1392,1434,429,369,398,460,480,690,225,194,208,227,233,305,204,175,190,233,247,385,1162,41,1121,노해로33길
2016,1,A,골목상권,1000316,1355,668,687,203,180,189,221,231,331,107,95,99,110,111,146,96,85,90,111,120,185,546,0,546,노해로23길
2016,1,A,골목상권,1000315,2561,1282,1279,308,406,423,409,439,576,161,203,231,208,216,263,147,203,192,201,223,313,1212,35,1177,노해로17길
2016,1,A,골목상권,1000314,1394,699,695,210,193,216,226,243,306,112,98,112,117,118,142,98,95,104,109,125,164,610,0,610,화랑로40길
2016,1,A,골목상권,1000313,3794,1908,1886,578,527,588,612,661,828,308,270,307,315,321,387,270,257,281,297,340,441,1649,0,1649,화랑로32길
2016,1,A,골목상권,1000312,2224,1082,1142,453,248,350,407,334,432,225,124,167,217,157,192,228,124,183,190,177,240,832,98,734,화랑로1길
2016,1,A,골목상권,1000311,2796,1395,1401,447,399,402,467,464,617,230,200,212,243,231,279,217,199,190,224,233,338,1200,0,1200,화랑로19길
2016,1,A,골목상권,1000310,1654,816,838,279,256,248,275,256,340,141,121,127,145,128,154,138,135,121,130,128,186,694,0,694,화랑로14길
2016,1,A,골목상권,1000309,864,429,435,149,130,130,144,134,177,77,62,66,76,67,81,72,68,64,68,67,96,364,0,364,화랑로13길
2016,1,A,골목상권,1000308,1878,943,935,287,261,289,303,329,409,153,133,150,156,160,191,134,128,139,147,169,218,820,122,698,한천로76길
2016,1,A,골목상권,1000307,3649,1836,1813,590,477,479,632,658,813,299,254,256,323,330,374,291,223,223,309,328,439,1600,203,1397,한천로101가길
2016,1,A,골목상권,1000306,1181,568,613,181,219,180,192,168,241,93,108,87,95,81,104,88,111,93,97,87,137,554,18,536,창경궁로43길
2016,1,A,골목상권,1000305,2522,1233,1289,350,425,415,430,406,496,174,213,217,217,195,217,176,212,198,213,211,279,1221,16,1205,지봉로20길
2016,1,A,골목상권,1000304,2006,997,1009,383,286,301,358,307,371,199,154,151,183,150,160,184,132,150,175,157,211,832,162,670,종암로5길
2016,1,A,골목상권,1000303,2407,1197,1210,459,345,363,431,365,444,239,185,183,219,179,192,220,160,180,212,186,252,996,438,558,종암로24가길
2016,1,A,골목상권,1000302,1155,574,581,219,165,175,204,176,216,116,89,88,103,86,92,103,76,87,101,90,124,476,208,268,종암로21길
2016,1,A,골목상권,1000301,1566,781,785,301,223,239,279,238,286,156,121,120,143,117,124,145,102,119,136,121,162,637,172,465,종암로19길
2016,1,A,골목상권,1000300,3062,1523,1539,589,439,461,545,462,566,308,236,231,278,225,245,281,203,230,267,237,321,1269,0,1269,종암로16길
2016,1,A,골목상권,1000299,1629,812,817,238,276,223,247,255,390,120,154,125,122,124,167,118,122,98,125,131,223,754,0,754,정릉로8길
2016,1,A,골목상권,1000298,2665,1313,1352,484,328,412,450,424,567,256,172,207,223,199,256,228,156,205,227,225,311,1087,0,1087,정릉로27길
2016,1,A,골목상권,1000297,457,225,232,84,56,71,76,73,97,44,30,36,37,34,44,40,26,35,39,39,53,168,0,168,정릉로26길
2016,1,A,골목상권,1000296,1750,892,858,287,214,231,301,317,400,144,116,120,161,162,189,143,98,111,140,155,211,802,0,802,장위로50길
2016,1,A,골목상권,1000295,2435,1200,1235,412,374,366,406,380,497,210,176,187,212,190,225,202,198,179,194,190,272,1025,278,747,장월로1길
2016,1,A,골목상권,1000294,456,225,231,62,80,75,80,70,89,31,40,40,40,34,40,31,40,35,40,36,49,218,12,206,인촌로6길
2016,1,A,골목상권,1000293,1776,851,925,230,463,295,254,229,305,116,210,152,128,113,132,114,253,143,126,116,173,989,40,949,인촌로5길
2016,1,A,골목상권,1000292,706,361,345,86,193,109,99,98,121,46,104,60,50,49,52,40,89,49,49,49,69,391,0,391,인촌로24길
2016,1,A,골목상권,1000291,1055,538,517,129,291,159,149,146,181,69,153,88,76,73,79,60,138,71,73,73,102,580,21,559,개운사길
2016,1,A,골목상권,1000290,1231,603,628,172,208,203,213,196,239,86,104,106,107,94,106,86,104,97,106,102,133,595,0,595,인촌로1길
2016,1,A,골목상권,1000289,1902,972,930,234,523,290,266,261,328,126,277,160,136,130,143,108,246,130,130,131,185,1048,0,1048,인촌로17가길
2016,1,A,골목상권,1000288,3060,1509,1551,517,474,458,510,474,627,263,223,232,267,238,286,254,251,226,243,236,341,1294,171,1123,오패산로4길
2016,1,A,골목상권,1000287,3390,1653,1737,690,375,531,623,507,664,342,186,252,330,246,297,348,189,279,293,261,367,1261,524,737,오패산로3길
2016,1,A,골목상권,1000286,1787,872,915,362,196,280,329,272,348,180,97,134,174,132,155,182,99,146,155,140,193,665,0,665,오패산로19길
2016,1,A,골목상권,1000285,2141,1092,1049,259,586,326,303,299,368,137,309,182,155,148,161,122,277,144,148,151,207,1181,27,1154,안암로5길
2016,1,A,골목상권,1000284,3109,1362,1747,419,763,556,463,370,538,200,267,261,231,174,229,219,496,295,232,196,309,1744,52,1692,아리랑로4길
2016,1,A,골목상권,1000283,1853,919,934,270,315,252,279,294,443,136,177,140,138,139,189,134,138,112,141,155,254,858,12,846,솔샘로6길
2016,1,A,골목상권,1000282,1166,557,609,179,182,181,201,174,249,93,85,86,100,84,109,86,97,95,101,90,140,535,111,424,성북로8길
2016,1,A,골목상권,1000281,3444,1699,1745,566,440,525,572,582,759,300,222,264,288,281,344,266,218,261,284,301,415,1253,48,1205,삼양로8길
2016,1,A,골목상권,1000280,1040,502,538,168,173,168,176,155,200,86,83,85,88,74,86,82,90,83,88,81,114,503,0,503,삼선교로16가길
2016,1,A,골목상권,1000279,1651,804,847,264,273,263,287,249,315,137,129,136,144,122,136,127,144,127,143,127,179,803,8,795,삼선교로10다길
2016,1,A,골목상권,1000278,1272,613,659,205,210,204,217,192,244,104,101,103,109,92,104,101,109,101,108,100,140,621,0,621,삼선교로10길
2016,1,A,골목상권,1000277,1537,672,865,211,377,275,224,185,265,101,133,129,111,87,111,110,244,146,113,98,154,857,0,857,보문로32길
2016,1,A,골목상권,1000276,1847,893,954,297,306,295,322,275,352,153,144,151,162,131,152,144,162,144,160,144,200,893,61,832,보문로31길
2016,1,A,골목상권,1000275,1634,833,801,198,449,250,231,226,280,106,236,138,118,113,122,92,213,112,113,113,158,901,22,879,보문로26길
2016,1,A,골목상권,1000274,2272,1114,1158,317,380,376,388,363,448,158,191,197,197,174,197,159,189,179,191,189,251,1101,0,1101,보문로13길
2016,1,A,골목상권,1000273,2905,1415,1490,544,346,467,520,434,594,282,173,227,261,205,267,262,173,240,259,229,327,1139,148,991,보국문로16길
2016,1,A,골목상권,1000272,168,85,83,27,28,27,30,24,32,15,13,15,15,12,15,12,15,12,15,12,17,82,0,82,동소문로6길
2016,1,A,골목상권,1000271,237,114,123,38,39,38,40,37,45,19,19,19,20,18,19,19,20,19,20,19,26,116,0,116,동소문로2길
2016,1,A,골목상권,1000270,2009,886,1123,269,495,363,299,239,344,130,174,171,149,115,147,139,321,192,150,124,197,1127,79,1048,동소문로26가길
2016,1,A,골목상권,1000269,1050,460,590,140,258,188,156,124,184,68,91,87,78,58,78,72,167,101,78,66,106,584,118,466,동소문로15길
2016,1,A,골목상권,1000268,1931,908,1023,291,334,309,325,277,395,148,144,148,161,134,173,143,190,161,164,143,222,918,405,513,동소문로13길
2016,1,A,골목상권,1000267,1334,671,663,201,185,204,219,233,292,105,96,105,114,115,136,96,89,99,105,118,156,590,0,590,돌곶이로8길
2016,1,A,골목상권,1000266,1732,866,866,275,235,227,300,313,382,141,125,124,149,156,171,134,110,103,151,157,211,726,0,726,돌곶이로41길
2016,1,A,골목상권,1000265,1693,852,841,262,213,226,290,302,400,133,112,123,149,151,184,129,101,103,141,151,216,750,123,627,돌곶이로28길
2016,1,A,골목상권,1000264,2826,1411,1415,415,366,383,479,504,679,211,189,211,246,248,306,204,177,172,233,256,373,1225,0,1225,돌곶이로27길
2016,1,A,골목상권,1000263,1221,615,606,185,169,187,198,213,269,98,87,98,102,104,126,87,82,89,96,109,143,531,0,531,돌곶이로22길
2016,1,A,골목상권,1000262,1286,649,637,195,177,200,208,224,282,105,90,105,108,109,132,90,87,95,100,115,150,567,0,567,돌곶이로14길
2016,1,A,골목상권,1000261,1830,881,949,461,178,320,380,222,269,234,85,146,194,104,118,227,93,174,186,118,151,662,0,662,길음로7길
2016,1,A,골목상권,1000260,2617,1321,1296,393,374,427,452,469,502,201,188,229,236,238,229,192,186,198,216,231,273,1208,162,1046,중랑천로10길
2016,1,A,골목상권,1000259,3429,1722,1707,493,501,531,565,625,714,249,257,287,292,309,328,244,244,244,273,316,386,1530,0,1530,용마산로94길
2016,1,A,골목상권,1000258,1545,783,762,229,219,231,245,295,326,117,113,125,125,151,152,112,106,106,120,144,174,689,0,689,용마산로118길
2016,1,A,골목상권,1000257,2665,1351,1314,391,382,401,422,508,561,199,196,217,217,259,263,192,186,184,205,249,298,1184,155,1029,용마산로112길
2016,1,A,골목상권,1000256,3100,1554,1546,471,433,453,537,571,635,232,222,240,274,299,287,239,211,213,263,272,348,1402,0,1402,용마산로100길
2016,1,A,골목상권,1000255,772,379,393,149,113,110,132,140,128,78,57,55,64,68,57,71,56,55,68,72,71,298,79,219,신내로7가길
2016,1,A,골목상권,1000254,3144,1567,1577,447,448,508,499,567,675,233,225,264,260,277,308,214,223,244,239,290,367,1415,11,1404,사가정로54길
2016,1,A,골목상권,1000253,2904,1440,1464,413,416,472,459,523,621,213,208,244,238,254,283,200,208,228,221,269,338,1297,481,816,사가정로42길
2016,1,A,골목상권,1000252,3998,1964,2034,844,540,626,616,658,714,433,278,308,300,318,327,411,262,318,316,340,387,1395,740,655,봉화산로56길
2016,1,A,골목상권,1000251,4507,2327,2180,545,637,675,740,917,993,286,330,368,395,482,466,259,307,307,345,435,527,2231,0,2231,봉화산로4길
2016,1,A,골목상권,1000250,2978,1477,1501,518,437,482,455,533,553,269,223,248,227,256,254,249,214,234,228,277,299,1164,23,1141,봉화산로30길
2016,1,A,골목상권,1000249,2686,1354,1332,311,460,508,413,465,529,161,220,268,221,234,250,150,240,240,192,231,279,1370,0,1370,봉우재로33길
2016,1,A,골목상권,1000248,5964,2984,2980,857,887,989,1024,1038,1169,438,442,533,524,517,530,419,445,456,500,521,639,2777,77,2700,면목로78길
2016,1,A,골목상권,1000247,3148,1579,1569,449,468,507,532,557,635,230,236,273,275,276,289,219,232,234,257,281,346,1432,47,1385,면목로56길
2016,1,A,골목상권,1000246,1809,908,901,260,268,290,306,318,367,133,135,157,157,158,168,127,133,133,149,160,199,826,41,785,면목로55길
2016,1,A,골목상권,1000245,2969,1487,1482,425,435,460,491,541,617,215,223,246,254,265,284,210,212,214,237,276,333,1322,25,1297,면목로49길
2016,1,A,골목상권,1000244,3352,1675,1677,482,490,518,555,611,696,244,249,277,285,301,319,238,241,241,270,310,377,1503,34,1469,면목로48길
2016,1,A,골목상권,1000243,1809,905,904,261,265,279,300,329,375,132,135,149,155,163,171,129,130,130,145,166,204,810,0,810,면목로45길
2016,1,A,골목상권,1000242,3175,1571,1604,482,467,517,528,527,654,250,218,273,277,264,289,232,249,244,251,263,365,1471,30,1441,면목로33길
2016,1,A,골목상권,1000241,2163,1071,1092,331,319,354,363,353,443,173,147,188,192,177,194,158,172,166,171,176,249,1000,76,924,면목로21길
2016,1,A,골목상권,1000240,1924,978,946,283,273,286,305,369,408,144,140,157,157,189,191,139,133,129,148,180,217,858,0,858,망우로73길
2016,1,A,골목상권,1000239,2655,1346,1309,391,381,398,422,504,559,199,197,216,216,257,261,192,184,182,206,247,298,1189,8,1181,망우로68길
2016,1,A,골목상권,1000238,3099,1540,1559,469,438,538,500,529,625,247,213,281,255,258,286,222,225,257,245,271,339,1363,85,1278,동일로163길
2016,1,A,골목상권,1000237,2603,1294,1309,395,367,452,419,447,523,207,179,236,215,218,239,188,188,216,204,229,284,1136,10,1126,동일로157길
2016,1,A,골목상권,1000236,3029,1506,1523,462,430,526,488,514,609,242,209,276,250,250,279,220,221,250,238,264,330,1325,114,1211,동일로149길
2016,1,A,골목상권,1000235,2320,1150,1170,385,336,395,350,406,448,199,170,205,176,193,207,186,166,190,174,213,241,924,24,900,동일로140길
2016,1,A,골목상권,1000234,2398,1239,1159,292,337,356,395,489,529,153,175,194,211,257,249,139,162,162,184,232,280,1192,0,1192,동일로139길
2016,1,A,골목상권,1000233,1493,758,735,204,210,240,243,281,315,107,107,128,126,144,146,97,103,112,117,137,169,701,307,394,동일로139가길
2016,1,A,골목상권,1000232,3695,1832,1863,602,538,634,546,655,720,310,272,331,277,310,332,292,266,303,269,345,388,1471,75,1396,동일로130길
2016,1,A,골목상권,1000231,2399,1241,1158,291,339,357,397,488,527,154,176,194,212,257,248,137,163,163,185,231,279,1195,0,1195,동일로123길
2016,1,A,골목상권,1000230,5204,2632,2572,595,892,979,811,897,1030,312,431,518,434,451,486,283,461,461,377,446,544,2658,258,2400,동일로112길
2016,1,A,골목상권,1000229,3057,1543,1514,480,416,481,542,553,585,244,214,261,280,279,265,236,202,220,262,274,320,1360,154,1206,동일로101길
2016,1,A,골목상권,1000228,4623,2336,2287,732,623,728,817,834,889,374,321,392,423,421,405,358,302,336,394,413,484,2063,141,1922,동일로100길
2016,1,A,골목상권,1000227,2256,1113,1143,348,335,367,377,367,462,181,154,194,199,184,201,167,181,173,178,183,261,1049,78,971,답십리로75길
2016,1,A,골목상권,1000226,3918,1916,2002,706,548,631,664,630,739,361,268,319,325,303,340,345,280,312,339,327,399,1522,353,1169,공릉로2길
2016,1,A,골목상권,1000225,1239,605,634,222,174,199,208,201,235,113,85,100,103,97,107,109,89,99,105,104,128,487,12,475,공릉로12가길
2016,1,A,골목상권,1000224,4899,2452,2447,702,731,814,838,847,967,359,364,440,427,422,440,343,367,374,411,425,527,2251,112,2139,겸재로54길
2016,1,A,골목상권,1000223,4046,2026,2020,580,603,676,691,698,798,298,301,364,353,347,363,282,302,312,338,351,435,1881,177,1704,겸재로36길
2016,1,A,골목상권,1000222,2302,1149,1153,331,341,380,396,400,454,169,169,206,201,199,205,162,172,174,195,201,249,1074,17,1057,겸재로29길
2016,1,A,골목상권,1000221,4245,2126,2119,592,882,628,658,627,858,303,466,339,337,306,375,289,416,289,321,321,483,2166,12,2154,휘경로3길
2016,1,A,골목상권,1000220,1697,849,848,233,353,252,264,251,344,119,185,136,136,123,150,114,168,116,128,128,194,863,0,863,휘경로2길
2016,1,A,골목상권,1000219,2335,1172,1163,321,480,352,364,345,473,165,252,190,188,169,208,156,228,162,176,176,265,1195,0,1195,휘경로23길
2016,1,A,골목상권,1000218,2173,1092,1081,266,440,339,337,327,464,138,215,184,180,166,209,128,225,155,157,161,255,1181,0,1181,휘경로14길
2016,1,A,골목상권,1000217,1984,994,990,371,300,315,337,293,368,190,159,159,172,145,169,181,141,156,165,148,199,821,480,341,한천로46길
2016,1,A,골목상권,1000216,1909,966,943,367,227,326,342,289,358,194,118,163,180,145,166,173,109,163,162,144,192,790,0,790,한천로40길
2016,1,A,골목상권,1000215,792,389,403,145,99,118,140,130,160,74,52,58,71,62,72,71,47,60,69,68,88,299,0,299,한천로33길
2016,1,A,골목상권,1000214,3273,1647,1626,534,435,604,534,534,632,274,219,309,283,260,302,260,216,295,251,274,330,1352,74,1278,한천로14길
2016,1,A,골목상권,1000213,2503,1262,1241,410,334,458,410,411,480,209,167,233,220,202,231,201,167,225,190,209,249,1051,529,522,천호대로97길
2016,1,A,골목상권,1000212,2048,1029,1019,335,274,378,334,335,392,172,137,192,178,163,187,163,137,186,156,172,205,853,188,665,천호대로77길
2016,1,A,골목상권,1000211,3190,1647,1543,393,498,543,485,533,738,205,260,293,262,277,350,188,238,250,223,256,388,1703,0,1703,천호대로45길
2016,1,A,골목상권,1000210,2363,1218,1145,291,374,402,357,397,542,150,195,216,196,207,254,141,179,186,161,190,288,1254,32,1222,천호대로17길
2016,1,A,골목상권,1000209,1119,579,540,137,176,188,171,188,259,71,92,101,93,98,124,66,84,87,78,90,135,597,0,597,천호대로12길
2016,1,A,골목상권,1000208,1342,671,671,183,278,196,209,201,275,95,146,106,106,98,120,88,132,90,103,103,155,672,0,672,천장산로7길
2016,1,A,골목상권,1000207,1466,754,712,190,234,223,212,239,368,98,130,124,116,121,165,92,104,99,96,118,203,726,0,726,제기로5길
2016,1,A,골목상권,1000206,4755,2374,2381,611,602,638,688,868,1348,316,317,342,363,434,602,295,285,296,325,434,746,2221,0,2221,제기로21길
2016,1,A,골목상권,1000205,2167,1068,1099,366,283,330,373,359,456,183,148,165,191,176,205,183,135,165,182,183,251,834,0,834,전농로4길
2016,1,A,골목상권,1000204,1885,928,957,321,268,349,311,293,343,162,131,175,159,147,154,159,137,174,152,146,189,855,0,855,전농로3길
2016,1,A,골목상권,1000203,2123,1080,1043,326,300,313,347,360,477,165,157,163,185,188,222,161,143,150,162,172,255,1222,6,1216,전농로29길
2016,1,A,골목상권,1000202,2055,1032,1023,336,273,378,334,336,398,172,137,193,175,164,191,164,136,185,159,172,207,855,287,568,장한로8길
2016,1,A,골목상권,1000201,1982,999,983,323,264,364,322,324,385,166,132,187,171,158,185,157,132,177,151,166,200,817,91,726,장한로5길
2016,1,A,골목상권,1000200,1791,905,886,345,211,307,321,270,337,183,110,153,169,135,155,162,101,154,152,135,182,721,0,721,장한로27길
2016,1,A,골목상권,1000199,1680,847,833,322,199,289,299,256,315,170,103,144,157,128,145,152,96,145,142,128,170,681,9,672,장한로27가길
2016,1,A,골목상권,1000198,2043,1027,1016,349,265,371,341,328,389,180,134,188,179,161,185,169,131,183,162,167,204,853,774,79,장한로26길
2016,1,A,골목상권,1000197,1214,613,601,227,149,210,212,187,229,120,77,105,112,93,106,107,72,105,100,94,123,488,256,232,장한로26가길
2016,1,A,골목상권,1000196,855,430,425,139,113,158,140,140,165,72,57,81,75,67,78,67,56,77,65,73,87,354,17,337,장한로25길
2016,1,A,골목상권,1000195,1534,772,762,253,203,281,250,254,293,129,103,143,133,124,140,124,100,138,117,130,153,639,299,340,장한로14길
2016,1,A,골목상권,1000194,4457,2201,2256,806,623,653,776,699,900,412,315,335,389,347,403,394,308,318,387,352,497,1757,0,1757,이문로42길
2016,1,A,골목상권,1000193,2823,1408,1415,364,356,379,406,516,802,187,187,202,214,258,360,177,169,177,192,258,442,1311,122,1189,왕산로43길
2016,1,A,골목상권,1000192,624,318,306,79,101,94,90,100,160,41,55,51,49,50,72,38,46,43,41,50,88,313,0,313,왕산로33길
2016,1,A,골목상권,1000191,1197,617,580,148,187,203,181,201,277,78,98,108,98,105,130,70,89,95,83,96,147,636,22,614,왕산로32길
2016,1,A,골목상권,1000190,1889,964,925,241,287,279,272,316,494,125,158,152,147,159,223,116,129,127,125,157,271,920,26,894,약령시로17길
2016,1,A,골목상권,1000189,2325,1163,1162,378,325,382,382,381,477,192,165,196,198,194,218,186,160,186,184,187,259,1197,0,1197,서울시립대로4길
2016,1,A,골목상권,1000188,4661,2329,2332,775,757,691,756,735,947,389,399,358,383,366,434,386,358,333,373,369,513,2244,192,2052,서울시립대로29길
2016,1,A,골목상권,1000187,2028,1031,997,309,282,305,334,345,453,159,148,159,176,178,211,150,134,146,158,167,242,1140,18,1122,서울시립대로16길
2016,1,A,골목상권,1000186,2597,1280,1317,448,368,477,428,405,471,227,180,240,218,203,212,221,188,237,210,202,259,1163,239,924,사가정로2길
2016,1,A,골목상권,1000185,2375,1203,1172,456,282,405,425,361,446,241,147,202,224,182,207,215,135,203,201,179,239,963,252,711,사가정로23가길
2016,1,A,골목상권,1000184,2457,1197,1260,466,312,344,436,400,499,235,164,166,213,195,224,231,148,178,223,205,275,912,148,764,사가정로13길
2016,1,A,골목상권,1000183,1744,903,841,216,275,295,263,295,400,112,142,160,144,155,190,104,133,135,119,140,210,907,28,879,무학로45길
2016,1,A,골목상권,1000182,1460,756,704,181,229,247,221,244,338,95,119,134,121,127,160,86,110,113,100,117,178,777,0,777,무학로16길
2016,1,A,골목상권,1000181,250,125,125,32,50,40,38,38,52,16,24,22,20,20,23,16,26,18,18,18,29,133,0,133,망우로21길
2016,1,A,골목상권,1000180,2046,1008,1038,366,380,303,332,294,371,181,200,154,163,142,168,185,180,149,169,152,203,860,0,860,망우로18길
2016,1,A,골목상권,1000179,3910,1929,1981,699,731,578,631,564,707,347,387,295,310,271,319,352,344,283,321,293,388,1635,0,1635,망우로18가길
2016,1,A,골목상권,1000178,1264,639,625,230,157,221,220,197,239,121,81,111,116,98,112,109,76,110,104,99,127,520,19,501,답십리로72길
2016,1,A,골목상권,1000177,1427,721,706,274,169,244,256,216,268,144,89,121,135,108,124,130,80,123,121,108,144,572,245,327,답십리로69길
2016,1,A,골목상권,1000176,2361,1190,1171,385,314,434,387,385,456,196,159,222,205,189,219,189,155,212,182,196,237,982,176,806,답십리로68길
2016,1,A,골목상권,1000175,4296,2163,2133,703,568,791,703,704,827,359,286,403,375,344,396,344,282,388,328,360,431,1767,30,1737,답십리로64길
2016,1,A,골목상권,1000174,2079,1050,1029,401,247,359,368,312,392,211,129,179,194,156,181,190,118,180,174,156,211,855,18,837,답십리로63길
2016,1,A,골목상권,1000173,2044,1006,1038,346,263,304,353,343,435,173,139,152,180,166,196,173,124,152,173,177,239,782,228,554,답십리로60길
2016,1,A,골목상권,1000172,4074,2003,2071,690,523,606,703,684,868,345,276,303,358,330,391,345,247,303,345,354,477,1556,454,1102,답십리로56길
2016,1,A,골목상권,1000171,2416,1226,1190,369,336,360,394,412,545,189,177,188,208,211,253,180,159,172,186,201,292,1382,0,1382,답십리로23길
2016,1,A,골목상권,1000170,223,116,107,28,36,37,34,38,50,15,19,20,19,20,23,13,17,17,15,18,27,116,0,116,난계로30길
2016,1,A,골목상권,1000169,1609,778,831,236,406,281,216,190,280,116,196,145,109,91,121,120,210,136,107,99,159,871,0,871,경희대로4길
2016,1,A,골목상권,1000168,886,429,457,129,224,154,118,105,156,64,108,79,60,50,68,65,116,75,58,55,88,480,0,480,경희대로3길
2016,1,A,골목상권,1000167,2722,1340,1382,479,372,449,466,449,507,248,189,227,229,216,231,231,183,222,237,233,276,1113,81,1032,천호대로129길
2016,1,A,골목상권,1000166,3047,1490,1557,477,500,560,491,503,516,246,247,281,237,242,237,231,253,279,254,261,279,1331,100,1231,천호대로123길
2016,1,A,골목상권,1000165,3719,1819,1900,579,611,684,599,616,630,298,302,345,289,296,289,281,309,339,310,320,341,1633,18,1615,천호대로109길
2016,1,A,골목상권,1000164,3848,1868,1980,781,543,632,659,628,605,393,268,298,319,305,285,388,275,334,340,323,320,1413,208,1205,자양번영로3길
2016,1,A,골목상권,1000163,2911,1441,1470,482,423,475,491,495,545,254,216,241,241,243,246,228,207,234,250,252,299,1191,71,1120,자양로53길
2016,1,A,골목상권,1000162,4569,2242,2327,825,611,752,790,743,848,423,311,379,391,354,384,402,300,373,399,389,464,1866,25,1841,자양로50길
2016,1,A,골목상권,1000161,2313,1147,1166,382,335,379,389,396,432,201,170,193,192,195,196,181,165,186,197,201,236,945,39,906,자양로45길
2016,1,A,골목상권,1000160,2805,1347,1458,373,515,577,457,415,468,188,235,289,229,196,210,185,280,288,228,219,258,1396,72,1324,자양로26길
2016,1,A,골목상권,1000159,2085,1023,1062,303,352,383,342,337,368,159,169,194,171,165,165,144,183,189,171,172,203,999,37,962,자양로15길
2016,1,A,골목상권,1000158,4172,2041,2131,612,705,766,684,669,736,322,338,386,342,325,328,290,367,380,342,344,408,2005,36,1969,자양로11길
2016,1,A,골목상권,1000157,3249,1587,1662,505,532,599,525,535,553,258,264,301,254,256,254,247,268,298,271,279,299,1433,56,1377,용마산로3길
2016,1,A,골목상권,1000156,5183,2548,2635,803,841,940,846,863,890,414,421,478,409,418,408,389,420,462,437,445,482,2289,77,2212,용마산로21길
2016,1,A,골목상권,1000155,2327,1132,1195,639,264,286,532,324,282,327,132,124,251,168,130,312,132,162,281,156,152,758,421,337,아차산로78길
2016,1,A,골목상권,1000154,3352,1620,1732,617,518,563,572,549,533,307,261,277,264,264,247,310,257,286,308,285,286,1306,104,1202,아차산로65길
2016,1,A,골목상권,1000153,3410,1634,1776,456,624,701,558,503,568,229,287,351,279,237,251,227,337,350,279,266,317,1706,0,1706,아차산로55길
2016,1,A,골목상권,1000152,1870,895,975,251,343,386,304,276,310,126,158,193,152,129,137,125,185,193,152,147,173,925,7,918,아차산로51길
2016,1,A,골목상권,1000151,2931,1433,1498,427,497,537,482,470,518,225,237,271,241,228,231,202,260,266,241,242,287,1413,45,1368,아차산로40길
2016,1,A,골목상권,1000150,4083,2042,2041,611,612,690,688,737,745,312,320,370,340,364,336,299,292,320,348,373,409,1891,0,1891,면목로17길
2016,1,A,골목상권,1000149,3272,1620,1652,577,460,585,552,532,566,302,234,292,273,253,266,275,226,293,279,279,300,1362,0,1362,뚝섬로64길
2016,1,A,골목상권,1000148,3323,1644,1679,585,469,593,562,541,573,305,239,296,278,257,269,280,230,297,284,284,304,1369,286,1083,뚝섬로58길
2016,1,A,골목상권,1000147,3785,1876,1909,669,534,674,639,615,654,350,275,337,317,293,304,319,259,337,322,322,350,1562,56,1506,뚝섬로54길
2016,1,A,골목상권,1000146,4207,2083,2124,740,591,751,711,689,725,384,302,375,352,329,341,356,289,376,359,360,384,1732,20,1712,뚝섬로48길
2016,1,A,골목상권,1000145,2269,1144,1125,268,345,376,361,430,489,136,174,196,192,222,224,132,171,180,169,208,265,1172,0,1172,뚝섬로24길
2016,1,A,골목상권,1000144,3156,1556,1600,526,463,520,523,547,577,265,231,256,263,273,268,261,232,264,260,274,309,1348,0,1348,뚝섬로23길
2016,1,A,골목상권,1000143,1925,929,996,162,678,394,218,200,273,81,298,207,120,102,121,81,380,187,98,98,152,1338,161,1177,동일로24길
2016,1,A,골목상권,1000142,3295,1661,1634,386,504,543,524,628,710,195,255,282,279,324,326,191,249,261,245,304,384,1667,6,1661,동일로18길
2016,1,A,골목상권,1000141,2494,1223,1271,453,359,411,420,425,426,228,179,198,209,210,199,225,180,213,211,215,227,989,716,273,능동로4길
2016,1,A,골목상권,1000140,3173,1593,1580,406,480,524,509,592,662,205,243,269,269,302,305,201,237,255,240,290,357,1564,345,1219,능동로3길
2016,1,A,골목상권,1000139,4828,2278,2550,616,933,1193,668,615,803,328,386,589,336,279,360,288,547,604,332,336,443,2455,25,2430,능동로34길
2016,1,A,골목상권,1000138,2314,1118,1196,193,821,470,262,243,325,96,360,246,144,125,147,97,461,224,118,118,178,1565,443,1122,능동로19길
2016,1,A,골목상권,1000137,2748,1328,1420,228,972,561,312,290,385,114,428,294,171,149,172,114,544,267,141,141,213,1858,10,1848,능동로13길
2016,1,A,골목상권,1000136,2261,1128,1133,332,340,388,381,405,415,170,174,209,188,199,188,162,166,179,193,206,227,1049,0,1049,긴고랑로9길
2016,1,A,골목상권,1000135,4316,2146,2170,548,680,852,676,736,824,283,327,449,340,360,387,265,353,403,336,376,437,2082,19,2063,긴고랑로8길
2016,1,A,골목상권,1000134,4456,2219,2237,621,683,810,730,780,832,319,343,429,362,384,382,302,340,381,368,396,450,2102,70,2032,긴고랑로7길
2016,1,A,골목상권,1000133,4086,1997,2089,639,671,754,657,674,691,328,333,379,316,325,316,311,338,375,341,349,375,1775,48,1727,긴고랑로20길
2016,1,A,골목상권,1000132,6175,2980,3195,1132,958,1037,1055,1015,978,562,483,507,487,489,452,570,475,530,568,526,526,2412,51,2361,광나루로52길
2016,1,A,골목상권,1000131,4011,1927,2084,536,734,831,652,590,668,271,340,416,326,278,296,265,394,415,326,312,372,2014,69,1945,광나루로40길
2016,1,A,골목상권,1000130,707,347,360,128,94,117,122,114,132,66,48,59,60,54,60,62,46,58,62,60,72,288,0,288,광나루로37길
2016,1,A,골목상권,1000129,2311,1110,1201,308,423,477,376,340,387,156,195,239,188,160,172,152,228,238,188,180,215,1150,70,1080,광나루로36길
2016,1,A,골목상권,1000128,1196,575,621,98,425,245,135,124,169,48,186,129,74,63,75,50,239,116,61,61,94,824,0,824,광나루로24길
2016,1,A,골목상권,1000127,1952,941,1011,162,691,396,224,206,273,80,304,208,122,104,123,82,387,188,102,102,150,1293,89,1204,광나루로12길
2016,1,A,골목상권,1000126,2281,1084,1197,398,297,451,368,340,427,202,141,212,183,157,189,196,156,239,185,183,238,926,732,194,한림말길
2016,1,A,골목상권,1000125,1011,480,531,176,132,200,163,152,188,89,62,94,81,71,83,87,70,106,82,81,105,442,65,377,한림말3길
2016,1,A,골목상권,1000124,3778,1876,1902,611,650,564,605,618,730,314,325,286,301,313,337,297,325,278,304,305,393,1644,0,1644,청계천로10나길
2016,1,A,골목상권,1000123,2368,1148,1220,402,284,456,404,360,462,207,145,220,207,171,198,195,139,236,197,189,264,963,0,963,장터길
2016,1,A,골목상권,1000122,3029,1614,1415,404,435,466,546,553,625,208,222,263,310,317,294,196,213,203,236,236,331,1504,0,1504,용답중앙길
2016,1,A,골목상권,1000121,3033,1613,1420,405,436,464,545,554,629,209,222,260,309,318,295,196,214,204,236,236,334,1504,157,1347,용답29길
2016,1,A,골목상권,1000120,2356,1186,1170,377,364,439,393,393,390,190,184,225,203,199,185,187,180,214,190,194,205,1047,218,829,왕십리로6길
2016,1,A,골목상권,1000119,2493,1231,1262,398,363,392,439,414,487,201,182,200,224,212,212,197,181,192,215,202,275,1083,55,1028,왕십리로31길
2016,1,A,골목상권,1000118,3970,1935,2035,651,624,694,638,648,715,322,302,347,319,329,316,329,322,347,319,319,399,1452,306,1146,왕십리로26길
2016,1,A,골목상권,1000117,5033,2406,2627,974,639,844,932,750,894,468,315,401,465,366,391,506,324,443,467,384,503,1973,0,1973,왕십리로21길
2016,1,A,골목상권,1000116,2022,1017,1005,311,318,391,331,331,340,159,159,199,175,164,161,152,159,192,156,167,179,923,183,740,왕십리로14길
2016,1,A,골목상권,1000115,2084,1081,1003,281,320,376,315,376,416,142,160,198,173,202,206,139,160,178,142,174,210,976,237,739,아차산로5길
2016,1,A,골목상권,1000114,769,401,368,102,118,141,114,141,153,53,59,74,64,75,76,49,59,67,50,66,77,357,0,357,아차산로15길
2016,1,A,골목상권,1000113,625,327,298,82,94,114,92,115,128,41,47,62,51,63,63,41,47,52,41,52,65,294,49,245,아차산로11길
2016,1,A,골목상권,1000112,2639,1403,1236,366,374,449,450,503,497,188,201,253,251,271,239,178,173,196,199,232,258,1282,0,1282,송정4가길
2016,1,A,골목상권,1000111,1287,684,603,180,182,220,219,245,241,93,98,123,121,132,117,87,84,97,98,113,124,619,0,619,송정12라길
2016,1,A,골목상권,1000110,871,454,417,116,130,159,130,160,176,60,65,84,71,87,87,56,65,75,59,73,89,408,0,408,성수일로6길
2016,1,A,골목상권,1000109,1956,1017,939,271,295,325,315,369,381,140,154,171,171,198,183,131,141,154,144,171,198,911,24,887,성수이로7길
2016,1,A,골목상권,1000108,580,305,275,76,88,98,90,110,118,39,46,53,50,60,57,37,42,45,40,50,61,273,0,273,성수이로18길
2016,1,A,골목상권,1000107,4300,2173,2127,739,648,733,748,737,695,374,330,384,374,387,324,365,318,349,374,350,371,1807,0,1807,성덕정길
2016,1,A,골목상권,1000106,4278,2228,2050,594,636,681,715,824,828,307,340,359,388,445,389,287,296,322,327,379,439,1990,0,1990,성덕정17길
2016,1,A,골목상권,1000105,2748,1388,1360,423,435,532,446,450,462,217,218,270,237,224,222,206,217,262,209,226,240,1260,54,1206,서울숲2길
2016,1,A,골목상권,1000104,864,435,429,133,136,168,142,141,144,68,68,86,75,70,68,65,68,82,67,71,76,394,99,295,상원길
2016,1,A,골목상권,1000103,2633,1327,1306,403,414,510,429,435,442,207,207,260,226,216,211,196,207,250,203,219,231,1202,423,779,상원12길
2016,1,A,골목상권,1000102,3200,1677,1523,417,1012,471,390,384,526,198,594,263,199,183,240,219,418,208,191,201,286,1816,0,1816,사근동길
2016,1,A,골목상권,1000101,1951,954,997,333,281,311,350,315,361,166,139,156,175,159,159,167,142,155,175,156,202,801,157,644,무학봉길
2016,1,A,골목상권,1000100,1240,607,633,201,187,195,218,205,234,101,91,99,108,104,104,100,96,96,110,101,130,514,83,431,무학봉28길
2016,1,A,골목상권,1000099,2303,1121,1182,380,360,402,370,377,414,189,172,201,185,191,183,191,188,201,185,186,231,816,18,798,무학로6길
2016,1,A,골목상권,1000098,1330,646,684,224,161,246,227,203,269,115,81,121,115,97,117,109,80,125,112,106,152,545,96,449,무수막길
2016,1,A,골목상권,1000097,960,461,499,167,116,192,163,142,180,86,58,91,83,67,76,81,58,101,80,75,104,404,217,187,매봉길
2016,1,A,골목상권,1000096,704,367,337,91,223,105,86,84,115,43,131,59,43,40,51,48,92,46,43,44,64,400,38,362,마조로1길
2016,1,A,골목상권,1000095,2153,1072,1081,349,370,321,344,354,415,181,185,163,172,181,190,168,185,158,172,173,225,938,277,661,마조로16길
2016,1,A,골목상권,1000094,888,442,446,143,155,131,142,145,172,74,78,66,71,74,79,69,77,65,71,71,93,357,110,247,마장로39길
2016,1,A,골목상권,1000093,1954,970,984,315,337,292,313,320,377,161,169,148,156,161,175,154,168,144,157,159,202,860,11,849,마장로27길
2016,1,A,골목상권,1000092,942,479,463,154,141,157,165,165,160,79,72,82,84,87,75,75,69,75,81,78,85,406,127,279,뚝섬로5길
2016,1,A,골목상권,1000091,3283,1681,1602,514,494,542,561,595,577,262,257,284,290,317,271,252,237,258,271,278,306,1445,0,1445,둘레9길
2016,1,A,골목상권,1000090,3200,1551,1649,533,391,598,544,490,644,274,196,292,276,232,281,259,195,306,268,258,363,1310,102,1208,금호산길
2016,1,A,골목상권,1000089,2544,1236,1308,425,310,475,431,390,513,217,156,234,220,186,223,208,154,241,211,204,290,1043,0,1043,금호산2길
2016,1,A,골목상권,1000088,2509,1231,1278,389,392,405,414,416,493,198,196,200,207,208,222,191,196,205,207,208,271,1031,14,1017,고산자로6길
2016,1,A,골목상권,1000087,3673,1808,1865,588,510,607,639,570,759,312,264,312,321,276,323,276,246,295,318,294,436,1710,63,1647,후암로28길
2016,1,A,골목상권,1000086,2875,1387,1488,513,355,496,506,423,582,261,170,242,257,208,249,252,185,254,249,215,333,1141,77,1064,효창원로39길
2016,1,A,골목상권,1000085,1661,769,892,210,220,289,273,254,415,104,110,139,134,110,172,106,110,150,139,144,243,921,101,820,회나무로13길
2016,1,A,골목상권,1000084,803,383,420,97,108,162,134,127,175,51,52,80,66,59,75,46,56,82,68,68,100,434,388,46,한남대로20길
2016,1,A,골목상권,1000083,108,66,42,8,13,15,19,24,29,4,7,9,13,16,17,4,6,6,6,8,12,71,0,71,한강대로88길
2016,1,A,골목상권,1000082,597,295,302,72,82,104,88,102,149,39,41,51,45,51,68,33,41,53,43,51,81,358,0,358,한강대로7길
2016,1,A,골목상권,1000081,883,437,446,103,121,155,132,153,219,55,60,76,67,76,103,48,61,79,65,77,116,521,36,485,한강대로62길
2016,1,A,골목상권,1000080,585,287,298,68,79,103,89,100,146,36,39,50,45,50,67,32,40,53,44,50,79,335,0,335,한강대로52길
2016,1,A,골목상권,1000079,1089,538,551,126,148,192,163,189,271,68,73,94,83,94,126,58,75,98,80,95,145,588,358,230,한강대로43길
2016,1,A,골목상권,1000078,546,271,275,65,73,97,82,94,135,36,36,47,42,47,63,29,37,50,40,47,72,328,0,328,한강대로15길
2016,1,A,골목상권,1000077,1668,986,682,155,212,247,296,338,420,85,110,138,191,222,240,70,102,109,105,116,180,1030,75,955,한강대로104길
2016,1,A,골목상권,1000076,2963,1419,1544,410,553,484,490,445,581,216,237,253,246,222,245,194,316,231,244,223,336,1515,0,1515,청파로73길
2016,1,A,골목상권,1000075,3547,1702,1845,489,661,584,588,529,696,258,286,305,297,264,292,231,375,279,291,265,404,1809,10,1799,청파로71길
2016,1,A,골목상권,1000074,2881,1380,1501,399,535,471,480,428,568,210,230,247,241,213,239,189,305,224,239,215,329,1472,23,1449,청파로47나길
2016,1,A,골목상권,1000073,2313,1111,1202,319,426,379,388,347,454,167,183,199,195,173,194,152,243,180,193,174,260,1184,0,1184,청파로47길
2016,1,A,골목상권,1000072,2757,1346,1411,342,394,451,465,485,620,186,213,241,228,224,254,156,181,210,237,261,366,1411,0,1411,장문로45길
2016,1,A,골목상권,1000071,1676,801,875,204,226,338,277,263,368,106,109,168,136,122,160,98,117,170,141,141,208,902,15,887,이태원로54길
2016,1,A,골목상권,1000070,1143,540,603,118,165,190,177,193,300,61,85,95,88,93,118,57,80,95,89,100,182,685,15,670,이태원로27길
2016,1,A,골목상권,1000069,3061,1462,1599,462,362,527,475,507,728,242,189,262,237,231,301,220,173,265,238,276,427,1369,184,1185,이촌로22길
2016,1,A,골목상권,1000068,1048,510,538,163,159,219,170,153,184,84,71,109,88,76,82,79,88,110,82,77,102,508,0,508,원효로89길
2016,1,A,골목상권,1000067,2474,1199,1275,427,321,457,424,363,482,220,152,224,217,177,209,207,169,233,207,186,273,1030,0,1030,원효로53길
2016,1,A,골목상권,1000066,1989,937,1052,385,237,319,358,305,385,175,114,154,178,151,165,210,123,165,180,154,220,776,0,776,원효로41길
2016,1,A,골목상권,1000065,2441,1148,1293,471,290,391,442,376,471,212,137,190,220,186,203,259,153,201,222,190,268,955,158,797,원효로19길
2016,1,A,골목상권,1000064,2891,1409,1482,358,413,475,491,509,645,196,221,254,240,235,263,162,192,221,251,274,382,1480,0,1480,우사단로4길
2016,1,A,골목상권,1000063,1150,548,602,136,158,220,187,183,266,71,77,109,93,86,112,65,81,111,94,97,154,637,59,578,우사단로14길
2016,1,A,골목상권,1000062,2829,1369,1460,349,393,513,477,471,626,186,203,263,235,219,263,163,190,250,242,252,363,1484,0,1484,우사단로10길
2016,1,A,골목상권,1000061,2900,1411,1489,430,400,500,476,455,639,225,206,257,236,214,273,205,194,243,240,241,366,1392,0,1392,신흥로20길
2016,1,A,골목상권,1000060,2431,1171,1260,337,333,434,377,386,564,174,169,223,184,177,244,163,164,211,193,209,320,1203,0,1203,소월로20길
2016,1,A,골목상권,1000059,3367,1627,1740,683,433,406,686,519,640,348,214,190,335,269,271,335,219,216,351,250,369,1313,0,1313,서빙고로71길
2016,1,A,골목상권,1000058,1197,589,608,190,174,261,192,171,209,99,79,130,101,84,96,91,95,131,91,87,113,562,502,60,백범로90길
2016,1,A,골목상권,1000057,3841,1877,1964,644,552,701,653,570,721,344,265,347,324,281,316,300,287,354,329,289,405,1741,115,1626,백범로79길
2016,1,A,골목상권,1000056,2569,1409,1160,312,339,399,452,468,599,167,175,213,265,278,311,145,164,186,187,190,288,1426,0,1426,두텁바위로1길
2016,1,A,골목상권,1000055,1148,548,600,139,154,229,193,182,251,71,73,114,96,85,109,68,81,115,97,97,142,621,44,577,대사관로34길
2016,1,A,골목상권,1000054,1010,467,543,130,134,175,165,156,250,64,67,83,82,67,104,66,67,92,83,89,146,563,9,554,녹사평대로46길
2016,1,A,골목상권,1000053,892,412,480,105,121,155,141,144,226,52,62,74,70,64,90,53,59,81,71,80,136,514,0,514,녹사평대로40나길
2016,1,A,골목상권,1000052,614,289,325,65,86,102,96,104,161,34,44,51,48,50,62,31,42,51,48,54,99,369,40,329,녹사평대로32길
2016,1,A,골목상권,1000051,1225,578,647,131,173,204,189,208,320,68,89,102,94,100,125,63,84,102,95,108,195,735,0,735,녹사평대로26길
2016,1,A,골목상권,1000050,783,380,403,158,100,95,160,120,150,80,50,45,79,62,64,78,50,50,81,58,86,306,0,306,녹사평대로11길
2016,1,A,골목상권,1000049,3083,1547,1536,472,401,488,552,525,645,241,209,253,295,275,274,231,192,235,257,250,371,1469,70,1399,퇴계로90길
2016,1,A,골목상권,1000048,993,545,448,89,100,110,149,224,321,43,46,56,89,143,168,46,54,54,60,81,153,663,60,603,퇴계로8길
2016,1,A,골목상권,1000047,1032,538,494,114,198,157,147,164,252,57,109,84,81,87,120,57,89,73,66,77,132,596,0,596,퇴계로56길
2016,1,A,골목상권,1000046,479,246,233,62,97,75,68,67,110,31,54,41,37,33,50,31,43,34,31,34,60,263,0,263,퇴계로46길
2016,1,A,골목상권,1000045,1324,569,755,116,137,181,233,260,397,54,67,84,105,111,148,62,70,97,128,149,249,639,0,639,퇴계로18길
2016,1,A,골목상권,1000044,646,358,288,57,65,73,96,147,208,28,30,38,58,94,110,29,35,35,38,53,98,435,140,295,퇴계로12길
2016,1,A,골목상권,1000043,2770,1331,1439,424,390,458,451,456,591,218,195,230,225,217,246,206,195,228,226,239,345,1321,0,1321,청구로1길
2016,1,A,골목상권,1000042,1566,767,799,220,242,270,260,248,326,113,127,139,131,115,142,107,115,131,129,133,184,697,32,665,청구로17길
2016,1,A,골목상권,1000041,1177,604,573,139,223,181,180,187,267,70,121,97,97,96,123,69,102,84,83,91,144,640,0,640,장충단로8길
2016,1,A,골목상권,1000040,26,11,15,2,2,4,5,5,8,1,1,2,2,2,3,1,1,2,3,3,5,13,0,13,삼일대로4길
2016,1,A,골목상권,1000039,117,50,67,10,12,16,20,23,36,5,6,7,9,10,13,5,6,9,11,13,23,58,0,58,명동길
2016,1,A,골목상권,1000038,1309,625,684,196,164,218,207,217,307,99,83,105,105,102,131,97,81,113,102,115,176,676,19,657,동호로8길
2016,1,A,골목상권,1000037,1858,921,937,256,334,312,296,278,382,131,180,162,150,131,167,125,154,150,146,147,215,879,34,845,동호로20길
2016,1,A,골목상권,1000036,2127,1037,1090,295,326,368,355,339,444,150,169,186,182,157,193,145,157,182,173,182,251,940,0,940,동호로15길
2016,1,A,골목상권,1000035,3077,1500,1577,430,471,530,513,489,644,220,247,269,261,225,278,210,224,261,252,264,366,1369,134,1235,동호로11길
2016,1,A,골목상권,1000034,3402,1636,1766,520,486,564,553,556,723,266,242,284,276,264,304,254,244,280,277,292,419,1638,197,1441,동호로10길
2016,1,A,골목상권,1000033,1121,580,541,123,185,167,199,207,240,62,96,91,110,111,110,61,89,76,89,96,130,572,0,572,다산로39길
2016,1,A,골목상권,1000032,1766,855,911,308,251,261,298,308,340,157,126,125,145,151,151,151,125,136,153,157,189,667,214,453,다산로38길
2016,1,A,골목상권,1000031,1924,937,987,332,276,289,326,333,368,168,140,140,161,164,164,164,136,149,165,169,204,723,0,723,다산로36길
2016,1,A,골목상권,1000030,3477,1789,1688,381,570,524,616,640,746,195,297,281,338,341,337,186,273,243,278,299,409,1811,14,1797,다산로33길
2016,1,A,골목상권,1000029,943,473,470,121,141,194,146,149,192,60,69,100,77,77,90,61,72,94,69,72,102,455,35,420,난계로21길
2016,1,A,골목상권,1000028,2251,1126,1125,289,337,468,346,354,457,144,163,240,182,182,215,145,174,228,164,172,242,1103,337,766,난계로11길
2016,1,A,골목상권,1000027,546,250,296,87,68,85,92,87,127,45,30,38,42,40,55,42,38,47,50,47,72,328,13,315,필운대로1길
2016,1,A,골목상권,1000026,2022,961,1061,367,283,252,337,357,426,194,147,116,147,172,185,173,136,136,190,185,241,790,19,771,평창길
2016,1,A,골목상권,1000025,1101,527,574,200,132,144,206,177,242,96,65,69,105,89,103,104,67,75,101,88,139,369,0,369,통일로12길
2016,1,A,골목상권,1000024,2395,1218,1177,324,341,289,431,463,547,165,179,167,222,241,244,159,162,122,209,222,303,1107,79,1028,창신길
2016,1,A,골목상권,1000023,1081,567,514,131,137,134,187,220,272,67,73,76,99,120,132,64,64,58,88,100,140,583,0,583,창신5길
2016,1,A,골목상권,1000022,975,497,478,132,137,115,178,190,223,67,72,67,92,98,101,65,65,48,86,92,122,454,9,445,창신2길
2016,1,A,골목상권,1000021,684,336,348,105,163,100,103,86,127,51,87,51,51,42,54,54,76,49,52,44,73,351,0,351,창경궁로35길
2016,1,A,골목상권,1000020,2363,1179,1184,344,322,364,413,411,509,178,161,193,210,210,227,166,161,171,203,201,282,1079,0,1079,지봉로8길
2016,1,A,골목상권,1000019,2763,1409,1354,301,473,455,434,476,624,158,218,242,233,256,302,143,255,213,201,220,322,1438,110,1328,종로65길
2016,1,A,골목상권,1000018,620,316,304,61,113,103,96,106,141,32,51,54,53,57,69,29,62,49,43,49,72,350,43,307,종로58가길
2016,1,A,골목상권,1000017,194,113,81,16,25,23,28,39,63,8,13,13,18,26,35,8,12,10,10,13,28,134,0,134,종로24길
2016,1,A,골목상권,1000016,609,285,324,111,78,94,108,90,128,58,38,43,48,44,54,53,40,51,60,46,74,298,0,298,자하문로7길
2016,1,A,골목상권,1000015,1455,685,770,183,299,253,221,212,287,88,134,127,107,104,125,95,165,126,114,108,162,745,0,745,이화장길
2016,1,A,골목상권,1000014,368,203,165,43,62,44,59,68,92,25,36,25,33,38,46,18,26,19,26,30,46,210,68,142,율곡로16길
2016,1,A,골목상권,1000013,460,268,192,39,58,55,66,95,147,18,29,33,43,62,83,21,29,22,23,33,64,316,0,316,율곡로10길
2016,1,A,골목상권,1000012,2666,1260,1406,523,334,406,491,379,533,283,170,181,218,186,222,240,164,225,273,193,311,1095,8,1087,옥인길
2016,1,A,골목상권,1000011,1062,546,516,106,193,175,165,182,241,56,89,93,90,100,118,50,104,82,75,82,123,567,0,567,숭인동길
2016,1,A,골목상권,1000010,1146,561,585,175,274,167,172,147,211,86,146,84,84,71,90,89,128,83,88,76,121,575,0,575,성균관로5길
2016,1,A,골목상권,1000009,724,341,383,103,81,104,104,125,207,53,39,50,51,56,92,50,42,54,53,69,115,445,0,445,삼청로5길
2016,1,A,골목상권,1000008,577,271,306,81,66,84,82,99,165,41,32,40,41,45,72,40,34,44,41,54,93,357,0,357,북촌로5나길
2016,1,A,골목상권,1000007,309,146,163,45,33,46,46,52,87,23,16,22,23,24,38,22,17,24,23,28,49,185,0,185,북촌로5길
2016,1,A,골목상권,1000006,368,170,198,56,42,57,65,57,91,28,20,26,32,26,38,28,22,31,33,31,53,178,0,178,북촌로11길
2016,1,A,골목상권,1000005,1826,891,935,310,255,232,319,304,406,168,139,112,147,141,184,142,116,120,172,163,222,760,27,733,백석동길
2016,1,A,골목상권,1000004,1283,630,653,195,305,187,193,165,238,96,163,95,96,80,100,99,142,92,97,85,138,660,25,635,명륜길
2016,1,A,골목상권,1000003,1180,687,493,99,149,140,171,241,380,46,78,82,111,159,211,53,71,58,60,82,169,819,408,411,돈화문로11가길
2016,1,A,골목상권,1000002,1050,539,511,105,190,173,163,180,239,55,86,92,89,99,118,50,104,81,74,81,121,599,270,329,난계로27길
2016,1,A,골목상권,1000001,1526,707,819,230,176,236,275,237,372,115,81,111,134,112,154,115,95,125,141,125,218,727,0,727,계동길
2017,4,U,관광특구,1001496,21,15,6,5,1,3,3,4,5,4,0,2,2,3,4,1,1,1,1,1,1,13,0,13,강남 마이스 관광특구
2017,4,U,관광특구,1001495,9129,4450,4679,1171,1412,1898,1328,1447,1873,624,662,865,672,693,934,547,750,1033,656,754,939,4511,210,4301,잠실 관광특구
2017,4,U,관광특구,1001494,2716,1652,1064,142,315,294,355,630,980,75,193,181,227,421,555,67,122,113,128,209,425,1911,283,1628,종로?청계 관광특구
2017,4,U,관광특구,1001493,1665,873,792,160,272,305,217,302,409,78,137,167,119,164,208,82,135,138,98,138,201,915,90,825,동대문패션타운 관광특구
2017,4,U,관광특구,1001492,660,245,415,25,47,71,136,112,269,8,26,44,39,36,92,17,21,27,97,76,177,296,0,296,명동 남대문 북창동 다동 무교동 관광특구
2017,4,U,관광특구,1001491,6710,3211,3499,561,894,1250,1046,1121,1838,280,439,646,536,549,761,281,455,604,510,572,1077,3978,26,3952,이태원 관광특구
2017,4,R,전통시장,1001490,3445,1709,1736,537,447,561,533,548,819,305,222,281,280,236,385,232,225,280,253,312,434,1393,387,1006,길동복조리시장
2017,4,R,전통시장,1001489,597,301,296,97,87,82,104,113,114,51,55,33,46,66,50,46,32,49,58,47,64,250,95,155,둔촌역전통시장
2017,4,R,전통시장,1001488,1048,549,499,124,143,180,167,197,237,58,77,105,84,105,120,66,66,75,83,92,117,511,64,447,성내골목시장
2017,4,R,전통시장,1001487,150,77,73,7,8,21,28,35,51,3,4,8,18,22,22,4,4,13,10,13,29,118,0,118,천호시장
2017,4,R,전통시장,1001486,241,112,129,15,14,29,50,48,85,6,3,16,31,26,30,9,11,13,19,22,55,136,0,136,동서울시장
2017,4,R,전통시장,1001485,366,201,165,41,53,47,52,78,95,19,32,26,34,47,43,22,21,21,18,31,52,190,6,184,고분다리골목시장
2017,4,R,전통시장,1001484,732,371,361,133,106,124,133,108,128,61,62,66,72,48,62,72,44,58,61,60,66,278,8,270,양지골목시장
2017,4,R,전통시장,1001483,986,522,464,104,157,201,155,162,207,64,81,115,88,77,97,40,76,86,67,85,110,524,0,524,암사종합시장
2017,4,R,전통시장,1001482,312,163,149,34,32,49,47,64,86,23,22,27,25,32,34,11,10,22,22,32,52,157,0,157,고덕전통시장
2017,4,R,전통시장,1001481,2077,1009,1068,435,270,278,391,324,379,213,144,128,193,150,181,222,126,150,198,174,198,724,554,170,명일골목시장
2017,4,R,전통시장,1001480,2310,1136,1174,232,356,463,343,360,556,122,170,228,185,175,256,110,186,235,158,185,300,1184,0,1184,새마을시장
2017,4,R,전통시장,1001479,857,444,413,122,135,135,138,171,156,62,69,67,75,95,76,60,66,68,63,76,80,413,0,413,석촌시장
2017,4,R,전통시장,1001478,5279,2545,2734,746,839,1060,802,849,983,406,378,530,390,393,448,340,461,530,412,456,535,2445,61,2384,방이시장
2017,4,R,전통시장,1001477,1027,531,496,139,132,117,148,209,282,57,80,60,87,111,136,82,52,57,61,98,146,467,0,467,마천시장
2017,4,R,전통시장,1001476,2340,1134,1206,269,303,360,373,393,642,122,156,186,183,190,297,147,147,174,190,203,345,1123,0,1123,풍납시장
2017,4,R,전통시장,1001475,5,3,2,1,1,0,1,1,1,1,1,0,0,1,0,0,0,0,1,0,1,4,0,4,강남개포시장
2017,4,R,전통시장,1001474,220,96,124,57,28,28,57,29,21,29,12,8,24,15,8,28,16,20,33,14,13,80,70,10,도곡시장
2017,4,R,전통시장,1001473,144,68,76,18,18,20,12,23,53,8,8,9,7,9,27,10,10,11,5,14,26,50,50,0,청담삼익시장
2017,4,R,전통시장,1001472,85,33,52,14,2,19,15,7,28,5,0,8,5,3,12,9,2,11,10,4,16,43,0,43,논현종합시장
2017,4,R,전통시장,1001471,1200,564,636,115,214,311,196,155,209,57,97,145,103,68,94,58,117,166,93,87,115,683,0,683,영동전통시장
2017,4,R,전통시장,1001470,289,134,155,44,32,50,50,29,84,24,16,24,22,13,35,20,16,26,28,16,49,108,108,0,강남시장_강남
2017,4,R,전통시장,1001469,83,47,36,8,18,9,17,9,22,5,11,4,8,7,12,3,7,5,9,2,10,50,0,50,양재시장
2017,4,R,전통시장,1001468,185,95,90,38,24,16,38,26,43,25,12,7,20,10,21,13,12,9,18,16,22,75,0,75,남부종합시장
2017,4,R,전통시장,1001467,56,23,33,9,8,10,6,8,15,6,2,2,3,4,6,3,6,8,3,4,9,21,0,21,우림시장
2017,4,R,전통시장,1001466,665,312,353,69,101,73,107,107,208,31,47,35,60,53,86,38,54,38,47,54,122,305,48,257,미성동도깨비시장
2017,4,R,전통시장,1001465,122,59,63,11,10,16,11,19,55,4,5,9,5,15,21,7,5,7,6,4,34,78,0,78,신신림시장
2017,4,R,전통시장,1001464,150,85,65,9,18,16,24,27,56,6,11,10,16,15,27,3,7,6,8,12,29,98,0,98,삼성동시장
2017,4,R,전통시장,1001463,58,35,23,6,15,18,4,6,9,3,10,11,3,2,6,3,5,7,1,4,3,41,0,41,신림중앙시장
2017,4,R,전통시장,1001462,597,307,290,57,133,130,76,82,119,23,70,76,41,45,52,34,63,54,35,37,67,354,0,354,강남골목시장
2017,4,R,전통시장,1001461,3,2,1,0,0,0,2,0,1,0,0,0,1,0,1,0,0,0,1,0,0,1,0,1,신림종합시장
2017,4,R,전통시장,1001460,2234,1140,1094,242,397,375,360,368,492,131,189,216,190,203,211,111,208,159,170,165,281,1255,0,1255,관악신사시장
2017,4,R,전통시장,1001459,399,224,175,43,74,48,63,66,105,25,41,27,40,37,54,18,33,21,23,29,51,242,0,242,신원시장
2017,4,R,전통시장,1001458,1465,731,734,121,277,307,216,208,336,71,121,163,115,112,149,50,156,144,101,96,187,915,0,915,인헌시장
2017,4,R,전통시장,1001457,313,149,164,23,109,86,43,28,24,9,48,39,25,14,14,14,61,47,18,14,10,237,0,237,봉천중앙시장
2017,4,R,전통시장,1001456,12,4,8,1,1,0,2,4,4,1,0,0,1,2,0,0,1,0,1,2,4,7,0,7,봉천현대시장
2017,4,R,전통시장,1001455,120,63,57,2,52,23,8,15,20,0,30,11,3,8,11,2,22,12,5,7,9,84,0,84,봉일시장
2017,4,R,전통시장,1001454,387,173,214,28,95,55,54,66,89,14,32,29,22,37,39,14,63,26,32,29,50,268,0,268,봉천제일종합시장
2017,4,R,전통시장,1001453,641,298,343,52,226,145,72,55,91,18,91,82,43,24,40,34,135,63,29,31,51,423,0,423,낙성대시장
2017,4,R,전통시장,1001452,562,268,294,46,143,118,63,59,133,22,59,60,38,32,57,24,84,58,25,27,76,359,0,359,중부시장
2017,4,R,전통시장,1001451,16,11,5,3,4,0,3,5,1,2,3,0,2,3,1,1,1,0,1,2,0,3,0,3,사당시장
2017,4,R,전통시장,1001450,561,243,318,63,101,99,74,72,152,35,36,45,30,35,62,28,65,54,44,37,90,290,0,290,남성역골목시장
2017,4,R,전통시장,1001449,552,278,274,32,93,100,78,78,171,16,36,49,53,45,79,16,57,51,25,33,92,331,0,331,남성사계시장
2017,4,R,전통시장,1001448,1033,481,552,142,160,133,169,156,273,77,81,66,83,73,101,65,79,67,86,83,172,472,150,322,흑석시장
2017,4,R,전통시장,1001447,1938,943,995,184,265,290,292,311,596,92,132,169,151,146,253,92,133,121,141,165,343,1049,0,1049,상도4동도깨비골목시장
2017,4,R,전통시장,1001446,143,67,76,13,42,21,15,32,20,6,18,10,6,17,10,7,24,11,9,15,10,78,0,78,성대시장
2017,4,R,전통시장,1001445,61,32,29,1,10,7,10,11,22,0,6,3,8,6,9,1,4,4,2,5,13,38,0,38,영도시장
2017,4,R,전통시장,1001444,1652,791,861,147,309,270,238,236,452,82,148,146,109,119,187,65,161,124,129,117,265,949,24,925,상도전통시장
2017,4,R,전통시장,1001443,134,59,75,12,23,26,15,14,44,7,9,10,8,4,21,5,14,16,7,10,23,77,77,0,강남시장_동작
2017,4,R,전통시장,1001442,19,11,8,1,3,2,4,7,2,0,1,2,2,5,1,1,2,0,2,2,1,13,0,13,신노량진시장
2017,4,R,전통시장,1001441,444,232,212,31,80,76,71,72,114,14,50,45,42,40,41,17,30,31,29,32,73,261,0,261,본동인정시장
2017,4,R,전통시장,1001440,155,95,60,8,53,27,16,17,34,5,32,20,12,11,15,3,21,7,4,6,19,113,0,113,노량진중앙시장
2017,4,R,전통시장,1001439,406,192,214,33,44,42,65,84,138,20,25,23,29,35,60,13,19,19,36,49,78,213,0,213,대림중앙시장
2017,4,R,전통시장,1001438,365,176,189,33,54,38,51,68,121,15,27,19,27,32,56,18,27,19,24,36,65,166,0,166,우리시장
2017,4,R,전통시장,1001437,131,66,65,18,14,14,21,21,43,9,5,8,12,10,22,9,9,6,9,11,21,58,58,0,영진시장A동
2017,4,R,전통시장,1001436,110,48,62,14,13,8,24,15,36,8,7,5,10,4,14,6,6,3,14,11,22,52,0,52,사러가시장
2017,4,R,전통시장,1001435,238,109,129,42,23,27,41,37,68,17,13,13,21,15,30,25,10,14,20,22,38,90,90,0,대신시장
2017,4,R,전통시장,1001433,718,371,347,72,108,145,112,103,178,38,51,90,62,60,70,34,57,55,50,43,108,393,117,276,영일시장
2017,4,R,전통시장,1001432,62,27,35,9,14,6,10,7,16,4,8,3,4,3,5,5,6,3,6,4,11,31,0,31,도림시장
2017,4,R,전통시장,1001431,291,158,133,30,38,33,49,52,89,16,22,19,29,34,38,14,16,14,20,18,51,150,0,150,영등포청과시장
2017,4,R,전통시장,1001430,2236,1339,897,106,294,422,357,412,645,64,131,238,251,297,358,42,163,184,106,115,287,1621,397,1224,영등포전통시장
2017,4,R,전통시장,1001429,424,210,214,59,46,67,72,70,110,34,25,40,33,34,44,25,21,27,39,36,66,181,0,181,은행나무시장
2017,4,R,전통시장,1001428,295,157,138,29,27,28,64,49,98,21,11,18,28,33,46,8,16,10,36,16,52,179,0,179,박미시장
2017,4,R,전통시장,1001427,2974,1421,1553,364,437,396,425,556,796,180,202,196,214,258,371,184,235,200,211,298,425,1424,8,1416,현대시장
2017,4,R,전통시장,1001426,7,5,2,0,1,1,0,2,3,0,1,0,0,2,2,0,0,1,0,0,1,5,0,5,대명시장
2017,4,R,전통시장,1001425,45,25,20,7,2,15,8,4,9,6,0,8,5,2,4,1,2,7,3,2,5,19,0,19,푸른터시장
2017,4,R,전통시장,1001424,1780,888,892,214,242,236,274,408,406,101,114,137,134,227,175,113,128,99,140,181,231,868,22,846,남문시장
2017,4,R,전통시장,1001423,90,45,45,3,33,20,15,10,9,1,9,14,11,6,4,2,24,6,4,4,5,78,0,78,독산동 우시장
2017,4,R,전통시장,1001422,156,84,72,8,19,21,19,32,57,5,11,14,14,18,22,3,8,7,5,14,35,93,0,93,오류시장
2017,4,R,전통시장,1001421,372,177,195,57,59,54,63,64,75,26,30,34,25,28,34,31,29,20,38,36,41,155,0,155,개봉중앙시장
2017,4,R,전통시장,1001420,663,329,334,85,83,85,97,125,188,51,39,50,44,62,83,34,44,35,53,63,105,285,60,225,고척근린시장
2017,4,R,전통시장,1001419,449,161,288,25,39,41,95,114,135,13,23,16,21,42,46,12,16,25,74,72,89,175,0,175,가리봉시장
2017,4,R,전통시장,1001418,701,386,315,79,63,86,120,135,218,32,26,53,75,87,113,47,37,33,45,48,105,398,0,398,남구로시장
2017,4,R,전통시장,1001417,137,71,66,18,11,12,24,30,42,3,6,8,15,20,19,15,5,4,9,10,23,81,0,81,구로시장
2017,4,R,전통시장,1001416,177,79,98,8,85,36,21,14,13,5,25,13,15,13,8,3,60,23,6,1,5,150,0,150,공항시장
2017,4,R,전통시장,1001415,593,294,299,76,82,79,99,110,147,30,41,41,58,52,72,46,41,38,41,58,75,267,99,168,방신전통시장
2017,4,R,전통시장,1001414,535,248,287,86,83,84,87,85,110,44,36,36,34,48,50,42,47,48,53,37,60,239,0,239,송화골목시장
2017,4,R,전통시장,1001413,1100,475,625,148,156,222,170,144,260,72,61,106,80,56,100,76,95,116,90,88,160,525,73,452,까치산시장
2017,4,R,전통시장,1001412,339,142,197,46,46,75,50,39,83,22,17,33,19,17,34,24,29,42,31,22,49,167,0,167,화곡본동시장
2017,4,R,전통시장,1001411,2044,974,1070,274,273,341,290,344,522,144,139,167,142,168,214,130,134,174,148,176,308,913,0,913,남부골목시장
2017,4,R,전통시장,1001409,1079,529,550,192,142,223,155,163,204,84,68,126,82,75,94,108,74,97,73,88,110,452,0,452,화곡중앙골목시장
2017,4,R,전통시장,1001408,79,44,35,16,7,18,16,6,16,8,5,10,8,4,9,8,2,8,8,2,7,37,0,37,신월중앙시장
2017,4,R,전통시장,1001407,3,2,1,0,0,0,1,1,1,0,0,0,1,1,0,0,0,0,0,0,1,3,0,3,등마루시장
2017,4,R,전통시장,1001406,280,160,120,29,28,25,52,63,83,13,16,10,35,45,41,16,12,15,17,18,42,176,0,176,신정3동골목시장
2017,4,R,전통시장,1001405,500,250,250,79,58,70,97,62,134,38,31,40,48,34,59,41,27,30,49,28,75,223,0,223,신정2동골목시장
2017,4,R,전통시장,1001404,178,80,98,25,17,19,23,41,53,7,8,7,12,20,26,18,9,12,11,21,27,85,0,85,신정제일시장
2017,4,R,전통시장,1001403,134,66,68,12,31,11,21,29,30,5,18,4,15,10,14,7,13,7,6,19,16,49,0,49,신월7동골목시장
2017,4,R,전통시장,1001402,171,96,75,18,22,15,27,40,49,13,16,9,14,22,22,5,6,6,13,18,27,83,0,83,신월6동골목시장
2017,4,R,전통시장,1001401,67,35,32,12,7,18,13,5,12,6,4,9,7,4,5,6,3,9,6,1,7,29,24,5,신곡종합시장
2017,4,R,전통시장,1001400,349,196,153,41,33,42,56,72,105,26,14,25,34,46,51,15,19,17,22,26,54,182,0,182,신월3동골목시장
2017,4,R,전통시장,1001399,378,177,201,66,41,50,66,49,106,33,19,24,35,23,43,33,22,26,31,26,63,137,46,91,경창시장
2017,4,R,전통시장,1001398,1676,861,815,234,192,229,287,308,426,122,97,127,146,169,200,112,95,102,141,139,226,765,46,719,월정로시장
2017,4,R,전통시장,1001397,1243,612,631,190,143,164,221,228,297,83,78,78,125,109,139,107,65,86,96,119,158,572,0,572,신영시장
2017,4,R,전통시장,1001396,1134,577,557,175,188,126,205,217,223,91,118,61,99,105,103,84,70,65,106,112,120,453,62,391,목4동시장
2017,4,R,전통시장,1001395,1188,593,595,172,180,225,187,183,241,80,86,130,102,88,107,92,94,95,85,95,134,542,99,443,목3동시장
2017,4,R,전통시장,1001394,1209,589,620,117,156,221,171,204,340,52,70,124,83,102,158,65,86,97,88,102,182,678,29,649,목2동시장
2017,4,R,전통시장,1001392,39,18,21,7,8,10,2,5,7,3,6,2,1,2,4,4,2,8,1,3,3,18,0,18,동진시장
2017,4,R,전통시장,1001391,805,375,430,135,106,148,137,111,168,66,46,72,64,50,77,69,60,76,73,61,91,353,25,328,망원월드컵시장
2017,4,R,전통시장,1001390,2001,957,1044,218,278,403,343,292,467,119,135,191,184,132,196,99,143,212,159,160,271,1046,43,1003,망원시장
2017,4,R,전통시장,1001389,92,40,52,12,14,20,12,9,25,6,4,10,6,5,9,6,10,10,6,4,16,43,43,0,합정시장
2017,4,R,전통시장,1001388,209,89,120,21,30,42,26,35,55,12,12,18,11,12,24,9,18,24,15,23,31,105,6,99,영진시장
2017,4,R,전통시장,1001387,28,20,8,1,5,10,4,4,4,1,3,8,2,4,2,0,2,2,2,0,2,27,0,27,서교시장
2017,4,R,전통시장,1001386,66,34,32,7,7,16,6,9,21,3,5,10,3,5,8,4,2,6,3,4,13,33,10,23,신수시장
2017,4,R,전통시장,1001385,450,209,241,63,59,56,77,57,138,35,26,30,36,28,54,28,33,26,41,29,84,227,0,227,아현시장
2017,4,R,전통시장,1001384,15,7,8,4,0,0,1,3,7,2,0,0,1,2,2,2,0,0,0,1,5,8,0,8,마포시장
2017,4,R,전통시장,1001383,12,8,4,1,2,1,1,6,1,1,1,0,1,4,1,0,1,1,0,2,0,6,0,6,공덕시장
2017,4,R,전통시장,1001382,151,69,82,14,15,26,18,29,49,10,8,9,10,14,18,4,7,17,8,15,31,67,67,0,백련시장
2017,4,R,전통시장,1001381,735,376,359,31,47,53,102,145,357,11,27,32,54,89,163,20,20,21,48,56,194,501,0,501,모래내시장
2017,4,R,전통시장,1001380,519,255,264,62,64,70,84,94,145,31,39,38,39,51,57,31,25,32,45,43,88,250,0,250,포방터시장
2017,4,R,전통시장,1001379,320,159,161,32,41,41,45,64,97,17,18,29,22,33,40,15,23,12,23,31,57,160,51,109,인왕시장
2017,4,R,전통시장,1001378,148,80,68,12,27,24,22,27,36,9,17,13,12,12,17,3,10,11,10,15,19,72,0,72,아현가구거리상점가
2017,4,R,전통시장,1001377,381,193,188,42,56,33,66,72,112,21,32,21,40,34,45,21,24,12,26,38,67,221,0,221,영천시장
2017,4,R,전통시장,1001376,117,54,63,3,9,14,11,23,57,1,3,9,8,9,24,2,6,5,3,14,33,72,0,72,수일시장
2017,4,R,전통시장,1001375,143,65,78,22,22,13,24,28,34,11,10,8,11,9,16,11,12,5,13,19,18,58,0,58,증산종합시장
2017,4,R,전통시장,1001374,638,321,317,93,65,83,100,108,189,57,34,40,50,63,77,36,31,43,50,45,112,301,0,301,대림골목시장
2017,4,R,전통시장,1001373,217,115,102,37,28,40,35,33,44,20,15,26,18,17,19,17,13,14,17,16,25,92,38,54,신응암시장
2017,4,R,전통시장,1001372,30,15,15,6,2,0,6,3,13,3,1,0,2,2,7,3,1,0,4,1,6,14,0,14,녹번시장
2017,4,R,전통시장,1001371,516,249,267,76,64,90,101,73,112,36,32,49,51,34,47,40,32,41,50,39,65,252,25,227,대조시장
2017,4,R,전통시장,1001370,10,7,3,0,0,0,2,6,2,0,0,0,0,6,1,0,0,0,2,0,1,10,0,10,역촌중앙시장
2017,4,R,전통시장,1001369,60,32,28,6,14,7,5,14,14,3,10,3,4,4,8,3,4,4,1,10,6,25,0,25,갈현시장
2017,4,R,전통시장,1001368,266,128,138,26,32,40,29,52,87,14,12,24,16,26,36,12,20,16,13,26,51,130,0,130,연서시장
2017,4,R,전통시장,1001367,1868,896,972,242,298,200,303,360,465,116,148,108,150,169,205,126,150,92,153,191,260,822,129,693,상계중앙시장
2017,4,R,전통시장,1001365,1452,713,739,185,271,272,192,230,302,81,134,140,92,120,146,104,137,132,100,110,156,676,46,630,공릉동도깨비시장
2017,4,R,전통시장,1001364,1043,520,523,131,155,108,181,192,276,64,98,57,94,88,119,67,57,51,87,104,157,475,0,475,방학동도깨비시장
2017,4,R,전통시장,1001363,738,368,370,70,93,129,110,105,231,37,50,69,55,48,109,33,43,60,55,57,122,364,8,356,쌍문역골목시장
2017,4,R,전통시장,1001362,358,162,196,53,51,45,61,56,92,27,24,20,27,29,35,26,27,25,34,27,57,151,0,151,백운시장
2017,4,R,전통시장,1001361,185,100,85,15,38,17,27,41,47,5,22,12,11,25,25,10,16,5,16,16,22,84,0,84,신도봉시장
2017,4,R,전통시장,1001360,1282,634,648,164,162,175,187,226,368,80,85,90,97,121,161,84,77,85,90,105,207,599,11,588,창동골목시장
2017,4,R,전통시장,1001359,2287,1103,1184,333,344,345,397,394,474,165,170,163,198,183,224,168,174,182,199,211,250,944,26,918,창동신창시장
2017,4,R,전통시장,1001358,59,31,28,2,6,9,6,7,29,2,4,5,5,2,13,0,2,4,1,5,16,26,0,26,수유북부시장
2017,4,R,전통시장,1001357,1383,671,712,207,184,224,197,222,349,115,96,123,90,105,142,92,88,101,107,117,207,615,20,595,장미원골목시장
2017,4,R,전통시장,1001356,37,23,14,3,5,6,5,11,7,3,4,3,5,7,1,0,1,3,0,4,6,16,0,16,수유중앙시장
2017,4,R,전통시장,1001355,711,372,339,70,114,94,106,139,188,39,45,54,63,80,91,31,69,40,43,59,97,397,14,383,강북종합시장
2017,4,R,전통시장,1001354,1624,800,824,251,207,207,274,278,407,131,111,115,131,145,167,120,96,92,143,133,240,711,0,711,우이시장
2017,4,R,전통시장,1001353,614,291,323,69,96,93,86,112,158,35,44,42,41,54,75,34,52,51,45,58,83,290,85,205,수유전통시장
2017,4,R,전통시장,1001352,1063,523,540,159,136,177,197,143,251,74,67,91,104,69,118,85,69,86,93,74,133,472,95,377,번동북부골목시장
2017,4,R,전통시장,1001351,142,70,72,14,22,11,20,28,47,9,12,5,12,13,19,5,10,6,8,15,28,69,0,69,솔샘시장
2017,4,R,전통시장,1001350,258,141,117,24,28,43,45,53,65,11,12,26,25,35,32,13,16,17,20,18,33,148,0,148,숭인시장
2017,4,R,전통시장,1001349,1515,747,768,160,236,200,253,272,394,89,109,113,132,129,175,71,127,87,121,143,219,814,0,814,방천골목시장
2017,4,R,전통시장,1001348,30,16,14,4,1,5,2,3,15,1,1,3,1,2,8,3,0,2,1,1,7,16,0,16,동북시장
2017,4,R,전통시장,1001347,1915,966,949,231,258,241,328,335,522,117,134,132,180,168,235,114,124,109,148,167,287,894,0,894,석관황금시장
2017,4,R,전통시장,1001346,165,97,68,22,23,14,30,36,40,17,14,9,20,19,18,5,9,5,10,17,22,85,0,85,석관시장
2017,4,R,전통시장,1001345,89,45,44,7,13,8,11,18,32,3,5,5,8,10,14,4,8,3,3,8,18,47,43,4,새석관시장
2017,4,R,전통시장,1001344,33,18,15,7,3,4,5,6,8,5,1,2,2,3,5,2,2,2,3,3,3,13,0,13,번동시장
2017,4,R,전통시장,1001343,1600,789,811,231,196,207,243,287,436,126,99,113,133,127,191,105,97,94,110,160,245,678,17,661,장위전통시장
2017,4,R,전통시장,1001342,241,121,120,33,21,33,42,41,71,17,12,21,20,19,32,16,9,12,22,22,39,116,0,116,밤나무골시장
2017,4,R,전통시장,1001341,10,8,2,0,3,0,4,2,1,0,2,0,4,1,1,0,1,0,0,1,0,9,0,9,길음시장
2017,4,R,전통시장,1001340,1304,663,641,169,219,193,179,201,343,93,119,109,94,96,152,76,100,84,85,105,191,576,0,576,정릉시장
2017,4,R,전통시장,1001339,1061,516,545,194,131,162,202,154,218,104,66,83,106,68,89,90,65,79,96,86,129,423,186,237,정릉아리랑시장
2017,4,R,전통시장,1001338,239,109,130,25,37,42,19,33,83,12,20,22,13,15,27,13,17,20,6,18,56,120,0,120,돈암제일시장
2017,4,R,전통시장,1001337,135,66,69,27,17,18,25,14,34,14,12,7,11,6,16,13,5,11,14,8,18,59,0,59,유영시장
2017,4,R,전통시장,1001336,2150,1121,1029,240,268,289,326,441,586,118,151,170,174,234,274,122,117,119,152,207,312,1068,38,1030,우림골목시장
2017,4,R,전통시장,1001335,915,453,462,142,114,165,146,134,214,66,60,83,73,65,106,76,54,82,73,69,108,365,57,308,묵1동도깨비시장
2017,4,R,전통시장,1001334,977,487,490,133,128,135,140,214,227,61,63,77,73,107,106,72,65,58,67,107,121,443,0,443,태능시장
2017,4,R,전통시장,1001333,1859,930,929,266,254,251,313,341,434,144,128,136,159,159,204,122,126,115,154,182,230,870,0,870,중화제일시장
2017,4,R,전통시장,1001332,1959,965,994,198,327,269,289,356,520,98,165,154,137,174,237,100,162,115,152,182,283,986,0,986,사가정시장
2017,4,R,전통시장,1001331,1427,737,690,173,201,196,257,240,360,101,105,112,137,118,164,72,96,84,120,122,196,694,0,694,면목골목시장
2017,4,R,전통시장,1001330,2175,1084,1091,261,314,312,306,423,559,138,155,166,166,215,244,123,159,146,140,208,315,1039,0,1039,동원시장
2017,4,R,전통시장,1001329,1413,741,672,159,239,281,205,237,292,83,125,146,111,140,136,76,114,135,94,97,156,779,0,779,동부골목시장
2017,4,R,전통시장,1001328,71,34,37,12,6,6,15,14,18,3,4,4,8,8,7,9,2,2,7,6,11,30,0,30,이문제일시장
2017,4,R,전통시장,1001327,253,130,123,23,34,32,28,52,84,15,18,14,17,30,36,8,16,18,11,22,48,119,0,119,이경시장
2017,4,R,전통시장,1001326,1157,512,645,83,413,183,130,129,219,33,175,92,55,61,96,50,238,91,75,68,123,818,24,794,회기시장
2017,4,R,전통시장,1001325,46,33,13,0,1,3,6,18,18,0,0,2,6,14,11,0,1,1,0,4,7,44,0,44,청량리청과물시장
2017,4,R,전통시장,1001324,235,118,117,32,29,24,48,40,62,17,15,15,22,18,31,15,14,9,26,22,31,113,0,113,전곡시장
2017,4,R,전통시장,1001323,463,213,250,80,63,60,75,76,109,33,29,28,36,39,48,47,34,32,39,37,61,203,0,203,답십리시장
2017,4,R,전통시장,1001321,353,179,174,36,38,39,52,58,130,20,18,27,30,31,53,16,20,12,22,27,77,184,0,184,답십리현대시장
2017,4,R,전통시장,1001320,98,57,41,6,12,9,16,21,34,4,8,7,10,11,17,2,4,2,6,10,17,55,0,55,전농로터리시장
2017,4,R,전통시장,1001319,108,58,50,2,11,16,10,23,46,1,6,11,5,13,22,1,5,5,5,10,24,57,0,57,청량리종합시장
2017,4,R,전통시장,1001318,175,131,44,5,12,15,18,46,79,1,8,7,16,37,62,4,4,8,2,9,17,135,0,135,청량리전통시장
2017,4,R,전통시장,1001317,174,81,93,27,31,23,17,35,41,20,17,9,6,12,17,7,14,14,11,23,24,72,0,72,청량리농수산물시장
2017,4,R,전통시장,1001316,2181,1134,1047,155,317,289,299,392,729,90,173,169,167,207,328,65,144,120,132,185,401,1392,0,1392,서울약령시장
2017,4,R,전통시장,1001315,2,2,0,0,0,0,0,2,0,0,0,0,0,2,0,0,0,0,0,0,0,2,0,2,동서시장
2017,4,R,전통시장,1001314,11,6,5,0,0,0,1,3,7,0,0,0,1,3,2,0,0,0,0,0,5,8,0,8,경동시장
2017,4,R,전통시장,1001313,471,239,232,37,76,85,62,69,142,17,34,47,37,39,65,20,42,38,25,30,77,282,0,282,청량리수산시장
2017,4,R,전통시장,1001312,24,16,8,1,4,1,4,5,9,0,3,1,3,4,5,1,1,0,1,1,4,16,0,16,용두시장
2017,4,R,전통시장,1001310,157,84,73,23,26,23,23,22,40,10,14,15,12,12,21,13,12,8,11,10,19,74,0,74,구의시장
2017,4,R,전통시장,1001309,85,41,44,6,31,11,8,8,21,3,17,6,3,4,8,3,14,5,5,4,13,55,0,55,조양시장
2017,4,R,전통시장,1001308,1250,616,634,117,177,177,197,225,357,64,89,94,103,117,149,53,88,83,94,108,208,653,0,653,영동교골목시장
2017,4,R,전통시장,1001307,388,200,188,41,53,53,54,80,107,21,25,28,24,45,57,20,28,25,30,35,50,205,0,205,능동로골목시장
2017,4,R,전통시장,1001306,340,180,160,21,49,45,45,84,96,18,27,28,22,44,41,3,22,17,23,40,55,195,0,195,노룬산골목시장
2017,4,R,전통시장,1001305,65,36,29,14,6,16,9,11,9,7,3,8,6,5,7,7,3,8,3,6,2,25,0,25,자양종합시장
2017,4,R,전통시장,1001304,1990,974,1016,272,309,364,311,332,402,137,157,188,161,155,176,135,152,176,150,177,226,914,0,914,자양골목시장
2017,4,R,전통시장,1001303,108,55,53,14,16,17,14,18,29,9,8,10,8,7,13,5,8,7,6,11,16,49,0,49,신성골목시장
2017,4,R,전통시장,1001302,461,235,226,59,61,83,74,84,100,35,30,35,40,48,47,24,31,48,34,36,53,211,0,211,면곡골목시장
2017,4,R,전통시장,1001301,851,432,419,121,123,142,113,164,188,65,61,82,50,85,89,56,62,60,63,79,99,380,0,380,중곡제일시장
2017,4,R,전통시장,1001300,969,408,561,65,348,219,93,99,145,31,119,108,46,45,59,34,229,111,47,54,86,641,0,641,화양제일골목시장
2017,4,R,전통시장,1001299,21,11,10,0,11,3,1,3,3,0,6,0,1,2,2,0,5,3,0,1,1,19,0,19,한아름시장
2017,4,R,전통시장,1001298,2075,1036,1039,239,315,310,347,392,472,117,156,171,175,196,221,122,159,139,172,196,251,993,0,993,성동용답상가시장
2017,4,R,전통시장,1001297,599,324,275,66,83,70,82,144,154,37,51,42,44,77,73,29,32,28,38,67,81,303,81,222,뚝도시장
2017,4,R,전통시장,1001296,276,140,136,16,37,42,37,55,89,10,18,23,21,32,36,6,19,19,16,23,53,158,0,158,금남시장
2017,4,R,전통시장,1001295,1525,760,765,161,299,219,222,289,335,79,137,128,101,163,152,82,162,91,121,126,183,815,0,815,행당시장
2017,4,R,전통시장,1001294,360,205,155,41,46,39,62,62,110,27,27,24,36,39,52,14,19,15,26,23,58,193,1,192,마장축산물시장
2017,4,R,전통시장,1001293,9,6,3,0,0,1,2,2,4,0,0,1,1,2,2,0,0,0,1,0,2,7,0,7,보광시장
2017,4,R,전통시장,1001292,37,15,22,2,4,8,6,5,12,1,1,3,5,1,4,1,3,5,1,4,8,24,0,24,이태원제일시장
2017,4,R,전통시장,1001291,64,31,33,10,2,11,8,14,19,6,0,5,6,6,8,4,2,6,2,8,11,34,25,9,이태원시장
2017,4,R,전통시장,1001290,105,58,47,11,13,14,17,22,28,2,10,8,9,13,16,9,3,6,8,9,12,54,32,22,이촌종합시장
2017,4,R,전통시장,1001289,431,219,212,43,67,70,61,67,123,19,34,48,35,33,50,24,33,22,26,34,73,233,0,233,용문전통시장
2017,4,R,전통시장,1001288,36,20,16,2,3,1,4,12,14,1,2,0,3,6,8,1,1,1,1,6,6,21,0,21,만리시장
2017,4,R,전통시장,1001287,126,62,64,9,17,19,12,24,45,2,9,9,8,15,19,7,8,10,4,9,26,74,0,74,신흥시장
2017,4,R,전통시장,1001286,294,148,146,26,56,41,32,58,81,12,30,23,21,29,33,14,26,18,11,29,48,156,26,130,후암시장
2017,4,R,전통시장,1001285,65,43,22,6,5,13,12,12,17,3,3,5,9,11,12,3,2,8,3,1,5,54,0,54,합동(새벽)시장
2017,4,R,전통시장,1001284,1111,597,514,99,142,140,141,202,387,55,82,86,73,112,189,44,60,54,68,90,198,598,0,598,서울중앙시장
2017,4,R,전통시장,1001283,890,472,418,93,98,126,143,173,257,50,62,65,87,91,117,43,36,61,56,82,140,444,0,444,백학시장
2017,4,R,전통시장,1001282,1072,522,550,134,174,161,169,163,271,75,83,73,95,82,114,59,91,88,74,81,157,537,0,537,약수시장
2017,4,R,전통시장,1001281,2,1,1,1,0,0,1,0,0,0,0,0,1,0,0,1,0,0,0,0,0,1,0,1,청평화시장
2017,4,R,전통시장,1001279,68,32,36,6,8,7,8,21,18,4,4,2,5,10,7,2,4,5,3,11,11,42,32,10,동평화시장
2017,4,R,전통시장,1001277,308,196,112,21,35,46,36,65,105,13,22,29,24,40,68,8,13,17,12,25,37,205,27,178,방산종합시장
2017,4,R,전통시장,1001275,152,81,71,10,16,17,13,36,60,4,8,7,8,23,31,6,8,10,5,13,29,83,39,44,인현시장
2017,4,R,전통시장,1001274,290,189,101,13,20,27,41,69,120,10,11,13,26,55,74,3,9,14,15,14,46,209,0,209,신중부시장
2017,4,R,전통시장,1001273,96,54,42,2,8,10,14,25,37,0,5,7,8,15,19,2,3,3,6,10,18,68,0,68,남대문시장
2017,4,R,전통시장,1001272,16,12,4,0,1,1,2,5,7,0,1,1,2,4,4,0,0,0,0,1,3,13,0,13,신설종합시장
2017,4,R,전통시장,1001271,818,473,345,37,179,133,104,133,232,19,92,72,65,88,137,18,87,61,39,45,95,612,63,549,동묘시장
2017,4,R,전통시장,1001270,422,221,201,38,44,45,64,80,151,17,31,29,33,48,63,21,13,16,31,32,88,252,0,252,창신골목시장
2017,4,R,전통시장,1001269,66,36,30,5,6,12,13,9,21,2,4,9,4,7,10,3,2,3,9,2,11,35,32,3,동문시장
2017,4,R,전통시장,1001268,171,82,89,20,22,8,34,29,58,7,12,4,18,14,27,13,10,4,16,15,31,86,0,86,충신시장
2017,4,R,전통시장,1001267,114,75,39,2,9,8,17,32,46,1,5,5,14,21,29,1,4,3,3,11,17,89,0,89,종로신진시장
2017,4,R,전통시장,1001266,4,4,0,0,1,0,1,2,0,0,1,0,1,2,0,0,0,0,0,0,0,4,0,4,동대문종합시장
2017,4,R,전통시장,1001265,57,28,29,3,7,2,4,19,22,2,4,0,1,12,9,1,3,2,3,7,13,43,0,43,광장시장
2017,4,R,전통시장,1001264,750,349,401,102,94,97,127,112,218,56,44,40,65,55,89,46,50,57,62,57,129,357,43,314,통인시장
2017,4,D,발달상권,1001263,314,181,133,23,53,50,59,57,72,10,21,32,33,39,46,13,32,18,26,18,26,217,0,217,서울 노원구 노원역_3
2017,4,D,발달상권,1001262,20,20,0,0,1,2,6,5,6,0,1,2,6,5,6,0,0,0,0,0,0,20,0,20,서울 노원구 노원역_2
2017,4,D,발달상권,1001261,711,315,396,121,96,93,112,141,148,52,44,41,47,66,65,69,52,52,65,75,83,275,273,2,서울 노원구 노원역_1
2017,4,D,발달상권,1001260,531,325,206,32,91,94,99,116,99,16,37,57,70,77,68,16,54,37,29,39,31,416,0,416,창동역
2017,4,D,발달상권,1001259,684,376,308,46,125,123,102,127,161,19,56,60,63,87,91,27,69,63,39,40,70,440,0,440,서울 강북구 수유역_3
2017,4,D,발달상권,1001258,178,79,99,26,21,54,48,18,11,8,12,27,21,7,4,18,9,27,27,11,7,98,0,98,등나무근린공원 주변
2017,4,D,발달상권,1001257,2079,1040,1039,135,345,371,356,354,518,72,150,210,183,193,232,63,195,161,173,161,286,1333,0,1333,서울 강북구 수유역_2
2017,4,D,발달상권,1001256,741,366,375,72,152,151,105,118,143,32,69,75,61,64,65,40,83,76,44,54,78,406,21,385,서울 강북구 수유역_1
2017,4,D,발달상권,1001255,79,49,30,5,21,9,13,13,18,2,12,4,9,9,13,3,9,5,4,4,5,61,0,61,서울 은평구 연신내역_3
2017,4,D,발달상권,1001254,1088,546,542,99,205,220,177,166,221,55,93,124,95,80,99,44,112,96,82,86,122,617,0,617,서울 은평구 연신내역_2
2017,4,D,발달상권,1001253,249,109,140,23,55,49,37,44,41,12,23,22,14,20,18,11,32,27,23,24,23,154,0,154,서울 은평구 연신내역_1
2017,4,D,발달상권,1001252,485,257,228,27,87,69,48,111,143,15,45,36,27,62,72,12,42,33,21,49,71,274,0,274,서울 성북구 미아삼거리역_2
2017,4,D,발달상권,1001251,384,212,172,27,45,47,70,75,120,18,30,24,44,34,62,9,15,23,26,41,58,231,0,231,서울 강북구 미아삼거리역_1
2017,4,D,발달상권,1001250,749,316,433,73,203,245,88,60,80,34,65,110,44,28,35,39,138,135,44,32,45,508,61,447,서울 은평구 불광역_3
2017,4,D,발달상권,1001249,675,345,330,57,163,143,89,95,128,23,85,77,47,49,64,34,78,66,42,46,64,432,0,432,서울 은평구 불광역_2
2017,4,D,발달상권,1001248,589,285,304,47,112,98,74,101,157,27,44,57,35,48,74,20,68,41,39,53,83,337,26,311,서울 은평구 불광역_1
2017,4,D,발달상권,1001247,98,53,45,11,11,15,13,18,30,5,8,9,8,9,14,6,3,6,5,9,16,53,0,53,미아사거리_2
2017,4,D,발달상권,1001246,900,447,453,148,128,172,179,123,150,85,51,85,88,60,78,63,77,87,91,63,72,402,250,152,미아사거리_1
2017,4,D,발달상권,1001245,1038,472,566,80,244,224,162,147,181,46,92,93,85,78,78,34,152,131,77,69,103,673,0,673,서울 성북구 성신여대입구역
2017,4,D,발달상권,1001244,365,173,192,32,123,66,38,34,72,16,46,36,25,17,33,16,77,30,13,17,39,242,0,242,경희대학교
2017,4,D,발달상권,1001243,360,165,195,33,147,52,21,39,68,19,63,24,12,16,31,14,84,28,9,23,37,242,0,242,서울 성북구 안암역
2017,4,D,발달상권,1001242,635,290,345,39,205,105,74,84,128,18,91,44,39,40,58,21,114,61,35,44,70,429,0,429,혜화역 대학로_3
2017,4,D,발달상권,1001241,792,384,408,70,281,149,97,82,113,32,129,77,54,37,55,38,152,72,43,45,58,523,19,504,혜화역 대학로_2
2017,4,D,발달상권,1001240,503,223,280,44,122,98,67,63,109,23,52,41,29,34,44,21,70,57,38,29,65,305,0,305,혜화역 대학로_1
2017,4,D,발달상권,1001239,1016,477,539,222,185,181,219,140,69,109,74,81,109,72,32,113,111,100,110,68,37,473,110,363,디지털미디어시티
2017,4,D,발달상권,1001238,2859,1420,1439,321,410,376,374,501,877,134,194,202,192,270,428,187,216,174,182,231,449,1374,730,644,서울 동대문구 청량리역
2017,4,D,발달상권,1001237,307,139,168,40,52,59,52,39,65,20,31,30,15,16,27,20,21,29,37,23,38,170,0,170,서울 종로구 경복궁역_2
2017,4,D,발달상권,1001236,304,142,162,34,41,36,42,64,87,20,23,19,14,29,37,14,18,17,28,35,50,154,0,154,서울 종로구 안국역_2
2017,4,D,발달상권,1001235,134,60,74,16,11,19,23,17,48,10,6,7,11,10,16,6,5,12,12,7,32,76,0,76,서울 종로구 안국역_1
2017,4,D,발달상권,1001234,640,306,334,63,85,96,113,107,176,38,34,50,57,52,75,25,51,46,56,55,101,315,0,315,서울 종로구 경복궁역_1
2017,4,D,발달상권,1001233,158,118,40,7,15,14,22,53,47,2,11,9,18,42,36,5,4,5,4,11,11,115,0,115,서울 종로구 종로3가역_3
2017,4,D,발달상권,1001232,2424,1617,807,89,108,165,294,619,1149,48,70,106,204,480,709,41,38,59,90,139,440,2047,0,2047,서울 종로구 종로3가역_2
2017,4,D,발달상권,1001231,360,221,139,14,76,86,45,53,86,7,42,43,33,40,56,7,34,43,12,13,30,294,0,294,서울 동대문구 신설동역_2
2017,4,D,발달상권,1001230,800,442,358,84,70,121,118,118,289,51,38,63,73,71,146,33,32,58,45,47,143,481,223,258,인사동
2017,4,D,발달상권,1001229,285,163,122,17,40,39,33,55,101,10,19,27,23,37,47,7,21,12,10,18,54,180,0,180,서울 종로구 종로5가역_4
2017,4,D,발달상권,1001228,755,459,296,40,64,79,119,156,297,21,44,49,75,109,161,19,20,30,44,47,136,534,0,534,서울 종로구 종로5가역_3
2017,4,D,발달상권,1001227,607,336,271,48,87,81,106,119,166,28,50,45,55,65,93,20,37,36,51,54,73,397,136,261,종로구청
2017,4,D,발달상권,1001226,1990,988,1002,221,461,381,235,274,418,107,214,193,122,152,200,114,247,188,113,122,218,1135,0,1135,서울 종로구 종로5가역_2
2017,4,D,발달상권,1001225,403,247,156,16,115,84,58,63,67,7,48,53,42,46,51,9,67,31,16,17,16,320,0,320,신설동역
2017,4,D,발달상권,1001224,178,134,44,8,16,28,13,44,69,7,10,16,9,36,56,1,6,12,4,8,13,137,0,137,서울 동대문구 신설동역_1
2017,4,D,발달상권,1001223,2529,1132,1397,348,315,405,418,376,667,177,131,162,177,182,303,171,184,243,241,194,364,1234,679,555,서울 종로구 광화문역_2
2017,4,D,발달상권,1001222,898,434,464,129,135,115,135,167,217,62,72,65,66,82,87,67,63,50,69,85,130,355,250,105,동묘앞역
2017,4,D,발달상권,1001221,4009,1994,2015,509,707,943,698,530,622,264,333,484,367,260,286,245,374,459,331,270,336,2100,234,1866,장안동사거리
2017,4,D,발달상권,1001220,647,410,237,21,55,80,73,168,250,13,29,51,50,119,148,8,26,29,23,49,102,468,0,468,서울 종로구 동대문역_2
2017,4,D,발달상권,1001219,146,73,73,21,20,15,18,31,41,11,8,5,10,18,21,10,12,10,8,13,20,72,0,72,서울 종로구 동대문역_1
2017,4,D,발달상권,1001218,29,14,15,1,1,6,3,7,11,0,0,3,2,5,4,1,1,3,1,2,7,24,0,24,동대문시장_2
2017,4,D,발달상권,1001217,27,7,20,1,2,0,3,4,17,1,0,0,2,0,4,0,2,0,1,4,13,22,0,22,서울 종로구 종로5가역_1
2017,4,D,발달상권,1001216,172,130,42,10,37,13,22,48,42,6,31,8,16,38,31,4,6,5,6,10,11,142,0,142,서울 종로구 종로3가역_1
2017,4,D,발달상권,1001215,11,7,4,0,0,0,4,2,5,0,0,0,3,2,2,0,0,0,1,0,3,8,0,8,서울 종로구 광화문역_1
2017,4,D,발달상권,1001214,6,2,4,1,1,2,1,1,0,0,0,1,1,0,0,1,1,1,0,1,0,4,0,4,종각역
2017,4,D,발달상권,1001213,130,93,37,8,39,22,16,16,29,4,32,16,10,11,20,4,7,6,6,5,9,108,0,108,종각역 젊음의 거리
2017,4,D,발달상권,1001212,565,297,268,105,61,94,107,101,97,55,31,42,55,61,53,50,30,52,52,40,44,249,0,249,서대문구 서대문역_1
2017,4,D,발달상권,1001210,853,373,480,141,111,238,160,98,105,61,41,104,69,45,53,80,70,134,91,53,52,438,14,424,시청역_2
2017,4,D,발달상권,1001209,22,12,10,2,1,3,4,6,6,0,1,1,3,3,4,2,0,2,1,3,2,15,0,15,서울시청
2017,4,D,발달상권,1001208,524,328,196,14,35,36,74,114,251,8,19,17,53,84,147,6,16,19,21,30,104,406,62,344,서울 중구 을지로3가역_2
2017,4,D,발달상권,1001207,324,167,157,14,66,75,41,56,72,8,24,39,24,35,37,6,42,36,17,21,35,217,0,217,서울 중구 신당역_2
2017,4,D,발달상권,1001206,875,432,443,75,187,195,117,152,149,39,71,108,62,85,67,36,116,87,55,67,82,542,0,542,서대문구 서대문역_2
2017,4,D,발달상권,1001205,367,225,142,18,42,39,56,85,127,7,23,23,33,60,79,11,19,16,23,25,48,261,12,249,동대문역사문화공원역
2017,4,D,발달상권,1001204,236,157,79,11,23,17,32,51,102,4,12,10,20,40,71,7,11,7,12,11,31,175,0,175,서울 중구 을지로3가역_1
2017,4,D,발달상권,1001203,42,20,22,2,3,6,9,3,19,1,1,4,5,2,7,1,2,2,4,1,12,24,0,24,명동거리
2017,4,D,발달상권,1001202,1,1,0,0,0,1,0,0,0,0,0,1,0,0,0,0,0,0,0,0,0,1,0,1,롯데백화점
2017,4,D,발달상권,1001201,930,496,434,85,126,117,141,202,259,41,73,69,78,108,127,44,53,48,63,94,132,534,51,483,서울 중구 신당역_1
2017,4,D,발달상권,1001200,51,29,22,3,10,9,6,4,19,2,4,8,4,2,9,1,6,1,2,2,10,33,0,33,북창동
2017,4,D,발달상권,1001199,704,393,311,44,91,109,93,147,220,21,44,57,63,90,118,23,47,52,30,57,102,468,163,305,서울 중구 충무로역_2
2017,4,D,발달상권,1001198,2150,1037,1113,167,425,380,260,385,533,87,182,201,139,185,243,80,243,179,121,200,290,1345,38,1307,서울 강서구 송정역
2017,4,D,발달상권,1001197,1357,714,643,149,226,279,226,215,262,82,93,149,120,127,143,67,133,130,106,88,119,739,52,687,장한평역_2
2017,4,D,발달상권,1001196,87,40,47,25,18,15,9,7,13,13,6,4,7,3,7,12,12,11,2,4,6,33,0,33,시청역_1
2017,4,D,발달상권,1001195,435,202,233,48,81,77,68,74,87,16,38,38,35,41,34,32,43,39,33,33,53,235,0,235,왕십리역_2
2017,4,D,발달상권,1001194,92,45,47,2,18,30,18,15,9,2,8,12,10,7,6,0,10,18,8,8,3,71,0,71,서울 강서구 발산역
2017,4,D,발달상권,1001193,214,132,82,13,31,27,41,58,44,9,21,15,29,36,22,4,10,12,12,22,22,133,24,109,장한평역_1
2017,4,D,발달상권,1001192,814,396,418,57,112,109,101,155,280,27,53,60,59,75,122,30,59,49,42,80,158,507,0,507,서울 중구 충무로역_1
2017,4,D,발달상권,1001190,1308,911,397,73,197,256,287,309,186,41,86,167,220,269,128,32,111,89,67,40,58,990,0,990,장한평역
2017,4,D,발달상권,1001189,358,146,212,42,50,43,52,56,115,18,23,21,26,23,35,24,27,22,26,33,80,163,3,160,서울 중구 명동역
2017,4,D,발달상권,1001188,302,159,143,29,77,43,39,38,76,15,40,22,27,23,32,14,37,21,12,15,44,195,29,166,장충동 족발거리
2017,4,D,발달상권,1001187,994,479,515,47,530,170,56,67,124,23,245,94,30,34,53,24,285,76,26,33,71,767,0,767,한양시장
2017,4,D,발달상권,1001186,1263,462,801,64,381,151,180,149,338,27,67,70,92,68,138,37,314,81,88,81,200,933,53,880,서울 서대문구 이대역
2017,4,D,발달상권,1001185,2656,1322,1334,157,996,472,286,292,453,82,454,246,165,160,215,75,542,226,121,132,238,1900,68,1832,서울 서대문구 신촌역
2017,4,D,발달상권,1001184,184,79,105,9,45,57,35,19,19,4,15,26,17,8,9,5,30,31,18,11,10,139,0,139,서울 마포구 홍대입구역_3
2017,4,D,발달상권,1001183,522,244,278,59,91,100,75,59,138,26,46,44,43,23,62,33,45,56,32,36,76,265,0,265,서울 마포구 홍대입구역_2
2017,4,D,발달상권,1001182,4995,2375,2620,451,1173,1216,724,525,906,241,537,578,378,242,399,210,636,638,346,283,507,3057,116,2941,홍익대학교 주변
2017,4,D,발달상권,1001181,1665,776,889,162,417,392,176,229,289,90,174,179,89,108,136,72,243,213,87,121,153,996,0,996,서울 광진구 군자역
2017,4,D,발달상권,1001180,1194,597,597,79,364,259,164,111,217,44,161,125,96,68,103,35,203,134,68,43,114,860,19,841,신촌역
2017,4,D,발달상권,1001179,2840,1397,1443,327,566,655,439,418,435,169,215,328,267,219,199,158,351,327,172,199,236,1691,112,1579,강서구청
2017,4,D,발달상권,1001178,690,331,359,74,135,164,111,70,136,34,54,94,53,35,61,40,81,70,58,35,75,398,0,398,서울 마포구 홍대입구역_1
2017,4,D,발달상권,1001177,63,31,32,9,9,8,11,6,20,5,3,3,8,3,9,4,6,5,3,3,11,28,0,28,서울 중구 약수역_2
2017,4,D,발달상권,1001176,12,6,6,0,1,3,3,2,3,0,0,2,2,0,2,0,1,1,1,2,1,9,0,9,서울 중구 약수역_1
2017,4,D,발달상권,1001175,1907,946,961,387,308,224,338,381,269,210,168,111,134,188,135,177,140,113,204,193,134,661,445,216,서울 강동구 고덕역
2017,4,D,발달상권,1001174,1059,487,572,135,198,307,138,126,155,74,63,148,73,62,67,61,135,159,65,64,88,550,25,525,등촌역
2017,4,D,발달상권,1001173,2185,1081,1104,318,290,343,381,339,514,164,143,183,192,153,246,154,147,160,189,186,268,1060,7,1053,서울 강동구 명일역
2017,4,D,발달상권,1001172,544,302,242,72,102,76,92,107,95,41,49,48,50,68,46,31,53,28,42,39,49,264,92,172,어린이대공원역
2017,4,D,발달상권,1001171,24,13,11,1,3,1,3,8,8,0,2,1,2,5,3,1,1,0,1,3,5,17,0,17,서울 마포구 공덕역_2
2017,4,D,발달상권,1001170,434,215,219,54,66,55,68,92,99,21,37,24,33,43,57,33,29,31,35,49,42,185,146,39,공덕역
2017,4,D,발달상권,1001169,586,325,261,52,79,98,108,108,141,31,40,53,68,64,69,21,39,45,40,44,72,350,0,350,서울 용산구 숙대입구역
2017,4,D,발달상권,1001168,198,98,100,10,46,71,26,20,25,4,20,41,11,11,11,6,26,30,15,9,14,143,0,143,남영역
2017,4,D,발달상권,1001167,535,250,285,77,113,91,86,112,56,44,50,42,39,51,24,33,63,49,47,61,32,209,0,209,서울 마포구 공덕역_1
2017,4,D,발달상권,1001166,3525,1599,1926,564,431,891,722,441,476,279,160,410,326,213,211,285,271,481,396,228,265,1809,585,1224,서울 마포구 마포역_2
2017,4,D,발달상권,1001165,2111,974,1137,150,763,425,225,197,351,79,303,213,115,103,161,71,460,212,110,94,190,1439,0,1439,서울 광진구 건대입구역_2
2017,4,D,발달상권,1001164,851,425,426,86,102,181,122,133,227,44,48,96,68,66,103,42,54,85,54,67,124,490,0,490,서울 마포구 마포역_1
2017,4,D,발달상권,1001163,4159,2028,2131,358,612,978,722,687,802,177,256,468,393,362,372,181,356,510,329,325,430,2513,759,1754,서울 강동구 천호역_2
2017,4,D,발달상권,1001162,1091,536,555,90,215,214,159,160,253,42,82,119,84,81,128,48,133,95,75,79,125,642,0,642,서울 광진구 건대입구역_1
2017,4,D,발달상권,1001161,580,245,335,37,22,24,31,31,435,19,9,7,14,15,181,18,13,17,17,16,254,310,0,310,건대입구역
2017,4,D,발달상권,1001160,1907,876,1031,134,449,475,304,241,304,69,169,225,165,112,136,65,280,250,139,129,168,1230,0,1230,서울 광진구 구의역
2017,4,D,발달상권,1001159,287,134,153,27,37,56,47,44,76,14,16,24,25,17,38,13,21,32,22,27,38,152,0,152,서울 강동구 천호역
2017,4,D,발달상권,1001158,573,235,338,36,208,148,61,47,73,18,53,62,34,29,39,18,155,86,27,18,34,440,0,440,당산역_2
2017,4,D,발달상권,1001157,334,162,172,34,61,40,55,68,76,15,33,20,31,33,30,19,28,20,24,35,46,179,0,179,서울 강동구 천호역_1
2017,4,D,발달상권,1001156,2962,1455,1507,220,771,684,455,437,395,107,274,345,274,243,212,113,497,339,181,194,183,1991,0,1991,서울 강동구 길동역
2017,4,D,발달상권,1001155,593,341,252,42,92,130,105,76,148,22,52,82,70,47,68,20,40,48,35,29,80,349,27,322,용산 전자상가_5
2017,4,D,발달상권,1001154,161,95,66,16,13,26,32,24,50,8,9,16,24,17,21,8,4,10,8,7,29,102,0,102,용산 전자상가_4
2017,4,D,발달상권,1001153,988,467,521,65,273,312,110,111,117,35,103,150,65,59,55,30,170,162,45,52,62,630,109,521,당산역_1
2017,4,D,발달상권,1001152,208,96,112,27,37,31,16,32,65,14,18,13,5,13,33,13,19,18,11,19,32,73,71,2,서울 광진구 강변역
2017,4,D,발달상권,1001151,265,141,124,28,38,61,30,44,64,17,22,35,15,20,32,11,16,26,15,24,32,131,89,42,용산 전자상가_3
2017,4,D,발달상권,1001150,937,491,446,63,170,181,153,160,210,34,89,98,79,94,97,29,81,83,74,66,113,601,0,601,서울 용산구 이태원역
2017,4,D,발달상권,1001149,168,89,79,8,35,15,22,30,58,4,24,7,10,15,29,4,11,8,12,15,29,113,0,113,한남오거리
2017,4,D,발달상권,1001148,74,42,32,5,13,17,17,13,9,2,3,6,13,10,8,3,10,11,4,3,1,62,0,62,목동사거리
2017,4,D,발달상권,1001147,161,88,73,26,21,34,22,27,31,19,12,14,14,14,15,7,9,20,8,13,16,67,0,67,용산 전자상가_2
2017,4,D,발달상권,1001146,119,52,67,19,13,25,20,11,31,6,6,11,13,3,13,13,7,14,7,8,18,58,0,58,용산구청
2017,4,D,발달상권,1001145,686,364,322,98,117,179,114,94,84,41,59,95,62,55,52,57,58,84,52,39,32,365,0,365,용산 전자상가_1
2017,4,D,발달상권,1001144,653,335,318,43,109,190,119,96,96,25,48,93,66,54,49,18,61,97,53,42,47,495,40,455,국회의사당역_2
2017,4,D,발달상권,1001143,394,201,193,28,34,47,55,86,144,19,17,30,37,44,54,9,17,17,18,42,90,297,0,297,서울 용산구 신용산역
2017,4,D,발달상권,1001141,1326,636,690,200,164,257,258,166,281,93,80,124,132,83,124,107,84,133,126,83,157,666,238,428,압구정 로데오거리_2
2017,4,D,발달상권,1001140,1933,880,1053,253,312,387,327,238,416,136,141,153,161,111,178,117,171,234,166,127,238,995,37,958,서울 강남구 압구정역
2017,4,D,발달상권,1001139,1343,681,662,92,255,254,186,218,338,44,122,122,102,126,165,48,133,132,84,92,173,907,0,907,서울 영등포구 영등포구청역
2017,4,D,발달상권,1001138,565,262,303,86,62,78,93,74,172,41,27,32,46,34,82,45,35,46,47,40,90,244,0,244,압구정 로데오거리_1
2017,4,D,발달상권,1001137,791,427,364,106,121,123,131,125,185,58,76,64,74,72,83,48,45,59,57,53,102,374,18,356,서울 강동구 둔촌동역
2017,4,D,발달상권,1001136,877,432,445,210,115,110,182,126,134,112,49,51,96,56,68,98,66,59,86,70,66,272,236,36,오목교역
2017,4,D,발달상권,1001135,3866,1792,2074,527,577,794,721,488,759,266,248,349,359,242,328,261,329,445,362,246,431,2096,89,2007,신사동 가로수길
2017,4,D,발달상권,1001134,16,12,4,3,2,1,2,6,2,2,1,1,2,4,2,1,1,0,0,2,0,10,0,10,서울 영등포구 여의도역_2
2017,4,D,발달상권,1001133,923,405,518,68,75,124,180,149,327,31,38,58,81,62,135,37,37,66,99,87,192,601,0,601,청담사거리_3
2017,4,D,발달상권,1001132,435,248,187,40,57,64,83,60,131,22,31,38,55,37,65,18,26,26,28,23,66,232,0,232,영등포유통상가
2017,4,D,발달상권,1001131,1051,483,568,185,143,220,212,147,144,95,67,90,96,71,64,90,76,130,116,76,80,471,347,124,청담역_2
2017,4,D,발달상권,1001130,219,106,113,45,31,28,35,36,44,19,21,13,17,15,21,26,10,15,18,21,23,73,0,73,청담역_1
2017,4,D,발달상권,1001129,419,207,212,61,55,70,70,69,94,29,28,33,33,35,49,32,27,37,37,34,45,156,0,156,청담사거리_2
2017,4,D,발달상권,1001128,232,104,128,36,34,46,55,25,36,14,11,22,30,12,15,22,23,24,25,13,21,119,0,119,청담사거리_1
2017,4,D,발달상권,1001127,2543,1219,1324,396,340,361,392,449,605,204,158,153,178,218,308,192,182,208,214,231,297,968,920,48,서울 영등포구 여의도역_1
2017,4,D,발달상권,1001126,284,139,145,28,54,29,38,52,83,17,27,17,21,23,34,11,27,12,17,29,49,148,0,148,서울 양천구 신정네거리역_2
2017,4,D,발달상권,1001125,454,231,223,70,68,80,82,71,83,43,38,41,34,33,42,27,30,39,48,38,41,179,111,68,학동사거리_2
2017,4,D,발달상권,1001124,1399,872,527,53,102,138,217,344,545,27,60,82,145,244,314,26,42,56,72,100,231,1068,0,1068,서울 영등포구 영등포시장역
2017,4,D,발달상권,1001123,457,218,239,47,70,92,92,59,97,27,23,41,52,31,44,20,47,51,40,28,53,265,55,210,학동사거리_1
2017,4,D,발달상권,1001122,1453,708,745,208,155,229,209,234,418,114,82,101,105,115,191,94,73,128,104,119,227,613,125,488,여의도 시범아파트앞
2017,4,D,발달상권,1001121,406,240,166,19,101,95,53,62,76,11,38,53,36,48,54,8,63,42,17,14,22,327,0,327,영등포역_3
2017,4,D,발달상권,1001120,258,113,145,24,58,73,33,25,45,13,22,33,15,11,19,11,36,40,18,14,26,158,24,134,도산공원사거리_1
2017,4,D,발달상권,1001119,661,469,192,23,93,94,125,171,155,11,30,65,116,139,108,12,63,29,9,32,47,574,0,574,영등포역_2
2017,4,D,발달상권,1001118,1521,753,768,239,154,230,226,267,405,121,82,108,117,137,188,118,72,122,109,130,217,730,579,151,문래동 주민센터
2017,4,D,발달상권,1001117,1023,458,565,86,197,272,171,116,181,47,80,115,83,57,76,39,117,157,88,59,105,617,0,617,강남구 신사역_2
2017,4,D,발달상권,1001116,246,131,115,18,90,77,25,21,15,8,41,44,15,14,9,10,49,33,10,7,6,208,0,208,영등포역_1
2017,4,D,발달상권,1001115,736,384,352,36,59,136,163,130,212,18,26,74,82,91,93,18,33,62,81,39,119,535,0,535,서울 강남구 강남구청역_2
2017,4,D,발달상권,1001114,780,421,359,56,128,171,151,114,160,32,64,91,92,61,81,24,64,80,59,53,79,506,0,506,강남구 신사역_1
2017,4,D,발달상권,1001113,18,14,4,0,1,3,4,4,6,0,1,3,4,4,2,0,0,0,0,0,4,16,0,16,서울 동작구 노량진1동_1
2017,4,D,발달상권,1001112,122,60,62,6,20,27,22,21,26,4,9,12,11,12,12,2,11,15,11,9,14,77,0,77,서울 강남구 학동역_3
2017,4,D,발달상권,1001111,743,364,379,73,124,204,149,107,86,38,63,91,68,63,41,35,61,113,81,44,45,455,44,411,서울 강남구 강남구청역_1
2017,4,D,발달상권,1001110,3223,1539,1684,543,436,614,517,505,608,276,224,287,220,243,289,267,212,327,297,262,319,1238,1238,0,잠실역
2017,4,D,발달상권,1001109,1907,932,975,177,327,488,336,276,303,87,153,226,167,154,145,90,174,262,169,122,158,1158,19,1139,강남구 논현역_4
2017,4,D,발달상권,1001108,464,188,276,35,79,151,80,62,57,23,32,55,27,28,23,12,47,96,53,34,34,314,0,314,학동역
2017,4,D,발달상권,1001107,1449,778,671,120,264,336,236,247,246,62,128,184,135,136,133,58,136,152,101,111,113,889,0,889,방이동 먹자골목
2017,4,D,발달상권,1001106,125,66,59,13,25,38,21,12,16,7,7,24,12,8,8,6,18,14,9,4,8,83,0,83,서울 강남구 학동역_2
2017,4,D,발달상권,1001105,982,484,498,50,454,179,106,70,123,22,205,101,66,34,56,28,249,78,40,36,67,762,0,762,서울 동작구 노량진역
2017,4,D,발달상권,1001104,52,36,16,1,12,9,6,8,16,0,9,6,5,4,12,1,3,3,1,4,4,36,0,36,삼성역_3
2017,4,D,발달상권,1001103,21,15,6,5,1,3,3,4,5,4,0,2,2,3,4,1,1,1,1,1,1,13,0,13,코엑스
2017,4,D,발달상권,1001102,901,398,503,83,169,230,152,96,171,41,61,102,75,43,76,42,108,128,77,53,95,526,0,526,서울 강남구 학동역_1
2017,4,D,발달상권,1001101,3034,1397,1637,400,429,723,594,391,497,209,196,315,277,196,204,191,233,408,317,195,293,1782,13,1769,선정릉역_2
2017,4,D,발달상권,1001100,83,30,53,5,17,19,14,13,15,2,5,2,9,6,6,3,12,17,5,7,9,44,0,44,강남구 논현역_3
2017,4,D,발달상권,1001099,708,359,349,79,134,151,127,111,106,45,55,83,62,64,50,34,79,68,65,47,56,385,21,364,포스코사거리_2
2017,4,D,발달상권,1001098,2102,1009,1093,252,320,490,382,301,357,130,148,212,202,154,163,122,172,278,180,147,194,1170,39,1131,포스코사거리_1
2017,4,D,발달상권,1001096,4912,2329,2583,835,756,1085,778,826,632,419,335,519,364,375,317,416,421,566,414,451,315,1840,1142,698,신도림역
2017,4,D,발달상권,1001095,3919,1886,2033,352,738,1068,637,453,671,187,314,511,332,243,299,165,424,557,305,210,372,2395,0,2395,강남구 논현역_2
2017,4,D,발달상권,1001094,634,286,348,91,124,117,112,98,92,46,52,48,49,45,46,45,72,69,63,53,46,309,20,289,선정릉역_1
2017,4,D,발달상권,1001093,2847,1366,1481,295,475,678,458,426,515,150,217,327,248,195,229,145,258,351,210,231,286,1625,151,1474,신천역
2017,4,D,발달상권,1001092,1995,1039,956,132,367,509,362,285,340,69,170,249,218,162,171,63,197,260,144,123,169,1350,21,1329,강남구 논현역_1
2017,4,D,발달상권,1001091,9,6,3,0,1,2,1,2,3,0,0,2,1,1,2,0,1,0,0,1,1,5,0,5,삼성역_2
2017,4,D,발달상권,1001090,588,287,301,47,87,172,107,80,95,23,45,69,62,39,49,24,42,103,45,41,46,371,0,371,삼정역_2
2017,4,D,발달상권,1001089,90,41,49,4,15,25,8,18,20,0,5,15,3,8,10,4,10,10,5,10,10,49,0,49,삼정역_1
2017,4,D,발달상권,1001088,1327,675,652,180,232,324,229,169,193,97,102,176,112,91,97,83,130,148,117,78,96,723,0,723,삼성역_1
2017,4,D,발달상권,1001087,2105,1019,1086,144,449,603,337,259,313,79,190,295,191,118,146,65,259,308,146,141,167,1327,0,1327,서울 강남구 선릉역_2
2017,4,D,발달상권,1001085,2971,1511,1460,184,653,900,419,377,438,95,298,467,237,196,218,89,355,433,182,181,220,2040,28,2012,서울 서초구 강남역
2017,4,D,발달상권,1001084,695,357,338,64,97,182,182,88,82,36,45,88,96,51,41,28,52,94,86,37,41,482,1,481,서울 강남구 선릉역_1
2017,4,D,발달상권,1001083,594,284,310,98,88,147,92,73,96,52,38,69,43,37,45,46,50,78,49,36,51,276,5,271,서울 송파구 석촌역_2
2017,4,D,발달상권,1001082,4081,1854,2227,488,705,1120,836,481,451,222,279,481,403,252,217,266,426,639,433,229,234,2484,114,2370,선릉역_2
2017,4,D,발달상권,1001081,965,471,494,80,191,241,145,146,162,48,79,110,80,73,81,32,112,131,65,73,81,589,0,589,서울 강남구 역삼역_2
2017,4,D,발달상권,1001080,200,86,114,21,31,49,39,24,36,13,10,18,21,9,15,8,21,31,18,15,21,107,0,107,서울 송파구 석촌역_1
2017,4,D,발달상권,1001079,7,3,4,0,3,1,1,1,1,0,2,0,0,1,0,0,1,1,1,0,1,4,0,4,석촌역
2017,4,D,발달상권,1001078,2000,914,1086,205,323,367,397,279,429,90,123,172,185,149,195,115,200,195,212,130,234,1135,339,796,서울 강남구 강남역_2
2017,4,D,발달상권,1001077,1236,526,710,260,145,247,320,137,127,104,58,95,139,73,57,156,87,152,181,64,70,558,272,286,선릉역_1
2017,4,D,발달상권,1001076,695,341,354,115,103,176,104,97,100,61,37,84,62,48,49,54,66,92,42,49,51,313,168,145,구로역
2017,4,D,발달상권,1001075,620,377,243,325,53,81,82,41,38,225,24,42,48,24,14,100,29,39,34,17,24,197,8,189,역삼역_2
2017,4,D,발달상권,1001074,2531,1216,1315,250,627,733,410,280,231,128,211,366,231,171,109,122,416,367,179,109,122,1691,0,1691,대림역_2
2017,4,D,발달상권,1001073,5343,2735,2608,418,962,1373,1054,702,834,215,401,717,596,399,407,203,561,656,458,303,427,3620,14,3606,서울 강남구 역삼역_1
2017,4,D,발달상권,1001072,1205,579,626,116,245,267,191,165,221,53,101,119,106,93,107,63,144,148,85,72,114,737,37,700,신대방삼거리역
2017,4,D,발달상권,1001071,2153,1012,1141,407,341,280,453,347,325,218,155,139,187,173,140,189,186,141,266,174,185,955,0,955,서울 강남구 한티역
2017,4,D,발달상권,1001070,362,194,168,98,37,30,95,63,39,70,19,14,37,35,19,28,18,16,58,28,20,128,93,35,은마아파트입구사거리_4
2017,4,D,발달상권,1001069,325,164,161,63,54,34,70,51,53,35,26,20,29,28,26,28,28,14,41,23,27,138,16,122,은마아파트입구사거리_3
2017,4,D,발달상권,1001068,196,91,105,55,37,34,30,15,25,27,17,18,11,6,12,28,20,16,19,9,13,55,0,55,은마아파트입구사거리_2
2017,4,D,발달상권,1001067,3645,1760,1885,298,831,1054,534,390,538,143,311,544,311,196,255,155,520,510,223,194,283,2444,34,2410,오류동역
2017,4,D,발달상권,1001066,2424,1147,1277,205,577,729,363,253,297,119,246,333,196,118,135,86,331,396,167,135,162,1595,358,1237,서울 강남구 강남역
2017,4,D,발달상권,1001065,225,116,109,53,32,23,51,37,29,30,20,15,24,18,9,23,12,8,27,19,20,77,0,77,은마아파트입구사거리_1
2017,4,D,발달상권,1001064,1696,793,903,109,588,550,243,95,111,56,182,291,139,70,55,53,406,259,104,25,56,1328,44,1284,대림역_1
2017,4,D,발달상권,1001063,1411,692,719,287,216,155,270,205,278,139,110,79,119,105,140,148,106,76,151,100,138,551,40,511,교대역_4
2017,4,D,발달상권,1001062,1368,626,742,199,203,341,233,186,206,81,100,148,116,88,93,118,103,193,117,98,113,709,83,626,서울 강남구 강남역_1
2017,4,D,발달상권,1001061,2675,1283,1392,639,291,400,573,359,413,316,148,175,284,183,177,323,143,225,289,176,236,1010,507,503,방배동카페골목
2017,4,D,발달상권,1001059,17,8,9,1,0,6,1,4,5,0,0,2,1,2,3,1,0,4,0,2,2,9,0,9,교대역_3
2017,4,D,발달상권,1001058,2799,1342,1457,328,500,798,453,332,388,159,249,401,213,135,185,169,251,397,240,197,203,1546,46,1500,역삼역_1
2017,4,D,발달상권,1001057,1524,709,815,174,268,330,274,218,260,86,121,152,132,102,116,88,147,178,142,116,144,854,262,592,교대역_2
2017,4,D,발달상권,1001056,507,281,226,31,77,109,76,102,112,15,29,52,48,74,63,16,48,57,28,28,49,347,0,347,서울 송파구 가락시장역
2017,4,D,발달상권,1001055,58,32,26,8,10,7,7,10,16,4,6,5,5,4,8,4,4,2,2,6,8,26,0,26,서울 서초구 서초역
2017,4,D,발달상권,1001054,401,194,207,123,52,51,90,54,31,61,28,20,43,29,13,62,24,31,47,25,18,132,107,25,서울 강남구 대치역_2
2017,4,D,발달상권,1001053,506,258,248,159,49,37,140,72,49,82,25,17,69,39,26,77,24,20,71,33,23,149,149,0,서울 강남구 대치역_1
2017,4,D,발달상권,1001052,1770,790,980,155,414,564,281,176,180,77,152,267,137,76,81,78,262,297,144,100,99,1240,153,1087,뱅뱅사거리_2
2017,4,D,발달상권,1001051,5211,2488,2723,909,674,850,845,640,1293,447,337,389,409,295,611,462,337,461,436,345,682,2073,431,1642,보라매공원
2017,4,D,발달상권,1001050,2608,1276,1332,286,498,512,379,446,487,135,243,246,194,227,231,151,255,266,185,219,256,1273,202,1071,교대역_1
2017,4,D,발달상권,1001049,2759,1395,1364,338,342,401,410,513,755,182,191,215,206,260,341,156,151,186,204,253,414,1254,13,1241,개봉동 현대아파트 인근
2017,4,D,발달상권,1001048,1383,599,784,111,368,459,241,119,85,61,126,197,122,51,42,50,242,262,119,68,43,987,31,956,뱅뱅사거리
2017,4,D,발달상권,1001047,1096,566,530,138,218,312,177,123,128,71,98,172,105,60,60,67,120,140,72,63,68,632,24,608,뱅뱅사거리_1
2017,4,D,발달상권,1001046,2992,1472,1520,150,1102,937,351,208,244,86,459,509,190,108,120,64,643,428,161,100,124,2361,181,2180,서울 관악구 신림역_4
2017,4,D,발달상권,1001045,1122,524,598,97,242,222,156,137,268,44,101,110,83,67,119,53,141,112,73,70,149,627,0,627,동작구 총신대입구역_1
2017,4,D,발달상권,1001044,1940,934,1006,247,311,462,316,257,347,124,152,218,146,125,169,123,159,244,170,132,178,978,79,899,양재역_3
2017,4,D,발달상권,1001043,1769,778,991,364,219,350,417,217,202,162,77,156,178,121,84,202,142,194,239,96,118,822,19,803,동작구 총신대입구역_2
2017,4,D,발달상권,1001042,453,220,233,51,90,113,68,42,89,29,42,46,41,19,43,22,48,67,27,23,46,268,0,268,서울 서초구 남부터미널역_3
2017,4,D,발달상권,1001041,1670,786,884,171,165,283,260,254,537,88,71,132,147,147,201,83,94,151,113,107,336,963,571,392,서울 강남구 수서역
2017,4,D,발달상권,1001040,855,462,393,23,326,222,102,75,107,10,140,140,62,53,57,13,186,82,40,22,50,718,0,718,서울 관악구 신림역_3
2017,4,D,발달상권,1001039,1481,755,726,100,277,419,299,229,157,59,98,201,158,151,88,41,179,218,141,78,69,1091,0,1091,서울 서초구 남부터미널역_2
2017,4,D,발달상권,1001038,134,69,65,14,13,28,14,31,34,6,8,14,7,19,15,8,5,14,7,12,19,73,0,73,구로디지탈1단지
2017,4,D,발달상권,1001037,1653,732,921,252,295,342,282,225,257,109,132,142,135,97,117,143,163,200,147,128,140,837,173,664,양재역
2017,4,D,발달상권,1001036,379,199,180,58,53,75,67,63,63,37,26,40,38,31,27,21,27,35,29,32,36,182,0,182,문정역
2017,4,D,발달상권,1001035,535,264,271,71,106,85,99,86,88,37,47,38,55,46,41,34,59,47,44,40,47,268,0,268,매봉역
2017,4,D,발달상권,1001034,1217,597,620,163,182,263,228,167,214,87,77,129,125,86,93,76,105,134,103,81,121,633,17,616,서울 서초구 방배역
2017,4,D,발달상권,1001033,1301,626,675,229,196,217,202,219,238,123,90,98,97,98,120,106,106,119,105,121,118,512,0,512,서울 서초구 남부터미널역_1
2017,4,D,발달상권,1001032,1567,825,742,98,518,352,180,173,246,54,266,201,95,83,126,44,252,151,85,90,120,1017,0,1017,서울 관악구 신림역_2
2017,4,D,발달상권,1001031,499,230,269,19,185,141,61,49,44,9,71,74,32,23,21,10,114,67,29,26,23,401,0,401,서울 관악구 신림역_1
2017,4,D,발달상권,1001030,854,412,442,110,146,186,138,119,155,58,64,86,71,62,71,52,82,100,67,57,84,441,0,441,양재역_2
2017,4,D,발달상권,1001029,11,6,5,0,3,0,2,4,2,0,2,0,2,1,1,0,1,0,0,3,1,5,0,5,양재역_1
2017,4,D,발달상권,1001028,470,252,218,21,162,109,50,49,79,11,76,62,36,27,40,10,86,47,14,22,39,339,0,339,서울 관악구 서울대입구역_2
2017,4,D,발달상권,1001027,1474,802,672,51,383,368,224,238,210,20,123,212,151,173,123,31,260,156,73,65,87,1258,247,1011,가산디지털단지역_3
2017,4,D,발달상권,1001026,366,212,154,25,34,33,55,99,120,19,17,26,30,65,55,6,17,7,25,34,65,236,0,236,구로디지털단지역
2017,4,D,발달상권,1001025,6011,2828,3183,304,2524,1475,600,539,569,148,1048,724,323,298,287,156,1476,751,277,241,282,4646,21,4625,서울 관악구 서울대입구역_1
2017,4,D,발달상권,1001024,903,434,469,132,156,158,147,149,161,61,77,72,75,67,82,71,79,86,72,82,79,392,142,250,관악구 사당역_1
2017,4,D,발달상권,1001023,470,248,222,44,70,107,61,62,126,22,35,63,39,31,58,22,35,44,22,31,68,221,147,74,가산디지털단지역_2
2017,4,D,발달상권,1001022,938,430,508,51,237,206,114,130,200,28,89,96,53,69,95,23,148,110,61,61,105,608,0,608,관악구 사당역_2
2017,4,D,발달상권,1001021,30,19,11,2,3,6,6,7,6,1,0,3,5,5,5,1,3,3,1,2,1,24,0,24,가산디지털단지역_1
2017,4,D,발달상권,1001019,76,45,31,10,14,22,15,8,7,6,9,11,11,3,5,4,5,11,4,5,2,45,0,45,포이사거리_1
2017,4,D,발달상권,1001018,1763,974,789,172,292,417,332,280,270,102,148,229,198,164,133,70,144,188,134,116,137,1073,11,1062,포이사거리_2
2017,4,D,발달상권,1001017,301,136,165,13,90,77,37,34,50,5,35,39,18,15,24,8,55,38,19,19,26,207,111,96,관악구 사당역_3
2017,4,D,발달상권,1001016,1571,962,609,116,620,321,180,131,203,62,380,230,121,73,96,54,240,91,59,58,107,1168,0,1168,서울 관악구 대학동_1
2017,4,D,발달상권,1001015,1061,587,474,60,167,257,210,186,181,28,83,155,128,113,80,32,84,102,82,73,101,767,7,760,서울 금천구 독산1동_1
2017,4,D,발달상권,1001013,1823,872,951,511,186,287,379,198,262,268,86,122,205,86,105,243,100,165,174,112,157,586,0,586,양재 화물트럭터미널앞_2
2017,4,D,발달상권,1001012,2,2,0,0,0,0,0,1,1,0,0,0,0,1,1,0,0,0,0,0,0,2,0,2,양재 화물트럭터미널앞_1
2017,4,D,발달상권,1001011,1614,843,771,132,182,229,267,306,498,70,91,117,161,179,225,62,91,112,106,127,273,1009,31,978,서울 금천구 시흥1동_4
2017,4,A,골목상권,1001010,3324,1689,1635,410,463,596,554,594,707,213,234,321,303,299,319,197,229,275,251,295,388,1653,35,1618,풍성로37가길
2017,4,A,골목상권,1001009,4022,2015,2007,485,585,697,628,696,931,234,293,378,342,348,420,251,292,319,286,348,511,1967,82,1885,천호옛길
2017,4,A,골목상권,1001008,2108,1035,1073,203,331,361,298,383,532,100,169,181,150,188,247,103,162,180,148,195,285,1016,0,1016,천호옛14길
2017,4,A,골목상권,1001007,2379,1201,1178,351,337,300,358,489,544,184,178,155,189,252,243,167,159,145,169,237,301,1025,0,1025,천호대로219길
2017,4,A,골목상권,1001006,5074,2527,2547,782,783,800,782,908,1019,406,395,419,389,438,480,376,388,381,393,470,539,1942,690,1252,천호대로197길
2017,4,A,골목상권,1001005,2894,1420,1474,423,405,535,402,493,636,215,206,284,189,235,291,208,199,251,213,258,345,1265,101,1164,천호대로187길
2017,4,A,골목상권,1001004,4471,2219,2252,612,683,941,667,712,856,307,345,489,333,337,408,305,338,452,334,375,448,1956,320,1636,천호대로170길
2017,4,A,골목상권,1001003,2701,1363,1338,389,398,444,415,479,576,208,198,233,226,227,271,181,200,211,189,252,305,1154,372,782,천호대로162길
2017,4,A,골목상권,1001002,4625,2243,2382,699,670,763,667,775,1051,358,335,387,328,357,478,341,335,376,339,418,573,1867,209,1658,천중로51길
2017,4,A,골목상권,1001001,6968,3429,3539,1059,1018,1194,1092,1192,1413,551,505,629,544,541,659,508,513,565,548,651,754,2809,529,2280,천중로39길
2017,4,A,골목상권,1001000,1752,857,895,199,268,372,258,290,365,103,120,195,134,135,170,96,148,177,124,155,195,834,0,834,진황도로47길
2017,4,A,골목상권,1000999,7306,3666,3640,857,1017,1372,1091,1203,1766,433,479,738,590,586,840,424,538,634,501,617,926,3549,879,2670,진황도로27길
2017,4,A,골목상권,1000998,3373,1659,1714,401,413,606,540,630,783,203,206,326,272,314,338,198,207,280,268,316,445,1684,144,1540,올림픽로98길
2017,4,A,골목상권,1000997,2085,1077,1008,250,263,258,344,413,557,138,147,137,180,224,251,112,116,121,164,189,306,1057,0,1057,올림픽로80길
2017,4,A,골목상권,1000996,1952,1026,926,172,196,243,318,430,593,82,100,140,182,240,282,90,96,103,136,190,311,1161,75,1086,올림픽로78길
2017,4,A,골목상권,1000995,2558,1304,1254,293,350,467,388,484,576,148,169,263,213,245,266,145,181,204,175,239,310,1219,7,1212,올림픽로77길
2017,4,A,골목상권,1000994,2582,1295,1287,244,343,425,382,480,708,130,182,230,203,236,314,114,161,195,179,244,394,1330,0,1330,올림픽로71길
2017,4,A,골목상권,1000993,1525,727,798,257,209,282,264,211,302,136,104,127,124,106,130,121,105,155,140,105,172,630,93,537,올림픽로48길
2017,4,A,골목상권,1000992,3684,1842,1842,733,451,644,634,503,719,391,237,322,314,239,339,342,214,322,320,264,380,1392,741,651,양재대로96길
2017,4,A,골목상권,1000991,3528,1733,1795,500,560,622,532,621,693,270,287,325,270,277,304,230,273,297,262,344,389,1512,194,1318,양재대로95길
2017,4,A,골목상권,1000990,4388,2151,2237,745,609,685,721,771,857,407,322,351,351,364,356,338,287,334,370,407,501,1782,477,1305,양재대로91길
2017,4,A,골목상권,1000989,5337,2641,2696,763,785,831,769,967,1222,390,411,438,393,448,561,373,374,393,376,519,661,2188,359,1829,양재대로133길
2017,4,A,골목상권,1000988,4561,2290,2271,661,700,766,703,832,899,349,380,391,355,397,418,312,320,375,348,435,481,1915,161,1754,양재대로124길
2017,4,A,골목상권,1000987,1560,749,811,217,259,277,237,260,310,114,124,142,121,112,136,103,135,135,116,148,174,667,149,518,양재대로116길
2017,4,A,골목상권,1000986,4954,2441,2513,627,753,1114,733,783,944,338,370,574,370,342,447,289,383,540,363,441,497,2353,168,2185,양재대로101길
2017,4,A,골목상권,1000985,7098,3557,3541,1075,1000,1187,1088,1235,1513,555,517,631,558,613,683,520,483,556,530,622,830,3055,112,2943,암사길
2017,4,A,골목상권,1000984,4877,2410,2467,845,713,817,859,787,856,463,352,407,415,366,407,382,361,410,444,421,449,1895,60,1835,성안로3길
2017,4,A,골목상권,1000983,3742,1805,1937,717,518,609,634,576,688,361,265,275,319,268,317,356,253,334,315,308,371,1396,818,578,성내로5길
2017,4,A,골목상권,1000982,1392,709,683,227,229,191,197,296,252,115,139,91,96,139,129,112,90,100,101,157,123,550,0,550,상일로5길
2017,4,A,골목상권,1000981,1976,979,997,274,259,390,323,286,444,139,128,213,161,136,202,135,131,177,162,150,242,948,287,661,상암로5길
2017,4,A,골목상권,1000980,3219,1547,1672,550,473,438,531,548,679,275,239,215,251,250,317,275,234,223,280,298,362,1255,360,895,상암로51길
2017,4,A,골목상권,1000979,3364,1674,1690,482,452,739,554,552,585,240,216,373,286,275,284,242,236,366,268,277,301,1629,66,1563,상암로4길
2017,4,A,골목상권,1000978,4321,2106,2215,661,595,815,643,715,892,321,291,425,315,335,419,340,304,390,328,380,473,1760,552,1208,상암로14길
2017,4,A,골목상권,1000977,2663,1369,1294,406,426,391,400,470,570,235,226,203,210,237,258,171,200,188,190,233,312,1210,166,1044,명일로13길
2017,4,A,골목상권,1000976,3015,1559,1456,470,441,358,457,577,712,253,244,202,237,289,334,217,197,156,220,288,378,1257,0,1257,동남로85길
2017,4,A,골목상권,1000975,1878,1009,869,236,269,225,282,423,443,126,152,131,157,227,216,110,117,94,125,196,227,879,0,879,동남로82길
2017,4,A,골목상권,1000974,2730,1338,1392,531,368,319,512,477,523,281,195,173,234,234,221,250,173,146,278,243,302,1102,0,1102,동남로65길
2017,4,A,골목상권,1000973,4572,2374,2198,626,591,708,739,886,1022,333,308,383,404,463,483,293,283,325,335,423,539,2233,120,2113,구천면로42길
2017,4,A,골목상권,1000972,5445,2744,2701,761,721,893,879,984,1207,396,383,476,471,466,552,365,338,417,408,518,655,2399,356,2043,구천면로41길
2017,4,A,골목상권,1000971,2728,1407,1321,339,397,396,414,544,638,189,196,225,212,283,302,150,201,171,202,261,336,1257,0,1257,구천면로36길
2017,4,A,골목상권,1000970,1489,751,738,290,182,251,240,238,288,150,98,128,131,115,129,140,84,123,109,123,159,589,0,589,고덕로61길
2017,4,A,골목상권,1000969,1578,792,786,326,192,269,242,237,312,158,107,136,122,119,150,168,85,133,120,118,162,573,163,410,고덕로25길
2017,4,A,골목상권,1000968,2195,1089,1106,347,295,417,379,349,408,185,148,209,197,157,193,162,147,208,182,192,215,1001,79,922,고덕로10길
2017,4,A,골목상권,1000967,4187,2137,2050,792,567,621,717,731,759,480,303,327,343,339,345,312,264,294,374,392,414,1599,294,1305,강동대로53길
2017,4,A,골목상권,1000966,1810,896,914,210,226,273,245,348,508,118,115,144,139,152,228,92,111,129,106,196,280,837,0,837,풍성로25길
2017,4,A,골목상권,1000965,2763,1374,1389,581,393,414,464,445,466,308,207,204,223,207,225,273,186,210,241,238,241,1007,159,848,오금로46길
2017,4,A,골목상권,1000964,2906,1422,1484,435,519,527,467,468,490,219,253,273,226,213,238,216,266,254,241,255,252,1210,69,1141,오금로36길
2017,4,A,골목상권,1000963,4959,2357,2602,577,766,1187,744,795,890,296,369,595,368,346,383,281,397,592,376,449,507,2440,22,2418,오금로11길
2017,4,A,골목상권,1000962,2839,1381,1458,457,475,359,469,538,541,228,247,176,209,262,259,229,228,183,260,276,282,1073,435,638,양재대로72길
2017,4,A,골목상권,1000961,1574,744,830,265,232,271,237,255,314,133,110,130,102,120,149,132,122,141,135,135,165,641,41,600,양재대로71길
2017,4,A,골목상권,1000960,2627,1327,1300,397,401,477,424,445,483,196,204,237,228,219,243,201,197,240,196,226,240,1107,15,1092,양재대로64길
2017,4,A,골목상권,1000959,1599,822,777,248,212,340,276,238,285,145,102,176,139,126,134,103,110,164,137,112,151,728,262,466,양재대로62길
2017,4,A,골목상권,1000958,2907,1485,1422,393,456,451,486,567,554,208,223,237,252,284,281,185,233,214,234,283,273,1341,0,1341,송파대로30길
2017,4,A,골목상권,1000957,3206,1584,1622,498,486,614,510,516,582,269,242,302,258,238,275,229,244,312,252,278,307,1325,341,984,송이로36길
2017,4,A,골목상권,1000956,5195,2562,2633,829,849,1023,842,859,793,425,439,524,408,403,363,404,410,499,434,456,430,2209,294,1915,송이로32길
2017,4,A,골목상권,1000955,4697,2341,2356,690,769,935,730,736,837,374,384,476,350,356,401,316,385,459,380,380,436,2060,70,1990,송이로23길
2017,4,A,골목상권,1000954,6571,3093,3478,874,1142,1511,1050,957,1037,460,519,716,491,438,469,414,623,795,559,519,568,3344,12,3332,삼전로13길
2017,4,A,골목상권,1000953,8662,4261,4401,1338,1351,1644,1333,1385,1611,737,678,816,641,631,758,601,673,828,692,754,853,3628,99,3529,백제고분로50길
2017,4,A,골목상권,1000952,3205,1536,1669,504,497,680,521,477,526,255,241,329,243,228,240,249,256,351,278,249,286,1450,31,1419,백제고분로46길
2017,4,A,골목상권,1000951,4828,2323,2505,700,807,1114,713,703,791,350,385,540,355,327,366,350,422,574,358,376,425,2203,275,1928,백제고분로45길
2017,4,A,골목상권,1000950,4256,2040,2216,526,775,1028,637,613,677,282,347,495,303,285,328,244,428,533,334,328,349,2057,15,2042,백제고분로42길
2017,4,A,골목상권,1000949,3382,1567,1815,453,585,800,491,469,584,260,228,378,237,199,265,193,357,422,254,270,319,1650,0,1650,백제고분로39길
2017,4,A,골목상권,1000948,7936,3889,4047,1193,1182,1726,1325,1149,1361,640,587,877,647,542,596,553,595,849,678,607,765,3602,71,3531,백제고분로34길
2017,4,A,골목상권,1000947,6085,2885,3200,777,1056,1510,926,830,986,405,470,733,465,382,430,372,586,777,461,448,556,3016,12,3004,백제고분로33길
2017,4,A,골목상권,1000946,6684,3213,3471,1106,1002,1432,1154,934,1056,573,474,722,554,426,464,533,528,710,600,508,592,2980,60,2920,백제고분로32길
2017,4,A,골목상권,1000945,6411,2945,3466,966,977,1433,1120,877,1038,484,442,649,531,390,449,482,535,784,589,487,589,3027,9,3018,백제고분로31길
2017,4,A,골목상권,1000944,7026,3340,3686,1064,1086,1607,1202,998,1069,553,502,750,594,449,492,511,584,857,608,549,577,3268,15,3253,백제고분로22길
2017,4,A,골목상권,1000943,2463,1200,1263,279,401,606,416,384,377,149,182,287,214,201,167,130,219,319,202,183,210,1274,0,1274,백제고분로21길
2017,4,A,골목상권,1000942,4565,2309,2256,662,586,629,727,825,1136,326,292,341,389,440,521,336,294,288,338,385,615,2180,134,2046,마천로51길
2017,4,A,골목상권,1000941,3485,1655,1830,649,515,577,616,552,576,320,239,290,282,265,259,329,276,287,334,287,317,1303,432,871,동남로20길
2017,4,A,골목상권,1000940,3365,1702,1663,474,364,429,542,645,911,249,210,226,290,335,392,225,154,203,252,310,519,1632,0,1632,거마로20길
2017,4,A,골목상권,1000939,2519,1209,1310,558,320,453,542,310,336,321,147,177,258,151,155,237,173,276,284,159,181,991,670,321,학동로77길
2017,4,A,골목상권,1000938,1622,706,916,164,309,436,276,161,276,81,120,175,128,78,124,83,189,261,148,83,152,953,0,953,학동로6길
2017,4,A,골목상권,1000937,1023,490,533,182,162,187,181,128,183,91,91,87,80,56,85,91,71,100,101,72,98,432,131,301,학동로56길
2017,4,A,골목상권,1000936,1502,676,826,174,270,386,255,168,249,82,110,182,132,76,94,92,160,204,123,92,155,787,106,681,학동로38길
2017,4,A,골목상권,1000935,423,202,221,39,62,94,64,60,104,24,28,51,31,25,43,15,34,43,33,35,61,221,0,221,테헤란로81길
2017,4,A,골목상권,1000934,3339,1629,1710,569,606,557,522,518,567,315,305,259,257,237,256,254,301,298,265,281,311,1485,0,1485,일원로9길
2017,4,A,골목상권,1000933,2317,1152,1165,437,360,383,376,361,400,241,188,186,188,162,187,196,172,197,188,199,213,955,93,862,일원로3길
2017,4,A,골목상권,1000932,2521,1259,1262,395,370,320,414,440,582,233,207,161,176,224,258,162,163,159,238,216,324,1138,0,1138,영동대로65길
2017,4,A,골목상권,1000931,2002,978,1024,351,298,348,380,269,356,196,159,167,168,123,165,155,139,181,212,146,191,818,280,538,영동대로112길
2017,4,A,골목상권,1000930,3419,1639,1780,427,598,862,603,474,455,194,266,417,313,241,208,233,332,445,290,233,247,1869,249,1620,언주로81길
2017,4,A,골목상권,1000929,1025,458,567,156,174,222,190,124,159,77,75,86,92,58,70,79,99,136,98,66,89,500,62,438,압구정로2길
2017,4,A,골목상권,1000928,1668,847,821,264,254,231,262,296,361,150,143,121,122,153,158,114,111,110,140,143,203,713,23,690,선릉로18길
2017,4,A,골목상권,1000927,2080,974,1106,272,357,459,381,262,349,144,150,219,187,125,149,128,207,240,194,137,200,1084,0,1084,선릉로146길
2017,4,A,골목상권,1000926,1558,693,865,215,264,337,276,192,274,110,97,143,128,96,119,105,167,194,148,96,155,777,107,670,선릉로133길
2017,4,A,골목상권,1000925,2075,934,1141,388,327,380,376,279,325,207,127,141,178,138,143,181,200,239,198,141,182,875,119,756,선릉로132길
2017,4,A,골목상권,1000924,830,377,453,99,135,194,156,101,145,51,68,81,76,44,57,48,67,113,80,57,88,413,0,413,선릉로121길
2017,4,A,골목상권,1000923,2528,1236,1292,446,422,476,502,329,353,258,208,218,207,171,174,188,214,258,295,158,179,1165,263,902,삼성로75길
2017,4,A,골목상권,1000922,3343,1611,1732,626,555,531,723,466,442,350,269,261,318,223,190,276,286,270,405,243,252,1500,11,1489,삼성로69길
2017,4,A,골목상권,1000921,3264,1706,1558,853,471,245,827,544,324,541,251,115,358,297,144,312,220,130,469,247,180,1091,747,344,삼성로64길
2017,4,A,골목상권,1000920,4151,1958,2193,729,711,641,870,678,522,398,336,292,375,333,224,331,375,349,495,345,298,1958,46,1912,삼성로63길
2017,4,A,골목상권,1000919,1733,906,827,519,201,126,425,312,150,322,100,46,183,183,72,197,101,80,242,129,78,541,448,93,삼성로57길
2017,4,A,골목상권,1000918,1210,539,671,186,203,259,198,159,205,90,84,101,95,79,90,96,119,158,103,80,115,601,25,576,삼성로147길
2017,4,A,골목상권,1000917,2842,1326,1516,559,385,588,547,326,437,312,191,236,243,152,192,247,194,352,304,174,245,1244,139,1105,삼성로115길
2017,4,A,골목상권,1000916,1476,666,810,200,214,410,275,151,226,106,91,168,136,73,92,94,123,242,139,78,134,835,0,835,봉은사로68길
2017,4,A,골목상권,1000915,1557,697,860,234,265,352,297,184,225,133,113,144,120,93,94,101,152,208,177,91,131,796,0,796,봉은사로57길
2017,4,A,골목상권,1000914,3197,1508,1689,554,459,658,611,368,547,309,199,294,282,179,245,245,260,364,329,189,302,1403,335,1068,봉은사로43길
2017,4,A,골목상권,1000913,1248,566,682,136,213,348,228,144,179,69,95,144,107,70,81,67,118,204,121,74,98,715,0,715,봉은사로29길
2017,4,A,골목상권,1000912,2221,1067,1154,442,297,363,361,339,419,230,147,169,163,162,196,212,150,194,198,177,223,810,163,647,봉은사로109길
2017,4,A,골목상권,1000911,1986,930,1056,305,318,351,362,293,357,162,150,167,159,127,165,143,168,184,203,166,192,837,182,655,도산대로89길
2017,4,A,골목상권,1000910,1294,613,681,227,188,192,206,176,305,117,89,85,90,82,150,110,99,107,116,94,155,498,0,498,도산대로81길
2017,4,A,골목상권,1000909,2425,1123,1302,361,337,534,370,315,508,190,151,230,181,150,221,171,186,304,189,165,287,1071,479,592,도산대로50길
2017,4,A,골목상권,1000908,1019,457,562,95,183,308,163,110,160,49,71,143,86,41,67,46,112,165,77,69,93,627,0,627,도산대로38길
2017,4,A,골목상권,1000907,941,442,499,81,173,219,175,107,186,44,79,92,84,52,91,37,94,127,91,55,95,514,25,489,도산대로30길
2017,4,A,골목상권,1000906,1527,665,862,196,306,320,261,198,246,90,130,134,117,81,113,106,176,186,144,117,133,796,30,766,도산대로23길
2017,4,A,골목상권,1000905,740,323,417,98,136,177,127,83,119,45,55,74,52,46,51,53,81,103,75,37,68,390,0,390,도산대로15길
2017,4,A,골목상권,1000904,5633,2601,3032,760,880,1316,985,710,982,386,392,602,459,339,423,374,488,714,526,371,559,2821,70,2751,도곡로37길
2017,4,A,골목상권,1000903,3380,1667,1713,571,531,620,608,511,539,293,269,323,285,257,240,278,262,297,323,254,299,1503,20,1483,논현로8길
2017,4,A,골목상권,1000902,2679,1270,1409,392,411,620,462,353,441,205,187,269,234,168,207,187,224,351,228,185,234,1287,256,1031,논현로63길
2017,4,A,골목상권,1000901,86,48,38,15,10,12,13,14,22,8,7,7,6,5,15,7,3,5,7,9,7,43,0,43,논현로28길
2017,4,A,골목상권,1000900,1244,576,668,138,204,210,213,201,278,70,92,89,107,85,133,68,112,121,106,116,145,645,10,635,논현로26길
2017,4,A,골목상권,1000899,442,197,245,69,71,86,70,60,86,41,26,36,33,24,37,28,45,50,37,36,49,205,0,205,논현로159길
2017,4,A,골목상권,1000898,1433,676,757,176,218,311,242,176,310,90,100,145,122,81,138,86,118,166,120,95,172,694,3,691,논현로139길
2017,4,A,골목상권,1000897,2114,1012,1102,150,357,543,447,289,328,82,164,247,226,148,145,68,193,296,221,141,183,1461,0,1461,논현로123길
2017,4,A,골목상권,1000896,3295,1557,1738,309,667,881,495,433,510,148,296,397,271,208,237,161,371,484,224,225,273,1872,60,1812,논현로115길
2017,4,A,골목상권,1000895,1541,758,783,281,218,263,322,235,222,144,98,141,148,124,103,137,120,122,174,111,119,650,7,643,논현로10길
2017,4,A,골목상권,1000894,1985,881,1104,180,351,662,335,191,266,86,139,289,163,82,122,94,212,373,172,109,144,1220,16,1204,논현로106길
2017,4,A,골목상권,1000893,3653,1775,1878,772,505,609,699,551,517,398,247,290,331,279,230,374,258,319,368,272,287,1360,845,515,남부순환로365길
2017,4,A,골목상권,1000892,38,28,10,0,5,12,8,7,6,0,2,10,7,5,4,0,3,2,1,2,2,28,0,28,개포로82길
2017,4,A,골목상권,1000891,1947,952,995,390,289,307,411,300,250,195,149,150,189,148,121,195,140,157,222,152,129,777,28,749,개포로28길
2017,4,A,골목상권,1000890,2307,1127,1180,322,418,424,404,400,339,164,210,217,200,178,158,158,208,207,204,222,181,1055,18,1037,개포로20길
2017,4,A,골목상권,1000889,3620,1767,1853,641,523,612,655,579,610,338,261,302,298,287,281,303,262,310,357,292,329,1550,90,1460,개포로17길
2017,4,A,골목상권,1000888,1557,726,831,155,279,375,212,259,277,83,124,183,106,108,122,72,155,192,106,151,155,810,502,308,강남대로140길
2017,4,A,골목상권,1000887,1195,542,653,137,177,248,204,169,260,74,74,98,97,70,129,63,103,150,107,99,131,542,0,542,강남대로136길
2017,4,A,골목상권,1000886,1459,641,818,121,304,418,237,163,216,61,126,181,119,63,91,60,178,237,118,100,125,885,17,868,강남대로118길
2017,4,A,골목상권,1000885,2731,1327,1404,508,373,519,478,339,514,251,184,255,234,158,245,257,189,264,244,181,269,1129,140,989,서초중앙로8길
2017,4,A,골목상권,1000884,2736,1285,1451,553,386,385,529,453,430,255,170,190,232,231,207,298,216,195,297,222,223,1057,159,898,방배중앙로21길
2017,4,A,골목상권,1000883,2143,1069,1074,426,255,410,445,276,331,228,125,179,237,133,167,198,130,231,208,143,164,921,235,686,효령로72길
2017,4,A,골목상권,1000882,1528,751,777,247,200,290,257,236,298,138,96,149,122,107,139,109,104,141,135,129,159,610,324,286,효령로34길
2017,4,A,골목상권,1000881,1852,866,986,268,251,396,327,239,371,140,112,186,163,108,157,128,139,210,164,131,214,916,22,894,효령로31길
2017,4,A,골목상권,1000880,4316,2001,2315,721,688,834,718,609,746,381,311,380,316,281,332,340,377,454,402,328,414,1830,289,1541,효령로23길
2017,4,A,골목상권,1000879,4087,1938,2149,645,631,690,679,587,855,331,299,330,319,271,388,314,332,360,360,316,467,1802,51,1751,청두곶길
2017,4,A,골목상권,1000878,4069,1953,2116,281,883,1153,677,471,604,142,393,554,368,230,266,139,490,599,309,241,338,2683,19,2664,주흥길
2017,4,A,골목상권,1000877,2697,1280,1417,240,462,748,465,316,466,121,206,347,261,155,190,119,256,401,204,161,276,1649,52,1597,주흥15길
2017,4,A,골목상권,1000876,2022,1004,1018,314,315,394,380,287,332,160,163,180,198,152,151,154,152,214,182,135,181,918,14,904,언남길
2017,4,A,골목상권,1000875,2673,1265,1408,334,425,578,457,354,525,182,180,268,219,172,244,152,245,310,238,182,281,1332,103,1229,신반포로45길
2017,4,A,골목상권,1000874,4032,1966,2066,550,604,601,628,652,997,301,307,312,303,290,453,249,297,289,325,362,544,1636,0,1636,서초대로8길
2017,4,A,골목상권,1000873,1784,863,921,400,228,296,370,254,236,210,110,121,188,119,115,190,118,175,182,135,121,629,502,127,서초대로64길
2017,4,A,골목상권,1000872,3467,1613,1854,539,542,615,543,508,720,267,248,304,240,227,327,272,294,311,303,281,393,1430,180,1250,서초대로4길
2017,4,A,골목상권,1000871,1241,580,661,197,199,244,189,178,234,106,95,116,82,74,107,91,104,128,107,104,127,528,0,528,서초대로25길
2017,4,A,골목상권,1000870,2741,1274,1467,424,374,528,458,391,566,215,176,242,215,184,242,209,198,286,243,207,324,1275,314,961,서초대로23길
2017,4,A,골목상권,1000869,3693,1685,2008,618,576,725,628,506,640,289,276,306,304,232,278,329,300,419,324,274,362,1629,23,1606,서초대로15길
2017,4,A,골목상권,1000868,1243,544,699,83,263,341,195,148,213,39,103,151,92,66,93,44,160,190,103,82,120,782,0,782,사평대로57길
2017,4,A,골목상권,1000867,295,127,168,52,50,40,45,37,71,22,19,17,19,15,35,30,31,23,26,22,36,114,0,114,사평대로26길
2017,4,A,골목상권,1000866,1620,746,874,333,203,262,316,249,257,172,101,105,133,115,120,161,102,157,183,134,137,620,27,593,사평대로22길
2017,4,A,골목상권,1000865,1098,522,576,173,178,238,171,146,192,84,86,111,89,65,87,89,92,127,82,81,105,535,59,476,사임당로17길
2017,4,A,골목상권,1000864,973,452,521,227,130,142,191,130,153,107,62,65,95,60,63,120,68,77,96,70,90,364,0,364,방배로42길
2017,4,A,골목상권,1000863,1820,839,981,353,259,247,360,292,309,161,117,107,158,150,146,192,142,140,202,142,163,717,9,708,방배로35길
2017,4,A,골목상권,1000862,1674,777,897,229,287,387,255,206,310,123,116,185,122,95,136,106,171,202,133,111,174,808,17,791,방배로18길
2017,4,A,골목상권,1000861,1695,817,878,280,263,237,282,292,341,156,135,120,125,130,151,124,128,117,157,162,190,681,9,672,반포대로9길
2017,4,A,골목상권,1000860,2798,1358,1440,382,425,585,416,399,591,202,211,295,198,183,269,180,214,290,218,216,322,1261,178,1083,바우뫼로39길
2017,4,A,골목상권,1000859,1487,742,745,233,205,335,260,198,256,115,106,172,142,97,110,118,99,163,118,101,146,666,60,606,마방로2길
2017,4,A,골목상권,1000858,1158,544,614,176,205,220,175,169,213,97,87,94,94,73,99,79,118,126,81,96,114,548,0,548,방배천로4안길
2017,4,A,골목상권,1000857,1984,1000,984,297,281,463,381,274,288,149,153,244,192,138,124,148,128,219,189,136,164,910,29,881,동산로19길
2017,4,A,골목상권,1000856,3320,1646,1674,521,516,678,566,468,571,299,250,340,278,221,258,222,266,338,288,247,313,1450,27,1423,동산로10길
2017,4,A,골목상권,1000855,1674,777,897,312,211,260,321,243,327,163,94,117,143,125,135,149,117,143,178,118,192,712,6,706,동광로39길
2017,4,A,골목상권,1000854,3414,1610,1804,627,506,595,659,520,507,324,240,301,295,242,208,303,266,294,364,278,299,1440,32,1408,동광로1길
2017,4,A,골목상권,1000853,1363,611,752,286,189,195,253,190,250,118,84,93,110,97,109,168,105,102,143,93,141,538,14,524,동광로12길
2017,4,A,골목상권,1000852,1814,859,955,196,267,400,357,239,355,97,123,198,176,112,153,99,144,202,181,127,202,1009,146,863,논현로27길
2017,4,A,골목상권,1000851,3132,1522,1610,555,448,621,581,495,432,268,225,313,298,233,185,287,223,308,283,262,247,1328,89,1239,논현로1길
2017,4,A,골목상권,1000850,1473,700,773,249,203,361,265,163,232,121,92,178,130,77,102,128,111,183,135,86,130,695,63,632,남부순환로339길
2017,4,A,골목상권,1000849,2641,1286,1355,406,397,380,438,449,571,210,181,187,224,220,264,196,216,193,214,229,307,1132,232,900,남부순환로325길
2017,4,A,골목상권,1000848,1733,844,889,338,281,269,330,253,262,181,146,115,154,122,126,157,135,154,176,131,136,663,170,493,남부순환로317길
2017,4,A,골목상권,1000847,2017,954,1063,434,230,317,371,285,380,225,111,138,179,134,167,209,119,179,192,151,213,740,270,470,고무래로8길
2017,4,A,골목상권,1000846,3589,1769,1820,481,596,835,568,530,579,257,277,415,292,253,275,224,319,420,276,277,304,1758,53,1705,강남대로8길
2017,4,A,골목상권,1000845,2617,1246,1371,325,427,658,397,335,475,165,197,353,189,149,193,160,230,305,208,186,282,1301,109,1192,강남대로34길
2017,4,A,골목상권,1000844,1184,567,617,146,190,263,180,160,245,82,85,124,88,71,117,64,105,139,92,89,128,558,43,515,강남대로23길
2017,4,A,골목상권,1000843,749,409,340,49,54,92,164,144,246,33,23,45,104,90,114,16,31,47,60,54,132,526,0,526,소담길
2017,4,A,골목상권,1000842,1392,693,699,162,187,223,177,257,386,83,88,127,99,131,165,79,99,96,78,126,221,659,148,511,원신길
2017,4,A,골목상권,1000841,1840,908,932,201,220,228,282,324,585,95,118,126,159,166,244,106,102,102,123,158,341,906,0,906,양지길
2017,4,A,골목상권,1000840,1605,810,795,151,262,297,266,247,382,85,141,172,146,104,162,66,121,125,120,143,220,898,277,621,양산길
2017,4,A,골목상권,1000839,2374,1483,891,94,717,594,393,238,338,49,416,407,296,161,154,45,301,187,97,77,184,1881,0,1881,호암로24길
2017,4,A,골목상권,1000838,2863,1761,1102,166,789,670,486,329,423,91,466,456,360,189,199,75,323,214,126,140,224,1998,0,1998,호암로20길
2017,4,A,골목상권,1000837,4902,2444,2458,364,1463,1291,583,465,736,192,681,700,328,207,336,172,782,591,255,258,400,3228,0,3228,행운길
2017,4,A,골목상권,1000836,3192,1620,1572,299,649,574,420,463,787,160,317,312,227,248,356,139,332,262,193,215,431,1858,19,1839,행운1길
2017,4,A,골목상권,1000835,4351,2152,2199,558,581,633,635,709,1235,280,324,360,335,346,507,278,257,273,300,363,728,2163,407,1756,청림3길
2017,4,A,골목상권,1000834,3445,1649,1796,229,1088,788,403,379,558,117,469,411,204,182,266,112,619,377,199,197,292,2339,51,2288,청룡길
2017,4,A,골목상권,1000833,1635,812,823,214,349,317,224,188,343,108,177,166,110,92,159,106,172,151,114,96,184,906,0,906,청룡8길
2017,4,A,골목상권,1000832,3089,1521,1568,354,657,532,456,386,704,181,319,294,241,197,289,173,338,238,215,189,415,1642,51,1591,중앙길
2017,4,A,골목상권,1000831,4334,2224,2110,527,697,743,646,765,956,278,343,430,336,403,434,249,354,313,310,362,522,2303,54,2249,조원중앙로2길
2017,4,A,골목상권,1000830,1795,915,880,165,484,418,234,179,315,91,220,246,139,73,146,74,264,172,95,106,169,1138,0,1138,조원로18길
2017,4,A,골목상권,1000829,1400,723,677,111,252,287,198,233,319,49,128,161,102,127,156,62,124,126,96,106,163,831,0,831,조원로10길
2017,4,A,골목상권,1000828,1741,858,883,162,383,384,201,214,397,87,179,207,115,94,176,75,204,177,86,120,221,998,0,998,장군봉2길
2017,4,A,골목상권,1000827,918,449,469,114,125,152,113,145,269,67,60,77,66,71,108,47,65,75,47,74,161,541,54,487,장군봉1길
2017,4,A,골목상권,1000826,3061,1483,1578,399,503,598,503,411,647,207,251,300,242,193,290,192,252,298,261,218,357,1400,26,1374,인헌길
2017,4,A,골목상권,1000825,1544,760,784,304,184,278,260,213,305,147,102,145,133,111,122,157,82,133,127,102,183,607,13,594,은천로25길
2017,4,A,골목상권,1000824,4690,2294,2396,444,1063,928,584,646,1025,225,486,492,313,321,457,219,577,436,271,325,568,2625,95,2530,양녕로6길
2017,4,A,골목상권,1000823,2760,1377,1383,216,570,513,359,417,685,100,263,301,216,202,295,116,307,212,143,215,390,1626,0,1626,신원로3길
2017,4,A,골목상권,1000822,1851,944,907,161,450,397,271,225,347,85,232,213,138,117,159,76,218,184,133,108,188,1113,0,1113,신사로20길
2017,4,A,골목상권,1000821,1845,870,975,82,719,513,191,157,183,38,297,276,98,76,85,44,422,237,93,81,98,1409,23,1386,신림로65길
2017,4,A,골목상권,1000820,1608,848,760,62,581,456,182,143,184,31,251,270,112,93,91,31,330,186,70,50,93,1246,0,1246,신림로64길
2017,4,A,골목상권,1000819,2518,1320,1198,232,592,532,338,374,450,124,307,322,192,171,204,108,285,210,146,203,246,1400,0,1400,신림로48길
2017,4,A,골목상권,1000818,1982,1020,962,201,415,414,271,264,417,110,207,238,159,120,186,91,208,176,112,144,231,1090,0,1090,신림로38길
2017,4,A,골목상권,1000817,3311,1883,1428,303,822,748,470,424,544,152,455,487,284,236,269,151,367,261,186,188,275,2065,40,2025,신림로28길
2017,4,A,골목상권,1000816,4171,2454,1717,313,1161,928,628,494,647,158,671,615,429,292,289,155,490,313,199,202,358,2797,0,2797,신림로11길
2017,4,A,골목상권,1000815,3882,1974,1908,175,1349,1092,477,327,462,89,621,607,287,177,193,86,728,485,190,150,269,2998,0,2998,신림동길
2017,4,A,골목상권,1000814,3009,1431,1578,244,824,780,320,372,469,116,342,422,155,161,235,128,482,358,165,211,234,1730,94,1636,승방길
2017,4,A,골목상권,1000813,4025,2604,1421,250,1391,1021,525,341,497,142,886,741,393,205,237,108,505,280,132,136,260,2981,0,2981,서림7길
2017,4,A,골목상권,1000812,3820,1906,1914,423,680,686,566,537,928,227,324,371,309,256,419,196,356,315,257,281,509,1992,480,1512,봉천로33길
2017,4,A,골목상권,1000811,3736,1865,1871,526,626,620,545,544,875,294,325,328,276,249,393,232,301,292,269,295,482,1731,15,1716,봉천로13길
2017,4,A,골목상권,1000810,4305,2301,2004,442,1004,904,606,557,792,221,550,539,350,285,356,221,454,365,256,272,436,2466,0,2466,복은길
2017,4,A,골목상권,1000809,1407,685,722,217,225,195,230,242,298,105,110,115,108,113,134,112,115,80,122,129,164,619,0,619,법원단지길
2017,4,A,골목상권,1000808,5447,2757,2690,839,885,729,895,952,1147,457,489,377,458,448,528,382,396,352,437,504,619,2224,17,2207,법원단지9길
2017,4,A,골목상권,1000807,4132,2067,2065,612,669,622,633,728,868,310,357,334,308,357,401,302,312,288,325,371,467,1826,303,1523,미성5길
2017,4,A,골목상권,1000806,1716,1025,691,118,505,382,250,189,272,63,301,248,178,115,120,55,204,134,72,74,152,1213,0,1213,대학길
2017,4,A,골목상권,1000805,2871,1953,918,197,770,597,517,373,417,107,511,439,397,276,223,90,259,158,120,97,194,2132,14,2118,대학14길
2017,4,A,골목상권,1000804,1863,919,944,211,354,337,290,264,407,98,177,177,141,133,193,113,177,160,149,131,214,1007,0,1007,당곡길
2017,4,A,골목상권,1000803,1971,934,1037,246,404,392,275,247,407,126,171,188,141,118,190,120,233,204,134,129,217,934,199,735,남현길
2017,4,A,골목상권,1000802,1567,709,858,109,369,418,189,192,290,48,156,195,95,86,129,61,213,223,94,106,161,962,29,933,남현3길
2017,4,A,골목상권,1000801,2843,1377,1466,288,630,635,370,391,529,139,280,332,205,184,237,149,350,303,165,207,292,1517,20,1497,남현2길
2017,4,A,골목상권,1000800,1684,790,894,175,365,310,246,234,354,87,162,150,114,117,160,88,203,160,132,117,194,887,66,821,남부순환로248길
2017,4,A,골목상권,1000799,1987,1030,957,185,497,433,272,215,385,93,271,238,143,104,181,92,226,195,129,111,204,1227,21,1206,남부순환로234길
2017,4,A,골목상권,1000798,2500,1289,1211,278,531,444,384,372,491,147,293,251,189,177,232,131,238,193,195,195,259,1304,18,1286,남부순환로172길
2017,4,A,골목상권,1000797,3941,1988,1953,491,778,644,650,661,717,262,368,385,306,341,326,229,410,259,344,320,391,2001,9,1992,남부순환로161길
2017,4,A,골목상권,1000796,3389,1683,1706,386,720,667,508,492,616,203,347,360,254,224,295,183,373,307,254,268,321,1786,26,1760,남부순환로151길
2017,4,A,골목상권,1000795,3251,1628,1623,383,600,649,472,516,631,186,294,363,249,261,275,197,306,286,223,255,356,1698,28,1670,남부순환로142길
2017,4,A,골목상권,1000794,2699,1405,1294,316,359,290,456,445,833,162,197,161,252,247,386,154,162,129,204,198,447,1382,0,1382,난향길
2017,4,A,골목상권,1000793,2495,1254,1241,398,362,350,433,410,542,199,197,187,209,206,256,199,165,163,224,204,286,1073,11,1062,난우길
2017,4,A,골목상권,1000792,1861,868,993,186,447,376,246,232,374,96,191,188,123,104,166,90,256,188,123,128,208,1109,0,1109,난곡로74길
2017,4,A,골목상권,1000791,2659,1353,1306,360,433,397,422,488,559,193,220,215,228,237,260,167,213,182,194,251,299,1194,0,1194,난곡로34길
2017,4,A,골목상권,1000790,3417,1753,1664,417,550,447,530,641,832,212,282,279,286,333,361,205,268,168,244,308,471,1690,0,1690,난곡로26길
2017,4,A,골목상권,1000789,2509,1315,1194,326,319,327,403,425,709,175,183,192,221,216,328,151,136,135,182,209,381,1181,0,1181,난곡로24길
2017,4,A,골목상권,1000788,5268,2685,2583,575,1484,1230,701,507,771,285,748,661,388,250,353,290,736,569,313,257,418,3242,0,3242,낙성대역길
2017,4,A,골목상권,1000787,5607,2786,2821,840,809,913,940,890,1215,423,418,492,503,404,546,417,391,421,437,486,669,2423,32,2391,국회단지길
2017,4,A,골목상권,1000786,3115,1558,1557,478,361,340,549,523,864,251,189,172,294,270,382,227,172,168,255,253,482,1444,30,1414,구암길
2017,4,A,골목상권,1000785,4303,2124,2179,426,984,1001,552,520,820,200,478,539,298,243,366,226,506,462,254,277,454,2465,162,2303,관천로22길
2017,4,A,골목상권,1000784,4588,2331,2257,632,890,809,718,687,852,336,452,465,364,330,384,296,438,344,354,357,468,2267,10,2257,관천로15길
2017,4,A,골목상권,1000783,1943,987,956,319,291,329,314,280,410,167,161,170,161,140,188,152,130,159,153,140,222,788,488,300,관악로30길
2017,4,A,골목상권,1000782,1548,768,780,254,213,254,246,243,338,130,107,127,131,117,156,124,106,127,115,126,182,591,369,222,관악로28길
2017,4,A,골목상권,1000781,1317,645,672,103,445,256,149,131,233,52,213,134,76,73,97,51,232,122,73,58,136,857,51,806,관악로14길
2017,4,A,골목상권,1000780,4505,2266,2239,542,1234,868,618,504,739,281,597,501,328,241,318,261,637,367,290,263,421,2567,200,2367,관악로10길
2017,4,A,골목상권,1000779,1932,969,963,204,552,279,231,249,417,102,322,141,120,109,175,102,230,138,111,140,242,1057,19,1038,흑석로9길
2017,4,A,골목상권,1000778,555,290,265,71,109,74,78,88,135,36,65,46,45,38,60,35,44,28,33,50,75,264,1,263,흑석로13길
2017,4,A,골목상권,1000777,2412,1241,1171,206,468,391,333,375,639,120,252,228,179,179,283,86,216,163,154,196,356,1324,0,1324,장승배기로27길
2017,4,A,골목상권,1000776,2578,1333,1245,235,415,339,375,478,736,123,231,195,206,249,329,112,184,144,169,229,407,1354,0,1354,장승배기로19길
2017,4,A,골목상권,1000775,386,204,182,40,61,55,62,72,96,20,35,32,30,39,48,20,26,23,32,33,48,219,20,199,장승배기로10길
2017,4,A,골목상권,1000774,3269,1502,1767,822,507,402,727,446,365,353,215,189,340,247,158,469,292,213,387,199,207,1239,214,1025,여의대방로46길
2017,4,A,골목상권,1000773,2830,1342,1488,441,471,553,461,384,520,232,191,264,225,192,238,209,280,289,236,192,282,1371,244,1127,여의대방로24길
2017,4,A,골목상권,1000772,2896,1443,1453,376,565,552,437,404,562,201,266,293,208,212,263,175,299,259,229,192,299,1429,0,1429,여의대방로22카길
2017,4,A,골목상권,1000771,2578,1247,1331,410,372,416,452,384,544,212,185,198,224,191,237,198,187,218,228,193,307,1131,221,910,여의대방로22나길
2017,4,A,골목상권,1000770,2289,1141,1148,291,427,453,353,330,435,167,200,240,186,155,193,124,227,213,167,175,242,1143,181,962,여의대방로22길
2017,4,A,골목상권,1000769,1923,947,976,333,272,307,336,298,377,185,130,151,175,134,172,148,142,156,161,164,205,748,141,607,양녕로26길
2017,4,A,골목상권,1000768,4027,1953,2074,496,581,619,677,665,989,265,283,328,322,327,428,231,298,291,355,338,561,2201,0,2201,신대방길
2017,4,A,골목상권,1000767,2263,1129,1134,314,346,376,386,360,481,175,193,191,192,184,194,139,153,185,194,176,287,1011,0,1011,성대로29길
2017,4,A,골목상권,1000766,1007,511,496,97,200,196,131,175,208,51,108,100,71,86,95,46,92,96,60,89,113,578,0,578,성대로1길
2017,4,A,골목상권,1000765,695,332,363,65,120,89,94,126,201,25,62,44,52,66,83,40,58,45,42,60,118,391,0,391,서달로8가길
2017,4,A,골목상권,1000764,364,187,177,39,44,59,49,58,115,19,22,29,31,31,55,20,22,30,18,27,60,217,0,217,서달로15길
2017,4,A,골목상권,1000763,382,181,201,45,66,44,51,64,112,17,34,19,31,33,47,28,32,25,20,31,65,197,0,197,서달로14길
2017,4,A,골목상권,1000762,2866,1390,1476,306,469,426,438,481,746,150,252,217,226,238,307,156,217,209,212,243,439,1345,0,1345,서달로10길
2017,4,A,골목상권,1000761,2845,1345,1500,397,793,538,392,285,440,184,370,268,200,128,195,213,423,270,192,157,245,1575,134,1441,상도로62길
2017,4,A,골목상권,1000760,2245,1184,1061,256,645,401,291,257,395,145,384,221,140,115,179,111,261,180,151,142,216,1210,379,831,상도로61길
2017,4,A,골목상권,1000759,4087,2075,2012,542,1111,700,482,510,742,285,634,345,235,241,335,257,477,355,247,269,407,2119,120,1999,상도로47길
2017,4,A,골목상권,1000758,1330,622,708,188,345,247,171,149,230,82,160,122,90,64,104,106,185,125,81,85,126,694,0,694,상도로37길
2017,4,A,골목상권,1000757,3791,1844,1947,393,735,797,536,545,785,202,376,401,271,251,343,191,359,396,265,294,442,1983,31,1952,상도로15길
2017,4,A,골목상권,1000756,2574,1234,1340,283,460,497,393,385,556,154,216,249,198,177,240,129,244,248,195,208,316,1258,0,1258,사당로8길
2017,4,A,골목상권,1000755,1039,496,543,81,207,258,153,122,218,48,98,112,93,53,92,33,109,146,60,69,126,615,0,615,사당로30길
2017,4,A,골목상권,1000754,3370,1627,1743,530,517,624,553,465,681,280,234,302,282,216,313,250,283,322,271,249,368,1580,236,1344,사당로2차길
2017,4,A,골목상권,1000753,2621,1243,1378,284,458,501,362,446,570,138,218,239,178,221,249,146,240,262,184,225,321,1351,8,1343,사당로29길
2017,4,A,골목상권,1000752,2870,1356,1514,285,602,631,337,401,614,153,260,317,165,177,284,132,342,314,172,224,330,1489,26,1463,사당로26길
2017,4,A,골목상권,1000751,1057,541,516,130,142,170,162,164,289,69,79,97,87,82,127,61,63,73,75,82,162,503,0,503,사당로23나길
2017,4,A,골목상권,1000750,1249,594,655,250,169,210,216,167,237,128,76,92,108,82,108,122,93,118,108,85,129,432,411,21,사당로23길
2017,4,A,골목상권,1000749,2627,1244,1383,309,456,518,396,377,571,149,224,273,201,155,242,160,232,245,195,222,329,1323,0,1323,사당로20길
2017,4,A,골목상권,1000748,3517,1704,1813,429,482,639,548,513,906,210,236,345,285,249,379,219,246,294,263,264,527,1668,75,1593,사당로16길
2017,4,A,골목상권,1000747,2126,1027,1099,269,396,385,321,286,469,137,191,185,172,138,204,132,205,200,149,148,265,1004,34,970,사당로16가길
2017,4,A,골목상권,1000746,3709,1902,1807,570,710,629,533,492,775,310,404,357,266,227,338,260,306,272,267,265,437,1691,622,1069,만양로8길
2017,4,A,골목상권,1000745,873,533,340,46,309,194,84,79,161,27,212,134,59,36,65,19,97,60,25,43,96,629,0,629,만양로14길
2017,4,A,골목상권,1000744,2010,1006,1004,216,370,345,256,348,475,116,192,194,129,174,201,100,178,151,127,174,274,977,160,817,등용로14길
2017,4,A,골목상권,1000743,3286,1589,1697,240,774,720,385,465,702,139,349,349,212,216,324,101,425,371,173,249,378,1901,65,1836,동작대로7길
2017,4,A,골목상권,1000742,2560,1299,1261,337,341,440,387,433,622,193,170,243,207,204,282,144,171,197,180,229,340,1117,23,1094,동작대로35길
2017,4,A,골목상권,1000741,2623,1233,1390,252,418,468,387,396,702,138,207,232,184,161,311,114,211,236,203,235,391,1325,20,1305,동작대로33길
2017,4,A,골목상권,1000740,853,420,433,104,142,135,107,125,240,53,79,66,52,59,111,51,63,69,55,66,129,350,141,209,동작대로29길
2017,4,A,골목상권,1000739,2402,1114,1288,216,458,494,351,349,534,106,196,219,186,152,255,110,262,275,165,197,279,1396,0,1396,동작대로17길
2017,4,A,골목상권,1000738,3329,1515,1814,527,646,619,532,440,565,268,282,267,236,203,259,259,364,352,296,237,306,1485,47,1438,대방동2길
2017,4,A,골목상권,1000737,4189,2069,2120,795,743,704,789,546,612,401,362,367,401,281,257,394,381,337,388,265,355,1884,26,1858,대방동27길
2017,4,A,골목상권,1000736,3319,1661,1658,363,579,433,495,645,804,184,289,244,266,314,364,179,290,189,229,331,440,1586,18,1568,노량진로6길
2017,4,A,골목상권,1000735,3922,1886,2036,528,638,808,557,527,864,266,296,425,286,231,382,262,342,383,271,296,482,1903,15,1888,국사봉길
2017,4,A,골목상권,1000734,1230,576,654,144,269,276,169,144,228,77,108,133,77,74,107,67,161,143,92,70,121,674,0,674,국사봉2길
2017,4,A,골목상권,1000733,3307,1553,1754,361,585,600,496,494,771,181,255,315,249,226,327,180,330,285,247,268,444,1746,44,1702,국사봉1길
2017,4,A,골목상권,1000732,2734,1394,1340,264,389,514,371,494,702,132,207,267,204,250,334,132,182,247,167,244,368,1478,75,1403,영신로9길
2017,4,A,골목상권,1000731,2500,1281,1219,210,469,421,386,422,592,108,228,245,216,210,274,102,241,176,170,212,318,1511,52,1459,영등포로84길
2017,4,A,골목상권,1000730,2211,1112,1099,219,355,381,332,381,543,116,168,217,179,197,235,103,187,164,153,184,308,1191,0,1191,영등포로80길
2017,4,A,골목상권,1000729,1658,878,780,155,270,362,249,252,370,76,143,215,136,130,178,79,127,147,113,122,192,937,23,914,영등포로62길
2017,4,A,골목상권,1000728,1186,683,503,99,233,226,162,194,272,55,121,133,98,129,147,44,112,93,64,65,125,792,0,792,영등포로35길
2017,4,A,골목상권,1000727,1846,1037,809,177,277,380,279,298,435,96,142,228,177,177,217,81,135,152,102,121,218,1080,0,1080,영등포로27길
2017,4,A,골목상권,1000726,1678,827,851,169,312,276,235,286,400,79,132,159,128,148,181,90,180,117,107,138,219,940,0,940,영등포로25길
2017,4,A,골목상권,1000725,2355,1192,1163,249,311,479,389,366,561,121,158,271,201,187,254,128,153,208,188,179,307,1233,364,869,여의대방로61길
2017,4,A,골목상권,1000724,3533,1765,1768,454,502,540,568,630,839,249,246,293,295,306,376,205,256,247,273,324,463,1637,555,1082,여의대방로43나길
2017,4,A,골목상권,1000723,400,195,205,31,59,71,56,81,102,20,25,39,28,39,44,11,34,32,28,42,58,231,0,231,여의대방로39길
2017,4,A,골목상권,1000722,1565,804,761,205,216,216,251,249,428,106,118,114,132,129,205,99,98,102,119,120,223,740,25,715,여의대방로35길
2017,4,A,골목상권,1000721,3867,1973,1894,573,611,948,604,545,586,295,271,531,316,283,277,278,340,417,288,262,309,1653,715,938,양평로28길
2017,4,A,골목상권,1000720,1568,781,787,200,262,482,265,162,197,112,103,264,136,83,83,88,159,218,129,79,114,833,194,639,양평로22라길
2017,4,A,골목상권,1000719,3326,1650,1676,592,502,631,548,463,590,307,242,312,286,226,277,285,260,319,262,237,313,1278,653,625,양평로19길
2017,4,A,골목상권,1000718,3082,1535,1547,330,380,433,492,537,910,172,180,229,250,286,418,158,200,204,242,251,492,1534,0,1534,신길로60길
2017,4,A,골목상권,1000717,3059,1541,1518,368,465,409,469,560,788,191,228,234,251,287,350,177,237,175,218,273,438,1434,85,1349,신길로42길
2017,4,A,골목상권,1000716,4792,2367,2425,658,651,586,818,880,1199,347,330,319,409,439,523,311,321,267,409,441,676,2215,264,1951,신길로42가길
2017,4,A,골목상권,1000715,2078,1055,1023,257,264,236,361,398,562,133,146,132,179,207,258,124,118,104,182,191,304,1080,0,1080,신길로39길
2017,4,A,골목상권,1000714,2430,1173,1257,258,365,310,370,467,660,134,192,166,169,227,285,124,173,144,201,240,375,1165,28,1137,신길로17길
2017,4,A,골목상권,1000713,1117,579,538,156,117,185,165,183,311,96,64,97,90,87,145,60,53,88,75,96,166,486,35,451,선유서로28길
2017,4,A,골목상권,1000712,2929,1532,1397,371,423,602,491,399,643,201,219,326,283,205,298,170,204,276,208,194,345,1478,621,857,선유서로25길
2017,4,A,골목상권,1000711,1385,707,678,134,131,174,187,278,481,64,79,103,104,156,201,70,52,71,83,122,280,770,0,770,선유서로24길
2017,4,A,골목상권,1000710,2808,1432,1376,255,632,679,358,374,510,142,272,356,208,216,238,113,360,323,150,158,272,1738,33,1705,선유로55길
2017,4,A,골목상권,1000709,117,86,31,51,16,14,9,14,13,49,10,7,7,6,7,2,6,7,2,8,6,46,0,46,디지털로74길
2017,4,A,골목상권,1000708,1580,769,811,161,161,195,272,309,482,88,80,92,143,164,202,73,81,103,129,145,280,910,0,910,디지털로57길
2017,4,A,골목상권,1000707,1525,760,765,171,148,164,269,253,520,88,81,89,136,128,238,83,67,75,133,125,282,789,0,789,디지털로37길
2017,4,A,골목상권,1000706,1548,744,804,185,221,206,242,257,437,91,124,108,126,109,186,94,97,98,116,148,251,750,0,750,도신로62길
2017,4,A,골목상권,1000705,761,385,376,92,84,91,119,142,233,45,47,48,62,70,113,47,37,43,57,72,120,377,0,377,도신로60길
2017,4,A,골목상권,1000704,1711,869,842,242,248,245,307,292,377,136,133,121,154,147,178,106,115,124,153,145,199,747,87,660,도신로29길
2017,4,A,골목상권,1000703,3703,1860,1843,384,651,785,538,592,753,207,309,403,290,302,349,177,342,382,248,290,404,1872,14,1858,도신로15길
2017,4,A,골목상권,1000702,2242,1111,1131,257,346,385,287,393,574,126,177,201,149,176,282,131,169,184,138,217,292,1121,31,1090,도림천로21길
2017,4,A,골목상권,1000701,1350,700,650,192,198,160,216,266,318,103,109,88,106,142,152,89,89,72,110,124,166,599,0,599,도림로63길
2017,4,A,골목상권,1000700,384,199,185,23,54,55,40,60,152,12,28,25,28,33,73,11,26,30,12,27,79,223,0,223,도림로147길
2017,4,A,골목상권,1000699,2288,1167,1121,270,285,293,401,409,630,132,149,165,216,212,293,138,136,128,185,197,337,1117,25,1092,도림로112길
2017,4,A,골목상권,1000698,3110,1536,1574,356,452,418,498,522,864,189,219,225,249,261,393,167,233,193,249,261,471,1586,23,1563,대림로8길
2017,4,A,골목상권,1000697,1097,523,574,122,135,148,150,216,326,57,57,89,62,111,147,65,78,59,88,105,179,553,0,553,대림로7길
2017,4,A,골목상권,1000696,2420,1262,1158,383,356,310,429,466,476,207,199,163,216,247,230,176,157,147,213,219,246,1041,17,1024,대림로44길
2017,4,A,골목상권,1000695,2892,1500,1392,419,413,355,474,554,677,220,222,204,250,282,322,199,191,151,224,272,355,1215,144,1071,대림로34길
2017,4,A,골목상권,1000694,2496,1279,1217,276,321,364,450,481,604,147,162,204,229,251,286,129,159,160,221,230,318,1271,159,1112,대림로31길
2017,4,A,골목상권,1000693,2034,1068,966,196,281,332,319,380,526,109,142,196,172,209,240,87,139,136,147,171,286,1178,0,1178,대림로29길
2017,4,A,골목상권,1000692,4441,2257,2184,560,614,547,708,872,1140,295,317,297,368,443,537,265,297,250,340,429,603,1933,799,1134,대림로22길
2017,4,A,골목상권,1000691,2070,1019,1051,162,471,434,264,296,443,78,219,234,130,152,206,84,252,200,134,144,237,1209,22,1187,당산로46길
2017,4,A,골목상권,1000690,1618,783,835,143,490,431,197,152,205,70,207,248,97,68,93,73,283,183,100,84,112,1069,0,1069,당산로38길
2017,4,A,골목상권,1000689,1368,636,732,158,174,248,198,205,385,71,81,115,104,110,155,87,93,133,94,95,230,779,188,591,당산로37길
2017,4,A,골목상권,1000688,866,451,415,107,146,167,141,112,193,60,64,93,82,64,88,47,82,74,59,48,105,481,63,418,당산로31길
2017,4,A,골목상권,1000687,2430,1450,980,133,673,820,272,236,296,66,360,538,188,142,156,67,313,282,84,94,140,1791,38,1753,국회대로56길
2017,4,A,골목상권,1000686,163,122,41,4,13,14,18,36,78,1,8,11,15,29,58,3,5,3,3,7,20,135,0,135,경인로90길
2017,4,A,골목상권,1000685,149,85,64,10,9,21,22,25,62,5,6,16,13,17,28,5,3,5,9,8,34,78,0,78,경인로80길
2017,4,A,골목상권,1000684,282,167,115,9,40,50,33,55,95,4,25,30,23,38,47,5,15,20,10,17,48,200,0,200,경인로77길
2017,4,A,골목상권,1000683,2010,1033,977,253,297,229,337,401,493,135,165,126,172,220,215,118,132,103,165,181,278,930,0,930,가마산로61길
2017,4,A,골목상권,1000682,4024,2034,1990,516,622,615,634,794,843,273,312,348,301,393,407,243,310,267,333,401,436,1922,35,1887,시흥대로94길
2017,4,A,골목상권,1000681,6166,3119,3047,843,928,885,964,1187,1359,455,481,471,477,591,644,388,447,414,487,596,715,2732,104,2628,시흥대로84길
2017,4,A,골목상권,1000680,2619,1348,1271,350,347,371,398,497,656,199,174,207,215,238,315,151,173,164,183,259,341,1200,4,1196,시흥대로68길
2017,4,A,골목상권,1000679,1620,799,821,191,215,304,261,268,381,89,107,161,131,129,182,102,108,143,130,139,199,800,382,418,시흥대로63길
2017,4,A,골목상권,1000678,3211,1589,1622,435,438,429,532,613,764,221,246,223,271,296,332,214,192,206,261,317,432,1499,51,1448,시흥대로62가길
2017,4,A,골목상권,1000677,1982,1019,963,315,266,292,334,330,445,160,140,162,178,171,208,155,126,130,156,159,237,819,51,768,시흥대로36길
2017,4,A,골목상권,1000676,3575,1796,1779,537,491,537,508,611,891,273,258,284,272,296,413,264,233,253,236,315,478,1376,197,1179,시흥대로22길
2017,4,A,골목상권,1000675,2003,1096,907,194,408,453,265,354,329,102,215,269,145,198,167,92,193,184,120,156,162,1171,80,1091,시흥대로153길
2017,4,A,골목상권,1000674,4925,2508,2417,671,708,746,777,907,1116,334,374,402,410,458,530,337,334,344,367,449,586,2172,660,1512,시흥대로150길
2017,4,A,골목상권,1000673,2299,1239,1060,203,440,409,344,440,463,93,203,237,213,250,243,110,237,172,131,190,220,1453,0,1453,시흥대로141길
2017,4,A,골목상권,1000672,620,319,301,78,55,82,97,116,192,40,32,45,52,56,94,38,23,37,45,60,98,325,24,301,시흥대로138길
2017,4,A,골목상권,1000671,3345,1678,1667,417,488,446,532,691,771,209,243,233,283,359,351,208,245,213,249,332,420,1519,71,1448,시흥대로120길
2017,4,A,골목상권,1000670,1124,580,544,102,135,171,181,226,309,49,74,100,99,122,136,53,61,71,82,104,173,640,0,640,벚꽃로56길
2017,4,A,골목상권,1000669,1594,848,746,201,280,347,274,221,271,96,144,204,153,121,130,105,136,143,121,100,141,792,319,473,범안로17길
2017,4,A,골목상권,1000668,1271,712,559,96,349,429,167,104,126,41,161,273,112,62,63,55,188,156,55,42,63,910,134,776,범안로11길
2017,4,A,골목상권,1000667,3156,1589,1567,356,486,465,504,606,739,171,249,270,257,297,345,185,237,195,247,309,394,1533,55,1478,문성로5길
2017,4,A,골목상권,1000666,669,318,351,85,84,104,125,126,145,42,41,56,62,59,58,43,43,48,63,67,87,311,12,299,독산로85길
2017,4,A,골목상권,1000665,3461,1741,1720,491,485,461,545,686,793,232,256,256,266,367,364,259,229,205,279,319,429,1526,82,1444,독산로78다길
2017,4,A,골목상권,1000664,2698,1372,1326,288,338,323,497,599,653,137,175,176,250,329,305,151,163,147,247,270,348,1454,0,1454,독산로70길
2017,4,A,골목상권,1000663,2491,1273,1218,343,359,312,428,516,533,181,191,175,216,270,240,162,168,137,212,246,293,1105,15,1090,독산로64길
2017,4,A,골목상권,1000662,2412,1204,1208,357,354,347,352,467,535,190,180,176,173,219,266,167,174,171,179,248,269,881,333,548,독산로50길
2017,4,A,골목상권,1000661,2588,1290,1298,385,338,370,418,480,597,195,181,197,208,231,278,190,157,173,210,249,319,1130,36,1094,독산로40길
2017,4,A,골목상권,1000660,1985,1047,938,246,321,331,322,390,375,140,166,195,159,208,179,106,155,136,163,182,196,1008,15,993,독산로108길
2017,4,A,골목상권,1000659,2212,1292,920,127,545,497,316,383,344,58,265,321,217,232,199,69,280,176,99,151,145,1598,12,1586,남부순환로112길
2017,4,A,골목상권,1000658,4425,2247,2178,606,589,518,720,853,1139,309,314,296,365,452,511,297,275,222,355,401,628,2055,24,2031,금하로24길
2017,4,A,골목상권,1000657,2112,1087,1025,302,298,282,393,366,471,149,144,180,193,203,218,153,154,102,200,163,253,1003,0,1003,금하로1길
2017,4,A,골목상권,1000656,1778,864,914,224,248,247,283,315,461,99,116,135,139,158,217,125,132,112,144,157,244,837,29,808,금하로14길
2017,4,A,골목상권,1000655,3259,1867,1392,312,740,859,438,418,492,163,381,556,270,245,252,149,359,303,168,173,240,2069,321,1748,가산로5길
2017,4,A,골목상권,1000654,980,600,380,57,252,316,156,105,94,25,140,214,113,59,49,32,112,102,43,46,45,722,0,722,가산로3길
2017,4,A,골목상권,1000653,1213,622,591,180,196,201,185,190,261,97,97,107,96,101,124,83,99,94,89,89,137,507,190,317,중앙로1길
2017,4,A,골목상권,1000652,1581,788,793,243,220,226,231,277,384,120,122,121,123,127,175,123,98,105,108,150,209,629,119,510,중앙로15길
2017,4,A,골목상권,1000651,959,532,427,62,123,92,131,276,275,34,63,51,85,157,142,28,60,41,46,119,133,572,0,572,우마길
2017,4,A,골목상권,1000650,2215,1129,1086,301,290,311,298,363,652,163,160,177,157,180,292,138,130,134,141,183,360,1084,0,1084,오류로8길
2017,4,A,골목상권,1000649,554,278,276,62,67,67,86,106,166,24,36,31,50,58,79,38,31,36,36,48,87,259,0,259,신도림로13길
2017,4,A,골목상권,1000648,2758,1354,1404,380,425,619,372,398,564,209,195,306,185,183,276,171,230,313,187,215,288,1272,343,929,새말로18길
2017,4,A,골목상권,1000647,1456,750,706,187,177,274,219,232,367,111,82,143,123,119,172,76,95,131,96,113,195,612,63,549,부일로1길
2017,4,A,골목상권,1000646,1585,781,804,243,215,224,274,232,397,119,115,117,137,114,179,124,100,107,137,118,218,691,10,681,부일로15길
2017,4,A,골목상권,1000645,2718,1394,1324,459,408,351,490,454,556,256,220,190,224,238,266,203,188,161,266,216,290,1072,36,1036,부일로11길
2017,4,A,골목상권,1000644,1525,803,722,55,482,530,219,129,110,29,200,301,134,82,57,26,282,229,85,47,53,1239,0,1239,디지털로32길
2017,4,A,골목상권,1000643,4546,2494,2052,177,1590,1713,496,240,330,99,734,1028,334,127,172,78,856,685,162,113,158,3779,100,3679,디지털로32가길
2017,4,A,골목상권,1000642,1367,722,645,169,119,197,228,240,414,84,68,109,131,136,194,85,51,88,97,104,220,699,0,699,디지털로27길
2017,4,A,골목상권,1000641,1589,804,785,192,210,223,237,316,411,92,110,126,135,170,171,100,100,97,102,146,240,769,4,765,도림로6길
2017,4,A,골목상권,1000640,2350,1146,1204,327,290,351,387,402,593,166,155,177,194,196,258,161,135,174,193,206,335,1019,24,995,도림로12길
2017,4,A,골목상권,1000639,1296,608,688,201,143,234,176,173,369,91,66,115,83,69,184,110,77,119,93,104,185,497,454,43,남부순환로97길
2017,4,A,골목상권,1000638,3023,1483,1540,354,375,414,451,577,852,182,200,197,234,280,390,172,175,217,217,297,462,1397,252,1145,구로중앙로8길
2017,4,A,골목상권,1000637,754,376,378,71,67,98,109,139,270,40,34,51,66,66,119,31,33,47,43,73,151,393,0,393,구로중앙로7길
2017,4,A,골목상권,1000636,916,508,408,117,133,131,140,160,235,63,83,82,85,83,112,54,50,49,55,77,123,431,0,431,구로중앙로42길
2017,4,A,골목상권,1000635,1216,610,606,136,176,146,201,246,311,67,102,80,95,124,142,69,74,66,106,122,169,567,43,524,구로중앙로34길
2017,4,A,골목상권,1000634,3336,1647,1689,443,494,594,576,558,671,210,215,310,306,294,312,233,279,284,270,264,359,1669,182,1487,구로중앙로28길
2017,4,A,골목상권,1000633,880,436,444,107,114,105,142,164,248,53,50,60,72,92,109,54,64,45,70,72,139,421,9,412,구로중앙로19길
2017,4,A,골목상권,1000632,6422,3211,3211,797,849,840,992,1195,1749,423,494,433,512,566,783,374,355,407,480,629,966,2794,0,2794,구로동로8길
2017,4,A,골목상권,1000631,2804,1500,1304,329,337,328,459,558,793,188,200,180,264,283,385,141,137,148,195,275,408,1359,4,1355,구로동로7길
2017,4,A,골목상권,1000630,1973,970,1003,269,221,255,349,338,541,137,114,121,180,176,242,132,107,134,169,162,299,904,0,904,구로동로42길
2017,4,A,골목상권,1000629,2571,1332,1239,323,340,321,434,508,645,167,177,174,243,270,301,156,163,147,191,238,344,1210,0,1210,구로동로41길
2017,4,A,골목상권,1000628,2204,1085,1119,289,277,272,336,415,615,140,147,156,167,213,262,149,130,116,169,202,353,1087,19,1068,구로동로38길
2017,4,A,골목상권,1000627,2149,1079,1070,256,247,252,398,385,611,137,122,142,194,212,272,119,125,110,204,173,339,1138,43,1095,구로동로28길
2017,4,A,골목상권,1000626,1019,534,485,111,123,113,142,225,305,59,76,68,66,123,142,52,47,45,76,102,163,522,0,522,구로동로15길
2017,4,A,골목상권,1000625,2024,912,1112,221,514,512,272,210,295,90,176,253,145,104,144,131,338,259,127,106,151,1253,296,957,공원로6가길
2017,4,A,골목상권,1000624,3217,1579,1638,532,437,468,525,577,678,263,217,248,261,277,313,269,220,220,264,300,365,1276,683,593,고척로52길
2017,4,A,골목상권,1000623,4443,2194,2249,666,673,544,758,829,973,326,352,283,367,422,444,340,321,261,391,407,529,1934,39,1895,고척로27다길
2017,4,A,골목상권,1000622,2604,1334,1270,368,359,354,429,457,637,198,194,197,213,242,290,170,165,157,216,215,347,1165,0,1165,고척로27길
2017,4,A,골목상권,1000621,2635,1366,1269,398,330,353,436,454,664,217,182,196,227,243,301,181,148,157,209,211,363,1214,0,1214,고척로21나길
2017,4,A,골목상권,1000620,2100,1050,1050,298,325,298,324,360,495,139,167,154,166,184,240,159,158,144,158,176,255,871,452,419,경인로47길
2017,4,A,골목상권,1000619,3107,1588,1519,366,389,365,470,618,899,193,196,192,262,326,419,173,193,173,208,292,480,1482,0,1482,경인로35길
2017,4,A,골목상권,1000618,2002,1048,954,216,238,244,345,412,547,105,128,142,198,227,248,111,110,102,147,185,299,1072,0,1072,경인로31길
2017,4,A,골목상권,1000617,3649,1847,1802,495,475,588,583,604,904,251,248,307,323,301,417,244,227,281,260,303,487,1605,65,1540,경인로15길
2017,4,A,골목상권,1000616,3121,1527,1594,477,393,532,512,525,682,230,200,284,262,255,296,247,193,248,250,270,386,1340,43,1297,개봉로3길
2017,4,A,골목상권,1000615,2383,1136,1247,417,290,417,390,357,512,203,150,209,190,157,227,214,140,208,200,200,285,989,0,989,개봉로2길
2017,4,A,골목상권,1000614,2276,1097,1179,310,237,405,336,348,640,137,124,201,180,163,292,173,113,204,156,185,348,972,521,451,개봉로23가길
2017,4,A,골목상권,1000613,3697,1784,1913,609,491,616,531,586,864,319,240,281,268,260,416,290,251,335,263,326,448,1347,809,538,개봉로20길
2017,4,A,골목상권,1000612,2232,1125,1107,346,293,367,376,347,503,173,152,212,182,174,232,173,141,155,194,173,271,909,161,748,개봉로1길
2017,4,A,골목상권,1000611,3524,1779,1745,510,488,611,518,577,820,263,262,317,258,284,395,247,226,294,260,293,425,1574,71,1503,개봉로17다길
2017,4,A,골목상권,1000610,5849,2877,2972,927,858,944,934,987,1199,476,435,488,478,463,537,451,423,456,456,524,662,2351,78,2273,개봉로17길
2017,4,A,골목상권,1000609,5282,2613,2669,833,753,810,875,844,1167,449,382,420,430,391,541,384,371,390,445,453,626,2111,37,2074,개봉로11길
2017,4,A,골목상권,1000608,3889,1881,2008,475,775,812,575,577,675,261,286,434,289,294,317,214,489,378,286,283,358,1993,568,1425,화곡로64길
2017,4,A,골목상권,1000607,2333,1133,1200,378,371,380,353,444,407,194,193,175,161,220,190,184,178,205,192,224,217,885,424,461,화곡로59길
2017,4,A,골목상권,1000606,3186,1596,1590,451,481,685,533,467,569,244,218,384,286,206,258,207,263,301,247,261,311,1521,52,1469,화곡로44나길
2017,4,A,골목상권,1000605,4002,1934,2068,425,657,765,540,656,959,226,347,392,250,288,431,199,310,373,290,368,528,1891,23,1868,화곡로31길
2017,4,A,골목상권,1000604,3416,1683,1733,533,462,641,516,532,732,276,233,332,253,251,338,257,229,309,263,281,394,1453,69,1384,화곡로20길
2017,4,A,골목상권,1000603,3286,1595,1691,542,501,479,588,511,665,287,253,237,279,234,305,255,248,242,309,277,360,1331,130,1201,화곡로13길
2017,4,A,골목상권,1000602,3688,1883,1805,498,530,528,538,650,944,262,277,286,293,317,448,236,253,242,245,333,496,1633,21,1612,초원로16길
2017,4,A,골목상권,1000601,4951,2451,2500,944,698,976,884,667,782,505,349,510,451,310,326,439,349,466,433,357,456,2014,39,1975,초록마을로8길
2017,4,A,골목상권,1000600,2519,1287,1232,217,455,651,449,331,416,109,217,372,250,165,174,108,238,279,199,166,242,1528,23,1505,초록마을로3길
2017,4,A,골목상권,1000599,2201,1184,1017,189,386,632,335,321,338,86,191,366,202,175,164,103,195,266,133,146,174,1321,161,1160,월정로20길
2017,4,A,골목상권,1000598,5841,2774,3067,1393,786,793,1219,864,786,653,363,374,586,427,371,740,423,419,633,437,415,2027,674,1353,우장산로6길
2017,4,A,골목상권,1000597,2795,1440,1355,735,327,482,611,329,311,418,156,230,319,176,141,317,171,252,292,153,170,1025,451,574,양천로73가길
2017,4,A,골목상권,1000596,7357,3599,3758,1889,897,1015,1595,1040,921,920,478,459,810,509,423,969,419,556,785,531,498,2334,2231,103,양천로71길
2017,4,A,골목상권,1000595,1104,573,531,153,216,227,142,161,205,88,104,121,77,86,97,65,112,106,65,75,108,476,23,453,양천로49길
2017,4,A,골목상권,1000594,2239,1080,1159,479,248,426,381,315,390,237,132,198,186,157,170,242,116,228,195,158,220,807,255,552,양천로26길
2017,4,A,골목상권,1000593,3832,1947,1885,614,499,672,559,618,870,341,259,343,297,277,430,273,240,329,262,341,440,1571,472,1099,양천로24길
2017,4,A,골목상권,1000592,2889,1428,1461,500,362,459,519,444,605,254,186,246,253,216,273,246,176,213,266,228,332,1150,224,926,양천로24가길
2017,4,A,골목상권,1000591,4408,2175,2233,792,577,664,699,733,943,400,289,351,364,338,433,392,288,313,335,395,510,1594,521,1073,양천로14길
2017,4,A,골목상권,1000590,2440,1265,1175,352,314,447,472,368,487,188,152,241,259,194,231,164,162,206,213,174,256,1147,6,1141,방화대로6라길
2017,4,A,골목상권,1000589,2393,1213,1180,308,357,360,336,431,601,155,173,215,179,207,284,153,184,145,157,224,317,1152,49,1103,방화대로21길
2017,4,A,골목상권,1000588,1534,717,817,204,241,296,195,248,350,98,113,156,96,107,147,106,128,140,99,141,203,663,50,613,등촌로5길
2017,4,A,골목상권,1000587,2773,1343,1430,401,491,719,412,349,401,215,213,384,197,150,184,186,278,335,215,199,217,1264,90,1174,등촌로55길
2017,4,A,골목상권,1000586,2154,1082,1072,364,346,340,309,367,428,185,198,172,150,170,207,179,148,168,159,197,221,783,246,537,등촌로51길
2017,4,A,골목상권,1000585,3287,1690,1597,570,492,600,519,529,577,315,265,338,264,256,252,255,227,262,255,273,325,1299,97,1202,등촌로39길
2017,4,A,골목상권,1000584,3962,1956,2006,567,565,783,636,629,782,298,303,409,306,296,344,269,262,374,330,333,438,1700,27,1673,등촌로13길
2017,4,A,골목상권,1000583,4017,2063,1954,624,539,792,707,616,739,330,261,431,382,326,333,294,278,361,325,290,406,1894,49,1845,남부순환로11길
2017,4,A,골목상권,1000582,4517,2179,2338,854,596,879,784,592,812,448,273,443,400,276,339,406,323,436,384,316,473,1823,28,1795,까치산로4길
2017,4,A,골목상권,1000581,2356,1153,1203,277,347,434,346,384,568,125,177,249,173,175,254,152,170,185,173,209,314,1039,100,939,국회대로7길
2017,4,A,골목상권,1000580,3012,1530,1482,364,509,535,456,443,705,188,261,286,257,207,331,176,248,249,199,236,374,1534,11,1523,공항대로8길
2017,4,A,골목상권,1000579,2036,1018,1018,384,265,408,383,286,310,206,133,205,194,144,136,178,132,203,189,142,174,814,414,400,공항대로61길
2017,4,A,골목상권,1000578,2839,1408,1431,541,379,437,450,475,557,293,193,202,225,232,263,248,186,235,225,243,294,1065,533,532,공항대로59다길
2017,4,A,골목상권,1000577,2139,982,1157,203,440,568,326,281,321,97,168,282,159,136,140,106,272,286,167,145,181,1221,0,1221,공항대로59길
2017,4,A,골목상권,1000576,1466,734,732,233,229,268,207,231,298,129,117,149,96,110,133,104,112,119,111,121,165,653,4,649,공항대로55길
2017,4,A,골목상권,1000575,1114,538,576,238,139,173,230,164,170,108,70,87,112,79,82,130,69,86,118,85,88,417,19,398,공항대로42길
2017,4,A,골목상권,1000574,444,216,228,82,70,98,70,65,59,42,42,48,34,29,21,40,28,50,36,36,38,194,0,194,공항대로38길
2017,4,A,골목상권,1000573,2063,1028,1035,202,325,441,289,330,476,112,169,228,144,154,221,90,156,213,145,176,255,1057,14,1043,곰달래로60길
2017,4,A,골목상권,1000572,3764,1874,1890,668,495,626,689,557,729,355,255,331,333,282,318,313,240,295,356,275,411,1555,96,1459,곰달래로53길
2017,4,A,골목상권,1000571,4238,2060,2178,762,561,775,793,611,736,364,277,406,387,289,337,398,284,369,406,322,399,1714,83,1631,곰달래로47길
2017,4,A,골목상권,1000570,3447,1676,1771,716,414,694,636,429,558,373,199,344,308,195,257,343,215,350,328,234,301,1331,47,1284,곰달래로31길
2017,4,A,골목상권,1000569,3027,1447,1580,433,372,545,509,498,670,212,183,272,275,218,287,221,189,273,234,280,383,1369,30,1339,곰달래로25길
2017,4,A,골목상권,1000568,2441,1235,1206,222,625,462,312,334,486,104,287,269,168,175,232,118,338,193,144,159,254,1414,44,1370,개화동로25길
2017,4,A,골목상권,1000567,3953,1946,2007,485,524,544,589,753,1058,254,280,273,288,372,479,231,244,271,301,381,579,1915,33,1882,개화동로23길
2017,4,A,골목상권,1000566,3350,1655,1695,449,440,638,517,488,818,220,210,335,273,223,394,229,230,303,244,265,424,1503,201,1302,강서로8길
2017,4,A,골목상권,1000565,2909,1444,1465,438,373,603,449,459,587,235,182,324,233,202,268,203,191,279,216,257,319,1273,105,1168,강서로5라길
2017,4,A,골목상권,1000564,2975,1470,1505,277,630,809,410,337,512,141,259,454,220,151,245,136,371,355,190,186,267,1760,346,1414,강서로5나길
2017,4,A,골목상권,1000563,1832,935,897,181,307,410,283,250,401,96,134,218,162,126,199,85,173,192,121,124,202,1020,100,920,강서로5가길
2017,4,A,골목상권,1000562,3813,1802,2011,870,551,492,757,622,521,402,263,249,350,315,223,468,288,243,407,307,298,1350,185,1165,강서로47라길
2017,4,A,골목상권,1000561,4319,2071,2248,942,597,568,859,694,659,434,301,283,409,368,276,508,296,285,450,326,383,1589,543,1046,강서로47길
2017,4,A,골목상권,1000560,2783,1352,1431,450,390,520,450,410,563,226,192,281,224,179,250,224,198,239,226,231,313,1148,157,991,강서로45다길
2017,4,A,골목상권,1000559,1009,494,515,197,135,159,184,143,191,88,62,79,98,64,103,109,73,80,86,79,88,391,136,255,강서로45길
2017,4,A,골목상권,1000558,3847,1860,1987,478,586,698,565,687,833,244,272,367,266,336,375,234,314,331,299,351,458,1763,37,1726,강서로35길
2017,4,A,골목상권,1000557,3275,1588,1687,474,551,804,449,461,536,241,258,424,219,203,243,233,293,380,230,258,293,1487,180,1307,강서로29길
2017,4,A,골목상권,1000556,6906,3349,3557,1061,971,1365,1106,985,1418,543,463,706,549,465,623,518,508,659,557,520,795,2897,109,2788,강서로18길
2017,4,A,골목상권,1000555,3258,1639,1619,373,511,646,474,554,700,198,251,352,251,253,334,175,260,294,223,301,366,1413,138,1275,강서로17가길
2017,4,A,골목상권,1000554,5623,2803,2820,679,807,1111,838,970,1218,329,420,597,432,500,525,350,387,514,406,470,693,2776,177,2599,강서로15길
2017,4,A,골목상권,1000553,3079,1545,1534,463,452,583,465,481,635,247,236,304,246,228,284,216,216,279,219,253,351,1260,48,1212,가로공원로80길
2017,4,A,골목상권,1000552,3223,1565,1658,464,465,628,506,502,658,235,226,326,255,222,301,229,239,302,251,280,357,1404,108,1296,가로공원로76가길
2017,4,A,골목상권,1000551,1634,817,817,240,208,236,246,321,383,128,106,121,118,156,188,112,102,115,128,165,195,736,124,612,화곡로4길
2017,4,A,골목상권,1000550,3523,1759,1764,729,531,547,582,530,604,381,273,271,293,263,278,348,258,276,289,267,326,1318,473,845,화곡로3길
2017,4,A,골목상권,1000549,3552,1751,1801,512,439,513,529,614,945,255,229,292,283,270,422,257,210,221,246,344,523,1479,0,1479,지양로7길
2017,4,A,골목상권,1000548,4189,2106,2083,677,555,629,681,739,908,361,299,326,340,368,412,316,256,303,341,371,496,1655,311,1344,중앙로55길
2017,4,A,골목상권,1000547,4554,2244,2310,831,595,732,726,692,978,401,310,372,359,342,460,430,285,360,367,350,518,1671,496,1175,중앙로51길
2017,4,A,골목상권,1000546,2177,1137,1040,255,275,293,357,453,544,138,154,167,192,231,255,117,121,126,165,222,289,1059,27,1032,중앙로47길
2017,4,A,골목상권,1000545,2098,1027,1071,315,288,309,355,369,462,161,145,164,176,166,215,154,143,145,179,203,247,967,111,856,중앙로45길
2017,4,A,골목상권,1000544,922,453,469,171,106,103,187,136,219,97,48,53,90,70,95,74,58,50,97,66,124,398,11,387,중앙로36길
2017,4,A,골목상권,1000543,1089,537,552,242,151,125,197,172,202,122,79,65,88,98,85,120,72,60,109,74,117,412,70,342,중앙로32길
2017,4,A,골목상권,1000542,2678,1382,1296,330,313,346,465,508,716,181,162,188,254,262,335,149,151,158,211,246,381,1358,42,1316,중앙로25길
2017,4,A,골목상권,1000541,3283,1615,1668,532,425,538,544,515,729,273,222,270,267,245,338,259,203,268,277,270,391,1367,117,1250,은행정로7길
2017,4,A,골목상권,1000540,787,424,363,121,80,104,139,132,211,69,45,59,70,73,108,52,35,45,69,59,103,390,0,390,은행정로5길
2017,4,A,골목상권,1000539,4115,2022,2093,856,452,698,664,619,826,447,233,323,336,305,378,409,219,375,328,314,448,1493,726,767,오목로5길
2017,4,A,골목상권,1000538,3779,1870,1909,783,435,609,638,573,741,403,229,296,326,267,349,380,206,313,312,306,392,1294,686,608,오목로3길
2017,4,A,골목상권,1000537,3617,1788,1829,449,530,593,573,624,848,237,258,324,280,295,394,212,272,269,293,329,454,1617,24,1593,오목로30길
2017,4,A,골목상권,1000536,4542,2279,2263,671,642,884,768,707,870,343,326,462,376,347,425,328,316,422,392,360,445,2077,41,2036,오목로23길
2017,4,A,골목상권,1000535,2040,1039,1001,390,245,341,359,309,396,204,138,173,179,145,200,186,107,168,180,164,196,748,588,160,신월로20길
2017,4,A,골목상권,1000534,5773,2848,2925,1026,770,809,933,1000,1235,546,397,406,455,489,555,480,373,403,478,511,680,2035,680,1355,신월로15길
2017,4,A,골목상권,1000533,2439,1204,1235,466,332,314,450,414,463,257,172,153,206,216,200,209,160,161,244,198,263,981,83,898,신목로6길
2017,4,A,골목상권,1000532,2207,1100,1107,548,310,224,478,379,268,279,171,104,211,208,127,269,139,120,267,171,141,705,250,455,신목로5길
2017,4,A,골목상권,1000531,2114,1024,1090,379,350,204,387,440,354,198,181,98,175,217,155,181,169,106,212,223,199,746,255,491,신목로2길
2017,4,A,골목상권,1000530,1386,676,710,210,197,269,212,201,297,117,101,129,105,100,124,93,96,140,107,101,173,620,26,594,목동중앙서로8가길
2017,4,A,골목상권,1000529,3682,1829,1853,593,574,599,665,598,653,320,305,315,320,288,281,273,269,284,345,310,372,1565,34,1531,목동중앙서로7길
2017,4,A,골목상권,1000528,2164,1009,1155,318,312,398,331,342,463,162,157,191,164,143,192,156,155,207,167,199,271,1000,8,992,목동중앙북로8길
2017,4,A,골목상권,1000527,3354,1651,1703,435,574,828,486,468,563,240,267,422,235,225,262,195,307,406,251,243,301,1576,63,1513,목동중앙북로16길
2017,4,A,골목상권,1000526,2972,1487,1485,557,449,456,500,500,510,331,236,217,237,243,223,226,213,239,263,257,287,1139,77,1062,목동중앙본로7길
2017,4,A,골목상권,1000525,2454,1210,1244,581,342,289,484,405,353,293,187,138,221,218,153,288,155,151,263,187,200,859,86,773,목동중앙로3길
2017,4,A,골목상권,1000524,1098,575,523,173,169,247,174,147,188,105,73,138,88,81,90,68,96,109,86,66,98,535,48,487,목동중앙로13나길
2017,4,A,골목상권,1000523,2710,1371,1339,520,429,402,458,439,462,309,234,188,217,209,214,211,195,214,241,230,248,984,233,751,목동중앙남로3가길
2017,4,A,골목상권,1000522,3502,1671,1831,616,553,569,624,547,593,324,256,264,290,254,283,292,297,305,334,293,310,1376,140,1236,목동로9길
2017,4,A,골목상권,1000521,2349,1094,1255,396,332,401,383,347,490,175,155,196,180,171,217,221,177,205,203,176,273,953,60,893,목동로19길
2017,4,A,골목상권,1000520,975,449,526,231,117,110,228,159,130,107,51,53,101,88,49,124,66,57,127,71,81,369,133,236,목동동로8길
2017,4,A,골목상권,1000519,2306,1100,1206,523,325,261,458,361,378,250,159,125,208,184,174,273,166,136,250,177,204,817,361,456,목동동로12길
2017,4,A,골목상권,1000518,1269,614,655,267,183,152,238,196,233,130,86,81,110,101,106,137,97,71,128,95,127,424,167,257,목동남로4길
2017,4,A,골목상권,1000517,1738,848,890,456,195,220,383,258,226,224,99,108,179,125,113,232,96,112,204,133,113,547,511,36,남부순환로88길
2017,4,A,골목상권,1000516,792,417,375,96,88,111,114,182,201,47,53,69,59,92,97,49,35,42,55,90,104,396,97,299,남부순환로79길
2017,4,A,골목상권,1000515,4861,2432,2429,651,691,612,745,932,1230,319,384,337,371,479,542,332,307,275,374,453,688,2080,0,2080,남부순환로70길
2017,4,A,골목상권,1000514,2170,1092,1078,338,313,323,333,382,481,175,157,189,161,179,231,163,156,134,172,203,250,1004,24,980,남부순환로58길
2017,4,A,골목상권,1000513,2503,1350,1153,283,282,335,416,517,670,142,138,203,250,295,322,141,144,132,166,222,348,1319,16,1303,남부순환로40길
2017,4,A,골목상권,1000512,3817,1890,1927,520,549,602,572,693,881,252,281,339,275,334,409,268,268,263,297,359,472,1634,108,1526,남부순환로33길
2017,4,A,골목상권,1000511,3859,1974,1885,470,563,506,574,790,956,242,285,281,288,417,461,228,278,225,286,373,495,1710,222,1488,곰달래로5길
2017,4,A,골목상권,1000510,3945,2055,1890,570,513,531,679,754,898,296,295,277,363,396,428,274,218,254,316,358,470,1774,371,1403,곰달래로3길
2017,4,A,골목상권,1000509,3816,1949,1867,606,494,580,634,680,822,310,260,306,342,339,392,296,234,274,292,341,430,1568,219,1349,곰달래로2길
2017,4,A,골목상권,1000508,3439,1747,1692,483,428,574,568,602,784,243,218,308,289,311,378,240,210,266,279,291,406,1603,71,1532,곰달래로10길
2017,4,A,골목상권,1000507,2401,1286,1115,284,299,276,411,484,647,137,157,167,236,283,306,147,142,109,175,201,341,1289,0,1289,가로공원로58길
2017,4,A,골목상권,1000506,3499,1689,1810,432,586,471,612,623,775,213,272,268,293,301,342,219,314,203,319,322,433,1571,72,1499,효창원로93길
2017,4,A,골목상권,1000505,2809,1364,1445,656,307,452,617,372,405,321,143,211,320,181,188,335,164,241,297,191,217,1118,1037,81,토정로37길
2017,4,A,골목상권,1000504,1636,728,908,172,289,383,277,202,313,87,125,172,123,87,134,85,164,211,154,115,179,850,29,821,월드컵로8길
2017,4,A,골목상권,1000503,1888,858,1030,251,357,438,275,248,319,121,151,202,124,126,134,130,206,236,151,122,185,938,18,920,월드컵로7길
2017,4,A,골목상권,1000502,3857,1737,2120,505,719,773,680,505,675,248,269,341,337,249,293,257,450,432,343,256,382,2002,140,1862,월드컵로36길
2017,4,A,골목상권,1000501,3152,1522,1630,545,457,571,575,405,599,272,221,277,295,203,254,273,236,294,280,202,345,1306,324,982,월드컵로25길
2017,4,A,골목상권,1000500,1703,789,914,183,314,339,277,223,367,88,146,165,132,112,146,95,168,174,145,111,221,892,0,892,월드컵로19길
2017,4,A,골목상권,1000499,2529,1176,1353,343,424,561,427,335,439,170,192,255,196,173,190,173,232,306,231,162,249,1266,36,1230,월드컵로16길
2017,4,A,골목상권,1000498,2405,1115,1290,294,426,512,375,335,463,154,168,237,196,162,198,140,258,275,179,173,265,1265,21,1244,월드컵로11길
2017,4,A,골목상권,1000497,4164,1919,2245,550,643,740,702,691,838,269,272,321,327,343,387,281,371,419,375,348,451,2001,41,1960,월드컵로10길
2017,4,A,골목상권,1000496,1803,857,946,156,372,444,264,238,329,71,182,233,124,112,135,85,190,211,140,126,194,992,0,992,와우산로3길
2017,4,A,골목상권,1000495,818,394,424,90,150,172,153,98,155,47,71,82,76,47,71,43,79,90,77,51,84,443,47,396,와우산로29길
2017,4,A,골목상권,1000494,511,239,272,39,192,113,56,42,69,17,90,58,20,22,32,22,102,55,36,20,37,338,0,338,와우산로29가길
2017,4,A,골목상권,1000493,1340,640,700,130,224,305,200,200,281,74,101,168,104,82,111,56,123,137,96,118,170,705,59,646,양화진길
2017,4,A,골목상권,1000492,2733,1260,1473,383,489,573,461,323,504,183,211,265,229,153,219,200,278,308,232,170,285,1257,62,1195,양화로1길
2017,4,A,골목상권,1000491,732,316,416,72,139,172,119,82,148,34,51,83,50,40,58,38,88,89,69,42,90,370,0,370,양화로11길
2017,4,A,골목상권,1000490,605,296,309,60,83,67,79,117,199,29,40,37,48,59,83,31,43,30,31,58,116,366,0,366,신촌로30길
2017,4,A,골목상권,1000489,389,211,178,31,41,56,54,81,126,15,20,36,29,50,61,16,21,20,25,31,65,237,0,237,신촌로28가길
2017,4,A,골목상권,1000488,1921,924,997,145,541,410,246,215,364,77,251,207,125,112,152,68,290,203,121,103,212,1254,0,1254,신촌로12길
2017,4,A,골목상권,1000487,2806,1381,1425,352,400,331,438,488,797,178,221,174,220,249,339,174,179,157,218,239,458,1431,86,1345,숭문길
2017,4,A,골목상권,1000486,591,289,302,103,70,129,98,71,120,46,37,70,58,30,48,57,33,59,40,41,72,280,205,75,숭문8길
2017,4,A,골목상권,1000485,1043,477,566,109,209,236,139,131,219,56,86,120,68,59,88,53,123,116,71,72,131,533,0,533,성지3길
2017,4,A,골목상권,1000484,3363,1644,1719,450,535,574,543,532,729,230,254,297,282,254,327,220,281,277,261,278,402,1617,37,1580,성산로4길
2017,4,A,골목상권,1000483,1206,554,652,115,252,308,158,166,207,61,100,143,89,77,84,54,152,165,69,89,123,675,8,667,성미산로32길
2017,4,A,골목상권,1000482,3203,1502,1701,528,481,584,613,420,577,287,223,262,282,193,255,241,258,322,331,227,322,1427,79,1348,성미산로1길
2017,4,A,골목상권,1000481,3755,1799,1956,551,559,725,683,526,711,298,261,346,336,253,305,253,298,379,347,273,406,1678,72,1606,성미산로11길
2017,4,A,골목상권,1000480,1710,825,885,242,250,314,293,243,368,122,120,142,155,122,164,120,130,172,138,121,204,840,261,579,백범로16길
2017,4,A,골목상권,1000479,5569,2714,2855,981,731,1028,1006,759,1064,478,374,483,522,385,472,503,357,545,484,374,592,2344,729,1615,방울내로9안길
2017,4,A,골목상권,1000478,1963,972,991,289,317,306,356,283,412,153,153,165,186,134,181,136,164,141,170,149,231,881,92,789,모래내로7길
2017,4,A,골목상권,1000477,2934,1459,1475,384,556,565,452,388,589,202,251,301,242,210,253,182,305,264,210,178,336,1568,22,1546,매봉산로2길
2017,4,A,골목상권,1000476,4632,2210,2422,677,689,916,760,700,890,347,336,435,380,326,386,330,353,481,380,374,504,2144,121,2023,망원로2길
2017,4,A,골목상권,1000475,2336,1100,1236,367,350,361,425,323,510,178,154,190,211,156,211,189,196,171,214,167,299,991,177,814,망원로11길
2017,4,A,골목상권,1000474,2663,1296,1367,342,365,495,472,378,611,174,161,257,245,192,267,168,204,238,227,186,344,1329,22,1307,만리재옛길
2017,4,A,골목상권,1000473,869,399,470,120,157,173,124,127,168,63,65,90,56,58,67,57,92,83,68,69,101,424,196,228,마포대로4길
2017,4,A,골목상권,1000472,2116,1040,1076,276,335,437,379,311,378,144,148,216,197,162,173,132,187,221,182,149,205,1137,318,819,마포대로20길
2017,4,A,골목상권,1000471,455,215,240,74,50,82,74,63,112,35,21,43,36,35,45,39,29,39,38,28,67,218,42,176,마포대로12길
2017,4,A,골목상권,1000470,1362,639,723,109,295,332,191,158,277,56,130,155,104,80,114,53,165,177,87,78,163,821,0,821,동교로38길
2017,4,A,골목상권,1000469,2549,1166,1383,289,532,609,394,255,470,147,227,281,176,117,218,142,305,328,218,138,252,1381,10,1371,동교로27길
2017,4,A,골목상권,1000468,1329,598,731,133,308,313,184,169,222,63,128,138,90,80,99,70,180,175,94,89,123,703,22,681,동교로25길
2017,4,A,골목상권,1000467,1867,871,996,233,290,406,386,244,308,106,145,191,185,122,122,127,145,215,201,122,186,985,60,925,동교로19길
2017,4,A,골목상권,1000466,1854,866,988,236,317,431,332,234,304,133,135,189,172,108,129,103,182,242,160,126,175,945,40,905,동교로17길
2017,4,A,골목상권,1000465,1379,632,747,162,264,337,202,185,229,82,115,153,100,86,96,80,149,184,102,99,133,707,110,597,독막로8길
2017,4,A,골목상권,1000464,2847,1384,1463,407,404,476,452,435,673,205,202,251,222,214,290,202,202,225,230,221,383,1291,119,1172,독막로32길
2017,4,A,골목상권,1000463,1051,502,549,175,158,198,208,126,186,93,68,97,101,59,84,82,90,101,107,67,102,462,137,325,독막로22길
2017,4,A,골목상권,1000462,1035,466,569,142,200,227,166,122,178,71,74,103,78,68,72,71,126,124,88,54,106,580,148,432,도화길
2017,4,A,골목상권,1000461,3907,1858,2049,648,450,625,664,623,897,324,226,302,331,301,374,324,224,323,333,322,523,1670,1013,657,도화4길
2017,4,A,골목상권,1000460,1536,736,800,106,399,224,209,236,362,42,173,112,105,132,172,64,226,112,104,104,190,1009,0,1009,대흥로28길
2017,4,A,골목상권,1000459,3624,1829,1795,337,786,575,499,548,879,185,405,299,270,302,368,152,381,276,229,246,511,2124,19,2105,대흥로21길
2017,4,A,골목상권,1000458,2054,1078,976,264,482,307,326,291,384,145,286,165,168,152,162,119,196,142,158,139,222,1073,7,1066,광성로6길
2017,4,A,골목상권,1000457,3363,1567,1796,518,428,515,561,484,857,252,215,260,275,222,343,266,213,255,286,262,514,1404,27,1377,홍제내길
2017,4,A,골목상권,1000456,1133,590,543,151,144,152,180,188,318,89,74,81,101,106,139,62,70,71,79,82,179,508,37,471,홍연길
2017,4,A,골목상권,1000455,1627,820,807,199,237,200,264,286,441,109,130,109,129,136,207,90,107,91,135,150,234,753,97,656,통일로39길
2017,4,A,골목상권,1000454,1577,719,858,154,194,176,256,307,490,68,91,93,124,138,205,86,103,83,132,169,285,828,18,810,통일로37길
2017,4,A,골목상권,1000453,299,162,137,28,43,41,39,43,105,16,22,21,23,29,51,12,21,20,16,14,54,193,0,193,통일로11길
2017,4,A,골목상권,1000452,695,387,308,44,117,136,96,126,176,23,62,77,64,78,83,21,55,59,32,48,93,456,101,355,충정로6길
2017,4,A,골목상권,1000451,720,351,369,89,107,136,117,102,169,42,56,60,63,49,81,47,51,76,54,53,88,370,0,370,충정로4길
2017,4,A,골목상권,1000450,3186,1571,1615,452,469,499,492,504,770,233,240,268,254,239,337,219,229,231,238,265,433,1441,23,1418,증가로6길
2017,4,A,골목상권,1000449,5247,2523,2724,767,754,797,813,885,1231,388,378,399,400,426,532,379,376,398,413,459,699,2301,42,2259,증가로23나길
2017,4,A,골목상권,1000448,3545,1762,1783,615,615,460,634,563,658,323,308,243,322,265,301,292,307,217,312,298,357,1465,35,1430,증가로20가길
2017,4,A,골목상권,1000447,3833,1883,1950,432,674,531,607,623,966,213,318,296,301,326,429,219,356,235,306,297,537,2049,18,2031,증가로10길
2017,4,A,골목상권,1000446,3833,1848,1985,521,459,661,625,606,961,257,223,331,325,268,444,264,236,330,300,338,517,1767,0,1767,응암로1길
2017,4,A,골목상권,1000445,3231,1730,1501,296,1230,621,359,265,460,156,724,344,176,126,204,140,506,277,183,139,256,2082,19,2063,연희로10길
2017,4,A,골목상권,1000444,762,408,354,56,129,117,117,148,195,25,72,65,63,86,97,31,57,52,54,62,98,441,0,441,신촌로37길
2017,4,A,골목상권,1000443,3779,1825,1954,572,461,637,566,574,969,272,238,316,295,271,433,300,223,321,271,303,536,1559,274,1285,수색로8길
2017,4,A,골목상권,1000442,2814,1339,1475,343,409,337,416,456,853,173,203,180,209,220,354,170,206,157,207,236,499,1337,0,1337,세무서길
2017,4,A,골목상권,1000441,1521,749,772,176,204,194,262,229,456,92,112,98,140,115,192,84,92,96,122,114,264,731,0,731,세무서2길
2017,4,A,골목상권,1000440,1165,556,609,175,132,134,192,188,344,85,57,63,101,107,143,90,75,71,91,81,201,534,138,396,세검정로1길
2017,4,A,골목상권,1000439,3582,1724,1858,362,535,472,596,624,993,187,268,269,289,313,398,175,267,203,307,311,595,1865,0,1865,북아현로4길
2017,4,A,골목상권,1000438,11074,5349,5725,2553,1318,1823,2045,1481,1854,1261,657,867,1038,712,814,1292,661,956,1007,769,1040,3827,3567,260,모래내로15길
2017,4,A,골목상권,1000437,2376,1150,1226,312,524,335,339,357,509,164,250,172,160,171,233,148,274,163,179,186,276,1250,10,1240,명지대길
2017,4,A,골목상권,1000436,4159,1957,2202,620,574,655,713,585,1012,289,287,340,364,264,413,331,287,315,349,321,599,1972,336,1636,독립문로8길
2017,4,A,골목상권,1000435,2787,1358,1429,395,369,395,480,409,739,196,177,196,262,212,315,199,192,199,218,197,424,1289,0,1289,가재울로6길
2017,4,A,골목상권,1000434,5780,2911,2869,738,931,935,843,1048,1285,392,481,527,438,474,599,346,450,408,405,574,686,2589,64,2525,통일로92길
2017,4,A,골목상권,1000433,1852,882,970,235,290,315,316,266,430,119,131,163,160,121,188,116,159,152,156,145,242,853,16,837,통일로87길
2017,4,A,골목상권,1000432,4520,2169,2351,607,661,748,691,764,1049,302,335,386,332,341,473,305,326,362,359,423,576,2006,57,1949,통일로78길
2017,4,A,골목상권,1000431,1844,873,971,262,252,272,295,303,460,130,118,145,146,136,198,132,134,127,149,167,262,769,0,769,통일로69길
2017,4,A,골목상권,1000430,4307,2080,2227,710,591,711,743,652,900,364,290,332,377,312,405,346,301,379,366,340,495,1691,74,1617,진흥로1길
2017,4,A,골목상권,1000429,5845,2850,2995,781,754,945,951,944,1470,404,382,507,493,445,619,377,372,438,458,499,851,2748,30,2718,진흥로12길
2017,4,A,골목상권,1000428,1035,555,480,164,139,153,153,167,259,94,81,84,94,85,117,70,58,69,59,82,142,434,101,333,증산서길
2017,4,A,골목상권,1000427,2851,1385,1466,438,384,427,468,453,681,207,191,221,232,210,324,231,193,206,236,243,357,1181,41,1140,증산로9길
2017,4,A,골목상권,1000426,2838,1355,1483,384,355,355,466,478,800,183,177,170,237,229,359,201,178,185,229,249,441,1269,180,1089,증산로5길
2017,4,A,골목상권,1000425,5290,2572,2718,791,752,895,861,799,1192,412,382,465,419,367,527,379,370,430,442,432,665,2235,177,2058,증산로21길
2017,4,A,골목상권,1000424,2096,1012,1084,298,288,318,333,322,537,144,143,164,160,160,241,154,145,154,173,162,296,908,74,834,증산로17길
2017,4,A,골목상권,1000423,2597,1293,1304,366,314,363,435,426,693,182,164,193,235,208,311,184,150,170,200,218,382,1176,144,1032,증산로15길
2017,4,A,골목상권,1000422,2018,1037,981,235,264,252,308,418,541,118,144,135,159,219,262,117,120,117,149,199,279,915,0,915,증산로13길
2017,4,A,골목상권,1000421,2806,1349,1457,493,348,459,501,397,608,263,166,227,248,185,260,230,182,232,253,212,348,1160,61,1099,응암로34길
2017,4,A,골목상권,1000420,1795,886,909,221,222,216,277,314,545,119,126,114,150,145,232,102,96,102,127,169,313,858,3,855,응암로22길
2017,4,A,골목상권,1000419,1951,968,983,241,251,257,317,352,533,123,133,132,171,185,224,118,118,125,146,167,309,929,0,929,응암로14길
2017,4,A,골목상권,1000418,1672,823,849,177,223,317,275,256,424,99,100,170,135,131,188,78,123,147,140,125,236,865,9,856,응암로13길
2017,4,A,골목상권,1000417,1528,761,767,184,191,173,229,280,471,100,103,92,120,134,212,84,88,81,109,146,259,724,0,724,응암로12길
2017,4,A,골목상권,1000416,3496,1680,1816,625,473,681,642,429,646,325,228,331,330,198,268,300,245,350,312,231,378,1541,115,1426,은평로8길
2017,4,A,골목상권,1000415,2418,1094,1324,397,318,401,428,349,525,198,140,186,205,147,218,199,178,215,223,202,307,1027,26,1001,은평로3길
2017,4,A,골목상권,1000414,435,213,222,37,64,50,78,88,118,21,35,24,42,42,49,16,29,26,36,46,69,220,5,215,은평로20길
2017,4,A,골목상권,1000413,3253,1538,1715,497,388,513,579,519,757,248,177,256,277,243,337,249,211,257,302,276,420,1395,0,1395,은평로13길
2017,4,A,골목상권,1000412,3037,1490,1547,475,389,434,549,477,713,259,196,229,272,223,311,216,193,205,277,254,402,1275,8,1267,은평로10길
2017,4,A,골목상권,1000411,2753,1306,1447,483,383,452,461,441,533,244,170,228,229,204,231,239,213,224,232,237,302,1086,79,1007,연서로5길
2017,4,A,골목상권,1000410,4012,1952,2060,545,500,537,693,722,1015,263,269,272,359,330,459,282,231,265,334,392,556,1855,6,1849,연서로41길
2017,4,A,골목상권,1000409,3694,1762,1932,660,521,670,605,535,703,335,260,321,298,242,306,325,261,349,307,293,397,1485,47,1438,연서로3길
2017,4,A,골목상권,1000408,2911,1377,1534,398,395,423,453,482,760,196,204,217,230,215,315,202,191,206,223,267,445,1285,0,1285,연서로34길
2017,4,A,골목상권,1000407,2091,1049,1042,223,293,295,297,366,617,118,159,164,152,184,272,105,134,131,145,182,345,985,0,985,연서로33길
2017,4,A,골목상권,1000406,1049,503,546,124,170,212,149,162,232,61,82,109,71,75,105,63,88,103,78,87,127,501,0,501,연서로29길
2017,4,A,골목상권,1000405,3676,1751,1925,445,628,629,572,565,837,209,298,320,277,269,378,236,330,309,295,296,459,1854,26,1828,연서로28길
2017,4,A,골목상권,1000404,3012,1417,1595,387,447,471,500,499,708,200,207,240,243,230,297,187,240,231,257,269,411,1414,18,1396,연서로27길
2017,4,A,골목상권,1000403,4420,2104,2316,760,596,713,807,653,891,381,290,380,371,294,388,379,306,333,436,359,503,1805,34,1771,연서로21길
2017,4,A,골목상권,1000402,2344,1135,1209,337,340,348,398,416,505,160,168,183,197,196,231,177,172,165,201,220,274,1008,18,990,연서로17길
2017,4,A,골목상권,1000401,4676,2228,2448,739,590,697,786,800,1064,376,283,340,389,370,470,363,307,357,397,430,594,1955,40,1915,연서로16길
2017,4,A,골목상권,1000400,3898,1844,2054,636,553,582,699,611,817,312,240,299,332,304,357,324,313,283,367,307,460,1562,44,1518,연서로13길
2017,4,A,골목상권,1000399,3875,1850,2025,726,509,650,665,587,738,356,248,329,317,269,331,370,261,321,348,318,407,1428,77,1351,연서로11길
2017,4,A,골목상권,1000398,5759,2769,2990,849,755,927,977,912,1339,412,363,480,498,437,579,437,392,447,479,475,760,2596,9,2587,역말로9길
2017,4,A,골목상권,1000397,2246,1144,1102,265,296,252,361,423,649,148,162,143,198,227,266,117,134,109,163,196,383,1081,23,1058,수색로18길
2017,4,A,골목상권,1000396,2743,1312,1431,341,374,417,447,451,713,164,185,211,236,217,299,177,189,206,211,234,414,1295,0,1295,서오릉로8길
2017,4,A,골목상권,1000395,3885,1880,2005,628,536,580,619,634,888,313,288,291,295,292,401,315,248,289,324,342,487,1505,258,1247,서오릉로21길
2017,4,A,골목상권,1000394,5189,2538,2651,675,695,790,876,856,1297,341,350,429,456,423,539,334,345,361,420,433,758,2558,47,2511,불광천길
2017,4,A,골목상권,1000393,2691,1308,1383,445,351,382,482,440,591,246,176,182,241,195,268,199,175,200,241,245,323,1083,12,1071,갈현로7길
2017,4,A,골목상권,1000392,3186,1565,1621,421,437,387,511,572,858,237,235,205,251,270,367,184,202,182,260,302,491,1501,0,1501,갈현로41길
2017,4,A,골목상권,1000391,3676,1805,1871,652,566,516,607,610,725,339,293,273,277,288,335,313,273,243,330,322,390,1518,189,1329,갈현로33길
2017,4,A,골목상권,1000390,2446,1182,1264,421,317,393,436,393,486,208,150,212,216,199,197,213,167,181,220,194,289,966,187,779,갈현로1길
2017,4,A,골목상권,1000389,3666,1813,1853,522,512,466,589,641,936,279,263,250,292,309,420,243,249,216,297,332,516,1623,118,1505,가좌로7길
2017,4,A,골목상권,1000388,4061,2001,2060,548,544,481,682,680,1126,268,286,272,343,337,495,280,258,209,339,343,631,1912,30,1882,한글비석로44길
2017,4,A,골목상권,1000387,2412,1232,1180,291,340,297,336,439,709,156,185,176,163,223,329,135,155,121,173,216,380,1136,0,1136,한글비석로24길
2017,4,A,골목상권,1000386,1773,899,874,316,260,197,304,309,387,165,129,102,150,157,196,151,131,95,154,152,191,672,430,242,한글비석로22길
2017,4,A,골목상권,1000385,2595,1317,1278,336,357,332,395,429,746,182,190,171,205,223,346,154,167,161,190,206,400,1144,258,886,석계로1길
2017,4,A,골목상권,1000384,2575,1331,1244,341,349,341,386,441,717,188,195,187,205,227,329,153,154,154,181,214,388,1262,0,1262,상계로9가길
2017,4,A,골목상권,1000383,1230,615,615,223,185,193,223,195,211,115,98,96,106,91,109,108,87,97,117,104,102,453,310,143,상계로1길
2017,4,A,골목상권,1000382,3530,1745,1785,458,609,447,564,605,847,235,309,255,277,293,376,223,300,192,287,312,471,1602,249,1353,상계로12길
2017,4,A,골목상권,1000381,2021,993,1028,297,310,264,273,376,501,150,162,134,134,184,229,147,148,130,139,192,272,853,86,767,동일로242길
2017,4,A,골목상권,1000380,2750,1421,1329,305,772,401,309,416,547,151,409,218,167,212,264,154,363,183,142,204,283,1539,76,1463,동일로192길
2017,4,A,골목상권,1000379,3728,1873,1855,587,542,641,551,589,818,297,275,335,310,271,385,290,267,306,241,318,433,1517,407,1110,동일로173가길
2017,4,A,골목상권,1000378,1506,748,758,288,304,152,229,263,270,155,159,78,100,126,130,133,145,74,129,137,140,620,14,606,공릉로58길
2017,4,A,골목상권,1000377,2229,1079,1150,318,365,302,346,439,459,166,180,149,155,211,218,152,185,153,191,228,241,902,331,571,해등로16길
2017,4,A,골목상권,1000376,2364,1196,1168,361,336,277,381,423,586,192,185,147,180,225,267,169,151,130,201,198,319,1035,27,1008,우이천로4다길
2017,4,A,골목상권,1000375,3112,1497,1615,532,413,438,557,495,677,255,210,223,266,247,296,277,203,215,291,248,381,1247,194,1053,우이천로32길
2017,4,A,골목상권,1000374,3577,1850,1727,420,492,418,571,690,986,230,261,229,305,353,472,190,231,189,266,337,514,1652,0,1652,시루봉로23길
2017,4,A,골목상권,1000373,967,456,511,148,142,130,158,137,252,95,45,65,71,69,111,53,97,65,87,68,141,466,0,466,삼양로144길
2017,4,A,골목상권,1000372,2209,1094,1115,274,322,282,353,443,535,127,173,157,180,221,236,147,149,125,173,222,299,1004,38,966,방학로6가길
2017,4,A,골목상권,1000371,3893,1958,1935,561,526,568,568,657,1013,300,278,311,299,316,454,261,248,257,269,341,559,1709,45,1664,방학로5길
2017,4,A,골목상권,1000370,3905,1936,1969,832,526,452,728,679,688,420,287,227,328,336,338,412,239,225,400,343,350,1245,1116,129,방학로15길
2017,4,A,골목상권,1000369,1934,967,967,281,283,245,331,354,440,142,164,135,159,173,194,139,119,110,172,181,246,800,10,790,방학로10길
2017,4,A,골목상권,1000368,1789,905,884,200,225,234,269,331,530,97,118,126,151,166,247,103,107,108,118,165,283,796,191,605,도봉산길
2017,4,A,골목상권,1000367,374,191,183,24,54,51,46,81,118,13,29,30,29,41,49,11,25,21,17,40,69,205,0,205,도봉산4길
2017,4,A,골목상권,1000366,2042,1022,1020,278,240,272,301,344,607,143,126,159,154,164,276,135,114,113,147,180,331,890,14,876,도봉로181길
2017,4,A,골목상권,1000365,3066,1552,1514,337,336,436,444,556,957,174,176,233,234,280,455,163,160,203,210,276,502,1447,275,1172,도봉로169나길
2017,4,A,골목상권,1000364,1413,760,653,153,175,180,216,274,415,71,98,102,128,155,206,82,77,78,88,119,209,697,0,697,도봉로156길
2017,4,A,골목상권,1000363,706,364,342,68,89,94,75,158,222,33,52,53,41,87,98,35,37,41,34,71,124,370,0,370,도봉로152가길
2017,4,A,골목상권,1000362,3584,1751,1833,458,493,444,556,679,954,233,232,231,298,339,418,225,261,213,258,340,536,1774,0,1774,도봉로147길
2017,4,A,골목상권,1000361,1799,886,913,229,263,232,260,339,476,118,130,121,123,165,229,111,133,111,137,174,247,771,87,684,도봉로143길
2017,4,A,골목상권,1000360,5036,2433,2603,525,774,751,843,902,1241,252,389,400,430,428,534,273,385,351,413,474,707,2550,181,2369,도봉로114길
2017,4,A,골목상권,1000359,2699,1313,1386,391,357,451,419,396,685,198,176,230,216,194,299,193,181,221,203,202,386,1219,103,1116,도봉로109길
2017,4,A,골목상권,1000358,2856,1420,1436,327,384,333,492,487,833,165,188,176,247,253,391,162,196,157,245,234,442,1355,5,1350,도당로29길
2017,4,A,골목상권,1000357,3942,2041,1901,543,515,460,695,672,1057,276,277,243,371,375,499,267,238,217,324,297,558,1814,0,1814,도당로19길
2017,4,A,골목상권,1000356,3551,1832,1719,554,490,484,575,635,813,299,279,275,287,322,370,255,211,209,288,313,443,1515,9,1506,도당로13바길
2017,4,A,골목상권,1000355,1737,899,838,188,246,226,261,359,457,110,130,127,143,179,210,78,116,99,118,180,247,818,0,818,도당로13가길
2017,4,A,골목상권,1000354,2707,1339,1368,408,397,368,421,457,656,213,205,198,207,219,297,195,192,170,214,238,359,1173,0,1173,덕릉로60길
2017,4,A,골목상권,1000353,1920,934,986,284,262,274,304,357,439,156,124,135,143,165,211,128,138,139,161,192,228,753,390,363,노해로63다길
2017,4,A,골목상권,1000352,1812,890,922,184,319,326,262,315,406,99,139,174,145,143,190,85,180,152,117,172,216,924,44,880,노해로60길
2017,4,A,골목상권,1000351,1689,822,867,163,294,298,252,295,387,88,138,160,131,136,169,75,156,138,121,159,218,940,8,932,한천로140길
2017,4,A,골목상권,1000350,1518,702,816,123,273,249,215,239,419,54,126,129,108,104,181,69,147,120,107,135,238,789,0,789,한천로139가길
2017,4,A,골목상권,1000349,1727,868,859,194,270,308,294,272,389,106,131,167,144,130,190,88,139,141,150,142,199,901,0,901,한천로132길
2017,4,A,골목상권,1000348,3125,1554,1571,428,451,433,527,545,741,237,238,214,269,275,321,191,213,219,258,270,420,1479,23,1456,한천로130길
2017,4,A,골목상권,1000347,2121,1045,1076,248,287,317,348,342,579,130,133,169,190,182,241,118,154,148,158,160,338,1114,131,983,한천로124나길
2017,4,A,골목상권,1000346,3053,1483,1570,557,422,412,502,511,649,299,208,191,252,238,295,258,214,221,250,273,354,1073,627,446,한천로109길
2017,4,A,골목상권,1000345,2760,1409,1351,382,341,350,444,502,741,195,182,191,228,258,355,187,159,159,216,244,386,1279,23,1256,인수봉로79길
2017,4,A,골목상권,1000344,4216,2015,2201,608,605,565,602,734,1102,292,312,299,283,337,492,316,293,266,319,397,610,1650,469,1181,인수봉로72길
2017,4,A,골목상권,1000343,1915,909,1006,282,277,236,324,320,476,136,139,122,166,134,212,146,138,114,158,186,264,836,0,836,인수봉로56길
2017,4,A,골목상권,1000342,2065,1014,1051,191,349,392,366,326,441,99,161,200,189,160,205,92,188,192,177,166,236,1147,4,1143,오패산로67길
2017,4,A,골목상권,1000341,3006,1480,1526,381,420,393,475,492,845,210,219,213,247,218,373,171,201,180,228,274,472,1320,0,1320,오패산로52길
2017,4,A,골목상권,1000340,1369,678,691,203,162,196,225,205,378,113,82,101,115,99,168,90,80,95,110,106,210,590,0,590,오패산로30길
2017,4,A,골목상권,1000339,3395,1663,1732,394,591,576,497,524,813,211,276,315,256,243,362,183,315,261,241,281,451,1705,83,1622,수유로12길
2017,4,A,골목상권,1000338,2908,1420,1488,376,418,433,450,534,697,192,199,235,219,249,326,184,219,198,231,285,371,1296,0,1296,솔샘로65길
2017,4,A,골목상권,1000337,2125,1030,1095,298,315,301,363,335,513,156,146,162,178,158,230,142,169,139,185,177,283,1018,0,1018,솔매로50길
2017,4,A,골목상권,1000336,2080,1009,1071,237,326,298,315,372,532,130,145,150,153,190,241,107,181,148,162,182,291,1025,7,1018,솔매로45길
2017,4,A,골목상권,1000335,3348,1620,1728,393,502,454,516,630,853,199,249,256,259,287,370,194,253,198,257,343,483,1581,8,1573,솔매로41길
2017,4,A,골목상권,1000334,3150,1560,1590,482,436,396,507,532,797,258,217,222,249,253,361,224,219,174,258,279,436,1330,0,1330,삼양로93길
2017,4,A,골목상권,1000333,3254,1640,1614,467,430,447,494,559,857,245,245,233,262,267,388,222,185,214,232,292,469,1392,7,1385,삼양로77길
2017,4,A,골목상권,1000332,3785,1845,1940,482,534,565,580,670,954,249,256,295,297,340,408,233,278,270,283,330,546,1741,0,1741,삼양로54길
2017,4,A,골목상권,1000331,4380,2205,2175,519,579,521,676,823,1262,275,296,290,361,433,550,244,283,231,315,390,712,2101,32,2069,삼양로41길
2017,4,A,골목상권,1000330,1347,654,693,305,141,215,300,187,199,150,76,106,152,92,78,155,65,109,148,95,121,502,397,105,삼양로27길
2017,4,A,골목상권,1000329,3424,1705,1719,355,397,426,517,637,1092,178,213,230,268,318,498,177,184,196,249,319,594,1702,243,1459,삼양로24길
2017,4,A,골목상권,1000328,2194,1105,1089,257,342,228,337,428,602,132,196,130,174,210,263,125,146,98,163,218,339,1047,0,1047,삼양로20길
2017,4,A,골목상권,1000327,3829,1869,1960,449,616,672,552,664,876,238,317,359,256,310,389,211,299,313,296,354,487,1712,58,1654,삼각산로28길
2017,4,A,골목상권,1000326,2252,1105,1147,244,381,372,342,392,521,129,208,197,166,185,220,115,173,175,176,207,301,1078,0,1078,도봉로99길
2017,4,A,골목상권,1000325,247,123,124,19,25,41,58,41,63,10,12,23,35,22,21,9,13,18,23,19,42,142,0,142,도봉로8길
2017,4,A,골목상권,1000324,3460,1585,1875,350,676,578,487,548,821,144,254,293,257,267,370,206,422,285,230,281,451,1960,417,1543,도봉로76길
2017,4,A,골목상권,1000323,1633,787,846,199,205,250,216,289,474,102,94,129,110,135,217,97,111,121,106,154,257,806,0,806,도봉로67길
2017,4,A,골목상권,1000322,3368,1620,1748,438,469,537,564,546,814,223,202,286,293,236,380,215,267,251,271,310,434,1591,33,1558,도봉로45길
2017,4,A,골목상권,1000321,3115,1562,1553,367,398,443,493,569,845,197,198,258,250,279,380,170,200,185,243,290,465,1392,48,1344,도봉로18길
2017,4,A,골목상권,1000320,1776,898,878,207,242,242,255,346,484,108,133,137,130,174,216,99,109,105,125,172,268,831,0,831,도봉로13길
2017,4,A,골목상권,1000319,2309,1123,1186,220,457,391,339,348,554,106,213,217,168,167,252,114,244,174,171,181,302,1244,0,1244,덕릉로41길
2017,4,A,골목상권,1000318,2056,1042,1014,309,275,308,338,355,471,167,123,150,197,181,224,142,152,158,141,174,247,874,0,874,덕릉로40길
2017,4,A,골목상권,1000317,2520,1206,1314,312,355,359,366,443,685,165,191,192,167,206,285,147,164,167,199,237,400,1125,0,1125,노해로33길
2017,4,A,골목상권,1000316,1357,640,717,208,180,207,238,223,301,93,87,109,118,96,137,115,93,98,120,127,164,577,0,577,노해로23길
2017,4,A,골목상권,1000315,2665,1321,1344,340,401,390,446,452,636,172,205,212,232,218,282,168,196,178,214,234,354,1194,0,1194,노해로17길
2017,4,A,골목상권,1000314,2109,1083,1026,268,282,321,371,386,481,151,145,164,191,202,230,117,137,157,180,184,251,1054,0,1054,화랑로40길
2017,4,A,골목상권,1000313,3426,1697,1729,430,537,436,561,561,901,233,269,220,301,274,400,197,268,216,260,287,501,1642,0,1642,화랑로32길
2017,4,A,골목상권,1000312,2736,1375,1361,379,314,388,463,446,746,197,159,201,259,231,328,182,155,187,204,215,418,1235,83,1152,화랑로1길
2017,4,A,골목상권,1000311,2405,1215,1190,322,315,299,380,444,645,164,176,155,198,226,296,158,139,144,182,218,349,1032,11,1021,화랑로19길
2017,4,A,골목상권,1000310,1398,706,692,182,275,191,211,237,302,94,142,105,121,118,126,88,133,86,90,119,176,680,0,680,화랑로14길
2017,4,A,골목상권,1000309,1202,535,667,137,307,180,156,170,252,63,103,95,78,86,110,74,204,85,78,84,142,642,43,599,화랑로13길
2017,4,A,골목상권,1000308,1859,932,927,227,299,285,282,329,437,112,152,146,152,160,210,115,147,139,130,169,227,853,1,852,한천로76길
2017,4,A,골목상권,1000307,1444,727,717,318,155,183,303,211,274,144,85,92,154,117,135,174,70,91,149,94,139,539,219,320,한천로101가길
2017,4,A,골목상권,1000306,1270,558,712,142,305,232,183,177,231,69,139,95,83,86,86,73,166,137,100,91,145,726,0,726,창경궁로43길
2017,4,A,골목상권,1000305,2675,1349,1326,325,478,428,425,422,597,169,244,238,220,203,275,156,234,190,205,219,322,1307,0,1307,지봉로20길
2017,4,A,골목상권,1000304,2476,1339,1137,281,698,422,293,274,508,136,431,249,149,139,235,145,267,173,144,135,273,1391,159,1232,종암로5길
2017,4,A,골목상권,1000303,2215,1107,1108,389,275,384,371,318,478,203,147,200,187,158,212,186,128,184,184,160,266,918,453,465,종암로24가길
2017,4,A,골목상권,1000302,1714,834,880,319,248,259,306,253,329,159,124,123,160,123,145,160,124,136,146,130,184,717,303,414,종암로21길
2017,4,A,골목상권,1000301,1767,864,903,258,276,254,293,272,414,129,149,132,142,129,183,129,127,122,151,143,231,754,185,569,종암로19길
2017,4,A,골목상권,1000300,3394,1637,1757,401,460,403,492,578,1060,238,235,205,226,296,437,163,225,198,266,282,623,1769,85,1684,종암로16길
2017,4,A,골목상권,1000299,1781,894,887,214,331,281,218,286,451,105,179,155,120,147,188,109,152,126,98,139,263,915,68,847,정릉로8길
2017,4,A,골목상권,1000298,3624,1791,1833,583,477,500,587,552,925,316,257,271,276,271,400,267,220,229,311,281,525,1518,0,1518,정릉로27길
2017,4,A,골목상권,1000297,1969,965,1004,314,207,271,352,318,507,169,109,125,183,157,222,145,98,146,169,161,285,873,0,873,정릉로26길
2017,4,A,골목상권,1000296,1686,885,801,163,242,201,245,330,505,81,124,109,138,179,254,82,118,92,107,151,251,780,0,780,장위로50길
2017,4,A,골목상권,1000295,2069,957,1112,238,433,277,289,314,518,110,154,150,161,157,225,128,279,127,128,157,293,1064,275,789,장월로1길
2017,4,A,골목상권,1000294,1008,495,513,159,142,182,171,141,213,79,77,84,85,72,98,80,65,98,86,69,115,444,0,444,인촌로6길
2017,4,A,골목상권,1000293,1461,644,817,140,440,245,192,180,264,71,157,113,94,89,120,69,283,132,98,91,144,853,0,853,인촌로5길
2017,4,A,골목상권,1000292,675,387,288,55,247,115,62,78,118,28,133,78,38,46,64,27,114,37,24,32,54,459,0,459,인촌로24길
2017,4,A,골목상권,1000291,1081,549,532,99,537,138,83,76,148,48,279,81,44,36,61,51,258,57,39,40,87,801,0,801,개운사길
2017,4,A,골목상권,1000290,1107,543,564,100,236,185,165,164,257,49,100,100,95,87,112,51,136,85,70,77,145,623,0,623,인촌로1길
2017,4,A,골목상권,1000289,1613,797,816,167,500,243,236,177,290,90,268,113,111,90,125,77,232,130,125,87,165,927,0,927,인촌로17가길
2017,4,A,골목상권,1000288,2995,1442,1553,368,567,419,448,469,724,168,235,224,244,240,331,200,332,195,204,229,393,1415,0,1415,오패산로4길
2017,4,A,골목상권,1000287,3447,1704,1743,472,443,460,489,583,1000,229,239,250,261,272,453,243,204,210,228,311,547,1464,347,1117,오패산로3길
2017,4,A,골목상권,1000286,1724,864,860,182,218,218,260,338,508,97,121,111,142,168,225,85,97,107,118,170,283,847,0,847,오패산로19길
2017,4,A,골목상권,1000285,2214,1102,1112,268,425,384,366,327,444,140,220,205,188,163,186,128,205,179,178,164,258,1113,26,1087,안암로5길
2017,4,A,골목상권,1000284,2954,1319,1635,304,777,558,385,343,587,151,312,264,180,162,250,153,465,294,205,181,337,1688,14,1674,아리랑로4길
2017,4,A,골목상권,1000283,1879,920,959,265,280,265,269,309,491,131,142,142,137,164,204,134,138,123,132,145,287,810,15,795,솔샘로6길
2017,4,A,골목상권,1000282,1624,808,816,278,249,214,304,260,319,148,140,94,147,132,147,130,109,120,157,128,172,636,135,501,성북로8길
2017,4,A,골목상권,1000281,1095,537,558,115,144,129,160,195,352,52,82,73,83,102,145,63,62,56,77,93,207,531,1,530,삼양로8길
2017,4,A,골목상권,1000280,1956,988,968,283,299,272,316,319,467,147,162,150,167,159,203,136,137,122,149,160,264,925,0,925,삼선교로16가길
2017,4,A,골목상권,1000279,2256,1128,1128,254,398,336,346,368,554,133,217,176,180,179,243,121,181,160,166,189,311,1139,0,1139,삼선교로10다길
2017,4,A,골목상권,1000278,2301,1081,1220,293,438,389,330,333,518,151,213,191,160,139,227,142,225,198,170,194,291,1141,0,1141,삼선교로10길
2017,4,A,골목상권,1000277,1265,457,808,100,445,292,135,111,182,42,105,124,60,48,78,58,340,168,75,63,104,854,0,854,보문로32길
2017,4,A,골목상권,1000276,2911,1339,1572,371,623,491,445,387,594,192,272,226,226,180,243,179,351,265,219,207,351,1510,26,1484,보문로31길
2017,4,A,골목상권,1000275,1276,611,665,129,329,217,177,168,256,68,155,118,83,87,100,61,174,99,94,81,156,714,0,714,보문로26길
2017,4,A,골목상권,1000274,2537,1232,1305,283,399,398,444,415,598,151,189,211,212,197,272,132,210,187,232,218,326,1294,0,1294,보문로13길
2017,4,A,골목상권,1000273,3011,1472,1539,470,413,450,502,471,705,239,215,226,265,217,310,231,198,224,237,254,395,1246,0,1246,보국문로16길
2017,4,A,골목상권,1000272,296,138,158,31,43,37,39,53,93,15,23,15,21,27,37,16,20,22,18,26,56,154,0,154,동소문로6길
2017,4,A,골목상권,1000271,403,208,195,37,61,51,65,68,121,21,27,34,34,36,56,16,34,17,31,32,65,224,0,224,동소문로2길
2017,4,A,골목상권,1000270,2238,902,1336,180,624,371,309,244,510,76,196,154,161,101,214,104,428,217,148,143,296,1455,0,1455,동소문로26가길
2017,4,A,골목상권,1000269,1149,499,650,149,269,207,175,136,213,79,94,98,84,61,83,70,175,109,91,75,130,617,0,617,동소문로15길
2017,4,A,골목상권,1000268,2799,1294,1505,459,501,400,443,429,567,241,221,188,196,204,244,218,280,212,247,225,323,1217,432,785,동소문로13길
2017,4,A,골목상권,1000267,1358,690,668,166,184,164,182,268,394,86,95,91,103,140,175,80,89,73,79,128,219,628,0,628,돌곶이로8길
2017,4,A,골목상권,1000266,1987,1015,972,311,255,281,320,342,478,174,131,153,159,175,223,137,124,128,161,167,255,822,0,822,돌곶이로41길
2017,4,A,골목상권,1000265,1660,895,765,187,225,239,277,300,432,103,117,129,171,163,212,84,108,110,106,137,220,762,135,627,돌곶이로28길
2017,4,A,골목상권,1000264,3203,1627,1576,408,420,393,525,590,867,219,221,220,264,313,390,189,199,173,261,277,477,1458,0,1458,돌곶이로27길
2017,4,A,골목상권,1000263,1150,583,567,159,170,175,158,214,274,80,87,100,79,105,132,79,83,75,79,109,142,549,0,549,돌곶이로22길
2017,4,A,골목상권,1000262,1410,701,709,209,182,170,234,256,359,111,82,92,126,129,161,98,100,78,108,127,198,619,0,619,돌곶이로14길
2017,4,A,골목상권,1000261,301,150,151,17,23,35,42,51,133,7,12,18,23,29,61,10,11,17,19,22,72,181,0,181,길음로7길
2017,4,A,골목상권,1000260,2779,1405,1374,352,388,433,482,493,631,189,184,244,253,257,278,163,204,189,229,236,353,1336,129,1207,중랑천로10길
2017,4,A,골목상권,1000259,3357,1749,1608,453,471,453,533,663,784,231,257,250,294,336,381,222,214,203,239,327,403,1517,64,1453,용마산로94길
2017,4,A,골목상권,1000258,2032,1076,956,186,251,256,313,450,576,101,131,153,172,244,275,85,120,103,141,206,301,1174,0,1174,용마산로118길
2017,4,A,골목상권,1000257,2717,1362,1355,374,370,364,400,528,681,183,189,188,197,274,331,191,181,176,203,254,350,1191,183,1008,용마산로112길
2017,4,A,골목상권,1000256,3222,1651,1571,529,451,444,529,581,688,273,236,241,258,319,324,256,215,203,271,262,364,1424,0,1424,용마산로100길
2017,4,A,골목상권,1000255,2615,1279,1336,578,319,414,477,389,438,296,162,206,228,195,192,282,157,208,249,194,246,954,463,491,신내로7가길
2017,4,A,골목상권,1000254,3176,1575,1601,358,494,557,503,520,744,199,241,297,271,232,335,159,253,260,232,288,409,1677,0,1677,사가정로54길
2017,4,A,골목상권,1000253,3288,1623,1665,499,465,490,500,595,739,259,231,244,251,289,349,240,234,246,249,306,390,1383,571,812,사가정로42길
2017,4,A,골목상권,1000252,5388,2656,2732,954,752,820,883,898,1081,486,394,434,448,417,477,468,358,386,435,481,604,2044,466,1578,봉화산로56길
2017,4,A,골목상권,1000251,4594,2425,2169,475,601,695,727,924,1172,255,312,389,397,506,566,220,289,306,330,418,606,2326,0,2326,봉화산로4길
2017,4,A,골목상권,1000250,3152,1596,1556,448,455,548,457,548,696,227,234,300,229,287,319,221,221,248,228,261,377,1447,0,1447,봉화산로30길
2017,4,A,골목상권,1000249,1958,970,988,191,323,374,280,340,450,91,154,199,149,163,214,100,169,175,131,177,236,1003,0,1003,봉우재로33길
2017,4,A,골목상권,1000248,5499,2753,2746,701,809,876,860,988,1265,367,414,487,447,472,566,334,395,389,413,516,699,2627,23,2604,면목로78길
2017,4,A,골목상권,1000247,2893,1476,1417,350,479,388,474,576,626,189,263,210,253,274,287,161,216,178,221,302,339,1342,41,1301,면목로56길
2017,4,A,골목상권,1000246,2019,1015,1004,308,274,312,371,364,390,150,140,163,184,190,188,158,134,149,187,174,202,927,27,900,면목로55길
2017,4,A,골목상권,1000245,2939,1467,1472,309,363,523,514,504,726,175,159,280,287,246,320,134,204,243,227,258,406,1593,0,1593,면목로49길
2017,4,A,골목상권,1000244,3586,1722,1864,450,608,618,564,609,737,225,279,318,290,293,317,225,329,300,274,316,420,1716,6,1710,면목로48길
2017,4,A,골목상권,1000243,1504,769,735,161,228,263,245,246,361,78,118,144,138,130,161,83,110,119,107,116,200,771,0,771,면목로45길
2017,4,A,골목상권,1000242,2756,1376,1380,454,373,381,483,450,615,231,184,198,248,235,280,223,189,183,235,215,335,1234,0,1234,면목로33길
2017,4,A,골목상권,1000241,1892,954,938,257,276,296,308,346,409,139,142,149,172,171,181,118,134,147,136,175,228,871,0,871,면목로21길
2017,4,A,골목상권,1000240,1527,793,734,215,217,179,244,269,403,107,119,104,129,136,198,108,98,75,115,133,205,733,0,733,망우로73길
2017,4,A,골목상권,1000239,2448,1277,1171,327,360,332,386,496,547,169,209,176,202,247,274,158,151,156,184,249,273,1179,23,1156,망우로68길
2017,4,A,골목상권,1000238,3829,1943,1886,498,578,693,590,684,786,265,284,392,285,353,364,233,294,301,305,331,422,1875,20,1855,동일로163길
2017,4,A,골목상권,1000237,2558,1267,1291,274,409,454,398,426,597,135,191,252,227,200,262,139,218,202,171,226,335,1323,0,1323,동일로157길
2017,4,A,골목상권,1000236,2930,1478,1452,457,402,496,460,498,617,257,188,273,240,251,269,200,214,223,220,247,348,1313,80,1233,동일로149길
2017,4,A,골목상권,1000235,2450,1272,1178,331,361,417,342,460,539,182,200,227,188,229,246,149,161,190,154,231,293,1061,16,1045,동일로140길
2017,4,A,골목상권,1000234,2949,1496,1453,272,394,392,470,637,784,136,177,217,250,343,373,136,217,175,220,294,411,1568,0,1568,동일로139길
2017,4,A,골목상권,1000233,1898,978,920,262,283,280,286,374,413,148,151,144,161,188,186,114,132,136,125,186,227,847,163,684,동일로139가길
2017,4,A,골목상권,1000232,3511,1683,1828,493,537,603,491,635,752,230,275,302,251,291,334,263,262,301,240,344,418,1519,0,1519,동일로130길
2017,4,A,골목상권,1000231,2629,1338,1291,293,361,329,405,571,670,165,187,164,209,298,315,128,174,165,196,273,355,1331,0,1331,동일로123길
2017,4,A,골목상권,1000230,4468,2186,2282,445,803,884,646,749,941,240,377,456,340,350,423,205,426,428,306,399,518,2405,9,2396,동일로112길
2017,4,A,골목상권,1000229,3156,1570,1586,511,417,418,561,571,678,231,211,227,295,299,307,280,206,191,266,272,371,1405,150,1255,동일로101길
2017,4,A,골목상권,1000228,5488,2791,2697,722,836,900,802,1022,1206,385,421,508,401,510,566,337,415,392,401,512,640,2470,72,2398,동일로100길
2017,4,A,골목상권,1000227,2245,1119,1126,334,341,337,367,432,434,180,158,187,180,214,200,154,183,150,187,218,234,982,18,964,답십리로75길
2017,4,A,골목상권,1000226,5204,2520,2684,693,799,930,796,783,1203,341,411,446,405,353,564,352,388,484,391,430,639,2389,611,1778,공릉로2길
2017,4,A,골목상권,1000225,1269,634,635,246,171,186,219,206,241,132,93,92,108,101,108,114,78,94,111,105,133,516,37,479,공릉로12가길
2017,4,A,골목상권,1000224,5222,2618,2604,693,826,871,864,960,1008,361,427,461,431,475,463,332,399,410,433,485,545,2352,17,2335,겸재로54길
2017,4,A,골목상권,1000223,4533,2253,2280,564,616,713,799,788,1053,293,296,369,396,398,501,271,320,344,403,390,552,2378,36,2342,겸재로36길
2017,4,A,골목상권,1000222,2354,1195,1159,257,369,391,372,445,520,136,178,198,202,242,239,121,191,193,170,203,281,1220,25,1195,겸재로29길
2017,4,A,골목상권,1000221,3583,1786,1797,356,686,558,552,595,836,177,353,308,293,297,358,179,333,250,259,298,478,1937,0,1937,휘경로3길
2017,4,A,골목상권,1000220,1260,623,637,127,326,198,173,163,273,58,149,122,92,82,120,69,177,76,81,81,153,737,0,737,휘경로2길
2017,4,A,골목상권,1000219,2614,1305,1309,253,327,362,452,448,772,120,180,210,246,229,320,133,147,152,206,219,452,1499,0,1499,휘경로23길
2017,4,A,골목상권,1000218,2080,1076,1004,189,311,289,343,396,552,94,173,152,203,207,247,95,138,137,140,189,305,1108,0,1108,휘경로14길
2017,4,A,골목상권,1000217,2436,1205,1231,454,292,314,458,378,540,235,142,174,220,191,243,219,150,140,238,187,297,940,467,473,한천로46길
2017,4,A,골목상권,1000216,1827,917,910,210,238,216,298,359,506,99,127,113,156,194,228,111,111,103,142,165,278,952,0,952,한천로40길
2017,4,A,골목상권,1000215,794,392,402,122,119,106,138,149,160,59,56,57,69,71,80,63,63,49,69,78,80,347,0,347,한천로33길
2017,4,A,골목상권,1000214,3309,1714,1595,367,435,444,552,659,852,183,228,240,305,358,400,184,207,204,247,301,452,1715,60,1655,한천로14길
2017,4,A,골목상권,1000213,2837,1428,1409,460,442,529,457,411,538,239,227,256,236,198,272,221,215,273,221,213,266,1225,501,724,천호대로97길
2017,4,A,골목상권,1000212,2370,1237,1133,319,370,393,348,432,508,178,197,211,188,211,252,141,173,182,160,221,256,998,93,905,천호대로77길
2017,4,A,골목상권,1000211,2466,1280,1186,230,366,312,326,448,784,119,204,176,189,232,360,111,162,136,137,216,424,1215,10,1205,천호대로45길
2017,4,A,골목상권,1000210,2848,1431,1417,274,576,582,433,427,556,131,258,334,237,224,247,143,318,248,196,203,309,1624,32,1592,천호대로17길
2017,4,A,골목상권,1000209,310,170,140,36,36,26,47,64,101,17,14,9,34,45,51,19,22,17,13,19,50,173,0,173,천호대로12길
2017,4,A,골목상권,1000208,1346,696,650,116,673,176,108,97,176,57,368,88,57,46,80,59,305,88,51,51,96,965,0,965,천장산로7길
2017,4,A,골목상권,1000207,1017,548,469,75,172,176,153,149,292,39,94,107,94,84,130,36,78,69,59,65,162,617,0,617,제기로5길
2017,4,A,골목상권,1000206,3219,1622,1597,310,344,363,442,558,1202,145,192,217,236,289,543,165,152,146,206,269,659,1800,0,1800,제기로21길
2017,4,A,골목상권,1000205,1550,814,736,130,192,168,271,308,481,77,105,93,152,168,219,53,87,75,119,140,262,889,0,889,전농로4길
2017,4,A,골목상권,1000204,1913,956,957,270,273,244,310,332,484,138,134,130,155,183,216,132,139,114,155,149,268,882,0,882,전농로3길
2017,4,A,골목상권,1000203,2213,1109,1104,299,327,256,349,399,583,142,192,142,178,205,250,157,135,114,171,194,333,1067,0,1067,전농로29길
2017,4,A,골목상권,1000202,2299,1148,1151,329,345,424,343,390,468,176,170,212,180,181,229,153,175,212,163,209,239,952,283,669,장한로8길
2017,4,A,골목상권,1000201,2144,1079,1065,323,309,375,321,353,463,167,164,197,166,173,212,156,145,178,155,180,251,917,317,600,장한로5길
2017,4,A,골목상권,1000200,1054,559,495,127,139,167,177,201,243,73,70,100,96,99,121,54,69,67,81,102,122,542,31,511,장한로27길
2017,4,A,골목상권,1000199,1089,552,537,152,145,146,167,186,293,75,75,76,86,101,139,77,70,70,81,85,154,497,0,497,장한로27가길
2017,4,A,골목상권,1000198,2692,1345,1347,508,298,429,489,383,585,272,159,210,246,185,273,236,139,219,243,198,312,1009,271,738,장한로26길
2017,4,A,골목상권,1000197,1217,610,607,162,189,242,182,179,263,81,89,123,101,82,134,81,100,119,81,97,129,580,76,504,장한로26가길
2017,4,A,골목상권,1000196,700,357,343,94,102,123,118,127,136,57,55,64,54,63,64,37,47,59,64,64,72,301,17,284,장한로25길
2017,4,A,골목상권,1000195,1446,726,720,247,179,225,245,205,345,127,98,111,130,105,155,120,81,114,115,100,190,539,240,299,장한로14길
2017,4,A,골목상권,1000194,3552,1811,1741,421,578,501,532,601,919,210,298,297,276,317,413,211,280,204,256,284,506,1742,0,1742,이문로42길
2017,4,A,골목상권,1000193,3523,1798,1725,386,403,517,525,649,1043,187,230,280,303,345,453,199,173,237,222,304,590,1890,298,1592,왕산로43길
2017,4,A,골목상권,1000192,537,269,268,42,62,61,60,90,222,17,33,31,36,47,105,25,29,30,24,43,117,305,0,305,왕산로33길
2017,4,A,골목상권,1000191,1078,557,521,96,168,139,154,197,324,47,83,68,97,106,156,49,85,71,57,91,168,615,0,615,왕산로32길
2017,4,A,골목상권,1000190,1576,811,765,137,198,214,194,285,548,82,100,117,115,153,244,55,98,97,79,132,304,870,0,870,약령시로17길
2017,4,A,골목상권,1000189,2245,1140,1105,372,302,370,395,312,494,195,152,184,211,167,231,177,150,186,184,145,263,1004,117,887,서울시립대로4길
2017,4,A,골목상권,1000188,4422,2240,2182,523,1129,690,499,581,1000,263,612,394,264,274,433,260,517,296,235,307,567,2332,1,2331,서울시립대로29길
2017,4,A,골목상권,1000187,3413,1694,1719,456,525,383,545,672,832,235,263,237,268,329,362,221,262,146,277,343,470,1442,441,1001,서울시립대로16길
2017,4,A,골목상권,1000186,1899,958,941,280,255,297,333,304,430,138,136,149,176,168,191,142,119,148,157,136,239,880,143,737,사가정로2길
2017,4,A,골목상권,1000185,1735,870,865,249,274,265,237,349,361,131,131,156,114,173,165,118,143,109,123,176,196,685,153,532,사가정로23가길
2017,4,A,골목상권,1000184,1996,994,1002,220,248,266,290,399,573,118,135,148,148,191,254,102,113,118,142,208,319,995,145,850,사가정로13길
2017,4,A,골목상권,1000183,2075,1138,937,228,447,318,278,332,472,117,271,203,154,175,218,111,176,115,124,157,254,1083,0,1083,무학로45길
2017,4,A,골목상권,1000182,1236,636,600,169,167,168,179,232,321,92,92,91,96,117,148,77,75,77,83,115,173,572,0,572,무학로16길
2017,4,A,골목상권,1000181,569,303,266,75,72,80,74,97,171,45,41,43,39,51,84,30,31,37,35,46,87,242,108,134,망우로21길
2017,4,A,골목상권,1000180,1477,717,760,190,434,232,187,155,279,86,220,122,97,75,117,104,214,110,90,80,162,840,0,840,망우로18길
2017,4,A,골목상권,1000179,2585,1335,1250,271,771,345,311,341,546,143,426,194,159,159,254,128,345,151,152,182,292,1448,0,1448,망우로18가길
2017,4,A,골목상권,1000178,1248,621,627,183,198,226,205,204,232,95,99,107,108,96,116,88,99,119,97,108,116,562,19,543,답십리로72길
2017,4,A,골목상권,1000177,1910,1001,909,334,232,307,318,302,417,173,140,158,173,153,204,161,92,149,145,149,213,765,239,526,답십리로69길
2017,4,A,골목상권,1000176,3319,1689,1630,420,503,720,546,571,559,229,261,380,274,274,271,191,242,340,272,297,288,1576,77,1499,답십리로68길
2017,4,A,골목상권,1000175,2909,1441,1468,402,389,445,485,540,648,196,198,247,254,254,292,206,191,198,231,286,356,1390,33,1357,답십리로64길
2017,4,A,골목상권,1000174,1438,729,709,186,210,192,225,261,364,88,116,111,117,131,166,98,94,81,108,130,198,645,0,645,답십리로63길
2017,4,A,골목상권,1000173,2043,1037,1006,257,316,254,300,383,533,130,166,135,158,202,246,127,150,119,142,181,287,860,226,634,답십리로60길
2017,4,A,골목상권,1000172,3879,1912,1967,490,511,506,623,698,1051,239,284,257,325,343,464,251,227,249,298,355,587,1777,480,1297,답십리로56길
2017,4,A,골목상권,1000171,2164,1072,1092,298,338,310,332,376,510,170,174,153,157,188,230,128,164,157,175,188,280,1029,79,950,답십리로23길
2017,4,A,골목상권,1000170,247,149,98,37,32,35,41,38,64,23,15,23,26,22,40,14,17,12,15,16,24,117,0,117,난계로30길
2017,4,A,골목상권,1000169,1272,638,634,142,386,182,169,149,244,65,197,102,87,74,113,77,189,80,82,75,131,778,0,778,경희대로4길
2017,4,A,골목상권,1000168,602,295,307,54,228,102,53,59,106,28,106,52,27,32,50,26,122,50,26,27,56,406,0,406,경희대로3길
2017,4,A,골목상권,1000167,3432,1647,1785,523,536,576,550,557,690,270,265,284,258,258,312,253,271,292,292,299,378,1389,21,1368,천호대로129길
2017,4,A,골목상권,1000166,3090,1512,1578,464,499,532,474,557,564,245,260,257,226,271,253,219,239,275,248,286,311,1309,0,1309,천호대로123길
2017,4,A,골목상권,1000165,3601,1731,1870,445,623,769,543,562,659,230,290,372,262,262,315,215,333,397,281,300,344,1734,16,1718,천호대로109길
2017,4,A,골목상권,1000164,4202,2127,2075,673,674,615,695,732,813,344,361,318,357,366,381,329,313,297,338,366,432,1824,165,1659,자양번영로3길
2017,4,A,골목상권,1000163,2789,1352,1437,419,407,453,400,505,605,211,196,223,192,245,285,208,211,230,208,260,320,1177,0,1177,자양로53길
2017,4,A,골목상권,1000162,4697,2294,2403,696,659,773,738,787,1044,370,344,408,353,354,465,326,315,365,385,433,579,1986,41,1945,자양로50길
2017,4,A,골목상권,1000161,2701,1293,1408,353,432,478,426,455,557,191,199,227,216,206,254,162,233,251,210,249,303,1205,0,1205,자양로45길
2017,4,A,골목상권,1000160,3146,1488,1658,424,604,591,550,489,488,222,267,285,264,232,218,202,337,306,286,257,270,1506,102,1404,자양로26길
2017,4,A,골목상권,1000159,1923,906,1017,244,354,317,293,293,422,122,169,134,157,142,182,122,185,183,136,151,240,917,0,917,자양로15길
2017,4,A,골목상권,1000158,3960,1920,2040,440,635,745,623,697,820,215,308,398,304,329,366,225,327,347,319,368,454,2047,0,2047,자양로11길
2017,4,A,골목상권,1000157,3907,1909,1998,670,603,781,603,599,651,342,316,376,287,287,301,328,287,405,316,312,350,1703,88,1615,용마산로3길
2017,4,A,골목상권,1000156,5387,2693,2694,756,877,959,840,966,989,388,447,512,407,475,464,368,430,447,433,491,525,2349,61,2288,용마산로21길
2017,4,A,골목상권,1000155,1758,834,924,285,271,312,284,281,325,150,126,148,127,133,150,135,145,164,157,148,175,715,196,519,아차산로78길
2017,4,A,골목상권,1000154,2961,1432,1529,552,441,473,541,435,519,279,225,227,263,204,234,273,216,246,278,231,285,1257,130,1127,아차산로65길
2017,4,A,골목상권,1000153,2940,1391,1549,293,608,654,417,401,567,156,282,337,208,167,241,137,326,317,209,234,326,1519,0,1519,아차산로55길
2017,4,A,골목상권,1000152,1709,809,900,207,373,390,230,249,260,107,172,175,113,121,121,100,201,215,117,128,139,884,4,880,아차산로51길
2017,4,A,골목상권,1000151,3173,1583,1590,422,601,559,510,477,604,226,293,294,263,239,268,196,308,265,247,238,336,1469,53,1416,아차산로40길
2017,4,A,골목상권,1000150,4168,2097,2071,467,611,744,625,794,927,221,319,408,318,397,434,246,292,336,307,397,493,2089,0,2089,면목로17길
2017,4,A,골목상권,1000149,2984,1495,1489,439,483,499,444,513,606,239,229,272,219,246,290,200,254,227,225,267,316,1310,0,1310,뚝섬로64길
2017,4,A,골목상권,1000148,3578,1715,1863,645,527,633,627,528,618,325,260,310,296,241,283,320,267,323,331,287,335,1440,60,1380,뚝섬로58길
2017,4,A,골목상권,1000147,3643,1786,1857,655,540,673,634,573,568,335,275,334,304,274,264,320,265,339,330,299,304,1463,13,1450,뚝섬로54길
2017,4,A,골목상권,1000146,3497,1705,1792,507,536,644,587,554,669,244,272,312,306,266,305,263,264,332,281,288,364,1593,0,1593,뚝섬로48길
2017,4,A,골목상권,1000145,2974,1514,1460,348,426,495,488,552,665,171,226,280,253,280,304,177,200,215,235,272,361,1465,0,1465,뚝섬로24길
2017,4,A,골목상권,1000144,2126,1023,1103,233,301,367,321,372,532,107,160,179,172,172,233,126,141,188,149,200,299,1072,2,1070,뚝섬로23길
2017,4,A,골목상권,1000143,3076,1473,1603,310,842,621,441,366,496,159,361,321,225,179,228,151,481,300,216,187,268,1820,197,1623,동일로24길
2017,4,A,골목상권,1000142,1971,1009,962,200,346,362,284,366,413,98,179,189,161,195,187,102,167,173,123,171,226,1102,39,1063,동일로18길
2017,4,A,골목상권,1000141,3137,1528,1609,682,455,530,570,497,403,332,230,240,279,248,199,350,225,290,291,249,204,1129,413,716,능동로4길
2017,4,A,골목상권,1000140,3757,1877,1880,410,442,550,564,766,1025,198,230,275,309,390,475,212,212,275,255,376,550,1935,362,1573,능동로3길
2017,4,A,골목상권,1000139,5162,2392,2770,666,931,1242,772,612,939,360,377,562,385,290,418,306,554,680,387,322,521,2641,26,2615,능동로34길
2017,4,A,골목상권,1000138,2065,999,1066,138,682,377,247,241,380,63,293,195,143,139,166,75,389,182,104,102,214,1545,0,1545,능동로19길
2017,4,A,골목상권,1000137,3674,1750,1924,274,1217,809,403,406,565,151,514,420,200,208,257,123,703,389,203,198,308,2407,0,2407,능동로13길
2017,4,A,골목상권,1000136,2138,1068,1070,283,334,351,342,380,448,153,169,180,168,190,208,130,165,171,174,190,240,978,0,978,긴고랑로9길
2017,4,A,골목상권,1000135,4078,2065,2013,434,664,800,623,710,847,244,324,426,331,349,391,190,340,374,292,361,456,2028,32,1996,긴고랑로8길
2017,4,A,골목상권,1000134,4939,2419,2520,731,698,792,886,867,965,381,332,407,448,423,428,350,366,385,438,444,537,2288,55,2233,긴고랑로7길
2017,4,A,골목상권,1000133,4237,2022,2215,596,668,761,663,719,830,304,318,373,314,336,377,292,350,388,349,383,453,2017,10,2007,긴고랑로20길
2017,4,A,골목상권,1000132,4365,2062,2303,635,701,817,715,672,825,284,351,402,349,322,354,351,350,415,366,350,471,1996,0,1996,광나루로52길
2017,4,A,골목상권,1000131,3765,1874,1891,479,631,723,624,536,772,240,319,372,309,287,347,239,312,351,315,249,425,1811,29,1782,광나루로40길
2017,4,A,골목상권,1000130,679,323,356,109,98,97,106,121,148,48,48,53,54,58,62,61,50,44,52,63,86,312,0,312,광나루로37길
2017,4,A,골목상권,1000129,2616,1269,1347,359,394,460,446,410,547,184,196,214,237,208,230,175,198,246,209,202,317,1319,42,1277,광나루로36길
2017,4,A,골목상권,1000128,1259,682,577,102,378,201,168,162,248,53,226,117,99,78,109,49,152,84,69,84,139,781,0,781,광나루로24길
2017,4,A,골목상권,1000127,1696,821,875,131,777,360,151,133,144,60,344,206,74,70,67,71,433,154,77,63,77,1261,1,1260,광나루로12길
2017,4,A,골목상권,1000126,2218,1030,1188,228,301,359,336,410,584,98,141,174,171,209,237,130,160,185,165,201,347,1049,753,296,한림말길
2017,4,A,골목상권,1000125,939,443,496,133,133,182,150,111,230,69,55,88,80,48,103,64,78,94,70,63,127,483,54,429,한림말3길
2017,4,A,골목상권,1000124,2782,1419,1363,371,446,380,451,474,660,190,251,207,225,256,290,181,195,173,226,218,370,1243,0,1243,청계천로10나길
2017,4,A,골목상권,1000123,1964,968,996,210,258,311,341,312,532,116,129,164,182,152,225,94,129,147,159,160,307,984,7,977,장터길
2017,4,A,골목상권,1000122,2860,1478,1382,359,446,402,479,505,669,189,231,222,244,274,318,170,215,180,235,231,351,1310,0,1310,용답중앙길
2017,4,A,골목상권,1000121,3238,1634,1604,389,496,518,513,589,733,189,238,270,286,318,333,200,258,248,227,271,400,1635,0,1635,용답29길
2017,4,A,골목상권,1000120,2088,1088,1000,290,349,352,358,329,410,153,186,187,192,175,195,137,163,165,166,154,215,956,184,772,왕십리로6길
2017,4,A,골목상권,1000119,3290,1580,1710,404,553,532,543,514,744,196,247,275,279,250,333,208,306,257,264,264,411,1554,44,1510,왕십리로31길
2017,4,A,골목상권,1000118,2886,1457,1429,402,521,434,473,471,585,212,272,214,234,258,267,190,249,220,239,213,318,1361,0,1361,왕십리로26길
2017,4,A,골목상권,1000117,2403,1159,1244,319,417,374,388,406,499,152,203,196,192,201,215,167,214,178,196,205,284,1136,8,1128,왕십리로21길
2017,4,A,골목상권,1000116,1918,1004,914,256,316,332,309,322,383,155,152,161,156,172,208,101,164,171,153,150,175,920,79,841,왕십리로14길
2017,4,A,골목상권,1000115,2178,1120,1058,297,383,400,327,381,390,169,180,220,170,202,179,128,203,180,157,179,211,995,11,984,아차산로5길
2017,4,A,골목상권,1000114,406,244,162,12,115,151,66,30,32,5,53,100,47,20,19,7,62,51,19,10,13,350,0,350,아차산로15길
2017,4,A,골목상권,1000113,407,237,170,50,54,68,78,84,73,27,30,32,51,55,42,23,24,36,27,29,31,212,0,212,아차산로11길
2017,4,A,골목상권,1000112,2790,1493,1297,350,456,400,422,562,600,180,242,223,237,313,298,170,214,177,185,249,302,1361,0,1361,송정4가길
2017,4,A,골목상권,1000111,1248,676,572,145,198,187,196,238,284,85,109,99,121,125,137,60,89,88,75,113,147,606,0,606,송정12라길
2017,4,A,골목상권,1000110,387,223,164,49,55,53,81,78,71,22,26,28,52,59,36,27,29,25,29,19,35,213,0,213,성수일로6길
2017,4,A,골목상권,1000109,1323,715,608,120,280,247,188,236,252,64,126,141,108,141,135,56,154,106,80,95,117,762,26,736,성수이로7길
2017,4,A,골목상권,1000108,271,144,127,41,36,23,50,64,57,20,19,15,28,39,23,21,17,8,22,25,34,134,0,134,성수이로18길
2017,4,A,골목상권,1000107,3343,1724,1619,462,546,446,546,700,643,235,300,250,266,390,283,227,246,196,280,310,360,1551,0,1551,성덕정길
2017,4,A,골목상권,1000106,3689,1945,1744,458,532,523,595,722,859,229,292,278,331,424,391,229,240,245,264,298,468,1825,0,1825,성덕정17길
2017,4,A,골목상권,1000105,2228,1120,1108,280,346,399,390,364,449,143,178,200,205,189,205,137,168,199,185,175,244,1132,60,1072,서울숲2길
2017,4,A,골목상권,1000104,1272,634,638,166,227,248,222,191,218,90,106,122,114,97,105,76,121,126,108,94,113,636,0,636,상원길
2017,4,A,골목상권,1000103,2447,1228,1219,359,395,455,389,412,437,188,185,250,206,205,194,171,210,205,183,207,243,1132,447,685,상원12길
2017,4,A,골목상권,1000102,2223,1228,995,198,841,279,219,243,443,97,533,166,117,119,196,101,308,113,102,124,247,1362,0,1362,사근동길
2017,4,A,골목상권,1000101,2350,1167,1183,379,381,343,373,357,517,202,197,175,185,175,233,177,184,168,188,182,284,1008,245,763,무학봉길
2017,4,A,골목상권,1000100,1045,496,549,110,211,149,162,172,241,53,108,70,89,86,90,57,103,79,73,86,151,592,0,592,무학봉28길
2017,4,A,골목상권,1000099,1806,891,915,202,302,299,287,308,408,111,142,140,161,153,184,91,160,159,126,155,224,907,37,870,무학로6길
2017,4,A,골목상권,1000098,2307,1104,1203,280,283,345,414,395,590,134,124,192,208,197,249,146,159,153,206,198,341,1204,100,1104,무수막길
2017,4,A,골목상권,1000097,5968,2862,3106,961,803,1550,946,867,841,491,401,710,470,405,385,470,402,840,476,462,456,2466,99,2367,매봉길
2017,4,A,골목상권,1000096,1197,579,618,100,504,205,106,110,172,53,226,113,47,54,86,47,278,92,59,56,86,809,44,765,마조로1길
2017,4,A,골목상권,1000095,2607,1317,1290,324,390,337,387,455,714,181,190,174,200,242,330,143,200,163,187,213,384,1278,312,966,마조로16길
2017,4,A,골목상권,1000094,993,487,506,184,156,140,166,174,173,94,73,70,81,86,83,90,83,70,85,88,90,370,66,304,마장로39길
2017,4,A,골목상권,1000093,1926,962,964,253,309,322,282,304,456,134,162,168,147,152,199,119,147,154,135,152,257,906,0,906,마장로27길
2017,4,A,골목상권,1000092,1848,912,936,272,285,339,324,290,338,135,124,167,156,169,161,137,161,172,168,121,177,932,87,845,뚝섬로5길
2017,4,A,골목상권,1000091,2974,1590,1384,343,442,412,501,629,647,183,237,220,276,371,303,160,205,192,225,258,344,1520,0,1520,둘레9길
2017,4,A,골목상권,1000090,3522,1750,1772,514,490,477,579,606,856,285,250,265,273,314,363,229,240,212,306,292,493,1457,112,1345,금호산길
2017,4,A,골목상권,1000089,2365,1178,1187,339,350,324,366,382,604,182,195,166,195,180,260,157,155,158,171,202,344,1027,17,1010,금호산2길
2017,4,A,골목상권,1000088,3092,1588,1504,335,510,405,481,588,773,176,279,221,254,303,355,159,231,184,227,285,418,1599,25,1574,고산자로6길
2017,4,A,골목상권,1000087,5653,2741,2912,918,715,939,966,885,1230,488,368,477,473,416,519,430,347,462,493,469,711,2659,88,2571,후암로28길
2017,4,A,골목상권,1000086,2999,1419,1580,439,436,557,475,429,663,217,206,265,242,217,272,222,230,292,233,212,391,1380,82,1298,효창원로39길
2017,4,A,골목상권,1000085,2274,1009,1265,202,263,360,347,377,725,106,136,169,157,157,284,96,127,191,190,220,441,1296,28,1268,회나무로13길
2017,4,A,골목상권,1000084,693,311,382,73,115,160,118,79,148,37,39,79,61,32,63,36,76,81,57,47,85,410,0,410,한남대로20길
2017,4,A,골목상권,1000083,107,79,28,2,11,9,20,29,36,1,4,4,16,28,26,1,7,5,4,1,10,98,0,98,한강대로88길
2017,4,A,골목상권,1000082,766,406,360,61,55,111,103,142,294,35,35,65,65,76,130,26,20,46,38,66,164,442,0,442,한강대로7길
2017,4,A,골목상권,1000081,803,412,391,78,95,129,113,149,239,41,55,65,60,82,109,37,40,64,53,67,130,464,0,464,한강대로62길
2017,4,A,골목상권,1000080,626,295,331,48,73,118,86,77,224,28,35,61,45,48,78,20,38,57,41,29,146,406,0,406,한강대로52길
2017,4,A,골목상권,1000079,1394,677,717,109,230,418,216,176,245,54,93,193,120,89,128,55,137,225,96,87,117,866,0,866,한강대로43길
2017,4,A,골목상권,1000078,497,266,231,41,57,82,77,83,157,25,37,50,43,44,67,16,20,32,34,39,90,272,0,272,한강대로15길
2017,4,A,골목상권,1000077,2749,1481,1268,305,388,408,444,556,648,169,179,201,277,335,320,136,209,207,167,221,328,1613,16,1597,한강대로104길
2017,4,A,골목상권,1000076,2781,1427,1354,342,449,456,456,477,601,184,240,252,238,246,267,158,209,204,218,231,334,1419,0,1419,청파로73길
2017,4,A,골목상권,1000075,4281,2140,2141,567,770,688,720,678,858,297,405,357,365,332,384,270,365,331,355,346,474,1971,47,1924,청파로71길
2017,4,A,골목상권,1000074,3023,1425,1598,398,688,617,459,364,497,207,258,325,230,185,220,191,430,292,229,179,277,1568,26,1542,청파로47나길
2017,4,A,골목상권,1000073,1590,650,940,141,492,284,192,180,301,64,137,137,89,95,128,77,355,147,103,85,173,996,0,996,청파로47길
2017,4,A,골목상권,1000072,2861,1391,1470,347,435,442,459,482,696,178,238,230,235,209,301,169,197,212,224,273,395,1367,0,1367,장문로45길
2017,4,A,골목상권,1000071,2447,1079,1368,157,246,426,416,436,766,76,101,200,217,197,288,81,145,226,199,239,478,1613,43,1570,이태원로54길
2017,4,A,골목상권,1000070,731,353,378,74,107,128,127,97,198,36,54,70,58,47,88,38,53,58,69,50,110,370,0,370,이태원로27길
2017,4,A,골목상권,1000069,2003,949,1054,211,212,257,336,362,625,107,106,133,178,187,238,104,106,124,158,175,387,1012,278,734,이촌로22길
2017,4,A,골목상권,1000068,960,469,491,86,186,150,157,147,234,44,84,78,77,82,104,42,102,72,80,65,130,517,0,517,원효로89길
2017,4,A,골목상권,1000067,2102,1055,1047,246,306,368,334,301,547,126,163,209,181,150,226,120,143,159,153,151,321,1033,0,1033,원효로53길
2017,4,A,골목상권,1000066,1440,679,761,213,165,214,251,203,394,92,86,118,128,89,166,121,79,96,123,114,228,658,0,658,원효로41길
2017,4,A,골목상권,1000065,1985,976,1009,304,316,329,319,307,410,159,155,158,165,162,177,145,161,171,154,145,233,871,73,798,원효로19길
2017,4,A,골목상권,1000064,2421,1198,1223,260,412,391,396,384,578,136,240,214,196,183,229,124,172,177,200,201,349,1289,0,1289,우사단로4길
2017,4,A,골목상권,1000063,1370,702,668,140,183,300,246,186,315,72,99,165,135,92,139,68,84,135,111,94,176,782,50,732,우사단로14길
2017,4,A,골목상권,1000062,2805,1457,1348,281,425,509,455,461,674,156,246,292,256,229,278,125,179,217,199,232,396,1551,0,1551,우사단로10길
2017,4,A,골목상권,1000061,2795,1375,1420,390,375,443,459,416,712,215,184,245,234,202,295,175,191,198,225,214,417,1271,0,1271,신흥로20길
2017,4,A,골목상권,1000060,2307,1110,1197,259,343,398,344,371,592,128,176,212,161,172,261,131,167,186,183,199,331,1137,9,1128,소월로20길
2017,4,A,골목상권,1000059,2669,1273,1396,333,320,364,442,465,745,160,167,193,232,229,292,173,153,171,210,236,453,1289,0,1289,서빙고로71길
2017,4,A,골목상권,1000058,3817,1832,1985,575,579,967,623,479,594,288,238,459,317,232,298,287,341,508,306,247,296,1893,307,1586,백범로90길
2017,4,A,골목상권,1000057,3999,1885,2114,639,606,766,697,532,759,328,263,380,341,250,323,311,343,386,356,282,436,1751,28,1723,백범로79길
2017,4,A,골목상권,1000056,3316,1744,1572,328,460,466,532,563,967,179,244,247,282,315,477,149,216,219,250,248,490,1930,0,1930,두텁바위로1길
2017,4,A,골목상권,1000055,1472,676,796,170,250,281,208,235,328,89,111,140,92,102,142,81,139,141,116,133,186,742,0,742,대사관로34길
2017,4,A,골목상권,1000054,857,430,427,101,145,166,119,110,216,56,84,80,68,56,86,45,61,86,51,54,130,447,0,447,녹사평대로46길
2017,4,A,골목상권,1000053,755,361,394,105,107,135,127,88,193,48,48,73,69,42,81,57,59,62,58,46,112,375,0,375,녹사평대로40나길
2017,4,A,골목상권,1000052,511,262,249,40,82,124,65,78,122,24,44,62,40,35,57,16,38,62,25,43,65,271,0,271,녹사평대로32길
2017,4,A,골목상권,1000051,980,460,520,81,150,201,130,164,254,40,77,107,59,86,91,41,73,94,71,78,163,524,0,524,녹사평대로26길
2017,4,A,골목상권,1000050,448,229,219,66,49,75,82,63,113,34,29,36,46,35,49,32,20,39,36,28,64,206,0,206,녹사평대로11길
2017,4,A,골목상권,1000049,3619,1824,1795,421,559,452,643,673,871,212,291,237,358,359,367,209,268,215,285,314,504,1849,0,1849,퇴계로90길
2017,4,A,골목상권,1000048,1642,841,801,112,160,175,225,274,696,45,75,96,119,146,360,67,85,79,106,128,336,1086,37,1049,퇴계로8길
2017,4,A,골목상권,1000047,1233,629,604,118,184,160,194,203,374,66,97,82,114,99,171,52,87,78,80,104,203,647,0,647,퇴계로56길
2017,4,A,골목상권,1000046,892,446,446,111,171,146,129,120,215,61,82,88,69,55,91,50,89,58,60,65,124,474,116,358,퇴계로46길
2017,4,A,골목상권,1000045,231,111,120,32,23,33,31,38,74,18,14,19,17,12,31,14,9,14,14,26,43,137,0,137,퇴계로18길
2017,4,A,골목상권,1000044,953,459,494,107,115,126,165,143,297,58,61,69,86,67,118,49,54,57,79,76,179,482,172,310,퇴계로12길
2017,4,A,골목상권,1000043,2137,1026,1111,245,308,264,373,401,546,122,145,137,191,214,217,123,163,127,182,187,329,1098,0,1098,청구로1길
2017,4,A,골목상권,1000042,1821,927,894,230,302,299,270,306,414,122,146,162,141,158,198,108,156,137,129,148,216,906,27,879,청구로17길
2017,4,A,골목상권,1000041,1559,770,789,180,278,233,252,244,372,95,152,112,137,117,157,85,126,121,115,127,215,809,0,809,장충단로8길
2017,4,A,골목상권,1000040,100,48,52,32,11,20,24,4,9,19,2,12,11,1,3,13,9,8,13,3,6,39,0,39,삼일대로4길
2017,4,A,골목상권,1000039,308,49,259,6,10,22,81,51,138,3,5,10,9,3,19,3,5,12,72,48,119,51,0,51,명동길
2017,4,A,골목상권,1000038,715,340,375,97,134,124,104,106,150,47,61,62,57,49,64,50,73,62,47,57,86,345,0,345,동호로8길
2017,4,A,골목상권,1000037,2288,1080,1208,325,377,356,395,366,469,163,182,177,190,164,204,162,195,179,205,202,265,1028,17,1011,동호로20길
2017,4,A,골목상권,1000036,2007,982,1025,208,281,274,340,330,574,117,146,135,171,170,243,91,135,139,169,160,331,1010,0,1010,동호로15길
2017,4,A,골목상권,1000035,5001,2454,2547,647,780,849,853,762,1110,346,410,454,410,362,472,301,370,395,443,400,638,2149,165,1984,동호로11길
2017,4,A,골목상권,1000034,2115,1027,1088,232,423,429,323,318,390,129,196,200,156,165,181,103,227,229,167,153,209,1120,20,1100,동호로10길
2017,4,A,골목상권,1000033,892,484,408,58,111,101,132,215,275,23,58,60,74,127,142,35,53,41,58,88,133,561,0,561,다산로39길
2017,4,A,골목상권,1000032,1524,736,788,206,246,243,250,257,322,99,123,117,124,136,137,107,123,126,126,121,185,683,241,442,다산로38길
2017,4,A,골목상권,1000031,2328,1178,1150,273,326,332,398,445,554,149,171,179,213,230,236,124,155,153,185,215,318,1094,183,911,다산로36길
2017,4,A,골목상권,1000030,3858,1984,1874,412,631,535,656,692,932,207,347,308,354,353,415,205,284,227,302,339,517,1966,0,1966,다산로33길
2017,4,A,골목상권,1000029,835,426,409,77,169,182,108,118,181,42,84,96,57,70,77,35,85,86,51,48,104,457,0,457,난계로21길
2017,4,A,골목상권,1000028,3325,1589,1736,303,675,679,523,527,618,146,268,324,274,284,293,157,407,355,249,243,325,1880,60,1820,난계로11길
2017,4,A,골목상권,1000027,703,334,369,125,87,83,148,104,156,64,40,40,63,56,71,61,47,43,85,48,85,318,0,318,필운대로1길
2017,4,A,골목상권,1000026,1899,934,965,317,366,221,246,281,468,189,186,111,109,128,211,128,180,110,137,153,257,877,0,877,평창길
2017,4,A,골목상권,1000025,901,425,476,117,106,114,186,110,268,58,49,57,95,57,109,59,57,57,91,53,159,429,0,429,통일로12길
2017,4,A,골목상권,1000024,2432,1218,1214,324,367,283,427,480,551,164,182,158,216,249,249,160,185,125,211,231,302,1067,65,1002,창신길
2017,4,A,골목상권,1000023,1421,753,668,132,182,134,241,301,431,69,108,74,128,169,205,63,74,60,113,132,226,831,0,831,창신5길
2017,4,A,골목상권,1000022,863,445,418,83,109,103,128,191,249,49,55,60,71,96,114,34,54,43,57,95,135,434,0,434,창신2길
2017,4,A,골목상권,1000021,942,418,524,81,178,125,157,136,265,41,83,57,76,62,99,40,95,68,81,74,166,624,0,624,창경궁로35길
2017,4,A,골목상권,1000020,2468,1238,1230,272,354,320,418,447,657,138,181,174,229,216,300,134,173,146,189,231,357,1231,0,1231,지봉로8길
2017,4,A,골목상권,1000019,3892,1992,1900,379,511,503,653,826,1020,194,256,274,339,439,490,185,255,229,314,387,530,2066,112,1954,종로65길
2017,4,A,골목상권,1000018,444,223,221,23,122,111,58,50,80,7,52,57,38,26,43,16,70,54,20,24,37,341,0,341,종로58가길
2017,4,A,골목상권,1000017,50,37,13,3,1,6,8,9,23,0,1,5,8,7,16,3,0,1,0,2,7,40,0,40,종로24길
2017,4,A,골목상권,1000016,693,315,378,107,86,99,115,95,191,60,45,44,50,38,78,47,41,55,65,57,113,340,0,340,자하문로7길
2017,4,A,골목상권,1000015,1714,848,866,210,361,318,243,251,331,107,166,167,118,135,155,103,195,151,125,116,176,907,0,907,이화장길
2017,4,A,골목상권,1000014,486,271,215,58,72,81,82,80,113,39,45,47,51,40,49,19,27,34,31,40,64,259,0,259,율곡로16길
2017,4,A,골목상권,1000013,299,169,130,20,27,35,60,52,105,11,14,23,41,30,50,9,13,12,19,22,55,182,0,182,율곡로10길
2017,4,A,골목상권,1000012,2470,1105,1365,454,285,425,491,334,481,217,142,189,215,146,196,237,143,236,276,188,285,1035,12,1023,옥인길
2017,4,A,골목상권,1000011,920,476,444,88,129,100,147,183,273,48,76,55,76,105,116,40,53,45,71,78,157,509,0,509,숭인동길
2017,4,A,골목상권,1000010,948,449,499,80,298,159,120,118,173,42,138,85,59,55,70,38,160,74,61,63,103,572,0,572,성균관로5길
2017,4,A,골목상권,1000009,743,337,406,78,77,102,92,128,266,36,32,50,44,58,117,42,45,52,48,70,149,399,0,399,삼청로5길
2017,4,A,골목상권,1000008,727,343,384,109,100,106,127,110,175,63,53,46,64,40,77,46,47,60,63,70,98,341,0,341,북촌로5나길
2017,4,A,골목상권,1000007,474,218,256,68,61,56,70,71,148,41,20,26,38,34,59,27,41,30,32,37,89,218,0,218,북촌로5길
2017,4,A,골목상권,1000006,711,335,376,70,87,82,110,130,232,41,44,43,57,56,94,29,43,39,53,74,138,386,0,386,북촌로11길
2017,4,A,골목상권,1000005,1768,861,907,261,254,261,320,300,372,133,147,127,148,135,171,128,107,134,172,165,201,744,8,736,백석동길
2017,4,A,골목상권,1000004,1471,750,721,145,434,196,173,182,341,73,242,114,92,84,145,72,192,82,81,98,196,853,24,829,명륜길
2017,4,A,골목상권,1000003,1084,610,474,107,146,178,202,184,267,60,85,111,115,114,125,47,61,67,87,70,142,685,9,676,돈화문로11가길
2017,4,A,골목상권,1000002,738,334,404,26,313,226,65,38,70,10,109,112,36,27,40,16,204,114,29,11,30,638,6,632,난계로27길
2017,4,A,골목상권,1000001,1827,853,974,263,215,254,321,282,492,123,97,135,152,135,211,140,118,119,169,147,281,795,0,795,계동길
2017,3,U,관광특구,1001496,20,15,5,5,1,1,4,4,5,4,0,1,3,3,4,1,1,0,1,1,1,13,0,13,강남 마이스 관광특구
2017,3,U,관광특구,1001495,9122,4432,4690,1094,1384,1965,1309,1465,1905,575,638,904,665,697,953,519,746,1061,644,768,952,4582,208,4374,잠실 관광특구
2017,3,U,관광특구,1001494,2765,1723,1042,123,317,286,349,653,1037,63,204,187,227,448,594,60,113,99,122,205,443,1991,280,1711,종로?청계 관광특구
2017,3,U,관광특구,1001493,3010,1486,1524,252,576,624,448,518,592,112,240,321,240,270,303,140,336,303,208,248,289,1734,79,1655,동대문패션타운 관광특구
2017,3,U,관광특구,1001492,1297,495,802,18,76,159,223,283,538,5,40,79,75,119,177,13,36,80,148,164,361,613,1,612,명동 남대문 북창동 다동 무교동 관광특구
2017,3,U,관광특구,1001491,6730,3207,3523,532,892,1277,1050,1098,1881,266,441,658,539,524,779,266,451,619,511,574,1102,4032,27,4005,이태원 관광특구
2017,3,R,전통시장,1001490,3402,1694,1708,517,446,559,521,536,823,294,221,280,276,234,389,223,225,279,245,302,434,1354,217,1137,길동복조리시장
2017,3,R,전통시장,1001489,624,315,309,104,89,80,111,119,121,52,57,34,51,67,54,52,32,46,60,52,67,260,102,158,둔촌역전통시장
2017,3,R,전통시장,1001488,1020,533,487,118,141,171,161,194,235,53,77,100,80,103,120,65,64,71,81,91,115,507,64,443,성내골목시장
2017,3,R,전통시장,1001487,146,76,70,3,8,21,29,36,49,1,4,8,18,24,21,2,4,13,11,12,28,121,0,121,천호시장
2017,3,R,전통시장,1001486,224,107,117,10,11,27,44,49,83,2,3,15,29,25,33,8,8,12,15,24,50,134,0,134,동서울시장
2017,3,R,전통시장,1001485,372,196,176,41,51,53,53,81,93,19,30,27,34,48,38,22,21,26,19,33,55,194,6,188,고분다리골목시장
2017,3,R,전통시장,1001484,751,376,375,134,107,146,130,105,129,60,64,76,69,46,61,74,43,70,61,59,68,283,8,275,양지골목시장
2017,3,R,전통시장,1001483,952,497,455,92,157,200,144,160,199,52,77,117,79,77,95,40,80,83,65,83,104,523,0,523,암사종합시장
2017,3,R,전통시장,1001482,308,156,152,33,29,46,48,64,88,21,20,26,24,32,33,12,9,20,24,32,55,154,0,154,고덕전통시장
2017,3,R,전통시장,1001481,2024,989,1035,441,250,268,383,309,373,215,133,124,196,144,177,226,117,144,187,165,196,689,520,169,명일골목시장
2017,3,R,전통시장,1001480,2342,1149,1193,215,379,472,329,361,586,116,186,223,187,173,264,99,193,249,142,188,322,1234,0,1234,새마을시장
2017,3,R,전통시장,1001479,817,414,403,109,133,121,144,160,150,51,67,59,79,87,71,58,66,62,65,73,79,407,0,407,석촌시장
2017,3,R,전통시장,1001478,5229,2510,2719,711,853,1080,794,839,952,383,393,545,387,371,431,328,460,535,407,468,521,2447,65,2382,방이시장
2017,3,R,전통시장,1001477,1017,528,489,130,128,110,148,215,286,53,84,56,83,115,137,77,44,54,65,100,149,465,0,465,마천시장
2017,3,R,전통시장,1001476,2568,1275,1293,283,334,381,411,447,712,132,179,205,214,216,329,151,155,176,197,231,383,1250,0,1250,풍납시장
2017,3,R,전통시장,1001475,4,2,2,1,0,0,1,1,1,1,0,0,0,1,0,0,0,0,1,0,1,4,0,4,강남개포시장
2017,3,R,전통시장,1001474,235,104,131,64,29,29,60,32,21,35,13,7,24,18,7,29,16,22,36,14,14,87,76,11,도곡시장
2017,3,R,전통시장,1001473,145,69,76,17,18,20,13,24,53,8,8,8,8,10,27,9,10,12,5,14,26,48,48,0,청담삼익시장
2017,3,R,전통시장,1001472,89,35,54,14,3,20,15,7,30,4,1,8,5,3,14,10,2,12,10,4,16,45,0,45,논현종합시장
2017,3,R,전통시장,1001471,1256,578,678,113,234,335,207,161,206,53,104,152,106,69,94,60,130,183,101,92,112,734,0,734,영동전통시장
2017,3,R,전통시장,1001470,294,136,158,45,29,53,52,31,84,23,13,27,22,14,37,22,16,26,30,17,47,112,112,0,강남시장_강남
2017,3,R,전통시장,1001469,83,47,36,8,20,10,14,9,22,5,12,4,6,7,13,3,8,6,8,2,9,50,0,50,양재시장
2017,3,R,전통시장,1001468,186,92,94,39,24,15,36,29,43,24,12,5,18,12,21,15,12,10,18,17,22,75,0,75,남부종합시장
2017,3,R,전통시장,1001467,83,37,46,9,9,19,9,11,26,5,3,8,4,4,13,4,6,11,5,7,13,35,0,35,우림시장
2017,3,R,전통시장,1001466,674,317,357,77,90,77,116,102,212,39,40,36,64,50,88,38,50,41,52,52,124,303,45,258,미성동도깨비시장
2017,3,R,전통시장,1001465,131,61,70,16,9,16,15,17,58,5,5,9,7,14,21,11,4,7,8,3,37,79,0,79,신신림시장
2017,3,R,전통시장,1001464,153,83,70,12,16,13,25,29,58,7,10,8,15,16,27,5,6,5,10,13,31,99,0,99,삼성동시장
2017,3,R,전통시장,1001463,66,38,28,6,20,21,5,5,9,3,11,13,4,1,6,3,9,8,1,4,3,47,0,47,신림중앙시장
2017,3,R,전통시장,1001462,602,305,297,53,129,128,86,87,119,23,63,73,45,49,52,30,66,55,41,38,67,354,0,354,강남골목시장
2017,3,R,전통시장,1001461,3,2,1,0,0,0,2,0,1,0,0,0,1,0,1,0,0,0,1,0,0,1,0,1,신림종합시장
2017,3,R,전통시장,1001460,2216,1129,1087,235,397,368,370,363,483,129,189,210,194,197,210,106,208,158,176,166,273,1243,0,1243,관악신사시장
2017,3,R,전통시장,1001459,419,231,188,43,81,56,60,70,109,25,46,29,35,39,57,18,35,27,25,31,52,255,0,255,신원시장
2017,3,R,전통시장,1001458,1482,727,755,112,286,323,217,208,336,64,123,166,113,113,148,48,163,157,104,95,188,937,0,937,인헌시장
2017,3,R,전통시장,1001457,338,153,185,19,128,96,41,28,26,6,49,43,26,14,15,13,79,53,15,14,11,268,0,268,봉천중앙시장
2017,3,R,전통시장,1001456,12,4,8,1,1,0,2,5,3,1,0,0,1,2,0,0,1,0,1,3,3,8,0,8,봉천현대시장
2017,3,R,전통시장,1001455,115,57,58,1,52,21,5,17,19,0,29,8,2,9,9,1,23,13,3,8,10,82,0,82,봉일시장
2017,3,R,전통시장,1001454,396,184,212,24,94,61,59,66,92,14,31,33,28,38,40,10,63,28,31,28,52,278,0,278,봉천제일종합시장
2017,3,R,전통시장,1001453,659,308,351,44,246,148,75,58,88,20,99,83,43,24,39,24,147,65,32,34,49,454,0,454,낙성대시장
2017,3,R,전통시장,1001452,574,274,300,41,144,120,71,64,134,18,59,63,41,34,59,23,85,57,30,30,75,372,0,372,중부시장
2017,3,R,전통시장,1001451,15,10,5,2,4,0,3,5,1,1,3,0,2,3,1,1,1,0,1,2,0,3,0,3,사당시장
2017,3,R,전통시장,1001450,547,229,318,52,100,98,71,76,150,27,36,41,30,35,60,25,64,57,41,41,90,288,0,288,남성역골목시장
2017,3,R,전통시장,1001449,582,286,296,30,102,106,83,81,180,18,38,54,52,45,79,12,64,52,31,36,101,348,0,348,남성사계시장
2017,3,R,전통시장,1001448,1028,478,550,144,166,133,171,148,266,74,84,67,85,71,97,70,82,66,86,77,169,480,151,329,흑석시장
2017,3,R,전통시장,1001447,1983,963,1020,179,263,304,296,330,611,86,136,170,154,155,262,93,127,134,142,175,349,1087,0,1087,상도4동도깨비골목시장
2017,3,R,전통시장,1001446,140,66,74,10,43,21,14,30,22,5,18,10,6,17,10,5,25,11,8,13,12,80,0,80,성대시장
2017,3,R,전통시장,1001445,63,34,29,1,12,7,10,12,21,0,7,3,8,7,9,1,5,4,2,5,12,41,0,41,영도시장
2017,3,R,전통시장,1001444,1633,790,843,137,307,264,234,235,456,77,151,143,110,122,187,60,156,121,124,113,269,964,22,942,상도전통시장
2017,3,R,전통시장,1001443,143,62,81,11,25,30,16,17,44,7,10,13,8,4,20,4,15,17,8,13,24,81,81,0,강남시장_동작
2017,3,R,전통시장,1001442,23,13,10,2,2,1,5,7,6,1,0,1,2,5,4,1,2,0,3,2,2,14,0,14,신노량진시장
2017,3,R,전통시장,1001441,452,243,209,32,81,81,72,70,116,14,53,49,44,40,43,18,28,32,28,30,73,266,0,266,본동인정시장
2017,3,R,전통시장,1001440,161,100,61,4,67,25,17,16,32,2,43,19,12,11,13,2,24,6,5,5,19,123,0,123,노량진중앙시장
2017,3,R,전통시장,1001439,404,195,209,34,42,39,66,85,138,21,22,22,30,39,61,13,20,17,36,46,77,212,0,212,대림중앙시장
2017,3,R,전통시장,1001438,364,177,187,38,48,40,51,65,122,17,24,20,28,30,58,21,24,20,23,35,64,167,0,167,우리시장
2017,3,R,전통시장,1001437,127,67,60,17,13,16,21,22,38,8,5,10,14,10,20,9,8,6,7,12,18,55,55,0,영진시장A동
2017,3,R,전통시장,1001436,108,48,60,13,12,8,26,14,35,8,6,5,12,4,13,5,6,3,14,10,22,52,0,52,사러가시장
2017,3,R,전통시장,1001435,236,107,129,40,22,29,41,38,66,18,12,12,22,15,28,22,10,17,19,23,38,88,88,0,대신시장
2017,3,R,전통시장,1001433,734,383,351,72,112,149,117,99,185,39,57,92,64,55,76,33,55,57,53,44,109,411,116,295,영일시장
2017,3,R,전통시장,1001432,60,28,32,8,15,4,10,7,16,4,10,3,4,2,5,4,5,1,6,5,11,29,0,29,도림시장
2017,3,R,전통시장,1001431,281,157,124,25,36,31,44,54,91,14,21,19,27,36,40,11,15,12,17,18,51,148,0,148,영등포청과시장
2017,3,R,전통시장,1001430,2274,1371,903,95,290,423,366,430,670,58,128,236,252,317,380,37,162,187,114,113,290,1698,412,1286,영등포전통시장
2017,3,R,전통시장,1001429,422,212,210,62,41,67,71,66,115,36,23,41,33,31,48,26,18,26,38,35,67,179,0,179,은행나무시장
2017,3,R,전통시장,1001428,291,159,132,27,23,28,64,53,96,21,10,18,29,36,45,6,13,10,35,17,51,179,0,179,박미시장
2017,3,R,전통시장,1001427,2994,1420,1574,367,430,411,418,560,808,180,193,205,206,256,380,187,237,206,212,304,428,1430,8,1422,현대시장
2017,3,R,전통시장,1001426,7,5,2,0,1,1,0,2,3,0,1,0,0,2,2,0,0,1,0,0,1,5,0,5,대명시장
2017,3,R,전통시장,1001425,44,25,19,6,1,14,7,3,13,5,0,8,4,1,7,1,1,6,3,2,6,17,0,17,푸른터시장
2017,3,R,전통시장,1001424,1751,875,876,211,225,220,280,411,404,103,107,125,133,231,176,108,118,95,147,180,228,844,19,825,남문시장
2017,3,R,전통시장,1001423,97,49,48,1,35,24,17,11,9,0,10,15,13,7,4,1,25,9,4,4,5,86,0,86,독산동 우시장
2017,3,R,전통시장,1001422,159,87,72,13,15,20,20,32,59,8,10,13,15,18,23,5,5,7,5,14,36,94,0,94,오류시장
2017,3,R,전통시장,1001421,385,180,205,59,65,54,61,66,80,27,31,33,25,28,36,32,34,21,36,38,44,161,0,161,개봉중앙시장
2017,3,R,전통시장,1001420,663,327,336,83,82,84,91,122,201,46,38,50,43,61,89,37,44,34,48,61,112,287,63,224,고척근린시장
2017,3,R,전통시장,1001419,431,149,282,22,40,32,95,106,136,10,24,12,22,36,45,12,16,20,73,70,91,166,0,166,가리봉시장
2017,3,R,전통시장,1001418,717,405,312,76,65,86,129,143,218,32,30,53,82,94,114,44,35,33,47,49,104,418,0,418,남구로시장
2017,3,R,전통시장,1001417,134,73,61,15,11,12,22,32,42,3,6,9,15,21,19,12,5,3,7,11,23,81,0,81,구로시장
2017,3,R,전통시장,1001416,179,72,107,1,91,39,19,15,14,1,26,13,13,12,7,0,65,26,6,3,7,161,0,161,공항시장
2017,3,R,전통시장,1001415,902,452,450,87,104,94,171,186,260,38,51,48,94,97,124,49,53,46,77,89,136,499,95,404,방신전통시장
2017,3,R,전통시장,1001414,528,244,284,86,81,78,94,82,107,45,35,32,38,45,49,41,46,46,56,37,58,237,0,237,송화골목시장
2017,3,R,전통시장,1001413,1093,483,610,144,153,214,167,145,270,73,60,106,81,58,105,71,93,108,86,87,165,525,71,454,까치산시장
2017,3,R,전통시장,1001412,346,148,198,47,48,78,51,39,83,23,17,35,20,18,35,24,31,43,31,21,48,169,0,169,화곡본동시장
2017,3,R,전통시장,1001411,2008,958,1050,245,256,332,293,350,532,126,130,160,153,173,216,119,126,172,140,177,316,909,0,909,남부골목시장
2017,3,R,전통시장,1001409,1080,519,561,185,136,220,155,172,212,77,65,122,81,77,97,108,71,98,74,95,115,453,0,453,화곡중앙골목시장
2017,3,R,전통시장,1001408,86,48,38,18,10,22,12,6,18,10,7,11,7,4,9,8,3,11,5,2,9,40,0,40,신월중앙시장
2017,3,R,전통시장,1001407,3,2,1,0,0,0,1,1,1,0,0,0,1,1,0,0,0,0,0,0,1,3,0,3,등마루시장
2017,3,R,전통시장,1001406,327,187,140,31,32,35,61,65,103,17,17,15,42,47,49,14,15,20,19,18,54,199,0,199,신정3동골목시장
2017,3,R,전통시장,1001405,492,245,247,74,60,75,92,57,134,36,31,41,48,32,57,38,29,34,44,25,77,224,0,224,신정2동골목시장
2017,3,R,전통시장,1001404,180,78,102,24,20,19,20,42,55,7,8,8,11,20,24,17,12,11,9,22,31,88,0,88,신정제일시장
2017,3,R,전통시장,1001403,138,67,71,12,33,11,22,29,31,5,18,4,15,11,14,7,15,7,7,18,17,52,0,52,신월7동골목시장
2017,3,R,전통시장,1001402,172,96,76,16,21,17,28,39,51,11,15,11,14,21,24,5,6,6,14,18,27,85,0,85,신월6동골목시장
2017,3,R,전통시장,1001401,61,27,34,11,5,17,9,4,15,5,2,7,5,3,5,6,3,10,4,1,10,29,22,7,신곡종합시장
2017,3,R,전통시장,1001400,396,217,179,50,38,49,67,82,110,30,17,28,38,52,52,20,21,21,29,30,58,206,0,206,신월3동골목시장
2017,3,R,전통시장,1001399,372,179,193,62,39,48,67,49,107,32,19,23,36,24,45,30,20,25,31,25,62,134,45,89,경창시장
2017,3,R,전통시장,1001398,1696,873,823,222,195,242,275,319,443,118,98,131,141,174,211,104,97,111,134,145,232,782,46,736,월정로시장
2017,3,R,전통시장,1001397,1263,619,644,189,140,166,222,239,307,79,74,78,127,116,145,110,66,88,95,123,162,587,0,587,신영시장
2017,3,R,전통시장,1001396,1151,575,576,176,196,139,190,221,229,96,120,64,85,105,105,80,76,75,105,116,124,447,60,387,목4동시장
2017,3,R,전통시장,1001395,1211,612,599,154,182,256,190,184,245,72,87,154,103,88,108,82,95,102,87,96,137,580,107,473,목3동시장
2017,3,R,전통시장,1001394,1108,551,557,86,149,207,146,193,327,43,63,115,76,99,155,43,86,92,70,94,172,650,27,623,목2동시장
2017,3,R,전통시장,1001392,37,18,19,6,8,8,2,4,9,2,6,2,1,2,5,4,2,6,1,2,4,18,0,18,동진시장
2017,3,R,전통시장,1001391,825,386,439,134,114,145,142,117,173,66,48,70,70,51,81,68,66,75,72,66,92,354,26,328,망원월드컵시장
2017,3,R,전통시장,1001390,2028,965,1063,214,267,404,356,308,479,119,124,194,189,137,202,95,143,210,167,171,277,1057,44,1013,망원시장
2017,3,R,전통시장,1001389,86,37,49,11,13,21,10,9,22,6,4,10,5,4,8,5,9,11,5,5,14,40,40,0,합정시장
2017,3,R,전통시장,1001388,213,92,121,19,29,46,26,36,57,11,13,20,10,12,26,8,16,26,16,24,31,102,5,97,영진시장
2017,3,R,전통시장,1001387,31,23,8,1,6,10,4,4,6,1,4,8,3,4,3,0,2,2,1,0,3,29,0,29,서교시장
2017,3,R,전통시장,1001386,71,36,35,7,9,12,7,13,23,3,6,6,4,7,10,4,3,6,3,6,13,34,10,24,신수시장
2017,3,R,전통시장,1001385,440,205,235,61,57,50,74,57,141,35,26,27,33,28,56,26,31,23,41,29,85,222,0,222,아현시장
2017,3,R,전통시장,1001384,16,7,9,3,1,0,2,3,7,1,1,0,1,2,2,2,0,0,1,1,5,9,0,9,마포시장
2017,3,R,전통시장,1001383,11,7,4,0,2,1,1,6,1,0,1,0,1,4,1,0,1,1,0,2,0,6,0,6,공덕시장
2017,3,R,전통시장,1001382,151,68,83,14,14,28,19,27,49,10,8,9,10,13,18,4,6,19,9,14,31,67,67,0,백련시장
2017,3,R,전통시장,1001381,725,369,356,28,45,54,95,147,356,10,24,32,49,90,164,18,21,22,46,57,192,497,0,497,모래내시장
2017,3,R,전통시장,1001380,502,245,257,60,58,62,85,93,144,29,38,31,39,52,56,31,20,31,46,41,88,241,0,241,포방터시장
2017,3,R,전통시장,1001379,320,162,158,33,38,40,44,62,103,19,15,28,24,33,43,14,23,12,20,29,60,159,47,112,인왕시장
2017,3,R,전통시장,1001378,144,77,67,11,27,21,19,26,40,9,17,12,9,12,18,2,10,9,10,14,22,74,0,74,아현가구거리상점가
2017,3,R,전통시장,1001377,389,200,189,30,49,41,66,74,129,13,27,27,40,38,55,17,22,14,26,36,74,233,0,233,영천시장
2017,3,R,전통시장,1001376,118,54,64,3,12,9,9,26,59,1,5,6,6,11,25,2,7,3,3,15,34,71,0,71,수일시장
2017,3,R,전통시장,1001375,144,66,78,20,21,14,22,29,38,10,9,9,11,9,18,10,12,5,11,20,20,58,0,58,증산종합시장
2017,3,R,전통시장,1001374,638,319,319,88,56,82,94,114,204,51,27,42,50,64,85,37,29,40,44,50,119,307,0,307,대림골목시장
2017,3,R,전통시장,1001373,216,118,98,38,26,40,34,33,45,20,16,27,18,18,19,18,10,13,16,15,26,92,36,56,신응암시장
2017,3,R,전통시장,1001372,28,14,14,6,2,0,6,3,11,3,1,0,2,2,6,3,1,0,4,1,5,13,0,13,녹번시장
2017,3,R,전통시장,1001371,509,243,266,74,61,95,94,72,113,32,31,51,46,35,48,42,30,44,48,37,65,252,25,227,대조시장
2017,3,R,전통시장,1001370,10,7,3,0,0,0,2,6,2,0,0,0,0,6,1,0,0,0,2,0,1,10,0,10,역촌중앙시장
2017,3,R,전통시장,1001369,66,35,31,8,15,10,4,15,14,3,11,4,4,5,8,5,4,6,0,10,6,27,0,27,갈현시장
2017,3,R,전통시장,1001368,269,126,143,21,32,39,30,53,94,10,11,23,17,26,39,11,21,16,13,27,55,136,0,136,연서시장
2017,3,R,전통시장,1001367,1905,908,997,230,303,205,305,373,489,115,144,110,149,173,217,115,159,95,156,200,272,855,129,726,상계중앙시장
2017,3,R,전통시장,1001365,1457,726,731,179,277,276,183,239,303,82,134,147,94,125,144,97,143,129,89,114,159,678,40,638,공릉동도깨비시장
2017,3,R,전통시장,1001364,1062,526,536,126,158,105,183,202,288,64,97,57,93,92,123,62,61,48,90,110,165,488,0,488,방학동도깨비시장
2017,3,R,전통시장,1001363,751,380,371,69,96,135,109,110,232,37,53,75,54,52,109,32,43,60,55,58,123,371,8,363,쌍문역골목시장
2017,3,R,전통시장,1001362,338,161,177,43,47,43,58,53,94,22,23,20,29,30,37,21,24,23,29,23,57,152,0,152,백운시장
2017,3,R,전통시장,1001361,189,99,90,18,37,21,25,41,47,5,21,14,9,24,26,13,16,7,16,17,21,84,0,84,신도봉시장
2017,3,R,전통시장,1001360,1301,656,645,161,159,179,202,221,379,83,85,94,106,121,167,78,74,85,96,100,212,619,9,610,창동골목시장
2017,3,R,전통시장,1001359,2299,1109,1190,324,351,335,397,409,483,153,179,161,197,195,224,171,172,174,200,214,259,952,25,927,창동신창시장
2017,3,R,전통시장,1001358,66,34,32,4,5,11,8,7,31,3,3,6,6,3,13,1,2,5,2,4,18,29,0,29,수유북부시장
2017,3,R,전통시장,1001357,1357,655,702,204,184,223,182,217,347,110,96,124,79,102,144,94,88,99,103,115,203,595,20,575,장미원골목시장
2017,3,R,전통시장,1001356,41,27,14,3,8,4,5,12,9,3,6,3,5,7,3,0,2,1,0,5,6,18,0,18,수유중앙시장
2017,3,R,전통시장,1001355,738,375,363,65,116,87,114,149,207,34,43,48,64,86,100,31,73,39,50,63,107,418,13,405,강북종합시장
2017,3,R,전통시장,1001354,1632,815,817,245,211,210,280,277,409,130,116,117,136,147,169,115,95,93,144,130,240,705,0,705,우이시장
2017,3,R,전통시장,1001353,620,297,323,65,94,96,85,116,164,33,45,45,43,53,78,32,49,51,42,63,86,305,86,219,수유전통시장
2017,3,R,전통시장,1001352,1097,533,564,167,141,184,210,146,249,81,66,93,110,70,113,86,75,91,100,76,136,479,0,479,번동북부골목시장
2017,3,R,전통시장,1001351,149,74,75,17,22,15,21,28,46,9,12,7,13,14,19,8,10,8,8,14,27,73,0,73,솔샘시장
2017,3,R,전통시장,1001350,246,130,116,20,27,36,43,51,69,11,11,20,24,33,31,9,16,16,19,18,38,145,0,145,숭인시장
2017,3,R,전통시장,1001349,1542,753,789,159,241,210,257,275,400,86,115,113,131,131,177,73,126,97,126,144,223,829,0,829,방천골목시장
2017,3,R,전통시장,1001348,37,19,18,5,3,6,2,3,18,1,1,4,1,2,10,4,2,2,1,1,8,17,0,17,동북시장
2017,3,R,전통시장,1001347,1936,984,952,225,264,241,333,345,528,117,141,129,185,175,237,108,123,112,148,170,291,905,0,905,석관황금시장
2017,3,R,전통시장,1001346,167,100,67,19,23,15,33,36,41,14,14,10,23,21,18,5,9,5,10,15,23,88,0,88,석관시장
2017,3,R,전통시장,1001345,94,48,46,7,13,13,9,19,33,5,5,7,8,11,12,2,8,6,1,8,21,49,44,5,새석관시장
2017,3,R,전통시장,1001344,32,18,14,7,3,3,5,6,8,5,1,2,2,3,5,2,2,1,3,3,3,13,0,13,번동시장
2017,3,R,전통시장,1001343,1575,781,794,225,196,193,245,278,438,123,101,104,134,127,192,102,95,89,111,151,246,658,17,641,장위전통시장
2017,3,R,전통시장,1001342,246,119,127,39,19,33,43,41,71,19,12,20,20,19,29,20,7,13,23,22,42,114,0,114,밤나무골시장
2017,3,R,전통시장,1001341,11,10,1,0,2,1,5,2,1,0,2,1,5,1,1,0,0,0,0,1,0,11,0,11,길음시장
2017,3,R,전통시장,1001340,1330,675,655,171,234,195,187,201,342,96,128,110,95,98,148,75,106,85,92,103,194,589,0,589,정릉시장
2017,3,R,전통시장,1001339,1077,518,559,194,133,161,209,164,216,100,66,83,109,72,88,94,67,78,100,92,128,426,197,229,정릉아리랑시장
2017,3,R,전통시장,1001338,239,110,129,22,40,46,17,33,81,9,22,25,12,15,27,13,18,21,5,18,54,125,0,125,돈암제일시장
2017,3,R,전통시장,1001337,148,74,74,31,20,21,28,16,32,17,13,9,12,8,15,14,7,12,16,8,17,60,0,60,유영시장
2017,3,R,전통시장,1001336,2140,1108,1032,248,257,285,327,435,588,127,142,165,178,224,272,121,115,120,149,211,316,1056,40,1016,우림골목시장
2017,3,R,전통시장,1001335,1175,590,585,183,144,203,192,165,288,94,80,94,105,72,145,89,64,109,87,93,143,482,89,393,묵1동도깨비시장
2017,3,R,전통시장,1001334,963,479,484,134,123,134,141,206,225,60,62,78,69,102,108,74,61,56,72,104,117,436,0,436,태능시장
2017,3,R,전통시장,1001333,1850,929,921,244,257,250,316,337,446,124,132,140,160,162,211,120,125,110,156,175,235,869,0,869,중화제일시장
2017,3,R,전통시장,1001332,1957,977,980,198,318,280,279,353,529,102,166,159,132,174,244,96,152,121,147,179,285,980,0,980,사가정시장
2017,3,R,전통시장,1001331,1380,714,666,166,192,188,253,233,348,96,97,109,137,116,159,70,95,79,116,117,189,673,0,673,면목골목시장
2017,3,R,전통시장,1001330,2165,1078,1087,258,302,311,307,418,569,133,153,165,165,211,251,125,149,146,142,207,318,1038,0,1038,동원시장
2017,3,R,전통시장,1001329,1602,816,786,161,292,346,221,261,321,77,141,179,121,148,150,84,151,167,100,113,171,915,0,915,동부골목시장
2017,3,R,전통시장,1001328,65,29,36,10,5,5,14,13,18,2,3,2,7,8,7,8,2,3,7,5,11,28,0,28,이문제일시장
2017,3,R,전통시장,1001327,256,130,126,25,32,31,31,53,84,16,17,13,18,31,35,9,15,18,13,22,49,121,0,121,이경시장
2017,3,R,전통시장,1001326,1173,509,664,78,443,186,130,120,216,32,175,96,55,57,94,46,268,90,75,63,122,859,24,835,회기시장
2017,3,R,전통시장,1001325,54,37,17,0,0,4,10,19,21,0,0,3,7,15,12,0,0,1,3,4,9,50,0,50,청량리청과물시장
2017,3,R,전통시장,1001324,222,110,112,32,25,24,45,38,58,17,12,14,21,18,28,15,13,10,24,20,30,105,0,105,전곡시장
2017,3,R,전통시장,1001323,470,218,252,73,67,60,81,77,112,30,31,29,40,39,49,43,36,31,41,38,63,212,0,212,답십리시장
2017,3,R,전통시장,1001321,340,172,168,32,35,39,49,58,127,18,14,27,29,30,54,14,21,12,20,28,73,176,0,176,답십리현대시장
2017,3,R,전통시장,1001320,89,54,35,4,11,7,15,19,33,3,9,6,10,10,16,1,2,1,5,9,17,52,0,52,전농로터리시장
2017,3,R,전통시장,1001319,107,59,48,2,9,17,8,24,47,1,5,11,5,14,23,1,4,6,3,10,24,54,0,54,청량리종합시장
2017,3,R,전통시장,1001318,176,140,36,2,10,11,17,50,86,1,9,7,16,42,65,1,1,4,1,8,21,145,0,145,청량리전통시장
2017,3,R,전통시장,1001317,175,83,92,26,33,22,16,35,43,19,18,10,5,13,18,7,15,12,11,22,25,74,0,74,청량리농수산물시장
2017,3,R,전통시장,1001316,2168,1145,1023,134,316,287,301,391,739,77,171,168,178,210,341,57,145,119,123,181,398,1404,0,1404,서울약령시장
2017,3,R,전통시장,1001315,2,2,0,0,0,0,0,2,0,0,0,0,0,2,0,0,0,0,0,0,0,2,0,2,동서시장
2017,3,R,전통시장,1001314,13,7,6,0,0,0,1,3,9,0,0,0,1,3,3,0,0,0,0,0,6,9,0,9,경동시장
2017,3,R,전통시장,1001313,486,247,239,36,80,91,68,70,141,16,35,48,42,41,65,20,45,43,26,29,76,289,0,289,청량리수산시장
2017,3,R,전통시장,1001312,23,15,8,1,3,1,4,4,10,0,2,1,3,3,6,1,1,0,1,1,4,15,0,15,용두시장
2017,3,R,전통시장,1001311,1,1,0,0,0,0,0,0,1,0,0,0,0,0,1,0,0,0,0,0,0,1,0,1,동부청과시장
2017,3,R,전통시장,1001310,157,82,75,22,24,22,23,24,42,9,12,14,12,13,22,13,12,8,11,11,20,73,0,73,구의시장
2017,3,R,전통시장,1001309,85,36,49,5,34,12,9,5,20,2,15,6,3,3,7,3,19,6,6,2,13,56,0,56,조양시장
2017,3,R,전통시장,1001308,1249,625,624,111,171,165,201,229,372,58,91,92,109,118,157,53,80,73,92,111,215,659,0,659,영동교골목시장
2017,3,R,전통시장,1001307,378,193,185,40,56,49,52,78,103,19,28,26,23,43,54,21,28,23,29,35,49,194,0,194,능동로골목시장
2017,3,R,전통시장,1001306,340,178,162,23,48,42,44,87,96,17,26,25,22,50,38,6,22,17,22,37,58,194,0,194,노룬산골목시장
2017,3,R,전통시장,1001305,62,35,27,14,6,14,8,11,9,7,3,8,5,5,7,7,3,6,3,6,2,22,0,22,자양종합시장
2017,3,R,전통시장,1001304,1973,974,999,251,308,362,309,340,403,131,157,183,165,158,180,120,151,179,144,182,223,917,0,917,자양골목시장
2017,3,R,전통시장,1001303,93,43,50,12,11,12,12,17,29,7,5,7,6,6,12,5,6,5,6,11,17,41,0,41,신성골목시장
2017,3,R,전통시장,1001302,463,237,226,57,62,79,75,85,105,33,30,36,40,48,50,24,32,43,35,37,55,215,0,215,면곡골목시장
2017,3,R,전통시장,1001301,832,425,407,115,111,139,113,160,194,62,53,83,50,82,95,53,58,56,63,78,99,370,0,370,중곡제일시장
2017,3,R,전통시장,1001300,952,409,543,51,359,228,92,89,133,24,118,119,48,42,58,27,241,109,44,47,75,659,0,659,화양제일골목시장
2017,3,R,전통시장,1001299,20,12,8,0,11,3,1,2,3,0,7,1,1,1,2,0,4,2,0,1,1,19,0,19,한아름시장
2017,3,R,전통시장,1001298,2092,1052,1040,246,305,306,342,398,495,126,149,165,175,204,233,120,156,141,167,194,262,996,0,996,성동용답상가시장
2017,3,R,전통시장,1001297,592,323,269,62,80,70,79,144,157,32,52,44,45,77,73,30,28,26,34,67,84,304,78,226,뚝도시장
2017,3,R,전통시장,1001296,271,135,136,17,35,33,37,57,92,10,17,18,20,33,37,7,18,15,17,24,55,158,0,158,금남시장
2017,3,R,전통시장,1001295,1518,769,749,153,307,209,226,280,343,75,146,128,103,156,161,78,161,81,123,124,182,820,0,820,행당시장
2017,3,R,전통시장,1001294,357,205,152,41,41,40,58,62,115,29,25,23,34,38,56,12,16,17,24,24,59,191,1,190,마장축산물시장
2017,3,R,전통시장,1001293,8,4,4,0,1,1,1,1,4,0,0,1,0,1,2,0,1,0,1,0,2,5,0,5,보광시장
2017,3,R,전통시장,1001292,37,15,22,2,4,8,6,5,12,1,1,3,5,1,4,1,3,5,1,4,8,24,0,24,이태원제일시장
2017,3,R,전통시장,1001291,68,32,36,11,2,12,9,14,20,6,0,5,6,6,9,5,2,7,3,8,11,35,26,9,이태원시장
2017,3,R,전통시장,1001290,105,56,49,10,13,13,17,23,29,2,10,6,9,13,16,8,3,7,8,10,13,55,31,24,이촌종합시장
2017,3,R,전통시장,1001289,428,212,216,41,66,69,62,68,122,18,34,45,34,33,48,23,32,24,28,35,74,231,0,231,용문전통시장
2017,3,R,전통시장,1001288,34,20,14,2,2,1,4,11,14,1,2,0,3,6,8,1,0,1,1,5,6,21,0,21,만리시장
2017,3,R,전통시장,1001287,125,62,63,11,16,17,10,24,47,3,8,9,6,15,21,8,8,8,4,9,26,74,0,74,신흥시장
2017,3,R,전통시장,1001286,296,152,144,24,52,43,29,62,86,12,30,24,19,32,35,12,22,19,10,30,51,160,28,132,후암시장
2017,3,R,전통시장,1001285,77,56,21,4,6,10,11,23,23,2,4,6,9,19,16,2,2,4,2,4,7,71,0,71,합동(새벽)시장
2017,3,R,전통시장,1001284,1063,574,489,85,133,125,129,202,389,51,76,76,65,112,194,34,57,49,64,90,195,579,0,579,서울중앙시장
2017,3,R,전통시장,1001283,866,454,412,83,96,112,133,174,268,43,61,58,80,91,121,40,35,54,53,83,147,433,0,433,백학시장
2017,3,R,전통시장,1001282,1047,502,545,125,172,150,162,154,284,67,81,72,89,72,121,58,91,78,73,82,163,528,0,528,약수시장
2017,3,R,전통시장,1001281,1,1,0,0,0,0,1,0,0,0,0,0,1,0,0,0,0,0,0,0,0,1,0,1,청평화시장
2017,3,R,전통시장,1001279,62,27,35,2,8,7,7,21,17,2,4,2,4,9,6,0,4,5,3,12,11,40,30,10,동평화시장
2017,3,R,전통시장,1001277,304,196,108,21,34,33,39,65,112,12,23,18,28,42,73,9,11,15,11,23,39,204,24,180,방산종합시장
2017,3,R,전통시장,1001276,2,2,0,0,1,0,0,0,1,0,1,0,0,0,1,0,0,0,0,0,0,2,0,2,평화시장
2017,3,R,전통시장,1001275,148,82,66,8,17,15,13,39,56,4,8,8,8,25,29,4,9,7,5,14,27,85,39,46,인현시장
2017,3,R,전통시장,1001274,282,192,90,13,16,24,38,73,118,10,8,12,27,59,76,3,8,12,11,14,42,217,0,217,신중부시장
2017,3,R,전통시장,1001273,86,50,36,0,4,9,13,25,35,0,3,6,8,16,17,0,1,3,5,9,18,67,0,67,남대문시장
2017,3,R,전통시장,1001272,17,12,5,0,1,1,2,5,8,0,1,1,2,4,4,0,0,0,0,1,4,14,0,14,신설종합시장
2017,3,R,전통시장,1001271,817,479,338,33,184,135,104,135,226,15,90,71,71,93,139,18,94,64,33,42,87,624,58,566,동묘시장
2017,3,R,전통시장,1001270,418,223,195,36,42,44,62,82,152,16,32,29,33,50,63,20,10,15,29,32,89,252,0,252,창신골목시장
2017,3,R,전통시장,1001269,69,35,34,6,6,12,14,10,21,2,3,9,4,7,10,4,3,3,10,3,11,36,33,3,동문시장
2017,3,R,전통시장,1001268,175,87,88,18,23,10,36,28,60,7,12,6,19,15,28,11,11,4,17,13,32,88,0,88,충신시장
2017,3,R,전통시장,1001267,117,76,41,2,11,7,19,32,46,1,6,5,16,21,27,1,5,2,3,11,19,91,0,91,종로신진시장
2017,3,R,전통시장,1001266,3,3,0,0,0,0,1,2,0,0,0,0,1,2,0,0,0,0,0,0,0,3,0,3,동대문종합시장
2017,3,R,전통시장,1001265,54,26,28,2,5,2,4,19,22,2,2,0,1,12,9,0,3,2,3,7,13,42,0,42,광장시장
2017,3,R,전통시장,1001264,764,361,403,104,90,94,131,123,222,59,41,35,66,63,97,45,49,59,65,60,125,361,43,318,통인시장
2017,3,D,발달상권,1001263,265,165,100,10,48,41,53,50,63,4,20,25,31,37,48,6,28,16,22,13,15,208,0,208,서울 노원구 노원역_3
2017,3,D,발달상권,1001262,30,29,1,0,1,4,8,7,10,0,1,3,8,7,10,0,0,1,0,0,0,30,0,30,서울 노원구 노원역_2
2017,3,D,발달상권,1001261,715,315,400,111,101,95,114,145,149,47,46,43,48,66,65,64,55,52,66,79,84,280,277,3,서울 노원구 노원역_1
2017,3,D,발달상권,1001260,543,327,216,24,97,99,104,121,98,10,37,58,74,82,66,14,60,41,30,39,32,441,0,441,창동역
2017,3,D,발달상권,1001259,724,400,324,45,144,127,103,134,171,21,64,64,61,90,100,24,80,63,42,44,71,480,0,480,서울 강북구 수유역_3
2017,3,D,발달상권,1001258,196,87,109,30,20,60,53,19,14,10,10,31,24,7,5,20,10,29,29,12,9,112,0,112,등나무근린공원 주변
2017,3,D,발달상권,1001257,2135,1068,1067,117,374,395,367,361,521,57,161,226,194,192,238,60,213,169,173,169,283,1390,0,1390,서울 강북구 수유역_2
2017,3,D,발달상권,1001256,770,367,403,73,163,165,111,113,145,35,72,76,62,58,64,38,91,89,49,55,81,426,25,401,서울 강북구 수유역_1
2017,3,D,발달상권,1001255,88,50,38,7,24,8,17,15,17,2,12,3,11,10,12,5,12,5,6,5,5,68,0,68,서울 은평구 연신내역_3
2017,3,D,발달상권,1001254,1130,577,553,103,218,233,187,168,221,62,101,131,103,85,95,41,117,102,84,83,126,644,0,644,서울 은평구 연신내역_2
2017,3,D,발달상권,1001253,245,112,133,25,55,49,36,40,40,16,23,21,14,20,18,9,32,28,22,20,22,154,0,154,서울 은평구 연신내역_1
2017,3,D,발달상권,1001252,481,260,221,23,90,68,46,110,144,12,49,38,29,59,73,11,41,30,17,51,71,270,0,270,서울 성북구 미아삼거리역_2
2017,3,D,발달상권,1001251,406,234,172,25,45,46,82,79,129,17,31,26,53,40,67,8,14,20,29,39,62,255,0,255,서울 강북구 미아삼거리역_1
2017,3,D,발달상권,1001250,784,334,450,66,221,273,91,58,75,31,71,127,45,28,32,35,150,146,46,30,43,547,65,482,서울 은평구 불광역_3
2017,3,D,발달상권,1001249,665,347,318,47,170,141,86,86,135,21,89,77,47,47,66,26,81,64,39,39,69,438,0,438,서울 은평구 불광역_2
2017,3,D,발달상권,1001248,602,293,309,42,117,105,75,106,157,24,44,61,38,50,76,18,73,44,37,56,81,359,23,336,서울 은평구 불광역_1
2017,3,D,발달상권,1001247,103,53,50,8,16,14,12,21,32,3,9,8,7,11,15,5,7,6,5,10,17,56,0,56,미아사거리_2
2017,3,D,발달상권,1001246,933,459,474,153,142,173,178,128,159,88,58,84,90,57,82,65,84,89,88,71,77,412,244,168,미아사거리_1
2017,3,D,발달상권,1001245,1050,488,562,68,268,225,153,154,182,38,99,100,83,84,84,30,169,125,70,70,98,718,0,718,서울 성북구 성신여대입구역
2017,3,D,발달상권,1001244,367,171,196,27,127,65,37,35,76,11,50,35,23,17,35,16,77,30,14,18,41,250,0,250,경희대학교
2017,3,D,발달상권,1001243,372,175,197,30,165,52,20,36,69,18,72,26,13,15,31,12,93,26,7,21,38,261,0,261,서울 성북구 안암역
2017,3,D,발달상권,1001242,662,308,354,39,222,110,74,84,133,20,98,53,39,39,59,19,124,57,35,45,74,462,0,462,혜화역 대학로_3
2017,3,D,발달상권,1001241,807,393,414,70,302,157,88,76,114,33,136,88,51,33,52,37,166,69,37,43,62,542,19,523,혜화역 대학로_2
2017,3,D,발달상권,1001240,510,225,285,44,123,97,63,72,111,22,54,41,27,37,44,22,69,56,36,35,67,311,0,311,혜화역 대학로_1
2017,3,D,발달상권,1001239,1043,486,557,216,193,196,230,141,67,102,75,89,113,75,32,114,118,107,117,66,35,495,100,395,디지털미디어시티
2017,3,D,발달상권,1001238,2917,1461,1456,316,415,380,381,524,901,136,194,204,198,283,446,180,221,176,183,241,455,1403,712,691,서울 동대문구 청량리역
2017,3,D,발달상권,1001237,310,140,170,41,46,61,52,39,71,21,27,32,16,15,29,20,19,29,36,24,42,173,0,173,서울 종로구 경복궁역_2
2017,3,D,발달상권,1001236,291,137,154,31,38,29,41,61,91,17,22,14,15,29,40,14,16,15,26,32,51,148,0,148,서울 종로구 안국역_2
2017,3,D,발달상권,1001235,121,54,67,15,8,17,21,15,45,9,5,6,10,9,15,6,3,11,11,6,30,70,0,70,서울 종로구 안국역_1
2017,3,D,발달상권,1001234,659,306,353,72,84,99,118,102,184,39,34,54,56,45,78,33,50,45,62,57,106,327,0,327,서울 종로구 경복궁역_1
2017,3,D,발달상권,1001233,161,123,38,7,15,10,21,55,53,2,12,6,17,45,41,5,3,4,4,10,12,116,0,116,서울 종로구 종로3가역_3
2017,3,D,발달상권,1001232,2462,1685,777,57,84,149,289,653,1230,35,59,92,215,511,773,22,25,57,74,142,457,2136,0,2136,서울 종로구 종로3가역_2
2017,3,D,발달상권,1001231,361,221,140,9,82,84,44,57,85,4,41,42,34,43,57,5,41,42,10,14,28,301,0,301,서울 동대문구 신설동역_2
2017,3,D,발달상권,1001230,829,456,373,76,76,126,115,130,306,47,43,65,70,77,154,29,33,61,45,53,152,511,236,275,인사동
2017,3,D,발달상권,1001229,286,165,121,17,40,39,34,56,100,10,20,27,23,37,48,7,20,12,11,19,52,178,0,178,서울 종로구 종로5가역_4
2017,3,D,발달상권,1001228,775,479,296,42,51,74,125,168,315,26,32,48,82,118,173,16,19,26,43,50,142,559,0,559,서울 종로구 종로5가역_3
2017,3,D,발달상권,1001227,585,327,258,42,85,76,94,117,171,24,52,44,51,63,93,18,33,32,43,54,78,389,120,269,종로구청
2017,3,D,발달상권,1001226,2023,1011,1012,216,488,388,243,274,414,109,231,197,126,152,196,107,257,191,117,122,218,1177,0,1177,서울 종로구 종로5가역_2
2017,3,D,발달상권,1001225,406,244,162,9,120,86,58,66,67,5,47,51,40,50,51,4,73,35,18,16,16,335,0,335,신설동역
2017,3,D,발달상권,1001224,182,131,51,6,14,34,11,42,75,4,7,17,9,35,59,2,7,17,2,7,16,143,0,143,서울 동대문구 신설동역_1
2017,3,D,발달상권,1001223,2577,1164,1413,357,284,421,444,377,694,186,123,169,186,180,320,171,161,252,258,197,374,1240,679,561,서울 종로구 광화문역_2
2017,3,D,발달상권,1001222,898,439,459,124,126,120,138,165,225,60,68,65,70,83,93,64,58,55,68,82,132,355,149,206,동묘앞역
2017,3,D,발달상권,1001221,4065,2017,2048,483,711,1017,729,514,611,253,321,530,381,251,281,230,390,487,348,263,330,2161,224,1937,장안동사거리
2017,3,D,발달상권,1001220,650,425,225,18,57,71,63,175,266,9,34,48,46,128,160,9,23,23,17,47,106,489,0,489,서울 종로구 동대문역_2
2017,3,D,발달상권,1001219,139,70,69,17,18,15,18,30,41,8,7,6,10,18,21,9,11,9,8,12,20,71,0,71,서울 종로구 동대문역_1
2017,3,D,발달상권,1001218,34,17,17,1,1,6,3,8,15,0,0,3,2,6,6,1,1,3,1,2,9,28,0,28,동대문시장_2
2017,3,D,발달상권,1001217,25,6,19,0,0,0,3,4,18,0,0,0,2,0,4,0,0,0,1,4,14,22,0,22,서울 종로구 종로5가역_1
2017,3,D,발달상권,1001216,186,146,40,6,44,15,23,50,48,3,38,9,17,41,38,3,6,6,6,9,10,163,0,163,서울 종로구 종로3가역_1
2017,3,D,발달상권,1001215,10,8,2,0,0,0,4,2,4,0,0,0,3,2,3,0,0,0,1,0,1,8,0,8,서울 종로구 광화문역_1
2017,3,D,발달상권,1001214,4,1,3,0,1,1,0,2,0,0,0,0,0,1,0,0,1,1,0,1,0,4,1,3,종각역
2017,3,D,발달상권,1001213,137,100,37,4,47,25,15,18,28,1,38,20,10,11,20,3,9,5,5,7,8,117,0,117,종각역 젊음의 거리
2017,3,D,발달상권,1001212,517,279,238,97,52,79,99,98,92,51,28,37,51,60,52,46,24,42,48,38,40,228,0,228,서대문구 서대문역_1
2017,3,D,발달상권,1001211,34,21,13,0,4,7,2,10,11,0,1,5,2,8,5,0,3,2,0,2,6,31,0,31,동대문시장_1
2017,3,D,발달상권,1001210,941,414,527,152,113,289,180,107,100,62,47,129,75,51,50,90,66,160,105,56,50,499,67,432,시청역_2
2017,3,D,발달상권,1001209,91,56,35,7,1,9,14,28,32,4,1,5,9,15,22,3,0,4,5,13,10,63,0,63,서울시청
2017,3,D,발달상권,1001208,550,364,186,15,34,33,79,120,269,7,18,19,60,93,167,8,16,14,19,27,102,441,62,379,서울 중구 을지로3가역_2
2017,3,D,발달상권,1001207,319,162,157,13,72,68,41,56,69,7,28,33,21,34,39,6,44,35,20,22,30,214,0,214,서울 중구 신당역_2
2017,3,D,발달상권,1001206,898,448,450,65,191,204,118,162,158,34,69,114,64,91,76,31,122,90,54,71,82,579,0,579,서대문구 서대문역_2
2017,3,D,발달상권,1001205,456,277,179,12,56,43,69,108,168,4,31,25,43,71,103,8,25,18,26,37,65,333,11,322,동대문역사문화공원역
2017,3,D,발달상권,1001204,230,158,72,8,17,12,33,52,108,3,10,6,21,41,77,5,7,6,12,11,31,182,0,182,서울 중구 을지로3가역_1
2017,3,D,발달상권,1001203,150,83,67,5,18,21,29,38,39,1,10,10,19,22,21,4,8,11,10,16,18,107,0,107,명동거리
2017,3,D,발달상권,1001202,2,2,0,0,0,2,0,0,0,0,0,2,0,0,0,0,0,0,0,0,0,2,0,2,롯데백화점
2017,3,D,발달상권,1001201,920,504,416,83,115,111,144,204,263,48,68,66,82,110,130,35,47,45,62,94,133,528,43,485,서울 중구 신당역_1
2017,3,D,발달상권,1001200,258,155,103,2,21,34,36,54,111,0,11,27,21,32,64,2,10,7,15,22,47,224,0,224,북창동
2017,3,D,발달상권,1001199,694,392,302,34,92,104,95,142,227,16,43,55,65,92,121,18,49,49,30,50,106,479,167,312,서울 중구 충무로역_2
2017,3,D,발달상권,1001198,2158,1038,1120,151,428,378,259,388,554,77,182,195,137,190,257,74,246,183,122,198,297,1376,39,1337,서울 강서구 송정역
2017,3,D,발달상권,1001197,1364,737,627,143,232,273,227,226,263,79,96,149,128,138,147,64,136,124,99,88,116,768,50,718,장한평역_2
2017,3,D,발달상권,1001196,327,168,159,57,28,87,63,35,57,32,13,40,35,19,29,25,15,47,28,16,28,147,0,147,시청역_1
2017,3,D,발달상권,1001195,443,209,234,52,86,72,71,74,88,19,39,36,38,40,37,33,47,36,33,34,51,239,0,239,왕십리역_2
2017,3,D,발달상권,1001194,104,48,56,4,17,36,23,15,9,1,6,14,14,7,6,3,11,22,9,8,3,77,0,77,서울 강서구 발산역
2017,3,D,발달상권,1001193,219,136,83,10,30,26,47,61,45,7,20,14,33,40,22,3,10,12,14,21,23,138,23,115,장한평역_1
2017,3,D,발달상권,1001192,767,386,381,50,113,97,97,141,269,24,55,58,58,73,118,26,58,39,39,68,151,501,0,501,서울 중구 충무로역_1
2017,3,D,발달상권,1001191,3,2,1,0,0,0,1,2,0,0,0,0,1,1,0,0,0,0,0,1,0,2,0,2,왕십리역_1
2017,3,D,발달상권,1001190,1354,976,378,53,206,272,299,329,195,31,86,183,240,293,143,22,120,89,59,36,52,1075,0,1075,장한평역
2017,3,D,발달상권,1001189,1298,610,688,125,154,177,212,229,401,58,61,86,110,109,186,67,93,91,102,120,215,713,16,697,서울 중구 명동역
2017,3,D,발달상권,1001188,297,160,137,27,85,42,37,31,75,14,45,23,26,20,32,13,40,19,11,11,43,200,33,167,장충동 족발거리
2017,3,D,발달상권,1001187,1013,487,526,36,584,173,50,60,110,15,274,93,28,31,46,21,310,80,22,29,64,817,0,817,한양시장
2017,3,D,발달상권,1001186,1491,539,952,82,445,186,223,177,378,38,72,81,110,83,155,44,373,105,113,94,223,1061,124,937,서울 서대문구 이대역
2017,3,D,발달상권,1001185,2750,1398,1352,132,1103,503,274,285,453,72,521,272,158,161,214,60,582,231,116,124,239,2056,77,1979,서울 서대문구 신촌역
2017,3,D,발달상권,1001184,186,81,105,7,46,60,32,23,18,3,15,28,15,11,9,4,31,32,17,12,9,144,0,144,서울 마포구 홍대입구역_3
2017,3,D,발달상권,1001183,524,246,278,61,88,114,76,50,135,30,47,46,43,19,61,31,41,68,33,31,74,268,0,268,서울 마포구 홍대입구역_2
2017,3,D,발달상권,1001182,5094,2421,2673,407,1247,1268,724,532,916,216,571,601,383,247,403,191,676,667,341,285,513,3216,122,3094,홍익대학교 주변
2017,3,D,발달상권,1001181,1679,794,885,142,407,442,175,219,294,81,173,204,89,105,142,61,234,238,86,114,152,1028,0,1028,서울 광진구 군자역
2017,3,D,발달상권,1001180,1233,636,597,71,389,276,155,118,224,41,186,136,93,68,112,30,203,140,62,50,112,919,23,896,신촌역
2017,3,D,발달상권,1001179,2898,1428,1470,317,586,672,462,412,449,165,213,339,278,223,210,152,373,333,184,189,239,1768,110,1658,강서구청
2017,3,D,발달상권,1001178,683,337,346,63,131,169,112,68,140,30,54,99,55,35,64,33,77,70,57,33,76,405,0,405,서울 마포구 홍대입구역_1
2017,3,D,발달상권,1001177,58,31,27,7,8,7,11,6,19,5,3,3,8,3,9,2,5,4,3,3,10,26,0,26,서울 중구 약수역_2
2017,3,D,발달상권,1001176,11,7,4,1,0,3,3,1,3,1,0,2,2,0,2,0,0,1,1,1,1,8,0,8,서울 중구 약수역_1
2017,3,D,발달상권,1001175,2677,1338,1339,571,410,304,491,506,395,317,230,138,211,247,195,254,180,166,280,259,200,878,658,220,서울 강동구 고덕역
2017,3,D,발달상권,1001174,1100,500,600,121,224,334,139,131,151,65,68,165,74,62,66,56,156,169,65,69,85,585,25,560,등촌역
2017,3,D,발달상권,1001173,2127,1064,1063,302,290,319,366,341,509,161,145,165,189,159,245,141,145,154,177,182,264,1043,7,1036,서울 강동구 명일역
2017,3,D,발달상권,1001172,626,354,272,76,127,91,105,121,106,42,62,55,62,79,54,34,65,36,43,42,52,325,85,240,어린이대공원역
2017,3,D,발달상권,1001171,27,16,11,1,5,1,3,8,9,0,4,1,2,5,4,1,1,0,1,3,5,18,0,18,서울 마포구 공덕역_2
2017,3,D,발달상권,1001170,416,206,210,53,62,45,65,93,98,21,33,20,32,42,58,32,29,25,33,51,40,171,130,41,공덕역
2017,3,D,발달상권,1001169,611,341,270,52,89,101,114,112,143,28,46,56,74,66,71,24,43,45,40,46,72,364,0,364,서울 용산구 숙대입구역
2017,3,D,발달상권,1001168,186,93,93,7,45,65,24,20,25,4,20,36,11,10,12,3,25,29,13,10,13,142,0,142,남영역
2017,3,D,발달상권,1001167,536,247,289,73,111,87,85,118,62,40,50,39,35,56,27,33,61,48,50,62,35,201,0,201,서울 마포구 공덕역_1
2017,3,D,발달상권,1001166,3300,1490,1810,481,396,870,711,405,437,228,150,404,318,194,196,253,246,466,393,211,241,1742,462,1280,서울 마포구 마포역_2
2017,3,D,발달상권,1001165,2077,941,1136,119,802,449,196,185,326,60,321,221,97,99,143,59,481,228,99,86,183,1473,0,1473,서울 광진구 건대입구역_2
2017,3,D,발달상권,1001164,884,445,439,87,108,191,119,146,233,49,51,97,66,72,110,38,57,94,53,74,123,500,0,500,서울 마포구 마포역_1
2017,3,D,발달상권,1001163,4260,2089,2171,318,649,1049,713,703,828,159,271,504,382,381,392,159,378,545,331,322,436,2665,851,1814,서울 강동구 천호역_2
2017,3,D,발달상권,1001162,1072,516,556,83,214,202,158,162,253,40,84,109,78,81,124,43,130,93,80,81,129,634,0,634,서울 광진구 건대입구역_1
2017,3,D,발달상권,1001161,557,235,322,23,13,13,27,28,453,13,4,3,12,13,190,10,9,10,15,15,263,305,0,305,건대입구역
2017,3,D,발달상권,1001160,1966,907,1059,134,457,500,311,255,309,65,166,240,171,117,148,69,291,260,140,138,161,1278,0,1278,서울 광진구 구의역
2017,3,D,발달상권,1001159,285,135,150,22,38,55,47,47,76,11,20,25,25,17,37,11,18,30,22,30,39,160,0,160,서울 강동구 천호역
2017,3,D,발달상권,1001158,596,232,364,30,231,150,66,47,72,14,59,59,33,30,37,16,172,91,33,17,35,468,0,468,당산역_2
2017,3,D,발달상권,1001157,319,155,164,27,62,37,52,65,76,10,34,19,29,32,31,17,28,18,23,33,45,172,0,172,서울 강동구 천호역_1
2017,3,D,발달상권,1001156,3061,1492,1569,186,836,740,459,434,406,90,292,372,283,236,219,96,544,368,176,198,187,2126,0,2126,서울 강동구 길동역
2017,3,D,발달상권,1001155,612,353,259,42,101,142,99,81,147,21,59,92,64,48,69,21,42,50,35,33,78,359,32,327,용산 전자상가_5
2017,3,D,발달상권,1001154,163,96,67,14,12,27,37,25,48,6,8,17,28,17,20,8,4,10,9,8,28,106,0,106,용산 전자상가_4
2017,3,D,발달상권,1001153,1037,480,557,67,291,354,110,103,112,34,111,166,64,56,49,33,180,188,46,47,63,676,109,567,당산역_1
2017,3,D,발달상권,1001152,192,89,103,24,32,28,15,32,61,13,15,9,7,13,32,11,17,19,8,19,29,66,64,2,서울 광진구 강변역
2017,3,D,발달상권,1001151,260,133,127,23,35,62,31,44,65,14,19,33,16,19,32,9,16,29,15,25,33,128,92,36,용산 전자상가_3
2017,3,D,발달상권,1001150,935,499,436,63,164,186,148,163,211,36,91,102,79,94,97,27,73,84,69,69,114,596,0,596,서울 용산구 이태원역
2017,3,D,발달상권,1001149,187,100,87,8,39,15,25,37,63,5,25,9,11,19,31,3,14,6,14,18,32,129,0,129,한남오거리
2017,3,D,발달상권,1001148,73,39,34,4,15,18,16,10,10,2,2,6,13,7,9,2,13,12,3,3,1,65,0,65,목동사거리
2017,3,D,발달상권,1001147,161,86,75,24,23,35,24,26,29,17,13,14,15,13,14,7,10,21,9,13,15,64,0,64,용산 전자상가_2
2017,3,D,발달상권,1001146,124,52,72,18,15,23,24,12,32,7,7,7,15,3,13,11,8,16,9,9,19,61,0,61,용산구청
2017,3,D,발달상권,1001145,487,264,223,59,70,124,97,76,61,25,36,66,53,47,37,34,34,58,44,29,24,272,0,272,용산 전자상가_1
2017,3,D,발달상권,1001144,663,344,319,29,113,200,122,103,96,17,51,96,68,60,52,12,62,104,54,43,44,518,38,480,국회의사당역_2
2017,3,D,발달상권,1001143,399,205,194,22,31,45,58,91,152,17,17,29,38,45,59,5,14,16,20,46,93,305,0,305,서울 용산구 신용산역
2017,3,D,발달상권,1001141,1338,636,702,185,172,261,259,169,292,87,80,127,131,82,129,98,92,134,128,87,163,686,243,443,압구정 로데오거리_2
2017,3,D,발달상권,1001140,1957,888,1069,238,317,411,330,249,412,133,141,161,160,113,180,105,176,250,170,136,232,1014,41,973,서울 강남구 압구정역
2017,3,D,발달상권,1001139,1333,674,659,70,273,249,175,225,341,35,129,116,96,134,164,35,144,133,79,91,177,924,0,924,서울 영등포구 영등포구청역
2017,3,D,발달상권,1001138,546,256,290,81,59,76,85,74,171,42,28,32,39,34,81,39,31,44,46,40,90,228,0,228,압구정 로데오거리_1
2017,3,D,발달상권,1001137,764,417,347,94,121,106,137,128,178,56,71,57,78,72,83,38,50,49,59,56,95,372,21,351,서울 강동구 둔촌동역
2017,3,D,발달상권,1001136,899,434,465,219,111,112,193,126,138,114,48,49,97,55,71,105,63,63,96,71,67,269,238,31,오목교역
2017,3,D,발달상권,1001135,3928,1836,2092,504,590,839,721,501,773,266,257,369,359,245,340,238,333,470,362,256,433,2179,84,2095,신사동 가로수길
2017,3,D,발달상권,1001134,16,13,3,1,1,2,3,6,3,0,1,2,3,4,3,1,0,0,0,2,0,13,0,13,서울 영등포구 여의도역_2
2017,3,D,발달상권,1001133,908,395,513,59,76,122,175,149,327,23,40,57,77,64,134,36,36,65,98,85,193,601,0,601,청담사거리_3
2017,3,D,발달상권,1001132,446,252,194,39,61,65,83,63,135,19,37,38,57,38,63,20,24,27,26,25,72,241,0,241,영등포유통상가
2017,3,D,발달상권,1001131,1061,475,586,174,144,228,212,151,152,85,62,89,96,74,69,89,82,139,116,77,83,488,358,130,청담역_2
2017,3,D,발달상권,1001130,209,104,105,44,27,25,35,34,44,19,20,12,17,16,20,25,7,13,18,18,24,67,0,67,청담역_1
2017,3,D,발달상권,1001129,386,190,196,53,48,66,64,62,93,24,27,31,30,30,48,29,21,35,34,32,45,149,0,149,청담사거리_2
2017,3,D,발달상권,1001128,259,115,144,35,41,52,61,33,37,13,15,25,33,15,14,22,26,27,28,18,23,134,0,134,청담사거리_1
2017,3,D,발달상권,1001127,2593,1248,1345,422,335,352,408,461,615,219,154,152,185,226,312,203,181,200,223,235,303,948,897,51,서울 영등포구 여의도역_1
2017,3,D,발달상권,1001126,287,140,147,26,54,34,38,57,78,16,26,19,21,25,33,10,28,15,17,32,45,154,0,154,서울 양천구 신정네거리역_2
2017,3,D,발달상권,1001125,476,242,234,74,71,82,91,74,84,47,39,42,38,34,42,27,32,40,53,40,42,189,0,189,학동사거리_2
2017,3,D,발달상권,1001124,1412,899,513,43,94,135,224,356,560,23,55,86,151,257,327,20,39,49,73,99,233,1098,0,1098,서울 영등포구 영등포시장역
2017,3,D,발달상권,1001123,449,218,231,42,72,95,85,57,98,23,25,47,46,32,45,19,47,48,39,25,53,263,48,215,학동사거리_1
2017,3,D,발달상권,1001122,1420,680,740,209,148,203,203,234,423,108,79,87,100,114,192,101,69,116,103,120,231,584,114,470,여의도 시범아파트앞
2017,3,D,발달상권,1001121,419,255,164,8,117,101,53,64,76,5,48,59,38,49,56,3,69,42,15,15,20,358,0,358,영등포역_3
2017,3,D,발달상권,1001120,269,123,146,20,68,75,32,28,46,9,31,36,15,12,20,11,37,39,17,16,26,167,23,144,도산공원사거리_1
2017,3,D,발달상권,1001119,660,497,163,11,92,81,135,181,160,6,33,64,127,152,115,5,59,17,8,29,45,605,0,605,영등포역_2
2017,3,D,발달상권,1001118,1482,739,743,224,139,226,226,258,409,112,76,111,117,134,189,112,63,115,109,124,220,705,565,140,문래동 주민센터
2017,3,D,발달상권,1001117,1004,448,556,65,195,292,157,109,186,35,75,123,80,56,79,30,120,169,77,53,107,631,0,631,강남구 신사역_2
2017,3,D,발달상권,1001116,261,143,118,13,108,80,24,19,17,5,49,46,16,14,13,8,59,34,8,5,4,232,0,232,영등포역_1
2017,3,D,발달상권,1001115,726,379,347,34,55,131,156,136,214,15,25,70,78,95,96,19,30,61,78,41,118,540,0,540,서울 강남구 강남구청역_2
2017,3,D,발달상권,1001114,800,426,374,44,137,179,153,118,169,24,64,94,91,66,87,20,73,85,62,52,82,540,0,540,강남구 신사역_1
2017,3,D,발달상권,1001113,18,14,4,0,1,3,4,4,6,0,1,3,4,4,2,0,0,0,0,0,4,17,0,17,서울 동작구 노량진1동_1
2017,3,D,발달상권,1001112,122,62,60,2,23,27,23,21,26,2,10,15,10,12,13,0,13,12,13,9,13,86,0,86,서울 강남구 학동역_3
2017,3,D,발달상권,1001111,763,364,399,72,126,215,156,106,88,34,60,93,68,63,46,38,66,122,88,43,42,476,47,429,서울 강남구 강남구청역_1
2017,3,D,발달상권,1001110,4505,2135,2370,721,610,873,661,737,903,355,306,404,279,344,447,366,304,469,382,393,456,1674,1674,0,잠실역
2017,3,D,발달상권,1001109,1915,940,975,151,354,507,343,266,294,79,163,233,173,151,141,72,191,274,170,115,153,1204,20,1184,강남구 논현역_4
2017,3,D,발달상권,1001108,470,186,284,23,78,174,81,59,55,13,32,66,26,27,22,10,46,108,55,32,33,336,0,336,학동역
2017,3,D,발달상권,1001107,1498,809,689,101,264,370,247,248,268,51,129,204,144,139,142,50,135,166,103,109,126,954,0,954,방이동 먹자골목
2017,3,D,발달상권,1001106,98,52,46,5,21,35,14,11,12,2,6,22,9,8,5,3,15,13,5,3,7,72,0,72,서울 강남구 학동역_2
2017,3,D,발달상권,1001105,1045,520,525,38,534,186,105,63,119,20,243,111,65,28,53,18,291,75,40,35,66,856,0,856,서울 동작구 노량진역
2017,3,D,발달상권,1001104,50,36,14,0,12,8,7,8,15,0,9,6,6,4,11,0,3,2,1,4,4,38,0,38,삼성역_3
2017,3,D,발달상권,1001103,20,15,5,5,1,1,4,4,5,4,0,1,3,3,4,1,1,0,1,1,1,13,0,13,코엑스
2017,3,D,발달상권,1001102,936,411,525,83,190,251,156,87,169,43,70,100,79,41,78,40,120,151,77,46,91,555,0,555,서울 강남구 학동역_1
2017,3,D,발달상권,1001101,3092,1396,1696,386,449,755,615,395,492,195,195,321,286,198,201,191,254,434,329,197,291,1840,14,1826,선정릉역_2
2017,3,D,발달상권,1001100,83,30,53,4,16,19,15,13,16,2,3,3,10,5,7,2,13,16,5,8,9,45,0,45,강남구 논현역_3
2017,3,D,발달상권,1001099,732,372,360,72,142,155,139,117,107,43,60,80,71,67,51,29,82,75,68,50,56,411,21,390,포스코사거리_2
2017,3,D,발달상권,1001098,2157,1047,1110,247,336,514,404,299,357,126,158,228,214,156,165,121,178,286,190,143,192,1214,43,1171,포스코사거리_1
2017,3,D,발달상권,1001096,5105,2428,2677,878,788,1185,787,833,634,434,347,569,372,388,318,444,441,616,415,445,316,1899,1139,760,신도림역
2017,3,D,발달상권,1001095,3980,1905,2075,288,807,1110,632,455,688,152,350,525,331,246,301,136,457,585,301,209,387,2503,0,2503,강남구 논현역_2
2017,3,D,발달상권,1001094,627,282,345,84,127,111,112,103,90,42,51,45,51,49,44,42,76,66,61,54,46,315,21,294,선정릉역_1
2017,3,D,발달상권,1001093,2839,1370,1469,267,486,684,474,414,514,148,220,332,248,189,233,119,266,352,226,225,281,1669,166,1503,신천역
2017,3,D,발달상권,1001092,2063,1062,1001,108,392,554,366,296,347,54,184,269,218,169,168,54,208,285,148,127,179,1454,22,1432,강남구 논현역_1
2017,3,D,발달상권,1001091,9,6,3,0,1,2,1,2,3,0,0,2,1,1,2,0,1,0,0,1,1,5,0,5,삼성역_2
2017,3,D,발달상권,1001090,599,291,308,44,92,176,106,81,100,23,48,70,61,39,50,21,44,106,45,42,50,384,0,384,삼정역_2
2017,3,D,발달상권,1001089,95,44,51,4,19,24,10,18,20,1,6,15,4,8,10,3,13,9,6,10,10,52,0,52,삼정역_1
2017,3,D,발달상권,1001088,1371,684,687,173,243,347,233,176,199,93,101,182,113,96,99,80,142,165,120,80,100,764,0,764,삼성역_1
2017,3,D,발달상권,1001087,2213,1082,1131,120,488,662,349,270,324,60,213,326,198,128,157,60,275,336,151,142,167,1427,0,1427,서울 강남구 선릉역_2
2017,3,D,발달상권,1001085,3045,1564,1481,133,711,974,409,367,451,73,334,503,238,188,228,60,377,471,171,179,223,2180,29,2151,서울 서초구 강남역
2017,3,D,발달상권,1001084,697,359,338,54,92,189,191,86,85,30,43,91,102,51,42,24,49,98,89,35,43,506,1,505,서울 강남구 선릉역_1
2017,3,D,발달상권,1001083,608,289,319,98,89,155,96,75,95,55,36,69,44,38,47,43,53,86,52,37,48,291,6,285,서울 송파구 석촌역_2
2017,3,D,발달상권,1001082,4112,1854,2258,453,713,1172,841,483,450,201,273,499,411,255,215,252,440,673,430,228,235,2570,111,2459,선릉역_2
2017,3,D,발달상권,1001081,984,486,498,73,198,264,143,143,163,43,84,121,81,74,83,30,114,143,62,69,80,623,0,623,서울 강남구 역삼역_2
2017,3,D,발달상권,1001080,203,89,114,21,34,54,38,23,33,13,11,20,21,9,15,8,23,34,17,14,18,111,0,111,서울 송파구 석촌역_1
2017,3,D,발달상권,1001079,6,2,4,0,2,1,1,1,1,0,1,0,0,1,0,0,1,1,1,0,1,4,0,4,석촌역
2017,3,D,발달상권,1001078,2017,914,1103,194,342,389,375,291,426,81,135,176,175,153,194,113,207,213,200,138,232,1167,340,827,서울 강남구 강남역_2
2017,3,D,발달상권,1001077,1274,544,730,262,149,263,327,144,129,105,57,100,145,77,60,157,92,163,182,67,69,574,283,291,선릉역_1
2017,3,D,발달상권,1001076,714,344,370,116,107,200,110,89,92,59,37,95,65,44,44,57,70,105,45,45,48,327,173,154,구로역
2017,3,D,발달상권,1001075,454,318,136,356,24,38,11,12,13,261,10,21,8,10,8,95,14,17,3,2,5,86,8,78,역삼역_2
2017,3,D,발달상권,1001074,2666,1276,1390,244,685,790,438,276,233,122,221,400,255,168,110,122,464,390,183,108,123,1839,0,1839,대림역_2
2017,3,D,발달상권,1001073,5422,2814,2608,357,1024,1465,1017,701,858,178,439,784,584,404,425,179,585,681,433,297,433,3797,16,3781,서울 강남구 역삼역_1
2017,3,D,발달상권,1001072,1255,617,638,114,255,293,195,166,232,54,108,135,110,98,112,60,147,158,85,68,120,784,36,748,신대방삼거리역
2017,3,D,발달상권,1001071,2174,1030,1144,410,358,256,459,363,328,217,166,122,194,184,147,193,192,134,265,179,181,973,0,973,서울 강남구 한티역
2017,3,D,발달상권,1001070,364,194,170,99,39,27,98,66,35,70,19,12,39,37,17,29,20,15,59,29,18,121,89,32,은마아파트입구사거리_4
2017,3,D,발달상권,1001069,326,164,162,66,51,30,76,50,53,37,24,18,31,27,27,29,27,12,45,23,26,137,15,122,은마아파트입구사거리_3
2017,3,D,발달상권,1001068,33,15,18,3,8,3,3,7,9,0,4,1,2,3,5,3,4,2,1,4,4,15,0,15,은마아파트입구사거리_2
2017,3,D,발달상권,1001067,3809,1845,1964,280,923,1133,557,383,533,129,346,588,330,194,258,151,577,545,227,189,275,2636,33,2603,오류동역
2017,3,D,발달상권,1001066,2454,1152,1302,174,615,771,361,245,288,98,266,351,192,114,131,76,349,420,169,131,157,1678,393,1285,서울 강남구 강남역
2017,3,D,발달상권,1001065,182,97,85,40,29,16,38,37,22,24,19,10,19,17,8,16,10,6,19,20,14,63,0,63,은마아파트입구사거리_1
2017,3,D,발달상권,1001064,1777,817,960,82,639,605,258,90,103,41,194,317,149,66,50,41,445,288,109,24,53,1462,41,1421,대림역_1
2017,3,D,발달상권,1001063,1423,688,735,286,225,145,284,201,282,131,111,74,124,107,141,155,114,71,160,94,141,552,39,513,교대역_4
2017,3,D,발달상권,1001062,1367,624,743,180,205,368,229,180,205,72,96,165,112,86,93,108,109,203,117,94,112,731,80,651,서울 강남구 강남역_1
2017,3,D,발달상권,1001061,2675,1278,1397,637,283,382,591,357,425,308,149,166,283,188,184,329,134,216,308,169,241,985,475,510,방배동카페골목
2017,3,D,발달상권,1001059,20,9,11,1,0,6,1,6,6,0,0,2,1,3,3,1,0,4,0,3,3,10,0,10,교대역_3
2017,3,D,발달상권,1001058,2814,1371,1443,303,520,835,442,306,408,146,255,430,214,130,196,157,265,405,228,176,212,1595,42,1553,역삼역_1
2017,3,D,발달상권,1001057,1561,727,834,164,297,352,258,231,259,80,133,164,128,108,114,84,164,188,130,123,145,886,268,618,교대역_2
2017,3,D,발달상권,1001056,517,294,223,24,71,119,79,103,121,13,29,55,50,78,69,11,42,64,29,25,52,366,0,366,서울 송파구 가락시장역
2017,3,D,발달상권,1001055,55,30,25,8,9,7,6,10,15,4,6,5,4,4,7,4,3,2,2,6,8,25,0,25,서울 서초구 서초역
2017,3,D,발달상권,1001054,420,203,217,135,49,48,98,58,32,70,26,15,47,31,14,65,23,33,51,27,18,130,103,27,서울 강남구 대치역_2
2017,3,D,발달상권,1001053,503,253,250,154,52,34,143,72,48,80,28,15,69,38,23,74,24,19,74,34,25,143,143,0,서울 강남구 대치역_1
2017,3,D,발달상권,1001052,1847,812,1035,122,459,621,278,188,179,62,162,293,132,82,81,60,297,328,146,106,98,1342,163,1179,뱅뱅사거리_2
2017,3,D,발달상권,1001051,5255,2491,2764,938,640,859,869,623,1326,460,322,382,412,289,626,478,318,477,457,334,700,2025,400,1625,보라매공원
2017,3,D,발달상권,1001050,2582,1265,1317,258,504,528,371,446,475,120,240,260,192,227,226,138,264,268,179,219,249,1285,192,1093,교대역_1
2017,3,D,발달상권,1001049,2800,1402,1398,339,356,406,419,517,763,180,192,216,207,263,344,159,164,190,212,254,419,1254,10,1244,개봉동 현대아파트 인근
2017,3,D,발달상권,1001048,1430,605,825,90,416,497,240,106,81,49,134,220,117,47,38,41,282,277,123,59,43,1077,32,1045,뱅뱅사거리
2017,3,D,발달상권,1001047,1121,600,521,124,239,343,164,122,129,64,112,199,101,59,65,60,127,144,63,63,64,679,20,659,뱅뱅사거리_1
2017,3,D,발달상권,1001046,3052,1493,1559,130,1132,1009,341,195,245,77,461,541,189,106,119,53,671,468,152,89,126,2473,183,2290,서울 관악구 신림역_4
2017,3,D,발달상권,1001045,1146,527,619,90,244,230,160,145,277,38,94,113,85,73,124,52,150,117,75,72,153,648,0,648,동작구 총신대입구역_1
2017,3,D,발달상권,1001044,1989,956,1033,236,321,504,310,260,358,117,158,237,147,124,173,119,163,267,163,136,185,1008,72,936,양재역_3
2017,3,D,발달상권,1001043,1819,796,1023,371,231,359,429,228,201,164,83,159,185,123,82,207,148,200,244,105,119,847,18,829,동작구 총신대입구역_2
2017,3,D,발달상권,1001042,449,217,232,47,90,109,72,44,87,26,43,43,42,22,41,21,47,66,30,22,46,269,0,269,서울 서초구 남부터미널역_3
2017,3,D,발달상권,1001041,1579,739,840,144,142,264,244,239,546,72,56,117,141,146,207,72,86,147,103,93,339,938,515,423,서울 강남구 수서역
2017,3,D,발달상권,1001040,877,478,399,17,343,235,98,80,104,6,144,155,64,54,55,11,199,80,34,26,49,750,0,750,서울 관악구 신림역_3
2017,3,D,발달상권,1001039,1571,818,753,84,306,479,304,232,166,51,112,232,169,158,96,33,194,247,135,74,70,1213,0,1213,서울 서초구 남부터미널역_2
2017,3,D,발달상권,1001038,133,73,60,12,11,27,17,32,34,5,8,14,9,21,16,7,3,13,8,11,18,77,0,77,구로디지탈1단지
2017,3,D,발달상권,1001037,1690,759,931,245,305,356,283,233,268,100,130,160,139,104,126,145,175,196,144,129,142,868,170,698,양재역
2017,3,D,발달상권,1001036,384,206,178,54,64,75,67,60,64,35,34,40,39,29,29,19,30,35,28,31,35,189,0,189,문정역
2017,3,D,발달상권,1001035,549,276,273,67,107,93,98,89,95,36,50,43,53,47,47,31,57,50,45,42,48,276,0,276,매봉역
2017,3,D,발달상권,1001034,1234,603,631,157,182,282,222,161,230,88,77,137,123,79,99,69,105,145,99,82,131,642,18,624,서울 서초구 방배역
2017,3,D,발달상권,1001033,1318,635,683,217,204,215,209,226,247,115,94,100,101,103,122,102,110,115,108,123,125,517,0,517,서울 서초구 남부터미널역_1
2017,3,D,발달상권,1001032,1571,831,740,80,527,374,177,165,248,47,273,215,96,76,124,33,254,159,81,89,124,1034,0,1034,서울 관악구 신림역_2
2017,3,D,발달상권,1001031,521,239,282,15,197,153,62,44,50,7,74,79,33,22,24,8,123,74,29,22,26,424,0,424,서울 관악구 신림역_1
2017,3,D,발달상권,1001030,887,423,464,102,152,207,148,125,153,49,66,100,76,63,69,53,86,107,72,62,84,467,0,467,양재역_2
2017,3,D,발달상권,1001029,11,6,5,0,3,0,2,4,2,0,2,0,2,1,1,0,1,0,0,3,1,5,0,5,양재역_1
2017,3,D,발달상권,1001028,463,247,216,14,161,105,49,52,82,9,74,56,36,30,42,5,87,49,13,22,40,347,0,347,서울 관악구 서울대입구역_2
2017,3,D,발달상권,1001027,1523,838,685,27,408,406,230,248,204,13,130,231,155,188,121,14,278,175,75,60,83,1364,280,1084,가산디지털단지역_3
2017,3,D,발달상권,1001026,407,234,173,24,41,37,61,112,132,16,19,25,37,74,63,8,22,12,24,38,69,257,0,257,구로디지털단지역
2017,3,D,발달상권,1001025,6088,2873,3215,252,2623,1527,598,510,578,111,1098,748,339,276,301,141,1525,779,259,234,277,4829,18,4811,서울 관악구 서울대입구역_1
2017,3,D,발달상권,1001024,897,430,467,131,148,156,156,146,160,62,71,70,80,64,83,69,77,86,76,82,77,393,139,254,관악구 사당역_1
2017,3,D,발달상권,1001023,477,248,229,43,75,107,60,66,126,22,39,58,36,34,59,21,36,49,24,32,67,225,140,85,가산디지털단지역_2
2017,3,D,발달상권,1001022,948,436,512,44,240,219,114,123,208,21,91,104,54,64,102,23,149,115,60,59,106,628,0,628,관악구 사당역_2
2017,3,D,발달상권,1001021,29,20,9,1,3,7,5,7,6,0,0,4,5,6,5,1,3,3,0,1,1,26,0,26,가산디지털단지역_1
2017,3,D,발달상권,1001019,77,46,31,9,13,22,17,8,8,5,8,11,13,3,6,4,5,11,4,5,2,47,0,47,포이사거리_1
2017,3,D,발달상권,1001018,1797,994,803,166,302,428,342,296,263,99,150,236,207,174,128,67,152,192,135,122,135,1117,10,1107,포이사거리_2
2017,3,D,발달상권,1001017,307,136,171,14,83,85,37,36,52,5,27,44,19,16,25,9,56,41,18,20,27,219,118,101,관악구 사당역_3
2017,3,D,발달상권,1001016,1633,1011,622,102,653,357,187,136,198,55,402,261,126,73,94,47,251,96,61,63,104,1245,0,1245,서울 관악구 대학동_1
2017,3,D,발달상권,1001015,1058,584,474,51,177,273,202,175,180,26,84,164,123,105,82,25,93,109,79,70,98,782,9,773,서울 금천구 독산1동_1
2017,3,D,발달상권,1001013,1731,831,900,491,167,273,349,193,258,258,80,120,186,86,101,233,87,153,163,107,157,545,0,545,양재 화물트럭터미널앞_2
2017,3,D,발달상권,1001012,2,2,0,0,0,0,0,1,1,0,0,0,0,1,1,0,0,0,0,0,0,2,0,2,양재 화물트럭터미널앞_1
2017,3,D,발달상권,1001011,1602,838,764,114,181,221,258,319,509,58,94,114,155,189,228,56,87,107,103,130,281,1022,28,994,서울 금천구 시흥1동_4
2017,3,A,골목상권,1001010,3307,1684,1623,390,470,595,542,600,710,205,240,329,291,295,324,185,230,266,251,305,386,1675,35,1640,풍성로37가길
2017,3,A,골목상권,1001009,4041,2042,1999,464,570,718,621,715,953,227,282,397,340,358,438,237,288,321,281,357,515,1997,86,1911,천호옛길
2017,3,A,골목상권,1001008,2103,1025,1078,200,328,358,304,382,531,98,158,187,155,181,246,102,170,171,149,201,285,1010,0,1010,천호옛14길
2017,3,A,골목상권,1001007,2316,1179,1137,332,326,284,358,475,541,173,171,155,185,246,249,159,155,129,173,229,292,1010,0,1010,천호대로219길
2017,3,A,골목상권,1001006,4978,2481,2497,766,755,799,764,898,996,397,389,418,376,433,468,369,366,381,388,465,528,1862,678,1184,천호대로197길
2017,3,A,골목상권,1001005,2865,1413,1452,404,394,547,396,495,629,203,200,293,185,236,296,201,194,254,211,259,333,1262,100,1162,천호대로187길
2017,3,A,골목상권,1001004,4325,2158,2167,554,672,942,631,703,823,285,333,493,317,336,394,269,339,449,314,367,429,1937,366,1571,천호대로170길
2017,3,A,골목상권,1001003,2664,1339,1325,364,392,461,406,471,570,188,202,242,216,220,271,176,190,219,190,251,299,1147,361,786,천호대로162길
2017,3,A,골목상권,1001002,4566,2223,2343,677,652,755,651,771,1060,358,330,383,320,357,475,319,322,372,331,414,585,1823,187,1636,천중로51길
2017,3,A,골목상권,1001001,6879,3391,3488,1032,1019,1182,1071,1167,1408,532,501,635,532,538,653,500,518,547,539,629,755,2774,501,2273,천중로39길
2017,3,A,골목상권,1001000,1795,886,909,200,272,387,258,300,378,107,119,205,139,138,178,93,153,182,119,162,200,867,0,867,진황도로47길
2017,3,A,골목상권,1000999,7268,3663,3605,815,988,1428,1057,1212,1768,407,470,772,576,595,843,408,518,656,481,617,925,3544,725,2819,진황도로27길
2017,3,A,골목상권,1000998,3277,1634,1643,377,403,609,516,606,766,194,210,335,261,303,331,183,193,274,255,303,435,1633,147,1486,올림픽로98길
2017,3,A,골목상권,1000997,2120,1095,1025,239,254,275,342,420,590,130,142,149,179,225,270,109,112,126,163,195,320,1088,0,1088,올림픽로80길
2017,3,A,골목상권,1000996,1923,1017,906,149,195,229,325,438,587,65,101,133,190,251,277,84,94,96,135,187,310,1159,76,1083,올림픽로78길
2017,3,A,골목상권,1000995,2487,1274,1213,261,333,467,363,473,590,130,159,261,203,246,275,131,174,206,160,227,315,1207,11,1196,올림픽로77길
2017,3,A,골목상권,1000994,2545,1277,1268,232,338,419,363,477,716,127,176,225,191,239,319,105,162,194,172,238,397,1335,0,1335,올림픽로71길
2017,3,A,골목상권,1000993,1529,732,797,254,197,307,270,206,295,132,97,138,134,102,129,122,100,169,136,104,166,629,97,532,올림픽로48길
2017,3,A,골목상권,1000992,3580,1794,1786,717,428,628,613,487,707,385,223,312,311,234,329,332,205,316,302,253,378,1335,714,621,양재대로96길
2017,3,A,골목상권,1000991,3564,1741,1823,500,551,649,548,627,689,272,282,331,276,281,299,228,269,318,272,346,390,1529,191,1338,양재대로95길
2017,3,A,골목상권,1000990,4318,2133,2185,735,611,682,716,745,829,401,335,343,347,357,350,334,276,339,369,388,479,1730,459,1271,양재대로91길
2017,3,A,골목상권,1000989,5262,2591,2671,745,779,821,753,939,1225,372,401,437,387,429,565,373,378,384,366,510,660,2172,351,1821,양재대로133길
2017,3,A,골목상권,1000988,4535,2266,2269,634,686,781,697,848,889,330,365,408,348,402,413,304,321,373,349,446,476,1895,157,1738,양재대로124길
2017,3,A,골목상권,1000987,1513,726,787,201,248,272,218,250,324,104,118,138,110,113,143,97,130,134,108,137,181,649,135,514,양재대로116길
2017,3,A,골목상권,1000986,4947,2438,2509,588,760,1156,720,774,949,310,366,602,367,340,453,278,394,554,353,434,496,2384,174,2210,양재대로101길
2017,3,A,골목상권,1000985,6995,3499,3496,1033,971,1187,1067,1218,1519,525,509,642,544,602,677,508,462,545,523,616,842,3034,107,2927,암사길
2017,3,A,골목상권,1000984,4752,2339,2413,811,694,810,834,756,847,447,346,403,399,351,393,364,348,407,435,405,454,1818,59,1759,성안로3길
2017,3,A,골목상권,1000983,3667,1774,1893,700,495,625,613,552,682,353,251,283,311,256,320,347,244,342,302,296,362,1363,782,581,성내로5길
2017,3,A,골목상권,1000982,1374,699,675,228,232,172,206,288,248,118,138,81,98,141,123,110,94,91,108,147,125,548,0,548,상일로5길
2017,3,A,골목상권,1000981,1955,984,971,276,256,395,324,273,431,154,126,210,165,133,196,122,130,185,159,140,235,942,280,662,상암로5길
2017,3,A,골목상권,1000980,3072,1486,1586,505,455,409,507,533,663,259,236,208,241,239,303,246,219,201,266,294,360,1201,333,868,상암로51길
2017,3,A,골목상권,1000979,3328,1681,1647,460,450,748,554,530,586,231,218,384,299,261,288,229,232,364,255,269,298,1637,63,1574,상암로4길
2017,3,A,골목상권,1000978,4271,2077,2194,642,568,841,629,704,887,310,282,427,313,331,414,332,286,414,316,373,473,1741,527,1214,상암로14길
2017,3,A,골목상권,1000977,2585,1329,1256,384,406,373,399,458,565,221,211,201,210,229,257,163,195,172,189,229,308,1175,157,1018,명일로13길
2017,3,A,골목상권,1000976,3009,1554,1455,458,434,357,464,583,713,238,240,204,241,292,339,220,194,153,223,291,374,1259,0,1259,동남로85길
2017,3,A,골목상권,1000975,1847,991,856,234,258,213,274,420,448,126,147,121,152,227,218,108,111,92,122,193,230,871,0,871,동남로82길
2017,3,A,골목상권,1000974,2727,1342,1385,553,366,282,535,467,524,294,198,153,247,230,220,259,168,129,288,237,304,1081,0,1081,동남로65길
2017,3,A,골목상권,1000973,4498,2331,2167,595,559,706,727,882,1029,317,288,384,396,460,486,278,271,322,331,422,543,2225,122,2103,구천면로42길
2017,3,A,골목상권,1000972,5364,2718,2646,750,693,870,882,964,1205,393,370,467,480,457,551,357,323,403,402,507,654,2343,331,2012,구천면로41길
2017,3,A,골목상권,1000971,2682,1384,1298,333,391,370,411,545,632,183,192,206,212,290,301,150,199,164,199,255,331,1229,0,1229,구천면로36길
2017,3,A,골목상권,1000970,1474,744,730,289,181,245,244,234,281,149,97,121,133,118,126,140,84,124,111,116,155,573,0,573,고덕로61길
2017,3,A,골목상권,1000969,1583,781,802,329,195,269,242,232,316,157,106,134,118,118,148,172,89,135,124,114,168,563,154,409,고덕로25길
2017,3,A,골목상권,1000968,2210,1097,1113,350,307,417,382,346,408,190,148,213,201,153,192,160,159,204,181,193,216,1005,71,934,고덕로10길
2017,3,A,골목상권,1000967,4175,2123,2052,780,577,625,724,708,761,467,308,328,355,320,345,313,269,297,369,388,416,1583,286,1297,강동대로53길
2017,3,A,골목상권,1000966,2035,990,1045,222,252,307,290,390,574,118,128,159,160,170,255,104,124,148,130,220,319,944,0,944,풍성로25길
2017,3,A,골목상권,1000965,2764,1385,1379,562,400,410,474,452,466,301,207,208,230,212,227,261,193,202,244,240,239,1018,160,858,오금로46길
2017,3,A,골목상권,1000964,2808,1385,1423,401,505,523,447,454,478,204,240,285,219,207,230,197,265,238,228,247,248,1202,60,1142,오금로36길
2017,3,A,골목상권,1000963,4882,2345,2537,519,761,1219,709,769,905,271,368,617,362,330,397,248,393,602,347,439,508,2461,22,2439,오금로11길
2017,3,A,골목상권,1000962,2798,1360,1438,441,476,335,463,540,543,223,251,161,209,262,254,218,225,174,254,278,289,1032,407,625,양재대로72길
2017,3,A,골목상권,1000961,1529,730,799,260,232,248,241,247,301,131,119,119,106,113,142,129,113,129,135,134,159,619,39,580,양재대로71길
2017,3,A,골목상권,1000960,2591,1322,1269,396,386,483,409,450,467,203,201,246,215,223,234,193,185,237,194,227,233,1091,17,1074,양재대로64길
2017,3,A,골목상권,1000959,1593,817,776,239,218,344,266,240,286,131,107,188,134,127,130,108,111,156,132,113,156,737,267,470,양재대로62길
2017,3,A,골목상권,1000958,2690,1400,1290,323,425,409,453,551,529,176,217,213,238,279,277,147,208,196,215,272,252,1287,0,1287,송파대로30길
2017,3,A,골목상권,1000957,3186,1580,1606,491,485,616,497,517,580,262,247,307,249,238,277,229,238,309,248,279,303,1291,325,966,송이로36길
2017,3,A,골목상권,1000956,5231,2569,2662,810,860,1051,851,864,795,409,440,544,413,398,365,401,420,507,438,466,430,2228,279,1949,송이로32길
2017,3,A,골목상권,1000955,4746,2384,2362,669,797,961,730,752,837,368,397,493,360,366,400,301,400,468,370,386,437,2098,61,2037,송이로23길
2017,3,A,골목상권,1000954,6560,3088,3472,789,1178,1589,1028,951,1025,419,538,754,482,434,461,370,640,835,546,517,564,3425,18,3407,삼전로13길
2017,3,A,골목상권,1000953,8587,4187,4400,1302,1332,1625,1319,1380,1629,718,657,802,635,625,750,584,675,823,684,755,879,3594,94,3500,백제고분로50길
2017,3,A,골목상권,1000952,3249,1547,1702,503,514,693,514,487,538,254,246,344,232,234,237,249,268,349,282,253,301,1437,34,1403,백제고분로46길
2017,3,A,골목상권,1000951,4737,2270,2467,659,777,1142,695,674,790,326,361,554,353,306,370,333,416,588,342,368,420,2183,255,1928,백제고분로45길
2017,3,A,골목상권,1000950,4234,2007,2227,495,777,1072,637,589,664,260,342,522,302,273,308,235,435,550,335,316,356,2079,15,2064,백제고분로42길
2017,3,A,골목상권,1000949,3362,1550,1812,421,589,815,496,460,581,241,225,389,236,198,261,180,364,426,260,262,320,1660,0,1660,백제고분로39길
2017,3,A,골목상권,1000948,7835,3850,3985,1118,1150,1766,1300,1155,1346,603,573,896,646,549,583,515,577,870,654,606,763,3602,67,3535,백제고분로34길
2017,3,A,골목상권,1000947,6139,2901,3238,724,1077,1585,945,815,993,380,476,768,477,366,434,344,601,817,468,449,559,3125,9,3116,백제고분로33길
2017,3,A,골목상권,1000946,6540,3147,3393,1042,964,1434,1136,900,1064,542,466,714,554,407,464,500,498,720,582,493,600,2934,61,2873,백제고분로32길
2017,3,A,골목상권,1000945,6369,2929,3440,924,994,1452,1093,866,1040,468,443,665,520,385,448,456,551,787,573,481,592,3030,9,3021,백제고분로31길
2017,3,A,골목상권,1000944,6883,3277,3606,1001,1074,1624,1187,963,1034,508,504,769,578,436,482,493,570,855,609,527,552,3247,17,3230,백제고분로22길
2017,3,A,골목상권,1000943,2451,1199,1252,276,381,632,408,389,365,150,172,296,207,210,164,126,209,336,201,179,201,1291,0,1291,백제고분로21길
2017,3,A,골목상권,1000942,4395,2224,2171,602,558,584,702,810,1139,304,281,309,381,428,521,298,277,275,321,382,618,2103,125,1978,마천로51길
2017,3,A,골목상권,1000941,3436,1629,1807,641,502,583,595,533,582,312,228,297,273,260,259,329,274,286,322,273,323,1263,393,870,동남로20길
2017,3,A,골목상권,1000940,3389,1714,1675,470,359,417,553,662,928,239,203,220,296,347,409,231,156,197,257,315,519,1640,0,1640,거마로20길
2017,3,A,골목상권,1000939,2518,1204,1314,562,299,467,556,298,336,331,133,178,261,144,157,231,166,289,295,154,179,978,646,332,학동로77길
2017,3,A,골목상권,1000938,1652,734,918,143,322,457,286,165,279,72,133,194,132,81,122,71,189,263,154,84,157,1002,0,1002,학동로6길
2017,3,A,골목상권,1000937,1003,473,530,169,151,188,178,134,183,82,82,86,76,63,84,87,69,102,102,71,99,438,131,307,학동로56길
2017,3,A,골목상권,1000936,1531,693,838,163,274,423,255,168,248,76,109,201,134,77,96,87,165,222,121,91,152,827,108,719,학동로38길
2017,3,A,골목상권,1000935,444,210,234,39,68,99,65,64,109,24,33,53,29,29,42,15,35,46,36,35,67,237,0,237,테헤란로81길
2017,3,A,골목상권,1000934,3420,1667,1753,555,635,559,529,543,599,301,324,264,259,248,271,254,311,295,270,295,328,1523,0,1523,일원로9길
2017,3,A,골목상권,1000933,2353,1174,1179,436,371,379,373,376,418,241,197,187,186,169,194,195,174,192,187,207,224,969,83,886,일원로3길
2017,3,A,골목상권,1000932,2501,1252,1249,376,361,311,417,440,596,223,206,160,177,219,267,153,155,151,240,221,329,1119,0,1119,영동대로65길
2017,3,A,골목상권,1000931,1966,964,1002,336,291,340,367,269,363,188,156,163,164,122,171,148,135,177,203,147,192,788,259,529,영동대로112길
2017,3,A,골목상권,1000930,3539,1703,1836,399,624,941,636,484,455,178,273,457,337,251,207,221,351,484,299,233,248,2014,242,1772,언주로81길
2017,3,A,골목상권,1000929,1044,470,574,150,180,228,199,124,163,76,81,86,96,59,72,74,99,142,103,65,91,532,61,471,압구정로2길
2017,3,A,골목상권,1000928,1660,845,815,250,246,238,257,301,368,140,138,123,124,155,165,110,108,115,133,146,203,717,22,695,선릉로18길
2017,3,A,골목상권,1000927,2103,964,1139,244,387,482,367,278,345,129,150,229,179,131,146,115,237,253,188,147,199,1112,0,1112,선릉로146길
2017,3,A,골목상권,1000926,1573,697,876,204,270,356,274,189,280,104,102,153,126,92,120,100,168,203,148,97,160,787,104,683,선릉로133길
2017,3,A,골목상권,1000925,2058,937,1121,386,311,387,379,268,327,206,125,149,183,132,142,180,186,238,196,136,185,859,118,741,선릉로132길
2017,3,A,골목상권,1000924,846,392,454,89,139,208,164,104,142,46,72,85,86,45,58,43,67,123,78,59,84,436,0,436,선릉로121길
2017,3,A,골목상권,1000923,2529,1229,1300,425,416,484,503,330,371,246,204,220,209,172,178,179,212,264,294,158,193,1166,249,917,삼성로75길
2017,3,A,골목상권,1000922,3414,1647,1767,635,577,549,726,486,441,361,280,262,311,246,187,274,297,287,415,240,254,1528,11,1517,삼성로69길
2017,3,A,골목상권,1000921,3265,1724,1541,861,471,199,846,557,331,553,260,95,368,300,148,308,211,104,478,257,183,1046,717,329,삼성로64길
2017,3,A,골목상권,1000920,4216,1988,2228,737,736,639,885,694,525,408,341,296,376,344,223,329,395,343,509,350,302,1986,43,1943,삼성로63길
2017,3,A,골목상권,1000919,1767,919,848,544,207,108,443,314,151,338,102,42,186,178,73,206,105,66,257,136,78,522,435,87,삼성로57길
2017,3,A,골목상권,1000918,1260,557,703,183,214,284,196,165,218,86,91,114,93,80,93,97,123,170,103,85,125,627,24,603,삼성로147길
2017,3,A,골목상권,1000917,2820,1307,1513,534,398,587,546,326,429,295,195,233,249,148,187,239,203,354,297,178,242,1258,137,1121,삼성로115길
2017,3,A,골목상권,1000916,1482,662,820,173,231,430,269,153,226,89,100,179,130,72,92,84,131,251,139,81,134,853,0,853,봉은사로68길
2017,3,A,골목상권,1000915,1562,702,860,217,269,376,302,178,220,123,120,153,125,91,90,94,149,223,177,87,130,809,0,809,봉은사로57길
2017,3,A,골목상권,1000914,3240,1540,1700,551,458,674,630,372,555,305,206,302,293,182,252,246,252,372,337,190,303,1440,345,1095,봉은사로43길
2017,3,A,골목상권,1000913,1275,580,695,118,225,376,226,145,185,55,107,156,109,69,84,63,118,220,117,76,101,742,0,742,봉은사로29길
2017,3,A,골목상권,1000912,2276,1091,1185,440,306,372,389,333,436,234,148,177,172,157,203,206,158,195,217,176,233,826,161,665,봉은사로109길
2017,3,A,골목상권,1000911,2014,943,1071,288,325,386,354,293,368,158,149,186,154,128,168,130,176,200,200,165,200,858,183,675,도산대로89길
2017,3,A,골목상권,1000910,1271,598,673,226,172,180,198,184,311,121,80,82,82,83,150,105,92,98,116,101,161,475,0,475,도산대로81길
2017,3,A,골목상권,1000909,2431,1112,1319,360,326,542,382,294,527,185,143,228,189,137,230,175,183,314,193,157,297,1064,453,611,도산대로50길
2017,3,A,골목상권,1000908,1037,470,567,94,185,332,169,105,152,45,77,153,93,39,63,49,108,179,76,66,89,648,0,648,도산대로38길
2017,3,A,골목상권,1000907,931,443,488,77,170,224,173,108,179,39,79,103,81,51,90,38,91,121,92,57,89,523,28,495,도산대로30길
2017,3,A,골목상권,1000906,1563,684,879,193,316,351,255,204,244,93,137,145,114,83,112,100,179,206,141,121,132,817,32,785,도산대로23길
2017,3,A,골목상권,1000905,792,353,439,99,148,200,128,91,126,50,57,86,55,49,56,49,91,114,73,42,70,423,0,423,도산대로15길
2017,3,A,골목상권,1000904,5832,2669,3163,730,937,1426,990,739,1010,365,405,655,455,346,443,365,532,771,535,393,567,2988,66,2922,도곡로37길
2017,3,A,골목상권,1000903,3410,1697,1713,564,519,641,601,541,544,297,270,340,284,270,236,267,249,301,317,271,308,1510,21,1489,논현로8길
2017,3,A,골목상권,1000902,2720,1296,1424,361,432,657,459,360,451,186,199,289,239,166,217,175,233,368,220,194,234,1332,159,1173,논현로63길
2017,3,A,골목상권,1000901,86,47,39,14,10,12,14,14,22,7,7,7,7,5,14,7,3,5,7,9,8,42,0,42,논현로28길
2017,3,A,골목상권,1000900,1282,577,705,139,213,220,213,206,291,68,85,95,105,89,135,71,128,125,108,117,156,658,8,650,논현로26길
2017,3,A,골목상권,1000899,474,209,265,55,89,103,73,67,87,32,32,47,34,25,39,23,57,56,39,42,48,228,0,228,논현로159길
2017,3,A,골목상권,1000898,1448,685,763,166,218,333,246,178,307,82,104,159,118,84,138,84,114,174,128,94,169,715,3,712,논현로139길
2017,3,A,골목상권,1000897,2160,1020,1140,125,371,583,460,292,329,68,169,264,230,149,140,57,202,319,230,143,189,1528,0,1528,논현로123길
2017,3,A,골목상권,1000896,3379,1601,1778,273,712,947,498,436,513,127,314,440,270,210,240,146,398,507,228,226,273,1971,60,1911,논현로115길
2017,3,A,골목상권,1000895,1598,790,808,285,224,274,333,252,230,151,102,151,154,129,103,134,122,123,179,123,127,660,8,652,논현로10길
2017,3,A,골목상권,1000894,2048,890,1158,152,373,709,336,201,277,70,146,298,166,84,126,82,227,411,170,117,151,1309,14,1295,논현로106길
2017,3,A,골목상권,1000893,3583,1733,1850,760,467,597,686,547,526,383,229,286,324,273,238,377,238,311,362,274,288,1337,795,542,남부순환로365길
2017,3,A,골목상권,1000892,32,24,8,0,2,10,6,8,6,0,1,8,6,5,4,0,1,2,0,3,2,25,0,25,개포로82길
2017,3,A,골목상권,1000891,1997,970,1027,388,293,329,412,311,264,186,149,167,193,152,123,202,144,162,219,159,141,789,26,763,개포로28길
2017,3,A,골목상권,1000890,2293,1126,1167,304,403,439,401,400,346,153,206,228,201,180,158,151,197,211,200,220,188,1047,16,1031,개포로20길
2017,3,A,골목상권,1000889,3601,1781,1820,620,519,611,653,586,612,336,256,309,306,294,280,284,263,302,347,292,332,1561,85,1476,개포로17길
2017,3,A,골목상권,1000888,1681,789,892,161,305,423,230,275,287,84,136,205,118,118,128,77,169,218,112,157,159,876,552,324,강남대로140길
2017,3,A,골목상권,1000887,1226,556,670,130,173,264,211,169,279,72,73,103,100,69,139,58,100,161,111,100,140,547,0,547,강남대로136길
2017,3,A,골목상권,1000886,1486,650,836,109,329,448,232,157,211,59,135,190,114,63,89,50,194,258,118,94,122,920,17,903,강남대로118길
2017,3,A,골목상권,1000885,2699,1321,1378,479,372,523,458,353,514,234,186,263,223,167,248,245,186,260,235,186,266,1135,144,991,서초중앙로8길
2017,3,A,골목상권,1000884,2752,1273,1479,557,394,387,526,453,435,250,169,186,230,231,207,307,225,201,296,222,228,1040,153,887,방배중앙로21길
2017,3,A,골목상권,1000883,2167,1071,1096,428,253,432,435,283,336,224,122,197,225,136,167,204,131,235,210,147,169,931,241,690,효령로72길
2017,3,A,골목상권,1000882,1844,903,941,271,211,340,317,283,422,149,106,167,157,130,194,122,105,173,160,153,228,830,325,505,효령로34길
2017,3,A,골목상권,1000881,1869,857,1012,269,249,411,327,236,377,143,109,188,156,99,162,126,140,223,171,137,215,914,19,895,효령로31길
2017,3,A,골목상권,1000880,4293,1986,2307,676,699,840,718,616,744,362,315,382,310,279,338,314,384,458,408,337,406,1838,282,1556,효령로23길
2017,3,A,골목상권,1000879,4019,1923,2096,603,621,689,662,578,866,314,297,338,314,267,393,289,324,351,348,311,473,1786,47,1739,청두곶길
2017,3,A,골목상권,1000878,4142,2009,2133,238,952,1210,693,469,580,122,426,584,381,236,260,116,526,626,312,233,320,2791,11,2780,주흥길
2017,3,A,골목상권,1000877,2815,1337,1478,221,510,808,481,323,472,112,226,376,267,162,194,109,284,432,214,161,278,1767,52,1715,주흥15길
2017,3,A,골목상권,1000876,2129,1068,1061,323,334,429,401,298,344,168,176,196,210,163,155,155,158,233,191,135,189,968,13,955,언남길
2017,3,A,골목상권,1000875,2694,1287,1407,321,434,622,447,356,514,172,186,301,221,165,242,149,248,321,226,191,272,1352,98,1254,신반포로45길
2017,3,A,골목상권,1000874,4061,1972,2089,538,606,610,622,664,1021,291,304,315,300,296,466,247,302,295,322,368,555,1633,0,1633,서초대로8길
2017,3,A,골목상권,1000873,1784,874,910,407,221,299,365,261,231,218,114,122,183,123,114,189,107,177,182,138,117,609,481,128,서초대로64길
2017,3,A,골목상권,1000872,3520,1641,1879,532,559,641,548,512,728,259,250,320,250,226,336,273,309,321,298,286,392,1463,179,1284,서초대로4길
2017,3,A,골목상권,1000871,1231,576,655,197,186,238,197,180,233,103,89,113,86,77,108,94,97,125,111,103,125,521,0,521,서초대로25길
2017,3,A,골목상권,1000870,2759,1290,1469,413,362,531,469,401,583,214,163,249,222,196,246,199,199,282,247,205,337,1275,311,964,서초대로23길
2017,3,A,골목상권,1000869,3797,1721,2076,602,605,789,619,520,662,277,280,335,301,241,287,325,325,454,318,279,375,1688,22,1666,서초대로15길
2017,3,A,골목상권,1000868,1233,544,689,60,281,342,195,146,209,30,113,151,94,65,91,30,168,191,101,81,118,810,0,810,사평대로57길
2017,3,A,골목상권,1000867,274,116,158,42,45,35,47,35,70,19,18,13,19,14,33,23,27,22,28,21,37,110,0,110,사평대로26길
2017,3,A,골목상권,1000866,1605,734,871,319,208,258,308,250,262,164,102,106,128,113,121,155,106,152,180,137,141,621,27,594,사평대로22길
2017,3,A,골목상권,1000865,1085,528,557,160,183,243,161,144,194,80,93,118,87,62,88,80,90,125,74,82,106,532,55,477,사임당로17길
2017,3,A,골목상권,1000864,1002,456,546,233,135,154,193,132,155,110,63,72,90,60,61,123,72,82,103,72,94,379,0,379,방배로42길
2017,3,A,골목상권,1000863,1821,846,975,356,257,229,358,297,324,166,118,99,159,154,150,190,139,130,199,143,174,712,8,704,방배로35길
2017,3,A,골목상권,1000862,1691,795,896,219,286,412,255,209,310,119,120,202,122,97,135,100,166,210,133,112,175,822,19,803,방배로18길
2017,3,A,골목상권,1000861,1679,817,862,281,258,241,283,280,336,159,132,121,124,130,151,122,126,120,159,150,185,677,9,668,반포대로9길
2017,3,A,골목상권,1000860,2833,1381,1452,384,417,613,408,415,596,204,207,313,192,193,272,180,210,300,216,222,324,1271,173,1098,바우뫼로39길
2017,3,A,골목상권,1000859,1516,758,758,235,203,358,258,201,261,118,106,189,139,95,111,117,97,169,119,106,150,671,57,614,마방로2길
2017,3,A,골목상권,1000858,1165,541,624,166,212,240,165,173,209,92,84,107,87,74,97,74,128,133,78,99,112,557,0,557,방배천로4안길
2017,3,A,골목상권,1000857,2047,1039,1008,299,291,503,388,276,290,149,156,263,204,140,127,150,135,240,184,136,163,943,30,913,동산로19길
2017,3,A,골목상권,1000856,3313,1645,1668,522,503,679,574,469,566,290,252,350,281,222,250,232,251,329,293,247,316,1441,26,1415,동산로10길
2017,3,A,골목상권,1000855,1707,776,931,321,211,261,336,247,331,163,94,112,148,125,134,158,117,149,188,122,197,727,8,719,동광로39길
2017,3,A,골목상권,1000854,3407,1581,1826,601,509,596,671,521,509,300,233,296,298,243,211,301,276,300,373,278,298,1445,30,1415,동광로1길
2017,3,A,골목상권,1000853,1379,620,759,271,191,193,271,201,252,105,83,96,124,101,111,166,108,97,147,100,141,549,13,536,동광로12길
2017,3,A,골목상권,1000852,1814,870,944,183,257,433,351,235,355,90,121,217,174,108,160,93,136,216,177,127,195,1027,157,870,논현로27길
2017,3,A,골목상권,1000851,3145,1539,1606,530,439,653,583,511,429,254,218,333,301,241,192,276,221,320,282,270,237,1340,92,1248,논현로1길
2017,3,A,골목상권,1000850,1477,710,767,242,217,360,267,163,228,115,101,185,131,77,101,127,116,175,136,86,127,698,60,638,남부순환로339길
2017,3,A,골목상권,1000849,2631,1282,1349,393,403,377,433,457,568,202,192,186,217,226,259,191,211,191,216,231,309,1119,229,890,남부순환로325길
2017,3,A,골목상권,1000848,1779,870,909,348,291,287,312,264,277,196,153,127,139,126,129,152,138,160,173,138,148,666,170,496,남부순환로317길
2017,3,A,골목상권,1000847,2057,980,1077,446,236,320,380,284,391,232,113,141,188,132,174,214,123,179,192,152,217,750,260,490,고무래로8길
2017,3,A,골목상권,1000846,3669,1815,1854,465,617,889,570,540,588,243,282,459,295,262,274,222,335,430,275,278,314,1848,55,1793,강남대로8길
2017,3,A,골목상권,1000845,2656,1268,1388,308,435,708,383,335,487,158,193,381,187,150,199,150,242,327,196,185,288,1336,108,1228,강남대로34길
2017,3,A,골목상권,1000844,1183,567,616,135,189,259,178,166,256,75,83,127,87,72,123,60,106,132,91,94,133,563,39,524,강남대로23길
2017,3,A,골목상권,1000843,710,397,313,44,38,79,163,142,244,32,16,40,105,90,114,12,22,39,58,52,130,510,0,510,소담길
2017,3,A,골목상권,1000842,1366,685,681,157,176,207,175,259,392,83,84,119,96,134,169,74,92,88,79,125,223,636,133,503,원신길
2017,3,A,골목상권,1000841,1817,906,911,195,204,221,282,321,594,95,110,123,163,163,252,100,94,98,119,158,342,891,0,891,양지길
2017,3,A,골목상권,1000840,1639,829,810,152,270,311,264,249,393,86,142,181,147,105,168,66,128,130,117,144,225,916,283,633,양산길
2017,3,A,골목상권,1000839,2474,1592,882,78,780,633,405,246,332,41,476,444,311,167,153,37,304,189,94,79,179,2019,0,2019,호암로24길
2017,3,A,골목상권,1000838,2943,1872,1071,146,852,721,490,333,401,81,537,499,366,193,196,65,315,222,124,140,205,2120,0,2120,호암로20길
2017,3,A,골목상권,1000837,4944,2454,2490,332,1501,1369,563,446,733,172,685,741,316,193,347,160,816,628,247,253,386,3311,0,3311,행운길
2017,3,A,골목상권,1000836,3281,1653,1628,302,658,599,429,488,805,159,311,319,232,262,370,143,347,280,197,226,435,1897,19,1878,행운1길
2017,3,A,골목상권,1000835,4354,2142,2212,561,543,638,642,713,1257,282,302,358,342,348,510,279,241,280,300,365,747,2108,375,1733,청림3길
2017,3,A,골목상권,1000834,3489,1652,1837,218,1151,802,377,379,562,110,477,424,192,177,272,108,674,378,185,202,290,2414,45,2369,청룡길
2017,3,A,골목상권,1000833,1718,844,874,223,343,344,241,205,362,118,168,182,115,97,164,105,175,162,126,108,198,940,0,940,청룡8길
2017,3,A,골목상권,1000832,3129,1545,1584,353,632,572,454,397,721,176,305,315,249,201,299,177,327,257,205,196,422,1649,48,1601,중앙길
2017,3,A,골목상권,1000831,4355,2240,2115,522,666,757,661,771,978,276,325,435,346,406,452,246,341,322,315,365,526,2291,50,2241,조원중앙로2길
2017,3,A,골목상권,1000830,1803,916,887,155,488,436,241,180,303,82,218,254,144,76,142,73,270,182,97,104,161,1154,0,1154,조원로18길
2017,3,A,골목상권,1000829,1384,724,660,106,239,281,202,230,326,51,125,152,108,129,159,55,114,129,94,101,167,833,0,833,조원로10길
2017,3,A,골목상권,1000828,1794,873,921,172,388,402,212,224,396,88,183,212,121,96,173,84,205,190,91,128,223,1027,0,1027,장군봉2길
2017,3,A,골목상권,1000827,905,433,472,105,116,141,114,147,282,60,49,70,65,72,117,45,67,71,49,75,165,537,32,505,장군봉1길
2017,3,A,골목상권,1000826,3037,1469,1568,394,469,599,500,417,658,204,232,301,238,198,296,190,237,298,262,219,362,1369,14,1355,인헌길
2017,3,A,골목상권,1000825,1549,762,787,312,168,281,275,206,307,155,93,143,141,108,122,157,75,138,134,98,185,595,14,581,은천로25길
2017,3,A,골목상권,1000824,4693,2280,2413,418,1090,945,571,649,1020,219,489,493,302,318,459,199,601,452,269,331,561,2658,87,2571,양녕로6길
2017,3,A,골목상권,1000823,2750,1358,1392,207,580,504,351,415,693,98,264,290,210,198,298,109,316,214,141,217,395,1630,0,1630,신원로3길
2017,3,A,골목상권,1000822,1892,961,931,154,470,409,265,243,351,84,227,228,134,126,162,70,243,181,131,117,189,1138,0,1138,신사로20길
2017,3,A,골목상권,1000821,1964,940,1024,71,794,555,201,159,184,32,336,306,103,78,85,39,458,249,98,81,99,1552,23,1529,신림로65길
2017,3,A,골목상권,1000820,1642,882,760,44,608,477,190,146,177,25,272,278,118,101,88,19,336,199,72,45,89,1324,0,1324,신림로64길
2017,3,A,골목상권,1000819,2590,1365,1225,214,624,565,350,383,454,119,332,340,199,168,207,95,292,225,151,215,247,1468,0,1468,신림로48길
2017,3,A,골목상권,1000818,2057,1063,994,207,439,425,290,276,420,111,232,245,164,126,185,96,207,180,126,150,235,1139,0,1139,신림로38길
2017,3,A,골목상권,1000817,3336,1929,1407,283,845,764,481,420,543,146,477,509,292,239,266,137,368,255,189,181,277,2140,43,2097,신림로28길
2017,3,A,골목상권,1000816,4647,2774,1873,341,1266,1013,711,578,738,179,749,681,482,343,340,162,517,332,229,235,398,3081,0,3081,신림로11길
2017,3,A,골목상권,1000815,3992,2054,1938,132,1429,1193,470,316,452,73,660,676,280,172,193,59,769,517,190,144,259,3167,0,3167,신림동길
2017,3,A,골목상권,1000814,3006,1414,1592,223,811,813,319,370,470,110,321,435,154,161,233,113,490,378,165,209,237,1721,89,1632,승방길
2017,3,A,골목상권,1000813,4196,2753,1443,235,1518,1089,540,327,487,131,994,790,406,192,240,104,524,299,134,135,247,3208,0,3208,서림7길
2017,3,A,골목상권,1000812,3862,1933,1929,431,650,734,575,537,935,231,313,397,314,256,422,200,337,337,261,281,513,1986,449,1537,봉천로33길
2017,3,A,골목상권,1000811,3819,1905,1914,554,607,633,567,559,899,309,318,328,289,258,403,245,289,305,278,301,496,1715,18,1697,봉천로13길
2017,3,A,골목상권,1000810,4312,2346,1966,443,988,919,609,554,799,221,562,561,355,285,362,222,426,358,254,269,437,2467,0,2467,복은길
2017,3,A,골목상권,1000809,1417,683,734,212,211,195,227,255,317,101,100,111,112,117,142,111,111,84,115,138,175,618,0,618,법원단지길
2017,3,A,골목상권,1000808,5340,2692,2648,821,805,714,912,945,1143,446,441,373,461,449,522,375,364,341,451,496,621,2121,17,2104,법원단지9길
2017,3,A,골목상권,1000807,4171,2079,2092,614,639,615,656,745,902,311,332,338,317,369,412,303,307,277,339,376,490,1807,295,1512,미성5길
2017,3,A,골목상권,1000806,1811,1103,708,101,556,416,259,185,294,50,337,280,188,117,131,51,219,136,71,68,163,1323,0,1323,대학길
2017,3,A,골목상권,1000805,2971,2060,911,169,850,619,545,380,408,87,571,473,424,285,220,82,279,146,121,95,188,2287,12,2275,대학14길
2017,3,A,골목상권,1000804,1869,923,946,205,330,344,299,277,414,100,164,177,148,137,197,105,166,167,151,140,217,999,0,999,당곡길
2017,3,A,골목상권,1000803,2022,948,1074,253,390,413,285,256,425,127,164,195,142,122,198,126,226,218,143,134,227,946,195,751,남현길
2017,3,A,골목상권,1000802,1563,710,853,102,356,420,190,203,292,46,143,204,91,91,135,56,213,216,99,112,157,950,26,924,남현3길
2017,3,A,골목상권,1000801,2870,1371,1499,275,604,667,364,403,557,137,265,343,196,181,249,138,339,324,168,222,308,1505,19,1486,남현2길
2017,3,A,골목상권,1000800,1687,795,892,173,347,304,249,248,366,87,147,156,119,125,161,86,200,148,130,123,205,879,61,818,남부순환로248길
2017,3,A,골목상권,1000799,2026,1057,969,176,513,454,271,214,398,88,280,259,139,103,188,88,233,195,132,111,210,1266,22,1244,남부순환로234길
2017,3,A,골목상권,1000798,2546,1301,1245,290,529,458,395,370,504,145,290,262,185,174,245,145,239,196,210,196,259,1318,19,1299,남부순환로172길
2017,3,A,골목상권,1000797,3927,1973,1954,493,742,643,660,662,727,260,354,370,315,341,333,233,388,273,345,321,394,1972,9,1963,남부순환로161길
2017,3,A,골목상권,1000796,3447,1700,1747,386,717,692,523,512,617,206,328,378,264,234,290,180,389,314,259,278,327,1816,30,1786,남부순환로151길
2017,3,A,골목상권,1000795,3221,1613,1608,386,568,642,474,498,653,187,284,355,248,254,285,199,284,287,226,244,368,1651,30,1621,남부순환로142길
2017,3,A,골목상권,1000794,2668,1381,1287,310,337,285,460,443,833,154,188,160,247,244,388,156,149,125,213,199,445,1330,0,1330,난향길
2017,3,A,골목상권,1000793,2462,1230,1232,402,323,345,426,415,551,199,173,182,204,212,260,203,150,163,222,203,291,1034,10,1024,난우길
2017,3,A,골목상권,1000792,1857,873,984,175,446,384,247,235,370,99,187,194,123,108,162,76,259,190,124,127,208,1114,0,1114,난곡로74길
2017,3,A,골목상권,1000791,2661,1350,1311,357,417,400,421,500,566,192,213,213,230,242,260,165,204,187,191,258,306,1164,0,1164,난곡로34길
2017,3,A,골목상권,1000790,3426,1763,1663,428,519,451,544,653,831,216,272,286,293,340,356,212,247,165,251,313,475,1668,0,1668,난곡로26길
2017,3,A,골목상권,1000789,2567,1357,1210,318,311,327,420,450,741,171,182,189,235,235,345,147,129,138,185,215,396,1190,0,1190,난곡로24길
2017,3,A,골목상권,1000788,5319,2680,2639,563,1528,1273,684,502,769,255,760,691,385,246,343,308,768,582,299,256,426,3283,0,3283,낙성대역길
2017,3,A,골목상권,1000787,5561,2752,2809,857,742,935,936,874,1217,427,382,496,497,399,551,430,360,439,439,475,666,2320,30,2290,국회단지길
2017,3,A,골목상권,1000786,3112,1551,1561,475,334,331,561,513,898,247,174,173,299,262,396,228,160,158,262,251,502,1415,30,1385,구암길
2017,3,A,골목상권,1000785,4355,2163,2192,399,1020,1044,560,506,826,196,497,574,304,229,363,203,523,470,256,277,463,2531,155,2376,관천로22길
2017,3,A,골목상권,1000784,4647,2352,2295,627,861,835,755,697,872,330,437,478,383,324,400,297,424,357,372,373,472,2297,10,2287,관천로15길
2017,3,A,골목상권,1000783,1982,1000,982,332,274,347,311,297,421,175,155,175,157,143,195,157,119,172,154,154,226,772,475,297,관악로30길
2017,3,A,골목상권,1000782,1652,822,830,269,217,281,269,256,360,137,110,146,141,120,168,132,107,135,128,136,192,616,395,221,관악로28길
2017,3,A,골목상권,1000781,1350,657,693,102,481,254,147,131,235,50,230,134,74,71,98,52,251,120,73,60,137,897,50,847,관악로14길
2017,3,A,골목상권,1000780,4566,2288,2278,529,1293,904,614,505,721,272,619,517,324,242,314,257,674,387,290,263,407,2621,191,2430,관악로10길
2017,3,A,골목상권,1000779,1937,986,951,194,582,283,225,247,406,97,343,145,117,108,176,97,239,138,108,139,230,1091,17,1074,흑석로9길
2017,3,A,골목상권,1000778,565,295,270,66,114,75,80,88,142,33,66,48,44,41,63,33,48,27,36,47,79,272,1,271,흑석로13길
2017,3,A,골목상권,1000777,2432,1273,1159,193,480,389,326,395,649,119,260,233,181,192,288,74,220,156,145,203,361,1364,0,1364,장승배기로27길
2017,3,A,골목상권,1000776,2561,1316,1245,228,396,341,373,479,744,113,227,194,201,250,331,115,169,147,172,229,413,1352,0,1352,장승배기로19길
2017,3,A,골목상권,1000775,400,208,192,39,69,58,59,72,103,19,38,34,29,39,49,20,31,24,30,33,54,227,21,206,장승배기로10길
2017,3,A,골목상권,1000774,3255,1499,1756,824,494,390,739,448,360,354,211,185,344,248,157,470,283,205,395,200,203,1216,189,1027,여의대방로46길
2017,3,A,골목상권,1000773,2841,1348,1493,428,473,574,450,397,519,229,179,281,218,202,239,199,294,293,232,195,280,1405,233,1172,여의대방로24길
2017,3,A,골목상권,1000772,2927,1454,1473,343,580,568,441,427,568,188,263,304,215,215,269,155,317,264,226,212,299,1466,0,1466,여의대방로22카길
2017,3,A,골목상권,1000771,2576,1256,1320,411,343,435,448,381,558,214,167,212,227,193,243,197,176,223,221,188,315,1125,209,916,여의대방로22나길
2017,3,A,골목상권,1000770,2316,1148,1168,290,426,476,363,335,426,166,193,257,187,158,187,124,233,219,176,177,239,1160,177,983,여의대방로22길
2017,3,A,골목상권,1000769,1926,952,974,329,262,312,332,298,393,180,128,152,172,137,183,149,134,160,160,161,210,731,126,605,양녕로26길
2017,3,A,골목상권,1000768,4064,1966,2098,482,586,625,670,676,1025,261,284,330,316,332,443,221,302,295,354,344,582,2232,0,2232,신대방길
2017,3,A,골목상권,1000767,2254,1122,1132,318,329,384,390,359,474,173,187,195,198,181,188,145,142,189,192,178,286,984,0,984,성대로29길
2017,3,A,골목상권,1000766,1032,525,507,93,207,199,136,178,219,48,107,103,74,90,103,45,100,96,62,88,116,598,0,598,성대로1길
2017,3,A,골목상권,1000765,674,318,356,61,118,89,86,117,203,25,61,40,46,63,83,36,57,49,40,54,120,383,0,383,서달로8가길
2017,3,A,골목상권,1000764,361,184,177,33,47,58,45,57,121,17,23,28,29,31,56,16,24,30,16,26,65,219,0,219,서달로15길
2017,3,A,골목상권,1000763,394,184,210,48,72,45,49,67,113,18,37,20,27,34,48,30,35,25,22,33,65,200,0,200,서달로14길
2017,3,A,골목상권,1000762,2962,1448,1514,319,476,441,465,498,763,159,267,227,241,243,311,160,209,214,224,255,452,1385,0,1385,서달로10길
2017,3,A,골목상권,1000761,2914,1382,1532,394,851,556,402,271,440,183,404,273,205,124,193,211,447,283,197,147,247,1647,134,1513,상도로62길
2017,3,A,골목상권,1000760,2304,1216,1088,250,688,414,284,256,412,136,407,227,140,113,193,114,281,187,144,143,219,1274,369,905,상도로61길
2017,3,A,골목상권,1000759,4088,2076,2012,510,1173,702,466,495,742,268,661,353,222,235,337,242,512,349,244,260,405,2158,109,2049,상도로47길
2017,3,A,골목상권,1000758,1331,628,703,175,352,250,172,153,229,77,163,128,92,67,101,98,189,122,80,86,128,705,0,705,상도로37길
2017,3,A,골목상권,1000757,3865,1873,1992,374,764,830,549,551,797,193,382,418,282,258,340,181,382,412,267,293,457,2059,31,2028,상도로15길
2017,3,A,골목상권,1000756,2576,1240,1336,277,436,524,400,383,556,147,206,260,205,179,243,130,230,264,195,204,313,1252,0,1252,사당로8길
2017,3,A,골목상권,1000755,1047,499,548,74,205,278,150,122,218,44,97,125,89,52,92,30,108,153,61,70,126,625,0,625,사당로30길
2017,3,A,골목상권,1000754,3341,1627,1714,523,508,616,546,468,680,286,235,306,276,218,306,237,273,310,270,250,374,1570,226,1344,사당로2차길
2017,3,A,골목상권,1000753,2601,1228,1373,266,446,514,352,447,576,131,212,241,173,222,249,135,234,273,179,225,327,1345,7,1338,사당로29길
2017,3,A,골목상권,1000752,2936,1399,1537,272,626,658,343,412,625,147,283,332,172,178,287,125,343,326,171,234,338,1520,25,1495,사당로26길
2017,3,A,골목상권,1000751,1051,533,518,128,137,172,163,164,287,67,75,99,86,81,125,61,62,73,77,83,162,496,0,496,사당로23나길
2017,3,A,골목상권,1000750,1234,592,642,247,155,199,223,170,240,132,68,81,114,85,112,115,87,118,109,85,128,402,383,19,사당로23길
2017,3,A,골목상권,1000749,2647,1262,1385,302,466,512,401,379,587,149,223,269,200,164,257,153,243,243,201,215,330,1317,0,1317,사당로20길
2017,3,A,골목상권,1000748,3599,1727,1872,425,480,657,561,539,937,207,226,355,292,257,390,218,254,302,269,282,547,1699,69,1630,사당로16길
2017,3,A,골목상권,1000747,2193,1056,1137,254,404,414,336,299,486,130,195,202,180,143,206,124,209,212,156,156,280,1059,34,1025,사당로16가길
2017,3,A,골목상권,1000746,3723,1920,1803,552,723,652,512,494,790,294,422,377,256,221,350,258,301,275,256,273,440,1704,450,1254,만양로8길
2017,3,A,골목상권,1000745,953,597,356,46,371,218,84,78,156,28,257,156,59,34,63,18,114,62,25,44,93,720,0,720,만양로14길
2017,3,A,골목상권,1000744,2031,1020,1011,206,377,357,262,343,486,112,195,202,134,171,206,94,182,155,128,172,280,1004,158,846,등용로14길
2017,3,A,골목상권,1000743,3371,1620,1751,216,825,764,385,475,706,119,374,371,210,220,326,97,451,393,175,255,380,1972,65,1907,동작대로7길
2017,3,A,골목상권,1000742,2575,1294,1281,334,336,437,393,438,637,185,165,239,209,207,289,149,171,198,184,231,348,1114,24,1090,동작대로35길
2017,3,A,골목상권,1000741,2614,1236,1378,243,402,465,399,393,712,137,197,235,189,162,316,106,205,230,210,231,396,1324,18,1306,동작대로33길
2017,3,A,골목상권,1000740,857,425,432,104,136,136,112,128,241,57,73,71,53,59,112,47,63,65,59,69,129,347,140,207,동작대로29길
2017,3,A,골목상권,1000739,2434,1128,1306,205,455,513,358,350,553,100,189,234,194,150,261,105,266,279,164,200,292,1422,0,1422,동작대로17길
2017,3,A,골목상권,1000738,3342,1526,1816,515,650,640,535,437,565,267,286,271,241,200,261,248,364,369,294,237,304,1496,50,1446,대방동2길
2017,3,A,골목상권,1000737,4169,2069,2100,801,721,700,804,532,611,418,352,358,409,269,263,383,369,342,395,263,348,1866,23,1843,대방동27길
2017,3,A,골목상권,1000736,3359,1689,1670,349,586,443,488,676,817,175,297,255,264,330,368,174,289,188,224,346,449,1606,17,1589,노량진로6길
2017,3,A,골목상권,1000735,3950,1895,2055,525,642,841,562,532,848,267,298,440,281,235,374,258,344,401,281,297,474,1930,16,1914,국사봉길
2017,3,A,골목상권,1000734,1294,588,706,140,275,308,183,151,237,78,106,140,83,74,107,62,169,168,100,77,130,706,0,706,국사봉2길
2017,3,A,골목상권,1000733,3331,1562,1769,339,595,608,506,493,790,173,257,309,254,222,347,166,338,299,252,271,443,1766,44,1722,국사봉1길
2017,3,A,골목상권,1000732,2730,1422,1308,252,372,512,398,482,714,130,205,277,222,248,340,122,167,235,176,234,374,1513,75,1438,영신로9길
2017,3,A,골목상권,1000731,2462,1253,1209,190,483,424,384,401,580,96,229,245,220,206,257,94,254,179,164,195,323,1539,29,1510,영등포로84길
2017,3,A,골목상권,1000730,2245,1138,1107,211,368,374,348,387,557,112,177,217,194,198,240,99,191,157,154,189,317,1244,0,1244,영등포로80길
2017,3,A,골목상권,1000729,1693,897,796,141,292,374,244,254,388,71,146,227,135,129,189,70,146,147,109,125,199,973,21,952,영등포로62길
2017,3,A,골목상권,1000728,1235,724,511,96,238,241,175,204,281,50,128,145,109,138,154,46,110,96,66,66,127,848,0,848,영등포로35길
2017,3,A,골목상권,1000727,1854,1034,820,162,291,373,283,305,440,80,150,233,179,180,212,82,141,140,104,125,228,1099,0,1099,영등포로27길
2017,3,A,골목상권,1000726,1688,836,852,145,317,284,235,297,410,63,136,163,132,152,190,82,181,121,103,145,220,964,0,964,영등포로25길
2017,3,A,골목상권,1000725,2368,1198,1170,254,312,492,383,367,560,122,148,287,202,187,252,132,164,205,181,180,308,1235,360,875,여의대방로61길
2017,3,A,골목상권,1000724,3504,1753,1751,445,497,533,569,629,831,246,249,290,291,304,373,199,248,243,278,325,458,1603,518,1085,여의대방로43나길
2017,3,A,골목상권,1000723,405,194,211,34,57,65,59,79,111,21,23,34,30,39,47,13,34,31,29,40,64,225,0,225,여의대방로39길
2017,3,A,골목상권,1000722,1622,825,797,196,226,217,267,274,442,104,122,118,138,135,208,92,104,99,129,139,234,760,22,738,여의대방로35길
2017,3,A,골목상권,1000721,3969,2026,1943,601,620,998,608,552,590,308,282,555,319,287,275,293,338,443,289,265,315,1675,730,945,양평로28길
2017,3,A,골목상권,1000720,1559,768,791,197,263,502,257,154,186,109,99,274,132,77,77,88,164,228,125,77,109,820,196,624,양평로22라길
2017,3,A,골목상권,1000719,3254,1615,1639,569,476,613,552,462,582,294,237,310,284,225,265,275,239,303,268,237,317,1235,624,611,양평로19길
2017,3,A,골목상권,1000718,3151,1548,1603,332,390,451,489,555,934,167,185,236,244,284,432,165,205,215,245,271,502,1542,0,1542,신길로60길
2017,3,A,골목상권,1000717,2891,1451,1440,333,419,350,451,555,783,168,209,208,237,283,346,165,210,142,214,272,437,1347,80,1267,신길로42길
2017,3,A,골목상권,1000716,4729,2337,2392,643,625,539,827,878,1217,339,326,293,407,441,531,304,299,246,420,437,686,2170,249,1921,신길로42가길
2017,3,A,골목상권,1000715,2081,1046,1035,260,260,221,362,405,573,138,139,121,178,210,260,122,121,100,184,195,313,1061,0,1061,신길로39길
2017,3,A,골목상권,1000714,2433,1184,1249,248,355,305,371,474,680,132,190,166,169,233,294,116,165,139,202,241,386,1158,23,1135,신길로17길
2017,3,A,골목상권,1000713,1112,582,530,154,108,183,171,179,317,94,62,96,94,88,148,60,46,87,77,91,169,480,33,447,선유서로28길
2017,3,A,골목상권,1000712,2959,1554,1405,380,411,626,496,399,647,213,218,331,295,200,297,167,193,295,201,199,350,1482,606,876,선유서로25길
2017,3,A,골목상권,1000711,1352,687,665,129,124,160,177,275,487,62,75,90,101,153,206,67,49,70,76,122,281,749,0,749,선유서로24길
2017,3,A,골목상권,1000710,2831,1430,1401,227,660,708,360,370,506,121,278,375,204,213,239,106,382,333,156,157,267,1778,33,1745,선유로55길
2017,3,A,골목상권,1000709,162,123,39,77,12,16,13,17,27,75,7,11,10,7,13,2,5,5,3,10,14,54,0,54,디지털로74길
2017,3,A,골목상권,1000708,1581,769,812,155,147,206,275,310,488,88,70,100,144,163,204,67,77,106,131,147,284,908,0,908,디지털로57길
2017,3,A,골목상권,1000707,1540,755,785,167,129,158,281,264,541,87,70,84,136,134,244,80,59,74,145,130,297,808,0,808,디지털로37길
2017,3,A,골목상권,1000706,1575,769,806,190,220,209,251,262,443,96,127,111,129,114,192,94,93,98,122,148,251,752,0,752,도신로62길
2017,3,A,골목상권,1000705,835,433,402,94,99,114,136,143,249,46,60,69,71,70,117,48,39,45,65,73,132,438,0,438,도신로60길
2017,3,A,골목상권,1000704,1695,868,827,232,236,240,304,294,389,136,128,122,154,147,181,96,108,118,150,147,208,745,87,658,도신로29길
2017,3,A,골목상권,1000703,3751,1871,1880,368,704,795,528,602,754,200,327,399,284,304,357,168,377,396,244,298,397,1898,12,1886,도신로15길
2017,3,A,골목상권,1000702,2285,1142,1143,259,338,384,316,402,586,127,184,200,161,181,289,132,154,184,155,221,297,1142,27,1115,도림천로21길
2017,3,A,골목상권,1000701,1591,821,770,218,201,183,263,319,407,117,110,97,131,172,194,101,91,86,132,147,213,718,0,718,도림로63길
2017,3,A,골목상권,1000700,375,199,176,16,48,53,39,64,155,9,24,25,28,35,78,7,24,28,11,29,77,225,0,225,도림로147길
2017,3,A,골목상권,1000699,2308,1185,1123,271,267,304,412,414,640,129,141,171,226,220,298,142,126,133,186,194,342,1124,22,1102,도림로112길
2017,3,A,골목상권,1000698,3096,1530,1566,348,441,427,497,507,876,184,218,226,248,254,400,164,223,201,249,253,476,1591,23,1568,대림로8길
2017,3,A,골목상권,1000697,1107,527,580,114,132,147,154,227,333,53,59,85,62,116,152,61,73,62,92,111,181,563,0,563,대림로7길
2017,3,A,골목상권,1000696,2388,1237,1151,363,351,296,431,474,473,188,196,155,211,257,230,175,155,141,220,217,243,1024,15,1009,대림로44길
2017,3,A,골목상권,1000695,2915,1503,1412,434,410,335,478,580,678,229,217,193,250,290,324,205,193,142,228,290,354,1198,134,1064,대림로34길
2017,3,A,골목상권,1000694,2505,1285,1220,266,313,359,449,505,613,137,167,204,231,263,283,129,146,155,218,242,330,1293,159,1134,대림로31길
2017,3,A,골목상권,1000693,2077,1093,984,178,283,341,334,395,546,98,141,205,183,217,249,80,142,136,151,178,297,1239,0,1239,대림로29길
2017,3,A,골목상권,1000692,4487,2275,2212,580,611,539,735,871,1151,302,323,294,380,438,538,278,288,245,355,433,613,1913,603,1310,대림로22길
2017,3,A,골목상권,1000691,2132,1063,1069,166,483,456,276,303,448,77,229,251,140,159,207,89,254,205,136,144,241,1260,20,1240,당산로46길
2017,3,A,골목상권,1000690,1663,805,858,132,535,454,189,160,193,63,227,264,92,71,88,69,308,190,97,89,105,1154,0,1154,당산로38길
2017,3,A,골목상권,1000689,1335,623,712,146,179,238,188,201,383,66,83,113,99,105,157,80,96,125,89,96,226,767,178,589,당산로37길
2017,3,A,골목상권,1000688,880,453,427,102,158,170,144,116,190,57,69,94,80,64,89,45,89,76,64,52,101,484,65,419,당산로31길
2017,3,A,골목상권,1000687,2475,1490,985,106,710,855,266,229,309,55,376,567,190,137,165,51,334,288,76,92,144,1884,33,1851,국회대로56길
2017,3,A,골목상권,1000686,164,124,40,2,8,12,18,40,84,0,4,10,15,31,64,2,4,2,3,9,20,144,0,144,경인로90길
2017,3,A,골목상권,1000685,145,83,62,8,10,19,22,25,61,4,7,14,14,17,27,4,3,5,8,8,34,75,0,75,경인로80길
2017,3,A,골목상권,1000684,296,176,120,6,44,52,35,58,101,4,27,32,25,39,49,2,17,20,10,19,52,216,0,216,경인로77길
2017,3,A,골목상권,1000683,2018,1025,993,250,296,223,345,403,501,135,164,122,170,215,219,115,132,101,175,188,282,920,0,920,가마산로61길
2017,3,A,골목상권,1000682,4010,2034,1976,510,597,620,632,797,854,273,298,351,299,400,413,237,299,269,333,397,441,1901,33,1868,시흥대로94길
2017,3,A,골목상권,1000681,6202,3111,3091,838,922,892,963,1220,1367,445,479,466,478,609,634,393,443,426,485,611,733,2709,105,2604,시흥대로84길
2017,3,A,골목상권,1000680,2664,1365,1299,345,340,392,409,498,680,192,174,216,219,241,323,153,166,176,190,257,357,1215,7,1208,시흥대로68길
2017,3,A,골목상권,1000679,1640,817,823,187,215,321,265,272,380,90,105,175,135,130,182,97,110,146,130,142,198,805,384,421,시흥대로63길
2017,3,A,골목상권,1000678,3214,1612,1602,439,437,419,529,615,775,226,249,222,270,300,345,213,188,197,259,315,430,1485,48,1437,시흥대로62가길
2017,3,A,골목상권,1000677,1971,1012,959,301,251,281,333,337,468,147,137,151,179,177,221,154,114,130,154,160,247,820,48,772,시흥대로36길
2017,3,A,골목상권,1000676,3539,1763,1776,531,465,545,501,609,888,264,240,286,268,297,408,267,225,259,233,312,480,1324,182,1142,시흥대로22길
2017,3,A,골목상권,1000675,2001,1113,888,185,420,462,246,351,337,98,218,282,138,199,178,87,202,180,108,152,159,1197,73,1124,시흥대로153길
2017,3,A,골목상권,1000674,4924,2493,2431,654,681,767,763,917,1142,326,358,417,394,455,543,328,323,350,369,462,599,2167,411,1756,시흥대로150길
2017,3,A,골목상권,1000673,2344,1270,1074,193,486,421,341,439,464,85,226,246,214,252,247,108,260,175,127,187,217,1496,0,1496,시흥대로141길
2017,3,A,골목상권,1000672,617,322,295,73,58,77,100,117,192,40,34,42,56,55,95,33,24,35,44,62,97,320,23,297,시흥대로138길
2017,3,A,골목상권,1000671,3385,1698,1687,427,498,459,537,684,780,215,256,238,283,352,354,212,242,221,254,332,426,1528,62,1466,시흥대로120길
2017,3,A,골목상권,1000670,1125,592,533,100,134,176,178,226,311,49,76,104,102,124,137,51,58,72,76,102,174,649,0,649,벚꽃로56길
2017,3,A,골목상권,1000669,1613,863,750,194,278,348,287,220,286,90,145,208,162,121,137,104,133,140,125,99,149,820,302,518,범안로17길
2017,3,A,골목상권,1000668,1288,739,549,77,394,452,157,94,114,31,193,295,107,56,57,46,201,157,50,38,57,964,116,848,범안로11길
2017,3,A,골목상권,1000667,3181,1594,1587,344,478,471,517,618,753,161,243,275,264,301,350,183,235,196,253,317,403,1532,53,1479,문성로5길
2017,3,A,골목상권,1000666,688,326,362,89,88,103,126,132,150,45,44,55,61,62,59,44,44,48,65,70,91,312,12,300,독산로85길
2017,3,A,골목상권,1000665,3750,1884,1866,558,507,510,595,718,862,268,266,277,294,384,395,290,241,233,301,334,467,1594,78,1516,독산로78다길
2017,3,A,골목상권,1000664,2726,1381,1345,280,339,328,509,602,668,135,175,179,261,331,300,145,164,149,248,271,368,1466,0,1466,독산로70길
2017,3,A,골목상권,1000663,2513,1268,1245,339,354,305,438,533,544,171,196,165,219,280,237,168,158,140,219,253,307,1110,13,1097,독산로64길
2017,3,A,골목상권,1000662,2410,1202,1208,368,345,346,358,462,531,195,175,176,175,212,269,173,170,170,183,250,262,861,251,610,독산로50길
2017,3,A,골목상권,1000661,2617,1300,1317,391,330,374,415,490,617,200,173,204,208,233,282,191,157,170,207,257,335,1132,38,1094,독산로40길
2017,3,A,골목상권,1000660,1968,1038,930,223,322,343,319,379,382,125,169,202,153,206,183,98,153,141,166,173,199,1013,14,999,독산로108길
2017,3,A,골목상권,1000659,2298,1353,945,114,595,531,332,382,344,50,299,349,225,233,197,64,296,182,107,149,147,1718,11,1707,남부순환로112길
2017,3,A,골목상권,1000658,4435,2264,2171,617,584,509,723,855,1147,317,314,293,366,463,511,300,270,216,357,392,636,2036,18,2018,금하로24길
2017,3,A,골목상권,1000657,2181,1107,1074,315,311,293,401,372,489,149,152,188,199,199,220,166,159,105,202,173,269,1016,0,1016,금하로1길
2017,3,A,골목상권,1000656,1781,870,911,214,250,245,296,316,460,95,119,133,148,160,215,119,131,112,148,156,245,835,29,806,금하로14길
2017,3,A,골목상권,1000655,3367,1977,1390,282,788,954,441,413,489,159,419,618,280,248,253,123,369,336,161,165,236,2222,326,1896,가산로5길
2017,3,A,골목상권,1000654,1019,636,383,61,280,340,153,98,87,19,154,241,118,59,45,42,126,99,35,39,42,759,0,759,가산로3길
2017,3,A,골목상권,1000653,1227,615,612,183,204,193,188,198,261,96,104,104,95,99,117,87,100,89,93,99,144,493,183,310,중앙로1길
2017,3,A,골목상권,1000652,1644,819,825,251,225,248,241,286,393,127,123,129,130,133,177,124,102,119,111,153,216,644,128,516,중앙로15길
2017,3,A,골목상권,1000651,953,536,417,55,120,79,141,277,281,29,62,51,92,158,144,26,58,28,49,119,137,576,0,576,우마길
2017,3,A,골목상권,1000650,2224,1121,1103,301,299,297,299,363,665,159,167,167,160,181,287,142,132,130,139,182,378,1076,0,1076,오류로8길
2017,3,A,골목상권,1000649,548,277,271,53,71,59,89,110,166,20,41,25,53,61,77,33,30,34,36,49,89,258,0,258,신도림로13길
2017,3,A,골목상권,1000648,2758,1357,1401,359,440,624,376,389,570,194,207,304,188,185,279,165,233,320,188,204,291,1286,335,951,새말로18길
2017,3,A,골목상권,1000647,1470,759,711,186,170,283,216,236,379,109,77,149,123,123,178,77,93,134,93,113,201,620,66,554,부일로1길
2017,3,A,골목상권,1000646,1615,791,824,249,206,245,273,240,402,122,112,121,139,119,178,127,94,124,134,121,224,695,9,686,부일로15길
2017,3,A,골목상권,1000645,2726,1394,1332,461,400,335,490,467,573,259,216,174,228,240,277,202,184,161,262,227,296,1078,35,1043,부일로11길
2017,3,A,골목상권,1000644,1560,853,707,36,528,562,210,116,108,17,229,338,133,78,58,19,299,224,77,38,50,1333,0,1333,디지털로32길
2017,3,A,골목상권,1000643,4808,2636,2172,115,1794,1883,488,227,301,61,816,1145,332,122,160,54,978,738,156,105,141,4153,95,4058,디지털로32가길
2017,3,A,골목상권,1000642,1371,733,638,158,128,187,224,250,424,79,72,105,132,141,204,79,56,82,92,109,220,710,0,710,디지털로27길
2017,3,A,골목상권,1000641,1569,795,774,176,208,217,229,326,413,87,108,123,128,175,174,89,100,94,101,151,239,775,4,771,도림로6길
2017,3,A,골목상권,1000640,2370,1147,1223,327,291,354,387,407,604,162,158,174,194,196,263,165,133,180,193,211,341,1013,24,989,도림로12길
2017,3,A,골목상권,1000639,1314,626,688,205,137,245,183,170,374,95,66,122,88,68,187,110,71,123,95,102,187,494,449,45,남부순환로97길
2017,3,A,골목상권,1000638,3053,1492,1561,338,365,405,470,585,890,168,195,189,241,286,413,170,170,216,229,299,477,1433,254,1179,구로중앙로8길
2017,3,A,골목상권,1000637,777,390,387,74,62,103,111,148,279,39,31,53,67,73,127,35,31,50,44,75,152,404,0,404,구로중앙로7길
2017,3,A,골목상권,1000636,925,507,418,112,134,136,139,163,241,60,85,81,81,85,115,52,49,55,58,78,126,433,0,433,구로중앙로42길
2017,3,A,골목상권,1000635,1220,617,603,133,175,133,196,256,327,69,99,75,93,133,148,64,76,58,103,123,179,576,41,535,구로중앙로34길
2017,3,A,골목상권,1000634,3382,1679,1703,438,515,610,571,565,683,209,225,326,307,298,314,229,290,284,264,267,369,1701,176,1525,구로중앙로28길
2017,3,A,골목상권,1000633,865,421,444,100,114,98,140,164,249,49,49,58,70,87,108,51,65,40,70,77,141,420,9,411,구로중앙로19길
2017,3,A,골목상권,1000632,6516,3275,3241,782,867,875,1004,1225,1763,421,507,456,517,580,794,361,360,419,487,645,969,2826,0,2826,구로동로8길
2017,3,A,골목상권,1000631,2819,1503,1316,321,322,332,457,566,821,187,189,188,261,284,394,134,133,144,196,282,427,1365,4,1361,구로동로7길
2017,3,A,골목상권,1000630,2012,1002,1010,256,228,249,350,350,579,130,118,125,182,185,262,126,110,124,168,165,317,934,0,934,구로동로42길
2017,3,A,골목상권,1000629,2578,1326,1252,311,342,312,439,516,658,159,175,174,248,268,302,152,167,138,191,248,356,1214,0,1214,구로동로41길
2017,3,A,골목상권,1000628,2153,1048,1105,269,268,256,341,419,600,119,141,143,172,214,259,150,127,113,169,205,341,1074,17,1057,구로동로38길
2017,3,A,골목상권,1000627,2132,1077,1055,254,249,249,386,389,605,138,124,140,191,218,266,116,125,109,195,171,339,1127,76,1051,구로동로28길
2017,3,A,골목상권,1000626,1021,534,487,110,119,106,142,235,309,58,78,63,68,124,143,52,41,43,74,111,166,529,0,529,구로동로15길
2017,3,A,골목상권,1000625,2064,911,1153,201,569,538,265,206,285,85,184,258,141,101,142,116,385,280,124,105,143,1322,186,1136,공원로6가길
2017,3,A,골목상권,1000624,3239,1595,1644,545,433,457,539,591,674,275,216,234,272,287,311,270,217,223,267,304,363,1265,668,597,고척로52길
2017,3,A,골목상권,1000623,4487,2224,2263,666,660,557,766,839,999,328,352,288,376,427,453,338,308,269,390,412,546,1960,36,1924,고척로27다길
2017,3,A,골목상권,1000622,2673,1371,1302,372,371,358,435,473,664,196,197,199,222,250,307,176,174,159,213,223,357,1184,0,1184,고척로27길
2017,3,A,골목상권,1000621,2677,1386,1291,406,324,357,448,469,673,213,178,200,230,248,317,193,146,157,218,221,356,1225,0,1225,고척로21나길
2017,3,A,골목상권,1000620,2170,1077,1093,302,346,313,327,375,507,139,175,160,167,191,245,163,171,153,160,184,262,898,458,440,경인로47길
2017,3,A,골목상권,1000619,3180,1640,1540,373,385,378,481,626,937,196,197,202,271,334,440,177,188,176,210,292,497,1518,0,1518,경인로35길
2017,3,A,골목상권,1000618,1990,1043,947,206,243,223,352,422,544,99,131,129,205,231,248,107,112,94,147,191,296,1079,0,1079,경인로31길
2017,3,A,골목상권,1000617,3709,1876,1833,496,475,587,589,610,952,258,249,303,328,298,440,238,226,284,261,312,512,1621,62,1559,경인로15길
2017,3,A,골목상권,1000616,3103,1525,1578,485,385,534,511,514,674,239,200,282,262,250,292,246,185,252,249,264,382,1303,45,1258,개봉로3길
2017,3,A,골목상권,1000615,2443,1159,1284,428,279,438,403,364,531,209,144,211,194,161,240,219,135,227,209,203,291,1001,0,1001,개봉로2길
2017,3,A,골목상권,1000614,2322,1124,1198,312,247,426,327,349,661,142,128,211,176,165,302,170,119,215,151,184,359,975,509,466,개봉로23가길
2017,3,A,골목상권,1000613,3685,1768,1917,609,471,635,516,577,877,315,225,293,263,253,419,294,246,342,253,324,458,1323,792,531,개봉로20길
2017,3,A,골목상권,1000612,2229,1111,1118,349,285,362,366,351,516,174,145,204,177,173,238,175,140,158,189,178,278,893,149,744,개봉로1길
2017,3,A,골목상권,1000611,3475,1754,1721,482,479,595,537,565,817,245,252,309,267,284,397,237,227,286,270,281,420,1542,69,1473,개봉로17다길
2017,3,A,골목상권,1000610,5715,2807,2908,883,822,919,907,975,1209,462,416,475,458,457,539,421,406,444,449,518,670,2265,72,2193,개봉로17길
2017,3,A,골목상권,1000609,5317,2621,2696,829,743,829,889,853,1174,447,372,428,433,397,544,382,371,401,456,456,630,2094,38,2056,개봉로11길
2017,3,A,골목상권,1000608,3848,1852,1996,476,757,803,572,564,676,272,271,421,285,287,316,204,486,382,287,277,360,1983,545,1438,화곡로64길
2017,3,A,골목상권,1000607,2328,1119,1209,363,385,374,359,446,401,184,201,170,158,215,191,179,184,204,201,231,210,855,406,449,화곡로59길
2017,3,A,골목상권,1000606,3234,1611,1623,455,484,697,532,483,583,239,223,387,281,214,267,216,261,310,251,269,316,1540,57,1483,화곡로44나길
2017,3,A,골목상권,1000605,4017,1929,2088,412,657,770,539,656,983,218,340,384,253,290,444,194,317,386,286,366,539,1898,19,1879,화곡로31길
2017,3,A,골목상권,1000604,3387,1663,1724,506,458,643,518,533,729,252,232,331,258,250,340,254,226,312,260,283,389,1447,65,1382,화곡로20길
2017,3,A,골목상권,1000603,3262,1585,1677,523,510,467,561,531,670,273,265,234,268,237,308,250,245,233,293,294,362,1298,126,1172,화곡로13길
2017,3,A,골목상권,1000602,3706,1895,1811,487,540,513,539,670,957,263,286,289,290,318,449,224,254,224,249,352,508,1625,22,1603,초원로16길
2017,3,A,골목상권,1000601,4897,2429,2468,940,685,944,889,668,771,500,348,492,453,308,328,440,337,452,436,360,443,1960,34,1926,초록마을로8길
2017,3,A,골목상권,1000600,2548,1308,1240,199,480,658,462,332,417,93,232,378,263,168,174,106,248,280,199,164,243,1589,23,1566,초록마을로3길
2017,3,A,골목상권,1000599,2213,1185,1028,167,390,648,330,326,352,74,188,375,200,179,169,93,202,273,130,147,183,1370,161,1209,월정로20길
2017,3,A,골목상권,1000598,5752,2719,3033,1401,763,744,1204,858,782,656,356,345,574,425,363,745,407,399,630,433,419,1944,630,1314,우장산로6길
2017,3,A,골목상권,1000597,2696,1390,1306,718,310,456,599,315,298,406,153,211,310,172,138,312,157,245,289,143,160,975,356,619,양천로73가길
2017,3,A,골목상권,1000596,7302,3580,3722,1908,867,999,1584,1036,908,943,467,444,805,515,406,965,400,555,779,521,502,2236,2137,99,양천로71길
2017,3,A,골목상권,1000595,1195,618,577,162,220,234,162,177,240,94,109,121,88,94,112,68,111,113,74,83,128,503,20,483,양천로49길
2017,3,A,골목상권,1000594,2229,1081,1148,483,232,435,384,306,389,243,126,204,188,149,171,240,106,231,196,157,218,789,240,549,양천로26길
2017,3,A,골목상권,1000593,3831,1956,1875,619,494,673,555,615,875,347,263,342,295,279,430,272,231,331,260,336,445,1551,455,1096,양천로24길
2017,3,A,골목상권,1000592,2898,1437,1461,509,357,451,534,436,611,258,183,243,265,215,273,251,174,208,269,221,338,1149,225,924,양천로24가길
2017,3,A,골목상권,1000591,4620,2280,2340,828,595,683,732,770,1012,421,299,350,388,361,461,407,296,333,344,409,551,1642,526,1116,양천로14길
2017,3,A,골목상권,1000590,2436,1266,1170,348,293,443,480,379,493,186,143,238,267,200,232,162,150,205,213,179,261,1152,6,1146,방화대로6라길
2017,3,A,골목상권,1000589,2405,1231,1174,313,345,366,341,444,596,167,169,218,188,209,280,146,176,148,153,235,316,1149,47,1102,방화대로21길
2017,3,A,골목상권,1000588,1508,706,802,198,236,282,201,248,343,99,110,149,95,107,146,99,126,133,106,141,197,651,47,604,등촌로5길
2017,3,A,골목상권,1000587,2724,1313,1411,381,475,723,400,347,398,203,209,385,188,143,185,178,266,338,212,204,213,1237,84,1153,등촌로55길
2017,3,A,골목상권,1000586,2154,1078,1076,363,331,334,317,372,437,185,191,166,152,171,213,178,140,168,165,201,224,764,235,529,등촌로51길
2017,3,A,골목상권,1000585,3310,1694,1616,571,499,598,537,533,572,314,274,331,269,256,250,257,225,267,268,277,322,1285,95,1190,등촌로39길
2017,3,A,골목상권,1000584,3907,1931,1976,545,542,745,637,640,798,288,286,390,314,301,352,257,256,355,323,339,446,1643,25,1618,등촌로13길
2017,3,A,골목상권,1000583,3975,2099,1876,602,518,781,704,623,747,325,268,434,396,332,344,277,250,347,308,291,403,1892,47,1845,남부순환로11길
2017,3,A,골목상권,1000582,4505,2188,2317,848,591,912,777,572,805,443,275,467,398,269,336,405,316,445,379,303,469,1790,28,1762,까치산로4길
2017,3,A,골목상권,1000581,2358,1153,1205,259,339,442,343,389,586,119,182,247,168,175,262,140,157,195,175,214,324,1032,100,932,국회대로7길
2017,3,A,골목상권,1000580,2979,1518,1461,347,517,521,444,444,706,186,267,273,245,212,335,161,250,248,199,232,371,1538,11,1527,공항대로8길
2017,3,A,골목상권,1000579,2062,1023,1039,397,268,410,388,282,317,206,136,201,196,144,140,191,132,209,192,138,177,804,300,504,공항대로61길
2017,3,A,골목상권,1000578,2843,1408,1435,525,377,431,451,494,565,288,189,201,223,242,265,237,188,230,228,252,300,1065,508,557,공항대로59다길
2017,3,A,골목상권,1000577,2183,1014,1169,198,450,591,338,282,324,98,164,293,173,139,147,100,286,298,165,143,177,1266,0,1266,공항대로59길
2017,3,A,골목상권,1000576,2092,1053,1039,349,316,347,324,342,414,197,170,184,149,164,189,152,146,163,175,178,225,840,4,836,공항대로55길
2017,3,A,골목상권,1000575,1139,548,591,252,140,163,238,170,176,119,70,77,115,82,85,133,70,86,123,88,91,419,18,401,공항대로42길
2017,3,A,골목상권,1000574,410,202,208,73,64,89,66,65,53,36,37,47,32,30,20,37,27,42,34,35,33,185,0,185,공항대로38길
2017,3,A,골목상권,1000573,2048,1016,1032,201,309,445,292,326,475,104,160,229,144,153,226,97,149,216,148,173,249,1056,17,1039,곰달래로60길
2017,3,A,골목상권,1000572,3731,1854,1877,667,492,604,697,546,725,356,258,317,341,268,314,311,234,287,356,278,411,1519,90,1429,곰달래로53길
2017,3,A,골목상권,1000571,4163,2025,2138,740,543,757,782,595,746,358,276,395,378,281,337,382,267,362,404,314,409,1672,79,1593,곰달래로47길
2017,3,A,골목상권,1000570,3431,1653,1778,720,409,695,616,429,562,370,197,342,298,190,256,350,212,353,318,239,306,1301,47,1254,곰달래로31길
2017,3,A,골목상권,1000569,3070,1454,1616,437,361,566,521,498,687,203,180,280,276,221,294,234,181,286,245,277,393,1383,31,1352,곰달래로25길
2017,3,A,골목상권,1000568,2457,1246,1211,208,659,462,314,328,486,100,300,276,169,168,233,108,359,186,145,160,253,1467,45,1422,개화동로25길
2017,3,A,골목상권,1000567,3923,1931,1992,472,498,519,599,762,1073,238,270,264,299,369,491,234,228,255,300,393,582,1886,90,1796,개화동로23길
2017,3,A,골목상권,1000566,3348,1670,1678,462,414,643,510,492,827,233,201,343,270,228,395,229,213,300,240,264,432,1495,197,1298,강서로8길
2017,3,A,골목상권,1000565,2913,1446,1467,432,360,599,452,472,598,224,181,321,235,211,274,208,179,278,217,261,324,1264,103,1161,강서로5라길
2017,3,A,골목상권,1000564,2990,1491,1499,229,666,864,385,334,512,115,271,497,212,151,245,114,395,367,173,183,267,1847,336,1511,강서로5나길
2017,3,A,골목상권,1000563,1866,946,920,160,318,438,273,266,411,83,136,236,156,132,203,77,182,202,117,134,208,1056,103,953,강서로5가길
2017,3,A,골목상권,1000562,3803,1789,2014,893,551,475,771,608,505,415,272,238,354,295,215,478,279,237,417,313,290,1323,183,1140,강서로47라길
2017,3,A,골목상권,1000561,4323,2092,2231,954,586,546,873,702,662,454,298,272,424,370,274,500,288,274,449,332,388,1562,528,1034,강서로47길
2017,3,A,골목상권,1000560,2765,1331,1434,430,396,514,437,414,574,216,192,269,221,179,254,214,204,245,216,235,320,1129,152,977,강서로45다길
2017,3,A,골목상권,1000559,983,483,500,197,128,154,172,137,195,91,57,78,88,62,107,106,71,76,84,75,88,371,126,245,강서로45길
2017,3,A,골목상권,1000558,3961,1903,2058,491,611,704,595,704,856,246,282,364,282,345,384,245,329,340,313,359,472,1788,37,1751,강서로35길
2017,3,A,골목상권,1000557,3209,1553,1656,435,531,805,452,452,534,220,251,416,223,201,242,215,280,389,229,251,292,1486,177,1309,강서로29길
2017,3,A,골목상권,1000556,6976,3399,3577,1073,931,1410,1120,991,1451,556,450,726,557,465,645,517,481,684,563,526,806,2871,109,2762,강서로18길
2017,3,A,골목상권,1000555,3205,1615,1590,354,503,626,468,558,696,190,255,344,245,249,332,164,248,282,223,309,364,1372,271,1101,강서로17가길
2017,3,A,골목상권,1000554,5579,2787,2792,626,798,1094,843,972,1246,299,405,597,442,500,544,327,393,497,401,472,702,2799,179,2620,강서로15길
2017,3,A,골목상권,1000553,3041,1537,1504,445,428,585,462,486,635,240,230,310,242,227,288,205,198,275,220,259,347,1231,44,1187,가로공원로80길
2017,3,A,골목상권,1000552,3207,1556,1651,458,448,615,518,500,668,225,221,322,264,222,302,233,227,293,254,278,366,1365,102,1263,가로공원로76가길
2017,3,A,골목상권,1000551,1635,806,829,230,215,238,249,322,381,119,111,122,119,153,182,111,104,116,130,169,199,742,115,627,화곡로4길
2017,3,A,골목상권,1000550,3487,1734,1753,717,531,551,578,521,589,375,273,272,286,259,269,342,258,279,292,262,320,1291,358,933,화곡로3길
2017,3,A,골목상권,1000549,3557,1743,1814,487,448,526,525,620,951,234,233,298,277,272,429,253,215,228,248,348,522,1482,0,1482,지양로7길
2017,3,A,골목상권,1000548,4171,2101,2070,660,562,623,673,737,916,348,304,327,334,370,418,312,258,296,339,367,498,1648,303,1345,중앙로55길
2017,3,A,골목상권,1000547,4552,2256,2296,816,602,740,719,693,982,397,315,382,360,340,462,419,287,358,359,353,520,1650,479,1171,중앙로51길
2017,3,A,골목상권,1000546,2367,1241,1126,244,298,323,394,488,620,138,166,186,209,250,292,106,132,137,185,238,328,1161,27,1134,중앙로47길
2017,3,A,골목상권,1000545,2226,1095,1131,316,284,341,365,384,536,164,147,184,183,168,249,152,137,157,182,216,287,1033,111,922,중앙로45길
2017,3,A,골목상권,1000544,951,458,493,176,106,107,190,139,233,96,46,56,89,72,99,80,60,51,101,67,134,412,9,403,중앙로36길
2017,3,A,골목상권,1000543,1078,533,545,235,144,123,198,170,208,121,77,63,91,96,85,114,67,60,107,74,123,418,71,347,중앙로32길
2017,3,A,골목상권,1000542,2648,1358,1290,303,307,345,461,505,727,162,162,188,252,258,336,141,145,157,209,247,391,1356,44,1312,중앙로25길
2017,3,A,골목상권,1000541,3275,1619,1656,510,414,561,533,521,736,266,215,284,271,244,339,244,199,277,262,277,397,1388,120,1268,은행정로7길
2017,3,A,골목상권,1000540,811,431,380,124,83,106,138,146,214,69,45,61,69,80,107,55,38,45,69,66,107,402,0,402,은행정로5길
2017,3,A,골목상권,1000539,4090,1997,2093,831,448,695,640,626,850,418,235,317,329,309,389,413,213,378,311,317,461,1481,494,987,오목로5길
2017,3,A,골목상권,1000538,3797,1883,1914,782,434,617,641,568,755,404,228,294,329,268,360,378,206,323,312,300,395,1290,668,622,오목로3길
2017,3,A,골목상권,1000537,3714,1830,1884,432,571,631,576,644,860,222,278,355,274,306,395,210,293,276,302,338,465,1658,24,1634,오목로30길
2017,3,A,골목상권,1000536,4483,2223,2260,625,663,896,740,698,861,315,332,463,357,342,414,310,331,433,383,356,447,2066,40,2026,오목로23길
2017,3,A,골목상권,1000535,2039,1042,997,378,244,344,352,323,398,199,138,175,180,151,199,179,106,169,172,172,199,741,572,169,신월로20길
2017,3,A,골목상권,1000534,5821,2882,2939,1011,775,821,932,1002,1280,539,408,408,454,492,581,472,367,413,478,510,699,2031,663,1368,신월로15길
2017,3,A,골목상권,1000533,2471,1214,1257,459,335,324,464,420,469,253,172,157,214,218,200,206,163,167,250,202,269,999,83,916,신목로6길
2017,3,A,골목상권,1000532,2255,1134,1121,564,327,213,494,394,263,290,179,103,217,221,124,274,148,110,277,173,139,709,243,466,신목로5길
2017,3,A,골목상권,1000531,2108,1033,1075,376,363,195,363,452,359,199,189,93,163,228,161,177,174,102,200,224,198,741,250,491,신목로2길
2017,3,A,골목상권,1000530,1394,681,713,190,205,268,207,214,310,109,106,128,100,108,130,81,99,140,107,106,180,636,27,609,목동중앙서로8가길
2017,3,A,골목상권,1000529,3703,1853,1850,589,570,607,663,613,661,325,306,322,314,298,288,264,264,285,349,315,373,1581,29,1552,목동중앙서로7길
2017,3,A,골목상권,1000528,2203,1029,1174,303,323,417,323,351,486,157,156,203,161,147,205,146,167,214,162,204,281,1039,8,1031,목동중앙북로8길
2017,3,A,골목상권,1000527,3382,1643,1739,409,595,856,464,500,558,220,259,434,228,239,263,189,336,422,236,261,295,1617,68,1549,목동중앙북로16길
2017,3,A,골목상권,1000526,2985,1502,1483,541,454,445,505,508,532,328,247,219,227,246,235,213,207,226,278,262,297,1143,77,1066,목동중앙본로7길
2017,3,A,골목상권,1000525,2485,1207,1278,587,347,294,500,401,356,294,185,142,222,211,153,293,162,152,278,190,203,863,86,777,목동중앙로3길
2017,3,A,골목상권,1000524,1123,582,541,176,184,257,169,151,186,106,78,142,84,86,86,70,106,115,85,65,100,545,49,496,목동중앙로13나길
2017,3,A,골목상권,1000523,2738,1376,1362,503,443,408,456,456,472,293,240,189,217,219,218,210,203,219,239,237,254,997,232,765,목동중앙남로3가길
2017,3,A,골목상권,1000522,3525,1666,1859,595,557,594,626,557,596,305,258,278,292,250,283,290,299,316,334,307,313,1396,134,1262,목동로9길
2017,3,A,골목상권,1000521,2409,1124,1285,392,348,430,385,353,501,180,165,202,183,171,223,212,183,228,202,182,278,982,57,925,목동로19길
2017,3,A,골목상권,1000520,1002,455,547,235,122,116,230,158,141,109,52,56,103,84,51,126,70,60,127,74,90,376,19,357,목동동로8길
2017,3,A,골목상권,1000519,2309,1101,1208,526,321,250,464,366,382,257,155,121,205,187,176,269,166,129,259,179,206,804,343,461,목동동로12길
2017,3,A,골목상권,1000518,1296,626,670,272,183,162,244,202,233,132,87,86,110,107,104,140,96,76,134,95,129,439,174,265,목동남로4길
2017,3,A,골목상권,1000517,1861,909,952,478,219,238,408,277,241,238,111,117,187,137,119,240,108,121,221,140,122,580,304,276,남부순환로88길
2017,3,A,골목상권,1000516,796,417,379,89,91,106,106,191,213,44,55,64,53,95,106,45,36,42,53,96,107,408,95,313,남부순환로79길
2017,3,A,골목상권,1000515,4883,2440,2443,615,701,632,742,932,1261,293,392,349,368,480,558,322,309,283,374,452,703,2100,0,2100,남부순환로70길
2017,3,A,골목상권,1000514,2190,1095,1095,319,317,326,345,392,491,166,156,184,168,187,234,153,161,142,177,205,257,1024,23,1001,남부순환로58길
2017,3,A,골목상권,1000513,2541,1384,1157,267,284,347,427,520,696,136,143,214,251,299,341,131,141,133,176,221,355,1376,17,1359,남부순환로40길
2017,3,A,골목상권,1000512,3880,1906,1974,510,573,629,575,707,886,240,287,352,275,341,411,270,286,277,300,366,475,1657,105,1552,남부순환로33길
2017,3,A,골목상권,1000511,3911,2021,1890,458,580,517,580,799,977,237,295,299,293,420,477,221,285,218,287,379,500,1740,221,1519,곰달래로5길
2017,3,A,골목상권,1000510,4012,2100,1912,553,517,538,678,785,941,291,287,283,372,416,451,262,230,255,306,369,490,1816,365,1451,곰달래로3길
2017,3,A,골목상권,1000509,3798,1954,1844,592,494,574,636,683,819,301,258,314,342,348,391,291,236,260,294,335,428,1555,97,1458,곰달래로2길
2017,3,A,골목상권,1000508,3414,1738,1676,448,428,577,556,612,793,215,221,321,285,311,385,233,207,256,271,301,408,1613,66,1547,곰달래로10길
2017,3,A,골목상권,1000507,2421,1313,1108,267,298,272,414,518,652,132,163,165,242,305,306,135,135,107,172,213,346,1327,0,1327,가로공원로58길
2017,3,A,골목상권,1000506,3498,1678,1820,426,584,457,609,630,792,209,270,260,289,300,350,217,314,197,320,330,442,1564,74,1490,효창원로93길
2017,3,A,골목상권,1000505,2731,1322,1409,652,284,428,608,356,403,320,133,200,314,172,183,332,151,228,294,184,220,1052,966,86,토정로37길
2017,3,A,골목상권,1000504,1678,762,916,169,293,409,275,218,314,89,128,185,131,96,133,80,165,224,144,122,181,879,27,852,월드컵로8길
2017,3,A,골목상권,1000503,1891,854,1037,242,351,446,284,246,322,113,144,207,131,123,136,129,207,239,153,123,186,957,17,940,월드컵로7길
2017,3,A,골목상권,1000502,3886,1758,2128,492,716,796,682,520,680,246,268,350,341,258,295,246,448,446,341,262,385,2031,137,1894,월드컵로36길
2017,3,A,골목상권,1000501,3130,1519,1611,542,436,558,581,404,609,269,215,271,297,203,264,273,221,287,284,201,345,1276,304,972,월드컵로25길
2017,3,A,골목상권,1000500,1759,826,933,182,324,362,270,231,390,90,157,178,129,116,156,92,167,184,141,115,234,924,0,924,월드컵로19길
2017,3,A,골목상권,1000499,2550,1173,1377,327,429,596,416,336,446,163,188,268,187,173,194,164,241,328,229,163,252,1280,33,1247,월드컵로16길
2017,3,A,골목상권,1000498,2450,1139,1311,284,435,525,384,339,483,152,180,246,195,162,204,132,255,279,189,177,279,1305,18,1287,월드컵로11길
2017,3,A,골목상권,1000497,4132,1911,2221,518,627,748,702,689,848,253,272,328,325,340,393,265,355,420,377,349,455,1990,41,1949,월드컵로10길
2017,3,A,골목상권,1000496,1839,875,964,147,381,454,271,245,341,66,189,236,127,118,139,81,192,218,144,127,202,1022,0,1022,와우산로3길
2017,3,A,골목상권,1000495,826,391,435,79,153,187,154,93,160,39,70,90,75,44,73,40,83,97,79,49,87,465,47,418,와우산로29길
2017,3,A,골목상권,1000494,511,237,274,32,204,112,55,40,68,14,95,56,21,21,30,18,109,56,34,19,38,354,0,354,와우산로29가길
2017,3,A,골목상권,1000493,1384,657,727,129,225,332,203,203,292,76,102,177,107,85,110,53,123,155,96,118,182,727,65,662,양화진길
2017,3,A,골목상권,1000492,2780,1268,1512,367,501,603,460,338,511,167,210,283,227,159,222,200,291,320,233,179,289,1295,61,1234,양화로1길
2017,3,A,골목상권,1000491,781,342,439,73,144,205,126,85,148,37,51,102,53,40,59,36,93,103,73,45,89,410,0,410,양화로11길
2017,3,A,골목상권,1000490,646,322,324,58,86,65,82,127,228,30,45,36,52,63,96,28,41,29,30,64,132,391,0,391,신촌로30길
2017,3,A,골목상권,1000489,428,220,208,25,48,59,58,93,145,12,21,36,33,51,67,13,27,23,25,42,78,259,0,259,신촌로28가길
2017,3,A,골목상권,1000488,1944,937,1007,130,552,436,237,217,372,74,260,221,119,107,156,56,292,215,118,110,216,1282,0,1282,신촌로12길
2017,3,A,골목상권,1000487,2854,1418,1436,344,398,322,456,507,827,178,227,169,233,263,348,166,171,153,223,244,479,1459,85,1374,숭문길
2017,3,A,골목상권,1000486,629,313,316,106,67,141,104,83,128,52,36,73,61,35,56,54,31,68,43,48,72,297,0,297,숭문8길
2017,3,A,골목상권,1000485,1065,486,579,99,213,246,149,139,219,52,84,127,71,65,87,47,129,119,78,74,132,547,0,547,성지3길
2017,3,A,골목상권,1000484,3388,1662,1726,442,508,594,560,539,745,230,239,307,289,261,336,212,269,287,271,278,409,1633,36,1597,성산로4길
2017,3,A,골목상권,1000483,1201,551,650,107,248,332,153,161,200,60,100,154,82,74,81,47,148,178,71,87,119,677,8,669,성미산로32길
2017,3,A,골목상권,1000482,3224,1521,1703,512,461,603,626,425,597,285,211,270,295,199,261,227,250,333,331,226,336,1434,74,1360,성미산로1길
2017,3,A,골목상권,1000481,3767,1797,1970,533,562,736,700,525,711,290,268,338,340,255,306,243,294,398,360,270,405,1687,72,1615,성미산로11길
2017,3,A,골목상권,1000480,1778,868,910,255,259,316,310,257,381,128,127,142,170,130,171,127,132,174,140,127,210,860,257,603,백범로16길
2017,3,A,골목상권,1000479,5633,2734,2899,987,701,1056,1008,786,1095,483,351,502,515,391,492,504,350,554,493,395,603,2323,701,1622,방울내로9안길
2017,3,A,골목상권,1000478,1998,1001,997,291,294,321,361,295,436,156,146,178,189,139,193,135,148,143,172,156,243,882,88,794,모래내로7길
2017,3,A,골목상권,1000477,2998,1518,1480,396,551,596,476,389,590,205,252,327,261,213,260,191,299,269,215,176,330,1604,23,1581,매봉산로2길
2017,3,A,골목상권,1000476,4743,2276,2467,677,685,956,776,717,932,347,339,449,393,337,411,330,346,507,383,380,521,2181,119,2062,망원로2길
2017,3,A,골목상권,1000475,2317,1086,1231,359,343,362,423,336,494,174,154,185,205,164,204,185,189,177,218,172,290,969,172,797,망원로11길
2017,3,A,골목상권,1000474,2698,1309,1389,344,368,487,478,386,635,175,161,251,252,197,273,169,207,236,226,189,362,1338,22,1316,만리재옛길
2017,3,A,골목상권,1000473,873,409,464,119,146,183,126,124,175,61,64,97,60,58,69,58,82,86,66,66,106,429,199,230,마포대로4길
2017,3,A,골목상권,1000472,2129,1033,1096,270,328,437,390,316,388,138,139,216,199,166,175,132,189,221,191,150,213,1158,312,846,마포대로20길
2017,3,A,골목상권,1000471,451,219,232,68,55,72,72,65,119,35,25,38,37,36,48,33,30,34,35,29,71,210,44,166,마포대로12길
2017,3,A,골목상권,1000470,1389,658,731,97,322,350,188,158,274,52,141,171,102,82,110,45,181,179,86,76,164,854,0,854,동교로38길
2017,3,A,골목상권,1000469,2593,1179,1414,278,579,606,399,257,474,139,247,281,179,116,217,139,332,325,220,141,257,1415,9,1406,동교로27길
2017,3,A,골목상권,1000468,1347,608,739,132,303,335,189,166,222,60,126,150,95,79,98,72,177,185,94,87,124,724,23,701,동교로25길
2017,3,A,골목상권,1000467,1864,866,998,217,284,404,398,238,323,100,139,191,189,118,129,117,145,213,209,120,194,984,51,933,동교로19길
2017,3,A,골목상권,1000466,1924,890,1034,236,340,451,339,242,316,133,137,197,177,111,135,103,203,254,162,131,181,989,39,950,동교로17길
2017,3,A,골목상권,1000465,1423,645,778,150,267,350,205,197,254,75,109,158,103,92,108,75,158,192,102,105,146,733,102,631,독막로8길
2017,3,A,골목상권,1000464,2887,1415,1472,404,394,475,456,452,706,205,212,252,220,221,305,199,182,223,236,231,401,1302,127,1175,독막로32길
2017,3,A,골목상권,1000463,1054,497,557,181,152,204,212,125,180,97,62,95,103,58,82,84,90,109,109,67,98,460,134,326,독막로22길
2017,3,A,골목상권,1000462,1058,469,589,140,211,237,171,124,175,66,73,106,83,69,72,74,138,131,88,55,103,606,147,459,도화길
2017,3,A,골목상권,1000461,3901,1839,2062,633,438,610,666,636,918,316,212,293,331,308,379,317,226,317,335,328,539,1649,471,1178,도화4길
2017,3,A,골목상권,1000460,1550,742,808,93,418,223,207,244,365,36,184,105,107,135,175,57,234,118,100,109,190,1037,0,1037,대흥로28길
2017,3,A,골목상권,1000459,3695,1884,1811,325,831,582,511,562,884,178,441,309,276,308,372,147,390,273,235,254,512,2196,18,2178,대흥로21길
2017,3,A,골목상권,1000458,2088,1107,981,256,507,309,334,283,399,140,303,166,176,153,169,116,204,143,158,130,230,1101,9,1092,광성로6길
2017,3,A,골목상권,1000457,3381,1582,1799,529,411,520,569,481,871,257,205,263,281,220,356,272,206,257,288,261,515,1398,25,1373,홍제내길
2017,3,A,골목상권,1000456,1180,621,559,157,137,155,192,200,339,90,74,84,109,112,152,67,63,71,83,88,187,525,41,484,홍연길
2017,3,A,골목상권,1000455,1607,816,791,191,233,202,248,281,452,105,129,108,126,134,214,86,104,94,122,147,238,744,94,650,통일로39길
2017,3,A,골목상권,1000454,1594,717,877,158,191,174,271,301,499,71,85,90,131,134,206,87,106,84,140,167,293,837,17,820,통일로37길
2017,3,A,골목상권,1000453,317,172,145,28,38,45,41,42,123,17,20,27,24,27,57,11,18,18,17,15,66,204,0,204,통일로11길
2017,3,A,골목상권,1000452,726,400,326,39,116,154,103,124,190,16,62,83,70,80,89,23,54,71,33,44,101,494,105,389,충정로6길
2017,3,A,골목상권,1000451,691,340,351,78,102,136,109,96,170,37,54,62,61,46,80,41,48,74,48,50,90,360,0,360,충정로4길
2017,3,A,골목상권,1000450,3240,1599,1641,448,493,502,497,510,790,229,251,270,259,247,343,219,242,232,238,263,447,1464,22,1442,증가로6길
2017,3,A,골목상권,1000449,5208,2498,2710,740,744,793,819,884,1228,372,360,403,397,436,530,368,384,390,422,448,698,2283,42,2241,증가로23나길
2017,3,A,골목상권,1000448,3603,1806,1797,610,635,480,631,581,666,327,320,260,323,271,305,283,315,220,308,310,361,1475,35,1440,증가로20가길
2017,3,A,골목상권,1000447,3860,1898,1962,431,690,531,605,631,972,215,324,299,299,328,433,216,366,232,306,303,539,2069,20,2049,증가로10길
2017,3,A,골목상권,1000446,3887,1873,2014,545,443,681,631,617,970,270,219,334,331,273,446,275,224,347,300,344,524,1786,0,1786,응암로1길
2017,3,A,골목상권,1000445,3235,1758,1477,249,1329,628,337,259,433,139,782,362,165,121,189,110,547,266,172,138,244,2191,22,2169,연희로10길
2017,3,A,골목상권,1000444,765,419,346,49,134,116,113,158,195,23,73,63,64,96,100,26,61,53,49,62,95,452,0,452,신촌로37길
2017,3,A,골목상권,1000443,3848,1867,1981,579,459,669,577,587,977,277,239,333,294,280,444,302,220,336,283,307,533,1560,271,1289,수색로8길
2017,3,A,골목상권,1000442,2968,1414,1554,349,426,372,438,485,898,173,209,197,218,240,377,176,217,175,220,245,521,1410,0,1410,세무서길
2017,3,A,골목상권,1000441,1615,788,827,191,202,208,283,248,483,94,110,108,147,126,203,97,92,100,136,122,280,777,0,777,세무서2길
2017,3,A,골목상권,1000440,1175,564,611,169,131,126,191,195,363,82,55,64,98,112,153,87,76,62,93,83,210,539,131,408,세검정로1길
2017,3,A,골목상권,1000439,3601,1736,1865,354,531,473,587,634,1022,184,270,273,291,312,406,170,261,200,296,322,616,1892,0,1892,북아현로4길
2017,3,A,골목상권,1000438,10667,5141,5526,2497,1190,1688,2045,1446,1801,1226,594,782,1042,698,799,1271,596,906,1003,748,1002,3539,3286,253,모래내로15길
2017,3,A,골목상권,1000437,2391,1164,1227,304,545,329,343,355,515,161,259,173,166,171,234,143,286,156,177,184,281,1269,10,1259,명지대길
2017,3,A,골목상권,1000436,4334,2054,2280,736,553,680,721,609,1035,362,274,356,367,276,419,374,279,324,354,333,616,2002,326,1676,독립문로8길
2017,3,A,골목상권,1000435,2756,1351,1405,381,370,384,472,411,738,196,184,190,253,215,313,185,186,194,219,196,425,1293,0,1293,가재울로6길
2017,3,A,골목상권,1000434,5845,2935,2910,717,961,958,855,1063,1291,394,496,538,437,478,592,323,465,420,418,585,699,2610,66,2544,통일로92길
2017,3,A,골목상권,1000433,1834,876,958,224,288,320,299,265,438,111,129,166,151,126,193,113,159,154,148,139,245,857,14,843,통일로87길
2017,3,A,골목상권,1000432,4494,2145,2349,570,677,756,695,757,1039,283,340,390,335,330,467,287,337,366,360,427,572,2019,57,1962,통일로78길
2017,3,A,골목상권,1000431,1834,870,964,253,241,280,289,300,471,125,113,151,145,133,203,128,128,129,144,167,268,769,0,769,통일로69길
2017,3,A,골목상권,1000430,4263,2059,2204,713,572,699,739,664,876,364,282,320,382,321,390,349,290,379,357,343,486,1660,70,1590,진흥로1길
2017,3,A,골목상권,1000429,5877,2882,2995,750,748,960,955,969,1495,396,385,508,500,456,637,354,363,452,455,513,858,2789,29,2760,진흥로12길
2017,3,A,골목상권,1000428,1850,963,887,276,253,265,268,315,473,151,145,137,155,158,217,125,108,128,113,157,256,743,101,642,증산서길
2017,3,A,골목상권,1000427,2830,1380,1450,421,381,433,456,461,678,205,189,226,228,212,320,216,192,207,228,249,358,1169,38,1131,증산로9길
2017,3,A,골목상권,1000426,2854,1373,1481,407,349,354,480,474,790,200,180,168,244,227,354,207,169,186,236,247,436,1243,168,1075,증산로5길
2017,3,A,골목상권,1000425,5315,2581,2734,785,754,911,887,803,1175,412,380,467,431,365,526,373,374,444,456,438,649,2225,171,2054,증산로21길
2017,3,A,골목상권,1000424,2119,1032,1087,282,293,330,329,324,561,137,146,175,160,161,253,145,147,155,169,163,308,931,73,858,증산로17길
2017,3,A,골목상권,1000423,2533,1249,1284,350,307,353,423,415,685,173,162,183,227,201,303,177,145,170,196,214,382,1144,4,1140,증산로15길
2017,3,A,골목상권,1000422,2051,1066,985,222,275,259,314,413,568,119,150,142,164,220,271,103,125,117,150,193,297,939,0,939,증산로13길
2017,3,A,골목상권,1000421,2768,1342,1426,480,333,443,505,393,614,258,160,214,252,183,275,222,173,229,253,210,339,1152,57,1095,응암로34길
2017,3,A,골목상권,1000420,1817,891,926,223,215,209,285,321,564,121,120,109,150,149,242,102,95,100,135,172,322,882,4,878,응암로22길
2017,3,A,골목상권,1000419,1965,982,983,241,243,264,326,348,543,125,134,134,173,187,229,116,109,130,153,161,314,940,0,940,응암로14길
2017,3,A,골목상권,1000418,1761,882,879,183,256,318,282,274,448,107,118,172,142,140,203,76,138,146,140,134,245,920,9,911,응암로13길
2017,3,A,골목상권,1000417,1549,776,773,192,198,169,235,283,472,103,109,89,122,138,215,89,89,80,113,145,257,728,0,728,응암로12길
2017,3,A,골목상권,1000416,3560,1722,1838,656,467,678,654,447,658,342,224,333,337,210,276,314,243,345,317,237,382,1572,111,1461,은평로8길
2017,3,A,골목상권,1000415,2407,1100,1307,383,329,392,428,355,520,188,154,186,202,155,215,195,175,206,226,200,305,1022,23,999,은평로3길
2017,3,A,골목상권,1000414,492,243,249,37,69,51,90,101,144,21,37,27,48,50,60,16,32,24,42,51,84,256,7,249,은평로20길
2017,3,A,골목상권,1000413,3197,1514,1683,496,374,512,561,496,758,250,170,256,269,228,341,246,204,256,292,268,417,1357,0,1357,은평로13길
2017,3,A,골목상권,1000412,3054,1501,1553,478,393,456,547,478,702,262,193,243,277,222,304,216,200,213,270,256,398,1272,8,1264,은평로10길
2017,3,A,골목상권,1000411,2767,1323,1444,477,391,446,468,450,535,243,175,235,227,207,236,234,216,211,241,243,299,1094,74,1020,연서로5길
2017,3,A,골목상권,1000410,4002,1939,2063,540,497,540,692,711,1022,267,267,273,351,322,459,273,230,267,341,389,563,1833,7,1826,연서로41길
2017,3,A,골목상권,1000409,3689,1748,1941,660,526,658,606,529,710,331,253,314,302,235,313,329,273,344,304,294,397,1467,40,1427,연서로3길
2017,3,A,골목상권,1000408,2918,1363,1555,386,400,431,435,496,770,185,201,218,217,224,318,201,199,213,218,272,452,1286,0,1286,연서로34길
2017,3,A,골목상권,1000407,2134,1069,1065,217,292,294,309,369,653,118,154,167,156,184,290,99,138,127,153,185,363,1010,0,1010,연서로33길
2017,3,A,골목상권,1000406,1082,512,570,129,172,227,162,169,223,64,78,118,76,77,99,65,94,109,86,92,124,515,0,515,연서로29길
2017,3,A,골목상권,1000405,3706,1760,1946,412,646,652,561,570,865,187,299,339,279,266,390,225,347,313,282,304,475,1894,26,1868,연서로28길
2017,3,A,골목상권,1000404,3056,1423,1633,391,456,469,511,512,717,197,206,236,243,235,306,194,250,233,268,277,411,1427,19,1408,연서로27길
2017,3,A,골목상권,1000403,4437,2096,2341,756,601,729,800,654,897,375,288,380,365,298,390,381,313,349,435,356,507,1797,31,1766,연서로21길
2017,3,A,골목상권,1000402,2333,1134,1199,328,333,359,392,415,506,161,164,189,197,194,229,167,169,170,195,221,277,1002,16,986,연서로17길
2017,3,A,골목상권,1000401,4709,2230,2479,716,611,699,792,820,1071,357,291,339,391,379,473,359,320,360,401,441,598,1979,40,1939,연서로16길
2017,3,A,골목상권,1000400,4001,1901,2100,633,566,615,716,635,836,313,248,314,338,321,367,320,318,301,378,314,469,1572,44,1528,연서로13길
2017,3,A,골목상권,1000399,3955,1893,2062,741,518,647,699,583,767,358,257,324,337,275,342,383,261,323,362,308,425,1443,79,1364,연서로11길
2017,3,A,골목상권,1000398,5800,2804,2996,849,753,950,993,930,1325,409,371,494,503,451,576,440,382,456,490,479,749,2596,10,2586,역말로9길
2017,3,A,골목상권,1000397,2334,1176,1158,253,314,266,375,452,674,137,172,148,199,245,275,116,142,118,176,207,399,1110,25,1085,수색로18길
2017,3,A,골목상권,1000396,2718,1294,1424,326,370,419,437,457,709,158,184,212,224,216,300,168,186,207,213,241,409,1299,0,1299,서오릉로8길
2017,3,A,골목상권,1000395,3956,1901,2055,638,540,598,621,656,903,306,288,297,300,301,409,332,252,301,321,355,494,1501,265,1236,서오릉로21길
2017,3,A,골목상권,1000394,5255,2578,2677,685,682,838,880,863,1307,343,347,461,454,424,549,342,335,377,426,439,758,2579,40,2539,불광천길
2017,3,A,골목상권,1000393,2655,1295,1360,438,351,383,470,432,581,238,179,186,235,191,266,200,172,197,235,241,315,1053,12,1041,갈현로7길
2017,3,A,골목상권,1000392,3225,1586,1639,430,437,391,535,576,856,241,237,205,263,273,367,189,200,186,272,303,489,1514,0,1514,갈현로41길
2017,3,A,골목상권,1000391,3694,1803,1891,665,576,515,620,601,717,346,296,276,278,280,327,319,280,239,342,321,390,1512,20,1492,갈현로33길
2017,3,A,골목상권,1000390,2390,1152,1238,411,312,388,417,392,470,193,152,207,208,199,193,218,160,181,209,193,277,917,165,752,갈현로1길
2017,3,A,골목상권,1000389,3691,1816,1875,531,510,464,583,648,955,281,255,250,289,317,424,250,255,214,294,331,531,1606,111,1495,가좌로7길
2017,3,A,골목상권,1000388,4114,2049,2065,546,554,471,695,692,1156,273,299,269,357,346,505,273,255,202,338,346,651,1954,31,1923,한글비석로44길
2017,3,A,골목상권,1000387,2461,1251,1210,283,352,316,343,449,718,149,194,183,167,230,328,134,158,133,176,219,390,1169,0,1169,한글비석로24길
2017,3,A,골목상권,1000386,1858,955,903,326,274,206,323,331,398,171,143,107,157,174,203,155,131,99,166,157,195,709,262,447,한글비석로22길
2017,3,A,골목상권,1000385,2654,1353,1301,339,350,347,398,434,786,185,187,182,208,223,368,154,163,165,190,211,418,1177,253,924,석계로1길
2017,3,A,골목상권,1000384,2602,1338,1264,332,358,337,398,450,727,184,194,186,205,235,334,148,164,151,193,215,393,1285,0,1285,상계로9가길
2017,3,A,골목상권,1000383,1227,627,600,223,189,195,215,196,209,118,102,103,104,91,109,105,87,92,111,105,100,450,295,155,상계로1길
2017,3,A,골목상권,1000382,3624,1785,1839,448,612,464,575,627,898,230,314,262,288,300,391,218,298,202,287,327,507,1665,251,1414,상계로12길
2017,3,A,골목상권,1000381,2052,1008,1044,285,307,285,284,378,513,149,159,145,135,184,236,136,148,140,149,194,277,865,84,781,동일로242길
2017,3,A,골목상권,1000380,2815,1448,1367,291,832,420,307,422,543,137,443,222,172,211,263,154,389,198,135,211,280,1612,71,1541,동일로192길
2017,3,A,골목상권,1000379,3728,1877,1851,579,559,651,535,586,818,297,284,343,297,264,392,282,275,308,238,322,426,1499,392,1107,동일로173가길
2017,3,A,골목상권,1000378,1551,765,786,283,324,161,232,273,278,150,169,79,97,136,134,133,155,82,135,137,144,644,17,627,공릉로58길
2017,3,A,골목상권,1000377,2232,1070,1162,318,375,304,348,432,455,165,183,148,154,203,217,153,192,156,194,229,238,905,323,582,해등로16길
2017,3,A,골목상권,1000376,2367,1190,1177,352,336,281,378,426,594,185,183,149,176,230,267,167,153,132,202,196,327,1040,27,1013,우이천로4다길
2017,3,A,골목상권,1000375,3082,1491,1591,531,412,453,545,481,660,255,215,233,261,238,289,276,197,220,284,243,371,1222,192,1030,우이천로32길
2017,3,A,골목상권,1000374,3614,1882,1732,406,495,415,582,712,1004,225,269,226,312,374,476,181,226,189,270,338,528,1687,0,1687,시루봉로23길
2017,3,A,골목상권,1000373,975,455,520,148,143,129,174,130,251,92,43,64,79,68,109,56,100,65,95,62,142,478,0,478,삼양로144길
2017,3,A,골목상권,1000372,2272,1131,1141,271,335,290,362,459,555,129,175,165,186,235,241,142,160,125,176,224,314,1046,36,1010,방학로6가길
2017,3,A,골목상권,1000371,3894,1933,1961,563,516,568,560,657,1030,295,266,305,288,315,464,268,250,263,272,342,566,1707,43,1664,방학로5길
2017,3,A,골목상권,1000370,3908,1935,1973,830,526,459,725,679,689,416,289,234,324,335,337,414,237,225,401,344,352,1208,1076,132,방학로15길
2017,3,A,골목상권,1000369,1965,970,995,283,284,252,329,377,440,144,158,141,154,181,192,139,126,111,175,196,248,803,9,794,방학로10길
2017,3,A,골목상권,1000368,1760,904,856,188,223,225,265,324,535,101,118,120,151,162,252,87,105,105,114,162,283,771,185,586,도봉산길
2017,3,A,골목상권,1000367,385,205,180,20,55,49,49,83,129,12,29,31,32,44,57,8,26,18,17,39,72,217,0,217,도봉산4길
2017,3,A,골목상권,1000366,2041,1022,1019,272,247,269,290,346,617,139,131,156,150,168,278,133,116,113,140,178,339,876,15,861,도봉로181길
2017,3,A,골목상권,1000365,3051,1544,1507,328,329,435,441,562,956,168,171,237,235,281,452,160,158,198,206,281,504,1455,260,1195,도봉로169나길
2017,3,A,골목상권,1000364,1433,774,659,149,172,178,221,289,424,69,97,100,132,163,213,80,75,78,89,126,211,711,0,711,도봉로156길
2017,3,A,골목상권,1000363,716,379,337,65,87,88,78,164,234,36,49,54,44,91,105,29,38,34,34,73,129,389,0,389,도봉로152가길
2017,3,A,골목상권,1000362,3592,1776,1816,443,494,448,553,695,959,235,237,233,295,352,424,208,257,215,258,343,535,1788,0,1788,도봉로147길
2017,3,A,골목상권,1000361,1834,913,921,225,266,239,270,356,478,119,134,123,137,172,228,106,132,116,133,184,250,781,89,692,도봉로143길
2017,3,A,골목상권,1000360,5033,2428,2605,497,783,761,839,896,1257,236,384,403,433,431,541,261,399,358,406,465,716,2586,179,2407,도봉로114길
2017,3,A,골목상권,1000359,2676,1320,1356,368,351,458,421,400,678,185,183,235,212,197,308,183,168,223,209,203,370,1201,114,1087,도봉로109길
2017,3,A,골목상권,1000358,2948,1486,1462,336,417,338,502,515,840,179,206,179,256,268,398,157,211,159,246,247,442,1387,7,1380,도당로29길
2017,3,A,골목상권,1000357,3987,2058,1929,547,515,465,704,675,1081,275,275,249,374,379,506,272,240,216,330,296,575,1848,0,1848,도당로19길
2017,3,A,골목상권,1000356,3554,1825,1729,553,495,470,572,647,817,296,287,262,284,325,371,257,208,208,288,322,446,1515,8,1507,도당로13바길
2017,3,A,골목상권,1000355,1783,918,865,192,259,225,271,364,472,111,135,126,143,186,217,81,124,99,128,178,255,833,0,833,도당로13가길
2017,3,A,골목상권,1000354,2724,1337,1387,410,401,367,427,468,651,214,203,197,205,224,294,196,198,170,222,244,357,1177,0,1177,덕릉로60길
2017,3,A,골목상권,1000353,1913,958,955,277,263,295,296,340,442,155,128,145,144,162,224,122,135,150,152,178,218,747,380,367,노해로63다길
2017,3,A,골목상권,1000352,1845,912,933,181,347,344,261,308,404,98,155,180,143,144,192,83,192,164,118,164,212,976,41,935,노해로60길
2017,3,A,골목상권,1000351,1707,822,885,155,304,303,244,285,416,84,147,161,126,123,181,71,157,142,118,162,235,965,8,957,한천로140길
2017,3,A,골목상권,1000350,1562,729,833,131,297,260,225,239,410,56,141,136,110,106,180,75,156,124,115,133,230,821,0,821,한천로139가길
2017,3,A,골목상권,1000349,1807,908,899,191,292,334,306,292,392,100,141,178,159,139,191,91,151,156,147,153,201,957,0,957,한천로132길
2017,3,A,골목상권,1000348,3152,1566,1586,435,446,449,537,545,740,242,230,219,272,280,323,193,216,230,265,265,417,1488,23,1465,한천로130길
2017,3,A,골목상권,1000347,2152,1070,1082,249,308,320,359,348,568,130,146,168,200,189,237,119,162,152,159,159,331,1139,124,1015,한천로124나길
2017,3,A,골목상권,1000346,3029,1463,1566,559,403,413,507,504,643,298,198,192,249,229,297,261,205,221,258,275,346,1048,420,628,한천로109길
2017,3,A,골목상권,1000345,2756,1403,1353,376,331,356,446,497,750,191,178,200,229,248,357,185,153,156,217,249,393,1267,22,1245,인수봉로79길
2017,3,A,골목상권,1000344,4191,2003,2188,601,590,579,595,730,1096,291,303,307,278,338,486,310,287,272,317,392,610,1618,449,1169,인수봉로72길
2017,3,A,골목상권,1000343,1907,901,1006,285,264,251,315,311,481,140,139,125,161,125,211,145,125,126,154,186,270,815,0,815,인수봉로56길
2017,3,A,골목상권,1000342,2096,1029,1067,177,365,399,375,329,451,89,169,206,193,160,212,88,196,193,182,169,239,1184,4,1180,오패산로67길
2017,3,A,골목상권,1000341,2963,1455,1508,380,413,381,470,482,837,204,217,208,245,208,373,176,196,173,225,274,464,1281,0,1281,오패산로52길
2017,3,A,골목상권,1000340,1411,703,708,206,173,203,223,215,391,106,95,106,119,101,176,100,78,97,104,114,215,602,0,602,오패산로30길
2017,3,A,골목상권,1000339,3349,1647,1702,365,593,589,486,511,805,189,277,321,252,240,368,176,316,268,234,271,437,1710,56,1654,수유로12길
2017,3,A,골목상권,1000338,2921,1440,1481,371,422,433,455,532,708,185,205,237,229,250,334,186,217,196,226,282,374,1300,0,1300,솔샘로65길
2017,3,A,골목상권,1000337,2143,1037,1106,297,319,301,374,335,517,156,146,157,188,158,232,141,173,144,186,177,285,1016,0,1016,솔매로50길
2017,3,A,골목상권,1000336,2096,1013,1083,238,331,299,323,374,531,133,150,146,155,194,235,105,181,153,168,180,296,1041,7,1034,솔매로45길
2017,3,A,골목상권,1000335,3396,1660,1736,394,509,460,518,639,876,205,255,258,258,298,386,189,254,202,260,341,490,1615,8,1607,솔매로41길
2017,3,A,골목상권,1000334,3121,1541,1580,462,421,389,504,537,808,239,213,214,250,252,373,223,208,175,254,285,435,1338,0,1338,삼양로93길
2017,3,A,골목상권,1000333,3282,1664,1618,461,425,478,494,549,875,242,241,252,262,267,400,219,184,226,232,282,475,1406,6,1400,삼양로77길
2017,3,A,골목상권,1000332,3730,1823,1907,461,513,556,567,672,961,236,245,290,293,342,417,225,268,266,274,330,544,1722,0,1722,삼양로54길
2017,3,A,골목상권,1000331,4437,2232,2205,523,584,517,683,827,1303,279,307,283,359,437,567,244,277,234,324,390,736,2110,33,2077,삼양로41길
2017,3,A,골목상권,1000330,1393,683,710,325,150,241,303,181,193,165,84,115,153,87,79,160,66,126,150,94,114,494,323,171,삼양로27길
2017,3,A,골목상권,1000329,3362,1696,1666,338,369,413,508,637,1097,169,200,237,267,321,502,169,169,176,241,316,595,1687,223,1464,삼양로24길
2017,3,A,골목상권,1000328,2204,1121,1083,256,341,225,343,431,608,132,198,128,176,214,273,124,143,97,167,217,335,1048,0,1048,삼양로20길
2017,3,A,골목상권,1000327,3849,1894,1955,441,627,677,560,671,873,232,321,371,264,312,394,209,306,306,296,359,479,1728,58,1670,삼각산로28길
2017,3,A,골목상권,1000326,2281,1127,1154,241,383,379,339,410,529,124,213,205,166,197,222,117,170,174,173,213,307,1090,0,1090,도봉로99길
2017,3,A,골목상권,1000325,249,125,124,21,23,41,54,44,66,10,11,23,34,23,24,11,12,18,20,21,42,145,0,145,도봉로8길
2017,3,A,골목상권,1000324,3549,1638,1911,335,712,606,491,575,830,140,263,314,261,282,378,195,449,292,230,293,452,2016,440,1576,도봉로76길
2017,3,A,골목상권,1000323,1667,806,861,197,217,251,222,286,494,105,99,130,114,132,226,92,118,121,108,154,268,825,0,825,도봉로67길
2017,3,A,골목상권,1000322,3400,1641,1759,429,479,551,562,554,825,219,212,294,291,244,381,210,267,257,271,310,444,1589,33,1556,도봉로45길
2017,3,A,골목상권,1000321,3095,1548,1547,365,389,440,490,571,840,191,194,257,250,275,381,174,195,183,240,296,459,1368,49,1319,도봉로18길
2017,3,A,골목상권,1000320,1753,869,884,189,239,239,245,348,493,94,132,137,117,171,218,95,107,102,128,177,275,834,0,834,도봉로13길
2017,3,A,골목상권,1000319,2376,1135,1241,209,472,412,352,363,568,102,216,223,177,165,252,107,256,189,175,198,316,1295,0,1295,덕릉로41길
2017,3,A,골목상권,1000318,2060,1032,1028,307,268,305,339,363,478,166,115,149,192,181,229,141,153,156,147,182,249,869,0,869,덕릉로40길
2017,3,A,골목상권,1000317,2520,1220,1300,308,351,351,378,441,691,162,194,189,178,206,291,146,157,162,200,235,400,1123,0,1123,노해로33길
2017,3,A,골목상권,1000316,1380,669,711,207,186,212,240,227,308,100,93,119,122,97,138,107,93,93,118,130,170,578,0,578,노해로23길
2017,3,A,골목상권,1000315,2743,1369,1374,352,415,405,453,460,658,182,214,216,241,221,295,170,201,189,212,239,363,1222,0,1222,노해로17길
2017,3,A,골목상권,1000314,2097,1088,1009,245,272,320,378,378,504,134,139,174,197,200,244,111,133,146,181,178,260,1060,0,1060,화랑로40길
2017,3,A,골목상권,1000313,3479,1734,1745,418,530,446,583,586,916,235,266,228,313,291,401,183,264,218,270,295,515,1674,0,1674,화랑로32길
2017,3,A,골목상권,1000312,2759,1395,1364,378,306,402,461,456,756,192,162,212,259,235,335,186,144,190,202,221,421,1238,81,1157,화랑로1길
2017,3,A,골목상권,1000311,2419,1230,1189,324,315,289,387,459,645,160,179,157,201,235,298,164,136,132,186,224,347,1035,11,1024,화랑로19길
2017,3,A,골목상권,1000310,1416,712,704,164,303,194,207,242,306,85,159,104,116,120,128,79,144,90,91,122,178,702,0,702,화랑로14길
2017,3,A,골목상권,1000309,1212,535,677,137,319,182,154,169,251,62,104,100,78,85,106,75,215,82,76,84,145,648,38,610,화랑로13길
2017,3,A,골목상권,1000308,1837,916,921,213,294,282,282,325,441,105,152,146,149,152,212,108,142,136,133,173,229,844,1,843,한천로76길
2017,3,A,골목상권,1000307,1625,820,805,333,164,209,328,246,345,150,94,106,166,137,167,183,70,103,162,109,178,620,202,418,한천로101가길
2017,3,A,골목상권,1000306,1352,595,757,136,335,264,191,182,244,66,148,103,91,92,95,70,187,161,100,90,149,786,0,786,창경궁로43길
2017,3,A,골목상권,1000305,2728,1386,1342,309,491,462,439,424,603,161,254,260,230,204,277,148,237,202,209,220,326,1353,0,1353,지봉로20길
2017,3,A,골목상권,1000304,2508,1379,1129,267,741,431,296,273,500,126,468,267,150,139,229,141,273,164,146,134,271,1455,150,1305,종암로5길
2017,3,A,골목상권,1000303,2186,1093,1093,377,253,394,357,326,479,200,137,202,188,161,205,177,116,192,169,165,274,896,447,449,종암로24가길
2017,3,A,골목상권,1000302,1720,830,890,318,251,255,308,257,331,153,127,122,158,124,146,165,124,133,150,133,185,707,294,413,종암로21길
2017,3,A,골목상권,1000301,1746,851,895,247,269,258,284,278,410,121,144,133,138,131,184,126,125,125,146,147,226,748,175,573,종암로19길
2017,3,A,골목상권,1000300,3429,1649,1780,388,449,400,497,588,1107,232,227,201,226,299,464,156,222,199,271,289,643,1804,81,1723,종암로16길
2017,3,A,골목상권,1000299,1771,916,855,206,344,283,218,274,446,107,191,160,120,144,194,99,153,123,98,130,252,923,29,894,정릉로8길
2017,3,A,골목상권,1000298,3657,1811,1846,586,451,526,586,561,947,311,250,283,283,274,410,275,201,243,303,287,537,1538,0,1538,정릉로27길
2017,3,A,골목상권,1000297,1864,915,949,284,193,251,338,305,493,159,101,110,174,154,217,125,92,141,164,151,276,821,0,821,정릉로26길
2017,3,A,골목상권,1000296,2296,1183,1113,242,311,279,350,432,682,116,152,154,194,228,339,126,159,125,156,204,343,1058,0,1058,장위로50길
2017,3,A,골목상권,1000295,2084,969,1115,224,458,273,291,316,522,105,170,147,161,159,227,119,288,126,130,157,295,1092,270,822,장월로1길
2017,3,A,골목상권,1000294,1011,498,513,156,141,181,177,141,215,74,79,81,91,74,99,82,62,100,86,67,116,444,0,444,인촌로6길
2017,3,A,골목상권,1000293,1510,664,846,144,468,260,195,172,271,74,166,123,95,84,122,70,302,137,100,88,149,885,0,885,인촌로5길
2017,3,A,골목상권,1000292,672,390,282,47,251,114,60,79,121,26,136,79,37,47,65,21,115,35,23,32,56,478,0,478,인촌로24길
2017,3,A,골목상권,1000291,1098,562,536,86,592,140,75,67,138,42,311,83,38,32,56,44,281,57,37,35,82,848,0,848,개운사길
2017,3,A,골목상권,1000290,1169,582,587,105,255,194,174,172,269,53,114,103,104,90,118,52,141,91,70,82,151,675,0,675,인촌로1길
2017,3,A,골목상권,1000289,1650,803,847,165,523,244,241,177,300,91,270,109,111,93,129,74,253,135,130,84,171,966,0,966,인촌로17가길
2017,3,A,골목상권,1000288,3041,1470,1571,365,581,438,436,476,745,164,241,235,244,244,342,201,340,203,192,232,403,1454,0,1454,오패산로4길
2017,3,A,골목상권,1000287,3512,1746,1766,487,440,463,518,593,1011,241,235,251,283,276,460,246,205,212,235,317,551,1479,130,1349,오패산로3길
2017,3,A,골목상권,1000286,1739,865,874,189,215,230,267,326,512,101,114,114,147,165,224,88,101,116,120,161,288,853,0,853,오패산로19길
2017,3,A,골목상권,1000285,2218,1115,1103,245,435,388,358,342,450,122,231,212,182,175,193,123,204,176,176,167,257,1150,26,1124,안암로5길
2017,3,A,골목상권,1000284,3043,1341,1702,294,844,593,366,343,603,144,334,275,167,162,259,150,510,318,199,181,344,1768,14,1754,아리랑로4길
2017,3,A,골목상권,1000283,1891,929,962,270,288,266,271,305,491,134,148,146,138,158,205,136,140,120,133,147,286,806,14,792,솔샘로6길
2017,3,A,골목상권,1000282,1605,799,806,266,251,222,292,256,318,141,140,106,142,128,142,125,111,116,150,128,176,638,135,503,성북로8길
2017,3,A,골목상권,1000281,1149,572,577,120,148,140,169,196,376,57,83,84,90,101,157,63,65,56,79,95,219,562,1,561,삼양로8길
2017,3,A,골목상권,1000280,1947,990,957,277,292,277,319,325,457,146,163,158,166,158,199,131,129,119,153,167,258,914,0,914,삼선교로16가길
2017,3,A,골목상권,1000279,2299,1155,1144,245,409,349,351,374,571,128,225,182,186,182,252,117,184,167,165,192,319,1170,0,1170,삼선교로10다길
2017,3,A,골목상권,1000278,2368,1108,1260,283,468,401,335,346,535,145,224,199,162,142,236,138,244,202,173,204,299,1185,0,1185,삼선교로10길
2017,3,A,골목상권,1000277,1262,443,819,85,462,306,135,105,169,36,101,128,63,44,71,49,361,178,72,61,98,886,0,886,보문로32길
2017,3,A,골목상권,1000276,2993,1385,1608,372,646,530,455,396,594,203,272,252,226,189,243,169,374,278,229,207,351,1572,22,1550,보문로31길
2017,3,A,골목상권,1000275,1267,602,665,114,352,224,172,161,244,55,168,122,79,83,95,59,184,102,93,78,149,729,0,729,보문로26길
2017,3,A,골목상권,1000274,2542,1237,1305,269,404,391,440,428,610,140,194,213,215,199,276,129,210,178,225,229,334,1317,0,1317,보문로13길
2017,3,A,골목상권,1000273,3045,1497,1548,481,417,452,516,473,706,251,215,230,267,221,313,230,202,222,249,252,393,1255,0,1255,보국문로16길
2017,3,A,골목상권,1000272,296,140,156,31,40,37,41,52,95,16,20,18,22,26,38,15,20,19,19,26,57,158,0,158,동소문로6길
2017,3,A,골목상권,1000271,401,207,194,35,64,50,65,66,121,20,29,33,35,35,55,15,35,17,30,31,66,226,0,226,동소문로2길
2017,3,A,골목상권,1000270,2334,937,1397,168,671,410,327,243,515,71,203,168,172,105,218,97,468,242,155,138,297,1544,0,1544,동소문로26가길
2017,3,A,골목상권,1000269,1164,497,667,140,277,216,181,133,217,73,92,100,87,60,85,67,185,116,94,73,132,637,0,637,동소문로15길
2017,3,A,골목상권,1000268,2873,1322,1551,471,518,422,457,435,570,234,227,198,203,211,249,237,291,224,254,224,321,1249,417,832,동소문로13길
2017,3,A,골목상권,1000267,1384,712,672,166,181,168,193,280,396,91,95,94,109,147,176,75,86,74,84,133,220,638,0,638,돌곶이로8길
2017,3,A,골목상권,1000266,1980,1005,975,309,253,269,328,341,480,171,130,151,160,174,219,138,123,118,168,167,261,819,0,819,돌곶이로41길
2017,3,A,골목상권,1000265,1937,1042,895,217,266,267,320,354,513,123,136,149,188,192,254,94,130,118,132,162,259,883,131,752,돌곶이로28길
2017,3,A,골목상권,1000264,3196,1614,1582,395,404,393,519,597,888,210,206,219,261,313,405,185,198,174,258,284,483,1439,0,1439,돌곶이로27길
2017,3,A,골목상권,1000263,1169,580,589,156,175,172,169,218,279,76,87,96,83,105,133,80,88,76,86,113,146,566,0,566,돌곶이로22길
2017,3,A,골목상권,1000262,1390,688,702,195,181,168,232,260,354,102,79,85,124,136,162,93,102,83,108,124,192,615,0,615,돌곶이로14길
2017,3,A,골목상권,1000261,307,159,148,18,25,32,42,55,135,8,13,18,24,32,64,10,12,14,18,23,71,185,0,185,길음로7길
2017,3,A,골목상권,1000260,2670,1366,1304,333,356,414,460,478,629,177,170,238,249,251,281,156,186,176,211,227,348,1291,85,1206,중랑천로10길
2017,3,A,골목상권,1000259,3368,1747,1621,436,485,448,538,668,793,219,261,254,297,335,381,217,224,194,241,333,412,1493,61,1432,용마산로94길
2017,3,A,골목상권,1000258,2044,1089,955,184,246,250,321,458,585,98,125,153,178,254,281,86,121,97,143,204,304,1201,0,1201,용마산로118길
2017,3,A,골목상권,1000257,2711,1367,1344,375,368,357,389,536,686,193,186,185,194,277,332,182,182,172,195,259,354,1173,171,1002,용마산로112길
2017,3,A,골목상권,1000256,3168,1618,1550,510,436,440,523,571,688,257,231,235,256,316,323,253,205,205,267,255,365,1412,0,1412,용마산로100길
2017,3,A,골목상권,1000255,2668,1306,1362,586,322,428,485,406,441,301,166,214,228,207,190,285,156,214,257,199,251,964,479,485,신내로7가길
2017,3,A,골목상권,1000254,3133,1536,1597,337,488,559,505,512,732,181,233,298,271,233,320,156,255,261,234,279,412,1667,0,1667,사가정로54길
2017,3,A,골목상권,1000253,3285,1622,1663,511,445,464,510,594,761,259,226,236,260,284,357,252,219,228,250,310,404,1342,526,816,사가정로42길
2017,3,A,골목상권,1000252,4791,2342,2449,858,649,683,790,808,1003,432,348,350,397,366,449,426,301,333,393,442,554,1731,446,1285,봉화산로56길
2017,3,A,골목상권,1000251,4603,2439,2164,462,595,681,736,950,1179,259,311,386,401,520,562,203,284,295,335,430,617,2345,0,2345,봉화산로4길
2017,3,A,골목상권,1000250,3131,1565,1566,432,451,557,453,543,695,216,230,299,228,278,314,216,221,258,225,265,381,1443,0,1443,봉화산로30길
2017,3,A,골목상권,1000249,2061,1028,1033,197,337,388,279,376,484,96,169,209,150,181,223,101,168,179,129,195,261,1051,0,1051,봉우재로33길
2017,3,A,골목상권,1000248,5426,2705,2721,676,808,873,841,971,1257,343,412,477,437,473,563,333,396,396,404,498,694,2589,20,2569,면목로78길
2017,3,A,골목상권,1000247,2889,1464,1425,338,461,398,489,573,630,177,250,217,260,272,288,161,211,181,229,301,342,1347,37,1310,면목로56길
2017,3,A,골목상권,1000246,2003,1001,1002,303,274,306,360,369,391,147,139,159,180,187,189,156,135,147,180,182,202,925,23,902,면목로55길
2017,3,A,골목상권,1000245,2923,1451,1472,311,372,514,499,514,713,177,167,268,273,251,315,134,205,246,226,263,398,1584,0,1584,면목로49길
2017,3,A,골목상권,1000244,3428,1665,1763,412,575,581,545,609,706,213,263,306,285,291,307,199,312,275,260,318,399,1661,7,1654,면목로48길
2017,3,A,골목상권,1000243,1504,763,741,148,242,257,246,253,358,68,125,135,141,137,157,80,117,122,105,116,201,766,0,766,면목로45길
2017,3,A,골목상권,1000242,2745,1389,1356,438,369,378,488,454,618,235,182,200,252,239,281,203,187,178,236,215,337,1235,0,1235,면목로33길
2017,3,A,골목상권,1000241,1883,949,934,265,261,303,312,331,411,140,144,144,170,165,186,125,117,159,142,166,225,845,0,845,면목로21길
2017,3,A,골목상권,1000240,1536,791,745,197,228,169,261,269,412,96,124,99,134,134,204,101,104,70,127,135,208,740,0,740,망우로73길
2017,3,A,골목상권,1000239,2404,1269,1135,308,356,313,375,496,556,165,214,169,194,246,281,143,142,144,181,250,275,1158,23,1135,망우로68길
2017,3,A,골목상권,1000238,3725,1873,1852,469,573,701,565,665,752,240,272,397,271,340,353,229,301,304,294,325,399,1822,22,1800,동일로163길
2017,3,A,골목상권,1000237,2556,1249,1307,260,411,469,401,429,586,128,183,253,225,205,255,132,228,216,176,224,331,1361,0,1361,동일로157길
2017,3,A,골목상권,1000236,2824,1410,1414,446,381,470,451,487,589,246,175,252,230,245,262,200,206,218,221,242,327,1250,76,1174,동일로149길
2017,3,A,골목상권,1000235,2399,1246,1153,315,361,421,329,444,529,178,200,225,179,223,241,137,161,196,150,221,288,1031,15,1016,동일로140길
2017,3,A,골목상권,1000234,2915,1489,1426,262,376,366,466,640,805,135,172,205,248,346,383,127,204,161,218,294,422,1553,0,1553,동일로139길
2017,3,A,골목상권,1000233,1863,959,904,252,276,262,297,366,410,140,146,134,169,181,189,112,130,128,128,185,221,821,142,679,동일로139가길
2017,3,A,골목상권,1000232,3492,1667,1825,495,548,592,479,632,746,228,282,297,237,288,335,267,266,295,242,344,411,1509,0,1509,동일로130길
2017,3,A,골목상권,1000231,2650,1345,1305,289,371,337,404,576,673,162,202,166,208,298,309,127,169,171,196,278,364,1352,0,1352,동일로123길
2017,3,A,골목상권,1000230,4456,2197,2259,438,818,893,654,733,920,232,388,455,348,345,429,206,430,438,306,388,491,2436,9,2427,동일로112길
2017,3,A,골목상권,1000229,3136,1553,1583,497,406,402,576,584,671,218,201,214,303,305,312,279,205,188,273,279,359,1396,146,1250,동일로101길
2017,3,A,골목상권,1000228,5416,2761,2655,711,795,886,802,1012,1210,384,400,494,408,509,566,327,395,392,394,503,644,2421,71,2350,동일로100길
2017,3,A,골목상권,1000227,1934,954,980,275,297,300,318,362,382,146,133,166,155,186,168,129,164,134,163,176,214,866,18,848,답십리로75길
2017,3,A,골목상권,1000226,4686,2264,2422,590,694,853,728,712,1109,293,344,416,379,326,506,297,350,437,349,386,603,2174,427,1747,공릉로2길
2017,3,A,골목상권,1000225,1232,617,615,239,163,167,218,213,232,129,92,83,104,104,105,110,71,84,114,109,127,501,70,431,공릉로12가길
2017,3,A,골목상권,1000224,5152,2587,2565,670,824,868,844,949,997,347,429,452,425,479,455,323,395,416,419,470,542,2290,16,2274,겸재로54길
2017,3,A,골목상권,1000223,4268,2129,2139,474,598,672,735,763,1026,244,284,350,364,397,490,230,314,322,371,366,536,2321,35,2286,겸재로36길
2017,3,A,골목상권,1000222,2305,1170,1135,244,372,378,364,425,522,126,180,192,199,232,241,118,192,186,165,193,281,1203,21,1182,겸재로29길
2017,3,A,골목상권,1000221,3616,1814,1802,354,692,573,566,586,845,177,356,322,308,289,362,177,336,251,258,297,483,1946,0,1946,휘경로3길
2017,3,A,골목상권,1000220,1328,666,662,124,358,212,177,174,283,60,170,128,97,88,123,64,188,84,80,86,160,785,0,785,휘경로2길
2017,3,A,골목상권,1000219,2609,1300,1309,242,313,351,466,457,780,112,178,201,254,233,322,130,135,150,212,224,458,1494,0,1494,휘경로23길
2017,3,A,골목상권,1000218,2067,1066,1001,179,306,280,346,390,566,88,164,157,204,203,250,91,142,123,142,187,316,1114,0,1114,휘경로14길
2017,3,A,골목상권,1000217,2461,1207,1254,465,282,323,463,383,545,240,134,174,221,194,244,225,148,149,242,189,301,933,460,473,한천로46길
2017,3,A,골목상권,1000216,1812,908,904,206,230,207,299,355,515,98,120,107,158,194,231,108,110,100,141,161,284,940,0,940,한천로40길
2017,3,A,골목상권,1000215,787,385,402,123,111,101,135,149,168,58,50,52,71,73,81,65,61,49,64,76,87,341,0,341,한천로33길
2017,3,A,골목상권,1000214,3258,1701,1557,349,406,431,546,669,857,171,216,231,310,366,407,178,190,200,236,303,450,1694,58,1636,한천로14길
2017,3,A,골목상권,1000213,2873,1464,1409,446,442,544,469,422,550,229,230,271,247,210,277,217,212,273,222,212,273,1237,409,828,천호대로97길
2017,3,A,골목상권,1000212,2384,1234,1150,329,356,401,366,433,499,183,187,210,197,209,248,146,169,191,169,224,251,986,92,894,천호대로77길
2017,3,A,골목상권,1000211,2497,1309,1188,223,348,330,326,469,801,121,194,196,188,238,372,102,154,134,138,231,429,1246,10,1236,천호대로45길
2017,3,A,골목상권,1000210,2860,1433,1427,250,593,605,427,421,564,117,270,345,235,217,249,133,323,260,192,204,315,1661,33,1628,천호대로17길
2017,3,A,골목상권,1000209,737,392,345,73,86,71,101,151,255,37,43,41,69,86,116,36,43,30,32,65,139,375,0,375,천호대로12길
2017,3,A,골목상권,1000208,1413,728,685,120,762,176,98,90,167,55,418,90,48,41,76,65,344,86,50,49,91,1037,0,1037,천장산로7길
2017,3,A,골목상권,1000207,1061,576,485,79,189,181,151,164,297,43,103,115,91,92,132,36,86,66,60,72,165,655,0,655,제기로5길
2017,3,A,골목상권,1000206,3342,1698,1644,317,348,364,452,589,1272,148,192,222,242,313,581,169,156,142,210,276,691,1876,0,1876,제기로21길
2017,3,A,골목상권,1000205,1536,803,733,130,183,160,274,309,480,81,98,85,152,168,219,49,85,75,122,141,261,886,0,886,전농로4길
2017,3,A,골목상권,1000204,1881,933,948,260,256,229,306,332,498,135,127,118,152,178,223,125,129,111,154,154,275,853,0,853,전농로3길
2017,3,A,골목상권,1000203,2137,1056,1081,277,312,243,342,393,570,134,177,134,172,202,237,143,135,109,170,191,333,1019,0,1019,전농로29길
2017,3,A,골목상권,1000202,2287,1143,1144,331,331,424,353,378,470,181,161,216,183,173,229,150,170,208,170,205,241,932,273,659,장한로8길
2017,3,A,골목상권,1000201,2101,1060,1041,317,295,378,320,335,456,168,149,199,166,165,213,149,146,179,154,170,243,889,293,596,장한로5길
2017,3,A,골목상권,1000200,1034,552,482,119,137,164,176,195,243,66,70,102,99,94,121,53,67,62,77,101,122,531,27,504,장한로27길
2017,3,A,골목상권,1000199,1097,559,538,152,139,141,167,192,306,76,74,74,86,107,142,76,65,67,81,85,164,505,0,505,장한로27가길
2017,3,A,골목상권,1000198,2685,1331,1354,503,268,434,504,384,592,265,141,210,258,183,274,238,127,224,246,201,318,998,271,727,장한로26길
2017,3,A,골목상권,1000197,1272,627,645,175,199,257,193,176,272,78,98,133,102,80,136,97,101,124,91,96,136,597,72,525,장한로26가길
2017,3,A,골목상권,1000196,725,367,358,98,109,125,125,132,136,58,56,66,58,66,63,40,53,59,67,66,73,300,18,282,장한로25길
2017,3,A,골목상권,1000195,1478,744,734,250,177,240,248,205,358,131,97,122,131,100,163,119,80,118,117,105,195,539,247,292,장한로14길
2017,3,A,골목상권,1000194,3636,1859,1777,448,585,510,551,607,935,223,304,298,286,320,428,225,281,212,265,287,507,1766,0,1766,이문로42길
2017,3,A,골목상권,1000193,3485,1768,1717,368,388,507,523,642,1057,179,220,278,296,338,457,189,168,229,227,304,600,1883,288,1595,왕산로43길
2017,3,A,골목상권,1000192,533,268,265,33,58,58,62,98,224,13,31,29,35,53,107,20,27,29,27,45,117,310,0,310,왕산로33길
2017,3,A,골목상권,1000191,1076,555,521,84,173,143,153,200,323,43,86,71,93,102,160,41,87,72,60,98,163,617,0,617,왕산로32길
2017,3,A,골목상권,1000190,1551,805,746,122,184,199,192,287,567,72,99,113,115,154,252,50,85,86,77,133,315,869,0,869,약령시로17길
2017,3,A,골목상권,1000189,2255,1144,1111,370,286,365,394,333,507,194,144,182,210,181,233,176,142,183,184,152,274,1015,112,903,서울시립대로4길
2017,3,A,골목상권,1000188,4418,2253,2165,503,1154,666,492,583,1020,255,632,389,258,270,449,248,522,277,234,313,571,2376,1,2375,서울시립대로29길
2017,3,A,골목상권,1000187,3529,1736,1793,477,544,400,574,686,848,247,268,228,283,337,373,230,276,172,291,349,475,1484,0,1484,서울시립대로16길
2017,3,A,골목상권,1000186,1943,983,960,277,258,315,340,320,433,138,141,160,181,173,190,139,117,155,159,147,243,892,153,739,사가정로2길
2017,3,A,골목상권,1000185,1742,872,870,244,259,276,248,343,372,128,126,158,120,168,172,116,133,118,128,175,200,674,144,530,사가정로23가길
2017,3,A,골목상권,1000184,2005,995,1010,220,253,258,284,413,577,117,137,141,141,200,259,103,116,117,143,213,318,988,143,845,사가정로13길
2017,3,A,골목상권,1000183,2037,1118,919,210,441,321,272,328,465,109,272,204,149,169,215,101,169,117,123,159,250,1086,0,1086,무학로45길
2017,3,A,골목상권,1000182,1202,609,593,155,160,174,173,226,314,77,88,96,93,113,142,78,72,78,80,113,172,557,0,557,무학로16길
2017,3,A,골목상권,1000181,571,302,269,68,79,76,72,103,173,40,44,39,40,52,87,28,35,37,32,51,86,247,107,140,망우로21길
2017,3,A,골목상권,1000180,1483,724,759,174,452,233,184,163,277,76,233,124,95,79,117,98,219,109,89,84,160,853,0,853,망우로18길
2017,3,A,골목상권,1000179,2623,1355,1268,255,838,345,309,328,548,135,460,205,159,147,249,120,378,140,150,181,299,1512,0,1512,망우로18가길
2017,3,A,골목상권,1000178,1286,649,637,184,194,240,213,206,249,98,97,115,116,98,125,86,97,125,97,108,124,580,21,559,답십리로72길
2017,3,A,골목상권,1000177,1957,1026,931,350,224,322,326,301,434,185,130,164,180,154,213,165,94,158,146,147,221,755,243,512,답십리로69길
2017,3,A,골목상권,1000176,3384,1726,1658,417,496,756,553,595,567,224,253,408,277,285,279,193,243,348,276,310,288,1614,81,1533,답십리로68길
2017,3,A,골목상권,1000175,2974,1463,1511,418,384,462,495,544,671,205,200,244,253,258,303,213,184,218,242,286,368,1396,47,1349,답십리로64길
2017,3,A,골목상권,1000174,1499,759,740,186,220,202,235,274,382,83,122,118,125,140,171,103,98,84,110,134,211,676,0,676,답십리로63길
2017,3,A,골목상권,1000173,1999,1020,979,247,303,240,304,380,525,128,157,131,157,205,242,119,146,109,147,175,283,841,209,632,답십리로60길
2017,3,A,골목상권,1000172,3881,1926,1955,480,507,514,617,699,1064,234,289,263,330,341,469,246,218,251,287,358,595,1762,460,1302,답십리로56길
2017,3,A,골목상권,1000171,2212,1092,1120,298,346,324,336,377,531,165,178,161,161,188,239,133,168,163,175,189,292,1033,0,1033,답십리로23길
2017,3,A,골목상권,1000170,255,152,103,34,32,37,45,40,67,20,16,23,28,22,43,14,16,14,17,18,24,120,0,120,난계로30길
2017,3,A,골목상권,1000169,1266,635,631,134,407,181,156,144,244,60,210,101,78,73,113,74,197,80,78,71,131,786,0,786,경희대로4길
2017,3,A,골목상권,1000168,601,290,311,42,240,105,54,61,99,20,109,58,26,32,45,22,131,47,28,29,54,416,0,416,경희대로3길
2017,3,A,골목상권,1000167,3413,1639,1774,530,517,579,549,551,687,275,254,281,265,256,308,255,263,298,284,295,379,1352,21,1331,천호대로129길
2017,3,A,골목상권,1000166,3102,1511,1591,461,490,537,485,560,569,244,247,257,239,272,252,217,243,280,246,288,317,1305,0,1305,천호대로123길
2017,3,A,골목상권,1000165,3533,1699,1834,425,619,744,538,552,655,225,282,359,258,262,313,200,337,385,280,290,342,1706,15,1691,천호대로109길
2017,3,A,골목상권,1000164,4087,2063,2024,652,630,605,668,730,802,334,338,313,335,372,371,318,292,292,333,358,431,1754,151,1603,자양번영로3길
2017,3,A,골목상권,1000163,2748,1329,1419,410,375,447,399,499,618,211,178,218,191,240,291,199,197,229,208,259,327,1146,0,1146,자양로53길
2017,3,A,골목상권,1000162,4608,2260,2348,698,629,734,724,786,1037,369,332,387,350,357,465,329,297,347,374,429,572,1911,38,1873,자양로50길
2017,3,A,골목상권,1000161,2676,1280,1396,353,399,477,426,455,566,188,184,223,210,212,263,165,215,254,216,243,303,1171,0,1171,자양로45길
2017,3,A,골목상권,1000160,3103,1450,1653,405,594,573,556,479,496,204,254,270,271,228,223,201,340,303,285,251,273,1478,86,1392,자양로26길
2017,3,A,골목상권,1000159,1941,926,1015,249,339,328,304,298,423,128,165,142,157,148,186,121,174,186,147,150,237,931,0,931,자양로15길
2017,3,A,골목상권,1000158,3946,1919,2027,431,619,742,622,691,841,216,296,397,305,330,375,215,323,345,317,361,466,2053,0,2053,자양로11길
2017,3,A,골목상권,1000157,3847,1867,1980,642,592,786,592,585,650,332,309,369,287,275,295,310,283,417,305,310,355,1661,80,1581,용마산로3길
2017,3,A,골목상권,1000156,5348,2668,2680,737,859,928,840,975,1009,368,449,489,414,471,477,369,410,439,426,504,532,2300,59,2241,용마산로21길
2017,3,A,골목상권,1000155,1774,850,924,292,257,324,279,286,336,157,128,150,125,133,157,135,129,174,154,153,179,713,198,515,아차산로78길
2017,3,A,골목상권,1000154,2919,1409,1510,556,417,473,534,437,502,273,214,237,256,204,225,283,203,236,278,233,277,1228,118,1110,아차산로65길
2017,3,A,골목상권,1000153,2977,1400,1577,284,602,678,433,410,570,147,286,338,217,171,241,137,316,340,216,239,329,1547,0,1547,아차산로55길
2017,3,A,골목상권,1000152,1701,794,907,189,376,397,229,251,259,95,169,188,103,120,119,94,207,209,126,131,140,885,5,880,아차산로51길
2017,3,A,골목상권,1000151,3146,1566,1580,409,602,545,498,490,602,226,290,282,255,242,271,183,312,263,243,248,331,1439,52,1387,아차산로40길
2017,3,A,골목상권,1000150,4136,2095,2041,457,596,727,620,787,949,222,319,397,317,401,439,235,277,330,303,386,510,2059,0,2059,면목로17길
2017,3,A,골목상권,1000149,2969,1497,1472,425,474,490,450,516,614,236,224,276,222,244,295,189,250,214,228,272,319,1281,0,1281,뚝섬로64길
2017,3,A,골목상권,1000148,3488,1672,1816,617,504,617,603,523,624,308,247,304,284,241,288,309,257,313,319,282,336,1391,57,1334,뚝섬로58길
2017,3,A,골목상권,1000147,3586,1754,1832,647,512,678,640,553,556,333,254,339,308,262,258,314,258,339,332,291,298,1414,11,1403,뚝섬로54길
2017,3,A,골목상권,1000146,3572,1732,1840,522,528,674,612,555,681,254,273,318,314,268,305,268,255,356,298,287,376,1590,0,1590,뚝섬로48길
2017,3,A,골목상권,1000145,3022,1534,1488,340,424,499,482,580,697,168,224,284,246,293,319,172,200,215,236,287,378,1473,0,1473,뚝섬로24길
2017,3,A,골목상권,1000144,2101,1019,1082,219,295,356,319,386,526,101,155,178,171,180,234,118,140,178,148,206,292,1063,3,1060,뚝섬로23길
2017,3,A,골목상권,1000143,2997,1458,1539,267,870,639,401,349,471,137,381,335,206,180,219,130,489,304,195,169,252,1817,174,1643,동일로24길
2017,3,A,골목상권,1000142,1929,997,932,181,343,358,284,347,416,87,178,190,163,190,189,94,165,168,121,157,227,1096,39,1057,동일로18길
2017,3,A,골목상권,1000141,3066,1490,1576,680,413,517,574,489,393,330,212,229,284,240,195,350,201,288,290,249,198,1073,387,686,능동로4길
2017,3,A,골목상권,1000140,3728,1868,1860,378,429,559,554,776,1032,186,223,285,301,395,478,192,206,274,253,381,554,1927,344,1583,능동로3길
2017,3,A,골목상권,1000139,5177,2429,2748,640,921,1304,768,616,928,356,384,600,381,294,414,284,537,704,387,322,514,2663,25,2638,능동로34길
2017,3,A,골목상권,1000138,2305,1098,1207,117,849,424,240,264,411,52,360,212,142,152,180,65,489,212,98,112,231,1766,0,1766,능동로19길
2017,3,A,골목상권,1000137,3707,1769,1938,251,1292,813,390,399,562,140,547,427,199,209,247,111,745,386,191,190,315,2487,0,2487,능동로13길
2017,3,A,골목상권,1000136,2086,1044,1042,277,304,341,325,387,452,153,155,177,158,188,213,124,149,164,167,199,239,949,0,949,긴고랑로9길
2017,3,A,골목상권,1000135,4071,2081,1990,423,655,809,613,710,861,243,322,434,328,356,398,180,333,375,285,354,463,2009,27,1982,긴고랑로8길
2017,3,A,골목상권,1000134,4880,2393,2487,713,672,777,867,866,985,368,330,391,442,428,434,345,342,386,425,438,551,2226,20,2206,긴고랑로7길
2017,3,A,골목상권,1000133,4202,1999,2203,573,655,770,649,717,838,289,310,383,308,332,377,284,345,387,341,385,461,1990,9,1981,긴고랑로20길
2017,3,A,골목상권,1000132,4387,2121,2266,638,679,840,730,682,818,290,350,432,366,330,353,348,329,408,364,352,465,2026,0,2026,광나루로52길
2017,3,A,골목상권,1000131,3761,1855,1906,468,619,745,626,532,771,230,307,385,309,278,346,238,312,360,317,254,425,1825,30,1795,광나루로40길
2017,3,A,골목상권,1000130,691,322,369,110,94,102,104,121,160,49,47,52,53,55,66,61,47,50,51,66,94,317,0,317,광나루로37길
2017,3,A,골목상권,1000129,2645,1266,1379,360,386,473,454,413,559,171,188,224,243,204,236,189,198,249,211,209,323,1331,31,1300,광나루로36길
2017,3,A,골목상권,1000128,1250,673,577,90,389,211,157,154,249,49,223,125,92,75,109,41,166,86,65,79,140,792,0,792,광나루로24길
2017,3,A,골목상권,1000127,2378,1211,1167,140,1128,540,208,177,185,72,516,311,113,105,94,68,612,229,95,72,91,1866,9,1857,광나루로12길
2017,3,A,골목상권,1000126,2165,1029,1136,212,297,357,323,395,581,101,141,177,169,204,237,111,156,180,154,191,344,1024,708,316,한림말길
2017,3,A,골목상권,1000125,959,443,516,130,137,187,157,117,231,69,54,89,83,49,99,61,83,98,74,68,132,489,51,438,한림말3길
2017,3,A,골목상권,1000124,2732,1396,1336,353,429,371,443,474,662,188,241,200,223,257,287,165,188,171,220,217,375,1214,0,1214,청계천로10나길
2017,3,A,골목상권,1000123,1942,939,1003,206,257,300,326,314,539,110,130,152,172,149,226,96,127,148,154,165,313,979,8,971,장터길
2017,3,A,골목상권,1000122,2782,1444,1338,350,422,366,463,510,671,183,224,204,241,271,321,167,198,162,222,239,350,1270,0,1270,용답중앙길
2017,3,A,골목상권,1000121,3219,1636,1583,375,485,502,527,584,746,182,231,263,295,318,347,193,254,239,232,266,399,1641,0,1641,용답29길
2017,3,A,골목상권,1000120,2086,1077,1009,297,340,346,372,325,406,154,176,185,195,172,195,143,164,161,177,153,211,959,181,778,왕십리로6길
2017,3,A,골목상권,1000119,3235,1551,1684,382,554,545,538,506,710,185,243,278,277,251,317,197,311,267,261,255,393,1527,38,1489,왕십리로31길
2017,3,A,골목상권,1000118,2906,1478,1428,384,524,449,480,467,602,202,269,230,244,263,270,182,255,219,236,204,332,1381,0,1381,왕십리로26길
2017,3,A,골목상권,1000117,2450,1179,1271,325,427,375,401,410,512,160,210,196,193,199,221,165,217,179,208,211,291,1151,7,1144,왕십리로21길
2017,3,A,골목상권,1000116,1921,1016,905,247,315,330,302,326,401,148,150,164,161,177,216,99,165,166,141,149,185,927,76,851,왕십리로14길
2017,3,A,골목상권,1000115,2209,1136,1073,287,387,418,329,387,401,160,185,234,171,207,179,127,202,184,158,180,222,1004,12,992,아차산로5길
2017,3,A,골목상권,1000114,404,243,161,5,119,157,62,33,28,2,53,100,46,23,19,3,66,57,16,10,9,363,0,363,아차산로15길
2017,3,A,골목상권,1000113,384,227,157,44,46,64,76,81,73,22,26,30,53,53,43,22,20,34,23,28,30,209,0,209,아차산로11길
2017,3,A,골목상권,1000112,2742,1480,1262,309,448,395,419,571,600,160,243,217,239,320,301,149,205,178,180,251,299,1371,0,1371,송정4가길
2017,3,A,골목상권,1000111,1271,685,586,146,197,177,209,239,303,81,112,93,130,126,143,65,85,84,79,113,160,630,0,630,송정12라길
2017,3,A,골목상권,1000110,397,229,168,48,59,52,84,80,74,21,29,26,53,60,40,27,30,26,31,20,34,220,0,220,성수일로6길
2017,3,A,골목상권,1000109,1348,722,626,117,287,253,186,242,263,56,134,145,106,141,140,61,153,108,80,101,123,795,28,767,성수이로7길
2017,3,A,골목상권,1000108,272,147,125,40,39,23,52,62,56,19,22,14,28,39,25,21,17,9,24,23,31,138,0,138,성수이로18길
2017,3,A,골목상권,1000107,3316,1727,1589,455,531,426,550,699,655,226,301,232,273,398,297,229,230,194,277,301,358,1546,0,1546,성덕정길
2017,3,A,골목상권,1000106,3644,1927,1717,420,503,519,580,735,887,214,275,274,323,436,405,206,228,245,257,299,482,1824,0,1824,성덕정17길
2017,3,A,골목상권,1000105,2299,1165,1134,284,359,425,394,371,466,142,187,223,204,193,216,142,172,202,190,178,250,1171,55,1116,서울숲2길
2017,3,A,골목상권,1000104,1215,607,608,142,220,236,218,181,218,74,103,115,119,92,104,68,117,121,99,89,114,632,0,632,상원길
2017,3,A,골목상권,1000103,2448,1233,1215,345,401,476,390,412,424,178,193,258,209,208,187,167,208,218,181,204,237,1135,448,687,상원12길
2017,3,A,골목상권,1000102,2388,1335,1053,186,898,304,236,271,493,94,582,182,128,131,218,92,316,122,108,140,275,1559,0,1559,사근동길
2017,3,A,골목상권,1000101,2330,1151,1179,372,378,353,374,364,489,198,193,173,190,179,218,174,185,180,184,185,271,997,106,891,무학봉길
2017,3,A,골목상권,1000100,1012,487,525,99,219,146,163,165,220,42,116,70,88,85,86,57,103,76,75,80,134,586,0,586,무학봉28길
2017,3,A,골목상권,1000099,1793,879,914,197,301,298,290,298,409,107,142,143,161,143,183,90,159,155,129,155,226,911,39,872,무학로6길
2017,3,A,골목상권,1000098,2287,1097,1190,279,266,341,412,391,598,138,116,180,212,195,256,141,150,161,200,196,342,1183,97,1086,무수막길
2017,3,A,골목상권,1000097,5583,2645,2938,916,723,1486,908,794,756,455,361,675,443,367,344,461,362,811,465,427,412,2257,89,2168,매봉길
2017,3,A,골목상권,1000096,1177,572,605,84,532,206,95,96,164,40,238,114,47,47,86,44,294,92,48,49,78,829,45,784,마조로1길
2017,3,A,골목상권,1000095,2548,1277,1271,314,369,325,377,458,705,168,180,160,197,245,327,146,189,165,180,213,378,1247,299,948,마조로16길
2017,3,A,골목상권,1000094,973,489,484,185,146,142,160,173,167,95,76,71,80,87,80,90,70,71,80,86,87,351,56,295,마장로39길
2017,3,A,골목상권,1000093,1916,958,958,248,311,306,284,312,455,134,164,160,146,156,198,114,147,146,138,156,257,897,0,897,마장로27길
2017,3,A,골목상권,1000092,1869,926,943,278,279,355,341,279,337,140,115,180,169,163,159,138,164,175,172,116,178,942,91,851,뚝섬로5길
2017,3,A,골목상권,1000091,2982,1593,1389,324,435,410,505,632,676,175,232,218,271,373,324,149,203,192,234,259,352,1528,0,1528,둘레9길
2017,3,A,골목상권,1000090,3450,1718,1732,493,471,465,572,597,852,273,251,256,268,304,366,220,220,209,304,293,486,1411,106,1305,금호산길
2017,3,A,골목상권,1000089,2327,1150,1177,312,344,296,362,388,625,167,190,156,190,184,263,145,154,140,172,204,362,1004,17,987,금호산2길
2017,3,A,골목상권,1000088,2999,1542,1457,300,521,375,466,577,760,164,284,200,251,288,355,136,237,175,215,289,405,1563,9,1554,고산자로6길
2017,3,A,골목상권,1000087,5649,2753,2896,932,692,945,975,867,1238,511,357,478,483,406,518,421,335,467,492,461,720,2621,89,2532,후암로28길
2017,3,A,골목상권,1000086,2959,1400,1559,429,407,567,474,415,667,212,188,273,241,209,277,217,219,294,233,206,390,1372,76,1296,효창원로39길
2017,3,A,골목상권,1000085,2290,1021,1269,194,271,367,353,373,732,105,136,170,164,159,287,89,135,197,189,214,445,1314,28,1286,회나무로13길
2017,3,A,골목상권,1000084,670,307,363,61,106,160,115,72,156,30,36,82,61,30,68,31,70,78,54,42,88,400,0,400,한남대로20길
2017,3,A,골목상권,1000083,118,93,25,3,8,10,23,38,36,1,5,6,18,36,27,2,3,4,5,2,9,111,0,111,한강대로88길
2017,3,A,골목상권,1000082,767,411,356,55,58,115,103,135,301,34,35,66,63,74,139,21,23,49,40,61,162,441,0,441,한강대로7길
2017,3,A,골목상권,1000081,922,464,458,83,112,149,137,160,281,48,62,75,74,77,128,35,50,74,63,83,153,534,0,534,한강대로62길
2017,3,A,골목상권,1000080,613,290,323,38,70,116,90,77,222,22,35,59,48,48,78,16,35,57,42,29,144,414,0,414,한강대로52길
2017,3,A,골목상권,1000079,1380,662,718,105,225,417,211,173,249,51,86,187,115,89,134,54,139,230,96,84,115,861,0,861,한강대로43길
2017,3,A,골목상권,1000078,498,260,238,39,52,80,71,82,174,22,34,47,40,42,75,17,18,33,31,40,99,271,0,271,한강대로15길
2017,3,A,골목상권,1000077,2809,1528,1281,301,395,416,444,584,669,166,185,201,276,358,342,135,210,215,168,226,327,1658,16,1642,한강대로104길
2017,3,A,골목상권,1000076,2730,1408,1322,338,438,423,460,466,605,183,232,240,240,247,266,155,206,183,220,219,339,1393,0,1393,청파로73길
2017,3,A,골목상권,1000075,4313,2170,2143,580,788,703,710,675,857,305,408,380,359,330,388,275,380,323,351,345,469,1978,42,1936,청파로71길
2017,3,A,골목상권,1000074,3065,1431,1634,416,699,651,459,355,485,212,252,332,235,181,219,204,447,319,224,174,266,1592,24,1568,청파로47나길
2017,3,A,골목상권,1000073,1962,631,1331,132,523,286,260,279,482,60,133,124,89,94,131,72,390,162,171,185,351,1037,0,1037,청파로47길
2017,3,A,골목상권,1000072,2869,1404,1465,338,429,439,471,486,706,176,242,232,239,212,303,162,187,207,232,274,403,1374,0,1374,장문로45길
2017,3,A,골목상권,1000071,2312,1013,1299,122,231,412,405,398,744,57,93,198,216,176,273,65,138,214,189,222,471,1574,1,1573,이태원로54길
2017,3,A,골목상권,1000070,740,355,385,69,105,135,131,97,203,34,51,73,63,46,88,35,54,62,68,51,115,382,0,382,이태원로27길
2017,3,A,골목상권,1000069,1990,939,1051,215,207,254,331,353,630,107,99,139,173,179,242,108,108,115,158,174,388,985,293,692,이촌로22길
2017,3,A,골목상권,1000068,953,468,485,88,179,148,161,145,232,43,79,81,81,81,103,45,100,67,80,64,129,529,0,529,원효로89길
2017,3,A,골목상권,1000067,2081,1061,1020,226,300,365,332,302,556,120,165,214,186,145,231,106,135,151,146,157,325,1024,0,1024,원효로53길
2017,3,A,골목상권,1000066,1465,693,772,212,163,215,252,215,408,90,84,118,133,96,172,122,79,97,119,119,236,661,0,661,원효로41길
2017,3,A,골목상권,1000065,1993,981,1012,314,315,318,324,306,416,163,160,155,165,160,178,151,155,163,159,146,238,860,67,793,원효로19길
2017,3,A,골목상권,1000064,2408,1197,1211,243,414,391,393,382,585,130,239,216,196,183,233,113,175,175,197,199,352,1298,0,1298,우사단로4길
2017,3,A,골목상권,1000063,1353,705,648,128,185,289,247,185,319,67,104,161,137,93,143,61,81,128,110,92,176,780,46,734,우사단로14길
2017,3,A,골목상권,1000062,2827,1484,1343,256,429,519,461,474,688,144,258,300,265,238,279,112,171,219,196,236,409,1570,0,1570,우사단로10길
2017,3,A,골목상권,1000061,2825,1395,1430,390,383,471,451,416,714,220,188,258,230,201,298,170,195,213,221,215,416,1297,0,1297,신흥로20길
2017,3,A,골목상권,1000060,2346,1134,1212,256,350,409,345,374,612,134,174,215,165,178,268,122,176,194,180,196,344,1143,7,1136,소월로20길
2017,3,A,골목상권,1000059,2679,1280,1399,328,315,350,445,474,767,160,159,186,232,235,308,168,156,164,213,239,459,1298,0,1298,서빙고로71길
2017,3,A,골목상권,1000058,3874,1863,2011,582,557,1017,660,470,588,293,215,494,343,222,296,289,342,523,317,248,292,1931,311,1620,백범로90길
2017,3,A,골목상권,1000057,3989,1894,2095,646,588,758,702,526,769,339,267,376,340,247,325,307,321,382,362,279,444,1733,27,1706,백범로79길
2017,3,A,골목상권,1000056,3332,1773,1559,313,478,456,526,573,986,174,253,248,278,329,491,139,225,208,248,244,495,1966,0,1966,두텁바위로1길
2017,3,A,골목상권,1000055,1451,685,766,153,254,277,204,237,326,84,118,141,95,105,142,69,136,136,109,132,184,736,0,736,대사관로34길
2017,3,A,골목상권,1000054,852,431,421,97,145,167,123,111,209,56,86,82,68,55,84,41,59,85,55,56,125,445,0,445,녹사평대로46길
2017,3,A,골목상권,1000053,764,363,401,107,110,131,124,89,203,50,49,70,67,42,85,57,61,61,57,47,118,382,0,382,녹사평대로40나길
2017,3,A,골목상권,1000052,517,260,257,40,77,121,68,78,133,24,39,59,40,35,63,16,38,62,28,43,70,276,0,276,녹사평대로32길
2017,3,A,골목상권,1000051,991,462,529,77,160,206,132,159,257,39,84,105,58,81,95,38,76,101,74,78,162,535,0,535,녹사평대로26길
2017,3,A,골목상권,1000050,442,224,218,64,48,69,89,63,109,34,26,34,48,36,46,30,22,35,41,27,63,205,0,205,녹사평대로11길
2017,3,A,골목상권,1000049,3480,1742,1738,395,547,405,634,653,846,201,284,210,347,347,353,194,263,195,287,306,493,1792,0,1792,퇴계로90길
2017,3,A,골목상권,1000048,1567,809,758,93,142,154,214,269,695,35,67,91,111,146,359,58,75,63,103,123,336,1067,42,1025,퇴계로8길
2017,3,A,골목상권,1000047,1186,599,587,110,193,149,171,200,363,60,93,78,102,100,166,50,100,71,69,100,197,627,0,627,퇴계로56길
2017,3,A,골목상권,1000046,869,434,435,112,184,150,124,102,197,62,89,85,68,47,83,50,95,65,56,55,114,467,111,356,퇴계로46길
2017,3,A,골목상권,1000045,769,373,396,96,101,140,132,108,192,51,50,76,66,50,80,45,51,64,66,58,112,432,0,432,퇴계로18길
2017,3,A,골목상권,1000044,929,447,482,93,105,116,166,141,308,51,56,65,87,64,124,42,49,51,79,77,184,468,158,310,퇴계로12길
2017,3,A,골목상권,1000043,2085,992,1093,245,299,242,364,386,549,120,147,125,182,206,212,125,152,117,182,180,337,1071,0,1071,청구로1길
2017,3,A,골목상권,1000042,1780,896,884,218,288,289,267,300,418,112,144,157,136,152,195,106,144,132,131,148,223,870,26,844,청구로17길
2017,3,A,골목상권,1000041,1532,767,765,177,281,232,245,238,359,92,150,116,135,117,157,85,131,116,110,121,202,789,0,789,장충단로8길
2017,3,A,골목상권,1000040,117,68,49,34,14,24,27,8,10,21,6,14,16,5,6,13,8,10,11,3,4,51,0,51,삼일대로4길
2017,3,A,골목상권,1000039,563,49,514,1,14,62,117,108,261,0,3,10,9,15,12,1,11,52,108,93,249,31,0,31,명동길
2017,3,A,골목상권,1000038,703,327,376,86,139,128,106,102,142,38,64,63,56,48,58,48,75,65,50,54,84,341,0,341,동호로8길
2017,3,A,골목상권,1000037,2239,1030,1209,315,383,350,394,339,458,149,184,170,185,147,195,166,199,180,209,192,263,993,16,977,동호로20길
2017,3,A,골목상권,1000036,1964,953,1011,206,277,262,324,330,565,117,140,125,166,171,234,89,137,137,158,159,331,967,0,967,동호로15길
2017,3,A,골목상권,1000035,4803,2357,2446,619,759,809,821,725,1070,337,401,433,392,343,451,282,358,376,429,382,619,2043,155,1888,동호로11길
2017,3,A,골목상권,1000034,2054,1004,1050,229,413,408,311,314,379,129,197,187,152,163,176,100,216,221,159,151,203,1097,18,1079,동호로10길
2017,3,A,골목상권,1000033,867,480,387,54,104,88,132,230,259,19,61,56,78,138,128,35,43,32,54,92,131,549,0,549,다산로39길
2017,3,A,골목상권,1000032,1452,702,750,192,232,241,229,246,312,91,120,117,114,129,131,101,112,124,115,117,181,639,224,415,다산로38길
2017,3,A,골목상권,1000031,2236,1109,1127,266,311,304,386,431,538,145,152,161,202,228,221,121,159,143,184,203,317,1043,164,879,다산로36길
2017,3,A,골목상권,1000030,3785,1931,1854,406,639,525,641,688,886,204,345,306,345,353,378,202,294,219,296,335,508,1911,0,1911,다산로33길
2017,3,A,골목상권,1000029,822,426,396,70,175,196,96,114,171,38,89,106,49,69,75,32,86,90,47,45,96,446,0,446,난계로21길
2017,3,A,골목상권,1000028,3287,1550,1737,289,699,689,506,502,602,135,277,326,259,266,287,154,422,363,247,236,315,1860,55,1805,난계로11길
2017,3,A,골목상권,1000027,714,327,387,132,88,89,155,96,154,63,38,43,64,54,65,69,50,46,91,42,89,318,0,318,필운대로1길
2017,3,A,골목상권,1000026,1873,935,938,319,381,211,235,270,457,192,197,110,104,124,208,127,184,101,131,146,249,886,0,886,평창길
2017,3,A,골목상권,1000025,946,439,507,118,107,121,198,124,278,61,46,56,101,62,113,57,61,65,97,62,165,449,0,449,통일로12길
2017,3,A,골목상권,1000024,2458,1246,1212,312,368,293,437,496,552,154,190,167,224,261,250,158,178,126,213,235,302,1076,65,1011,창신길
2017,3,A,골목상권,1000023,1402,741,661,118,177,133,237,302,435,61,107,73,124,171,205,57,70,60,113,131,230,822,0,822,창신5길
2017,3,A,골목상권,1000022,868,449,419,80,106,104,131,200,247,45,53,62,76,100,113,35,53,42,55,100,134,440,0,440,창신2길
2017,3,A,골목상권,1000021,931,418,513,74,178,125,161,133,260,38,84,57,80,60,99,36,94,68,81,73,161,637,0,637,창경궁로35길
2017,3,A,골목상권,1000020,2423,1216,1207,254,341,309,414,449,656,132,174,170,227,217,296,122,167,139,187,232,360,1201,0,1201,지봉로8길
2017,3,A,골목상권,1000019,3908,2006,1902,371,507,499,655,836,1040,187,257,274,338,448,502,184,250,225,317,388,538,2084,103,1981,종로65길
2017,3,A,골목상권,1000018,473,242,231,22,137,123,59,52,80,7,60,63,38,29,45,15,77,60,21,23,35,369,0,369,종로58가길
2017,3,A,골목상권,1000017,48,36,12,2,1,6,7,9,23,0,1,5,7,8,15,2,0,1,0,1,8,42,0,42,종로24길
2017,3,A,골목상권,1000016,725,334,391,115,91,109,116,93,201,68,46,48,51,38,83,47,45,61,65,55,118,352,0,352,자하문로7길
2017,3,A,골목상권,1000015,1704,834,870,206,376,321,230,241,330,105,173,168,107,126,155,101,203,153,123,115,175,881,0,881,이화장길
2017,3,A,골목상권,1000014,493,278,215,51,74,87,84,78,119,37,45,54,51,39,52,14,29,33,33,39,67,259,0,259,율곡로16길
2017,3,A,골목상권,1000013,290,167,123,14,27,34,54,55,106,8,14,22,38,33,52,6,13,12,16,22,54,179,0,179,율곡로10길
2017,3,A,골목상권,1000012,2524,1122,1402,456,292,440,505,340,491,219,139,195,223,147,199,237,153,245,282,193,292,1048,12,1036,옥인길
2017,3,A,골목상권,1000011,933,488,445,88,131,108,147,180,279,49,76,61,76,105,121,39,55,47,71,75,158,519,0,519,숭인동길
2017,3,A,골목상권,1000010,995,487,508,83,334,166,122,115,175,46,163,92,61,55,70,37,171,74,61,60,105,611,0,611,성균관로5길
2017,3,A,골목상권,1000009,733,329,404,76,80,101,96,122,258,33,33,48,46,56,113,43,47,53,50,66,145,388,0,388,삼청로5길
2017,3,A,골목상권,1000008,724,344,380,105,91,109,125,115,179,62,48,50,62,43,79,43,43,59,63,72,100,332,0,332,북촌로5나길
2017,3,A,골목상권,1000007,473,218,255,67,59,57,65,73,152,39,20,25,38,34,62,28,39,32,27,39,90,217,0,217,북촌로5길
2017,3,A,골목상권,1000006,692,326,366,72,78,80,110,126,226,43,38,41,59,56,89,29,40,39,51,70,137,369,0,369,북촌로11길
2017,3,A,골목상권,1000005,1744,851,893,250,246,260,313,295,380,129,145,125,144,132,176,121,101,135,169,163,204,732,7,725,백석동길
2017,3,A,골목상권,1000004,1475,758,717,139,477,196,160,173,330,75,263,116,90,79,135,64,214,80,70,94,195,868,22,846,명륜길
2017,3,A,골목상권,1000003,1095,617,478,95,158,184,200,179,279,52,92,117,116,108,132,43,66,67,84,71,147,711,11,700,돈화문로11가길
2017,3,A,골목상권,1000002,767,346,421,16,342,244,63,34,68,8,115,120,34,27,42,8,227,124,29,7,26,685,4,681,난계로27길
2017,3,A,골목상권,1000001,1855,862,993,262,222,263,325,289,494,118,101,140,150,138,215,144,121,123,175,151,279,803,0,803,계동길
2017,2,U,관광특구,1001496,20,15,5,5,1,1,4,4,5,4,0,1,3,3,4,1,1,0,1,1,1,13,0,13,강남 마이스 관광특구
2017,2,U,관광특구,1001495,9122,4432,4690,1094,1384,1965,1309,1465,1905,575,638,904,665,697,953,519,746,1061,644,768,952,4582,208,4374,잠실 관광특구
2017,2,U,관광특구,1001494,2765,1723,1042,123,317,286,349,653,1037,63,204,187,227,448,594,60,113,99,122,205,443,1991,280,1711,종로?청계 관광특구
2017,2,U,관광특구,1001493,3010,1486,1524,252,576,624,448,518,592,112,240,321,240,270,303,140,336,303,208,248,289,1734,79,1655,동대문패션타운 관광특구
2017,2,U,관광특구,1001492,1297,495,802,18,76,159,223,283,538,5,40,79,75,119,177,13,36,80,148,164,361,613,1,612,명동 남대문 북창동 다동 무교동 관광특구
2017,2,U,관광특구,1001491,6730,3207,3523,532,892,1277,1050,1098,1881,266,441,658,539,524,779,266,451,619,511,574,1102,4032,27,4005,이태원 관광특구
2017,2,R,전통시장,1001490,3402,1694,1708,517,446,559,521,536,823,294,221,280,276,234,389,223,225,279,245,302,434,1354,217,1137,길동복조리시장
2017,2,R,전통시장,1001489,624,315,309,104,89,80,111,119,121,52,57,34,51,67,54,52,32,46,60,52,67,260,102,158,둔촌역전통시장
2017,2,R,전통시장,1001488,1020,533,487,118,141,171,161,194,235,53,77,100,80,103,120,65,64,71,81,91,115,507,64,443,성내골목시장
2017,2,R,전통시장,1001487,146,76,70,3,8,21,29,36,49,1,4,8,18,24,21,2,4,13,11,12,28,121,0,121,천호시장
2017,2,R,전통시장,1001486,224,107,117,10,11,27,44,49,83,2,3,15,29,25,33,8,8,12,15,24,50,134,0,134,동서울시장
2017,2,R,전통시장,1001485,372,196,176,41,51,53,53,81,93,19,30,27,34,48,38,22,21,26,19,33,55,194,6,188,고분다리골목시장
2017,2,R,전통시장,1001484,751,376,375,134,107,146,130,105,129,60,64,76,69,46,61,74,43,70,61,59,68,283,8,275,양지골목시장
2017,2,R,전통시장,1001483,952,497,455,92,157,200,144,160,199,52,77,117,79,77,95,40,80,83,65,83,104,523,0,523,암사종합시장
2017,2,R,전통시장,1001482,308,156,152,33,29,46,48,64,88,21,20,26,24,32,33,12,9,20,24,32,55,154,0,154,고덕전통시장
2017,2,R,전통시장,1001481,2024,989,1035,441,250,268,383,309,373,215,133,124,196,144,177,226,117,144,187,165,196,689,520,169,명일골목시장
2017,2,R,전통시장,1001480,2342,1149,1193,215,379,472,329,361,586,116,186,223,187,173,264,99,193,249,142,188,322,1234,0,1234,새마을시장
2017,2,R,전통시장,1001479,817,414,403,109,133,121,144,160,150,51,67,59,79,87,71,58,66,62,65,73,79,407,0,407,석촌시장
2017,2,R,전통시장,1001478,5229,2510,2719,711,853,1080,794,839,952,383,393,545,387,371,431,328,460,535,407,468,521,2447,65,2382,방이시장
2017,2,R,전통시장,1001477,1017,528,489,130,128,110,148,215,286,53,84,56,83,115,137,77,44,54,65,100,149,465,0,465,마천시장
2017,2,R,전통시장,1001476,2568,1275,1293,283,334,381,411,447,712,132,179,205,214,216,329,151,155,176,197,231,383,1250,0,1250,풍납시장
2017,2,R,전통시장,1001475,4,2,2,1,0,0,1,1,1,1,0,0,0,1,0,0,0,0,1,0,1,4,0,4,강남개포시장
2017,2,R,전통시장,1001474,235,104,131,64,29,29,60,32,21,35,13,7,24,18,7,29,16,22,36,14,14,87,76,11,도곡시장
2017,2,R,전통시장,1001473,145,69,76,17,18,20,13,24,53,8,8,8,8,10,27,9,10,12,5,14,26,48,48,0,청담삼익시장
2017,2,R,전통시장,1001472,89,35,54,14,3,20,15,7,30,4,1,8,5,3,14,10,2,12,10,4,16,45,0,45,논현종합시장
2017,2,R,전통시장,1001471,1256,578,678,113,234,335,207,161,206,53,104,152,106,69,94,60,130,183,101,92,112,734,0,734,영동전통시장
2017,2,R,전통시장,1001470,294,136,158,45,29,53,52,31,84,23,13,27,22,14,37,22,16,26,30,17,47,112,112,0,강남시장_강남
2017,2,R,전통시장,1001469,83,47,36,8,20,10,14,9,22,5,12,4,6,7,13,3,8,6,8,2,9,50,0,50,양재시장
2017,2,R,전통시장,1001468,186,92,94,39,24,15,36,29,43,24,12,5,18,12,21,15,12,10,18,17,22,75,0,75,남부종합시장
2017,2,R,전통시장,1001467,83,37,46,9,9,19,9,11,26,5,3,8,4,4,13,4,6,11,5,7,13,35,0,35,우림시장
2017,2,R,전통시장,1001466,674,317,357,77,90,77,116,102,212,39,40,36,64,50,88,38,50,41,52,52,124,303,45,258,미성동도깨비시장
2017,2,R,전통시장,1001465,131,61,70,16,9,16,15,17,58,5,5,9,7,14,21,11,4,7,8,3,37,79,0,79,신신림시장
2017,2,R,전통시장,1001464,153,83,70,12,16,13,25,29,58,7,10,8,15,16,27,5,6,5,10,13,31,99,0,99,삼성동시장
2017,2,R,전통시장,1001463,66,38,28,6,20,21,5,5,9,3,11,13,4,1,6,3,9,8,1,4,3,47,0,47,신림중앙시장
2017,2,R,전통시장,1001462,602,305,297,53,129,128,86,87,119,23,63,73,45,49,52,30,66,55,41,38,67,354,0,354,강남골목시장
2017,2,R,전통시장,1001461,3,2,1,0,0,0,2,0,1,0,0,0,1,0,1,0,0,0,1,0,0,1,0,1,신림종합시장
2017,2,R,전통시장,1001460,2216,1129,1087,235,397,368,370,363,483,129,189,210,194,197,210,106,208,158,176,166,273,1243,0,1243,관악신사시장
2017,2,R,전통시장,1001459,419,231,188,43,81,56,60,70,109,25,46,29,35,39,57,18,35,27,25,31,52,255,0,255,신원시장
2017,2,R,전통시장,1001458,1482,727,755,112,286,323,217,208,336,64,123,166,113,113,148,48,163,157,104,95,188,937,0,937,인헌시장
2017,2,R,전통시장,1001457,338,153,185,19,128,96,41,28,26,6,49,43,26,14,15,13,79,53,15,14,11,268,0,268,봉천중앙시장
2017,2,R,전통시장,1001456,12,4,8,1,1,0,2,5,3,1,0,0,1,2,0,0,1,0,1,3,3,8,0,8,봉천현대시장
2017,2,R,전통시장,1001455,115,57,58,1,52,21,5,17,19,0,29,8,2,9,9,1,23,13,3,8,10,82,0,82,봉일시장
2017,2,R,전통시장,1001454,396,184,212,24,94,61,59,66,92,14,31,33,28,38,40,10,63,28,31,28,52,278,0,278,봉천제일종합시장
2017,2,R,전통시장,1001453,659,308,351,44,246,148,75,58,88,20,99,83,43,24,39,24,147,65,32,34,49,454,0,454,낙성대시장
2017,2,R,전통시장,1001452,574,274,300,41,144,120,71,64,134,18,59,63,41,34,59,23,85,57,30,30,75,372,0,372,중부시장
2017,2,R,전통시장,1001451,15,10,5,2,4,0,3,5,1,1,3,0,2,3,1,1,1,0,1,2,0,3,0,3,사당시장
2017,2,R,전통시장,1001450,547,229,318,52,100,98,71,76,150,27,36,41,30,35,60,25,64,57,41,41,90,288,0,288,남성역골목시장
2017,2,R,전통시장,1001449,582,286,296,30,102,106,83,81,180,18,38,54,52,45,79,12,64,52,31,36,101,348,0,348,남성사계시장
2017,2,R,전통시장,1001448,1028,478,550,144,166,133,171,148,266,74,84,67,85,71,97,70,82,66,86,77,169,480,151,329,흑석시장
2017,2,R,전통시장,1001447,1983,963,1020,179,263,304,296,330,611,86,136,170,154,155,262,93,127,134,142,175,349,1087,0,1087,상도4동도깨비골목시장
2017,2,R,전통시장,1001446,140,66,74,10,43,21,14,30,22,5,18,10,6,17,10,5,25,11,8,13,12,80,0,80,성대시장
2017,2,R,전통시장,1001445,63,34,29,1,12,7,10,12,21,0,7,3,8,7,9,1,5,4,2,5,12,41,0,41,영도시장
2017,2,R,전통시장,1001444,1633,790,843,137,307,264,234,235,456,77,151,143,110,122,187,60,156,121,124,113,269,964,22,942,상도전통시장
2017,2,R,전통시장,1001443,143,62,81,11,25,30,16,17,44,7,10,13,8,4,20,4,15,17,8,13,24,81,81,0,강남시장_동작
2017,2,R,전통시장,1001442,23,13,10,2,2,1,5,7,6,1,0,1,2,5,4,1,2,0,3,2,2,14,0,14,신노량진시장
2017,2,R,전통시장,1001441,452,243,209,32,81,81,72,70,116,14,53,49,44,40,43,18,28,32,28,30,73,266,0,266,본동인정시장
2017,2,R,전통시장,1001440,161,100,61,4,67,25,17,16,32,2,43,19,12,11,13,2,24,6,5,5,19,123,0,123,노량진중앙시장
2017,2,R,전통시장,1001439,404,195,209,34,42,39,66,85,138,21,22,22,30,39,61,13,20,17,36,46,77,212,0,212,대림중앙시장
2017,2,R,전통시장,1001438,364,177,187,38,48,40,51,65,122,17,24,20,28,30,58,21,24,20,23,35,64,167,0,167,우리시장
2017,2,R,전통시장,1001437,127,67,60,17,13,16,21,22,38,8,5,10,14,10,20,9,8,6,7,12,18,55,55,0,영진시장A동
2017,2,R,전통시장,1001436,108,48,60,13,12,8,26,14,35,8,6,5,12,4,13,5,6,3,14,10,22,52,0,52,사러가시장
2017,2,R,전통시장,1001435,236,107,129,40,22,29,41,38,66,18,12,12,22,15,28,22,10,17,19,23,38,88,88,0,대신시장
2017,2,R,전통시장,1001433,734,383,351,72,112,149,117,99,185,39,57,92,64,55,76,33,55,57,53,44,109,411,116,295,영일시장
2017,2,R,전통시장,1001432,60,28,32,8,15,4,10,7,16,4,10,3,4,2,5,4,5,1,6,5,11,29,0,29,도림시장
2017,2,R,전통시장,1001431,281,157,124,25,36,31,44,54,91,14,21,19,27,36,40,11,15,12,17,18,51,148,0,148,영등포청과시장
2017,2,R,전통시장,1001430,2274,1371,903,95,290,423,366,430,670,58,128,236,252,317,380,37,162,187,114,113,290,1698,412,1286,영등포전통시장
2017,2,R,전통시장,1001429,422,212,210,62,41,67,71,66,115,36,23,41,33,31,48,26,18,26,38,35,67,179,0,179,은행나무시장
2017,2,R,전통시장,1001428,291,159,132,27,23,28,64,53,96,21,10,18,29,36,45,6,13,10,35,17,51,179,0,179,박미시장
2017,2,R,전통시장,1001427,2994,1420,1574,367,430,411,418,560,808,180,193,205,206,256,380,187,237,206,212,304,428,1430,8,1422,현대시장
2017,2,R,전통시장,1001426,7,5,2,0,1,1,0,2,3,0,1,0,0,2,2,0,0,1,0,0,1,5,0,5,대명시장
2017,2,R,전통시장,1001425,44,25,19,6,1,14,7,3,13,5,0,8,4,1,7,1,1,6,3,2,6,17,0,17,푸른터시장
2017,2,R,전통시장,1001424,1751,875,876,211,225,220,280,411,404,103,107,125,133,231,176,108,118,95,147,180,228,844,19,825,남문시장
2017,2,R,전통시장,1001423,97,49,48,1,35,24,17,11,9,0,10,15,13,7,4,1,25,9,4,4,5,86,0,86,독산동 우시장
2017,2,R,전통시장,1001422,159,87,72,13,15,20,20,32,59,8,10,13,15,18,23,5,5,7,5,14,36,94,0,94,오류시장
2017,2,R,전통시장,1001421,385,180,205,59,65,54,61,66,80,27,31,33,25,28,36,32,34,21,36,38,44,161,0,161,개봉중앙시장
2017,2,R,전통시장,1001420,663,327,336,83,82,84,91,122,201,46,38,50,43,61,89,37,44,34,48,61,112,287,63,224,고척근린시장
2017,2,R,전통시장,1001419,431,149,282,22,40,32,95,106,136,10,24,12,22,36,45,12,16,20,73,70,91,166,0,166,가리봉시장
2017,2,R,전통시장,1001418,717,405,312,76,65,86,129,143,218,32,30,53,82,94,114,44,35,33,47,49,104,418,0,418,남구로시장
2017,2,R,전통시장,1001417,134,73,61,15,11,12,22,32,42,3,6,9,15,21,19,12,5,3,7,11,23,81,0,81,구로시장
2017,2,R,전통시장,1001416,179,72,107,1,91,39,19,15,14,1,26,13,13,12,7,0,65,26,6,3,7,161,0,161,공항시장
2017,2,R,전통시장,1001415,902,452,450,87,104,94,171,186,260,38,51,48,94,97,124,49,53,46,77,89,136,499,95,404,방신전통시장
2017,2,R,전통시장,1001414,528,244,284,86,81,78,94,82,107,45,35,32,38,45,49,41,46,46,56,37,58,237,0,237,송화골목시장
2017,2,R,전통시장,1001413,1093,483,610,144,153,214,167,145,270,73,60,106,81,58,105,71,93,108,86,87,165,525,71,454,까치산시장
2017,2,R,전통시장,1001412,346,148,198,47,48,78,51,39,83,23,17,35,20,18,35,24,31,43,31,21,48,169,0,169,화곡본동시장
2017,2,R,전통시장,1001411,2008,958,1050,245,256,332,293,350,532,126,130,160,153,173,216,119,126,172,140,177,316,909,0,909,남부골목시장
2017,2,R,전통시장,1001409,1080,519,561,185,136,220,155,172,212,77,65,122,81,77,97,108,71,98,74,95,115,453,0,453,화곡중앙골목시장
2017,2,R,전통시장,1001408,86,48,38,18,10,22,12,6,18,10,7,11,7,4,9,8,3,11,5,2,9,40,0,40,신월중앙시장
2017,2,R,전통시장,1001407,3,2,1,0,0,0,1,1,1,0,0,0,1,1,0,0,0,0,0,0,1,3,0,3,등마루시장
2017,2,R,전통시장,1001406,327,187,140,31,32,35,61,65,103,17,17,15,42,47,49,14,15,20,19,18,54,199,0,199,신정3동골목시장
2017,2,R,전통시장,1001405,492,245,247,74,60,75,92,57,134,36,31,41,48,32,57,38,29,34,44,25,77,224,0,224,신정2동골목시장
2017,2,R,전통시장,1001404,180,78,102,24,20,19,20,42,55,7,8,8,11,20,24,17,12,11,9,22,31,88,0,88,신정제일시장
2017,2,R,전통시장,1001403,138,67,71,12,33,11,22,29,31,5,18,4,15,11,14,7,15,7,7,18,17,52,0,52,신월7동골목시장
2017,2,R,전통시장,1001402,172,96,76,16,21,17,28,39,51,11,15,11,14,21,24,5,6,6,14,18,27,85,0,85,신월6동골목시장
2017,2,R,전통시장,1001401,61,27,34,11,5,17,9,4,15,5,2,7,5,3,5,6,3,10,4,1,10,29,22,7,신곡종합시장
2017,2,R,전통시장,1001400,396,217,179,50,38,49,67,82,110,30,17,28,38,52,52,20,21,21,29,30,58,206,0,206,신월3동골목시장
2017,2,R,전통시장,1001399,372,179,193,62,39,48,67,49,107,32,19,23,36,24,45,30,20,25,31,25,62,134,45,89,경창시장
2017,2,R,전통시장,1001398,1696,873,823,222,195,242,275,319,443,118,98,131,141,174,211,104,97,111,134,145,232,782,46,736,월정로시장
2017,2,R,전통시장,1001397,1263,619,644,189,140,166,222,239,307,79,74,78,127,116,145,110,66,88,95,123,162,587,0,587,신영시장
2017,2,R,전통시장,1001396,1151,575,576,176,196,139,190,221,229,96,120,64,85,105,105,80,76,75,105,116,124,447,60,387,목4동시장
2017,2,R,전통시장,1001395,1211,612,599,154,182,256,190,184,245,72,87,154,103,88,108,82,95,102,87,96,137,580,107,473,목3동시장
2017,2,R,전통시장,1001394,1108,551,557,86,149,207,146,193,327,43,63,115,76,99,155,43,86,92,70,94,172,650,27,623,목2동시장
2017,2,R,전통시장,1001392,37,18,19,6,8,8,2,4,9,2,6,2,1,2,5,4,2,6,1,2,4,18,0,18,동진시장
2017,2,R,전통시장,1001391,825,386,439,134,114,145,142,117,173,66,48,70,70,51,81,68,66,75,72,66,92,354,26,328,망원월드컵시장
2017,2,R,전통시장,1001390,2028,965,1063,214,267,404,356,308,479,119,124,194,189,137,202,95,143,210,167,171,277,1057,44,1013,망원시장
2017,2,R,전통시장,1001389,86,37,49,11,13,21,10,9,22,6,4,10,5,4,8,5,9,11,5,5,14,40,40,0,합정시장
2017,2,R,전통시장,1001388,213,92,121,19,29,46,26,36,57,11,13,20,10,12,26,8,16,26,16,24,31,102,5,97,영진시장
2017,2,R,전통시장,1001387,31,23,8,1,6,10,4,4,6,1,4,8,3,4,3,0,2,2,1,0,3,29,0,29,서교시장
2017,2,R,전통시장,1001386,71,36,35,7,9,12,7,13,23,3,6,6,4,7,10,4,3,6,3,6,13,34,10,24,신수시장
2017,2,R,전통시장,1001385,440,205,235,61,57,50,74,57,141,35,26,27,33,28,56,26,31,23,41,29,85,222,0,222,아현시장
2017,2,R,전통시장,1001384,16,7,9,3,1,0,2,3,7,1,1,0,1,2,2,2,0,0,1,1,5,9,0,9,마포시장
2017,2,R,전통시장,1001383,11,7,4,0,2,1,1,6,1,0,1,0,1,4,1,0,1,1,0,2,0,6,0,6,공덕시장
2017,2,R,전통시장,1001382,151,68,83,14,14,28,19,27,49,10,8,9,10,13,18,4,6,19,9,14,31,67,67,0,백련시장
2017,2,R,전통시장,1001381,725,369,356,28,45,54,95,147,356,10,24,32,49,90,164,18,21,22,46,57,192,497,0,497,모래내시장
2017,2,R,전통시장,1001380,502,245,257,60,58,62,85,93,144,29,38,31,39,52,56,31,20,31,46,41,88,241,0,241,포방터시장
2017,2,R,전통시장,1001379,320,162,158,33,38,40,44,62,103,19,15,28,24,33,43,14,23,12,20,29,60,159,47,112,인왕시장
2017,2,R,전통시장,1001378,144,77,67,11,27,21,19,26,40,9,17,12,9,12,18,2,10,9,10,14,22,74,0,74,아현가구거리상점가
2017,2,R,전통시장,1001377,389,200,189,30,49,41,66,74,129,13,27,27,40,38,55,17,22,14,26,36,74,233,0,233,영천시장
2017,2,R,전통시장,1001376,118,54,64,3,12,9,9,26,59,1,5,6,6,11,25,2,7,3,3,15,34,71,0,71,수일시장
2017,2,R,전통시장,1001375,144,66,78,20,21,14,22,29,38,10,9,9,11,9,18,10,12,5,11,20,20,58,0,58,증산종합시장
2017,2,R,전통시장,1001374,638,319,319,88,56,82,94,114,204,51,27,42,50,64,85,37,29,40,44,50,119,307,0,307,대림골목시장
2017,2,R,전통시장,1001373,216,118,98,38,26,40,34,33,45,20,16,27,18,18,19,18,10,13,16,15,26,92,36,56,신응암시장
2017,2,R,전통시장,1001372,28,14,14,6,2,0,6,3,11,3,1,0,2,2,6,3,1,0,4,1,5,13,0,13,녹번시장
2017,2,R,전통시장,1001371,509,243,266,74,61,95,94,72,113,32,31,51,46,35,48,42,30,44,48,37,65,252,25,227,대조시장
2017,2,R,전통시장,1001370,10,7,3,0,0,0,2,6,2,0,0,0,0,6,1,0,0,0,2,0,1,10,0,10,역촌중앙시장
2017,2,R,전통시장,1001369,66,35,31,8,15,10,4,15,14,3,11,4,4,5,8,5,4,6,0,10,6,27,0,27,갈현시장
2017,2,R,전통시장,1001368,269,126,143,21,32,39,30,53,94,10,11,23,17,26,39,11,21,16,13,27,55,136,0,136,연서시장
2017,2,R,전통시장,1001367,1905,908,997,230,303,205,305,373,489,115,144,110,149,173,217,115,159,95,156,200,272,855,129,726,상계중앙시장
2017,2,R,전통시장,1001365,1457,726,731,179,277,276,183,239,303,82,134,147,94,125,144,97,143,129,89,114,159,678,40,638,공릉동도깨비시장
2017,2,R,전통시장,1001364,1062,526,536,126,158,105,183,202,288,64,97,57,93,92,123,62,61,48,90,110,165,488,0,488,방학동도깨비시장
2017,2,R,전통시장,1001363,751,380,371,69,96,135,109,110,232,37,53,75,54,52,109,32,43,60,55,58,123,371,8,363,쌍문역골목시장
2017,2,R,전통시장,1001362,338,161,177,43,47,43,58,53,94,22,23,20,29,30,37,21,24,23,29,23,57,152,0,152,백운시장
2017,2,R,전통시장,1001361,189,99,90,18,37,21,25,41,47,5,21,14,9,24,26,13,16,7,16,17,21,84,0,84,신도봉시장
2017,2,R,전통시장,1001360,1301,656,645,161,159,179,202,221,379,83,85,94,106,121,167,78,74,85,96,100,212,619,9,610,창동골목시장
2017,2,R,전통시장,1001359,2299,1109,1190,324,351,335,397,409,483,153,179,161,197,195,224,171,172,174,200,214,259,952,25,927,창동신창시장
2017,2,R,전통시장,1001358,66,34,32,4,5,11,8,7,31,3,3,6,6,3,13,1,2,5,2,4,18,29,0,29,수유북부시장
2017,2,R,전통시장,1001357,1357,655,702,204,184,223,182,217,347,110,96,124,79,102,144,94,88,99,103,115,203,595,20,575,장미원골목시장
2017,2,R,전통시장,1001356,41,27,14,3,8,4,5,12,9,3,6,3,5,7,3,0,2,1,0,5,6,18,0,18,수유중앙시장
2017,2,R,전통시장,1001355,738,375,363,65,116,87,114,149,207,34,43,48,64,86,100,31,73,39,50,63,107,418,13,405,강북종합시장
2017,2,R,전통시장,1001354,1632,815,817,245,211,210,280,277,409,130,116,117,136,147,169,115,95,93,144,130,240,705,0,705,우이시장
2017,2,R,전통시장,1001353,620,297,323,65,94,96,85,116,164,33,45,45,43,53,78,32,49,51,42,63,86,305,86,219,수유전통시장
2017,2,R,전통시장,1001352,1097,533,564,167,141,184,210,146,249,81,66,93,110,70,113,86,75,91,100,76,136,479,0,479,번동북부골목시장
2017,2,R,전통시장,1001351,149,74,75,17,22,15,21,28,46,9,12,7,13,14,19,8,10,8,8,14,27,73,0,73,솔샘시장
2017,2,R,전통시장,1001350,246,130,116,20,27,36,43,51,69,11,11,20,24,33,31,9,16,16,19,18,38,145,0,145,숭인시장
2017,2,R,전통시장,1001349,1542,753,789,159,241,210,257,275,400,86,115,113,131,131,177,73,126,97,126,144,223,829,0,829,방천골목시장
2017,2,R,전통시장,1001348,37,19,18,5,3,6,2,3,18,1,1,4,1,2,10,4,2,2,1,1,8,17,0,17,동북시장
2017,2,R,전통시장,1001347,1936,984,952,225,264,241,333,345,528,117,141,129,185,175,237,108,123,112,148,170,291,905,0,905,석관황금시장
2017,2,R,전통시장,1001346,167,100,67,19,23,15,33,36,41,14,14,10,23,21,18,5,9,5,10,15,23,88,0,88,석관시장
2017,2,R,전통시장,1001345,94,48,46,7,13,13,9,19,33,5,5,7,8,11,12,2,8,6,1,8,21,49,44,5,새석관시장
2017,2,R,전통시장,1001344,32,18,14,7,3,3,5,6,8,5,1,2,2,3,5,2,2,1,3,3,3,13,0,13,번동시장
2017,2,R,전통시장,1001343,1575,781,794,225,196,193,245,278,438,123,101,104,134,127,192,102,95,89,111,151,246,658,17,641,장위전통시장
2017,2,R,전통시장,1001342,246,119,127,39,19,33,43,41,71,19,12,20,20,19,29,20,7,13,23,22,42,114,0,114,밤나무골시장
2017,2,R,전통시장,1001341,11,10,1,0,2,1,5,2,1,0,2,1,5,1,1,0,0,0,0,1,0,11,0,11,길음시장
2017,2,R,전통시장,1001340,1330,675,655,171,234,195,187,201,342,96,128,110,95,98,148,75,106,85,92,103,194,589,0,589,정릉시장
2017,2,R,전통시장,1001339,1077,518,559,194,133,161,209,164,216,100,66,83,109,72,88,94,67,78,100,92,128,426,197,229,정릉아리랑시장
2017,2,R,전통시장,1001338,239,110,129,22,40,46,17,33,81,9,22,25,12,15,27,13,18,21,5,18,54,125,0,125,돈암제일시장
2017,2,R,전통시장,1001337,148,74,74,31,20,21,28,16,32,17,13,9,12,8,15,14,7,12,16,8,17,60,0,60,유영시장
2017,2,R,전통시장,1001336,2140,1108,1032,248,257,285,327,435,588,127,142,165,178,224,272,121,115,120,149,211,316,1056,40,1016,우림골목시장
2017,2,R,전통시장,1001335,1175,590,585,183,144,203,192,165,288,94,80,94,105,72,145,89,64,109,87,93,143,482,89,393,묵1동도깨비시장
2017,2,R,전통시장,1001334,963,479,484,134,123,134,141,206,225,60,62,78,69,102,108,74,61,56,72,104,117,436,0,436,태능시장
2017,2,R,전통시장,1001333,1850,929,921,244,257,250,316,337,446,124,132,140,160,162,211,120,125,110,156,175,235,869,0,869,중화제일시장
2017,2,R,전통시장,1001332,1957,977,980,198,318,280,279,353,529,102,166,159,132,174,244,96,152,121,147,179,285,980,0,980,사가정시장
2017,2,R,전통시장,1001331,1380,714,666,166,192,188,253,233,348,96,97,109,137,116,159,70,95,79,116,117,189,673,0,673,면목골목시장
2017,2,R,전통시장,1001330,2165,1078,1087,258,302,311,307,418,569,133,153,165,165,211,251,125,149,146,142,207,318,1038,0,1038,동원시장
2017,2,R,전통시장,1001329,1602,816,786,161,292,346,221,261,321,77,141,179,121,148,150,84,151,167,100,113,171,915,0,915,동부골목시장
2017,2,R,전통시장,1001328,65,29,36,10,5,5,14,13,18,2,3,2,7,8,7,8,2,3,7,5,11,28,0,28,이문제일시장
2017,2,R,전통시장,1001327,256,130,126,25,32,31,31,53,84,16,17,13,18,31,35,9,15,18,13,22,49,121,0,121,이경시장
2017,2,R,전통시장,1001326,1173,509,664,78,443,186,130,120,216,32,175,96,55,57,94,46,268,90,75,63,122,859,24,835,회기시장
2017,2,R,전통시장,1001325,54,37,17,0,0,4,10,19,21,0,0,3,7,15,12,0,0,1,3,4,9,50,0,50,청량리청과물시장
2017,2,R,전통시장,1001324,222,110,112,32,25,24,45,38,58,17,12,14,21,18,28,15,13,10,24,20,30,105,0,105,전곡시장
2017,2,R,전통시장,1001323,470,218,252,73,67,60,81,77,112,30,31,29,40,39,49,43,36,31,41,38,63,212,0,212,답십리시장
2017,2,R,전통시장,1001321,340,172,168,32,35,39,49,58,127,18,14,27,29,30,54,14,21,12,20,28,73,176,0,176,답십리현대시장
2017,2,R,전통시장,1001320,89,54,35,4,11,7,15,19,33,3,9,6,10,10,16,1,2,1,5,9,17,52,0,52,전농로터리시장
2017,2,R,전통시장,1001319,107,59,48,2,9,17,8,24,47,1,5,11,5,14,23,1,4,6,3,10,24,54,0,54,청량리종합시장
2017,2,R,전통시장,1001318,176,140,36,2,10,11,17,50,86,1,9,7,16,42,65,1,1,4,1,8,21,145,0,145,청량리전통시장
2017,2,R,전통시장,1001317,175,83,92,26,33,22,16,35,43,19,18,10,5,13,18,7,15,12,11,22,25,74,0,74,청량리농수산물시장
2017,2,R,전통시장,1001316,2168,1145,1023,134,316,287,301,391,739,77,171,168,178,210,341,57,145,119,123,181,398,1404,0,1404,서울약령시장
2017,2,R,전통시장,1001315,2,2,0,0,0,0,0,2,0,0,0,0,0,2,0,0,0,0,0,0,0,2,0,2,동서시장
2017,2,R,전통시장,1001314,13,7,6,0,0,0,1,3,9,0,0,0,1,3,3,0,0,0,0,0,6,9,0,9,경동시장
2017,2,R,전통시장,1001313,486,247,239,36,80,91,68,70,141,16,35,48,42,41,65,20,45,43,26,29,76,289,0,289,청량리수산시장
2017,2,R,전통시장,1001312,23,15,8,1,3,1,4,4,10,0,2,1,3,3,6,1,1,0,1,1,4,15,0,15,용두시장
2017,2,R,전통시장,1001311,1,1,0,0,0,0,0,0,1,0,0,0,0,0,1,0,0,0,0,0,0,1,0,1,동부청과시장
2017,2,R,전통시장,1001310,157,82,75,22,24,22,23,24,42,9,12,14,12,13,22,13,12,8,11,11,20,73,0,73,구의시장
2017,2,R,전통시장,1001309,85,36,49,5,34,12,9,5,20,2,15,6,3,3,7,3,19,6,6,2,13,56,0,56,조양시장
2017,2,R,전통시장,1001308,1249,625,624,111,171,165,201,229,372,58,91,92,109,118,157,53,80,73,92,111,215,659,0,659,영동교골목시장
2017,2,R,전통시장,1001307,378,193,185,40,56,49,52,78,103,19,28,26,23,43,54,21,28,23,29,35,49,194,0,194,능동로골목시장
2017,2,R,전통시장,1001306,340,178,162,23,48,42,44,87,96,17,26,25,22,50,38,6,22,17,22,37,58,194,0,194,노룬산골목시장
2017,2,R,전통시장,1001305,62,35,27,14,6,14,8,11,9,7,3,8,5,5,7,7,3,6,3,6,2,22,0,22,자양종합시장
2017,2,R,전통시장,1001304,1973,974,999,251,308,362,309,340,403,131,157,183,165,158,180,120,151,179,144,182,223,917,0,917,자양골목시장
2017,2,R,전통시장,1001303,93,43,50,12,11,12,12,17,29,7,5,7,6,6,12,5,6,5,6,11,17,41,0,41,신성골목시장
2017,2,R,전통시장,1001302,463,237,226,57,62,79,75,85,105,33,30,36,40,48,50,24,32,43,35,37,55,215,0,215,면곡골목시장
2017,2,R,전통시장,1001301,832,425,407,115,111,139,113,160,194,62,53,83,50,82,95,53,58,56,63,78,99,370,0,370,중곡제일시장
2017,2,R,전통시장,1001300,952,409,543,51,359,228,92,89,133,24,118,119,48,42,58,27,241,109,44,47,75,659,0,659,화양제일골목시장
2017,2,R,전통시장,1001299,20,12,8,0,11,3,1,2,3,0,7,1,1,1,2,0,4,2,0,1,1,19,0,19,한아름시장
2017,2,R,전통시장,1001298,2092,1052,1040,246,305,306,342,398,495,126,149,165,175,204,233,120,156,141,167,194,262,996,0,996,성동용답상가시장
2017,2,R,전통시장,1001297,592,323,269,62,80,70,79,144,157,32,52,44,45,77,73,30,28,26,34,67,84,304,78,226,뚝도시장
2017,2,R,전통시장,1001296,271,135,136,17,35,33,37,57,92,10,17,18,20,33,37,7,18,15,17,24,55,158,0,158,금남시장
2017,2,R,전통시장,1001295,1518,769,749,153,307,209,226,280,343,75,146,128,103,156,161,78,161,81,123,124,182,820,0,820,행당시장
2017,2,R,전통시장,1001294,357,205,152,41,41,40,58,62,115,29,25,23,34,38,56,12,16,17,24,24,59,191,1,190,마장축산물시장
2017,2,R,전통시장,1001293,8,4,4,0,1,1,1,1,4,0,0,1,0,1,2,0,1,0,1,0,2,5,0,5,보광시장
2017,2,R,전통시장,1001292,37,15,22,2,4,8,6,5,12,1,1,3,5,1,4,1,3,5,1,4,8,24,0,24,이태원제일시장
2017,2,R,전통시장,1001291,68,32,36,11,2,12,9,14,20,6,0,5,6,6,9,5,2,7,3,8,11,35,26,9,이태원시장
2017,2,R,전통시장,1001290,105,56,49,10,13,13,17,23,29,2,10,6,9,13,16,8,3,7,8,10,13,55,31,24,이촌종합시장
2017,2,R,전통시장,1001289,428,212,216,41,66,69,62,68,122,18,34,45,34,33,48,23,32,24,28,35,74,231,0,231,용문전통시장
2017,2,R,전통시장,1001288,34,20,14,2,2,1,4,11,14,1,2,0,3,6,8,1,0,1,1,5,6,21,0,21,만리시장
2017,2,R,전통시장,1001287,125,62,63,11,16,17,10,24,47,3,8,9,6,15,21,8,8,8,4,9,26,74,0,74,신흥시장
2017,2,R,전통시장,1001286,296,152,144,24,52,43,29,62,86,12,30,24,19,32,35,12,22,19,10,30,51,160,28,132,후암시장
2017,2,R,전통시장,1001285,77,56,21,4,6,10,11,23,23,2,4,6,9,19,16,2,2,4,2,4,7,71,0,71,합동(새벽)시장
2017,2,R,전통시장,1001284,1063,574,489,85,133,125,129,202,389,51,76,76,65,112,194,34,57,49,64,90,195,579,0,579,서울중앙시장
2017,2,R,전통시장,1001283,866,454,412,83,96,112,133,174,268,43,61,58,80,91,121,40,35,54,53,83,147,433,0,433,백학시장
2017,2,R,전통시장,1001282,1047,502,545,125,172,150,162,154,284,67,81,72,89,72,121,58,91,78,73,82,163,528,0,528,약수시장
2017,2,R,전통시장,1001281,1,1,0,0,0,0,1,0,0,0,0,0,1,0,0,0,0,0,0,0,0,1,0,1,청평화시장
2017,2,R,전통시장,1001279,62,27,35,2,8,7,7,21,17,2,4,2,4,9,6,0,4,5,3,12,11,40,30,10,동평화시장
2017,2,R,전통시장,1001277,304,196,108,21,34,33,39,65,112,12,23,18,28,42,73,9,11,15,11,23,39,204,24,180,방산종합시장
2017,2,R,전통시장,1001276,2,2,0,0,1,0,0,0,1,0,1,0,0,0,1,0,0,0,0,0,0,2,0,2,평화시장
2017,2,R,전통시장,1001275,148,82,66,8,17,15,13,39,56,4,8,8,8,25,29,4,9,7,5,14,27,85,39,46,인현시장
2017,2,R,전통시장,1001274,282,192,90,13,16,24,38,73,118,10,8,12,27,59,76,3,8,12,11,14,42,217,0,217,신중부시장
2017,2,R,전통시장,1001273,86,50,36,0,4,9,13,25,35,0,3,6,8,16,17,0,1,3,5,9,18,67,0,67,남대문시장
2017,2,R,전통시장,1001272,17,12,5,0,1,1,2,5,8,0,1,1,2,4,4,0,0,0,0,1,4,14,0,14,신설종합시장
2017,2,R,전통시장,1001271,817,479,338,33,184,135,104,135,226,15,90,71,71,93,139,18,94,64,33,42,87,624,58,566,동묘시장
2017,2,R,전통시장,1001270,418,223,195,36,42,44,62,82,152,16,32,29,33,50,63,20,10,15,29,32,89,252,0,252,창신골목시장
2017,2,R,전통시장,1001269,69,35,34,6,6,12,14,10,21,2,3,9,4,7,10,4,3,3,10,3,11,36,33,3,동문시장
2017,2,R,전통시장,1001268,175,87,88,18,23,10,36,28,60,7,12,6,19,15,28,11,11,4,17,13,32,88,0,88,충신시장
2017,2,R,전통시장,1001267,117,76,41,2,11,7,19,32,46,1,6,5,16,21,27,1,5,2,3,11,19,91,0,91,종로신진시장
2017,2,R,전통시장,1001266,3,3,0,0,0,0,1,2,0,0,0,0,1,2,0,0,0,0,0,0,0,3,0,3,동대문종합시장
2017,2,R,전통시장,1001265,54,26,28,2,5,2,4,19,22,2,2,0,1,12,9,0,3,2,3,7,13,42,0,42,광장시장
2017,2,R,전통시장,1001264,764,361,403,104,90,94,131,123,222,59,41,35,66,63,97,45,49,59,65,60,125,361,43,318,통인시장
2017,2,D,발달상권,1001263,265,165,100,10,48,41,53,50,63,4,20,25,31,37,48,6,28,16,22,13,15,208,0,208,서울 노원구 노원역_3
2017,2,D,발달상권,1001262,30,29,1,0,1,4,8,7,10,0,1,3,8,7,10,0,0,1,0,0,0,30,0,30,서울 노원구 노원역_2
2017,2,D,발달상권,1001261,715,315,400,111,101,95,114,145,149,47,46,43,48,66,65,64,55,52,66,79,84,280,277,3,서울 노원구 노원역_1
2017,2,D,발달상권,1001260,543,327,216,24,97,99,104,121,98,10,37,58,74,82,66,14,60,41,30,39,32,441,0,441,창동역
2017,2,D,발달상권,1001259,724,400,324,45,144,127,103,134,171,21,64,64,61,90,100,24,80,63,42,44,71,480,0,480,서울 강북구 수유역_3
2017,2,D,발달상권,1001258,196,87,109,30,20,60,53,19,14,10,10,31,24,7,5,20,10,29,29,12,9,112,0,112,등나무근린공원 주변
2017,2,D,발달상권,1001257,2135,1068,1067,117,374,395,367,361,521,57,161,226,194,192,238,60,213,169,173,169,283,1390,0,1390,서울 강북구 수유역_2
2017,2,D,발달상권,1001256,770,367,403,73,163,165,111,113,145,35,72,76,62,58,64,38,91,89,49,55,81,426,25,401,서울 강북구 수유역_1
2017,2,D,발달상권,1001255,88,50,38,7,24,8,17,15,17,2,12,3,11,10,12,5,12,5,6,5,5,68,0,68,서울 은평구 연신내역_3
2017,2,D,발달상권,1001254,1130,577,553,103,218,233,187,168,221,62,101,131,103,85,95,41,117,102,84,83,126,644,0,644,서울 은평구 연신내역_2
2017,2,D,발달상권,1001253,245,112,133,25,55,49,36,40,40,16,23,21,14,20,18,9,32,28,22,20,22,154,0,154,서울 은평구 연신내역_1
2017,2,D,발달상권,1001252,481,260,221,23,90,68,46,110,144,12,49,38,29,59,73,11,41,30,17,51,71,270,0,270,서울 성북구 미아삼거리역_2
2017,2,D,발달상권,1001251,406,234,172,25,45,46,82,79,129,17,31,26,53,40,67,8,14,20,29,39,62,255,0,255,서울 강북구 미아삼거리역_1
2017,2,D,발달상권,1001250,784,334,450,66,221,273,91,58,75,31,71,127,45,28,32,35,150,146,46,30,43,547,65,482,서울 은평구 불광역_3
2017,2,D,발달상권,1001249,665,347,318,47,170,141,86,86,135,21,89,77,47,47,66,26,81,64,39,39,69,438,0,438,서울 은평구 불광역_2
2017,2,D,발달상권,1001248,602,293,309,42,117,105,75,106,157,24,44,61,38,50,76,18,73,44,37,56,81,359,23,336,서울 은평구 불광역_1
2017,2,D,발달상권,1001247,103,53,50,8,16,14,12,21,32,3,9,8,7,11,15,5,7,6,5,10,17,56,0,56,미아사거리_2
2017,2,D,발달상권,1001246,933,459,474,153,142,173,178,128,159,88,58,84,90,57,82,65,84,89,88,71,77,412,244,168,미아사거리_1
2017,2,D,발달상권,1001245,1050,488,562,68,268,225,153,154,182,38,99,100,83,84,84,30,169,125,70,70,98,718,0,718,서울 성북구 성신여대입구역
2017,2,D,발달상권,1001244,367,171,196,27,127,65,37,35,76,11,50,35,23,17,35,16,77,30,14,18,41,250,0,250,경희대학교
2017,2,D,발달상권,1001243,372,175,197,30,165,52,20,36,69,18,72,26,13,15,31,12,93,26,7,21,38,261,0,261,서울 성북구 안암역
2017,2,D,발달상권,1001242,662,308,354,39,222,110,74,84,133,20,98,53,39,39,59,19,124,57,35,45,74,462,0,462,혜화역 대학로_3
2017,2,D,발달상권,1001241,807,393,414,70,302,157,88,76,114,33,136,88,51,33,52,37,166,69,37,43,62,542,19,523,혜화역 대학로_2
2017,2,D,발달상권,1001240,510,225,285,44,123,97,63,72,111,22,54,41,27,37,44,22,69,56,36,35,67,311,0,311,혜화역 대학로_1
2017,2,D,발달상권,1001239,1043,486,557,216,193,196,230,141,67,102,75,89,113,75,32,114,118,107,117,66,35,495,100,395,디지털미디어시티
2017,2,D,발달상권,1001238,2917,1461,1456,316,415,380,381,524,901,136,194,204,198,283,446,180,221,176,183,241,455,1403,712,691,서울 동대문구 청량리역
2017,2,D,발달상권,1001237,310,140,170,41,46,61,52,39,71,21,27,32,16,15,29,20,19,29,36,24,42,173,0,173,서울 종로구 경복궁역_2
2017,2,D,발달상권,1001236,291,137,154,31,38,29,41,61,91,17,22,14,15,29,40,14,16,15,26,32,51,148,0,148,서울 종로구 안국역_2
2017,2,D,발달상권,1001235,121,54,67,15,8,17,21,15,45,9,5,6,10,9,15,6,3,11,11,6,30,70,0,70,서울 종로구 안국역_1
2017,2,D,발달상권,1001234,659,306,353,72,84,99,118,102,184,39,34,54,56,45,78,33,50,45,62,57,106,327,0,327,서울 종로구 경복궁역_1
2017,2,D,발달상권,1001233,161,123,38,7,15,10,21,55,53,2,12,6,17,45,41,5,3,4,4,10,12,116,0,116,서울 종로구 종로3가역_3
2017,2,D,발달상권,1001232,2462,1685,777,57,84,149,289,653,1230,35,59,92,215,511,773,22,25,57,74,142,457,2136,0,2136,서울 종로구 종로3가역_2
2017,2,D,발달상권,1001231,361,221,140,9,82,84,44,57,85,4,41,42,34,43,57,5,41,42,10,14,28,301,0,301,서울 동대문구 신설동역_2
2017,2,D,발달상권,1001230,829,456,373,76,76,126,115,130,306,47,43,65,70,77,154,29,33,61,45,53,152,511,236,275,인사동
2017,2,D,발달상권,1001229,286,165,121,17,40,39,34,56,100,10,20,27,23,37,48,7,20,12,11,19,52,178,0,178,서울 종로구 종로5가역_4
2017,2,D,발달상권,1001228,775,479,296,42,51,74,125,168,315,26,32,48,82,118,173,16,19,26,43,50,142,559,0,559,서울 종로구 종로5가역_3
2017,2,D,발달상권,1001227,585,327,258,42,85,76,94,117,171,24,52,44,51,63,93,18,33,32,43,54,78,389,120,269,종로구청
2017,2,D,발달상권,1001226,2023,1011,1012,216,488,388,243,274,414,109,231,197,126,152,196,107,257,191,117,122,218,1177,0,1177,서울 종로구 종로5가역_2
2017,2,D,발달상권,1001225,406,244,162,9,120,86,58,66,67,5,47,51,40,50,51,4,73,35,18,16,16,335,0,335,신설동역
2017,2,D,발달상권,1001224,182,131,51,6,14,34,11,42,75,4,7,17,9,35,59,2,7,17,2,7,16,143,0,143,서울 동대문구 신설동역_1
2017,2,D,발달상권,1001223,2577,1164,1413,357,284,421,444,377,694,186,123,169,186,180,320,171,161,252,258,197,374,1240,679,561,서울 종로구 광화문역_2
2017,2,D,발달상권,1001222,898,439,459,124,126,120,138,165,225,60,68,65,70,83,93,64,58,55,68,82,132,355,149,206,동묘앞역
2017,2,D,발달상권,1001221,4065,2017,2048,483,711,1017,729,514,611,253,321,530,381,251,281,230,390,487,348,263,330,2161,224,1937,장안동사거리
2017,2,D,발달상권,1001220,650,425,225,18,57,71,63,175,266,9,34,48,46,128,160,9,23,23,17,47,106,489,0,489,서울 종로구 동대문역_2
2017,2,D,발달상권,1001219,139,70,69,17,18,15,18,30,41,8,7,6,10,18,21,9,11,9,8,12,20,71,0,71,서울 종로구 동대문역_1
2017,2,D,발달상권,1001218,34,17,17,1,1,6,3,8,15,0,0,3,2,6,6,1,1,3,1,2,9,28,0,28,동대문시장_2
2017,2,D,발달상권,1001217,25,6,19,0,0,0,3,4,18,0,0,0,2,0,4,0,0,0,1,4,14,22,0,22,서울 종로구 종로5가역_1
2017,2,D,발달상권,1001216,186,146,40,6,44,15,23,50,48,3,38,9,17,41,38,3,6,6,6,9,10,163,0,163,서울 종로구 종로3가역_1
2017,2,D,발달상권,1001215,10,8,2,0,0,0,4,2,4,0,0,0,3,2,3,0,0,0,1,0,1,8,0,8,서울 종로구 광화문역_1
2017,2,D,발달상권,1001214,4,1,3,0,1,1,0,2,0,0,0,0,0,1,0,0,1,1,0,1,0,4,1,3,종각역
2017,2,D,발달상권,1001213,137,100,37,4,47,25,15,18,28,1,38,20,10,11,20,3,9,5,5,7,8,117,0,117,종각역 젊음의 거리
2017,2,D,발달상권,1001212,517,279,238,97,52,79,99,98,92,51,28,37,51,60,52,46,24,42,48,38,40,228,0,228,서대문구 서대문역_1
2017,2,D,발달상권,1001211,34,21,13,0,4,7,2,10,11,0,1,5,2,8,5,0,3,2,0,2,6,31,0,31,동대문시장_1
2017,2,D,발달상권,1001210,941,414,527,152,113,289,180,107,100,62,47,129,75,51,50,90,66,160,105,56,50,499,67,432,시청역_2
2017,2,D,발달상권,1001209,91,56,35,7,1,9,14,28,32,4,1,5,9,15,22,3,0,4,5,13,10,63,0,63,서울시청
2017,2,D,발달상권,1001208,550,364,186,15,34,33,79,120,269,7,18,19,60,93,167,8,16,14,19,27,102,441,62,379,서울 중구 을지로3가역_2
2017,2,D,발달상권,1001207,319,162,157,13,72,68,41,56,69,7,28,33,21,34,39,6,44,35,20,22,30,214,0,214,서울 중구 신당역_2
2017,2,D,발달상권,1001206,898,448,450,65,191,204,118,162,158,34,69,114,64,91,76,31,122,90,54,71,82,579,0,579,서대문구 서대문역_2
2017,2,D,발달상권,1001205,456,277,179,12,56,43,69,108,168,4,31,25,43,71,103,8,25,18,26,37,65,333,11,322,동대문역사문화공원역
2017,2,D,발달상권,1001204,230,158,72,8,17,12,33,52,108,3,10,6,21,41,77,5,7,6,12,11,31,182,0,182,서울 중구 을지로3가역_1
2017,2,D,발달상권,1001203,150,83,67,5,18,21,29,38,39,1,10,10,19,22,21,4,8,11,10,16,18,107,0,107,명동거리
2017,2,D,발달상권,1001202,2,2,0,0,0,2,0,0,0,0,0,2,0,0,0,0,0,0,0,0,0,2,0,2,롯데백화점
2017,2,D,발달상권,1001201,920,504,416,83,115,111,144,204,263,48,68,66,82,110,130,35,47,45,62,94,133,528,43,485,서울 중구 신당역_1
2017,2,D,발달상권,1001200,258,155,103,2,21,34,36,54,111,0,11,27,21,32,64,2,10,7,15,22,47,224,0,224,북창동
2017,2,D,발달상권,1001199,694,392,302,34,92,104,95,142,227,16,43,55,65,92,121,18,49,49,30,50,106,479,167,312,서울 중구 충무로역_2
2017,2,D,발달상권,1001198,2158,1038,1120,151,428,378,259,388,554,77,182,195,137,190,257,74,246,183,122,198,297,1376,39,1337,서울 강서구 송정역
2017,2,D,발달상권,1001197,1364,737,627,143,232,273,227,226,263,79,96,149,128,138,147,64,136,124,99,88,116,768,50,718,장한평역_2
2017,2,D,발달상권,1001196,327,168,159,57,28,87,63,35,57,32,13,40,35,19,29,25,15,47,28,16,28,147,0,147,시청역_1
2017,2,D,발달상권,1001195,443,209,234,52,86,72,71,74,88,19,39,36,38,40,37,33,47,36,33,34,51,239,0,239,왕십리역_2
2017,2,D,발달상권,1001194,104,48,56,4,17,36,23,15,9,1,6,14,14,7,6,3,11,22,9,8,3,77,0,77,서울 강서구 발산역
2017,2,D,발달상권,1001193,219,136,83,10,30,26,47,61,45,7,20,14,33,40,22,3,10,12,14,21,23,138,23,115,장한평역_1
2017,2,D,발달상권,1001192,767,386,381,50,113,97,97,141,269,24,55,58,58,73,118,26,58,39,39,68,151,501,0,501,서울 중구 충무로역_1
2017,2,D,발달상권,1001191,3,2,1,0,0,0,1,2,0,0,0,0,1,1,0,0,0,0,0,1,0,2,0,2,왕십리역_1
2017,2,D,발달상권,1001190,1354,976,378,53,206,272,299,329,195,31,86,183,240,293,143,22,120,89,59,36,52,1075,0,1075,장한평역
2017,2,D,발달상권,1001189,1298,610,688,125,154,177,212,229,401,58,61,86,110,109,186,67,93,91,102,120,215,713,16,697,서울 중구 명동역
2017,2,D,발달상권,1001188,297,160,137,27,85,42,37,31,75,14,45,23,26,20,32,13,40,19,11,11,43,200,33,167,장충동 족발거리
2017,2,D,발달상권,1001187,1013,487,526,36,584,173,50,60,110,15,274,93,28,31,46,21,310,80,22,29,64,817,0,817,한양시장
2017,2,D,발달상권,1001186,1491,539,952,82,445,186,223,177,378,38,72,81,110,83,155,44,373,105,113,94,223,1061,124,937,서울 서대문구 이대역
2017,2,D,발달상권,1001185,2750,1398,1352,132,1103,503,274,285,453,72,521,272,158,161,214,60,582,231,116,124,239,2056,77,1979,서울 서대문구 신촌역
2017,2,D,발달상권,1001184,186,81,105,7,46,60,32,23,18,3,15,28,15,11,9,4,31,32,17,12,9,144,0,144,서울 마포구 홍대입구역_3
2017,2,D,발달상권,1001183,524,246,278,61,88,114,76,50,135,30,47,46,43,19,61,31,41,68,33,31,74,268,0,268,서울 마포구 홍대입구역_2
2017,2,D,발달상권,1001182,5094,2421,2673,407,1247,1268,724,532,916,216,571,601,383,247,403,191,676,667,341,285,513,3216,122,3094,홍익대학교 주변
2017,2,D,발달상권,1001181,1679,794,885,142,407,442,175,219,294,81,173,204,89,105,142,61,234,238,86,114,152,1028,0,1028,서울 광진구 군자역
2017,2,D,발달상권,1001180,1233,636,597,71,389,276,155,118,224,41,186,136,93,68,112,30,203,140,62,50,112,919,23,896,신촌역
2017,2,D,발달상권,1001179,2898,1428,1470,317,586,672,462,412,449,165,213,339,278,223,210,152,373,333,184,189,239,1768,110,1658,강서구청
2017,2,D,발달상권,1001178,683,337,346,63,131,169,112,68,140,30,54,99,55,35,64,33,77,70,57,33,76,405,0,405,서울 마포구 홍대입구역_1
2017,2,D,발달상권,1001177,58,31,27,7,8,7,11,6,19,5,3,3,8,3,9,2,5,4,3,3,10,26,0,26,서울 중구 약수역_2
2017,2,D,발달상권,1001176,11,7,4,1,0,3,3,1,3,1,0,2,2,0,2,0,0,1,1,1,1,8,0,8,서울 중구 약수역_1
2017,2,D,발달상권,1001175,2677,1338,1339,571,410,304,491,506,395,317,230,138,211,247,195,254,180,166,280,259,200,878,658,220,서울 강동구 고덕역
2017,2,D,발달상권,1001174,1100,500,600,121,224,334,139,131,151,65,68,165,74,62,66,56,156,169,65,69,85,585,25,560,등촌역
2017,2,D,발달상권,1001173,2127,1064,1063,302,290,319,366,341,509,161,145,165,189,159,245,141,145,154,177,182,264,1043,7,1036,서울 강동구 명일역
2017,2,D,발달상권,1001172,626,354,272,76,127,91,105,121,106,42,62,55,62,79,54,34,65,36,43,42,52,325,85,240,어린이대공원역
2017,2,D,발달상권,1001171,27,16,11,1,5,1,3,8,9,0,4,1,2,5,4,1,1,0,1,3,5,18,0,18,서울 마포구 공덕역_2
2017,2,D,발달상권,1001170,416,206,210,53,62,45,65,93,98,21,33,20,32,42,58,32,29,25,33,51,40,171,130,41,공덕역
2017,2,D,발달상권,1001169,611,341,270,52,89,101,114,112,143,28,46,56,74,66,71,24,43,45,40,46,72,364,0,364,서울 용산구 숙대입구역
2017,2,D,발달상권,1001168,186,93,93,7,45,65,24,20,25,4,20,36,11,10,12,3,25,29,13,10,13,142,0,142,남영역
2017,2,D,발달상권,1001167,536,247,289,73,111,87,85,118,62,40,50,39,35,56,27,33,61,48,50,62,35,201,0,201,서울 마포구 공덕역_1
2017,2,D,발달상권,1001166,3300,1490,1810,481,396,870,711,405,437,228,150,404,318,194,196,253,246,466,393,211,241,1742,462,1280,서울 마포구 마포역_2
2017,2,D,발달상권,1001165,2077,941,1136,119,802,449,196,185,326,60,321,221,97,99,143,59,481,228,99,86,183,1473,0,1473,서울 광진구 건대입구역_2
2017,2,D,발달상권,1001164,884,445,439,87,108,191,119,146,233,49,51,97,66,72,110,38,57,94,53,74,123,500,0,500,서울 마포구 마포역_1
2017,2,D,발달상권,1001163,4260,2089,2171,318,649,1049,713,703,828,159,271,504,382,381,392,159,378,545,331,322,436,2665,851,1814,서울 강동구 천호역_2
2017,2,D,발달상권,1001162,1072,516,556,83,214,202,158,162,253,40,84,109,78,81,124,43,130,93,80,81,129,634,0,634,서울 광진구 건대입구역_1
2017,2,D,발달상권,1001161,557,235,322,23,13,13,27,28,453,13,4,3,12,13,190,10,9,10,15,15,263,305,0,305,건대입구역
2017,2,D,발달상권,1001160,1966,907,1059,134,457,500,311,255,309,65,166,240,171,117,148,69,291,260,140,138,161,1278,0,1278,서울 광진구 구의역
2017,2,D,발달상권,1001159,285,135,150,22,38,55,47,47,76,11,20,25,25,17,37,11,18,30,22,30,39,160,0,160,서울 강동구 천호역
2017,2,D,발달상권,1001158,596,232,364,30,231,150,66,47,72,14,59,59,33,30,37,16,172,91,33,17,35,468,0,468,당산역_2
2017,2,D,발달상권,1001157,319,155,164,27,62,37,52,65,76,10,34,19,29,32,31,17,28,18,23,33,45,172,0,172,서울 강동구 천호역_1
2017,2,D,발달상권,1001156,3061,1492,1569,186,836,740,459,434,406,90,292,372,283,236,219,96,544,368,176,198,187,2126,0,2126,서울 강동구 길동역
2017,2,D,발달상권,1001155,612,353,259,42,101,142,99,81,147,21,59,92,64,48,69,21,42,50,35,33,78,359,32,327,용산 전자상가_5
2017,2,D,발달상권,1001154,163,96,67,14,12,27,37,25,48,6,8,17,28,17,20,8,4,10,9,8,28,106,0,106,용산 전자상가_4
2017,2,D,발달상권,1001153,1037,480,557,67,291,354,110,103,112,34,111,166,64,56,49,33,180,188,46,47,63,676,109,567,당산역_1
2017,2,D,발달상권,1001152,192,89,103,24,32,28,15,32,61,13,15,9,7,13,32,11,17,19,8,19,29,66,64,2,서울 광진구 강변역
2017,2,D,발달상권,1001151,260,133,127,23,35,62,31,44,65,14,19,33,16,19,32,9,16,29,15,25,33,128,92,36,용산 전자상가_3
2017,2,D,발달상권,1001150,935,499,436,63,164,186,148,163,211,36,91,102,79,94,97,27,73,84,69,69,114,596,0,596,서울 용산구 이태원역
2017,2,D,발달상권,1001149,187,100,87,8,39,15,25,37,63,5,25,9,11,19,31,3,14,6,14,18,32,129,0,129,한남오거리
2017,2,D,발달상권,1001148,73,39,34,4,15,18,16,10,10,2,2,6,13,7,9,2,13,12,3,3,1,65,0,65,목동사거리
2017,2,D,발달상권,1001147,161,86,75,24,23,35,24,26,29,17,13,14,15,13,14,7,10,21,9,13,15,64,0,64,용산 전자상가_2
2017,2,D,발달상권,1001146,124,52,72,18,15,23,24,12,32,7,7,7,15,3,13,11,8,16,9,9,19,61,0,61,용산구청
2017,2,D,발달상권,1001145,487,264,223,59,70,124,97,76,61,25,36,66,53,47,37,34,34,58,44,29,24,272,0,272,용산 전자상가_1
2017,2,D,발달상권,1001144,663,344,319,29,113,200,122,103,96,17,51,96,68,60,52,12,62,104,54,43,44,518,38,480,국회의사당역_2
2017,2,D,발달상권,1001143,399,205,194,22,31,45,58,91,152,17,17,29,38,45,59,5,14,16,20,46,93,305,0,305,서울 용산구 신용산역
2017,2,D,발달상권,1001141,1338,636,702,185,172,261,259,169,292,87,80,127,131,82,129,98,92,134,128,87,163,686,243,443,압구정 로데오거리_2
2017,2,D,발달상권,1001140,1957,888,1069,238,317,411,330,249,412,133,141,161,160,113,180,105,176,250,170,136,232,1014,41,973,서울 강남구 압구정역
2017,2,D,발달상권,1001139,1333,674,659,70,273,249,175,225,341,35,129,116,96,134,164,35,144,133,79,91,177,924,0,924,서울 영등포구 영등포구청역
2017,2,D,발달상권,1001138,546,256,290,81,59,76,85,74,171,42,28,32,39,34,81,39,31,44,46,40,90,228,0,228,압구정 로데오거리_1
2017,2,D,발달상권,1001137,764,417,347,94,121,106,137,128,178,56,71,57,78,72,83,38,50,49,59,56,95,372,21,351,서울 강동구 둔촌동역
2017,2,D,발달상권,1001136,899,434,465,219,111,112,193,126,138,114,48,49,97,55,71,105,63,63,96,71,67,269,238,31,오목교역
2017,2,D,발달상권,1001135,3928,1836,2092,504,590,839,721,501,773,266,257,369,359,245,340,238,333,470,362,256,433,2179,84,2095,신사동 가로수길
2017,2,D,발달상권,1001134,16,13,3,1,1,2,3,6,3,0,1,2,3,4,3,1,0,0,0,2,0,13,0,13,서울 영등포구 여의도역_2
2017,2,D,발달상권,1001133,908,395,513,59,76,122,175,149,327,23,40,57,77,64,134,36,36,65,98,85,193,601,0,601,청담사거리_3
2017,2,D,발달상권,1001132,446,252,194,39,61,65,83,63,135,19,37,38,57,38,63,20,24,27,26,25,72,241,0,241,영등포유통상가
2017,2,D,발달상권,1001131,1061,475,586,174,144,228,212,151,152,85,62,89,96,74,69,89,82,139,116,77,83,488,358,130,청담역_2
2017,2,D,발달상권,1001130,209,104,105,44,27,25,35,34,44,19,20,12,17,16,20,25,7,13,18,18,24,67,0,67,청담역_1
2017,2,D,발달상권,1001129,386,190,196,53,48,66,64,62,93,24,27,31,30,30,48,29,21,35,34,32,45,149,0,149,청담사거리_2
2017,2,D,발달상권,1001128,259,115,144,35,41,52,61,33,37,13,15,25,33,15,14,22,26,27,28,18,23,134,0,134,청담사거리_1
2017,2,D,발달상권,1001127,2593,1248,1345,422,335,352,408,461,615,219,154,152,185,226,312,203,181,200,223,235,303,948,897,51,서울 영등포구 여의도역_1
2017,2,D,발달상권,1001126,287,140,147,26,54,34,38,57,78,16,26,19,21,25,33,10,28,15,17,32,45,154,0,154,서울 양천구 신정네거리역_2
2017,2,D,발달상권,1001125,476,242,234,74,71,82,91,74,84,47,39,42,38,34,42,27,32,40,53,40,42,189,0,189,학동사거리_2
2017,2,D,발달상권,1001124,1412,899,513,43,94,135,224,356,560,23,55,86,151,257,327,20,39,49,73,99,233,1098,0,1098,서울 영등포구 영등포시장역
2017,2,D,발달상권,1001123,449,218,231,42,72,95,85,57,98,23,25,47,46,32,45,19,47,48,39,25,53,263,48,215,학동사거리_1
2017,2,D,발달상권,1001122,1420,680,740,209,148,203,203,234,423,108,79,87,100,114,192,101,69,116,103,120,231,584,114,470,여의도 시범아파트앞
2017,2,D,발달상권,1001121,419,255,164,8,117,101,53,64,76,5,48,59,38,49,56,3,69,42,15,15,20,358,0,358,영등포역_3
2017,2,D,발달상권,1001120,269,123,146,20,68,75,32,28,46,9,31,36,15,12,20,11,37,39,17,16,26,167,23,144,도산공원사거리_1
2017,2,D,발달상권,1001119,660,497,163,11,92,81,135,181,160,6,33,64,127,152,115,5,59,17,8,29,45,605,0,605,영등포역_2
2017,2,D,발달상권,1001118,1482,739,743,224,139,226,226,258,409,112,76,111,117,134,189,112,63,115,109,124,220,705,565,140,문래동 주민센터
2017,2,D,발달상권,1001117,1004,448,556,65,195,292,157,109,186,35,75,123,80,56,79,30,120,169,77,53,107,631,0,631,강남구 신사역_2
2017,2,D,발달상권,1001116,261,143,118,13,108,80,24,19,17,5,49,46,16,14,13,8,59,34,8,5,4,232,0,232,영등포역_1
2017,2,D,발달상권,1001115,726,379,347,34,55,131,156,136,214,15,25,70,78,95,96,19,30,61,78,41,118,540,0,540,서울 강남구 강남구청역_2
2017,2,D,발달상권,1001114,800,426,374,44,137,179,153,118,169,24,64,94,91,66,87,20,73,85,62,52,82,540,0,540,강남구 신사역_1
2017,2,D,발달상권,1001113,18,14,4,0,1,3,4,4,6,0,1,3,4,4,2,0,0,0,0,0,4,17,0,17,서울 동작구 노량진1동_1
2017,2,D,발달상권,1001112,122,62,60,2,23,27,23,21,26,2,10,15,10,12,13,0,13,12,13,9,13,86,0,86,서울 강남구 학동역_3
2017,2,D,발달상권,1001111,763,364,399,72,126,215,156,106,88,34,60,93,68,63,46,38,66,122,88,43,42,476,47,429,서울 강남구 강남구청역_1
2017,2,D,발달상권,1001110,4505,2135,2370,721,610,873,661,737,903,355,306,404,279,344,447,366,304,469,382,393,456,1674,1674,0,잠실역
2017,2,D,발달상권,1001109,1915,940,975,151,354,507,343,266,294,79,163,233,173,151,141,72,191,274,170,115,153,1204,20,1184,강남구 논현역_4
2017,2,D,발달상권,1001108,470,186,284,23,78,174,81,59,55,13,32,66,26,27,22,10,46,108,55,32,33,336,0,336,학동역
2017,2,D,발달상권,1001107,1498,809,689,101,264,370,247,248,268,51,129,204,144,139,142,50,135,166,103,109,126,954,0,954,방이동 먹자골목
2017,2,D,발달상권,1001106,98,52,46,5,21,35,14,11,12,2,6,22,9,8,5,3,15,13,5,3,7,72,0,72,서울 강남구 학동역_2
2017,2,D,발달상권,1001105,1045,520,525,38,534,186,105,63,119,20,243,111,65,28,53,18,291,75,40,35,66,856,0,856,서울 동작구 노량진역
2017,2,D,발달상권,1001104,50,36,14,0,12,8,7,8,15,0,9,6,6,4,11,0,3,2,1,4,4,38,0,38,삼성역_3
2017,2,D,발달상권,1001103,20,15,5,5,1,1,4,4,5,4,0,1,3,3,4,1,1,0,1,1,1,13,0,13,코엑스
2017,2,D,발달상권,1001102,936,411,525,83,190,251,156,87,169,43,70,100,79,41,78,40,120,151,77,46,91,555,0,555,서울 강남구 학동역_1
2017,2,D,발달상권,1001101,3092,1396,1696,386,449,755,615,395,492,195,195,321,286,198,201,191,254,434,329,197,291,1840,14,1826,선정릉역_2
2017,2,D,발달상권,1001100,83,30,53,4,16,19,15,13,16,2,3,3,10,5,7,2,13,16,5,8,9,45,0,45,강남구 논현역_3
2017,2,D,발달상권,1001099,732,372,360,72,142,155,139,117,107,43,60,80,71,67,51,29,82,75,68,50,56,411,21,390,포스코사거리_2
2017,2,D,발달상권,1001098,2157,1047,1110,247,336,514,404,299,357,126,158,228,214,156,165,121,178,286,190,143,192,1214,43,1171,포스코사거리_1
2017,2,D,발달상권,1001096,5105,2428,2677,878,788,1185,787,833,634,434,347,569,372,388,318,444,441,616,415,445,316,1899,1139,760,신도림역
2017,2,D,발달상권,1001095,3980,1905,2075,288,807,1110,632,455,688,152,350,525,331,246,301,136,457,585,301,209,387,2503,0,2503,강남구 논현역_2
2017,2,D,발달상권,1001094,627,282,345,84,127,111,112,103,90,42,51,45,51,49,44,42,76,66,61,54,46,315,21,294,선정릉역_1
2017,2,D,발달상권,1001093,2839,1370,1469,267,486,684,474,414,514,148,220,332,248,189,233,119,266,352,226,225,281,1669,166,1503,신천역
2017,2,D,발달상권,1001092,2063,1062,1001,108,392,554,366,296,347,54,184,269,218,169,168,54,208,285,148,127,179,1454,22,1432,강남구 논현역_1
2017,2,D,발달상권,1001091,9,6,3,0,1,2,1,2,3,0,0,2,1,1,2,0,1,0,0,1,1,5,0,5,삼성역_2
2017,2,D,발달상권,1001090,599,291,308,44,92,176,106,81,100,23,48,70,61,39,50,21,44,106,45,42,50,384,0,384,삼정역_2
2017,2,D,발달상권,1001089,95,44,51,4,19,24,10,18,20,1,6,15,4,8,10,3,13,9,6,10,10,52,0,52,삼정역_1
2017,2,D,발달상권,1001088,1371,684,687,173,243,347,233,176,199,93,101,182,113,96,99,80,142,165,120,80,100,764,0,764,삼성역_1
2017,2,D,발달상권,1001087,2213,1082,1131,120,488,662,349,270,324,60,213,326,198,128,157,60,275,336,151,142,167,1427,0,1427,서울 강남구 선릉역_2
2017,2,D,발달상권,1001085,3045,1564,1481,133,711,974,409,367,451,73,334,503,238,188,228,60,377,471,171,179,223,2180,29,2151,서울 서초구 강남역
2017,2,D,발달상권,1001084,697,359,338,54,92,189,191,86,85,30,43,91,102,51,42,24,49,98,89,35,43,506,1,505,서울 강남구 선릉역_1
2017,2,D,발달상권,1001083,608,289,319,98,89,155,96,75,95,55,36,69,44,38,47,43,53,86,52,37,48,291,6,285,서울 송파구 석촌역_2
2017,2,D,발달상권,1001082,4112,1854,2258,453,713,1172,841,483,450,201,273,499,411,255,215,252,440,673,430,228,235,2570,111,2459,선릉역_2
2017,2,D,발달상권,1001081,984,486,498,73,198,264,143,143,163,43,84,121,81,74,83,30,114,143,62,69,80,623,0,623,서울 강남구 역삼역_2
2017,2,D,발달상권,1001080,203,89,114,21,34,54,38,23,33,13,11,20,21,9,15,8,23,34,17,14,18,111,0,111,서울 송파구 석촌역_1
2017,2,D,발달상권,1001079,6,2,4,0,2,1,1,1,1,0,1,0,0,1,0,0,1,1,1,0,1,4,0,4,석촌역
2017,2,D,발달상권,1001078,2017,914,1103,194,342,389,375,291,426,81,135,176,175,153,194,113,207,213,200,138,232,1167,340,827,서울 강남구 강남역_2
2017,2,D,발달상권,1001077,1274,544,730,262,149,263,327,144,129,105,57,100,145,77,60,157,92,163,182,67,69,574,283,291,선릉역_1
2017,2,D,발달상권,1001076,714,344,370,116,107,200,110,89,92,59,37,95,65,44,44,57,70,105,45,45,48,327,173,154,구로역
2017,2,D,발달상권,1001075,454,318,136,356,24,38,11,12,13,261,10,21,8,10,8,95,14,17,3,2,5,86,8,78,역삼역_2
2017,2,D,발달상권,1001074,2666,1276,1390,244,685,790,438,276,233,122,221,400,255,168,110,122,464,390,183,108,123,1839,0,1839,대림역_2
2017,2,D,발달상권,1001073,5422,2814,2608,357,1024,1465,1017,701,858,178,439,784,584,404,425,179,585,681,433,297,433,3797,16,3781,서울 강남구 역삼역_1
2017,2,D,발달상권,1001072,1255,617,638,114,255,293,195,166,232,54,108,135,110,98,112,60,147,158,85,68,120,784,36,748,신대방삼거리역
2017,2,D,발달상권,1001071,2174,1030,1144,410,358,256,459,363,328,217,166,122,194,184,147,193,192,134,265,179,181,973,0,973,서울 강남구 한티역
2017,2,D,발달상권,1001070,364,194,170,99,39,27,98,66,35,70,19,12,39,37,17,29,20,15,59,29,18,121,89,32,은마아파트입구사거리_4
2017,2,D,발달상권,1001069,326,164,162,66,51,30,76,50,53,37,24,18,31,27,27,29,27,12,45,23,26,137,15,122,은마아파트입구사거리_3
2017,2,D,발달상권,1001068,33,15,18,3,8,3,3,7,9,0,4,1,2,3,5,3,4,2,1,4,4,15,0,15,은마아파트입구사거리_2
2017,2,D,발달상권,1001067,3809,1845,1964,280,923,1133,557,383,533,129,346,588,330,194,258,151,577,545,227,189,275,2636,33,2603,오류동역
2017,2,D,발달상권,1001066,2454,1152,1302,174,615,771,361,245,288,98,266,351,192,114,131,76,349,420,169,131,157,1678,393,1285,서울 강남구 강남역
2017,2,D,발달상권,1001065,182,97,85,40,29,16,38,37,22,24,19,10,19,17,8,16,10,6,19,20,14,63,0,63,은마아파트입구사거리_1
2017,2,D,발달상권,1001064,1777,817,960,82,639,605,258,90,103,41,194,317,149,66,50,41,445,288,109,24,53,1462,41,1421,대림역_1
2017,2,D,발달상권,1001063,1423,688,735,286,225,145,284,201,282,131,111,74,124,107,141,155,114,71,160,94,141,552,39,513,교대역_4
2017,2,D,발달상권,1001062,1367,624,743,180,205,368,229,180,205,72,96,165,112,86,93,108,109,203,117,94,112,731,80,651,서울 강남구 강남역_1
2017,2,D,발달상권,1001061,2675,1278,1397,637,283,382,591,357,425,308,149,166,283,188,184,329,134,216,308,169,241,985,475,510,방배동카페골목
2017,2,D,발달상권,1001059,20,9,11,1,0,6,1,6,6,0,0,2,1,3,3,1,0,4,0,3,3,10,0,10,교대역_3
2017,2,D,발달상권,1001058,2814,1371,1443,303,520,835,442,306,408,146,255,430,214,130,196,157,265,405,228,176,212,1595,42,1553,역삼역_1
2017,2,D,발달상권,1001057,1561,727,834,164,297,352,258,231,259,80,133,164,128,108,114,84,164,188,130,123,145,886,268,618,교대역_2
2017,2,D,발달상권,1001056,517,294,223,24,71,119,79,103,121,13,29,55,50,78,69,11,42,64,29,25,52,366,0,366,서울 송파구 가락시장역
2017,2,D,발달상권,1001055,55,30,25,8,9,7,6,10,15,4,6,5,4,4,7,4,3,2,2,6,8,25,0,25,서울 서초구 서초역
2017,2,D,발달상권,1001054,420,203,217,135,49,48,98,58,32,70,26,15,47,31,14,65,23,33,51,27,18,130,103,27,서울 강남구 대치역_2
2017,2,D,발달상권,1001053,503,253,250,154,52,34,143,72,48,80,28,15,69,38,23,74,24,19,74,34,25,143,143,0,서울 강남구 대치역_1
2017,2,D,발달상권,1001052,1847,812,1035,122,459,621,278,188,179,62,162,293,132,82,81,60,297,328,146,106,98,1342,163,1179,뱅뱅사거리_2
2017,2,D,발달상권,1001051,5255,2491,2764,938,640,859,869,623,1326,460,322,382,412,289,626,478,318,477,457,334,700,2025,400,1625,보라매공원
2017,2,D,발달상권,1001050,2582,1265,1317,258,504,528,371,446,475,120,240,260,192,227,226,138,264,268,179,219,249,1285,192,1093,교대역_1
2017,2,D,발달상권,1001049,2800,1402,1398,339,356,406,419,517,763,180,192,216,207,263,344,159,164,190,212,254,419,1254,10,1244,개봉동 현대아파트 인근
2017,2,D,발달상권,1001048,1430,605,825,90,416,497,240,106,81,49,134,220,117,47,38,41,282,277,123,59,43,1077,32,1045,뱅뱅사거리
2017,2,D,발달상권,1001047,1121,600,521,124,239,343,164,122,129,64,112,199,101,59,65,60,127,144,63,63,64,679,20,659,뱅뱅사거리_1
2017,2,D,발달상권,1001046,3052,1493,1559,130,1132,1009,341,195,245,77,461,541,189,106,119,53,671,468,152,89,126,2473,183,2290,서울 관악구 신림역_4
2017,2,D,발달상권,1001045,1146,527,619,90,244,230,160,145,277,38,94,113,85,73,124,52,150,117,75,72,153,648,0,648,동작구 총신대입구역_1
2017,2,D,발달상권,1001044,1989,956,1033,236,321,504,310,260,358,117,158,237,147,124,173,119,163,267,163,136,185,1008,72,936,양재역_3
2017,2,D,발달상권,1001043,1819,796,1023,371,231,359,429,228,201,164,83,159,185,123,82,207,148,200,244,105,119,847,18,829,동작구 총신대입구역_2
2017,2,D,발달상권,1001042,449,217,232,47,90,109,72,44,87,26,43,43,42,22,41,21,47,66,30,22,46,269,0,269,서울 서초구 남부터미널역_3
2017,2,D,발달상권,1001041,1579,739,840,144,142,264,244,239,546,72,56,117,141,146,207,72,86,147,103,93,339,938,515,423,서울 강남구 수서역
2017,2,D,발달상권,1001040,877,478,399,17,343,235,98,80,104,6,144,155,64,54,55,11,199,80,34,26,49,750,0,750,서울 관악구 신림역_3
2017,2,D,발달상권,1001039,1571,818,753,84,306,479,304,232,166,51,112,232,169,158,96,33,194,247,135,74,70,1213,0,1213,서울 서초구 남부터미널역_2
2017,2,D,발달상권,1001038,133,73,60,12,11,27,17,32,34,5,8,14,9,21,16,7,3,13,8,11,18,77,0,77,구로디지탈1단지
2017,2,D,발달상권,1001037,1690,759,931,245,305,356,283,233,268,100,130,160,139,104,126,145,175,196,144,129,142,868,170,698,양재역
2017,2,D,발달상권,1001036,384,206,178,54,64,75,67,60,64,35,34,40,39,29,29,19,30,35,28,31,35,189,0,189,문정역
2017,2,D,발달상권,1001035,549,276,273,67,107,93,98,89,95,36,50,43,53,47,47,31,57,50,45,42,48,276,0,276,매봉역
2017,2,D,발달상권,1001034,1234,603,631,157,182,282,222,161,230,88,77,137,123,79,99,69,105,145,99,82,131,642,18,624,서울 서초구 방배역
2017,2,D,발달상권,1001033,1318,635,683,217,204,215,209,226,247,115,94,100,101,103,122,102,110,115,108,123,125,517,0,517,서울 서초구 남부터미널역_1
2017,2,D,발달상권,1001032,1571,831,740,80,527,374,177,165,248,47,273,215,96,76,124,33,254,159,81,89,124,1034,0,1034,서울 관악구 신림역_2
2017,2,D,발달상권,1001031,521,239,282,15,197,153,62,44,50,7,74,79,33,22,24,8,123,74,29,22,26,424,0,424,서울 관악구 신림역_1
2017,2,D,발달상권,1001030,887,423,464,102,152,207,148,125,153,49,66,100,76,63,69,53,86,107,72,62,84,467,0,467,양재역_2
2017,2,D,발달상권,1001029,11,6,5,0,3,0,2,4,2,0,2,0,2,1,1,0,1,0,0,3,1,5,0,5,양재역_1
2017,2,D,발달상권,1001028,463,247,216,14,161,105,49,52,82,9,74,56,36,30,42,5,87,49,13,22,40,347,0,347,서울 관악구 서울대입구역_2
2017,2,D,발달상권,1001027,1523,838,685,27,408,406,230,248,204,13,130,231,155,188,121,14,278,175,75,60,83,1364,280,1084,가산디지털단지역_3
2017,2,D,발달상권,1001026,407,234,173,24,41,37,61,112,132,16,19,25,37,74,63,8,22,12,24,38,69,257,0,257,구로디지털단지역
2017,2,D,발달상권,1001025,6088,2873,3215,252,2623,1527,598,510,578,111,1098,748,339,276,301,141,1525,779,259,234,277,4829,18,4811,서울 관악구 서울대입구역_1
2017,2,D,발달상권,1001024,897,430,467,131,148,156,156,146,160,62,71,70,80,64,83,69,77,86,76,82,77,393,139,254,관악구 사당역_1
2017,2,D,발달상권,1001023,477,248,229,43,75,107,60,66,126,22,39,58,36,34,59,21,36,49,24,32,67,225,140,85,가산디지털단지역_2
2017,2,D,발달상권,1001022,948,436,512,44,240,219,114,123,208,21,91,104,54,64,102,23,149,115,60,59,106,628,0,628,관악구 사당역_2
2017,2,D,발달상권,1001021,29,20,9,1,3,7,5,7,6,0,0,4,5,6,5,1,3,3,0,1,1,26,0,26,가산디지털단지역_1
2017,2,D,발달상권,1001019,77,46,31,9,13,22,17,8,8,5,8,11,13,3,6,4,5,11,4,5,2,47,0,47,포이사거리_1
2017,2,D,발달상권,1001018,1797,994,803,166,302,428,342,296,263,99,150,236,207,174,128,67,152,192,135,122,135,1117,10,1107,포이사거리_2
2017,2,D,발달상권,1001017,307,136,171,14,83,85,37,36,52,5,27,44,19,16,25,9,56,41,18,20,27,219,118,101,관악구 사당역_3
2017,2,D,발달상권,1001016,1633,1011,622,102,653,357,187,136,198,55,402,261,126,73,94,47,251,96,61,63,104,1245,0,1245,서울 관악구 대학동_1
2017,2,D,발달상권,1001015,1058,584,474,51,177,273,202,175,180,26,84,164,123,105,82,25,93,109,79,70,98,782,9,773,서울 금천구 독산1동_1
2017,2,D,발달상권,1001013,1731,831,900,491,167,273,349,193,258,258,80,120,186,86,101,233,87,153,163,107,157,545,0,545,양재 화물트럭터미널앞_2
2017,2,D,발달상권,1001012,2,2,0,0,0,0,0,1,1,0,0,0,0,1,1,0,0,0,0,0,0,2,0,2,양재 화물트럭터미널앞_1
2017,2,D,발달상권,1001011,1602,838,764,114,181,221,258,319,509,58,94,114,155,189,228,56,87,107,103,130,281,1022,28,994,서울 금천구 시흥1동_4
2017,2,A,골목상권,1001010,3307,1684,1623,390,470,595,542,600,710,205,240,329,291,295,324,185,230,266,251,305,386,1675,35,1640,풍성로37가길
2017,2,A,골목상권,1001009,4041,2042,1999,464,570,718,621,715,953,227,282,397,340,358,438,237,288,321,281,357,515,1997,86,1911,천호옛길
2017,2,A,골목상권,1001008,2103,1025,1078,200,328,358,304,382,531,98,158,187,155,181,246,102,170,171,149,201,285,1010,0,1010,천호옛14길
2017,2,A,골목상권,1001007,2316,1179,1137,332,326,284,358,475,541,173,171,155,185,246,249,159,155,129,173,229,292,1010,0,1010,천호대로219길
2017,2,A,골목상권,1001006,4978,2481,2497,766,755,799,764,898,996,397,389,418,376,433,468,369,366,381,388,465,528,1862,678,1184,천호대로197길
2017,2,A,골목상권,1001005,2865,1413,1452,404,394,547,396,495,629,203,200,293,185,236,296,201,194,254,211,259,333,1262,100,1162,천호대로187길
2017,2,A,골목상권,1001004,4325,2158,2167,554,672,942,631,703,823,285,333,493,317,336,394,269,339,449,314,367,429,1937,366,1571,천호대로170길
2017,2,A,골목상권,1001003,2664,1339,1325,364,392,461,406,471,570,188,202,242,216,220,271,176,190,219,190,251,299,1147,361,786,천호대로162길
2017,2,A,골목상권,1001002,4566,2223,2343,677,652,755,651,771,1060,358,330,383,320,357,475,319,322,372,331,414,585,1823,187,1636,천중로51길
2017,2,A,골목상권,1001001,6879,3391,3488,1032,1019,1182,1071,1167,1408,532,501,635,532,538,653,500,518,547,539,629,755,2774,501,2273,천중로39길
2017,2,A,골목상권,1001000,1795,886,909,200,272,387,258,300,378,107,119,205,139,138,178,93,153,182,119,162,200,867,0,867,진황도로47길
2017,2,A,골목상권,1000999,7268,3663,3605,815,988,1428,1057,1212,1768,407,470,772,576,595,843,408,518,656,481,617,925,3544,725,2819,진황도로27길
2017,2,A,골목상권,1000998,3277,1634,1643,377,403,609,516,606,766,194,210,335,261,303,331,183,193,274,255,303,435,1633,147,1486,올림픽로98길
2017,2,A,골목상권,1000997,2120,1095,1025,239,254,275,342,420,590,130,142,149,179,225,270,109,112,126,163,195,320,1088,0,1088,올림픽로80길
2017,2,A,골목상권,1000996,1923,1017,906,149,195,229,325,438,587,65,101,133,190,251,277,84,94,96,135,187,310,1159,76,1083,올림픽로78길
2017,2,A,골목상권,1000995,2487,1274,1213,261,333,467,363,473,590,130,159,261,203,246,275,131,174,206,160,227,315,1207,11,1196,올림픽로77길
2017,2,A,골목상권,1000994,2545,1277,1268,232,338,419,363,477,716,127,176,225,191,239,319,105,162,194,172,238,397,1335,0,1335,올림픽로71길
2017,2,A,골목상권,1000993,1529,732,797,254,197,307,270,206,295,132,97,138,134,102,129,122,100,169,136,104,166,629,97,532,올림픽로48길
2017,2,A,골목상권,1000992,3580,1794,1786,717,428,628,613,487,707,385,223,312,311,234,329,332,205,316,302,253,378,1335,714,621,양재대로96길
2017,2,A,골목상권,1000991,3564,1741,1823,500,551,649,548,627,689,272,282,331,276,281,299,228,269,318,272,346,390,1529,191,1338,양재대로95길
2017,2,A,골목상권,1000990,4318,2133,2185,735,611,682,716,745,829,401,335,343,347,357,350,334,276,339,369,388,479,1730,459,1271,양재대로91길
2017,2,A,골목상권,1000989,5262,2591,2671,745,779,821,753,939,1225,372,401,437,387,429,565,373,378,384,366,510,660,2172,351,1821,양재대로133길
2017,2,A,골목상권,1000988,4535,2266,2269,634,686,781,697,848,889,330,365,408,348,402,413,304,321,373,349,446,476,1895,157,1738,양재대로124길
2017,2,A,골목상권,1000987,1513,726,787,201,248,272,218,250,324,104,118,138,110,113,143,97,130,134,108,137,181,649,135,514,양재대로116길
2017,2,A,골목상권,1000986,4947,2438,2509,588,760,1156,720,774,949,310,366,602,367,340,453,278,394,554,353,434,496,2384,174,2210,양재대로101길
2017,2,A,골목상권,1000985,6995,3499,3496,1033,971,1187,1067,1218,1519,525,509,642,544,602,677,508,462,545,523,616,842,3034,107,2927,암사길
2017,2,A,골목상권,1000984,4752,2339,2413,811,694,810,834,756,847,447,346,403,399,351,393,364,348,407,435,405,454,1818,59,1759,성안로3길
2017,2,A,골목상권,1000983,3667,1774,1893,700,495,625,613,552,682,353,251,283,311,256,320,347,244,342,302,296,362,1363,782,581,성내로5길
2017,2,A,골목상권,1000982,1374,699,675,228,232,172,206,288,248,118,138,81,98,141,123,110,94,91,108,147,125,548,0,548,상일로5길
2017,2,A,골목상권,1000981,1955,984,971,276,256,395,324,273,431,154,126,210,165,133,196,122,130,185,159,140,235,942,280,662,상암로5길
2017,2,A,골목상권,1000980,3072,1486,1586,505,455,409,507,533,663,259,236,208,241,239,303,246,219,201,266,294,360,1201,333,868,상암로51길
2017,2,A,골목상권,1000979,3328,1681,1647,460,450,748,554,530,586,231,218,384,299,261,288,229,232,364,255,269,298,1637,63,1574,상암로4길
2017,2,A,골목상권,1000978,4271,2077,2194,642,568,841,629,704,887,310,282,427,313,331,414,332,286,414,316,373,473,1741,527,1214,상암로14길
2017,2,A,골목상권,1000977,2585,1329,1256,384,406,373,399,458,565,221,211,201,210,229,257,163,195,172,189,229,308,1175,157,1018,명일로13길
2017,2,A,골목상권,1000976,3009,1554,1455,458,434,357,464,583,713,238,240,204,241,292,339,220,194,153,223,291,374,1259,0,1259,동남로85길
2017,2,A,골목상권,1000975,1847,991,856,234,258,213,274,420,448,126,147,121,152,227,218,108,111,92,122,193,230,871,0,871,동남로82길
2017,2,A,골목상권,1000974,2727,1342,1385,553,366,282,535,467,524,294,198,153,247,230,220,259,168,129,288,237,304,1081,0,1081,동남로65길
2017,2,A,골목상권,1000973,4498,2331,2167,595,559,706,727,882,1029,317,288,384,396,460,486,278,271,322,331,422,543,2225,122,2103,구천면로42길
2017,2,A,골목상권,1000972,5364,2718,2646,750,693,870,882,964,1205,393,370,467,480,457,551,357,323,403,402,507,654,2343,331,2012,구천면로41길
2017,2,A,골목상권,1000971,2682,1384,1298,333,391,370,411,545,632,183,192,206,212,290,301,150,199,164,199,255,331,1229,0,1229,구천면로36길
2017,2,A,골목상권,1000970,1474,744,730,289,181,245,244,234,281,149,97,121,133,118,126,140,84,124,111,116,155,573,0,573,고덕로61길
2017,2,A,골목상권,1000969,1583,781,802,329,195,269,242,232,316,157,106,134,118,118,148,172,89,135,124,114,168,563,154,409,고덕로25길
2017,2,A,골목상권,1000968,2210,1097,1113,350,307,417,382,346,408,190,148,213,201,153,192,160,159,204,181,193,216,1005,71,934,고덕로10길
2017,2,A,골목상권,1000967,4175,2123,2052,780,577,625,724,708,761,467,308,328,355,320,345,313,269,297,369,388,416,1583,286,1297,강동대로53길
2017,2,A,골목상권,1000966,2035,990,1045,222,252,307,290,390,574,118,128,159,160,170,255,104,124,148,130,220,319,944,0,944,풍성로25길
2017,2,A,골목상권,1000965,2764,1385,1379,562,400,410,474,452,466,301,207,208,230,212,227,261,193,202,244,240,239,1018,160,858,오금로46길
2017,2,A,골목상권,1000964,2808,1385,1423,401,505,523,447,454,478,204,240,285,219,207,230,197,265,238,228,247,248,1202,60,1142,오금로36길
2017,2,A,골목상권,1000963,4882,2345,2537,519,761,1219,709,769,905,271,368,617,362,330,397,248,393,602,347,439,508,2461,22,2439,오금로11길
2017,2,A,골목상권,1000962,2798,1360,1438,441,476,335,463,540,543,223,251,161,209,262,254,218,225,174,254,278,289,1032,407,625,양재대로72길
2017,2,A,골목상권,1000961,1529,730,799,260,232,248,241,247,301,131,119,119,106,113,142,129,113,129,135,134,159,619,39,580,양재대로71길
2017,2,A,골목상권,1000960,2591,1322,1269,396,386,483,409,450,467,203,201,246,215,223,234,193,185,237,194,227,233,1091,17,1074,양재대로64길
2017,2,A,골목상권,1000959,1593,817,776,239,218,344,266,240,286,131,107,188,134,127,130,108,111,156,132,113,156,737,267,470,양재대로62길
2017,2,A,골목상권,1000958,2690,1400,1290,323,425,409,453,551,529,176,217,213,238,279,277,147,208,196,215,272,252,1287,0,1287,송파대로30길
2017,2,A,골목상권,1000957,3186,1580,1606,491,485,616,497,517,580,262,247,307,249,238,277,229,238,309,248,279,303,1291,325,966,송이로36길
2017,2,A,골목상권,1000956,5231,2569,2662,810,860,1051,851,864,795,409,440,544,413,398,365,401,420,507,438,466,430,2228,279,1949,송이로32길
2017,2,A,골목상권,1000955,4746,2384,2362,669,797,961,730,752,837,368,397,493,360,366,400,301,400,468,370,386,437,2098,61,2037,송이로23길
2017,2,A,골목상권,1000954,6560,3088,3472,789,1178,1589,1028,951,1025,419,538,754,482,434,461,370,640,835,546,517,564,3425,18,3407,삼전로13길
2017,2,A,골목상권,1000953,8587,4187,4400,1302,1332,1625,1319,1380,1629,718,657,802,635,625,750,584,675,823,684,755,879,3594,94,3500,백제고분로50길
2017,2,A,골목상권,1000952,3249,1547,1702,503,514,693,514,487,538,254,246,344,232,234,237,249,268,349,282,253,301,1437,34,1403,백제고분로46길
2017,2,A,골목상권,1000951,4737,2270,2467,659,777,1142,695,674,790,326,361,554,353,306,370,333,416,588,342,368,420,2183,255,1928,백제고분로45길
2017,2,A,골목상권,1000950,4234,2007,2227,495,777,1072,637,589,664,260,342,522,302,273,308,235,435,550,335,316,356,2079,15,2064,백제고분로42길
2017,2,A,골목상권,1000949,3362,1550,1812,421,589,815,496,460,581,241,225,389,236,198,261,180,364,426,260,262,320,1660,0,1660,백제고분로39길
2017,2,A,골목상권,1000948,7835,3850,3985,1118,1150,1766,1300,1155,1346,603,573,896,646,549,583,515,577,870,654,606,763,3602,67,3535,백제고분로34길
2017,2,A,골목상권,1000947,6139,2901,3238,724,1077,1585,945,815,993,380,476,768,477,366,434,344,601,817,468,449,559,3125,9,3116,백제고분로33길
2017,2,A,골목상권,1000946,6540,3147,3393,1042,964,1434,1136,900,1064,542,466,714,554,407,464,500,498,720,582,493,600,2934,61,2873,백제고분로32길
2017,2,A,골목상권,1000945,6369,2929,3440,924,994,1452,1093,866,1040,468,443,665,520,385,448,456,551,787,573,481,592,3030,9,3021,백제고분로31길
2017,2,A,골목상권,1000944,6883,3277,3606,1001,1074,1624,1187,963,1034,508,504,769,578,436,482,493,570,855,609,527,552,3247,17,3230,백제고분로22길
2017,2,A,골목상권,1000943,2451,1199,1252,276,381,632,408,389,365,150,172,296,207,210,164,126,209,336,201,179,201,1291,0,1291,백제고분로21길
2017,2,A,골목상권,1000942,4395,2224,2171,602,558,584,702,810,1139,304,281,309,381,428,521,298,277,275,321,382,618,2103,125,1978,마천로51길
2017,2,A,골목상권,1000941,3436,1629,1807,641,502,583,595,533,582,312,228,297,273,260,259,329,274,286,322,273,323,1263,393,870,동남로20길
2017,2,A,골목상권,1000940,3389,1714,1675,470,359,417,553,662,928,239,203,220,296,347,409,231,156,197,257,315,519,1640,0,1640,거마로20길
2017,2,A,골목상권,1000939,2518,1204,1314,562,299,467,556,298,336,331,133,178,261,144,157,231,166,289,295,154,179,978,646,332,학동로77길
2017,2,A,골목상권,1000938,1652,734,918,143,322,457,286,165,279,72,133,194,132,81,122,71,189,263,154,84,157,1002,0,1002,학동로6길
2017,2,A,골목상권,1000937,1003,473,530,169,151,188,178,134,183,82,82,86,76,63,84,87,69,102,102,71,99,438,131,307,학동로56길
2017,2,A,골목상권,1000936,1531,693,838,163,274,423,255,168,248,76,109,201,134,77,96,87,165,222,121,91,152,827,108,719,학동로38길
2017,2,A,골목상권,1000935,444,210,234,39,68,99,65,64,109,24,33,53,29,29,42,15,35,46,36,35,67,237,0,237,테헤란로81길
2017,2,A,골목상권,1000934,3420,1667,1753,555,635,559,529,543,599,301,324,264,259,248,271,254,311,295,270,295,328,1523,0,1523,일원로9길
2017,2,A,골목상권,1000933,2353,1174,1179,436,371,379,373,376,418,241,197,187,186,169,194,195,174,192,187,207,224,969,83,886,일원로3길
2017,2,A,골목상권,1000932,2501,1252,1249,376,361,311,417,440,596,223,206,160,177,219,267,153,155,151,240,221,329,1119,0,1119,영동대로65길
2017,2,A,골목상권,1000931,1966,964,1002,336,291,340,367,269,363,188,156,163,164,122,171,148,135,177,203,147,192,788,259,529,영동대로112길
2017,2,A,골목상권,1000930,3539,1703,1836,399,624,941,636,484,455,178,273,457,337,251,207,221,351,484,299,233,248,2014,242,1772,언주로81길
2017,2,A,골목상권,1000929,1044,470,574,150,180,228,199,124,163,76,81,86,96,59,72,74,99,142,103,65,91,532,61,471,압구정로2길
2017,2,A,골목상권,1000928,1660,845,815,250,246,238,257,301,368,140,138,123,124,155,165,110,108,115,133,146,203,717,22,695,선릉로18길
2017,2,A,골목상권,1000927,2103,964,1139,244,387,482,367,278,345,129,150,229,179,131,146,115,237,253,188,147,199,1112,0,1112,선릉로146길
2017,2,A,골목상권,1000926,1573,697,876,204,270,356,274,189,280,104,102,153,126,92,120,100,168,203,148,97,160,787,104,683,선릉로133길
2017,2,A,골목상권,1000925,2058,937,1121,386,311,387,379,268,327,206,125,149,183,132,142,180,186,238,196,136,185,859,118,741,선릉로132길
2017,2,A,골목상권,1000924,846,392,454,89,139,208,164,104,142,46,72,85,86,45,58,43,67,123,78,59,84,436,0,436,선릉로121길
2017,2,A,골목상권,1000923,2529,1229,1300,425,416,484,503,330,371,246,204,220,209,172,178,179,212,264,294,158,193,1166,249,917,삼성로75길
2017,2,A,골목상권,1000922,3414,1647,1767,635,577,549,726,486,441,361,280,262,311,246,187,274,297,287,415,240,254,1528,11,1517,삼성로69길
2017,2,A,골목상권,1000921,3265,1724,1541,861,471,199,846,557,331,553,260,95,368,300,148,308,211,104,478,257,183,1046,717,329,삼성로64길
2017,2,A,골목상권,1000920,4216,1988,2228,737,736,639,885,694,525,408,341,296,376,344,223,329,395,343,509,350,302,1986,43,1943,삼성로63길
2017,2,A,골목상권,1000919,1767,919,848,544,207,108,443,314,151,338,102,42,186,178,73,206,105,66,257,136,78,522,435,87,삼성로57길
2017,2,A,골목상권,1000918,1260,557,703,183,214,284,196,165,218,86,91,114,93,80,93,97,123,170,103,85,125,627,24,603,삼성로147길
2017,2,A,골목상권,1000917,2820,1307,1513,534,398,587,546,326,429,295,195,233,249,148,187,239,203,354,297,178,242,1258,137,1121,삼성로115길
2017,2,A,골목상권,1000916,1482,662,820,173,231,430,269,153,226,89,100,179,130,72,92,84,131,251,139,81,134,853,0,853,봉은사로68길
2017,2,A,골목상권,1000915,1562,702,860,217,269,376,302,178,220,123,120,153,125,91,90,94,149,223,177,87,130,809,0,809,봉은사로57길
2017,2,A,골목상권,1000914,3240,1540,1700,551,458,674,630,372,555,305,206,302,293,182,252,246,252,372,337,190,303,1440,345,1095,봉은사로43길
2017,2,A,골목상권,1000913,1275,580,695,118,225,376,226,145,185,55,107,156,109,69,84,63,118,220,117,76,101,742,0,742,봉은사로29길
2017,2,A,골목상권,1000912,2276,1091,1185,440,306,372,389,333,436,234,148,177,172,157,203,206,158,195,217,176,233,826,161,665,봉은사로109길
2017,2,A,골목상권,1000911,2014,943,1071,288,325,386,354,293,368,158,149,186,154,128,168,130,176,200,200,165,200,858,183,675,도산대로89길
2017,2,A,골목상권,1000910,1271,598,673,226,172,180,198,184,311,121,80,82,82,83,150,105,92,98,116,101,161,475,0,475,도산대로81길
2017,2,A,골목상권,1000909,2431,1112,1319,360,326,542,382,294,527,185,143,228,189,137,230,175,183,314,193,157,297,1064,453,611,도산대로50길
2017,2,A,골목상권,1000908,1037,470,567,94,185,332,169,105,152,45,77,153,93,39,63,49,108,179,76,66,89,648,0,648,도산대로38길
2017,2,A,골목상권,1000907,931,443,488,77,170,224,173,108,179,39,79,103,81,51,90,38,91,121,92,57,89,523,28,495,도산대로30길
2017,2,A,골목상권,1000906,1563,684,879,193,316,351,255,204,244,93,137,145,114,83,112,100,179,206,141,121,132,817,32,785,도산대로23길
2017,2,A,골목상권,1000905,792,353,439,99,148,200,128,91,126,50,57,86,55,49,56,49,91,114,73,42,70,423,0,423,도산대로15길
2017,2,A,골목상권,1000904,5832,2669,3163,730,937,1426,990,739,1010,365,405,655,455,346,443,365,532,771,535,393,567,2988,66,2922,도곡로37길
2017,2,A,골목상권,1000903,3410,1697,1713,564,519,641,601,541,544,297,270,340,284,270,236,267,249,301,317,271,308,1510,21,1489,논현로8길
2017,2,A,골목상권,1000902,2720,1296,1424,361,432,657,459,360,451,186,199,289,239,166,217,175,233,368,220,194,234,1332,159,1173,논현로63길
2017,2,A,골목상권,1000901,86,47,39,14,10,12,14,14,22,7,7,7,7,5,14,7,3,5,7,9,8,42,0,42,논현로28길
2017,2,A,골목상권,1000900,1282,577,705,139,213,220,213,206,291,68,85,95,105,89,135,71,128,125,108,117,156,658,8,650,논현로26길
2017,2,A,골목상권,1000899,474,209,265,55,89,103,73,67,87,32,32,47,34,25,39,23,57,56,39,42,48,228,0,228,논현로159길
2017,2,A,골목상권,1000898,1448,685,763,166,218,333,246,178,307,82,104,159,118,84,138,84,114,174,128,94,169,715,3,712,논현로139길
2017,2,A,골목상권,1000897,2160,1020,1140,125,371,583,460,292,329,68,169,264,230,149,140,57,202,319,230,143,189,1528,0,1528,논현로123길
2017,2,A,골목상권,1000896,3379,1601,1778,273,712,947,498,436,513,127,314,440,270,210,240,146,398,507,228,226,273,1971,60,1911,논현로115길
2017,2,A,골목상권,1000895,1598,790,808,285,224,274,333,252,230,151,102,151,154,129,103,134,122,123,179,123,127,660,8,652,논현로10길
2017,2,A,골목상권,1000894,2048,890,1158,152,373,709,336,201,277,70,146,298,166,84,126,82,227,411,170,117,151,1309,14,1295,논현로106길
2017,2,A,골목상권,1000893,3583,1733,1850,760,467,597,686,547,526,383,229,286,324,273,238,377,238,311,362,274,288,1337,795,542,남부순환로365길
2017,2,A,골목상권,1000892,32,24,8,0,2,10,6,8,6,0,1,8,6,5,4,0,1,2,0,3,2,25,0,25,개포로82길
2017,2,A,골목상권,1000891,1997,970,1027,388,293,329,412,311,264,186,149,167,193,152,123,202,144,162,219,159,141,789,26,763,개포로28길
2017,2,A,골목상권,1000890,2293,1126,1167,304,403,439,401,400,346,153,206,228,201,180,158,151,197,211,200,220,188,1047,16,1031,개포로20길
2017,2,A,골목상권,1000889,3601,1781,1820,620,519,611,653,586,612,336,256,309,306,294,280,284,263,302,347,292,332,1561,85,1476,개포로17길
2017,2,A,골목상권,1000888,1681,789,892,161,305,423,230,275,287,84,136,205,118,118,128,77,169,218,112,157,159,876,552,324,강남대로140길
2017,2,A,골목상권,1000887,1226,556,670,130,173,264,211,169,279,72,73,103,100,69,139,58,100,161,111,100,140,547,0,547,강남대로136길
2017,2,A,골목상권,1000886,1486,650,836,109,329,448,232,157,211,59,135,190,114,63,89,50,194,258,118,94,122,920,17,903,강남대로118길
2017,2,A,골목상권,1000885,2699,1321,1378,479,372,523,458,353,514,234,186,263,223,167,248,245,186,260,235,186,266,1135,144,991,서초중앙로8길
2017,2,A,골목상권,1000884,2752,1273,1479,557,394,387,526,453,435,250,169,186,230,231,207,307,225,201,296,222,228,1040,153,887,방배중앙로21길
2017,2,A,골목상권,1000883,2167,1071,1096,428,253,432,435,283,336,224,122,197,225,136,167,204,131,235,210,147,169,931,241,690,효령로72길
2017,2,A,골목상권,1000882,1844,903,941,271,211,340,317,283,422,149,106,167,157,130,194,122,105,173,160,153,228,830,325,505,효령로34길
2017,2,A,골목상권,1000881,1869,857,1012,269,249,411,327,236,377,143,109,188,156,99,162,126,140,223,171,137,215,914,19,895,효령로31길
2017,2,A,골목상권,1000880,4293,1986,2307,676,699,840,718,616,744,362,315,382,310,279,338,314,384,458,408,337,406,1838,282,1556,효령로23길
2017,2,A,골목상권,1000879,4019,1923,2096,603,621,689,662,578,866,314,297,338,314,267,393,289,324,351,348,311,473,1786,47,1739,청두곶길
2017,2,A,골목상권,1000878,4142,2009,2133,238,952,1210,693,469,580,122,426,584,381,236,260,116,526,626,312,233,320,2791,11,2780,주흥길
2017,2,A,골목상권,1000877,2815,1337,1478,221,510,808,481,323,472,112,226,376,267,162,194,109,284,432,214,161,278,1767,52,1715,주흥15길
2017,2,A,골목상권,1000876,2129,1068,1061,323,334,429,401,298,344,168,176,196,210,163,155,155,158,233,191,135,189,968,13,955,언남길
2017,2,A,골목상권,1000875,2694,1287,1407,321,434,622,447,356,514,172,186,301,221,165,242,149,248,321,226,191,272,1352,98,1254,신반포로45길
2017,2,A,골목상권,1000874,4061,1972,2089,538,606,610,622,664,1021,291,304,315,300,296,466,247,302,295,322,368,555,1633,0,1633,서초대로8길
2017,2,A,골목상권,1000873,1784,874,910,407,221,299,365,261,231,218,114,122,183,123,114,189,107,177,182,138,117,609,481,128,서초대로64길
2017,2,A,골목상권,1000872,3520,1641,1879,532,559,641,548,512,728,259,250,320,250,226,336,273,309,321,298,286,392,1463,179,1284,서초대로4길
2017,2,A,골목상권,1000871,1231,576,655,197,186,238,197,180,233,103,89,113,86,77,108,94,97,125,111,103,125,521,0,521,서초대로25길
2017,2,A,골목상권,1000870,2759,1290,1469,413,362,531,469,401,583,214,163,249,222,196,246,199,199,282,247,205,337,1275,311,964,서초대로23길
2017,2,A,골목상권,1000869,3797,1721,2076,602,605,789,619,520,662,277,280,335,301,241,287,325,325,454,318,279,375,1688,22,1666,서초대로15길
2017,2,A,골목상권,1000868,1233,544,689,60,281,342,195,146,209,30,113,151,94,65,91,30,168,191,101,81,118,810,0,810,사평대로57길
2017,2,A,골목상권,1000867,274,116,158,42,45,35,47,35,70,19,18,13,19,14,33,23,27,22,28,21,37,110,0,110,사평대로26길
2017,2,A,골목상권,1000866,1605,734,871,319,208,258,308,250,262,164,102,106,128,113,121,155,106,152,180,137,141,621,27,594,사평대로22길
2017,2,A,골목상권,1000865,1085,528,557,160,183,243,161,144,194,80,93,118,87,62,88,80,90,125,74,82,106,532,55,477,사임당로17길
2017,2,A,골목상권,1000864,1002,456,546,233,135,154,193,132,155,110,63,72,90,60,61,123,72,82,103,72,94,379,0,379,방배로42길
2017,2,A,골목상권,1000863,1821,846,975,356,257,229,358,297,324,166,118,99,159,154,150,190,139,130,199,143,174,712,8,704,방배로35길
2017,2,A,골목상권,1000862,1691,795,896,219,286,412,255,209,310,119,120,202,122,97,135,100,166,210,133,112,175,822,19,803,방배로18길
2017,2,A,골목상권,1000861,1679,817,862,281,258,241,283,280,336,159,132,121,124,130,151,122,126,120,159,150,185,677,9,668,반포대로9길
2017,2,A,골목상권,1000860,2833,1381,1452,384,417,613,408,415,596,204,207,313,192,193,272,180,210,300,216,222,324,1271,173,1098,바우뫼로39길
2017,2,A,골목상권,1000859,1516,758,758,235,203,358,258,201,261,118,106,189,139,95,111,117,97,169,119,106,150,671,57,614,마방로2길
2017,2,A,골목상권,1000858,1165,541,624,166,212,240,165,173,209,92,84,107,87,74,97,74,128,133,78,99,112,557,0,557,방배천로4안길
2017,2,A,골목상권,1000857,2047,1039,1008,299,291,503,388,276,290,149,156,263,204,140,127,150,135,240,184,136,163,943,30,913,동산로19길
2017,2,A,골목상권,1000856,3313,1645,1668,522,503,679,574,469,566,290,252,350,281,222,250,232,251,329,293,247,316,1441,26,1415,동산로10길
2017,2,A,골목상권,1000855,1707,776,931,321,211,261,336,247,331,163,94,112,148,125,134,158,117,149,188,122,197,727,8,719,동광로39길
2017,2,A,골목상권,1000854,3407,1581,1826,601,509,596,671,521,509,300,233,296,298,243,211,301,276,300,373,278,298,1445,30,1415,동광로1길
2017,2,A,골목상권,1000853,1379,620,759,271,191,193,271,201,252,105,83,96,124,101,111,166,108,97,147,100,141,549,13,536,동광로12길
2017,2,A,골목상권,1000852,1814,870,944,183,257,433,351,235,355,90,121,217,174,108,160,93,136,216,177,127,195,1027,157,870,논현로27길
2017,2,A,골목상권,1000851,3145,1539,1606,530,439,653,583,511,429,254,218,333,301,241,192,276,221,320,282,270,237,1340,92,1248,논현로1길
2017,2,A,골목상권,1000850,1477,710,767,242,217,360,267,163,228,115,101,185,131,77,101,127,116,175,136,86,127,698,60,638,남부순환로339길
2017,2,A,골목상권,1000849,2631,1282,1349,393,403,377,433,457,568,202,192,186,217,226,259,191,211,191,216,231,309,1119,229,890,남부순환로325길
2017,2,A,골목상권,1000848,1779,870,909,348,291,287,312,264,277,196,153,127,139,126,129,152,138,160,173,138,148,666,170,496,남부순환로317길
2017,2,A,골목상권,1000847,2057,980,1077,446,236,320,380,284,391,232,113,141,188,132,174,214,123,179,192,152,217,750,260,490,고무래로8길
2017,2,A,골목상권,1000846,3669,1815,1854,465,617,889,570,540,588,243,282,459,295,262,274,222,335,430,275,278,314,1848,55,1793,강남대로8길
2017,2,A,골목상권,1000845,2656,1268,1388,308,435,708,383,335,487,158,193,381,187,150,199,150,242,327,196,185,288,1336,108,1228,강남대로34길
2017,2,A,골목상권,1000844,1183,567,616,135,189,259,178,166,256,75,83,127,87,72,123,60,106,132,91,94,133,563,39,524,강남대로23길
2017,2,A,골목상권,1000843,710,397,313,44,38,79,163,142,244,32,16,40,105,90,114,12,22,39,58,52,130,510,0,510,소담길
2017,2,A,골목상권,1000842,1366,685,681,157,176,207,175,259,392,83,84,119,96,134,169,74,92,88,79,125,223,636,133,503,원신길
2017,2,A,골목상권,1000841,1817,906,911,195,204,221,282,321,594,95,110,123,163,163,252,100,94,98,119,158,342,891,0,891,양지길
2017,2,A,골목상권,1000840,1639,829,810,152,270,311,264,249,393,86,142,181,147,105,168,66,128,130,117,144,225,916,283,633,양산길
2017,2,A,골목상권,1000839,2474,1592,882,78,780,633,405,246,332,41,476,444,311,167,153,37,304,189,94,79,179,2019,0,2019,호암로24길
2017,2,A,골목상권,1000838,2943,1872,1071,146,852,721,490,333,401,81,537,499,366,193,196,65,315,222,124,140,205,2120,0,2120,호암로20길
2017,2,A,골목상권,1000837,4944,2454,2490,332,1501,1369,563,446,733,172,685,741,316,193,347,160,816,628,247,253,386,3311,0,3311,행운길
2017,2,A,골목상권,1000836,3281,1653,1628,302,658,599,429,488,805,159,311,319,232,262,370,143,347,280,197,226,435,1897,19,1878,행운1길
2017,2,A,골목상권,1000835,4354,2142,2212,561,543,638,642,713,1257,282,302,358,342,348,510,279,241,280,300,365,747,2108,375,1733,청림3길
2017,2,A,골목상권,1000834,3489,1652,1837,218,1151,802,377,379,562,110,477,424,192,177,272,108,674,378,185,202,290,2414,45,2369,청룡길
2017,2,A,골목상권,1000833,1718,844,874,223,343,344,241,205,362,118,168,182,115,97,164,105,175,162,126,108,198,940,0,940,청룡8길
2017,2,A,골목상권,1000832,3129,1545,1584,353,632,572,454,397,721,176,305,315,249,201,299,177,327,257,205,196,422,1649,48,1601,중앙길
2017,2,A,골목상권,1000831,4355,2240,2115,522,666,757,661,771,978,276,325,435,346,406,452,246,341,322,315,365,526,2291,50,2241,조원중앙로2길
2017,2,A,골목상권,1000830,1803,916,887,155,488,436,241,180,303,82,218,254,144,76,142,73,270,182,97,104,161,1154,0,1154,조원로18길
2017,2,A,골목상권,1000829,1384,724,660,106,239,281,202,230,326,51,125,152,108,129,159,55,114,129,94,101,167,833,0,833,조원로10길
2017,2,A,골목상권,1000828,1794,873,921,172,388,402,212,224,396,88,183,212,121,96,173,84,205,190,91,128,223,1027,0,1027,장군봉2길
2017,2,A,골목상권,1000827,905,433,472,105,116,141,114,147,282,60,49,70,65,72,117,45,67,71,49,75,165,537,32,505,장군봉1길
2017,2,A,골목상권,1000826,3037,1469,1568,394,469,599,500,417,658,204,232,301,238,198,296,190,237,298,262,219,362,1369,14,1355,인헌길
2017,2,A,골목상권,1000825,1549,762,787,312,168,281,275,206,307,155,93,143,141,108,122,157,75,138,134,98,185,595,14,581,은천로25길
2017,2,A,골목상권,1000824,4693,2280,2413,418,1090,945,571,649,1020,219,489,493,302,318,459,199,601,452,269,331,561,2658,87,2571,양녕로6길
2017,2,A,골목상권,1000823,2750,1358,1392,207,580,504,351,415,693,98,264,290,210,198,298,109,316,214,141,217,395,1630,0,1630,신원로3길
2017,2,A,골목상권,1000822,1892,961,931,154,470,409,265,243,351,84,227,228,134,126,162,70,243,181,131,117,189,1138,0,1138,신사로20길
2017,2,A,골목상권,1000821,1964,940,1024,71,794,555,201,159,184,32,336,306,103,78,85,39,458,249,98,81,99,1552,23,1529,신림로65길
2017,2,A,골목상권,1000820,1642,882,760,44,608,477,190,146,177,25,272,278,118,101,88,19,336,199,72,45,89,1324,0,1324,신림로64길
2017,2,A,골목상권,1000819,2590,1365,1225,214,624,565,350,383,454,119,332,340,199,168,207,95,292,225,151,215,247,1468,0,1468,신림로48길
2017,2,A,골목상권,1000818,2057,1063,994,207,439,425,290,276,420,111,232,245,164,126,185,96,207,180,126,150,235,1139,0,1139,신림로38길
2017,2,A,골목상권,1000817,3336,1929,1407,283,845,764,481,420,543,146,477,509,292,239,266,137,368,255,189,181,277,2140,43,2097,신림로28길
2017,2,A,골목상권,1000816,4647,2774,1873,341,1266,1013,711,578,738,179,749,681,482,343,340,162,517,332,229,235,398,3081,0,3081,신림로11길
2017,2,A,골목상권,1000815,3992,2054,1938,132,1429,1193,470,316,452,73,660,676,280,172,193,59,769,517,190,144,259,3167,0,3167,신림동길
2017,2,A,골목상권,1000814,3006,1414,1592,223,811,813,319,370,470,110,321,435,154,161,233,113,490,378,165,209,237,1721,89,1632,승방길
2017,2,A,골목상권,1000813,4196,2753,1443,235,1518,1089,540,327,487,131,994,790,406,192,240,104,524,299,134,135,247,3208,0,3208,서림7길
2017,2,A,골목상권,1000812,3862,1933,1929,431,650,734,575,537,935,231,313,397,314,256,422,200,337,337,261,281,513,1986,449,1537,봉천로33길
2017,2,A,골목상권,1000811,3819,1905,1914,554,607,633,567,559,899,309,318,328,289,258,403,245,289,305,278,301,496,1715,18,1697,봉천로13길
2017,2,A,골목상권,1000810,4312,2346,1966,443,988,919,609,554,799,221,562,561,355,285,362,222,426,358,254,269,437,2467,0,2467,복은길
2017,2,A,골목상권,1000809,1417,683,734,212,211,195,227,255,317,101,100,111,112,117,142,111,111,84,115,138,175,618,0,618,법원단지길
2017,2,A,골목상권,1000808,5340,2692,2648,821,805,714,912,945,1143,446,441,373,461,449,522,375,364,341,451,496,621,2121,17,2104,법원단지9길
2017,2,A,골목상권,1000807,4171,2079,2092,614,639,615,656,745,902,311,332,338,317,369,412,303,307,277,339,376,490,1807,295,1512,미성5길
2017,2,A,골목상권,1000806,1811,1103,708,101,556,416,259,185,294,50,337,280,188,117,131,51,219,136,71,68,163,1323,0,1323,대학길
2017,2,A,골목상권,1000805,2971,2060,911,169,850,619,545,380,408,87,571,473,424,285,220,82,279,146,121,95,188,2287,12,2275,대학14길
2017,2,A,골목상권,1000804,1869,923,946,205,330,344,299,277,414,100,164,177,148,137,197,105,166,167,151,140,217,999,0,999,당곡길
2017,2,A,골목상권,1000803,2022,948,1074,253,390,413,285,256,425,127,164,195,142,122,198,126,226,218,143,134,227,946,195,751,남현길
2017,2,A,골목상권,1000802,1563,710,853,102,356,420,190,203,292,46,143,204,91,91,135,56,213,216,99,112,157,950,26,924,남현3길
2017,2,A,골목상권,1000801,2870,1371,1499,275,604,667,364,403,557,137,265,343,196,181,249,138,339,324,168,222,308,1505,19,1486,남현2길
2017,2,A,골목상권,1000800,1687,795,892,173,347,304,249,248,366,87,147,156,119,125,161,86,200,148,130,123,205,879,61,818,남부순환로248길
2017,2,A,골목상권,1000799,2026,1057,969,176,513,454,271,214,398,88,280,259,139,103,188,88,233,195,132,111,210,1266,22,1244,남부순환로234길
2017,2,A,골목상권,1000798,2546,1301,1245,290,529,458,395,370,504,145,290,262,185,174,245,145,239,196,210,196,259,1318,19,1299,남부순환로172길
2017,2,A,골목상권,1000797,3927,1973,1954,493,742,643,660,662,727,260,354,370,315,341,333,233,388,273,345,321,394,1972,9,1963,남부순환로161길
2017,2,A,골목상권,1000796,3447,1700,1747,386,717,692,523,512,617,206,328,378,264,234,290,180,389,314,259,278,327,1816,30,1786,남부순환로151길
2017,2,A,골목상권,1000795,3221,1613,1608,386,568,642,474,498,653,187,284,355,248,254,285,199,284,287,226,244,368,1651,30,1621,남부순환로142길
2017,2,A,골목상권,1000794,2668,1381,1287,310,337,285,460,443,833,154,188,160,247,244,388,156,149,125,213,199,445,1330,0,1330,난향길
2017,2,A,골목상권,1000793,2462,1230,1232,402,323,345,426,415,551,199,173,182,204,212,260,203,150,163,222,203,291,1034,10,1024,난우길
2017,2,A,골목상권,1000792,1857,873,984,175,446,384,247,235,370,99,187,194,123,108,162,76,259,190,124,127,208,1114,0,1114,난곡로74길
2017,2,A,골목상권,1000791,2661,1350,1311,357,417,400,421,500,566,192,213,213,230,242,260,165,204,187,191,258,306,1164,0,1164,난곡로34길
2017,2,A,골목상권,1000790,3426,1763,1663,428,519,451,544,653,831,216,272,286,293,340,356,212,247,165,251,313,475,1668,0,1668,난곡로26길
2017,2,A,골목상권,1000789,2567,1357,1210,318,311,327,420,450,741,171,182,189,235,235,345,147,129,138,185,215,396,1190,0,1190,난곡로24길
2017,2,A,골목상권,1000788,5319,2680,2639,563,1528,1273,684,502,769,255,760,691,385,246,343,308,768,582,299,256,426,3283,0,3283,낙성대역길
2017,2,A,골목상권,1000787,5561,2752,2809,857,742,935,936,874,1217,427,382,496,497,399,551,430,360,439,439,475,666,2320,30,2290,국회단지길
2017,2,A,골목상권,1000786,3112,1551,1561,475,334,331,561,513,898,247,174,173,299,262,396,228,160,158,262,251,502,1415,30,1385,구암길
2017,2,A,골목상권,1000785,4355,2163,2192,399,1020,1044,560,506,826,196,497,574,304,229,363,203,523,470,256,277,463,2531,155,2376,관천로22길
2017,2,A,골목상권,1000784,4647,2352,2295,627,861,835,755,697,872,330,437,478,383,324,400,297,424,357,372,373,472,2297,10,2287,관천로15길
2017,2,A,골목상권,1000783,1982,1000,982,332,274,347,311,297,421,175,155,175,157,143,195,157,119,172,154,154,226,772,475,297,관악로30길
2017,2,A,골목상권,1000782,1652,822,830,269,217,281,269,256,360,137,110,146,141,120,168,132,107,135,128,136,192,616,395,221,관악로28길
2017,2,A,골목상권,1000781,1350,657,693,102,481,254,147,131,235,50,230,134,74,71,98,52,251,120,73,60,137,897,50,847,관악로14길
2017,2,A,골목상권,1000780,4566,2288,2278,529,1293,904,614,505,721,272,619,517,324,242,314,257,674,387,290,263,407,2621,191,2430,관악로10길
2017,2,A,골목상권,1000779,1937,986,951,194,582,283,225,247,406,97,343,145,117,108,176,97,239,138,108,139,230,1091,17,1074,흑석로9길
2017,2,A,골목상권,1000778,565,295,270,66,114,75,80,88,142,33,66,48,44,41,63,33,48,27,36,47,79,272,1,271,흑석로13길
2017,2,A,골목상권,1000777,2432,1273,1159,193,480,389,326,395,649,119,260,233,181,192,288,74,220,156,145,203,361,1364,0,1364,장승배기로27길
2017,2,A,골목상권,1000776,2561,1316,1245,228,396,341,373,479,744,113,227,194,201,250,331,115,169,147,172,229,413,1352,0,1352,장승배기로19길
2017,2,A,골목상권,1000775,400,208,192,39,69,58,59,72,103,19,38,34,29,39,49,20,31,24,30,33,54,227,21,206,장승배기로10길
2017,2,A,골목상권,1000774,3255,1499,1756,824,494,390,739,448,360,354,211,185,344,248,157,470,283,205,395,200,203,1216,189,1027,여의대방로46길
2017,2,A,골목상권,1000773,2841,1348,1493,428,473,574,450,397,519,229,179,281,218,202,239,199,294,293,232,195,280,1405,233,1172,여의대방로24길
2017,2,A,골목상권,1000772,2927,1454,1473,343,580,568,441,427,568,188,263,304,215,215,269,155,317,264,226,212,299,1466,0,1466,여의대방로22카길
2017,2,A,골목상권,1000771,2576,1256,1320,411,343,435,448,381,558,214,167,212,227,193,243,197,176,223,221,188,315,1125,209,916,여의대방로22나길
2017,2,A,골목상권,1000770,2316,1148,1168,290,426,476,363,335,426,166,193,257,187,158,187,124,233,219,176,177,239,1160,177,983,여의대방로22길
2017,2,A,골목상권,1000769,1926,952,974,329,262,312,332,298,393,180,128,152,172,137,183,149,134,160,160,161,210,731,126,605,양녕로26길
2017,2,A,골목상권,1000768,4064,1966,2098,482,586,625,670,676,1025,261,284,330,316,332,443,221,302,295,354,344,582,2232,0,2232,신대방길
2017,2,A,골목상권,1000767,2254,1122,1132,318,329,384,390,359,474,173,187,195,198,181,188,145,142,189,192,178,286,984,0,984,성대로29길
2017,2,A,골목상권,1000766,1032,525,507,93,207,199,136,178,219,48,107,103,74,90,103,45,100,96,62,88,116,598,0,598,성대로1길
2017,2,A,골목상권,1000765,674,318,356,61,118,89,86,117,203,25,61,40,46,63,83,36,57,49,40,54,120,383,0,383,서달로8가길
2017,2,A,골목상권,1000764,361,184,177,33,47,58,45,57,121,17,23,28,29,31,56,16,24,30,16,26,65,219,0,219,서달로15길
2017,2,A,골목상권,1000763,394,184,210,48,72,45,49,67,113,18,37,20,27,34,48,30,35,25,22,33,65,200,0,200,서달로14길
2017,2,A,골목상권,1000762,2962,1448,1514,319,476,441,465,498,763,159,267,227,241,243,311,160,209,214,224,255,452,1385,0,1385,서달로10길
2017,2,A,골목상권,1000761,2914,1382,1532,394,851,556,402,271,440,183,404,273,205,124,193,211,447,283,197,147,247,1647,134,1513,상도로62길
2017,2,A,골목상권,1000760,2304,1216,1088,250,688,414,284,256,412,136,407,227,140,113,193,114,281,187,144,143,219,1274,369,905,상도로61길
2017,2,A,골목상권,1000759,4088,2076,2012,510,1173,702,466,495,742,268,661,353,222,235,337,242,512,349,244,260,405,2158,109,2049,상도로47길
2017,2,A,골목상권,1000758,1331,628,703,175,352,250,172,153,229,77,163,128,92,67,101,98,189,122,80,86,128,705,0,705,상도로37길
2017,2,A,골목상권,1000757,3865,1873,1992,374,764,830,549,551,797,193,382,418,282,258,340,181,382,412,267,293,457,2059,31,2028,상도로15길
2017,2,A,골목상권,1000756,2576,1240,1336,277,436,524,400,383,556,147,206,260,205,179,243,130,230,264,195,204,313,1252,0,1252,사당로8길
2017,2,A,골목상권,1000755,1047,499,548,74,205,278,150,122,218,44,97,125,89,52,92,30,108,153,61,70,126,625,0,625,사당로30길
2017,2,A,골목상권,1000754,3341,1627,1714,523,508,616,546,468,680,286,235,306,276,218,306,237,273,310,270,250,374,1570,226,1344,사당로2차길
2017,2,A,골목상권,1000753,2601,1228,1373,266,446,514,352,447,576,131,212,241,173,222,249,135,234,273,179,225,327,1345,7,1338,사당로29길
2017,2,A,골목상권,1000752,2936,1399,1537,272,626,658,343,412,625,147,283,332,172,178,287,125,343,326,171,234,338,1520,25,1495,사당로26길
2017,2,A,골목상권,1000751,1051,533,518,128,137,172,163,164,287,67,75,99,86,81,125,61,62,73,77,83,162,496,0,496,사당로23나길
2017,2,A,골목상권,1000750,1234,592,642,247,155,199,223,170,240,132,68,81,114,85,112,115,87,118,109,85,128,402,383,19,사당로23길
2017,2,A,골목상권,1000749,2647,1262,1385,302,466,512,401,379,587,149,223,269,200,164,257,153,243,243,201,215,330,1317,0,1317,사당로20길
2017,2,A,골목상권,1000748,3599,1727,1872,425,480,657,561,539,937,207,226,355,292,257,390,218,254,302,269,282,547,1699,69,1630,사당로16길
2017,2,A,골목상권,1000747,2193,1056,1137,254,404,414,336,299,486,130,195,202,180,143,206,124,209,212,156,156,280,1059,34,1025,사당로16가길
2017,2,A,골목상권,1000746,3723,1920,1803,552,723,652,512,494,790,294,422,377,256,221,350,258,301,275,256,273,440,1704,450,1254,만양로8길
2017,2,A,골목상권,1000745,953,597,356,46,371,218,84,78,156,28,257,156,59,34,63,18,114,62,25,44,93,720,0,720,만양로14길
2017,2,A,골목상권,1000744,2031,1020,1011,206,377,357,262,343,486,112,195,202,134,171,206,94,182,155,128,172,280,1004,158,846,등용로14길
2017,2,A,골목상권,1000743,3371,1620,1751,216,825,764,385,475,706,119,374,371,210,220,326,97,451,393,175,255,380,1972,65,1907,동작대로7길
2017,2,A,골목상권,1000742,2575,1294,1281,334,336,437,393,438,637,185,165,239,209,207,289,149,171,198,184,231,348,1114,24,1090,동작대로35길
2017,2,A,골목상권,1000741,2614,1236,1378,243,402,465,399,393,712,137,197,235,189,162,316,106,205,230,210,231,396,1324,18,1306,동작대로33길
2017,2,A,골목상권,1000740,857,425,432,104,136,136,112,128,241,57,73,71,53,59,112,47,63,65,59,69,129,347,140,207,동작대로29길
2017,2,A,골목상권,1000739,2434,1128,1306,205,455,513,358,350,553,100,189,234,194,150,261,105,266,279,164,200,292,1422,0,1422,동작대로17길
2017,2,A,골목상권,1000738,3342,1526,1816,515,650,640,535,437,565,267,286,271,241,200,261,248,364,369,294,237,304,1496,50,1446,대방동2길
2017,2,A,골목상권,1000737,4169,2069,2100,801,721,700,804,532,611,418,352,358,409,269,263,383,369,342,395,263,348,1866,23,1843,대방동27길
2017,2,A,골목상권,1000736,3359,1689,1670,349,586,443,488,676,817,175,297,255,264,330,368,174,289,188,224,346,449,1606,17,1589,노량진로6길
2017,2,A,골목상권,1000735,3950,1895,2055,525,642,841,562,532,848,267,298,440,281,235,374,258,344,401,281,297,474,1930,16,1914,국사봉길
2017,2,A,골목상권,1000734,1294,588,706,140,275,308,183,151,237,78,106,140,83,74,107,62,169,168,100,77,130,706,0,706,국사봉2길
2017,2,A,골목상권,1000733,3331,1562,1769,339,595,608,506,493,790,173,257,309,254,222,347,166,338,299,252,271,443,1766,44,1722,국사봉1길
2017,2,A,골목상권,1000732,2730,1422,1308,252,372,512,398,482,714,130,205,277,222,248,340,122,167,235,176,234,374,1513,75,1438,영신로9길
2017,2,A,골목상권,1000731,2462,1253,1209,190,483,424,384,401,580,96,229,245,220,206,257,94,254,179,164,195,323,1539,29,1510,영등포로84길
2017,2,A,골목상권,1000730,2245,1138,1107,211,368,374,348,387,557,112,177,217,194,198,240,99,191,157,154,189,317,1244,0,1244,영등포로80길
2017,2,A,골목상권,1000729,1693,897,796,141,292,374,244,254,388,71,146,227,135,129,189,70,146,147,109,125,199,973,21,952,영등포로62길
2017,2,A,골목상권,1000728,1235,724,511,96,238,241,175,204,281,50,128,145,109,138,154,46,110,96,66,66,127,848,0,848,영등포로35길
2017,2,A,골목상권,1000727,1854,1034,820,162,291,373,283,305,440,80,150,233,179,180,212,82,141,140,104,125,228,1099,0,1099,영등포로27길
2017,2,A,골목상권,1000726,1688,836,852,145,317,284,235,297,410,63,136,163,132,152,190,82,181,121,103,145,220,964,0,964,영등포로25길
2017,2,A,골목상권,1000725,2368,1198,1170,254,312,492,383,367,560,122,148,287,202,187,252,132,164,205,181,180,308,1235,360,875,여의대방로61길
2017,2,A,골목상권,1000724,3504,1753,1751,445,497,533,569,629,831,246,249,290,291,304,373,199,248,243,278,325,458,1603,518,1085,여의대방로43나길
2017,2,A,골목상권,1000723,405,194,211,34,57,65,59,79,111,21,23,34,30,39,47,13,34,31,29,40,64,225,0,225,여의대방로39길
2017,2,A,골목상권,1000722,1622,825,797,196,226,217,267,274,442,104,122,118,138,135,208,92,104,99,129,139,234,760,22,738,여의대방로35길
2017,2,A,골목상권,1000721,3969,2026,1943,601,620,998,608,552,590,308,282,555,319,287,275,293,338,443,289,265,315,1675,730,945,양평로28길
2017,2,A,골목상권,1000720,1559,768,791,197,263,502,257,154,186,109,99,274,132,77,77,88,164,228,125,77,109,820,196,624,양평로22라길
2017,2,A,골목상권,1000719,3254,1615,1639,569,476,613,552,462,582,294,237,310,284,225,265,275,239,303,268,237,317,1235,624,611,양평로19길
2017,2,A,골목상권,1000718,3151,1548,1603,332,390,451,489,555,934,167,185,236,244,284,432,165,205,215,245,271,502,1542,0,1542,신길로60길
2017,2,A,골목상권,1000717,2891,1451,1440,333,419,350,451,555,783,168,209,208,237,283,346,165,210,142,214,272,437,1347,80,1267,신길로42길
2017,2,A,골목상권,1000716,4729,2337,2392,643,625,539,827,878,1217,339,326,293,407,441,531,304,299,246,420,437,686,2170,249,1921,신길로42가길
2017,2,A,골목상권,1000715,2081,1046,1035,260,260,221,362,405,573,138,139,121,178,210,260,122,121,100,184,195,313,1061,0,1061,신길로39길
2017,2,A,골목상권,1000714,2433,1184,1249,248,355,305,371,474,680,132,190,166,169,233,294,116,165,139,202,241,386,1158,23,1135,신길로17길
2017,2,A,골목상권,1000713,1112,582,530,154,108,183,171,179,317,94,62,96,94,88,148,60,46,87,77,91,169,480,33,447,선유서로28길
2017,2,A,골목상권,1000712,2959,1554,1405,380,411,626,496,399,647,213,218,331,295,200,297,167,193,295,201,199,350,1482,606,876,선유서로25길
2017,2,A,골목상권,1000711,1352,687,665,129,124,160,177,275,487,62,75,90,101,153,206,67,49,70,76,122,281,749,0,749,선유서로24길
2017,2,A,골목상권,1000710,2831,1430,1401,227,660,708,360,370,506,121,278,375,204,213,239,106,382,333,156,157,267,1778,33,1745,선유로55길
2017,2,A,골목상권,1000709,162,123,39,77,12,16,13,17,27,75,7,11,10,7,13,2,5,5,3,10,14,54,0,54,디지털로74길
2017,2,A,골목상권,1000708,1581,769,812,155,147,206,275,310,488,88,70,100,144,163,204,67,77,106,131,147,284,908,0,908,디지털로57길
2017,2,A,골목상권,1000707,1540,755,785,167,129,158,281,264,541,87,70,84,136,134,244,80,59,74,145,130,297,808,0,808,디지털로37길
2017,2,A,골목상권,1000706,1575,769,806,190,220,209,251,262,443,96,127,111,129,114,192,94,93,98,122,148,251,752,0,752,도신로62길
2017,2,A,골목상권,1000705,835,433,402,94,99,114,136,143,249,46,60,69,71,70,117,48,39,45,65,73,132,438,0,438,도신로60길
2017,2,A,골목상권,1000704,1695,868,827,232,236,240,304,294,389,136,128,122,154,147,181,96,108,118,150,147,208,745,87,658,도신로29길
2017,2,A,골목상권,1000703,3751,1871,1880,368,704,795,528,602,754,200,327,399,284,304,357,168,377,396,244,298,397,1898,12,1886,도신로15길
2017,2,A,골목상권,1000702,2285,1142,1143,259,338,384,316,402,586,127,184,200,161,181,289,132,154,184,155,221,297,1142,27,1115,도림천로21길
2017,2,A,골목상권,1000701,1591,821,770,218,201,183,263,319,407,117,110,97,131,172,194,101,91,86,132,147,213,718,0,718,도림로63길
2017,2,A,골목상권,1000700,375,199,176,16,48,53,39,64,155,9,24,25,28,35,78,7,24,28,11,29,77,225,0,225,도림로147길
2017,2,A,골목상권,1000699,2308,1185,1123,271,267,304,412,414,640,129,141,171,226,220,298,142,126,133,186,194,342,1124,22,1102,도림로112길
2017,2,A,골목상권,1000698,3096,1530,1566,348,441,427,497,507,876,184,218,226,248,254,400,164,223,201,249,253,476,1591,23,1568,대림로8길
2017,2,A,골목상권,1000697,1107,527,580,114,132,147,154,227,333,53,59,85,62,116,152,61,73,62,92,111,181,563,0,563,대림로7길
2017,2,A,골목상권,1000696,2388,1237,1151,363,351,296,431,474,473,188,196,155,211,257,230,175,155,141,220,217,243,1024,15,1009,대림로44길
2017,2,A,골목상권,1000695,2915,1503,1412,434,410,335,478,580,678,229,217,193,250,290,324,205,193,142,228,290,354,1198,134,1064,대림로34길
2017,2,A,골목상권,1000694,2505,1285,1220,266,313,359,449,505,613,137,167,204,231,263,283,129,146,155,218,242,330,1293,159,1134,대림로31길
2017,2,A,골목상권,1000693,2077,1093,984,178,283,341,334,395,546,98,141,205,183,217,249,80,142,136,151,178,297,1239,0,1239,대림로29길
2017,2,A,골목상권,1000692,4487,2275,2212,580,611,539,735,871,1151,302,323,294,380,438,538,278,288,245,355,433,613,1913,603,1310,대림로22길
2017,2,A,골목상권,1000691,2132,1063,1069,166,483,456,276,303,448,77,229,251,140,159,207,89,254,205,136,144,241,1260,20,1240,당산로46길
2017,2,A,골목상권,1000690,1663,805,858,132,535,454,189,160,193,63,227,264,92,71,88,69,308,190,97,89,105,1154,0,1154,당산로38길
2017,2,A,골목상권,1000689,1335,623,712,146,179,238,188,201,383,66,83,113,99,105,157,80,96,125,89,96,226,767,178,589,당산로37길
2017,2,A,골목상권,1000688,880,453,427,102,158,170,144,116,190,57,69,94,80,64,89,45,89,76,64,52,101,484,65,419,당산로31길
2017,2,A,골목상권,1000687,2475,1490,985,106,710,855,266,229,309,55,376,567,190,137,165,51,334,288,76,92,144,1884,33,1851,국회대로56길
2017,2,A,골목상권,1000686,164,124,40,2,8,12,18,40,84,0,4,10,15,31,64,2,4,2,3,9,20,144,0,144,경인로90길
2017,2,A,골목상권,1000685,145,83,62,8,10,19,22,25,61,4,7,14,14,17,27,4,3,5,8,8,34,75,0,75,경인로80길
2017,2,A,골목상권,1000684,296,176,120,6,44,52,35,58,101,4,27,32,25,39,49,2,17,20,10,19,52,216,0,216,경인로77길
2017,2,A,골목상권,1000683,2018,1025,993,250,296,223,345,403,501,135,164,122,170,215,219,115,132,101,175,188,282,920,0,920,가마산로61길
2017,2,A,골목상권,1000682,4010,2034,1976,510,597,620,632,797,854,273,298,351,299,400,413,237,299,269,333,397,441,1901,33,1868,시흥대로94길
2017,2,A,골목상권,1000681,6202,3111,3091,838,922,892,963,1220,1367,445,479,466,478,609,634,393,443,426,485,611,733,2709,105,2604,시흥대로84길
2017,2,A,골목상권,1000680,2664,1365,1299,345,340,392,409,498,680,192,174,216,219,241,323,153,166,176,190,257,357,1215,7,1208,시흥대로68길
2017,2,A,골목상권,1000679,1640,817,823,187,215,321,265,272,380,90,105,175,135,130,182,97,110,146,130,142,198,805,384,421,시흥대로63길
2017,2,A,골목상권,1000678,3214,1612,1602,439,437,419,529,615,775,226,249,222,270,300,345,213,188,197,259,315,430,1485,48,1437,시흥대로62가길
2017,2,A,골목상권,1000677,1971,1012,959,301,251,281,333,337,468,147,137,151,179,177,221,154,114,130,154,160,247,820,48,772,시흥대로36길
2017,2,A,골목상권,1000676,3539,1763,1776,531,465,545,501,609,888,264,240,286,268,297,408,267,225,259,233,312,480,1324,182,1142,시흥대로22길
2017,2,A,골목상권,1000675,2001,1113,888,185,420,462,246,351,337,98,218,282,138,199,178,87,202,180,108,152,159,1197,73,1124,시흥대로153길
2017,2,A,골목상권,1000674,4924,2493,2431,654,681,767,763,917,1142,326,358,417,394,455,543,328,323,350,369,462,599,2167,411,1756,시흥대로150길
2017,2,A,골목상권,1000673,2344,1270,1074,193,486,421,341,439,464,85,226,246,214,252,247,108,260,175,127,187,217,1496,0,1496,시흥대로141길
2017,2,A,골목상권,1000672,617,322,295,73,58,77,100,117,192,40,34,42,56,55,95,33,24,35,44,62,97,320,23,297,시흥대로138길
2017,2,A,골목상권,1000671,3385,1698,1687,427,498,459,537,684,780,215,256,238,283,352,354,212,242,221,254,332,426,1528,62,1466,시흥대로120길
2017,2,A,골목상권,1000670,1125,592,533,100,134,176,178,226,311,49,76,104,102,124,137,51,58,72,76,102,174,649,0,649,벚꽃로56길
2017,2,A,골목상권,1000669,1613,863,750,194,278,348,287,220,286,90,145,208,162,121,137,104,133,140,125,99,149,820,302,518,범안로17길
2017,2,A,골목상권,1000668,1288,739,549,77,394,452,157,94,114,31,193,295,107,56,57,46,201,157,50,38,57,964,116,848,범안로11길
2017,2,A,골목상권,1000667,3181,1594,1587,344,478,471,517,618,753,161,243,275,264,301,350,183,235,196,253,317,403,1532,53,1479,문성로5길
2017,2,A,골목상권,1000666,688,326,362,89,88,103,126,132,150,45,44,55,61,62,59,44,44,48,65,70,91,312,12,300,독산로85길
2017,2,A,골목상권,1000665,3750,1884,1866,558,507,510,595,718,862,268,266,277,294,384,395,290,241,233,301,334,467,1594,78,1516,독산로78다길
2017,2,A,골목상권,1000664,2726,1381,1345,280,339,328,509,602,668,135,175,179,261,331,300,145,164,149,248,271,368,1466,0,1466,독산로70길
2017,2,A,골목상권,1000663,2513,1268,1245,339,354,305,438,533,544,171,196,165,219,280,237,168,158,140,219,253,307,1110,13,1097,독산로64길
2017,2,A,골목상권,1000662,2410,1202,1208,368,345,346,358,462,531,195,175,176,175,212,269,173,170,170,183,250,262,861,251,610,독산로50길
2017,2,A,골목상권,1000661,2617,1300,1317,391,330,374,415,490,617,200,173,204,208,233,282,191,157,170,207,257,335,1132,38,1094,독산로40길
2017,2,A,골목상권,1000660,1968,1038,930,223,322,343,319,379,382,125,169,202,153,206,183,98,153,141,166,173,199,1013,14,999,독산로108길
2017,2,A,골목상권,1000659,2298,1353,945,114,595,531,332,382,344,50,299,349,225,233,197,64,296,182,107,149,147,1718,11,1707,남부순환로112길
2017,2,A,골목상권,1000658,4435,2264,2171,617,584,509,723,855,1147,317,314,293,366,463,511,300,270,216,357,392,636,2036,18,2018,금하로24길
2017,2,A,골목상권,1000657,2181,1107,1074,315,311,293,401,372,489,149,152,188,199,199,220,166,159,105,202,173,269,1016,0,1016,금하로1길
2017,2,A,골목상권,1000656,1781,870,911,214,250,245,296,316,460,95,119,133,148,160,215,119,131,112,148,156,245,835,29,806,금하로14길
2017,2,A,골목상권,1000655,3367,1977,1390,282,788,954,441,413,489,159,419,618,280,248,253,123,369,336,161,165,236,2222,326,1896,가산로5길
2017,2,A,골목상권,1000654,1019,636,383,61,280,340,153,98,87,19,154,241,118,59,45,42,126,99,35,39,42,759,0,759,가산로3길
2017,2,A,골목상권,1000653,1227,615,612,183,204,193,188,198,261,96,104,104,95,99,117,87,100,89,93,99,144,493,183,310,중앙로1길
2017,2,A,골목상권,1000652,1644,819,825,251,225,248,241,286,393,127,123,129,130,133,177,124,102,119,111,153,216,644,128,516,중앙로15길
2017,2,A,골목상권,1000651,953,536,417,55,120,79,141,277,281,29,62,51,92,158,144,26,58,28,49,119,137,576,0,576,우마길
2017,2,A,골목상권,1000650,2224,1121,1103,301,299,297,299,363,665,159,167,167,160,181,287,142,132,130,139,182,378,1076,0,1076,오류로8길
2017,2,A,골목상권,1000649,548,277,271,53,71,59,89,110,166,20,41,25,53,61,77,33,30,34,36,49,89,258,0,258,신도림로13길
2017,2,A,골목상권,1000648,2758,1357,1401,359,440,624,376,389,570,194,207,304,188,185,279,165,233,320,188,204,291,1286,335,951,새말로18길
2017,2,A,골목상권,1000647,1470,759,711,186,170,283,216,236,379,109,77,149,123,123,178,77,93,134,93,113,201,620,66,554,부일로1길
2017,2,A,골목상권,1000646,1615,791,824,249,206,245,273,240,402,122,112,121,139,119,178,127,94,124,134,121,224,695,9,686,부일로15길
2017,2,A,골목상권,1000645,2726,1394,1332,461,400,335,490,467,573,259,216,174,228,240,277,202,184,161,262,227,296,1078,35,1043,부일로11길
2017,2,A,골목상권,1000644,1560,853,707,36,528,562,210,116,108,17,229,338,133,78,58,19,299,224,77,38,50,1333,0,1333,디지털로32길
2017,2,A,골목상권,1000643,4808,2636,2172,115,1794,1883,488,227,301,61,816,1145,332,122,160,54,978,738,156,105,141,4153,95,4058,디지털로32가길
2017,2,A,골목상권,1000642,1371,733,638,158,128,187,224,250,424,79,72,105,132,141,204,79,56,82,92,109,220,710,0,710,디지털로27길
2017,2,A,골목상권,1000641,1569,795,774,176,208,217,229,326,413,87,108,123,128,175,174,89,100,94,101,151,239,775,4,771,도림로6길
2017,2,A,골목상권,1000640,2370,1147,1223,327,291,354,387,407,604,162,158,174,194,196,263,165,133,180,193,211,341,1013,24,989,도림로12길
2017,2,A,골목상권,1000639,1314,626,688,205,137,245,183,170,374,95,66,122,88,68,187,110,71,123,95,102,187,494,449,45,남부순환로97길
2017,2,A,골목상권,1000638,3053,1492,1561,338,365,405,470,585,890,168,195,189,241,286,413,170,170,216,229,299,477,1433,254,1179,구로중앙로8길
2017,2,A,골목상권,1000637,777,390,387,74,62,103,111,148,279,39,31,53,67,73,127,35,31,50,44,75,152,404,0,404,구로중앙로7길
2017,2,A,골목상권,1000636,925,507,418,112,134,136,139,163,241,60,85,81,81,85,115,52,49,55,58,78,126,433,0,433,구로중앙로42길
2017,2,A,골목상권,1000635,1220,617,603,133,175,133,196,256,327,69,99,75,93,133,148,64,76,58,103,123,179,576,41,535,구로중앙로34길
2017,2,A,골목상권,1000634,3382,1679,1703,438,515,610,571,565,683,209,225,326,307,298,314,229,290,284,264,267,369,1701,176,1525,구로중앙로28길
2017,2,A,골목상권,1000633,865,421,444,100,114,98,140,164,249,49,49,58,70,87,108,51,65,40,70,77,141,420,9,411,구로중앙로19길
2017,2,A,골목상권,1000632,6516,3275,3241,782,867,875,1004,1225,1763,421,507,456,517,580,794,361,360,419,487,645,969,2826,0,2826,구로동로8길
2017,2,A,골목상권,1000631,2819,1503,1316,321,322,332,457,566,821,187,189,188,261,284,394,134,133,144,196,282,427,1365,4,1361,구로동로7길
2017,2,A,골목상권,1000630,2012,1002,1010,256,228,249,350,350,579,130,118,125,182,185,262,126,110,124,168,165,317,934,0,934,구로동로42길
2017,2,A,골목상권,1000629,2578,1326,1252,311,342,312,439,516,658,159,175,174,248,268,302,152,167,138,191,248,356,1214,0,1214,구로동로41길
2017,2,A,골목상권,1000628,2153,1048,1105,269,268,256,341,419,600,119,141,143,172,214,259,150,127,113,169,205,341,1074,17,1057,구로동로38길
2017,2,A,골목상권,1000627,2132,1077,1055,254,249,249,386,389,605,138,124,140,191,218,266,116,125,109,195,171,339,1127,76,1051,구로동로28길
2017,2,A,골목상권,1000626,1021,534,487,110,119,106,142,235,309,58,78,63,68,124,143,52,41,43,74,111,166,529,0,529,구로동로15길
2017,2,A,골목상권,1000625,2064,911,1153,201,569,538,265,206,285,85,184,258,141,101,142,116,385,280,124,105,143,1322,186,1136,공원로6가길
2017,2,A,골목상권,1000624,3239,1595,1644,545,433,457,539,591,674,275,216,234,272,287,311,270,217,223,267,304,363,1265,668,597,고척로52길
2017,2,A,골목상권,1000623,4487,2224,2263,666,660,557,766,839,999,328,352,288,376,427,453,338,308,269,390,412,546,1960,36,1924,고척로27다길
2017,2,A,골목상권,1000622,2673,1371,1302,372,371,358,435,473,664,196,197,199,222,250,307,176,174,159,213,223,357,1184,0,1184,고척로27길
2017,2,A,골목상권,1000621,2677,1386,1291,406,324,357,448,469,673,213,178,200,230,248,317,193,146,157,218,221,356,1225,0,1225,고척로21나길
2017,2,A,골목상권,1000620,2170,1077,1093,302,346,313,327,375,507,139,175,160,167,191,245,163,171,153,160,184,262,898,458,440,경인로47길
2017,2,A,골목상권,1000619,3180,1640,1540,373,385,378,481,626,937,196,197,202,271,334,440,177,188,176,210,292,497,1518,0,1518,경인로35길
2017,2,A,골목상권,1000618,1990,1043,947,206,243,223,352,422,544,99,131,129,205,231,248,107,112,94,147,191,296,1079,0,1079,경인로31길
2017,2,A,골목상권,1000617,3709,1876,1833,496,475,587,589,610,952,258,249,303,328,298,440,238,226,284,261,312,512,1621,62,1559,경인로15길
2017,2,A,골목상권,1000616,3103,1525,1578,485,385,534,511,514,674,239,200,282,262,250,292,246,185,252,249,264,382,1303,45,1258,개봉로3길
2017,2,A,골목상권,1000615,2443,1159,1284,428,279,438,403,364,531,209,144,211,194,161,240,219,135,227,209,203,291,1001,0,1001,개봉로2길
2017,2,A,골목상권,1000614,2322,1124,1198,312,247,426,327,349,661,142,128,211,176,165,302,170,119,215,151,184,359,975,509,466,개봉로23가길
2017,2,A,골목상권,1000613,3685,1768,1917,609,471,635,516,577,877,315,225,293,263,253,419,294,246,342,253,324,458,1323,792,531,개봉로20길
2017,2,A,골목상권,1000612,2229,1111,1118,349,285,362,366,351,516,174,145,204,177,173,238,175,140,158,189,178,278,893,149,744,개봉로1길
2017,2,A,골목상권,1000611,3475,1754,1721,482,479,595,537,565,817,245,252,309,267,284,397,237,227,286,270,281,420,1542,69,1473,개봉로17다길
2017,2,A,골목상권,1000610,5715,2807,2908,883,822,919,907,975,1209,462,416,475,458,457,539,421,406,444,449,518,670,2265,72,2193,개봉로17길
2017,2,A,골목상권,1000609,5317,2621,2696,829,743,829,889,853,1174,447,372,428,433,397,544,382,371,401,456,456,630,2094,38,2056,개봉로11길
2017,2,A,골목상권,1000608,3848,1852,1996,476,757,803,572,564,676,272,271,421,285,287,316,204,486,382,287,277,360,1983,545,1438,화곡로64길
2017,2,A,골목상권,1000607,2328,1119,1209,363,385,374,359,446,401,184,201,170,158,215,191,179,184,204,201,231,210,855,406,449,화곡로59길
2017,2,A,골목상권,1000606,3234,1611,1623,455,484,697,532,483,583,239,223,387,281,214,267,216,261,310,251,269,316,1540,57,1483,화곡로44나길
2017,2,A,골목상권,1000605,4017,1929,2088,412,657,770,539,656,983,218,340,384,253,290,444,194,317,386,286,366,539,1898,19,1879,화곡로31길
2017,2,A,골목상권,1000604,3387,1663,1724,506,458,643,518,533,729,252,232,331,258,250,340,254,226,312,260,283,389,1447,65,1382,화곡로20길
2017,2,A,골목상권,1000603,3262,1585,1677,523,510,467,561,531,670,273,265,234,268,237,308,250,245,233,293,294,362,1298,126,1172,화곡로13길
2017,2,A,골목상권,1000602,3706,1895,1811,487,540,513,539,670,957,263,286,289,290,318,449,224,254,224,249,352,508,1625,22,1603,초원로16길
2017,2,A,골목상권,1000601,4897,2429,2468,940,685,944,889,668,771,500,348,492,453,308,328,440,337,452,436,360,443,1960,34,1926,초록마을로8길
2017,2,A,골목상권,1000600,2548,1308,1240,199,480,658,462,332,417,93,232,378,263,168,174,106,248,280,199,164,243,1589,23,1566,초록마을로3길
2017,2,A,골목상권,1000599,2213,1185,1028,167,390,648,330,326,352,74,188,375,200,179,169,93,202,273,130,147,183,1370,161,1209,월정로20길
2017,2,A,골목상권,1000598,5752,2719,3033,1401,763,744,1204,858,782,656,356,345,574,425,363,745,407,399,630,433,419,1944,630,1314,우장산로6길
2017,2,A,골목상권,1000597,2696,1390,1306,718,310,456,599,315,298,406,153,211,310,172,138,312,157,245,289,143,160,975,356,619,양천로73가길
2017,2,A,골목상권,1000596,7302,3580,3722,1908,867,999,1584,1036,908,943,467,444,805,515,406,965,400,555,779,521,502,2236,2137,99,양천로71길
2017,2,A,골목상권,1000595,1195,618,577,162,220,234,162,177,240,94,109,121,88,94,112,68,111,113,74,83,128,503,20,483,양천로49길
2017,2,A,골목상권,1000594,2229,1081,1148,483,232,435,384,306,389,243,126,204,188,149,171,240,106,231,196,157,218,789,240,549,양천로26길
2017,2,A,골목상권,1000593,3831,1956,1875,619,494,673,555,615,875,347,263,342,295,279,430,272,231,331,260,336,445,1551,455,1096,양천로24길
2017,2,A,골목상권,1000592,2898,1437,1461,509,357,451,534,436,611,258,183,243,265,215,273,251,174,208,269,221,338,1149,225,924,양천로24가길
2017,2,A,골목상권,1000591,4620,2280,2340,828,595,683,732,770,1012,421,299,350,388,361,461,407,296,333,344,409,551,1642,526,1116,양천로14길
2017,2,A,골목상권,1000590,2436,1266,1170,348,293,443,480,379,493,186,143,238,267,200,232,162,150,205,213,179,261,1152,6,1146,방화대로6라길
2017,2,A,골목상권,1000589,2405,1231,1174,313,345,366,341,444,596,167,169,218,188,209,280,146,176,148,153,235,316,1149,47,1102,방화대로21길
2017,2,A,골목상권,1000588,1508,706,802,198,236,282,201,248,343,99,110,149,95,107,146,99,126,133,106,141,197,651,47,604,등촌로5길
2017,2,A,골목상권,1000587,2724,1313,1411,381,475,723,400,347,398,203,209,385,188,143,185,178,266,338,212,204,213,1237,84,1153,등촌로55길
2017,2,A,골목상권,1000586,2154,1078,1076,363,331,334,317,372,437,185,191,166,152,171,213,178,140,168,165,201,224,764,235,529,등촌로51길
2017,2,A,골목상권,1000585,3310,1694,1616,571,499,598,537,533,572,314,274,331,269,256,250,257,225,267,268,277,322,1285,95,1190,등촌로39길
2017,2,A,골목상권,1000584,3907,1931,1976,545,542,745,637,640,798,288,286,390,314,301,352,257,256,355,323,339,446,1643,25,1618,등촌로13길
2017,2,A,골목상권,1000583,3975,2099,1876,602,518,781,704,623,747,325,268,434,396,332,344,277,250,347,308,291,403,1892,47,1845,남부순환로11길
2017,2,A,골목상권,1000582,4505,2188,2317,848,591,912,777,572,805,443,275,467,398,269,336,405,316,445,379,303,469,1790,28,1762,까치산로4길
2017,2,A,골목상권,1000581,2358,1153,1205,259,339,442,343,389,586,119,182,247,168,175,262,140,157,195,175,214,324,1032,100,932,국회대로7길
2017,2,A,골목상권,1000580,2979,1518,1461,347,517,521,444,444,706,186,267,273,245,212,335,161,250,248,199,232,371,1538,11,1527,공항대로8길
2017,2,A,골목상권,1000579,2062,1023,1039,397,268,410,388,282,317,206,136,201,196,144,140,191,132,209,192,138,177,804,300,504,공항대로61길
2017,2,A,골목상권,1000578,2843,1408,1435,525,377,431,451,494,565,288,189,201,223,242,265,237,188,230,228,252,300,1065,508,557,공항대로59다길
2017,2,A,골목상권,1000577,2183,1014,1169,198,450,591,338,282,324,98,164,293,173,139,147,100,286,298,165,143,177,1266,0,1266,공항대로59길
2017,2,A,골목상권,1000576,2092,1053,1039,349,316,347,324,342,414,197,170,184,149,164,189,152,146,163,175,178,225,840,4,836,공항대로55길
2017,2,A,골목상권,1000575,1139,548,591,252,140,163,238,170,176,119,70,77,115,82,85,133,70,86,123,88,91,419,18,401,공항대로42길
2017,2,A,골목상권,1000574,410,202,208,73,64,89,66,65,53,36,37,47,32,30,20,37,27,42,34,35,33,185,0,185,공항대로38길
2017,2,A,골목상권,1000573,2048,1016,1032,201,309,445,292,326,475,104,160,229,144,153,226,97,149,216,148,173,249,1056,17,1039,곰달래로60길
2017,2,A,골목상권,1000572,3731,1854,1877,667,492,604,697,546,725,356,258,317,341,268,314,311,234,287,356,278,411,1519,90,1429,곰달래로53길
2017,2,A,골목상권,1000571,4163,2025,2138,740,543,757,782,595,746,358,276,395,378,281,337,382,267,362,404,314,409,1672,79,1593,곰달래로47길
2017,2,A,골목상권,1000570,3431,1653,1778,720,409,695,616,429,562,370,197,342,298,190,256,350,212,353,318,239,306,1301,47,1254,곰달래로31길
2017,2,A,골목상권,1000569,3070,1454,1616,437,361,566,521,498,687,203,180,280,276,221,294,234,181,286,245,277,393,1383,31,1352,곰달래로25길
2017,2,A,골목상권,1000568,2457,1246,1211,208,659,462,314,328,486,100,300,276,169,168,233,108,359,186,145,160,253,1467,45,1422,개화동로25길
2017,2,A,골목상권,1000567,3923,1931,1992,472,498,519,599,762,1073,238,270,264,299,369,491,234,228,255,300,393,582,1886,90,1796,개화동로23길
2017,2,A,골목상권,1000566,3348,1670,1678,462,414,643,510,492,827,233,201,343,270,228,395,229,213,300,240,264,432,1495,197,1298,강서로8길
2017,2,A,골목상권,1000565,2913,1446,1467,432,360,599,452,472,598,224,181,321,235,211,274,208,179,278,217,261,324,1264,103,1161,강서로5라길
2017,2,A,골목상권,1000564,2990,1491,1499,229,666,864,385,334,512,115,271,497,212,151,245,114,395,367,173,183,267,1847,336,1511,강서로5나길
2017,2,A,골목상권,1000563,1866,946,920,160,318,438,273,266,411,83,136,236,156,132,203,77,182,202,117,134,208,1056,103,953,강서로5가길
2017,2,A,골목상권,1000562,3803,1789,2014,893,551,475,771,608,505,415,272,238,354,295,215,478,279,237,417,313,290,1323,183,1140,강서로47라길
2017,2,A,골목상권,1000561,4323,2092,2231,954,586,546,873,702,662,454,298,272,424,370,274,500,288,274,449,332,388,1562,528,1034,강서로47길
2017,2,A,골목상권,1000560,2765,1331,1434,430,396,514,437,414,574,216,192,269,221,179,254,214,204,245,216,235,320,1129,152,977,강서로45다길
2017,2,A,골목상권,1000559,983,483,500,197,128,154,172,137,195,91,57,78,88,62,107,106,71,76,84,75,88,371,126,245,강서로45길
2017,2,A,골목상권,1000558,3961,1903,2058,491,611,704,595,704,856,246,282,364,282,345,384,245,329,340,313,359,472,1788,37,1751,강서로35길
2017,2,A,골목상권,1000557,3209,1553,1656,435,531,805,452,452,534,220,251,416,223,201,242,215,280,389,229,251,292,1486,177,1309,강서로29길
2017,2,A,골목상권,1000556,6976,3399,3577,1073,931,1410,1120,991,1451,556,450,726,557,465,645,517,481,684,563,526,806,2871,109,2762,강서로18길
2017,2,A,골목상권,1000555,3205,1615,1590,354,503,626,468,558,696,190,255,344,245,249,332,164,248,282,223,309,364,1372,271,1101,강서로17가길
2017,2,A,골목상권,1000554,5579,2787,2792,626,798,1094,843,972,1246,299,405,597,442,500,544,327,393,497,401,472,702,2799,179,2620,강서로15길
2017,2,A,골목상권,1000553,3041,1537,1504,445,428,585,462,486,635,240,230,310,242,227,288,205,198,275,220,259,347,1231,44,1187,가로공원로80길
2017,2,A,골목상권,1000552,3207,1556,1651,458,448,615,518,500,668,225,221,322,264,222,302,233,227,293,254,278,366,1365,102,1263,가로공원로76가길
2017,2,A,골목상권,1000551,1635,806,829,230,215,238,249,322,381,119,111,122,119,153,182,111,104,116,130,169,199,742,115,627,화곡로4길
2017,2,A,골목상권,1000550,3487,1734,1753,717,531,551,578,521,589,375,273,272,286,259,269,342,258,279,292,262,320,1291,358,933,화곡로3길
2017,2,A,골목상권,1000549,3557,1743,1814,487,448,526,525,620,951,234,233,298,277,272,429,253,215,228,248,348,522,1482,0,1482,지양로7길
2017,2,A,골목상권,1000548,4171,2101,2070,660,562,623,673,737,916,348,304,327,334,370,418,312,258,296,339,367,498,1648,303,1345,중앙로55길
2017,2,A,골목상권,1000547,4552,2256,2296,816,602,740,719,693,982,397,315,382,360,340,462,419,287,358,359,353,520,1650,479,1171,중앙로51길
2017,2,A,골목상권,1000546,2367,1241,1126,244,298,323,394,488,620,138,166,186,209,250,292,106,132,137,185,238,328,1161,27,1134,중앙로47길
2017,2,A,골목상권,1000545,2226,1095,1131,316,284,341,365,384,536,164,147,184,183,168,249,152,137,157,182,216,287,1033,111,922,중앙로45길
2017,2,A,골목상권,1000544,951,458,493,176,106,107,190,139,233,96,46,56,89,72,99,80,60,51,101,67,134,412,9,403,중앙로36길
2017,2,A,골목상권,1000543,1078,533,545,235,144,123,198,170,208,121,77,63,91,96,85,114,67,60,107,74,123,418,71,347,중앙로32길
2017,2,A,골목상권,1000542,2648,1358,1290,303,307,345,461,505,727,162,162,188,252,258,336,141,145,157,209,247,391,1356,44,1312,중앙로25길
2017,2,A,골목상권,1000541,3275,1619,1656,510,414,561,533,521,736,266,215,284,271,244,339,244,199,277,262,277,397,1388,120,1268,은행정로7길
2017,2,A,골목상권,1000540,811,431,380,124,83,106,138,146,214,69,45,61,69,80,107,55,38,45,69,66,107,402,0,402,은행정로5길
2017,2,A,골목상권,1000539,4090,1997,2093,831,448,695,640,626,850,418,235,317,329,309,389,413,213,378,311,317,461,1481,494,987,오목로5길
2017,2,A,골목상권,1000538,3797,1883,1914,782,434,617,641,568,755,404,228,294,329,268,360,378,206,323,312,300,395,1290,668,622,오목로3길
2017,2,A,골목상권,1000537,3714,1830,1884,432,571,631,576,644,860,222,278,355,274,306,395,210,293,276,302,338,465,1658,24,1634,오목로30길
2017,2,A,골목상권,1000536,4483,2223,2260,625,663,896,740,698,861,315,332,463,357,342,414,310,331,433,383,356,447,2066,40,2026,오목로23길
2017,2,A,골목상권,1000535,2039,1042,997,378,244,344,352,323,398,199,138,175,180,151,199,179,106,169,172,172,199,741,572,169,신월로20길
2017,2,A,골목상권,1000534,5821,2882,2939,1011,775,821,932,1002,1280,539,408,408,454,492,581,472,367,413,478,510,699,2031,663,1368,신월로15길
2017,2,A,골목상권,1000533,2471,1214,1257,459,335,324,464,420,469,253,172,157,214,218,200,206,163,167,250,202,269,999,83,916,신목로6길
2017,2,A,골목상권,1000532,2255,1134,1121,564,327,213,494,394,263,290,179,103,217,221,124,274,148,110,277,173,139,709,243,466,신목로5길
2017,2,A,골목상권,1000531,2108,1033,1075,376,363,195,363,452,359,199,189,93,163,228,161,177,174,102,200,224,198,741,250,491,신목로2길
2017,2,A,골목상권,1000530,1394,681,713,190,205,268,207,214,310,109,106,128,100,108,130,81,99,140,107,106,180,636,27,609,목동중앙서로8가길
2017,2,A,골목상권,1000529,3703,1853,1850,589,570,607,663,613,661,325,306,322,314,298,288,264,264,285,349,315,373,1581,29,1552,목동중앙서로7길
2017,2,A,골목상권,1000528,2203,1029,1174,303,323,417,323,351,486,157,156,203,161,147,205,146,167,214,162,204,281,1039,8,1031,목동중앙북로8길
2017,2,A,골목상권,1000527,3382,1643,1739,409,595,856,464,500,558,220,259,434,228,239,263,189,336,422,236,261,295,1617,68,1549,목동중앙북로16길
2017,2,A,골목상권,1000526,2985,1502,1483,541,454,445,505,508,532,328,247,219,227,246,235,213,207,226,278,262,297,1143,77,1066,목동중앙본로7길
2017,2,A,골목상권,1000525,2485,1207,1278,587,347,294,500,401,356,294,185,142,222,211,153,293,162,152,278,190,203,863,86,777,목동중앙로3길
2017,2,A,골목상권,1000524,1123,582,541,176,184,257,169,151,186,106,78,142,84,86,86,70,106,115,85,65,100,545,49,496,목동중앙로13나길
2017,2,A,골목상권,1000523,2738,1376,1362,503,443,408,456,456,472,293,240,189,217,219,218,210,203,219,239,237,254,997,232,765,목동중앙남로3가길
2017,2,A,골목상권,1000522,3525,1666,1859,595,557,594,626,557,596,305,258,278,292,250,283,290,299,316,334,307,313,1396,134,1262,목동로9길
2017,2,A,골목상권,1000521,2409,1124,1285,392,348,430,385,353,501,180,165,202,183,171,223,212,183,228,202,182,278,982,57,925,목동로19길
2017,2,A,골목상권,1000520,1002,455,547,235,122,116,230,158,141,109,52,56,103,84,51,126,70,60,127,74,90,376,19,357,목동동로8길
2017,2,A,골목상권,1000519,2309,1101,1208,526,321,250,464,366,382,257,155,121,205,187,176,269,166,129,259,179,206,804,343,461,목동동로12길
2017,2,A,골목상권,1000518,1296,626,670,272,183,162,244,202,233,132,87,86,110,107,104,140,96,76,134,95,129,439,174,265,목동남로4길
2017,2,A,골목상권,1000517,1861,909,952,478,219,238,408,277,241,238,111,117,187,137,119,240,108,121,221,140,122,580,304,276,남부순환로88길
2017,2,A,골목상권,1000516,796,417,379,89,91,106,106,191,213,44,55,64,53,95,106,45,36,42,53,96,107,408,95,313,남부순환로79길
2017,2,A,골목상권,1000515,4883,2440,2443,615,701,632,742,932,1261,293,392,349,368,480,558,322,309,283,374,452,703,2100,0,2100,남부순환로70길
2017,2,A,골목상권,1000514,2190,1095,1095,319,317,326,345,392,491,166,156,184,168,187,234,153,161,142,177,205,257,1024,23,1001,남부순환로58길
2017,2,A,골목상권,1000513,2541,1384,1157,267,284,347,427,520,696,136,143,214,251,299,341,131,141,133,176,221,355,1376,17,1359,남부순환로40길
2017,2,A,골목상권,1000512,3880,1906,1974,510,573,629,575,707,886,240,287,352,275,341,411,270,286,277,300,366,475,1657,105,1552,남부순환로33길
2017,2,A,골목상권,1000511,3911,2021,1890,458,580,517,580,799,977,237,295,299,293,420,477,221,285,218,287,379,500,1740,221,1519,곰달래로5길
2017,2,A,골목상권,1000510,4012,2100,1912,553,517,538,678,785,941,291,287,283,372,416,451,262,230,255,306,369,490,1816,365,1451,곰달래로3길
2017,2,A,골목상권,1000509,3798,1954,1844,592,494,574,636,683,819,301,258,314,342,348,391,291,236,260,294,335,428,1555,97,1458,곰달래로2길
2017,2,A,골목상권,1000508,3414,1738,1676,448,428,577,556,612,793,215,221,321,285,311,385,233,207,256,271,301,408,1613,66,1547,곰달래로10길
2017,2,A,골목상권,1000507,2421,1313,1108,267,298,272,414,518,652,132,163,165,242,305,306,135,135,107,172,213,346,1327,0,1327,가로공원로58길
2017,2,A,골목상권,1000506,3498,1678,1820,426,584,457,609,630,792,209,270,260,289,300,350,217,314,197,320,330,442,1564,74,1490,효창원로93길
2017,2,A,골목상권,1000505,2731,1322,1409,652,284,428,608,356,403,320,133,200,314,172,183,332,151,228,294,184,220,1052,966,86,토정로37길
2017,2,A,골목상권,1000504,1678,762,916,169,293,409,275,218,314,89,128,185,131,96,133,80,165,224,144,122,181,879,27,852,월드컵로8길
2017,2,A,골목상권,1000503,1891,854,1037,242,351,446,284,246,322,113,144,207,131,123,136,129,207,239,153,123,186,957,17,940,월드컵로7길
2017,2,A,골목상권,1000502,3886,1758,2128,492,716,796,682,520,680,246,268,350,341,258,295,246,448,446,341,262,385,2031,137,1894,월드컵로36길
2017,2,A,골목상권,1000501,3130,1519,1611,542,436,558,581,404,609,269,215,271,297,203,264,273,221,287,284,201,345,1276,304,972,월드컵로25길
2017,2,A,골목상권,1000500,1759,826,933,182,324,362,270,231,390,90,157,178,129,116,156,92,167,184,141,115,234,924,0,924,월드컵로19길
2017,2,A,골목상권,1000499,2550,1173,1377,327,429,596,416,336,446,163,188,268,187,173,194,164,241,328,229,163,252,1280,33,1247,월드컵로16길
2017,2,A,골목상권,1000498,2450,1139,1311,284,435,525,384,339,483,152,180,246,195,162,204,132,255,279,189,177,279,1305,18,1287,월드컵로11길
2017,2,A,골목상권,1000497,4132,1911,2221,518,627,748,702,689,848,253,272,328,325,340,393,265,355,420,377,349,455,1990,41,1949,월드컵로10길
2017,2,A,골목상권,1000496,1839,875,964,147,381,454,271,245,341,66,189,236,127,118,139,81,192,218,144,127,202,1022,0,1022,와우산로3길
2017,2,A,골목상권,1000495,826,391,435,79,153,187,154,93,160,39,70,90,75,44,73,40,83,97,79,49,87,465,47,418,와우산로29길
2017,2,A,골목상권,1000494,511,237,274,32,204,112,55,40,68,14,95,56,21,21,30,18,109,56,34,19,38,354,0,354,와우산로29가길
2017,2,A,골목상권,1000493,1384,657,727,129,225,332,203,203,292,76,102,177,107,85,110,53,123,155,96,118,182,727,65,662,양화진길
2017,2,A,골목상권,1000492,2780,1268,1512,367,501,603,460,338,511,167,210,283,227,159,222,200,291,320,233,179,289,1295,61,1234,양화로1길
2017,2,A,골목상권,1000491,781,342,439,73,144,205,126,85,148,37,51,102,53,40,59,36,93,103,73,45,89,410,0,410,양화로11길
2017,2,A,골목상권,1000490,646,322,324,58,86,65,82,127,228,30,45,36,52,63,96,28,41,29,30,64,132,391,0,391,신촌로30길
2017,2,A,골목상권,1000489,428,220,208,25,48,59,58,93,145,12,21,36,33,51,67,13,27,23,25,42,78,259,0,259,신촌로28가길
2017,2,A,골목상권,1000488,1944,937,1007,130,552,436,237,217,372,74,260,221,119,107,156,56,292,215,118,110,216,1282,0,1282,신촌로12길
2017,2,A,골목상권,1000487,2854,1418,1436,344,398,322,456,507,827,178,227,169,233,263,348,166,171,153,223,244,479,1459,85,1374,숭문길
2017,2,A,골목상권,1000486,629,313,316,106,67,141,104,83,128,52,36,73,61,35,56,54,31,68,43,48,72,297,0,297,숭문8길
2017,2,A,골목상권,1000485,1065,486,579,99,213,246,149,139,219,52,84,127,71,65,87,47,129,119,78,74,132,547,0,547,성지3길
2017,2,A,골목상권,1000484,3388,1662,1726,442,508,594,560,539,745,230,239,307,289,261,336,212,269,287,271,278,409,1633,36,1597,성산로4길
2017,2,A,골목상권,1000483,1201,551,650,107,248,332,153,161,200,60,100,154,82,74,81,47,148,178,71,87,119,677,8,669,성미산로32길
2017,2,A,골목상권,1000482,3224,1521,1703,512,461,603,626,425,597,285,211,270,295,199,261,227,250,333,331,226,336,1434,74,1360,성미산로1길
2017,2,A,골목상권,1000481,3767,1797,1970,533,562,736,700,525,711,290,268,338,340,255,306,243,294,398,360,270,405,1687,72,1615,성미산로11길
2017,2,A,골목상권,1000480,1778,868,910,255,259,316,310,257,381,128,127,142,170,130,171,127,132,174,140,127,210,860,257,603,백범로16길
2017,2,A,골목상권,1000479,5633,2734,2899,987,701,1056,1008,786,1095,483,351,502,515,391,492,504,350,554,493,395,603,2323,701,1622,방울내로9안길
2017,2,A,골목상권,1000478,1998,1001,997,291,294,321,361,295,436,156,146,178,189,139,193,135,148,143,172,156,243,882,88,794,모래내로7길
2017,2,A,골목상권,1000477,2998,1518,1480,396,551,596,476,389,590,205,252,327,261,213,260,191,299,269,215,176,330,1604,23,1581,매봉산로2길
2017,2,A,골목상권,1000476,4743,2276,2467,677,685,956,776,717,932,347,339,449,393,337,411,330,346,507,383,380,521,2181,119,2062,망원로2길
2017,2,A,골목상권,1000475,2317,1086,1231,359,343,362,423,336,494,174,154,185,205,164,204,185,189,177,218,172,290,969,172,797,망원로11길
2017,2,A,골목상권,1000474,2698,1309,1389,344,368,487,478,386,635,175,161,251,252,197,273,169,207,236,226,189,362,1338,22,1316,만리재옛길
2017,2,A,골목상권,1000473,873,409,464,119,146,183,126,124,175,61,64,97,60,58,69,58,82,86,66,66,106,429,199,230,마포대로4길
2017,2,A,골목상권,1000472,2129,1033,1096,270,328,437,390,316,388,138,139,216,199,166,175,132,189,221,191,150,213,1158,312,846,마포대로20길
2017,2,A,골목상권,1000471,451,219,232,68,55,72,72,65,119,35,25,38,37,36,48,33,30,34,35,29,71,210,44,166,마포대로12길
2017,2,A,골목상권,1000470,1389,658,731,97,322,350,188,158,274,52,141,171,102,82,110,45,181,179,86,76,164,854,0,854,동교로38길
2017,2,A,골목상권,1000469,2593,1179,1414,278,579,606,399,257,474,139,247,281,179,116,217,139,332,325,220,141,257,1415,9,1406,동교로27길
2017,2,A,골목상권,1000468,1347,608,739,132,303,335,189,166,222,60,126,150,95,79,98,72,177,185,94,87,124,724,23,701,동교로25길
2017,2,A,골목상권,1000467,1864,866,998,217,284,404,398,238,323,100,139,191,189,118,129,117,145,213,209,120,194,984,51,933,동교로19길
2017,2,A,골목상권,1000466,1924,890,1034,236,340,451,339,242,316,133,137,197,177,111,135,103,203,254,162,131,181,989,39,950,동교로17길
2017,2,A,골목상권,1000465,1423,645,778,150,267,350,205,197,254,75,109,158,103,92,108,75,158,192,102,105,146,733,102,631,독막로8길
2017,2,A,골목상권,1000464,2887,1415,1472,404,394,475,456,452,706,205,212,252,220,221,305,199,182,223,236,231,401,1302,127,1175,독막로32길
2017,2,A,골목상권,1000463,1054,497,557,181,152,204,212,125,180,97,62,95,103,58,82,84,90,109,109,67,98,460,134,326,독막로22길
2017,2,A,골목상권,1000462,1058,469,589,140,211,237,171,124,175,66,73,106,83,69,72,74,138,131,88,55,103,606,147,459,도화길
2017,2,A,골목상권,1000461,3901,1839,2062,633,438,610,666,636,918,316,212,293,331,308,379,317,226,317,335,328,539,1649,471,1178,도화4길
2017,2,A,골목상권,1000460,1550,742,808,93,418,223,207,244,365,36,184,105,107,135,175,57,234,118,100,109,190,1037,0,1037,대흥로28길
2017,2,A,골목상권,1000459,3695,1884,1811,325,831,582,511,562,884,178,441,309,276,308,372,147,390,273,235,254,512,2196,18,2178,대흥로21길
2017,2,A,골목상권,1000458,2088,1107,981,256,507,309,334,283,399,140,303,166,176,153,169,116,204,143,158,130,230,1101,9,1092,광성로6길
2017,2,A,골목상권,1000457,3381,1582,1799,529,411,520,569,481,871,257,205,263,281,220,356,272,206,257,288,261,515,1398,25,1373,홍제내길
2017,2,A,골목상권,1000456,1180,621,559,157,137,155,192,200,339,90,74,84,109,112,152,67,63,71,83,88,187,525,41,484,홍연길
2017,2,A,골목상권,1000455,1607,816,791,191,233,202,248,281,452,105,129,108,126,134,214,86,104,94,122,147,238,744,94,650,통일로39길
2017,2,A,골목상권,1000454,1594,717,877,158,191,174,271,301,499,71,85,90,131,134,206,87,106,84,140,167,293,837,17,820,통일로37길
2017,2,A,골목상권,1000453,317,172,145,28,38,45,41,42,123,17,20,27,24,27,57,11,18,18,17,15,66,204,0,204,통일로11길
2017,2,A,골목상권,1000452,726,400,326,39,116,154,103,124,190,16,62,83,70,80,89,23,54,71,33,44,101,494,105,389,충정로6길
2017,2,A,골목상권,1000451,691,340,351,78,102,136,109,96,170,37,54,62,61,46,80,41,48,74,48,50,90,360,0,360,충정로4길
2017,2,A,골목상권,1000450,3240,1599,1641,448,493,502,497,510,790,229,251,270,259,247,343,219,242,232,238,263,447,1464,22,1442,증가로6길
2017,2,A,골목상권,1000449,5208,2498,2710,740,744,793,819,884,1228,372,360,403,397,436,530,368,384,390,422,448,698,2283,42,2241,증가로23나길
2017,2,A,골목상권,1000448,3603,1806,1797,610,635,480,631,581,666,327,320,260,323,271,305,283,315,220,308,310,361,1475,35,1440,증가로20가길
2017,2,A,골목상권,1000447,3860,1898,1962,431,690,531,605,631,972,215,324,299,299,328,433,216,366,232,306,303,539,2069,20,2049,증가로10길
2017,2,A,골목상권,1000446,3887,1873,2014,545,443,681,631,617,970,270,219,334,331,273,446,275,224,347,300,344,524,1786,0,1786,응암로1길
2017,2,A,골목상권,1000445,3235,1758,1477,249,1329,628,337,259,433,139,782,362,165,121,189,110,547,266,172,138,244,2191,22,2169,연희로10길
2017,2,A,골목상권,1000444,765,419,346,49,134,116,113,158,195,23,73,63,64,96,100,26,61,53,49,62,95,452,0,452,신촌로37길
2017,2,A,골목상권,1000443,3848,1867,1981,579,459,669,577,587,977,277,239,333,294,280,444,302,220,336,283,307,533,1560,271,1289,수색로8길
2017,2,A,골목상권,1000442,2968,1414,1554,349,426,372,438,485,898,173,209,197,218,240,377,176,217,175,220,245,521,1410,0,1410,세무서길
2017,2,A,골목상권,1000441,1615,788,827,191,202,208,283,248,483,94,110,108,147,126,203,97,92,100,136,122,280,777,0,777,세무서2길
2017,2,A,골목상권,1000440,1175,564,611,169,131,126,191,195,363,82,55,64,98,112,153,87,76,62,93,83,210,539,131,408,세검정로1길
2017,2,A,골목상권,1000439,3601,1736,1865,354,531,473,587,634,1022,184,270,273,291,312,406,170,261,200,296,322,616,1892,0,1892,북아현로4길
2017,2,A,골목상권,1000438,10667,5141,5526,2497,1190,1688,2045,1446,1801,1226,594,782,1042,698,799,1271,596,906,1003,748,1002,3539,3286,253,모래내로15길
2017,2,A,골목상권,1000437,2391,1164,1227,304,545,329,343,355,515,161,259,173,166,171,234,143,286,156,177,184,281,1269,10,1259,명지대길
2017,2,A,골목상권,1000436,4334,2054,2280,736,553,680,721,609,1035,362,274,356,367,276,419,374,279,324,354,333,616,2002,326,1676,독립문로8길
2017,2,A,골목상권,1000435,2756,1351,1405,381,370,384,472,411,738,196,184,190,253,215,313,185,186,194,219,196,425,1293,0,1293,가재울로6길
2017,2,A,골목상권,1000434,5845,2935,2910,717,961,958,855,1063,1291,394,496,538,437,478,592,323,465,420,418,585,699,2610,66,2544,통일로92길
2017,2,A,골목상권,1000433,1834,876,958,224,288,320,299,265,438,111,129,166,151,126,193,113,159,154,148,139,245,857,14,843,통일로87길
2017,2,A,골목상권,1000432,4494,2145,2349,570,677,756,695,757,1039,283,340,390,335,330,467,287,337,366,360,427,572,2019,57,1962,통일로78길
2017,2,A,골목상권,1000431,1834,870,964,253,241,280,289,300,471,125,113,151,145,133,203,128,128,129,144,167,268,769,0,769,통일로69길
2017,2,A,골목상권,1000430,4263,2059,2204,713,572,699,739,664,876,364,282,320,382,321,390,349,290,379,357,343,486,1660,70,1590,진흥로1길
2017,2,A,골목상권,1000429,5877,2882,2995,750,748,960,955,969,1495,396,385,508,500,456,637,354,363,452,455,513,858,2789,29,2760,진흥로12길
2017,2,A,골목상권,1000428,1850,963,887,276,253,265,268,315,473,151,145,137,155,158,217,125,108,128,113,157,256,743,101,642,증산서길
2017,2,A,골목상권,1000427,2830,1380,1450,421,381,433,456,461,678,205,189,226,228,212,320,216,192,207,228,249,358,1169,38,1131,증산로9길
2017,2,A,골목상권,1000426,2854,1373,1481,407,349,354,480,474,790,200,180,168,244,227,354,207,169,186,236,247,436,1243,168,1075,증산로5길
2017,2,A,골목상권,1000425,5315,2581,2734,785,754,911,887,803,1175,412,380,467,431,365,526,373,374,444,456,438,649,2225,171,2054,증산로21길
2017,2,A,골목상권,1000424,2119,1032,1087,282,293,330,329,324,561,137,146,175,160,161,253,145,147,155,169,163,308,931,73,858,증산로17길
2017,2,A,골목상권,1000423,2533,1249,1284,350,307,353,423,415,685,173,162,183,227,201,303,177,145,170,196,214,382,1144,4,1140,증산로15길
2017,2,A,골목상권,1000422,2051,1066,985,222,275,259,314,413,568,119,150,142,164,220,271,103,125,117,150,193,297,939,0,939,증산로13길
2017,2,A,골목상권,1000421,2768,1342,1426,480,333,443,505,393,614,258,160,214,252,183,275,222,173,229,253,210,339,1152,57,1095,응암로34길
2017,2,A,골목상권,1000420,1817,891,926,223,215,209,285,321,564,121,120,109,150,149,242,102,95,100,135,172,322,882,4,878,응암로22길
2017,2,A,골목상권,1000419,1965,982,983,241,243,264,326,348,543,125,134,134,173,187,229,116,109,130,153,161,314,940,0,940,응암로14길
2017,2,A,골목상권,1000418,1761,882,879,183,256,318,282,274,448,107,118,172,142,140,203,76,138,146,140,134,245,920,9,911,응암로13길
2017,2,A,골목상권,1000417,1549,776,773,192,198,169,235,283,472,103,109,89,122,138,215,89,89,80,113,145,257,728,0,728,응암로12길
2017,2,A,골목상권,1000416,3560,1722,1838,656,467,678,654,447,658,342,224,333,337,210,276,314,243,345,317,237,382,1572,111,1461,은평로8길
2017,2,A,골목상권,1000415,2407,1100,1307,383,329,392,428,355,520,188,154,186,202,155,215,195,175,206,226,200,305,1022,23,999,은평로3길
2017,2,A,골목상권,1000414,492,243,249,37,69,51,90,101,144,21,37,27,48,50,60,16,32,24,42,51,84,256,7,249,은평로20길
2017,2,A,골목상권,1000413,3197,1514,1683,496,374,512,561,496,758,250,170,256,269,228,341,246,204,256,292,268,417,1357,0,1357,은평로13길
2017,2,A,골목상권,1000412,3054,1501,1553,478,393,456,547,478,702,262,193,243,277,222,304,216,200,213,270,256,398,1272,8,1264,은평로10길
2017,2,A,골목상권,1000411,2767,1323,1444,477,391,446,468,450,535,243,175,235,227,207,236,234,216,211,241,243,299,1094,74,1020,연서로5길
2017,2,A,골목상권,1000410,4002,1939,2063,540,497,540,692,711,1022,267,267,273,351,322,459,273,230,267,341,389,563,1833,7,1826,연서로41길
2017,2,A,골목상권,1000409,3689,1748,1941,660,526,658,606,529,710,331,253,314,302,235,313,329,273,344,304,294,397,1467,40,1427,연서로3길
2017,2,A,골목상권,1000408,2918,1363,1555,386,400,431,435,496,770,185,201,218,217,224,318,201,199,213,218,272,452,1286,0,1286,연서로34길
2017,2,A,골목상권,1000407,2134,1069,1065,217,292,294,309,369,653,118,154,167,156,184,290,99,138,127,153,185,363,1010,0,1010,연서로33길
2017,2,A,골목상권,1000406,1082,512,570,129,172,227,162,169,223,64,78,118,76,77,99,65,94,109,86,92,124,515,0,515,연서로29길
2017,2,A,골목상권,1000405,3706,1760,1946,412,646,652,561,570,865,187,299,339,279,266,390,225,347,313,282,304,475,1894,26,1868,연서로28길
2017,2,A,골목상권,1000404,3056,1423,1633,391,456,469,511,512,717,197,206,236,243,235,306,194,250,233,268,277,411,1427,19,1408,연서로27길
2017,2,A,골목상권,1000403,4437,2096,2341,756,601,729,800,654,897,375,288,380,365,298,390,381,313,349,435,356,507,1797,31,1766,연서로21길
2017,2,A,골목상권,1000402,2333,1134,1199,328,333,359,392,415,506,161,164,189,197,194,229,167,169,170,195,221,277,1002,16,986,연서로17길
2017,2,A,골목상권,1000401,4709,2230,2479,716,611,699,792,820,1071,357,291,339,391,379,473,359,320,360,401,441,598,1979,40,1939,연서로16길
2017,2,A,골목상권,1000400,4001,1901,2100,633,566,615,716,635,836,313,248,314,338,321,367,320,318,301,378,314,469,1572,44,1528,연서로13길
2017,2,A,골목상권,1000399,3955,1893,2062,741,518,647,699,583,767,358,257,324,337,275,342,383,261,323,362,308,425,1443,79,1364,연서로11길
2017,2,A,골목상권,1000398,5800,2804,2996,849,753,950,993,930,1325,409,371,494,503,451,576,440,382,456,490,479,749,2596,10,2586,역말로9길
2017,2,A,골목상권,1000397,2334,1176,1158,253,314,266,375,452,674,137,172,148,199,245,275,116,142,118,176,207,399,1110,25,1085,수색로18길
2017,2,A,골목상권,1000396,2718,1294,1424,326,370,419,437,457,709,158,184,212,224,216,300,168,186,207,213,241,409,1299,0,1299,서오릉로8길
2017,2,A,골목상권,1000395,3956,1901,2055,638,540,598,621,656,903,306,288,297,300,301,409,332,252,301,321,355,494,1501,265,1236,서오릉로21길
2017,2,A,골목상권,1000394,5255,2578,2677,685,682,838,880,863,1307,343,347,461,454,424,549,342,335,377,426,439,758,2579,40,2539,불광천길
2017,2,A,골목상권,1000393,2655,1295,1360,438,351,383,470,432,581,238,179,186,235,191,266,200,172,197,235,241,315,1053,12,1041,갈현로7길
2017,2,A,골목상권,1000392,3225,1586,1639,430,437,391,535,576,856,241,237,205,263,273,367,189,200,186,272,303,489,1514,0,1514,갈현로41길
2017,2,A,골목상권,1000391,3694,1803,1891,665,576,515,620,601,717,346,296,276,278,280,327,319,280,239,342,321,390,1512,20,1492,갈현로33길
2017,2,A,골목상권,1000390,2390,1152,1238,411,312,388,417,392,470,193,152,207,208,199,193,218,160,181,209,193,277,917,165,752,갈현로1길
2017,2,A,골목상권,1000389,3691,1816,1875,531,510,464,583,648,955,281,255,250,289,317,424,250,255,214,294,331,531,1606,111,1495,가좌로7길
2017,2,A,골목상권,1000388,4114,2049,2065,546,554,471,695,692,1156,273,299,269,357,346,505,273,255,202,338,346,651,1954,31,1923,한글비석로44길
2017,2,A,골목상권,1000387,2461,1251,1210,283,352,316,343,449,718,149,194,183,167,230,328,134,158,133,176,219,390,1169,0,1169,한글비석로24길
2017,2,A,골목상권,1000386,1858,955,903,326,274,206,323,331,398,171,143,107,157,174,203,155,131,99,166,157,195,709,262,447,한글비석로22길
2017,2,A,골목상권,1000385,2654,1353,1301,339,350,347,398,434,786,185,187,182,208,223,368,154,163,165,190,211,418,1177,253,924,석계로1길
2017,2,A,골목상권,1000384,2602,1338,1264,332,358,337,398,450,727,184,194,186,205,235,334,148,164,151,193,215,393,1285,0,1285,상계로9가길
2017,2,A,골목상권,1000383,1227,627,600,223,189,195,215,196,209,118,102,103,104,91,109,105,87,92,111,105,100,450,295,155,상계로1길
2017,2,A,골목상권,1000382,3624,1785,1839,448,612,464,575,627,898,230,314,262,288,300,391,218,298,202,287,327,507,1665,251,1414,상계로12길
2017,2,A,골목상권,1000381,2052,1008,1044,285,307,285,284,378,513,149,159,145,135,184,236,136,148,140,149,194,277,865,84,781,동일로242길
2017,2,A,골목상권,1000380,2815,1448,1367,291,832,420,307,422,543,137,443,222,172,211,263,154,389,198,135,211,280,1612,71,1541,동일로192길
2017,2,A,골목상권,1000379,3728,1877,1851,579,559,651,535,586,818,297,284,343,297,264,392,282,275,308,238,322,426,1499,392,1107,동일로173가길
2017,2,A,골목상권,1000378,1551,765,786,283,324,161,232,273,278,150,169,79,97,136,134,133,155,82,135,137,144,644,17,627,공릉로58길
2017,2,A,골목상권,1000377,2232,1070,1162,318,375,304,348,432,455,165,183,148,154,203,217,153,192,156,194,229,238,905,323,582,해등로16길
2017,2,A,골목상권,1000376,2367,1190,1177,352,336,281,378,426,594,185,183,149,176,230,267,167,153,132,202,196,327,1040,27,1013,우이천로4다길
2017,2,A,골목상권,1000375,3082,1491,1591,531,412,453,545,481,660,255,215,233,261,238,289,276,197,220,284,243,371,1222,192,1030,우이천로32길
2017,2,A,골목상권,1000374,3614,1882,1732,406,495,415,582,712,1004,225,269,226,312,374,476,181,226,189,270,338,528,1687,0,1687,시루봉로23길
2017,2,A,골목상권,1000373,975,455,520,148,143,129,174,130,251,92,43,64,79,68,109,56,100,65,95,62,142,478,0,478,삼양로144길
2017,2,A,골목상권,1000372,2272,1131,1141,271,335,290,362,459,555,129,175,165,186,235,241,142,160,125,176,224,314,1046,36,1010,방학로6가길
2017,2,A,골목상권,1000371,3894,1933,1961,563,516,568,560,657,1030,295,266,305,288,315,464,268,250,263,272,342,566,1707,43,1664,방학로5길
2017,2,A,골목상권,1000370,3908,1935,1973,830,526,459,725,679,689,416,289,234,324,335,337,414,237,225,401,344,352,1208,1076,132,방학로15길
2017,2,A,골목상권,1000369,1965,970,995,283,284,252,329,377,440,144,158,141,154,181,192,139,126,111,175,196,248,803,9,794,방학로10길
2017,2,A,골목상권,1000368,1760,904,856,188,223,225,265,324,535,101,118,120,151,162,252,87,105,105,114,162,283,771,185,586,도봉산길
2017,2,A,골목상권,1000367,385,205,180,20,55,49,49,83,129,12,29,31,32,44,57,8,26,18,17,39,72,217,0,217,도봉산4길
2017,2,A,골목상권,1000366,2041,1022,1019,272,247,269,290,346,617,139,131,156,150,168,278,133,116,113,140,178,339,876,15,861,도봉로181길
2017,2,A,골목상권,1000365,3051,1544,1507,328,329,435,441,562,956,168,171,237,235,281,452,160,158,198,206,281,504,1455,260,1195,도봉로169나길
2017,2,A,골목상권,1000364,1433,774,659,149,172,178,221,289,424,69,97,100,132,163,213,80,75,78,89,126,211,711,0,711,도봉로156길
2017,2,A,골목상권,1000363,716,379,337,65,87,88,78,164,234,36,49,54,44,91,105,29,38,34,34,73,129,389,0,389,도봉로152가길
2017,2,A,골목상권,1000362,3592,1776,1816,443,494,448,553,695,959,235,237,233,295,352,424,208,257,215,258,343,535,1788,0,1788,도봉로147길
2017,2,A,골목상권,1000361,1834,913,921,225,266,239,270,356,478,119,134,123,137,172,228,106,132,116,133,184,250,781,89,692,도봉로143길
2017,2,A,골목상권,1000360,5033,2428,2605,497,783,761,839,896,1257,236,384,403,433,431,541,261,399,358,406,465,716,2586,179,2407,도봉로114길
2017,2,A,골목상권,1000359,2676,1320,1356,368,351,458,421,400,678,185,183,235,212,197,308,183,168,223,209,203,370,1201,114,1087,도봉로109길
2017,2,A,골목상권,1000358,2948,1486,1462,336,417,338,502,515,840,179,206,179,256,268,398,157,211,159,246,247,442,1387,7,1380,도당로29길
2017,2,A,골목상권,1000357,3987,2058,1929,547,515,465,704,675,1081,275,275,249,374,379,506,272,240,216,330,296,575,1848,0,1848,도당로19길
2017,2,A,골목상권,1000356,3554,1825,1729,553,495,470,572,647,817,296,287,262,284,325,371,257,208,208,288,322,446,1515,8,1507,도당로13바길
2017,2,A,골목상권,1000355,1783,918,865,192,259,225,271,364,472,111,135,126,143,186,217,81,124,99,128,178,255,833,0,833,도당로13가길
2017,2,A,골목상권,1000354,2724,1337,1387,410,401,367,427,468,651,214,203,197,205,224,294,196,198,170,222,244,357,1177,0,1177,덕릉로60길
2017,2,A,골목상권,1000353,1913,958,955,277,263,295,296,340,442,155,128,145,144,162,224,122,135,150,152,178,218,747,380,367,노해로63다길
2017,2,A,골목상권,1000352,1845,912,933,181,347,344,261,308,404,98,155,180,143,144,192,83,192,164,118,164,212,976,41,935,노해로60길
2017,2,A,골목상권,1000351,1707,822,885,155,304,303,244,285,416,84,147,161,126,123,181,71,157,142,118,162,235,965,8,957,한천로140길
2017,2,A,골목상권,1000350,1562,729,833,131,297,260,225,239,410,56,141,136,110,106,180,75,156,124,115,133,230,821,0,821,한천로139가길
2017,2,A,골목상권,1000349,1807,908,899,191,292,334,306,292,392,100,141,178,159,139,191,91,151,156,147,153,201,957,0,957,한천로132길
2017,2,A,골목상권,1000348,3152,1566,1586,435,446,449,537,545,740,242,230,219,272,280,323,193,216,230,265,265,417,1488,23,1465,한천로130길
2017,2,A,골목상권,1000347,2152,1070,1082,249,308,320,359,348,568,130,146,168,200,189,237,119,162,152,159,159,331,1139,124,1015,한천로124나길
2017,2,A,골목상권,1000346,3029,1463,1566,559,403,413,507,504,643,298,198,192,249,229,297,261,205,221,258,275,346,1048,420,628,한천로109길
2017,2,A,골목상권,1000345,2756,1403,1353,376,331,356,446,497,750,191,178,200,229,248,357,185,153,156,217,249,393,1267,22,1245,인수봉로79길
2017,2,A,골목상권,1000344,4191,2003,2188,601,590,579,595,730,1096,291,303,307,278,338,486,310,287,272,317,392,610,1618,449,1169,인수봉로72길
2017,2,A,골목상권,1000343,1907,901,1006,285,264,251,315,311,481,140,139,125,161,125,211,145,125,126,154,186,270,815,0,815,인수봉로56길
2017,2,A,골목상권,1000342,2096,1029,1067,177,365,399,375,329,451,89,169,206,193,160,212,88,196,193,182,169,239,1184,4,1180,오패산로67길
2017,2,A,골목상권,1000341,2963,1455,1508,380,413,381,470,482,837,204,217,208,245,208,373,176,196,173,225,274,464,1281,0,1281,오패산로52길
2017,2,A,골목상권,1000340,1411,703,708,206,173,203,223,215,391,106,95,106,119,101,176,100,78,97,104,114,215,602,0,602,오패산로30길
2017,2,A,골목상권,1000339,3349,1647,1702,365,593,589,486,511,805,189,277,321,252,240,368,176,316,268,234,271,437,1710,56,1654,수유로12길
2017,2,A,골목상권,1000338,2921,1440,1481,371,422,433,455,532,708,185,205,237,229,250,334,186,217,196,226,282,374,1300,0,1300,솔샘로65길
2017,2,A,골목상권,1000337,2143,1037,1106,297,319,301,374,335,517,156,146,157,188,158,232,141,173,144,186,177,285,1016,0,1016,솔매로50길
2017,2,A,골목상권,1000336,2096,1013,1083,238,331,299,323,374,531,133,150,146,155,194,235,105,181,153,168,180,296,1041,7,1034,솔매로45길
2017,2,A,골목상권,1000335,3396,1660,1736,394,509,460,518,639,876,205,255,258,258,298,386,189,254,202,260,341,490,1615,8,1607,솔매로41길
2017,2,A,골목상권,1000334,3121,1541,1580,462,421,389,504,537,808,239,213,214,250,252,373,223,208,175,254,285,435,1338,0,1338,삼양로93길
2017,2,A,골목상권,1000333,3282,1664,1618,461,425,478,494,549,875,242,241,252,262,267,400,219,184,226,232,282,475,1406,6,1400,삼양로77길
2017,2,A,골목상권,1000332,3730,1823,1907,461,513,556,567,672,961,236,245,290,293,342,417,225,268,266,274,330,544,1722,0,1722,삼양로54길
2017,2,A,골목상권,1000331,4437,2232,2205,523,584,517,683,827,1303,279,307,283,359,437,567,244,277,234,324,390,736,2110,33,2077,삼양로41길
2017,2,A,골목상권,1000330,1393,683,710,325,150,241,303,181,193,165,84,115,153,87,79,160,66,126,150,94,114,494,323,171,삼양로27길
2017,2,A,골목상권,1000329,3362,1696,1666,338,369,413,508,637,1097,169,200,237,267,321,502,169,169,176,241,316,595,1687,223,1464,삼양로24길
2017,2,A,골목상권,1000328,2204,1121,1083,256,341,225,343,431,608,132,198,128,176,214,273,124,143,97,167,217,335,1048,0,1048,삼양로20길
2017,2,A,골목상권,1000327,3849,1894,1955,441,627,677,560,671,873,232,321,371,264,312,394,209,306,306,296,359,479,1728,58,1670,삼각산로28길
2017,2,A,골목상권,1000326,2281,1127,1154,241,383,379,339,410,529,124,213,205,166,197,222,117,170,174,173,213,307,1090,0,1090,도봉로99길
2017,2,A,골목상권,1000325,249,125,124,21,23,41,54,44,66,10,11,23,34,23,24,11,12,18,20,21,42,145,0,145,도봉로8길
2017,2,A,골목상권,1000324,3549,1638,1911,335,712,606,491,575,830,140,263,314,261,282,378,195,449,292,230,293,452,2016,440,1576,도봉로76길
2017,2,A,골목상권,1000323,1667,806,861,197,217,251,222,286,494,105,99,130,114,132,226,92,118,121,108,154,268,825,0,825,도봉로67길
2017,2,A,골목상권,1000322,3400,1641,1759,429,479,551,562,554,825,219,212,294,291,244,381,210,267,257,271,310,444,1589,33,1556,도봉로45길
2017,2,A,골목상권,1000321,3095,1548,1547,365,389,440,490,571,840,191,194,257,250,275,381,174,195,183,240,296,459,1368,49,1319,도봉로18길
2017,2,A,골목상권,1000320,1753,869,884,189,239,239,245,348,493,94,132,137,117,171,218,95,107,102,128,177,275,834,0,834,도봉로13길
2017,2,A,골목상권,1000319,2376,1135,1241,209,472,412,352,363,568,102,216,223,177,165,252,107,256,189,175,198,316,1295,0,1295,덕릉로41길
2017,2,A,골목상권,1000318,2060,1032,1028,307,268,305,339,363,478,166,115,149,192,181,229,141,153,156,147,182,249,869,0,869,덕릉로40길
2017,2,A,골목상권,1000317,2520,1220,1300,308,351,351,378,441,691,162,194,189,178,206,291,146,157,162,200,235,400,1123,0,1123,노해로33길
2017,2,A,골목상권,1000316,1380,669,711,207,186,212,240,227,308,100,93,119,122,97,138,107,93,93,118,130,170,578,0,578,노해로23길
2017,2,A,골목상권,1000315,2743,1369,1374,352,415,405,453,460,658,182,214,216,241,221,295,170,201,189,212,239,363,1222,0,1222,노해로17길
2017,2,A,골목상권,1000314,2097,1088,1009,245,272,320,378,378,504,134,139,174,197,200,244,111,133,146,181,178,260,1060,0,1060,화랑로40길
2017,2,A,골목상권,1000313,3479,1734,1745,418,530,446,583,586,916,235,266,228,313,291,401,183,264,218,270,295,515,1674,0,1674,화랑로32길
2017,2,A,골목상권,1000312,2759,1395,1364,378,306,402,461,456,756,192,162,212,259,235,335,186,144,190,202,221,421,1238,81,1157,화랑로1길
2017,2,A,골목상권,1000311,2419,1230,1189,324,315,289,387,459,645,160,179,157,201,235,298,164,136,132,186,224,347,1035,11,1024,화랑로19길
2017,2,A,골목상권,1000310,1416,712,704,164,303,194,207,242,306,85,159,104,116,120,128,79,144,90,91,122,178,702,0,702,화랑로14길
2017,2,A,골목상권,1000309,1212,535,677,137,319,182,154,169,251,62,104,100,78,85,106,75,215,82,76,84,145,648,38,610,화랑로13길
2017,2,A,골목상권,1000308,1837,916,921,213,294,282,282,325,441,105,152,146,149,152,212,108,142,136,133,173,229,844,1,843,한천로76길
2017,2,A,골목상권,1000307,1625,820,805,333,164,209,328,246,345,150,94,106,166,137,167,183,70,103,162,109,178,620,202,418,한천로101가길
2017,2,A,골목상권,1000306,1352,595,757,136,335,264,191,182,244,66,148,103,91,92,95,70,187,161,100,90,149,786,0,786,창경궁로43길
2017,2,A,골목상권,1000305,2728,1386,1342,309,491,462,439,424,603,161,254,260,230,204,277,148,237,202,209,220,326,1353,0,1353,지봉로20길
2017,2,A,골목상권,1000304,2508,1379,1129,267,741,431,296,273,500,126,468,267,150,139,229,141,273,164,146,134,271,1455,150,1305,종암로5길
2017,2,A,골목상권,1000303,2186,1093,1093,377,253,394,357,326,479,200,137,202,188,161,205,177,116,192,169,165,274,896,447,449,종암로24가길
2017,2,A,골목상권,1000302,1720,830,890,318,251,255,308,257,331,153,127,122,158,124,146,165,124,133,150,133,185,707,294,413,종암로21길
2017,2,A,골목상권,1000301,1746,851,895,247,269,258,284,278,410,121,144,133,138,131,184,126,125,125,146,147,226,748,175,573,종암로19길
2017,2,A,골목상권,1000300,3429,1649,1780,388,449,400,497,588,1107,232,227,201,226,299,464,156,222,199,271,289,643,1804,81,1723,종암로16길
2017,2,A,골목상권,1000299,1771,916,855,206,344,283,218,274,446,107,191,160,120,144,194,99,153,123,98,130,252,923,29,894,정릉로8길
2017,2,A,골목상권,1000298,3657,1811,1846,586,451,526,586,561,947,311,250,283,283,274,410,275,201,243,303,287,537,1538,0,1538,정릉로27길
2017,2,A,골목상권,1000297,1864,915,949,284,193,251,338,305,493,159,101,110,174,154,217,125,92,141,164,151,276,821,0,821,정릉로26길
2017,2,A,골목상권,1000296,2296,1183,1113,242,311,279,350,432,682,116,152,154,194,228,339,126,159,125,156,204,343,1058,0,1058,장위로50길
2017,2,A,골목상권,1000295,2084,969,1115,224,458,273,291,316,522,105,170,147,161,159,227,119,288,126,130,157,295,1092,270,822,장월로1길
2017,2,A,골목상권,1000294,1011,498,513,156,141,181,177,141,215,74,79,81,91,74,99,82,62,100,86,67,116,444,0,444,인촌로6길
2017,2,A,골목상권,1000293,1510,664,846,144,468,260,195,172,271,74,166,123,95,84,122,70,302,137,100,88,149,885,0,885,인촌로5길
2017,2,A,골목상권,1000292,672,390,282,47,251,114,60,79,121,26,136,79,37,47,65,21,115,35,23,32,56,478,0,478,인촌로24길
2017,2,A,골목상권,1000291,1098,562,536,86,592,140,75,67,138,42,311,83,38,32,56,44,281,57,37,35,82,848,0,848,개운사길
2017,2,A,골목상권,1000290,1169,582,587,105,255,194,174,172,269,53,114,103,104,90,118,52,141,91,70,82,151,675,0,675,인촌로1길
2017,2,A,골목상권,1000289,1650,803,847,165,523,244,241,177,300,91,270,109,111,93,129,74,253,135,130,84,171,966,0,966,인촌로17가길
2017,2,A,골목상권,1000288,3041,1470,1571,365,581,438,436,476,745,164,241,235,244,244,342,201,340,203,192,232,403,1454,0,1454,오패산로4길
2017,2,A,골목상권,1000287,3512,1746,1766,487,440,463,518,593,1011,241,235,251,283,276,460,246,205,212,235,317,551,1479,130,1349,오패산로3길
2017,2,A,골목상권,1000286,1739,865,874,189,215,230,267,326,512,101,114,114,147,165,224,88,101,116,120,161,288,853,0,853,오패산로19길
2017,2,A,골목상권,1000285,2218,1115,1103,245,435,388,358,342,450,122,231,212,182,175,193,123,204,176,176,167,257,1150,26,1124,안암로5길
2017,2,A,골목상권,1000284,3043,1341,1702,294,844,593,366,343,603,144,334,275,167,162,259,150,510,318,199,181,344,1768,14,1754,아리랑로4길
2017,2,A,골목상권,1000283,1891,929,962,270,288,266,271,305,491,134,148,146,138,158,205,136,140,120,133,147,286,806,14,792,솔샘로6길
2017,2,A,골목상권,1000282,1605,799,806,266,251,222,292,256,318,141,140,106,142,128,142,125,111,116,150,128,176,638,135,503,성북로8길
2017,2,A,골목상권,1000281,1149,572,577,120,148,140,169,196,376,57,83,84,90,101,157,63,65,56,79,95,219,562,1,561,삼양로8길
2017,2,A,골목상권,1000280,1947,990,957,277,292,277,319,325,457,146,163,158,166,158,199,131,129,119,153,167,258,914,0,914,삼선교로16가길
2017,2,A,골목상권,1000279,2299,1155,1144,245,409,349,351,374,571,128,225,182,186,182,252,117,184,167,165,192,319,1170,0,1170,삼선교로10다길
2017,2,A,골목상권,1000278,2368,1108,1260,283,468,401,335,346,535,145,224,199,162,142,236,138,244,202,173,204,299,1185,0,1185,삼선교로10길
2017,2,A,골목상권,1000277,1262,443,819,85,462,306,135,105,169,36,101,128,63,44,71,49,361,178,72,61,98,886,0,886,보문로32길
2017,2,A,골목상권,1000276,2993,1385,1608,372,646,530,455,396,594,203,272,252,226,189,243,169,374,278,229,207,351,1572,22,1550,보문로31길
2017,2,A,골목상권,1000275,1267,602,665,114,352,224,172,161,244,55,168,122,79,83,95,59,184,102,93,78,149,729,0,729,보문로26길
2017,2,A,골목상권,1000274,2542,1237,1305,269,404,391,440,428,610,140,194,213,215,199,276,129,210,178,225,229,334,1317,0,1317,보문로13길
2017,2,A,골목상권,1000273,3045,1497,1548,481,417,452,516,473,706,251,215,230,267,221,313,230,202,222,249,252,393,1255,0,1255,보국문로16길
2017,2,A,골목상권,1000272,296,140,156,31,40,37,41,52,95,16,20,18,22,26,38,15,20,19,19,26,57,158,0,158,동소문로6길
2017,2,A,골목상권,1000271,401,207,194,35,64,50,65,66,121,20,29,33,35,35,55,15,35,17,30,31,66,226,0,226,동소문로2길
2017,2,A,골목상권,1000270,2334,937,1397,168,671,410,327,243,515,71,203,168,172,105,218,97,468,242,155,138,297,1544,0,1544,동소문로26가길
2017,2,A,골목상권,1000269,1164,497,667,140,277,216,181,133,217,73,92,100,87,60,85,67,185,116,94,73,132,637,0,637,동소문로15길
2017,2,A,골목상권,1000268,2873,1322,1551,471,518,422,457,435,570,234,227,198,203,211,249,237,291,224,254,224,321,1249,417,832,동소문로13길
2017,2,A,골목상권,1000267,1384,712,672,166,181,168,193,280,396,91,95,94,109,147,176,75,86,74,84,133,220,638,0,638,돌곶이로8길
2017,2,A,골목상권,1000266,1980,1005,975,309,253,269,328,341,480,171,130,151,160,174,219,138,123,118,168,167,261,819,0,819,돌곶이로41길
2017,2,A,골목상권,1000265,1937,1042,895,217,266,267,320,354,513,123,136,149,188,192,254,94,130,118,132,162,259,883,131,752,돌곶이로28길
2017,2,A,골목상권,1000264,3196,1614,1582,395,404,393,519,597,888,210,206,219,261,313,405,185,198,174,258,284,483,1439,0,1439,돌곶이로27길
2017,2,A,골목상권,1000263,1169,580,589,156,175,172,169,218,279,76,87,96,83,105,133,80,88,76,86,113,146,566,0,566,돌곶이로22길
2017,2,A,골목상권,1000262,1390,688,702,195,181,168,232,260,354,102,79,85,124,136,162,93,102,83,108,124,192,615,0,615,돌곶이로14길
2017,2,A,골목상권,1000261,307,159,148,18,25,32,42,55,135,8,13,18,24,32,64,10,12,14,18,23,71,185,0,185,길음로7길
2017,2,A,골목상권,1000260,2670,1366,1304,333,356,414,460,478,629,177,170,238,249,251,281,156,186,176,211,227,348,1291,85,1206,중랑천로10길
2017,2,A,골목상권,1000259,3368,1747,1621,436,485,448,538,668,793,219,261,254,297,335,381,217,224,194,241,333,412,1493,61,1432,용마산로94길
2017,2,A,골목상권,1000258,2044,1089,955,184,246,250,321,458,585,98,125,153,178,254,281,86,121,97,143,204,304,1201,0,1201,용마산로118길
2017,2,A,골목상권,1000257,2711,1367,1344,375,368,357,389,536,686,193,186,185,194,277,332,182,182,172,195,259,354,1173,171,1002,용마산로112길
2017,2,A,골목상권,1000256,3168,1618,1550,510,436,440,523,571,688,257,231,235,256,316,323,253,205,205,267,255,365,1412,0,1412,용마산로100길
2017,2,A,골목상권,1000255,2668,1306,1362,586,322,428,485,406,441,301,166,214,228,207,190,285,156,214,257,199,251,964,479,485,신내로7가길
2017,2,A,골목상권,1000254,3133,1536,1597,337,488,559,505,512,732,181,233,298,271,233,320,156,255,261,234,279,412,1667,0,1667,사가정로54길
2017,2,A,골목상권,1000253,3285,1622,1663,511,445,464,510,594,761,259,226,236,260,284,357,252,219,228,250,310,404,1342,526,816,사가정로42길
2017,2,A,골목상권,1000252,4791,2342,2449,858,649,683,790,808,1003,432,348,350,397,366,449,426,301,333,393,442,554,1731,446,1285,봉화산로56길
2017,2,A,골목상권,1000251,4603,2439,2164,462,595,681,736,950,1179,259,311,386,401,520,562,203,284,295,335,430,617,2345,0,2345,봉화산로4길
2017,2,A,골목상권,1000250,3131,1565,1566,432,451,557,453,543,695,216,230,299,228,278,314,216,221,258,225,265,381,1443,0,1443,봉화산로30길
2017,2,A,골목상권,1000249,2061,1028,1033,197,337,388,279,376,484,96,169,209,150,181,223,101,168,179,129,195,261,1051,0,1051,봉우재로33길
2017,2,A,골목상권,1000248,5426,2705,2721,676,808,873,841,971,1257,343,412,477,437,473,563,333,396,396,404,498,694,2589,20,2569,면목로78길
2017,2,A,골목상권,1000247,2889,1464,1425,338,461,398,489,573,630,177,250,217,260,272,288,161,211,181,229,301,342,1347,37,1310,면목로56길
2017,2,A,골목상권,1000246,2003,1001,1002,303,274,306,360,369,391,147,139,159,180,187,189,156,135,147,180,182,202,925,23,902,면목로55길
2017,2,A,골목상권,1000245,2923,1451,1472,311,372,514,499,514,713,177,167,268,273,251,315,134,205,246,226,263,398,1584,0,1584,면목로49길
2017,2,A,골목상권,1000244,3428,1665,1763,412,575,581,545,609,706,213,263,306,285,291,307,199,312,275,260,318,399,1661,7,1654,면목로48길
2017,2,A,골목상권,1000243,1504,763,741,148,242,257,246,253,358,68,125,135,141,137,157,80,117,122,105,116,201,766,0,766,면목로45길
2017,2,A,골목상권,1000242,2745,1389,1356,438,369,378,488,454,618,235,182,200,252,239,281,203,187,178,236,215,337,1235,0,1235,면목로33길
2017,2,A,골목상권,1000241,1883,949,934,265,261,303,312,331,411,140,144,144,170,165,186,125,117,159,142,166,225,845,0,845,면목로21길
2017,2,A,골목상권,1000240,1536,791,745,197,228,169,261,269,412,96,124,99,134,134,204,101,104,70,127,135,208,740,0,740,망우로73길
2017,2,A,골목상권,1000239,2404,1269,1135,308,356,313,375,496,556,165,214,169,194,246,281,143,142,144,181,250,275,1158,23,1135,망우로68길
2017,2,A,골목상권,1000238,3725,1873,1852,469,573,701,565,665,752,240,272,397,271,340,353,229,301,304,294,325,399,1822,22,1800,동일로163길
2017,2,A,골목상권,1000237,2556,1249,1307,260,411,469,401,429,586,128,183,253,225,205,255,132,228,216,176,224,331,1361,0,1361,동일로157길
2017,2,A,골목상권,1000236,2824,1410,1414,446,381,470,451,487,589,246,175,252,230,245,262,200,206,218,221,242,327,1250,76,1174,동일로149길
2017,2,A,골목상권,1000235,2399,1246,1153,315,361,421,329,444,529,178,200,225,179,223,241,137,161,196,150,221,288,1031,15,1016,동일로140길
2017,2,A,골목상권,1000234,2915,1489,1426,262,376,366,466,640,805,135,172,205,248,346,383,127,204,161,218,294,422,1553,0,1553,동일로139길
2017,2,A,골목상권,1000233,1863,959,904,252,276,262,297,366,410,140,146,134,169,181,189,112,130,128,128,185,221,821,142,679,동일로139가길
2017,2,A,골목상권,1000232,3492,1667,1825,495,548,592,479,632,746,228,282,297,237,288,335,267,266,295,242,344,411,1509,0,1509,동일로130길
2017,2,A,골목상권,1000231,2650,1345,1305,289,371,337,404,576,673,162,202,166,208,298,309,127,169,171,196,278,364,1352,0,1352,동일로123길
2017,2,A,골목상권,1000230,4456,2197,2259,438,818,893,654,733,920,232,388,455,348,345,429,206,430,438,306,388,491,2436,9,2427,동일로112길
2017,2,A,골목상권,1000229,3136,1553,1583,497,406,402,576,584,671,218,201,214,303,305,312,279,205,188,273,279,359,1396,146,1250,동일로101길
2017,2,A,골목상권,1000228,5416,2761,2655,711,795,886,802,1012,1210,384,400,494,408,509,566,327,395,392,394,503,644,2421,71,2350,동일로100길
2017,2,A,골목상권,1000227,1934,954,980,275,297,300,318,362,382,146,133,166,155,186,168,129,164,134,163,176,214,866,18,848,답십리로75길
2017,2,A,골목상권,1000226,4686,2264,2422,590,694,853,728,712,1109,293,344,416,379,326,506,297,350,437,349,386,603,2174,427,1747,공릉로2길
2017,2,A,골목상권,1000225,1232,617,615,239,163,167,218,213,232,129,92,83,104,104,105,110,71,84,114,109,127,501,70,431,공릉로12가길
2017,2,A,골목상권,1000224,5152,2587,2565,670,824,868,844,949,997,347,429,452,425,479,455,323,395,416,419,470,542,2290,16,2274,겸재로54길
2017,2,A,골목상권,1000223,4268,2129,2139,474,598,672,735,763,1026,244,284,350,364,397,490,230,314,322,371,366,536,2321,35,2286,겸재로36길
2017,2,A,골목상권,1000222,2305,1170,1135,244,372,378,364,425,522,126,180,192,199,232,241,118,192,186,165,193,281,1203,21,1182,겸재로29길
2017,2,A,골목상권,1000221,3616,1814,1802,354,692,573,566,586,845,177,356,322,308,289,362,177,336,251,258,297,483,1946,0,1946,휘경로3길
2017,2,A,골목상권,1000220,1328,666,662,124,358,212,177,174,283,60,170,128,97,88,123,64,188,84,80,86,160,785,0,785,휘경로2길
2017,2,A,골목상권,1000219,2609,1300,1309,242,313,351,466,457,780,112,178,201,254,233,322,130,135,150,212,224,458,1494,0,1494,휘경로23길
2017,2,A,골목상권,1000218,2067,1066,1001,179,306,280,346,390,566,88,164,157,204,203,250,91,142,123,142,187,316,1114,0,1114,휘경로14길
2017,2,A,골목상권,1000217,2461,1207,1254,465,282,323,463,383,545,240,134,174,221,194,244,225,148,149,242,189,301,933,460,473,한천로46길
2017,2,A,골목상권,1000216,1812,908,904,206,230,207,299,355,515,98,120,107,158,194,231,108,110,100,141,161,284,940,0,940,한천로40길
2017,2,A,골목상권,1000215,787,385,402,123,111,101,135,149,168,58,50,52,71,73,81,65,61,49,64,76,87,341,0,341,한천로33길
2017,2,A,골목상권,1000214,3258,1701,1557,349,406,431,546,669,857,171,216,231,310,366,407,178,190,200,236,303,450,1694,58,1636,한천로14길
2017,2,A,골목상권,1000213,2873,1464,1409,446,442,544,469,422,550,229,230,271,247,210,277,217,212,273,222,212,273,1237,409,828,천호대로97길
2017,2,A,골목상권,1000212,2384,1234,1150,329,356,401,366,433,499,183,187,210,197,209,248,146,169,191,169,224,251,986,92,894,천호대로77길
2017,2,A,골목상권,1000211,2497,1309,1188,223,348,330,326,469,801,121,194,196,188,238,372,102,154,134,138,231,429,1246,10,1236,천호대로45길
2017,2,A,골목상권,1000210,2860,1433,1427,250,593,605,427,421,564,117,270,345,235,217,249,133,323,260,192,204,315,1661,33,1628,천호대로17길
2017,2,A,골목상권,1000209,737,392,345,73,86,71,101,151,255,37,43,41,69,86,116,36,43,30,32,65,139,375,0,375,천호대로12길
2017,2,A,골목상권,1000208,1413,728,685,120,762,176,98,90,167,55,418,90,48,41,76,65,344,86,50,49,91,1037,0,1037,천장산로7길
2017,2,A,골목상권,1000207,1061,576,485,79,189,181,151,164,297,43,103,115,91,92,132,36,86,66,60,72,165,655,0,655,제기로5길
2017,2,A,골목상권,1000206,3342,1698,1644,317,348,364,452,589,1272,148,192,222,242,313,581,169,156,142,210,276,691,1876,0,1876,제기로21길
2017,2,A,골목상권,1000205,1536,803,733,130,183,160,274,309,480,81,98,85,152,168,219,49,85,75,122,141,261,886,0,886,전농로4길
2017,2,A,골목상권,1000204,1881,933,948,260,256,229,306,332,498,135,127,118,152,178,223,125,129,111,154,154,275,853,0,853,전농로3길
2017,2,A,골목상권,1000203,2137,1056,1081,277,312,243,342,393,570,134,177,134,172,202,237,143,135,109,170,191,333,1019,0,1019,전농로29길
2017,2,A,골목상권,1000202,2287,1143,1144,331,331,424,353,378,470,181,161,216,183,173,229,150,170,208,170,205,241,932,273,659,장한로8길
2017,2,A,골목상권,1000201,2101,1060,1041,317,295,378,320,335,456,168,149,199,166,165,213,149,146,179,154,170,243,889,293,596,장한로5길
2017,2,A,골목상권,1000200,1034,552,482,119,137,164,176,195,243,66,70,102,99,94,121,53,67,62,77,101,122,531,27,504,장한로27길
2017,2,A,골목상권,1000199,1097,559,538,152,139,141,167,192,306,76,74,74,86,107,142,76,65,67,81,85,164,505,0,505,장한로27가길
2017,2,A,골목상권,1000198,2685,1331,1354,503,268,434,504,384,592,265,141,210,258,183,274,238,127,224,246,201,318,998,271,727,장한로26길
2017,2,A,골목상권,1000197,1272,627,645,175,199,257,193,176,272,78,98,133,102,80,136,97,101,124,91,96,136,597,72,525,장한로26가길
2017,2,A,골목상권,1000196,725,367,358,98,109,125,125,132,136,58,56,66,58,66,63,40,53,59,67,66,73,300,18,282,장한로25길
2017,2,A,골목상권,1000195,1478,744,734,250,177,240,248,205,358,131,97,122,131,100,163,119,80,118,117,105,195,539,247,292,장한로14길
2017,2,A,골목상권,1000194,3636,1859,1777,448,585,510,551,607,935,223,304,298,286,320,428,225,281,212,265,287,507,1766,0,1766,이문로42길
2017,2,A,골목상권,1000193,3485,1768,1717,368,388,507,523,642,1057,179,220,278,296,338,457,189,168,229,227,304,600,1883,288,1595,왕산로43길
2017,2,A,골목상권,1000192,533,268,265,33,58,58,62,98,224,13,31,29,35,53,107,20,27,29,27,45,117,310,0,310,왕산로33길
2017,2,A,골목상권,1000191,1076,555,521,84,173,143,153,200,323,43,86,71,93,102,160,41,87,72,60,98,163,617,0,617,왕산로32길
2017,2,A,골목상권,1000190,1551,805,746,122,184,199,192,287,567,72,99,113,115,154,252,50,85,86,77,133,315,869,0,869,약령시로17길
2017,2,A,골목상권,1000189,2255,1144,1111,370,286,365,394,333,507,194,144,182,210,181,233,176,142,183,184,152,274,1015,112,903,서울시립대로4길
2017,2,A,골목상권,1000188,4418,2253,2165,503,1154,666,492,583,1020,255,632,389,258,270,449,248,522,277,234,313,571,2376,1,2375,서울시립대로29길
2017,2,A,골목상권,1000187,3529,1736,1793,477,544,400,574,686,848,247,268,228,283,337,373,230,276,172,291,349,475,1484,0,1484,서울시립대로16길
2017,2,A,골목상권,1000186,1943,983,960,277,258,315,340,320,433,138,141,160,181,173,190,139,117,155,159,147,243,892,153,739,사가정로2길
2017,2,A,골목상권,1000185,1742,872,870,244,259,276,248,343,372,128,126,158,120,168,172,116,133,118,128,175,200,674,144,530,사가정로23가길
2017,2,A,골목상권,1000184,2005,995,1010,220,253,258,284,413,577,117,137,141,141,200,259,103,116,117,143,213,318,988,143,845,사가정로13길
2017,2,A,골목상권,1000183,2037,1118,919,210,441,321,272,328,465,109,272,204,149,169,215,101,169,117,123,159,250,1086,0,1086,무학로45길
2017,2,A,골목상권,1000182,1202,609,593,155,160,174,173,226,314,77,88,96,93,113,142,78,72,78,80,113,172,557,0,557,무학로16길
2017,2,A,골목상권,1000181,571,302,269,68,79,76,72,103,173,40,44,39,40,52,87,28,35,37,32,51,86,247,107,140,망우로21길
2017,2,A,골목상권,1000180,1483,724,759,174,452,233,184,163,277,76,233,124,95,79,117,98,219,109,89,84,160,853,0,853,망우로18길
2017,2,A,골목상권,1000179,2623,1355,1268,255,838,345,309,328,548,135,460,205,159,147,249,120,378,140,150,181,299,1512,0,1512,망우로18가길
2017,2,A,골목상권,1000178,1286,649,637,184,194,240,213,206,249,98,97,115,116,98,125,86,97,125,97,108,124,580,21,559,답십리로72길
2017,2,A,골목상권,1000177,1957,1026,931,350,224,322,326,301,434,185,130,164,180,154,213,165,94,158,146,147,221,755,243,512,답십리로69길
2017,2,A,골목상권,1000176,3384,1726,1658,417,496,756,553,595,567,224,253,408,277,285,279,193,243,348,276,310,288,1614,81,1533,답십리로68길
2017,2,A,골목상권,1000175,2974,1463,1511,418,384,462,495,544,671,205,200,244,253,258,303,213,184,218,242,286,368,1396,47,1349,답십리로64길
2017,2,A,골목상권,1000174,1499,759,740,186,220,202,235,274,382,83,122,118,125,140,171,103,98,84,110,134,211,676,0,676,답십리로63길
2017,2,A,골목상권,1000173,1999,1020,979,247,303,240,304,380,525,128,157,131,157,205,242,119,146,109,147,175,283,841,209,632,답십리로60길
2017,2,A,골목상권,1000172,3881,1926,1955,480,507,514,617,699,1064,234,289,263,330,341,469,246,218,251,287,358,595,1762,460,1302,답십리로56길
2017,2,A,골목상권,1000171,2212,1092,1120,298,346,324,336,377,531,165,178,161,161,188,239,133,168,163,175,189,292,1033,0,1033,답십리로23길
2017,2,A,골목상권,1000170,255,152,103,34,32,37,45,40,67,20,16,23,28,22,43,14,16,14,17,18,24,120,0,120,난계로30길
2017,2,A,골목상권,1000169,1266,635,631,134,407,181,156,144,244,60,210,101,78,73,113,74,197,80,78,71,131,786,0,786,경희대로4길
2017,2,A,골목상권,1000168,601,290,311,42,240,105,54,61,99,20,109,58,26,32,45,22,131,47,28,29,54,416,0,416,경희대로3길
2017,2,A,골목상권,1000167,3413,1639,1774,530,517,579,549,551,687,275,254,281,265,256,308,255,263,298,284,295,379,1352,21,1331,천호대로129길
2017,2,A,골목상권,1000166,3102,1511,1591,461,490,537,485,560,569,244,247,257,239,272,252,217,243,280,246,288,317,1305,0,1305,천호대로123길
2017,2,A,골목상권,1000165,3533,1699,1834,425,619,744,538,552,655,225,282,359,258,262,313,200,337,385,280,290,342,1706,15,1691,천호대로109길
2017,2,A,골목상권,1000164,4087,2063,2024,652,630,605,668,730,802,334,338,313,335,372,371,318,292,292,333,358,431,1754,151,1603,자양번영로3길
2017,2,A,골목상권,1000163,2748,1329,1419,410,375,447,399,499,618,211,178,218,191,240,291,199,197,229,208,259,327,1146,0,1146,자양로53길
2017,2,A,골목상권,1000162,4608,2260,2348,698,629,734,724,786,1037,369,332,387,350,357,465,329,297,347,374,429,572,1911,38,1873,자양로50길
2017,2,A,골목상권,1000161,2676,1280,1396,353,399,477,426,455,566,188,184,223,210,212,263,165,215,254,216,243,303,1171,0,1171,자양로45길
2017,2,A,골목상권,1000160,3103,1450,1653,405,594,573,556,479,496,204,254,270,271,228,223,201,340,303,285,251,273,1478,86,1392,자양로26길
2017,2,A,골목상권,1000159,1941,926,1015,249,339,328,304,298,423,128,165,142,157,148,186,121,174,186,147,150,237,931,0,931,자양로15길
2017,2,A,골목상권,1000158,3946,1919,2027,431,619,742,622,691,841,216,296,397,305,330,375,215,323,345,317,361,466,2053,0,2053,자양로11길
2017,2,A,골목상권,1000157,3847,1867,1980,642,592,786,592,585,650,332,309,369,287,275,295,310,283,417,305,310,355,1661,80,1581,용마산로3길
2017,2,A,골목상권,1000156,5348,2668,2680,737,859,928,840,975,1009,368,449,489,414,471,477,369,410,439,426,504,532,2300,59,2241,용마산로21길
2017,2,A,골목상권,1000155,1774,850,924,292,257,324,279,286,336,157,128,150,125,133,157,135,129,174,154,153,179,713,198,515,아차산로78길
2017,2,A,골목상권,1000154,2919,1409,1510,556,417,473,534,437,502,273,214,237,256,204,225,283,203,236,278,233,277,1228,118,1110,아차산로65길
2017,2,A,골목상권,1000153,2977,1400,1577,284,602,678,433,410,570,147,286,338,217,171,241,137,316,340,216,239,329,1547,0,1547,아차산로55길
2017,2,A,골목상권,1000152,1701,794,907,189,376,397,229,251,259,95,169,188,103,120,119,94,207,209,126,131,140,885,5,880,아차산로51길
2017,2,A,골목상권,1000151,3146,1566,1580,409,602,545,498,490,602,226,290,282,255,242,271,183,312,263,243,248,331,1439,52,1387,아차산로40길
2017,2,A,골목상권,1000150,4136,2095,2041,457,596,727,620,787,949,222,319,397,317,401,439,235,277,330,303,386,510,2059,0,2059,면목로17길
2017,2,A,골목상권,1000149,2969,1497,1472,425,474,490,450,516,614,236,224,276,222,244,295,189,250,214,228,272,319,1281,0,1281,뚝섬로64길
2017,2,A,골목상권,1000148,3488,1672,1816,617,504,617,603,523,624,308,247,304,284,241,288,309,257,313,319,282,336,1391,57,1334,뚝섬로58길
2017,2,A,골목상권,1000147,3586,1754,1832,647,512,678,640,553,556,333,254,339,308,262,258,314,258,339,332,291,298,1414,11,1403,뚝섬로54길
2017,2,A,골목상권,1000146,3572,1732,1840,522,528,674,612,555,681,254,273,318,314,268,305,268,255,356,298,287,376,1590,0,1590,뚝섬로48길
2017,2,A,골목상권,1000145,3022,1534,1488,340,424,499,482,580,697,168,224,284,246,293,319,172,200,215,236,287,378,1473,0,1473,뚝섬로24길
2017,2,A,골목상권,1000144,2101,1019,1082,219,295,356,319,386,526,101,155,178,171,180,234,118,140,178,148,206,292,1063,3,1060,뚝섬로23길
2017,2,A,골목상권,1000143,2997,1458,1539,267,870,639,401,349,471,137,381,335,206,180,219,130,489,304,195,169,252,1817,174,1643,동일로24길
2017,2,A,골목상권,1000142,1929,997,932,181,343,358,284,347,416,87,178,190,163,190,189,94,165,168,121,157,227,1096,39,1057,동일로18길
2017,2,A,골목상권,1000141,3066,1490,1576,680,413,517,574,489,393,330,212,229,284,240,195,350,201,288,290,249,198,1073,387,686,능동로4길
2017,2,A,골목상권,1000140,3728,1868,1860,378,429,559,554,776,1032,186,223,285,301,395,478,192,206,274,253,381,554,1927,344,1583,능동로3길
2017,2,A,골목상권,1000139,5177,2429,2748,640,921,1304,768,616,928,356,384,600,381,294,414,284,537,704,387,322,514,2663,25,2638,능동로34길
2017,2,A,골목상권,1000138,2305,1098,1207,117,849,424,240,264,411,52,360,212,142,152,180,65,489,212,98,112,231,1766,0,1766,능동로19길
2017,2,A,골목상권,1000137,3707,1769,1938,251,1292,813,390,399,562,140,547,427,199,209,247,111,745,386,191,190,315,2487,0,2487,능동로13길
2017,2,A,골목상권,1000136,2086,1044,1042,277,304,341,325,387,452,153,155,177,158,188,213,124,149,164,167,199,239,949,0,949,긴고랑로9길
2017,2,A,골목상권,1000135,4071,2081,1990,423,655,809,613,710,861,243,322,434,328,356,398,180,333,375,285,354,463,2009,27,1982,긴고랑로8길
2017,2,A,골목상권,1000134,4880,2393,2487,713,672,777,867,866,985,368,330,391,442,428,434,345,342,386,425,438,551,2226,20,2206,긴고랑로7길
2017,2,A,골목상권,1000133,4202,1999,2203,573,655,770,649,717,838,289,310,383,308,332,377,284,345,387,341,385,461,1990,9,1981,긴고랑로20길
2017,2,A,골목상권,1000132,4387,2121,2266,638,679,840,730,682,818,290,350,432,366,330,353,348,329,408,364,352,465,2026,0,2026,광나루로52길
2017,2,A,골목상권,1000131,3761,1855,1906,468,619,745,626,532,771,230,307,385,309,278,346,238,312,360,317,254,425,1825,30,1795,광나루로40길
2017,2,A,골목상권,1000130,691,322,369,110,94,102,104,121,160,49,47,52,53,55,66,61,47,50,51,66,94,317,0,317,광나루로37길
2017,2,A,골목상권,1000129,2645,1266,1379,360,386,473,454,413,559,171,188,224,243,204,236,189,198,249,211,209,323,1331,31,1300,광나루로36길
2017,2,A,골목상권,1000128,1250,673,577,90,389,211,157,154,249,49,223,125,92,75,109,41,166,86,65,79,140,792,0,792,광나루로24길
2017,2,A,골목상권,1000127,2378,1211,1167,140,1128,540,208,177,185,72,516,311,113,105,94,68,612,229,95,72,91,1866,9,1857,광나루로12길
2017,2,A,골목상권,1000126,2165,1029,1136,212,297,357,323,395,581,101,141,177,169,204,237,111,156,180,154,191,344,1024,708,316,한림말길
2017,2,A,골목상권,1000125,959,443,516,130,137,187,157,117,231,69,54,89,83,49,99,61,83,98,74,68,132,489,51,438,한림말3길
2017,2,A,골목상권,1000124,2732,1396,1336,353,429,371,443,474,662,188,241,200,223,257,287,165,188,171,220,217,375,1214,0,1214,청계천로10나길
2017,2,A,골목상권,1000123,1942,939,1003,206,257,300,326,314,539,110,130,152,172,149,226,96,127,148,154,165,313,979,8,971,장터길
2017,2,A,골목상권,1000122,2782,1444,1338,350,422,366,463,510,671,183,224,204,241,271,321,167,198,162,222,239,350,1270,0,1270,용답중앙길
2017,2,A,골목상권,1000121,3219,1636,1583,375,485,502,527,584,746,182,231,263,295,318,347,193,254,239,232,266,399,1641,0,1641,용답29길
2017,2,A,골목상권,1000120,2086,1077,1009,297,340,346,372,325,406,154,176,185,195,172,195,143,164,161,177,153,211,959,181,778,왕십리로6길
2017,2,A,골목상권,1000119,3235,1551,1684,382,554,545,538,506,710,185,243,278,277,251,317,197,311,267,261,255,393,1527,38,1489,왕십리로31길
2017,2,A,골목상권,1000118,2906,1478,1428,384,524,449,480,467,602,202,269,230,244,263,270,182,255,219,236,204,332,1381,0,1381,왕십리로26길
2017,2,A,골목상권,1000117,2450,1179,1271,325,427,375,401,410,512,160,210,196,193,199,221,165,217,179,208,211,291,1151,7,1144,왕십리로21길
2017,2,A,골목상권,1000116,1921,1016,905,247,315,330,302,326,401,148,150,164,161,177,216,99,165,166,141,149,185,927,76,851,왕십리로14길
2017,2,A,골목상권,1000115,2209,1136,1073,287,387,418,329,387,401,160,185,234,171,207,179,127,202,184,158,180,222,1004,12,992,아차산로5길
2017,2,A,골목상권,1000114,404,243,161,5,119,157,62,33,28,2,53,100,46,23,19,3,66,57,16,10,9,363,0,363,아차산로15길
2017,2,A,골목상권,1000113,384,227,157,44,46,64,76,81,73,22,26,30,53,53,43,22,20,34,23,28,30,209,0,209,아차산로11길
2017,2,A,골목상권,1000112,2742,1480,1262,309,448,395,419,571,600,160,243,217,239,320,301,149,205,178,180,251,299,1371,0,1371,송정4가길
2017,2,A,골목상권,1000111,1271,685,586,146,197,177,209,239,303,81,112,93,130,126,143,65,85,84,79,113,160,630,0,630,송정12라길
2017,2,A,골목상권,1000110,397,229,168,48,59,52,84,80,74,21,29,26,53,60,40,27,30,26,31,20,34,220,0,220,성수일로6길
2017,2,A,골목상권,1000109,1348,722,626,117,287,253,186,242,263,56,134,145,106,141,140,61,153,108,80,101,123,795,28,767,성수이로7길
2017,2,A,골목상권,1000108,272,147,125,40,39,23,52,62,56,19,22,14,28,39,25,21,17,9,24,23,31,138,0,138,성수이로18길
2017,2,A,골목상권,1000107,3316,1727,1589,455,531,426,550,699,655,226,301,232,273,398,297,229,230,194,277,301,358,1546,0,1546,성덕정길
2017,2,A,골목상권,1000106,3644,1927,1717,420,503,519,580,735,887,214,275,274,323,436,405,206,228,245,257,299,482,1824,0,1824,성덕정17길
2017,2,A,골목상권,1000105,2299,1165,1134,284,359,425,394,371,466,142,187,223,204,193,216,142,172,202,190,178,250,1171,55,1116,서울숲2길
2017,2,A,골목상권,1000104,1215,607,608,142,220,236,218,181,218,74,103,115,119,92,104,68,117,121,99,89,114,632,0,632,상원길
2017,2,A,골목상권,1000103,2448,1233,1215,345,401,476,390,412,424,178,193,258,209,208,187,167,208,218,181,204,237,1135,448,687,상원12길
2017,2,A,골목상권,1000102,2388,1335,1053,186,898,304,236,271,493,94,582,182,128,131,218,92,316,122,108,140,275,1559,0,1559,사근동길
2017,2,A,골목상권,1000101,2330,1151,1179,372,378,353,374,364,489,198,193,173,190,179,218,174,185,180,184,185,271,997,106,891,무학봉길
2017,2,A,골목상권,1000100,1012,487,525,99,219,146,163,165,220,42,116,70,88,85,86,57,103,76,75,80,134,586,0,586,무학봉28길
2017,2,A,골목상권,1000099,1793,879,914,197,301,298,290,298,409,107,142,143,161,143,183,90,159,155,129,155,226,911,39,872,무학로6길
2017,2,A,골목상권,1000098,2287,1097,1190,279,266,341,412,391,598,138,116,180,212,195,256,141,150,161,200,196,342,1183,97,1086,무수막길
2017,2,A,골목상권,1000097,5583,2645,2938,916,723,1486,908,794,756,455,361,675,443,367,344,461,362,811,465,427,412,2257,89,2168,매봉길
2017,2,A,골목상권,1000096,1177,572,605,84,532,206,95,96,164,40,238,114,47,47,86,44,294,92,48,49,78,829,45,784,마조로1길
2017,2,A,골목상권,1000095,2548,1277,1271,314,369,325,377,458,705,168,180,160,197,245,327,146,189,165,180,213,378,1247,299,948,마조로16길
2017,2,A,골목상권,1000094,973,489,484,185,146,142,160,173,167,95,76,71,80,87,80,90,70,71,80,86,87,351,56,295,마장로39길
2017,2,A,골목상권,1000093,1916,958,958,248,311,306,284,312,455,134,164,160,146,156,198,114,147,146,138,156,257,897,0,897,마장로27길
2017,2,A,골목상권,1000092,1869,926,943,278,279,355,341,279,337,140,115,180,169,163,159,138,164,175,172,116,178,942,91,851,뚝섬로5길
2017,2,A,골목상권,1000091,2982,1593,1389,324,435,410,505,632,676,175,232,218,271,373,324,149,203,192,234,259,352,1528,0,1528,둘레9길
2017,2,A,골목상권,1000090,3450,1718,1732,493,471,465,572,597,852,273,251,256,268,304,366,220,220,209,304,293,486,1411,106,1305,금호산길
2017,2,A,골목상권,1000089,2327,1150,1177,312,344,296,362,388,625,167,190,156,190,184,263,145,154,140,172,204,362,1004,17,987,금호산2길
2017,2,A,골목상권,1000088,2999,1542,1457,300,521,375,466,577,760,164,284,200,251,288,355,136,237,175,215,289,405,1563,9,1554,고산자로6길
2017,2,A,골목상권,1000087,5649,2753,2896,932,692,945,975,867,1238,511,357,478,483,406,518,421,335,467,492,461,720,2621,89,2532,후암로28길
2017,2,A,골목상권,1000086,2959,1400,1559,429,407,567,474,415,667,212,188,273,241,209,277,217,219,294,233,206,390,1372,76,1296,효창원로39길
2017,2,A,골목상권,1000085,2290,1021,1269,194,271,367,353,373,732,105,136,170,164,159,287,89,135,197,189,214,445,1314,28,1286,회나무로13길
2017,2,A,골목상권,1000084,670,307,363,61,106,160,115,72,156,30,36,82,61,30,68,31,70,78,54,42,88,400,0,400,한남대로20길
2017,2,A,골목상권,1000083,118,93,25,3,8,10,23,38,36,1,5,6,18,36,27,2,3,4,5,2,9,111,0,111,한강대로88길
2017,2,A,골목상권,1000082,767,411,356,55,58,115,103,135,301,34,35,66,63,74,139,21,23,49,40,61,162,441,0,441,한강대로7길
2017,2,A,골목상권,1000081,922,464,458,83,112,149,137,160,281,48,62,75,74,77,128,35,50,74,63,83,153,534,0,534,한강대로62길
2017,2,A,골목상권,1000080,613,290,323,38,70,116,90,77,222,22,35,59,48,48,78,16,35,57,42,29,144,414,0,414,한강대로52길
2017,2,A,골목상권,1000079,1380,662,718,105,225,417,211,173,249,51,86,187,115,89,134,54,139,230,96,84,115,861,0,861,한강대로43길
2017,2,A,골목상권,1000078,498,260,238,39,52,80,71,82,174,22,34,47,40,42,75,17,18,33,31,40,99,271,0,271,한강대로15길
2017,2,A,골목상권,1000077,2809,1528,1281,301,395,416,444,584,669,166,185,201,276,358,342,135,210,215,168,226,327,1658,16,1642,한강대로104길
2017,2,A,골목상권,1000076,2730,1408,1322,338,438,423,460,466,605,183,232,240,240,247,266,155,206,183,220,219,339,1393,0,1393,청파로73길
2017,2,A,골목상권,1000075,4313,2170,2143,580,788,703,710,675,857,305,408,380,359,330,388,275,380,323,351,345,469,1978,42,1936,청파로71길
2017,2,A,골목상권,1000074,3065,1431,1634,416,699,651,459,355,485,212,252,332,235,181,219,204,447,319,224,174,266,1592,24,1568,청파로47나길
2017,2,A,골목상권,1000073,1962,631,1331,132,523,286,260,279,482,60,133,124,89,94,131,72,390,162,171,185,351,1037,0,1037,청파로47길
2017,2,A,골목상권,1000072,2869,1404,1465,338,429,439,471,486,706,176,242,232,239,212,303,162,187,207,232,274,403,1374,0,1374,장문로45길
2017,2,A,골목상권,1000071,2312,1013,1299,122,231,412,405,398,744,57,93,198,216,176,273,65,138,214,189,222,471,1574,1,1573,이태원로54길
2017,2,A,골목상권,1000070,740,355,385,69,105,135,131,97,203,34,51,73,63,46,88,35,54,62,68,51,115,382,0,382,이태원로27길
2017,2,A,골목상권,1000069,1990,939,1051,215,207,254,331,353,630,107,99,139,173,179,242,108,108,115,158,174,388,985,293,692,이촌로22길
2017,2,A,골목상권,1000068,953,468,485,88,179,148,161,145,232,43,79,81,81,81,103,45,100,67,80,64,129,529,0,529,원효로89길
2017,2,A,골목상권,1000067,2081,1061,1020,226,300,365,332,302,556,120,165,214,186,145,231,106,135,151,146,157,325,1024,0,1024,원효로53길
2017,2,A,골목상권,1000066,1465,693,772,212,163,215,252,215,408,90,84,118,133,96,172,122,79,97,119,119,236,661,0,661,원효로41길
2017,2,A,골목상권,1000065,1993,981,1012,314,315,318,324,306,416,163,160,155,165,160,178,151,155,163,159,146,238,860,67,793,원효로19길
2017,2,A,골목상권,1000064,2408,1197,1211,243,414,391,393,382,585,130,239,216,196,183,233,113,175,175,197,199,352,1298,0,1298,우사단로4길
2017,2,A,골목상권,1000063,1353,705,648,128,185,289,247,185,319,67,104,161,137,93,143,61,81,128,110,92,176,780,46,734,우사단로14길
2017,2,A,골목상권,1000062,2827,1484,1343,256,429,519,461,474,688,144,258,300,265,238,279,112,171,219,196,236,409,1570,0,1570,우사단로10길
2017,2,A,골목상권,1000061,2825,1395,1430,390,383,471,451,416,714,220,188,258,230,201,298,170,195,213,221,215,416,1297,0,1297,신흥로20길
2017,2,A,골목상권,1000060,2346,1134,1212,256,350,409,345,374,612,134,174,215,165,178,268,122,176,194,180,196,344,1143,7,1136,소월로20길
2017,2,A,골목상권,1000059,2679,1280,1399,328,315,350,445,474,767,160,159,186,232,235,308,168,156,164,213,239,459,1298,0,1298,서빙고로71길
2017,2,A,골목상권,1000058,3874,1863,2011,582,557,1017,660,470,588,293,215,494,343,222,296,289,342,523,317,248,292,1931,311,1620,백범로90길
2017,2,A,골목상권,1000057,3989,1894,2095,646,588,758,702,526,769,339,267,376,340,247,325,307,321,382,362,279,444,1733,27,1706,백범로79길
2017,2,A,골목상권,1000056,3332,1773,1559,313,478,456,526,573,986,174,253,248,278,329,491,139,225,208,248,244,495,1966,0,1966,두텁바위로1길
2017,2,A,골목상권,1000055,1451,685,766,153,254,277,204,237,326,84,118,141,95,105,142,69,136,136,109,132,184,736,0,736,대사관로34길
2017,2,A,골목상권,1000054,852,431,421,97,145,167,123,111,209,56,86,82,68,55,84,41,59,85,55,56,125,445,0,445,녹사평대로46길
2017,2,A,골목상권,1000053,764,363,401,107,110,131,124,89,203,50,49,70,67,42,85,57,61,61,57,47,118,382,0,382,녹사평대로40나길
2017,2,A,골목상권,1000052,517,260,257,40,77,121,68,78,133,24,39,59,40,35,63,16,38,62,28,43,70,276,0,276,녹사평대로32길
2017,2,A,골목상권,1000051,991,462,529,77,160,206,132,159,257,39,84,105,58,81,95,38,76,101,74,78,162,535,0,535,녹사평대로26길
2017,2,A,골목상권,1000050,442,224,218,64,48,69,89,63,109,34,26,34,48,36,46,30,22,35,41,27,63,205,0,205,녹사평대로11길
2017,2,A,골목상권,1000049,3480,1742,1738,395,547,405,634,653,846,201,284,210,347,347,353,194,263,195,287,306,493,1792,0,1792,퇴계로90길
2017,2,A,골목상권,1000048,1567,809,758,93,142,154,214,269,695,35,67,91,111,146,359,58,75,63,103,123,336,1067,42,1025,퇴계로8길
2017,2,A,골목상권,1000047,1186,599,587,110,193,149,171,200,363,60,93,78,102,100,166,50,100,71,69,100,197,627,0,627,퇴계로56길
2017,2,A,골목상권,1000046,869,434,435,112,184,150,124,102,197,62,89,85,68,47,83,50,95,65,56,55,114,467,111,356,퇴계로46길
2017,2,A,골목상권,1000045,769,373,396,96,101,140,132,108,192,51,50,76,66,50,80,45,51,64,66,58,112,432,0,432,퇴계로18길
2017,2,A,골목상권,1000044,929,447,482,93,105,116,166,141,308,51,56,65,87,64,124,42,49,51,79,77,184,468,158,310,퇴계로12길
2017,2,A,골목상권,1000043,2085,992,1093,245,299,242,364,386,549,120,147,125,182,206,212,125,152,117,182,180,337,1071,0,1071,청구로1길
2017,2,A,골목상권,1000042,1780,896,884,218,288,289,267,300,418,112,144,157,136,152,195,106,144,132,131,148,223,870,26,844,청구로17길
2017,2,A,골목상권,1000041,1532,767,765,177,281,232,245,238,359,92,150,116,135,117,157,85,131,116,110,121,202,789,0,789,장충단로8길
2017,2,A,골목상권,1000040,117,68,49,34,14,24,27,8,10,21,6,14,16,5,6,13,8,10,11,3,4,51,0,51,삼일대로4길
2017,2,A,골목상권,1000039,563,49,514,1,14,62,117,108,261,0,3,10,9,15,12,1,11,52,108,93,249,31,0,31,명동길
2017,2,A,골목상권,1000038,703,327,376,86,139,128,106,102,142,38,64,63,56,48,58,48,75,65,50,54,84,341,0,341,동호로8길
2017,2,A,골목상권,1000037,2239,1030,1209,315,383,350,394,339,458,149,184,170,185,147,195,166,199,180,209,192,263,993,16,977,동호로20길
2017,2,A,골목상권,1000036,1964,953,1011,206,277,262,324,330,565,117,140,125,166,171,234,89,137,137,158,159,331,967,0,967,동호로15길
2017,2,A,골목상권,1000035,4803,2357,2446,619,759,809,821,725,1070,337,401,433,392,343,451,282,358,376,429,382,619,2043,155,1888,동호로11길
2017,2,A,골목상권,1000034,2054,1004,1050,229,413,408,311,314,379,129,197,187,152,163,176,100,216,221,159,151,203,1097,18,1079,동호로10길
2017,2,A,골목상권,1000033,867,480,387,54,104,88,132,230,259,19,61,56,78,138,128,35,43,32,54,92,131,549,0,549,다산로39길
2017,2,A,골목상권,1000032,1452,702,750,192,232,241,229,246,312,91,120,117,114,129,131,101,112,124,115,117,181,639,224,415,다산로38길
2017,2,A,골목상권,1000031,2236,1109,1127,266,311,304,386,431,538,145,152,161,202,228,221,121,159,143,184,203,317,1043,164,879,다산로36길
2017,2,A,골목상권,1000030,3785,1931,1854,406,639,525,641,688,886,204,345,306,345,353,378,202,294,219,296,335,508,1911,0,1911,다산로33길
2017,2,A,골목상권,1000029,822,426,396,70,175,196,96,114,171,38,89,106,49,69,75,32,86,90,47,45,96,446,0,446,난계로21길
2017,2,A,골목상권,1000028,3287,1550,1737,289,699,689,506,502,602,135,277,326,259,266,287,154,422,363,247,236,315,1860,55,1805,난계로11길
2017,2,A,골목상권,1000027,714,327,387,132,88,89,155,96,154,63,38,43,64,54,65,69,50,46,91,42,89,318,0,318,필운대로1길
2017,2,A,골목상권,1000026,1873,935,938,319,381,211,235,270,457,192,197,110,104,124,208,127,184,101,131,146,249,886,0,886,평창길
2017,2,A,골목상권,1000025,946,439,507,118,107,121,198,124,278,61,46,56,101,62,113,57,61,65,97,62,165,449,0,449,통일로12길
2017,2,A,골목상권,1000024,2458,1246,1212,312,368,293,437,496,552,154,190,167,224,261,250,158,178,126,213,235,302,1076,65,1011,창신길
2017,2,A,골목상권,1000023,1402,741,661,118,177,133,237,302,435,61,107,73,124,171,205,57,70,60,113,131,230,822,0,822,창신5길
2017,2,A,골목상권,1000022,868,449,419,80,106,104,131,200,247,45,53,62,76,100,113,35,53,42,55,100,134,440,0,440,창신2길
2017,2,A,골목상권,1000021,931,418,513,74,178,125,161,133,260,38,84,57,80,60,99,36,94,68,81,73,161,637,0,637,창경궁로35길
2017,2,A,골목상권,1000020,2423,1216,1207,254,341,309,414,449,656,132,174,170,227,217,296,122,167,139,187,232,360,1201,0,1201,지봉로8길
2017,2,A,골목상권,1000019,3908,2006,1902,371,507,499,655,836,1040,187,257,274,338,448,502,184,250,225,317,388,538,2084,103,1981,종로65길
2017,2,A,골목상권,1000018,473,242,231,22,137,123,59,52,80,7,60,63,38,29,45,15,77,60,21,23,35,369,0,369,종로58가길
2017,2,A,골목상권,1000017,48,36,12,2,1,6,7,9,23,0,1,5,7,8,15,2,0,1,0,1,8,42,0,42,종로24길
2017,2,A,골목상권,1000016,725,334,391,115,91,109,116,93,201,68,46,48,51,38,83,47,45,61,65,55,118,352,0,352,자하문로7길
2017,2,A,골목상권,1000015,1704,834,870,206,376,321,230,241,330,105,173,168,107,126,155,101,203,153,123,115,175,881,0,881,이화장길
2017,2,A,골목상권,1000014,493,278,215,51,74,87,84,78,119,37,45,54,51,39,52,14,29,33,33,39,67,259,0,259,율곡로16길
2017,2,A,골목상권,1000013,290,167,123,14,27,34,54,55,106,8,14,22,38,33,52,6,13,12,16,22,54,179,0,179,율곡로10길
2017,2,A,골목상권,1000012,2524,1122,1402,456,292,440,505,340,491,219,139,195,223,147,199,237,153,245,282,193,292,1048,12,1036,옥인길
2017,2,A,골목상권,1000011,933,488,445,88,131,108,147,180,279,49,76,61,76,105,121,39,55,47,71,75,158,519,0,519,숭인동길
2017,2,A,골목상권,1000010,995,487,508,83,334,166,122,115,175,46,163,92,61,55,70,37,171,74,61,60,105,611,0,611,성균관로5길
2017,2,A,골목상권,1000009,733,329,404,76,80,101,96,122,258,33,33,48,46,56,113,43,47,53,50,66,145,388,0,388,삼청로5길
2017,2,A,골목상권,1000008,724,344,380,105,91,109,125,115,179,62,48,50,62,43,79,43,43,59,63,72,100,332,0,332,북촌로5나길
2017,2,A,골목상권,1000007,473,218,255,67,59,57,65,73,152,39,20,25,38,34,62,28,39,32,27,39,90,217,0,217,북촌로5길
2017,2,A,골목상권,1000006,692,326,366,72,78,80,110,126,226,43,38,41,59,56,89,29,40,39,51,70,137,369,0,369,북촌로11길
2017,2,A,골목상권,1000005,1744,851,893,250,246,260,313,295,380,129,145,125,144,132,176,121,101,135,169,163,204,732,7,725,백석동길
2017,2,A,골목상권,1000004,1475,758,717,139,477,196,160,173,330,75,263,116,90,79,135,64,214,80,70,94,195,868,22,846,명륜길
2017,2,A,골목상권,1000003,1095,617,478,95,158,184,200,179,279,52,92,117,116,108,132,43,66,67,84,71,147,711,11,700,돈화문로11가길
2017,2,A,골목상권,1000002,767,346,421,16,342,244,63,34,68,8,115,120,34,27,42,8,227,124,29,7,26,685,4,681,난계로27길
2017,2,A,골목상권,1000001,1855,862,993,262,222,263,325,289,494,118,101,140,150,138,215,144,121,123,175,151,279,803,0,803,계동길
2017,1,U,관광특구,1001496,19,11,8,6,1,1,3,4,4,3,0,1,1,3,3,3,1,0,2,1,1,10,0,10,강남 마이스 관광특구
2017,1,U,관광특구,1001495,8977,4405,4572,1157,1341,1898,1294,1529,1758,606,650,873,647,733,896,551,691,1025,647,796,862,4392,214,4178,잠실 관광특구
2017,1,U,관광특구,1001494,2750,1678,1072,140,298,291,377,678,966,71,180,183,246,451,547,69,118,108,131,227,419,1962,281,1681,종로?청계 관광특구
2017,1,U,관광특구,1001493,2509,1294,1215,236,374,486,387,487,539,117,176,243,218,256,284,119,198,243,169,231,255,1361,74,1287,동대문패션타운 관광특구
2017,1,U,관광특구,1001492,1299,496,803,24,67,157,228,303,520,8,34,76,79,128,171,16,33,81,149,175,349,611,1,610,명동 남대문 북창동 다동 무교동 관광특구
2017,1,U,관광특구,1001491,6948,3306,3642,592,943,1351,1101,1131,1830,291,464,694,566,528,763,301,479,657,535,603,1067,4106,25,4081,이태원 관광특구
2017,1,R,전통시장,1001490,3337,1637,1700,536,449,557,510,556,729,294,220,278,259,241,345,242,229,279,251,315,384,1312,404,908,길동복조리시장
2017,1,R,전통시장,1001489,626,318,308,106,86,93,112,118,111,54,61,38,50,63,52,52,25,55,62,55,59,257,102,155,둔촌역전통시장
2017,1,R,전통시장,1001488,1038,533,505,119,152,186,154,196,231,55,80,104,80,102,112,64,72,82,74,94,119,509,61,448,성내골목시장
2017,1,R,전통시장,1001487,145,77,68,3,8,16,29,37,52,1,5,5,19,25,22,2,3,11,10,12,30,119,0,119,천호시장
2017,1,R,전통시장,1001486,229,109,120,14,16,26,41,51,81,4,6,12,27,24,36,10,10,14,14,27,45,133,0,133,동서울시장
2017,1,R,전통시장,1001485,376,200,176,50,46,49,62,89,80,25,24,25,38,52,36,25,22,24,24,37,44,196,7,189,고분다리골목시장
2017,1,R,전통시장,1001484,765,391,374,136,107,142,140,116,124,65,60,76,77,56,57,71,47,66,63,60,67,289,8,281,양지골목시장
2017,1,R,전통시장,1001483,943,481,462,93,160,209,138,165,178,48,90,114,69,77,83,45,70,95,69,88,95,520,0,520,암사종합시장
2017,1,R,전통시장,1001482,339,166,173,38,40,49,56,69,87,23,25,24,25,36,33,15,15,25,31,33,54,160,0,160,고덕전통시장
2017,1,R,전통시장,1001481,2051,1016,1035,460,259,290,385,310,347,246,131,133,197,148,161,214,128,157,188,162,186,683,572,111,명일골목시장
2017,1,R,전통시장,1001480,2358,1162,1196,239,391,444,336,403,545,127,191,225,186,189,244,112,200,219,150,214,301,1226,0,1226,새마을시장
2017,1,R,전통시장,1001479,811,410,401,112,138,116,145,149,151,58,65,57,79,81,70,54,73,59,66,68,81,402,0,402,석촌시장
2017,1,R,전통시장,1001478,5392,2597,2795,773,893,1115,829,876,906,414,415,563,413,385,407,359,478,552,416,491,499,2477,64,2413,방이시장
2017,1,R,전통시장,1001477,1042,546,496,146,136,125,160,202,273,68,78,61,93,112,134,78,58,64,67,90,139,461,0,461,마천시장
2017,1,R,전통시장,1001476,2747,1365,1382,313,376,427,438,501,692,148,198,230,229,236,324,165,178,197,209,265,368,1310,0,1310,풍납시장
2017,1,R,전통시장,1001475,5,3,2,1,1,0,1,1,1,1,1,0,0,1,0,0,0,0,1,0,1,5,0,5,강남개포시장
2017,1,R,전통시장,1001474,250,110,140,69,30,35,67,26,23,39,10,11,29,13,8,30,20,24,38,13,15,92,77,15,도곡시장
2017,1,R,전통시장,1001473,158,76,82,21,23,16,18,28,52,12,9,8,8,14,25,9,14,8,10,14,27,50,50,0,청담삼익시장
2017,1,R,전통시장,1001472,91,35,56,12,7,19,17,6,30,3,3,6,6,3,14,9,4,13,11,3,16,46,0,46,논현종합시장
2017,1,R,전통시장,1001471,1259,580,679,119,228,327,220,156,209,58,100,148,117,65,92,61,128,179,103,91,117,738,0,738,영동전통시장
2017,1,R,전통시장,1001470,294,142,152,43,35,63,40,36,77,23,17,32,19,18,33,20,18,31,21,18,44,113,113,0,강남시장_강남
2017,1,R,전통시장,1001469,78,41,37,9,14,9,17,9,20,6,6,4,8,7,10,3,8,5,9,2,10,46,0,46,양재시장
2017,1,R,전통시장,1001468,188,89,99,44,19,17,43,23,42,24,8,7,21,10,19,20,11,10,22,13,23,80,0,80,남부종합시장
2017,1,R,전통시장,1001467,82,37,45,8,7,22,8,12,25,5,3,8,5,2,14,3,4,14,3,10,11,35,0,35,우림시장
2017,1,R,전통시장,1001466,693,326,367,82,80,85,131,109,206,38,35,43,72,52,86,44,45,42,59,57,120,317,45,272,미성동도깨비시장
2017,1,R,전통시장,1001465,74,33,41,13,5,10,13,6,27,4,2,3,9,4,11,9,3,7,4,2,16,40,0,40,신신림시장
2017,1,R,전통시장,1001464,189,109,80,10,19,21,26,37,76,7,14,14,17,18,39,3,5,7,9,19,37,125,0,125,삼성동시장
2017,1,R,전통시장,1001463,69,33,36,8,21,19,8,6,7,3,10,9,4,2,5,5,11,10,4,4,2,49,0,49,신림중앙시장
2017,1,R,전통시장,1001462,565,283,282,53,106,130,75,91,110,22,50,74,44,48,45,31,56,56,31,43,65,319,1,318,강남골목시장
2017,1,R,전통시장,1001461,3,2,1,0,0,0,2,0,1,0,0,0,1,0,1,0,0,0,1,0,0,1,0,1,신림종합시장
2017,1,R,전통시장,1001460,2151,1099,1052,246,352,345,371,370,467,130,173,194,199,199,204,116,179,151,172,171,263,1180,0,1180,관악신사시장
2017,1,R,전통시장,1001459,412,230,182,41,77,56,56,73,109,22,46,30,32,45,55,19,31,26,24,28,54,248,0,248,신원시장
2017,1,R,전통시장,1001458,1413,710,703,116,254,307,215,204,317,66,117,160,113,111,143,50,137,147,102,93,174,886,3,883,인헌시장
2017,1,R,전통시장,1001457,336,151,185,21,130,90,41,28,26,7,50,41,25,14,14,14,80,49,16,14,12,265,0,265,봉천중앙시장
2017,1,R,전통시장,1001456,14,5,9,1,2,0,2,5,4,1,1,0,1,2,0,0,1,0,1,3,4,9,0,9,봉천현대시장
2017,1,R,전통시장,1001455,102,43,59,6,38,23,4,17,14,2,15,9,2,9,6,4,23,14,2,8,8,72,0,72,봉일시장
2017,1,R,전통시장,1001454,384,178,206,27,75,59,63,67,93,14,27,32,28,37,40,13,48,27,35,30,53,255,0,255,봉천제일종합시장
2017,1,R,전통시장,1001453,684,333,351,52,251,155,81,61,84,21,117,82,48,27,38,31,134,73,33,34,46,465,0,465,낙성대시장
2017,1,R,전통시장,1001452,580,285,295,50,144,114,74,64,134,26,62,59,44,35,59,24,82,55,30,29,75,369,0,369,중부시장
2017,1,R,전통시장,1001451,15,10,5,2,4,0,4,4,1,1,3,0,2,3,1,1,1,0,2,1,0,3,0,3,사당시장
2017,1,R,전통시장,1001450,545,239,306,56,94,92,78,71,154,28,39,38,33,34,67,28,55,54,45,37,87,277,0,277,남성역골목시장
2017,1,R,전통시장,1001449,611,304,307,33,111,107,82,98,180,21,38,58,54,52,81,12,73,49,28,46,99,366,0,366,남성사계시장
2017,1,R,전통시장,1001448,1000,464,536,148,163,138,163,137,251,76,82,67,80,60,99,72,81,71,83,77,152,466,202,264,흑석시장
2017,1,R,전통시장,1001447,2029,987,1042,202,267,305,324,343,588,100,139,168,165,164,251,102,128,137,159,179,337,1103,0,1103,상도4동도깨비골목시장
2017,1,R,전통시장,1001446,133,65,68,13,36,15,19,29,21,8,16,7,8,17,9,5,20,8,11,12,12,70,0,70,성대시장
2017,1,R,전통시장,1001445,64,31,33,1,10,8,9,15,21,1,5,3,7,7,8,0,5,5,2,8,13,41,0,41,영도시장
2017,1,R,전통시장,1001444,1629,787,842,159,296,282,232,228,432,91,145,142,120,113,176,68,151,140,112,115,256,944,23,921,상도전통시장
2017,1,R,전통시장,1001443,155,70,85,14,30,29,20,24,38,9,14,11,10,11,15,5,16,18,10,13,23,80,80,0,강남시장_동작
2017,1,R,전통시장,1001442,23,12,11,1,3,2,5,7,5,0,1,1,1,6,3,1,2,1,4,1,2,15,0,15,신노량진시장
2017,1,R,전통시장,1001441,466,253,213,43,80,86,70,76,111,22,53,52,44,42,40,21,27,34,26,34,71,277,0,277,본동인정시장
2017,1,R,전통시장,1001440,169,95,74,8,58,30,17,20,36,3,36,19,10,13,14,5,22,11,7,7,22,124,0,124,노량진중앙시장
2017,1,R,전통시장,1001439,447,217,230,45,43,48,77,86,148,29,25,26,34,38,65,16,18,22,43,48,83,232,0,232,대림중앙시장
2017,1,R,전통시장,1001438,382,190,192,44,55,39,60,68,116,22,29,20,32,34,53,22,26,19,28,34,63,170,0,170,우리시장
2017,1,R,전통시장,1001437,136,72,64,24,14,20,18,17,43,11,8,13,8,9,23,13,6,7,10,8,20,53,49,4,영진시장A동
2017,1,R,전통시장,1001436,108,49,59,12,11,13,21,14,37,7,6,7,10,5,14,5,5,6,11,9,23,53,0,53,사러가시장
2017,1,R,전통시장,1001435,216,97,119,36,24,23,36,38,59,14,14,9,19,16,25,22,10,14,17,22,34,84,83,1,대신시장
2017,1,R,전통시장,1001434,1,1,0,0,0,0,0,1,0,0,0,0,0,1,0,0,0,0,0,0,0,1,0,1,양남시장
2017,1,R,전통시장,1001433,733,371,362,79,112,162,111,94,175,35,55,95,63,49,74,44,57,67,48,45,101,411,169,242,영일시장
2017,1,R,전통시장,1001432,62,31,31,5,14,10,9,7,17,2,10,6,5,3,5,3,4,4,4,4,12,33,0,33,도림시장
2017,1,R,전통시장,1001431,286,162,124,27,38,31,39,64,87,16,22,19,24,42,39,11,16,12,15,22,48,157,0,157,영등포청과시장
2017,1,R,전통시장,1001430,2247,1335,912,96,318,414,357,456,606,58,142,223,254,320,338,38,176,191,103,136,268,1667,421,1246,영등포전통시장
2017,1,R,전통시장,1001429,434,215,219,70,40,67,80,70,107,38,19,41,37,33,47,32,21,26,43,37,60,177,0,177,은행나무시장
2017,1,R,전통시장,1001428,289,158,131,26,20,33,60,54,96,20,8,21,26,35,48,6,12,12,34,19,48,178,0,178,박미시장
2017,1,R,전통시장,1001427,2421,1164,1257,280,377,312,348,464,640,142,176,159,170,221,296,138,201,153,178,243,344,1242,9,1233,현대시장
2017,1,R,전통시장,1001426,7,6,1,0,1,1,0,2,3,0,1,1,0,2,2,0,0,0,0,0,1,5,0,5,대명시장
2017,1,R,전통시장,1001425,30,18,12,7,0,10,5,1,7,5,0,6,3,1,3,2,0,4,2,0,4,11,0,11,푸른터시장
2017,1,R,전통시장,1001424,1581,787,794,195,205,196,265,372,348,86,104,115,122,202,158,109,101,81,143,170,190,752,19,733,남문시장
2017,1,R,전통시장,1001423,93,45,48,2,36,21,15,9,10,0,11,14,10,5,5,2,25,7,5,4,5,83,0,83,독산동 우시장
2017,1,R,전통시장,1001422,161,85,76,11,14,19,24,29,64,6,9,10,18,17,25,5,5,9,6,12,39,94,0,94,오류시장
2017,1,R,전통시장,1001421,408,188,220,74,66,64,63,68,73,37,28,39,24,29,31,37,38,25,39,39,42,166,0,166,개봉중앙시장
2017,1,R,전통시장,1001420,650,321,329,86,78,83,98,117,188,45,39,47,50,59,81,41,39,36,48,58,107,283,59,224,고척근린시장
2017,1,R,전통시장,1001419,305,161,144,24,44,23,41,72,101,10,25,14,22,43,47,14,19,9,19,29,54,175,0,175,가리봉시장
2017,1,R,전통시장,1001418,734,416,318,85,65,89,139,149,207,40,30,55,91,95,105,45,35,34,48,54,102,426,0,426,남구로시장
2017,1,R,전통시장,1001417,140,75,65,15,15,14,25,35,36,5,7,9,14,25,15,10,8,5,11,10,21,78,0,78,구로시장
2017,1,R,전통시장,1001416,164,62,102,1,90,38,16,14,5,1,24,13,9,11,4,0,66,25,7,3,1,146,0,146,공항시장
2017,1,R,전통시장,1001415,912,463,449,94,103,107,171,186,251,40,51,59,94,96,123,54,52,48,77,90,128,497,93,404,방신전통시장
2017,1,R,전통시장,1001414,598,293,305,111,86,89,113,85,114,58,37,40,54,46,58,53,49,49,59,39,56,265,0,265,송화골목시장
2017,1,R,전통시장,1001413,1064,476,588,141,145,214,162,149,253,73,53,109,81,62,98,68,92,105,81,87,155,501,68,433,까치산시장
2017,1,R,전통시장,1001412,358,159,199,47,62,78,51,40,80,26,22,37,20,17,37,21,40,41,31,23,43,168,0,168,화곡본동시장
2017,1,R,전통시장,1001411,2017,959,1058,256,269,348,293,354,497,132,138,162,157,161,209,124,131,186,136,193,288,902,0,902,남부골목시장
2017,1,R,전통시장,1001409,1089,527,562,188,153,199,173,176,200,87,73,107,86,85,89,101,80,92,87,91,111,449,0,449,화곡중앙골목시장
2017,1,R,전통시장,1001408,81,48,33,15,12,22,11,8,13,9,8,11,7,5,8,6,4,11,4,3,5,38,0,38,신월중앙시장
2017,1,R,전통시장,1001407,3,2,1,0,0,0,1,1,1,0,0,0,1,1,0,0,0,0,0,0,1,3,0,3,등마루시장
2017,1,R,전통시장,1001406,484,261,223,38,57,55,84,93,157,20,31,21,61,61,67,18,26,34,23,32,90,283,0,283,신정3동골목시장
2017,1,R,전통시장,1001405,495,249,246,76,64,76,95,60,124,36,36,38,51,32,56,40,28,38,44,28,68,227,0,227,신정2동골목시장
2017,1,R,전통시장,1001404,190,82,108,26,22,18,23,43,58,5,9,6,14,22,26,21,13,12,9,21,32,95,0,95,신정제일시장
2017,1,R,전통시장,1001403,136,64,72,16,29,20,19,26,26,9,14,9,12,9,11,7,15,11,7,17,15,49,0,49,신월7동골목시장
2017,1,R,전통시장,1001402,171,94,77,17,17,15,33,37,52,12,12,9,17,20,24,5,5,6,16,17,28,87,0,87,신월6동골목시장
2017,1,R,전통시장,1001401,109,51,58,13,13,20,15,17,31,7,4,10,10,8,12,6,9,10,5,9,19,51,22,29,신곡종합시장
2017,1,R,전통시장,1001400,455,250,205,57,52,64,74,94,114,34,28,36,43,57,52,23,24,28,31,37,62,229,0,229,신월3동골목시장
2017,1,R,전통시장,1001399,371,182,189,62,43,49,59,57,101,33,21,24,33,29,42,29,22,25,26,28,59,133,45,88,경창시장
2017,1,R,전통시장,1001398,1706,880,826,254,202,233,273,320,424,131,100,131,147,176,195,123,102,102,126,144,229,776,42,734,월정로시장
2017,1,R,전통시장,1001397,1298,613,685,195,147,176,229,249,302,76,68,82,123,124,140,119,79,94,106,125,162,618,0,618,신영시장
2017,1,R,전통시장,1001396,1171,576,595,199,195,138,210,213,216,104,114,65,96,100,97,95,81,73,114,113,119,456,60,396,목4동시장
2017,1,R,전통시장,1001395,1256,642,614,168,216,253,200,197,222,84,109,149,104,100,96,84,107,104,96,97,126,608,111,497,목3동시장
2017,1,R,전통시장,1001394,1098,558,540,89,149,201,147,201,311,45,65,118,72,107,151,44,84,83,75,94,160,649,24,625,목2동시장
2017,1,R,전통시장,1001392,36,18,18,7,4,11,3,4,7,3,3,4,1,2,5,4,1,7,2,2,2,18,0,18,동진시장
2017,1,R,전통시장,1001391,856,405,451,149,121,155,153,117,161,76,55,71,77,48,78,73,66,84,76,69,83,366,26,340,망원월드컵시장
2017,1,R,전통시장,1001390,2069,986,1083,230,276,413,353,308,489,130,128,197,187,140,204,100,148,216,166,168,285,1072,42,1030,망원시장
2017,1,R,전통시장,1001389,86,32,54,12,10,21,9,11,23,4,4,9,4,3,8,8,6,12,5,8,15,37,37,0,합정시장
2017,1,R,전통시장,1001388,213,96,117,18,29,41,31,35,59,11,15,17,14,14,25,7,14,24,17,21,34,98,4,94,영진시장
2017,1,R,전통시장,1001387,36,27,9,1,10,12,2,6,5,1,7,11,1,4,3,0,3,1,1,2,2,33,0,33,서교시장
2017,1,R,전통시장,1001386,73,35,38,10,8,12,5,15,23,4,3,6,2,8,12,6,5,6,3,7,11,33,11,22,신수시장
2017,1,R,전통시장,1001385,441,213,228,65,52,55,84,58,127,35,27,29,41,30,51,30,25,26,43,28,76,225,0,225,아현시장
2017,1,R,전통시장,1001384,14,6,8,3,0,0,3,2,6,1,0,0,1,2,2,2,0,0,2,0,4,8,0,8,마포시장
2017,1,R,전통시장,1001383,10,7,3,0,3,0,2,4,1,0,2,0,1,3,1,0,1,0,1,1,0,5,0,5,공덕시장
2017,1,R,전통시장,1001382,145,67,78,14,11,28,19,28,45,9,7,11,10,14,16,5,4,17,9,14,29,64,64,0,백련시장
2017,1,R,전통시장,1001381,459,240,219,27,40,43,56,100,193,12,23,29,33,62,81,15,17,14,23,38,112,279,0,279,모래내시장
2017,1,R,전통시장,1001380,499,246,253,66,61,60,80,88,144,35,34,32,38,52,55,31,27,28,42,36,89,234,0,234,포방터시장
2017,1,R,전통시장,1001379,315,161,154,34,41,35,50,60,95,18,18,25,29,34,37,16,23,10,21,26,58,156,49,107,인왕시장
2017,1,R,전통시장,1001378,140,72,68,15,26,19,21,24,35,10,18,10,8,11,15,5,8,9,13,13,20,69,0,69,아현가구거리상점가
2017,1,R,전통시장,1001377,404,195,209,39,50,44,72,77,122,15,24,29,38,41,48,24,26,15,34,36,74,240,0,240,영천시장
2017,1,R,전통시장,1001376,120,57,63,2,13,7,14,29,55,1,6,6,9,11,24,1,7,1,5,18,31,73,0,73,수일시장
2017,1,R,전통시장,1001375,151,69,82,20,17,17,29,32,36,7,6,10,15,12,19,13,11,7,14,20,17,59,0,59,증산종합시장
2017,1,R,전통시장,1001374,660,325,335,100,59,78,106,128,189,54,28,41,52,70,80,46,31,37,54,58,109,310,0,310,대림골목시장
2017,1,R,전통시장,1001373,213,118,95,35,27,44,34,28,45,21,16,28,19,14,20,14,11,16,15,14,25,92,36,56,신응암시장
2017,1,R,전통시장,1001372,33,17,16,7,3,0,11,1,11,4,2,0,4,1,6,3,1,0,7,0,5,15,0,15,녹번시장
2017,1,R,전통시장,1001371,497,242,255,74,63,91,90,75,104,35,32,51,45,35,44,39,31,40,45,40,60,240,24,216,대조시장
2017,1,R,전통시장,1001370,11,7,4,0,1,0,2,4,4,0,1,0,0,4,2,0,0,0,2,0,2,9,0,9,역촌중앙시장
2017,1,R,전통시장,1001369,66,33,33,7,14,12,1,21,11,3,9,7,1,8,5,4,5,5,0,13,6,29,0,29,갈현시장
2017,1,R,전통시장,1001368,274,129,145,25,34,42,28,54,91,11,15,21,18,25,39,14,19,21,10,29,52,132,0,132,연서시장
2017,1,R,전통시장,1001367,1918,914,1004,248,281,220,311,397,461,122,136,117,151,181,207,126,145,103,160,216,254,868,127,741,상계중앙시장
2017,1,R,전통시장,1001365,1295,647,648,153,250,231,157,229,275,68,115,131,79,121,133,85,135,100,78,108,142,628,39,589,공릉동도깨비시장
2017,1,R,전통시장,1001364,1083,544,539,143,158,111,197,203,271,76,97,58,104,93,116,67,61,53,93,110,155,489,0,489,방학동도깨비시장
2017,1,R,전통시장,1001363,753,385,368,75,104,126,109,123,216,37,61,66,57,62,102,38,43,60,52,61,114,376,8,368,쌍문역골목시장
2017,1,R,전통시장,1001362,355,170,185,54,43,45,62,59,92,27,19,24,33,33,34,27,24,21,29,26,58,154,0,154,백운시장
2017,1,R,전통시장,1001361,196,101,95,24,35,19,31,41,46,8,19,13,11,25,25,16,16,6,20,16,21,84,0,84,신도봉시장
2017,1,R,전통시장,1001360,1292,646,646,164,165,171,214,215,363,89,88,85,116,112,156,75,77,86,98,103,207,612,9,603,창동골목시장
2017,1,R,전통시장,1001359,2224,1070,1154,339,326,335,376,407,441,157,169,156,190,196,202,182,157,179,186,211,239,921,25,896,창동신창시장
2017,1,R,전통시장,1001358,67,34,33,4,6,12,7,8,30,3,4,6,6,3,12,1,2,6,1,5,18,28,27,1,수유북부시장
2017,1,R,전통시장,1001357,1273,616,657,203,162,200,188,205,315,113,79,113,87,93,131,90,83,87,101,112,184,557,20,537,장미원골목시장
2017,1,R,전통시장,1001356,49,30,19,3,14,2,5,16,9,3,8,2,5,9,3,0,6,0,0,7,6,19,0,19,수유중앙시장
2017,1,R,전통시장,1001355,755,383,372,72,113,102,120,147,201,37,48,52,68,85,93,35,65,50,52,62,108,411,14,397,강북종합시장
2017,1,R,전통시장,1001354,1544,776,768,231,202,193,274,257,387,118,114,107,136,136,165,113,88,86,138,121,222,671,0,671,우이시장
2017,1,R,전통시장,1001353,632,310,322,73,93,99,86,115,166,38,49,47,44,55,77,35,44,52,42,60,89,297,86,211,수유전통시장
2017,1,R,전통시장,1001352,1035,489,546,168,127,176,187,141,236,80,54,85,101,60,109,88,73,91,86,81,127,456,104,352,번동북부골목시장
2017,1,R,전통시장,1001351,165,80,85,20,24,17,27,27,50,12,13,7,16,12,20,8,11,10,11,15,30,86,0,86,솔샘시장
2017,1,R,전통시장,1001350,247,123,124,25,26,43,44,51,58,12,10,23,21,31,26,13,16,20,23,20,32,137,0,137,숭인시장
2017,1,R,전통시장,1001349,1523,745,778,164,217,225,248,292,377,82,107,121,128,144,163,82,110,104,120,148,214,816,0,816,방천골목시장
2017,1,R,전통시장,1001348,38,19,19,5,4,5,2,4,18,1,2,3,1,2,10,4,2,2,1,2,8,17,0,17,동북시장
2017,1,R,전통시장,1001347,1951,996,955,230,283,234,346,360,498,116,156,118,193,182,231,114,127,116,153,178,267,896,0,896,석관황금시장
2017,1,R,전통시장,1001346,180,108,72,22,25,19,37,39,38,16,15,10,27,24,16,6,10,9,10,15,22,94,0,94,석관시장
2017,1,R,전통시장,1001345,88,41,47,7,15,7,10,16,33,5,3,5,8,9,11,2,12,2,2,7,22,45,41,4,새석관시장
2017,1,R,전통시장,1001344,30,18,12,7,2,3,4,6,8,5,1,2,2,3,5,2,1,1,2,3,3,13,0,13,번동시장
2017,1,R,전통시장,1001343,1622,799,823,228,224,196,258,289,427,122,117,105,140,127,188,106,107,91,118,162,239,668,19,649,장위전통시장
2017,1,R,전통시장,1001342,244,117,127,38,17,36,41,44,68,18,10,20,20,22,27,20,7,16,21,22,41,115,0,115,밤나무골시장
2017,1,R,전통시장,1001341,11,10,1,0,2,2,5,2,0,0,2,2,5,1,0,0,0,0,0,1,0,11,0,11,길음시장
2017,1,R,전통시장,1001340,1319,679,640,152,248,197,180,211,331,88,140,112,95,93,151,64,108,85,85,118,180,601,0,601,정릉시장
2017,1,R,전통시장,1001339,1054,513,541,193,117,184,197,158,205,99,61,97,104,69,83,94,56,87,93,89,122,430,189,241,정릉아리랑시장
2017,1,R,전통시장,1001338,242,112,130,19,49,37,20,34,83,8,27,22,12,15,28,11,22,15,8,19,55,126,0,126,돈암제일시장
2017,1,R,전통시장,1001337,117,56,61,25,12,15,28,10,27,14,7,6,12,5,12,11,5,9,16,5,15,47,0,47,유영시장
2017,1,R,전통시장,1001336,2181,1134,1047,256,279,304,337,444,561,130,152,177,182,229,264,126,127,127,155,215,297,1065,42,1023,우림골목시장
2017,1,R,전통시장,1001335,982,500,482,151,144,136,176,146,229,85,80,68,86,72,109,66,64,68,90,74,120,410,0,410,묵1동도깨비시장
2017,1,R,전통시장,1001334,981,489,492,138,132,133,159,199,220,62,72,76,82,93,104,76,60,57,77,106,116,439,0,439,태능시장
2017,1,R,전통시장,1001333,1869,948,921,256,275,250,333,349,406,124,147,140,173,173,191,132,128,110,160,176,215,857,0,857,중화제일시장
2017,1,R,전통시장,1001332,1988,1001,987,225,325,286,307,342,503,110,171,163,150,175,232,115,154,123,157,167,271,977,0,977,사가정시장
2017,1,R,전통시장,1001331,1389,722,667,176,187,207,254,241,324,98,97,125,134,127,141,78,90,82,120,114,183,679,0,679,면목골목시장
2017,1,R,전통시장,1001330,2189,1095,1094,281,308,336,318,425,521,146,163,180,163,217,226,135,145,156,155,208,295,1038,0,1038,동원시장
2017,1,R,전통시장,1001329,1533,794,739,174,288,318,208,260,285,79,147,183,109,150,126,95,141,135,99,110,159,862,0,862,동부골목시장
2017,1,R,전통시장,1001328,72,31,41,12,5,9,13,15,18,3,2,5,6,9,6,9,3,4,7,6,12,32,0,32,이문제일시장
2017,1,R,전통시장,1001327,246,125,121,27,35,28,33,48,75,15,19,11,19,27,34,12,16,17,14,21,41,108,0,108,이경시장
2017,1,R,전통시장,1001326,1149,510,639,75,443,192,121,101,217,30,183,102,53,48,94,45,260,90,68,53,123,852,0,852,회기시장
2017,1,R,전통시장,1001325,63,43,20,0,1,4,13,20,25,0,1,2,10,15,15,0,0,2,3,5,10,57,0,57,청량리청과물시장
2017,1,R,전통시장,1001324,232,116,116,36,26,23,50,38,59,17,15,13,26,17,28,19,11,10,24,21,31,107,0,107,전곡시장
2017,1,R,전통시장,1001323,461,220,241,65,59,66,86,78,107,30,27,33,45,38,47,35,32,33,41,40,60,209,0,209,답십리시장
2017,1,R,전통시장,1001321,346,173,173,38,32,44,51,56,125,20,15,27,32,28,51,18,17,17,19,28,74,170,0,170,답십리현대시장
2017,1,R,전통시장,1001320,95,60,35,5,9,12,16,22,31,4,6,10,10,13,17,1,3,2,6,9,14,56,0,56,전농로터리시장
2017,1,R,전통시장,1001319,117,65,52,5,9,19,10,27,47,3,5,11,7,14,25,2,4,8,3,13,22,58,0,58,청량리종합시장
2017,1,R,전통시장,1001318,172,131,41,3,10,13,14,51,81,2,9,6,13,44,57,1,1,7,1,7,24,141,0,141,청량리전통시장
2017,1,R,전통시장,1001317,179,87,92,34,29,22,18,35,41,23,15,10,5,16,18,11,14,12,13,19,23,75,0,75,청량리농수산물시장
2017,1,R,전통시장,1001316,2176,1186,990,146,305,287,329,399,710,89,184,167,199,215,332,57,121,120,130,184,378,1395,0,1395,서울약령시장
2017,1,R,전통시장,1001315,2,2,0,0,0,0,1,1,0,0,0,0,1,1,0,0,0,0,0,0,0,2,0,2,동서시장
2017,1,R,전통시장,1001314,13,8,5,0,0,0,2,3,8,0,0,0,2,3,3,0,0,0,0,0,5,10,0,10,경동시장
2017,1,R,전통시장,1001313,482,256,226,34,83,84,68,74,139,18,36,48,44,41,69,16,47,36,24,33,70,283,0,283,청량리수산시장
2017,1,R,전통시장,1001312,19,13,6,0,2,2,5,1,9,0,1,2,4,1,5,0,1,0,1,0,4,14,0,14,용두시장
2017,1,R,전통시장,1001311,2,2,0,0,0,1,0,0,1,0,0,1,0,0,1,0,0,0,0,0,0,2,0,2,동부청과시장
2017,1,R,전통시장,1001310,148,76,72,19,19,20,23,23,44,8,9,13,13,10,23,11,10,7,10,13,21,68,0,68,구의시장
2017,1,R,전통시장,1001309,76,31,45,3,35,9,3,7,19,2,14,4,0,4,7,1,21,5,3,3,12,54,0,54,조양시장
2017,1,R,전통시장,1001308,1268,646,622,127,179,162,236,226,338,69,91,88,127,123,148,58,88,74,109,103,190,659,0,659,영동교골목시장
2017,1,R,전통시장,1001307,407,208,199,48,62,47,56,86,108,25,29,23,28,47,56,23,33,24,28,39,52,204,0,204,능동로골목시장
2017,1,R,전통시장,1001306,335,177,158,27,42,42,48,87,89,19,26,23,26,49,34,8,16,19,22,38,55,188,0,188,노룬산골목시장
2017,1,R,전통시장,1001305,61,33,28,14,7,12,8,13,7,6,3,8,5,6,5,8,4,4,3,7,2,21,0,21,자양종합시장
2017,1,R,전통시장,1001304,2003,976,1027,273,318,357,325,360,370,136,157,181,163,171,168,137,161,176,162,189,202,912,0,912,자양골목시장
2017,1,R,전통시장,1001303,101,45,56,14,14,10,17,18,28,7,7,5,8,5,13,7,7,5,9,13,15,42,0,42,신성골목시장
2017,1,R,전통시장,1001302,477,243,234,70,63,74,82,85,103,40,28,35,46,46,48,30,35,39,36,39,55,219,0,219,면곡골목시장
2017,1,R,전통시장,1001301,862,431,431,122,112,138,125,173,192,64,54,79,55,87,92,58,58,59,70,86,100,379,0,379,중곡제일시장
2017,1,R,전통시장,1001300,938,413,525,59,347,217,92,100,123,31,126,104,51,48,53,28,221,113,41,52,70,634,0,634,화양제일골목시장
2017,1,R,전통시장,1001299,13,6,7,0,4,3,2,1,3,0,1,1,1,1,2,0,3,2,1,0,1,12,0,12,한아름시장
2017,1,R,전통시장,1001298,2076,1042,1034,265,305,299,349,394,464,132,155,156,185,203,211,133,150,143,164,191,253,973,0,973,성동용답상가시장
2017,1,R,전통시장,1001297,600,316,284,69,75,68,101,134,153,36,47,41,52,72,68,33,28,27,49,62,85,308,74,234,뚝도시장
2017,1,R,전통시장,1001296,249,128,121,19,22,37,37,44,90,11,12,21,24,23,37,8,10,16,13,21,53,143,0,143,금남시장
2017,1,R,전통시장,1001295,1510,770,740,168,276,226,220,282,338,82,131,131,113,151,162,86,145,95,107,131,176,810,0,810,행당시장
2017,1,R,전통시장,1001294,357,202,155,41,37,44,57,63,115,27,25,24,33,40,53,14,12,20,24,23,62,196,2,194,마장축산물시장
2017,1,R,전통시장,1001293,7,3,4,0,0,1,1,0,5,0,0,1,0,0,2,0,0,0,1,0,3,4,0,4,보광시장
2017,1,R,전통시장,1001292,41,19,22,3,7,6,7,6,12,2,2,3,5,2,5,1,5,3,2,4,7,24,0,24,이태원제일시장
2017,1,R,전통시장,1001291,62,30,32,11,4,10,9,10,18,5,0,5,7,4,9,6,4,5,2,6,9,33,24,9,이태원시장
2017,1,R,전통시장,1001290,96,55,41,8,14,13,14,20,27,3,9,9,7,11,16,5,5,4,7,9,11,52,27,25,이촌종합시장
2017,1,R,전통시장,1001289,425,209,216,41,75,68,58,68,115,20,40,44,31,32,42,21,35,24,27,36,73,231,0,231,용문전통시장
2017,1,R,전통시장,1001288,30,19,11,0,2,1,4,12,11,0,1,1,3,8,6,0,1,0,1,4,5,21,0,21,만리시장
2017,1,R,전통시장,1001287,134,69,65,10,17,18,9,28,52,3,9,9,6,18,24,7,8,9,3,10,28,81,0,81,신흥시장
2017,1,R,전통시장,1001286,289,146,143,21,51,35,36,63,83,11,26,21,24,27,37,10,25,14,12,36,46,161,28,133,후암시장
2017,1,R,전통시장,1001285,75,53,22,4,5,11,13,19,23,2,1,7,12,15,16,2,4,4,1,4,7,69,0,69,합동(새벽)시장
2017,1,R,전통시장,1001284,1123,597,526,101,123,134,150,218,397,57,70,81,84,121,184,44,53,53,66,97,213,622,0,622,서울중앙시장
2017,1,R,전통시장,1001283,890,465,425,89,108,126,134,176,257,41,67,69,76,94,118,48,41,57,58,82,139,439,0,439,백학시장
2017,1,R,전통시장,1001282,1034,497,537,128,167,145,177,148,269,67,77,65,97,75,116,61,90,80,80,73,153,528,18,510,약수시장
2017,1,R,전통시장,1001281,1,1,0,0,0,0,1,0,0,0,0,0,1,0,0,0,0,0,0,0,0,1,0,1,청평화시장
2017,1,R,전통시장,1001279,60,26,34,3,8,6,7,21,15,2,4,1,5,8,6,1,4,5,2,13,9,39,28,11,동평화시장
2017,1,R,전통시장,1001277,305,198,107,21,38,34,49,61,102,12,22,23,33,41,67,9,16,11,16,20,35,209,22,187,방산종합시장
2017,1,R,전통시장,1001276,1,1,0,0,0,0,0,0,1,0,0,0,0,0,1,0,0,0,0,0,0,1,0,1,평화시장
2017,1,R,전통시장,1001275,151,86,65,10,23,11,19,38,50,5,13,6,12,23,27,5,10,5,7,15,23,84,37,47,인현시장
2017,1,R,전통시장,1001274,277,182,95,11,16,25,43,74,108,9,8,14,28,57,66,2,8,11,15,17,42,213,0,213,신중부시장
2017,1,R,전통시장,1001273,83,48,35,1,5,9,12,23,33,1,4,5,8,15,15,0,1,4,4,8,18,64,0,64,남대문시장
2017,1,R,전통시장,1001272,17,12,5,0,1,1,2,4,9,0,1,1,2,3,5,0,0,0,0,1,4,15,0,15,신설종합시장
2017,1,R,전통시장,1001271,827,462,365,51,190,120,104,139,223,22,84,69,66,94,127,29,106,51,38,45,96,615,63,552,동묘시장
2017,1,R,전통시장,1001270,434,229,205,43,49,44,72,84,142,21,35,27,40,46,60,22,14,17,32,38,82,248,0,248,창신골목시장
2017,1,R,전통시장,1001269,73,37,36,6,6,13,14,13,21,2,4,8,4,8,11,4,2,5,10,5,10,40,36,4,동문시장
2017,1,R,전통시장,1001268,172,87,85,20,23,11,35,36,47,9,12,6,18,21,21,11,11,5,17,15,26,83,0,83,충신시장
2017,1,R,전통시장,1001267,119,78,41,2,13,7,21,34,42,1,9,6,17,24,21,1,4,1,4,10,21,91,0,91,종로신진시장
2017,1,R,전통시장,1001266,3,3,0,0,0,0,1,2,0,0,0,0,1,2,0,0,0,0,0,0,0,3,0,3,동대문종합시장
2017,1,R,전통시장,1001265,52,24,28,2,4,1,5,15,25,2,2,0,1,10,9,0,2,1,4,5,16,41,0,41,광장시장
2017,1,R,전통시장,1001264,791,374,417,115,96,114,124,124,218,68,42,52,62,55,95,47,54,62,62,69,123,368,43,325,통인시장
2017,1,D,발달상권,1001263,244,152,92,14,46,29,53,42,60,6,19,19,32,32,44,8,27,10,21,10,16,186,0,186,서울 노원구 노원역_3
2017,1,D,발달상권,1001262,33,28,5,0,4,3,8,10,8,0,1,3,8,9,7,0,3,0,0,1,1,32,0,32,서울 노원구 노원역_2
2017,1,D,발달상권,1001261,690,309,381,120,92,102,114,123,139,49,51,44,50,55,60,71,41,58,64,68,79,273,268,5,서울 노원구 노원역_1
2017,1,D,발달상권,1001260,404,262,142,16,99,71,81,74,63,6,42,43,64,58,49,10,57,28,17,16,14,343,0,343,창동역
2017,1,D,발달상권,1001259,703,378,325,52,138,131,102,122,158,29,57,66,57,78,91,23,81,65,45,44,67,463,0,463,서울 강북구 수유역_3
2017,1,D,발달상권,1001258,205,95,110,38,18,55,58,21,15,18,8,30,26,9,4,20,10,25,32,12,11,111,0,111,등나무근린공원 주변
2017,1,D,발달상권,1001257,2079,1047,1032,135,371,380,354,331,508,69,169,206,188,186,229,66,202,174,166,145,279,1353,0,1353,서울 강북구 수유역_2
2017,1,D,발달상권,1001256,812,403,409,86,170,173,128,120,135,49,66,84,76,66,62,37,104,89,52,54,73,444,28,416,서울 강북구 수유역_1
2017,1,D,발달상권,1001255,82,52,30,5,22,5,18,16,16,2,13,4,10,12,11,3,9,1,8,4,5,64,0,64,서울 은평구 연신내역_3
2017,1,D,발달상권,1001254,1190,607,583,133,221,253,190,172,221,74,106,141,106,85,95,59,115,112,84,87,126,664,0,664,서울 은평구 연신내역_2
2017,1,D,발달상권,1001253,256,111,145,27,57,55,35,47,35,17,21,16,16,24,17,10,36,39,19,23,18,160,0,160,서울 은평구 연신내역_1
2017,1,D,발달상권,1001252,491,269,222,30,88,67,52,109,145,16,56,34,33,58,72,14,32,33,19,51,73,253,0,253,서울 성북구 미아삼거리역_2
2017,1,D,발달상권,1001251,394,229,165,22,37,50,81,87,117,16,28,28,52,43,62,6,9,22,29,44,55,245,0,245,서울 강북구 미아삼거리역_1
2017,1,D,발달상권,1001250,789,350,439,62,240,265,89,65,68,36,75,134,44,31,30,26,165,131,45,34,38,559,66,493,서울 은평구 불광역_3
2017,1,D,발달상권,1001249,673,340,333,47,175,140,88,97,126,23,82,76,50,48,61,24,93,64,38,49,65,447,0,447,서울 은평구 불광역_2
2017,1,D,발달상권,1001248,577,274,303,41,111,113,68,92,152,21,45,62,32,42,72,20,66,51,36,50,80,343,24,319,서울 은평구 불광역_1
2017,1,D,발달상권,1001247,111,56,55,9,17,14,15,22,34,4,10,9,8,13,12,5,7,5,7,9,22,60,0,60,미아사거리_2
2017,1,D,발달상권,1001246,950,463,487,150,163,170,169,144,154,86,62,79,86,69,81,64,101,91,83,75,73,436,225,211,미아사거리_1
2017,1,D,발달상권,1001245,1091,505,586,80,307,217,159,150,178,41,121,96,83,77,87,39,186,121,76,73,91,740,0,740,서울 성북구 성신여대입구역
2017,1,D,발달상권,1001244,406,190,216,38,133,69,47,42,77,18,55,36,26,20,35,20,78,33,21,22,42,269,0,269,경희대학교
2017,1,D,발달상권,1001243,404,183,221,30,175,55,29,42,73,14,73,25,19,20,32,16,102,30,10,22,41,275,0,275,서울 성북구 안암역
2017,1,D,발달상권,1001242,680,307,373,50,231,118,78,73,130,23,97,57,38,36,56,27,134,61,40,37,74,468,0,468,혜화역 대학로_3
2017,1,D,발달상권,1001241,816,395,421,83,299,162,81,69,122,41,137,81,51,32,53,42,162,81,30,37,69,548,22,526,혜화역 대학로_2
2017,1,D,발달상권,1001240,543,241,302,56,132,107,74,69,105,26,56,50,34,33,42,30,76,57,40,36,63,322,0,322,혜화역 대학로_1
2017,1,D,발달상권,1001239,1055,496,559,224,212,201,217,137,64,110,80,92,109,75,30,114,132,109,108,62,34,500,101,399,디지털미디어시티
2017,1,D,발달상권,1001238,2964,1505,1459,356,408,400,401,527,872,159,200,207,218,280,441,197,208,193,183,247,431,1424,699,725,서울 동대문구 청량리역
2017,1,D,발달상권,1001237,306,142,164,40,38,68,44,43,73,21,21,34,16,17,33,19,17,34,28,26,40,169,0,169,서울 종로구 경복궁역_2
2017,1,D,발달상권,1001236,293,138,155,37,37,26,49,58,86,19,20,12,19,28,40,18,17,14,30,30,46,144,0,144,서울 종로구 안국역_2
2017,1,D,발달상권,1001235,125,57,68,16,7,21,20,18,43,9,4,8,11,13,12,7,3,13,9,5,31,72,0,72,서울 종로구 안국역_1
2017,1,D,발달상권,1001234,689,319,370,78,95,104,119,114,179,38,43,52,56,53,77,40,52,52,63,61,102,342,0,342,서울 종로구 경복궁역_1
2017,1,D,발달상권,1001233,157,117,40,9,12,8,26,53,49,5,8,5,19,43,37,4,4,3,7,10,12,110,0,110,서울 종로구 종로3가역_3
2017,1,D,발달상권,1001232,2508,1705,803,69,105,145,311,689,1189,42,75,91,235,538,724,27,30,54,76,151,465,2142,0,2142,서울 종로구 종로3가역_2
2017,1,D,발달상권,1001231,337,211,126,12,76,74,52,49,74,8,34,37,40,37,55,4,42,37,12,12,19,284,0,284,서울 동대문구 신설동역_2
2017,1,D,발달상권,1001230,807,441,366,74,78,108,121,137,289,44,43,58,73,78,145,30,35,50,48,59,144,485,175,310,인사동
2017,1,D,발달상권,1001229,285,161,124,20,35,37,40,57,96,13,17,25,27,34,45,7,18,12,13,23,51,174,0,174,서울 종로구 종로5가역_4
2017,1,D,발달상권,1001228,818,502,316,48,53,90,134,183,310,29,28,54,89,127,175,19,25,36,45,56,135,579,0,579,서울 종로구 종로5가역_3
2017,1,D,발달상권,1001227,556,305,251,42,84,75,91,118,146,25,45,45,48,66,76,17,39,30,43,52,70,354,101,253,종로구청
2017,1,D,발달상권,1001226,1970,981,989,247,407,365,259,278,414,119,197,182,133,143,207,128,210,183,126,135,207,1076,0,1076,서울 종로구 종로5가역_2
2017,1,D,발달상권,1001225,349,207,142,11,105,70,52,49,62,5,39,42,36,39,46,6,66,28,16,10,16,284,0,284,신설동역
2017,1,D,발달상권,1001224,167,121,46,4,18,32,11,39,63,2,7,20,10,32,50,2,11,12,1,7,13,133,0,133,서울 동대문구 신설동역_1
2017,1,D,발달상권,1001223,2349,1058,1291,353,252,450,374,329,591,178,107,185,162,161,265,175,145,265,212,168,326,1118,620,498,서울 종로구 광화문역_2
2017,1,D,발달상권,1001222,915,461,454,134,124,126,142,174,215,75,64,62,79,86,95,59,60,64,63,88,120,369,237,132,동묘앞역
2017,1,D,발달상권,1001221,3634,1829,1805,440,623,953,604,472,542,231,287,508,313,231,259,209,336,445,291,241,283,1949,229,1720,장안동사거리
2017,1,D,발달상권,1001220,662,422,240,26,61,72,76,190,237,11,33,53,53,131,141,15,28,19,23,59,96,491,0,491,서울 종로구 동대문역_2
2017,1,D,발달상권,1001219,136,71,65,18,19,14,22,27,36,8,7,7,14,14,21,10,12,7,8,13,15,71,0,71,서울 종로구 동대문역_1
2017,1,D,발달상권,1001218,36,19,17,1,2,6,4,8,15,0,0,2,3,5,9,1,2,4,1,3,6,29,0,29,동대문시장_2
2017,1,D,발달상권,1001217,25,6,19,0,0,0,3,5,17,0,0,0,2,0,4,0,0,0,1,5,13,22,0,22,서울 종로구 종로5가역_1
2017,1,D,발달상권,1001216,167,132,35,4,37,13,23,43,47,2,32,9,21,33,35,2,5,4,2,10,12,149,0,149,서울 종로구 종로3가역_1
2017,1,D,발달상권,1001215,10,8,2,1,0,0,4,2,3,0,0,0,3,2,3,1,0,0,1,0,0,8,0,8,서울 종로구 광화문역_1
2017,1,D,발달상권,1001214,3,1,2,0,0,1,0,2,0,0,0,0,0,1,0,0,0,1,0,1,0,3,1,2,종각역
2017,1,D,발달상권,1001213,113,78,35,5,28,21,13,22,24,2,22,16,8,13,17,3,6,5,5,9,7,93,0,93,종각역 젊음의 거리
2017,1,D,발달상권,1001212,118,86,32,6,3,8,18,37,46,1,2,6,15,31,31,5,1,2,3,6,15,94,0,94,서대문구 서대문역_1
2017,1,D,발달상권,1001211,35,22,13,1,1,7,3,11,12,1,0,4,3,8,6,0,1,3,0,3,6,30,0,30,동대문시장_1
2017,1,D,발달상권,1001210,224,112,112,37,22,74,45,24,22,18,11,37,20,14,12,19,11,37,25,10,10,123,0,123,시청역_2
2017,1,D,발달상권,1001209,91,56,35,8,1,14,11,23,34,5,1,8,6,12,24,3,0,6,5,11,10,62,0,62,서울시청
2017,1,D,발달상권,1001208,556,374,182,15,34,35,69,138,265,8,18,23,50,108,167,7,16,12,19,30,98,445,60,385,서울 중구 을지로3가역_2
2017,1,D,발달상권,1001207,325,169,156,20,73,61,51,59,61,11,27,30,31,36,34,9,46,31,20,23,27,216,0,216,서울 중구 신당역_2
2017,1,D,발달상권,1001206,881,427,454,71,187,191,128,148,156,34,67,103,72,84,67,37,120,88,56,64,89,552,0,552,서대문구 서대문역_2
2017,1,D,발달상권,1001205,442,271,171,12,49,58,72,101,150,3,28,32,47,69,92,9,21,26,25,32,58,323,11,312,동대문역사문화공원역
2017,1,D,발달상권,1001204,239,164,75,9,13,18,35,59,105,3,6,11,25,45,74,6,7,7,10,14,31,187,0,187,서울 중구 을지로3가역_1
2017,1,D,발달상권,1001203,639,73,566,7,19,68,129,140,276,0,6,7,16,24,20,7,13,61,113,116,256,100,0,100,명동거리
2017,1,D,발달상권,1001202,1,1,0,0,0,1,0,0,0,0,0,1,0,0,0,0,0,0,0,0,0,1,0,1,롯데백화점
2017,1,D,발달상권,1001201,954,516,438,93,120,121,157,214,249,52,70,74,81,120,119,41,50,47,76,94,130,533,42,491,서울 중구 신당역_1
2017,1,D,발달상권,1001200,266,166,100,3,19,31,47,63,103,0,10,27,29,38,62,3,9,4,18,25,41,229,0,229,북창동
2017,1,D,발달상권,1001199,1453,758,695,121,189,222,184,275,462,61,96,116,113,148,224,60,93,106,71,127,238,773,464,309,서울 중구 충무로역_2
2017,1,D,발달상권,1001198,2146,1026,1120,175,446,364,276,366,519,92,184,194,147,182,227,83,262,170,129,184,292,1352,37,1315,서울 강서구 송정역
2017,1,D,발달상권,1001197,1136,632,504,111,183,226,192,193,231,62,75,129,116,126,124,49,108,97,76,67,107,652,50,602,장한평역_2
2017,1,D,발달상권,1001196,320,158,162,55,28,89,58,42,48,28,9,41,33,23,24,27,19,48,25,19,24,145,0,145,시청역_1
2017,1,D,발달상권,1001195,454,210,244,59,88,66,79,69,93,22,37,35,40,35,41,37,51,31,39,34,52,243,0,243,왕십리역_2
2017,1,D,발달상권,1001194,106,50,56,2,20,39,19,19,7,0,6,18,10,12,4,2,14,21,9,7,3,79,0,79,서울 강서구 발산역
2017,1,D,발달상권,1001193,211,126,85,12,32,23,46,48,50,8,22,12,32,27,25,4,10,11,14,21,25,125,24,101,장한평역_1
2017,1,D,발달상권,1001192,820,407,413,66,112,102,118,153,269,27,55,60,70,80,115,39,57,42,48,73,154,530,0,530,서울 중구 충무로역_1
2017,1,D,발달상권,1001191,3,2,1,0,0,0,1,2,0,0,0,0,1,1,0,0,0,0,0,1,0,2,0,2,왕십리역_1
2017,1,D,발달상권,1001190,1104,832,272,24,165,259,244,270,142,15,72,172,214,250,109,9,93,87,30,20,33,956,0,956,장한평역
2017,1,D,발달상권,1001189,1283,616,667,131,161,171,209,236,375,62,69,86,109,110,180,69,92,85,100,126,195,698,16,682,서울 중구 명동역
2017,1,D,발달상권,1001188,307,167,140,27,82,42,48,33,75,13,45,25,31,21,32,14,37,17,17,12,43,204,34,170,장충동 족발거리
2017,1,D,발달상권,1001187,982,471,511,42,577,148,53,58,104,19,271,80,28,29,44,23,306,68,25,29,60,783,0,783,한양시장
2017,1,D,발달상권,1001186,1306,489,817,61,378,173,187,163,344,21,72,75,100,76,145,40,306,98,87,87,199,986,61,925,서울 서대문구 이대역
2017,1,D,발달상권,1001185,2803,1404,1399,155,1159,482,290,286,431,79,538,258,175,159,195,76,621,224,115,127,236,2089,79,2010,서울 서대문구 신촌역
2017,1,D,발달상권,1001184,189,85,104,10,47,59,33,19,21,5,20,24,18,8,10,5,27,35,15,11,11,149,0,149,서울 마포구 홍대입구역_3
2017,1,D,발달상권,1001183,563,260,303,63,102,129,65,59,145,33,46,51,34,28,68,30,56,78,31,31,77,291,0,291,서울 마포구 홍대입구역_2
2017,1,D,발달상권,1001182,5383,2540,2843,456,1349,1344,763,546,925,226,603,659,396,254,402,230,746,685,367,292,523,3394,127,3267,홍익대학교 주변
2017,1,D,발달상권,1001181,1706,791,915,141,424,446,184,232,279,70,168,205,104,107,137,71,256,241,80,125,142,1034,0,1034,서울 광진구 군자역
2017,1,D,발달상권,1001180,1266,652,614,73,400,277,168,132,216,43,192,139,92,75,111,30,208,138,76,57,105,941,26,915,신촌역
2017,1,D,발달상권,1001179,2791,1347,1444,317,544,660,457,391,422,162,184,333,268,206,194,155,360,327,189,185,228,1675,110,1565,강서구청
2017,1,D,발달상권,1001178,662,343,319,62,110,177,110,65,138,26,57,105,56,38,61,36,53,72,54,27,77,402,0,402,서울 마포구 홍대입구역_1
2017,1,D,발달상권,1001177,52,29,23,5,5,8,11,4,19,4,2,3,8,1,11,1,3,5,3,3,8,26,0,26,서울 중구 약수역_2
2017,1,D,발달상권,1001176,13,8,5,1,3,3,2,1,3,1,2,1,2,0,2,0,1,2,0,1,1,10,0,10,서울 중구 약수역_1
2017,1,D,발달상권,1001175,2671,1339,1332,588,407,306,496,512,362,325,232,134,225,250,173,263,175,172,271,262,189,868,637,231,서울 강동구 고덕역
2017,1,D,발달상권,1001174,1035,474,561,116,233,291,131,120,144,63,72,150,69,60,60,53,161,141,62,60,84,548,23,525,등촌역
2017,1,D,발달상권,1001173,2014,1013,1001,303,258,316,339,335,463,165,129,164,170,167,218,138,129,152,169,168,245,1001,8,993,서울 강동구 명일역
2017,1,D,발달상권,1001172,662,379,283,86,135,106,120,116,99,48,67,66,73,73,52,38,68,40,47,43,47,346,78,268,어린이대공원역
2017,1,D,발달상권,1001171,31,16,15,1,7,2,4,7,10,0,4,1,3,4,4,1,3,1,1,3,6,19,0,19,서울 마포구 공덕역_2
2017,1,D,발달상권,1001170,385,193,192,42,61,44,57,96,85,16,32,22,28,46,49,26,29,22,29,50,36,162,120,42,공덕역
2017,1,D,발달상권,1001169,513,286,227,33,76,80,82,102,140,17,47,42,49,60,71,16,29,38,33,42,69,321,0,321,서울 용산구 숙대입구역
2017,1,D,발달상권,1001168,180,87,93,5,54,55,26,17,23,1,22,31,16,6,11,4,32,24,10,11,12,139,0,139,남영역
2017,1,D,발달상권,1001167,570,267,303,89,107,100,97,125,52,48,48,45,43,58,25,41,59,55,54,67,27,215,0,215,서울 마포구 공덕역_1
2017,1,D,발달상권,1001166,3271,1491,1780,508,433,868,683,382,397,249,167,398,327,181,169,259,266,470,356,201,228,1707,425,1282,서울 마포구 마포역_2
2017,1,D,발달상권,1001165,2078,923,1155,132,770,458,214,172,332,69,287,224,109,88,146,63,483,234,105,84,186,1437,0,1437,서울 광진구 건대입구역_2
2017,1,D,발달상권,1001164,913,454,459,99,131,187,136,147,213,58,60,95,74,69,98,41,71,92,62,78,115,510,0,510,서울 마포구 마포역_1
2017,1,D,발달상권,1001163,4441,2212,2229,355,699,1090,685,752,860,180,321,533,376,388,414,175,378,557,309,364,446,2704,962,1742,서울 강동구 천호역_2
2017,1,D,발달상권,1001162,1112,525,587,89,240,206,173,164,240,42,98,99,86,81,119,47,142,107,87,83,121,654,0,654,서울 광진구 건대입구역_1
2017,1,D,발달상권,1001161,540,229,311,25,15,18,23,19,440,14,4,5,10,8,188,11,11,13,13,11,252,296,0,296,건대입구역
2017,1,D,발달상권,1001160,1974,918,1056,151,468,486,310,269,290,72,171,236,175,127,137,79,297,250,135,142,153,1284,0,1284,서울 광진구 구의역
2017,1,D,발달상권,1001159,323,154,169,28,45,65,55,46,84,15,21,31,27,20,40,13,24,34,28,26,44,174,0,174,서울 강동구 천호역
2017,1,D,발달상권,1001158,527,216,311,27,197,132,54,50,67,14,55,56,28,30,33,13,142,76,26,20,34,401,0,401,당산역_2
2017,1,D,발달상권,1001157,338,164,174,42,60,47,56,55,78,18,32,25,31,28,30,24,28,22,25,27,48,175,0,175,서울 강동구 천호역_1
2017,1,D,발달상권,1001156,3018,1495,1523,195,850,723,447,417,386,95,308,372,285,227,208,100,542,351,162,190,178,2070,0,2070,서울 강동구 길동역
2017,1,D,발달상권,1001155,586,334,252,49,82,141,100,69,145,23,46,95,66,41,63,26,36,46,34,28,82,336,35,301,용산 전자상가_5
2017,1,D,발달상권,1001154,655,330,325,131,63,124,146,77,114,74,39,55,79,38,45,57,24,69,67,39,69,271,0,271,용산 전자상가_4
2017,1,D,발달상권,1001153,1043,506,537,82,314,329,110,108,100,43,120,171,65,60,47,39,194,158,45,48,53,677,101,576,당산역_1
2017,1,D,발달상권,1001152,194,90,104,28,33,21,22,33,57,14,15,7,10,13,31,14,18,14,12,20,26,67,64,3,서울 광진구 강변역
2017,1,D,발달상권,1001151,235,118,117,20,34,45,30,41,65,11,18,23,17,17,32,9,16,22,13,24,33,110,73,37,용산 전자상가_3
2017,1,D,발달상권,1001150,953,507,446,68,164,180,153,174,214,35,88,103,80,101,100,33,76,77,73,73,114,603,0,603,서울 용산구 이태원역
2017,1,D,발달상권,1001149,189,102,87,9,35,21,30,32,62,5,22,13,17,16,29,4,13,8,13,16,33,124,0,124,한남오거리
2017,1,D,발달상권,1001148,61,34,27,4,14,14,14,7,8,2,1,6,12,6,7,2,13,8,2,1,1,55,0,55,목동사거리
2017,1,D,발달상권,1001147,163,87,76,24,28,37,17,30,27,16,13,18,11,16,13,8,15,19,6,14,14,64,0,64,용산 전자상가_2
2017,1,D,발달상권,1001146,114,52,62,18,13,21,22,10,30,7,7,9,13,3,13,11,6,12,9,7,17,59,0,59,용산구청
2017,1,D,발달상권,1001145,350,198,152,42,44,102,73,53,36,17,23,54,49,33,22,25,21,48,24,20,14,206,0,206,용산 전자상가_1
2017,1,D,발달상권,1001144,648,342,306,34,108,174,126,114,92,21,47,82,73,70,49,13,61,92,53,44,43,489,33,456,국회의사당역_2
2017,1,D,발달상권,1001143,1062,520,542,28,52,101,156,206,519,19,29,51,86,112,223,9,23,50,70,94,296,821,0,821,서울 용산구 신용산역
2017,1,D,발달상권,1001141,1363,659,704,205,162,274,280,169,273,99,78,130,146,86,120,106,84,144,134,83,153,697,235,462,압구정 로데오거리_2
2017,1,D,발달상권,1001140,1975,872,1103,253,321,409,343,234,415,131,140,161,146,114,180,122,181,248,197,120,235,1011,38,973,서울 강남구 압구정역
2017,1,D,발달상권,1001139,1345,678,667,90,263,262,192,219,319,44,124,126,98,129,157,46,139,136,94,90,162,905,0,905,서울 영등포구 영등포구청역
2017,1,D,발달상권,1001138,596,282,314,90,62,89,90,83,182,44,34,37,37,42,88,46,28,52,53,41,94,245,0,245,압구정 로데오거리_1
2017,1,D,발달상권,1001137,803,435,368,116,114,119,163,127,164,74,66,64,79,76,76,42,48,55,84,51,88,387,22,365,서울 강동구 둔촌동역
2017,1,D,발달상권,1001136,893,421,472,227,114,101,203,126,122,111,49,41,99,59,62,116,65,60,104,67,60,265,223,42,오목교역
2017,1,D,발달상권,1001135,4038,1858,2180,557,593,904,742,489,753,293,238,399,358,236,334,264,355,505,384,253,419,2212,86,2126,신사동 가로수길
2017,1,D,발달상권,1001134,13,10,3,1,1,1,4,4,2,0,1,1,3,3,2,1,0,0,1,1,0,10,0,10,서울 영등포구 여의도역_2
2017,1,D,발달상권,1001133,892,397,495,62,77,115,181,153,304,26,40,54,84,70,123,36,37,61,97,83,181,593,0,593,청담사거리_3
2017,1,D,발달상권,1001132,415,239,176,35,52,66,70,69,123,18,32,42,46,39,62,17,20,24,24,30,61,226,0,226,영등포유통상가
2017,1,D,발달상권,1001131,1072,481,591,188,150,228,218,151,137,98,59,90,100,69,65,90,91,138,118,82,72,500,335,165,청담역_2
2017,1,D,발달상권,1001130,210,100,110,48,31,25,36,33,37,22,17,11,17,17,16,26,14,14,19,16,21,67,0,67,청담역_1
2017,1,D,발달상권,1001129,354,168,186,50,45,61,60,54,84,20,26,28,29,25,40,30,19,33,31,29,44,133,0,133,청담사거리_2
2017,1,D,발달상권,1001128,262,116,146,36,45,56,53,37,35,16,19,26,25,18,12,20,26,30,28,19,23,134,0,134,청담사거리_1
2017,1,D,발달상권,1001127,2651,1289,1362,466,337,363,439,461,585,249,146,164,204,232,294,217,191,199,235,229,291,957,845,112,서울 영등포구 여의도역_1
2017,1,D,발달상권,1001126,279,137,142,24,51,38,36,57,73,15,25,21,19,24,33,9,26,17,17,33,40,150,0,150,서울 양천구 신정네거리역_2
2017,1,D,발달상권,1001125,493,248,245,94,63,89,98,62,87,57,35,35,48,27,46,37,28,54,50,35,41,190,114,76,학동사거리_2
2017,1,D,발달상권,1001124,1471,946,525,50,92,142,255,357,575,27,55,94,175,259,336,23,37,48,80,98,239,1132,0,1132,서울 영등포구 영등포시장역
2017,1,D,발달상권,1001123,481,236,245,50,77,106,89,56,103,26,30,51,44,34,51,24,47,55,45,22,52,283,51,232,학동사거리_1
2017,1,D,발달상권,1001122,1453,693,760,237,161,194,221,229,411,125,85,76,106,113,188,112,76,118,115,116,223,582,116,466,여의도 시범아파트앞
2017,1,D,발달상권,1001121,411,252,159,11,116,97,51,61,75,8,43,62,38,46,55,3,73,35,13,15,20,348,0,348,영등포역_3
2017,1,D,발달상권,1001120,421,191,230,58,71,114,58,48,72,31,29,53,25,20,33,27,42,61,33,28,39,218,72,146,도산공원사거리_1
2017,1,D,발달상권,1001119,620,461,159,14,101,73,116,165,151,9,39,56,110,139,108,5,62,17,6,26,43,559,0,559,영등포역_2
2017,1,D,발달상권,1001118,1501,758,743,240,147,227,240,261,386,123,80,108,125,142,180,117,67,119,115,119,206,706,224,482,문래동 주민센터
2017,1,D,발달상권,1001117,1047,484,563,73,208,296,166,121,183,38,83,129,95,61,78,35,125,167,71,60,105,659,0,659,강남구 신사역_2
2017,1,D,발달상권,1001116,226,126,100,3,110,57,24,22,10,1,45,36,18,18,8,2,65,21,6,4,2,207,0,207,영등포역_1
2017,1,D,발달상권,1001115,708,357,351,33,56,123,161,135,200,14,30,54,80,91,88,19,26,69,81,44,112,524,0,524,서울 강남구 강남구청역_2
2017,1,D,발달상권,1001114,830,451,379,50,138,196,162,116,168,29,66,103,100,64,89,21,72,93,62,52,79,552,0,552,강남구 신사역_1
2017,1,D,발달상권,1001113,22,16,6,0,2,4,3,6,7,0,1,4,3,6,2,0,1,0,0,0,5,18,0,18,서울 동작구 노량진1동_1
2017,1,D,발달상권,1001112,140,76,64,4,22,40,25,22,27,3,11,24,12,12,14,1,11,16,13,10,13,96,0,96,서울 강남구 학동역_3
2017,1,D,발달상권,1001111,580,286,294,53,111,158,104,81,73,28,52,70,48,48,40,25,59,88,56,33,33,387,44,343,서울 강남구 강남구청역_1
2017,1,D,발달상권,1001110,2449,1163,1286,359,378,352,317,454,589,177,192,159,129,206,300,182,186,193,188,248,289,849,787,62,잠실역
2017,1,D,발달상권,1001109,1938,955,983,164,365,518,342,255,294,88,167,240,172,147,141,76,198,278,170,108,153,1206,20,1186,강남구 논현역_4
2017,1,D,발달상권,1001108,483,185,298,23,95,174,76,58,57,13,34,59,31,26,22,10,61,115,45,32,35,342,0,342,학동역
2017,1,D,발달상권,1001107,1510,818,692,119,263,376,252,253,247,68,124,204,151,144,127,51,139,172,101,109,120,930,0,930,방이동 먹자골목
2017,1,D,발달상권,1001106,100,48,52,3,28,34,12,10,13,0,9,19,8,6,6,3,19,15,4,4,7,72,0,72,서울 강남구 학동역_2
2017,1,D,발달상권,1001105,1110,542,568,59,583,179,93,74,122,25,263,114,55,34,51,34,320,65,38,40,71,923,0,923,서울 동작구 노량진역
2017,1,D,발달상권,1001104,52,38,14,0,15,8,7,8,14,0,11,6,6,4,11,0,4,2,1,4,3,36,0,36,삼성역_3
2017,1,D,발달상권,1001103,19,11,8,6,1,1,3,4,4,3,0,1,1,3,3,3,1,0,2,1,1,10,0,10,코엑스
2017,1,D,발달상권,1001102,936,421,515,84,203,261,154,86,148,42,86,111,75,39,68,42,117,150,79,47,80,539,0,539,서울 강남구 학동역_1
2017,1,D,발달상권,1001101,3151,1424,1727,418,480,764,620,386,483,212,211,322,285,192,202,206,269,442,335,194,281,1861,13,1848,선정릉역_2
2017,1,D,발달상권,1001100,78,38,40,5,14,23,10,9,17,3,7,11,5,4,8,2,7,12,5,5,9,44,0,44,강남구 논현역_3
2017,1,D,발달상권,1001099,662,342,320,63,134,145,120,102,98,38,64,77,57,62,44,25,70,68,63,40,54,383,22,361,포스코사거리_2
2017,1,D,발달상권,1001098,2142,1026,1116,248,349,541,378,293,333,123,158,243,204,148,150,125,191,298,174,145,183,1221,51,1170,포스코사거리_1
2017,1,D,발달상권,1001096,4139,1996,2143,775,586,1020,641,644,473,379,288,475,318,296,240,396,298,545,323,348,233,1503,1145,358,신도림역
2017,1,D,발달상권,1001095,4074,1946,2128,324,861,1113,641,480,655,171,377,524,342,239,293,153,484,589,299,241,362,2505,0,2505,강남구 논현역_2
2017,1,D,발달상권,1001094,649,297,352,95,129,125,114,95,91,48,52,56,54,44,43,47,77,69,60,51,48,335,22,313,선정릉역_1
2017,1,D,발달상권,1001093,2859,1377,1482,265,508,697,474,422,493,144,218,342,249,204,220,121,290,355,225,218,273,1673,165,1508,신천역
2017,1,D,발달상권,1001092,2031,996,1035,133,387,540,354,286,331,64,156,257,209,156,154,69,231,283,145,130,177,1407,23,1384,강남구 논현역_1
2017,1,D,발달상권,1001091,7,4,3,0,1,1,1,2,2,0,0,1,1,1,1,0,1,0,0,1,1,3,0,3,삼성역_2
2017,1,D,발달상권,1001090,623,311,312,52,112,178,119,73,89,28,49,80,72,37,45,24,63,98,47,36,44,393,0,393,삼정역_2
2017,1,D,발달상권,1001089,87,42,45,4,16,22,9,18,18,1,7,14,3,8,9,3,9,8,6,10,9,50,0,50,삼정역_1
2017,1,D,발달상권,1001088,1373,687,686,202,242,327,251,166,185,117,106,161,127,83,93,85,136,166,124,83,92,743,0,743,삼성역_1
2017,1,D,발달상권,1001087,2147,1057,1090,147,486,621,336,263,294,69,233,303,179,129,144,78,253,318,157,134,150,1378,0,1378,서울 강남구 선릉역_2
2017,1,D,발달상권,1001085,3207,1624,1583,247,763,949,429,386,433,137,337,485,256,199,210,110,426,464,173,187,223,2231,30,2201,서울 서초구 강남역
2017,1,D,발달상권,1001084,716,356,360,65,98,193,195,77,88,31,41,91,105,45,43,34,57,102,90,32,45,509,1,508,서울 강남구 선릉역_1
2017,1,D,발달상권,1001083,589,282,307,97,84,159,96,63,90,54,38,71,44,30,45,43,46,88,52,33,45,285,6,279,서울 송파구 석촌역_2
2017,1,D,발달상권,1001082,4094,1830,2264,480,695,1210,799,474,436,220,269,491,407,237,206,260,426,719,392,237,230,2531,110,2421,선릉역_2
2017,1,D,발달상권,1001081,996,488,508,79,196,277,159,132,153,46,77,129,92,71,73,33,119,148,67,61,80,623,0,623,서울 강남구 역삼역_2
2017,1,D,발달상권,1001080,215,100,115,26,38,58,34,25,34,16,18,19,19,10,18,10,20,39,15,15,16,116,0,116,서울 송파구 석촌역_1
2017,1,D,발달상권,1001079,7,2,5,0,2,1,1,1,2,0,1,0,0,1,0,0,1,1,1,0,2,5,0,5,석촌역
2017,1,D,발달상권,1001078,1961,897,1064,196,307,406,369,301,382,84,116,191,177,152,177,112,191,215,192,149,205,1117,292,825,서울 강남구 강남역_2
2017,1,D,발달상권,1001077,1209,521,688,246,156,265,292,128,122,97,68,99,132,66,59,149,88,166,160,62,63,544,272,272,선릉역_1
2017,1,D,발달상권,1001076,716,346,370,129,109,205,102,86,85,67,38,102,56,43,40,62,71,103,46,43,45,325,158,167,구로역
2017,1,D,발달상권,1001075,459,308,151,373,21,32,8,11,14,265,3,18,6,8,8,108,18,14,2,3,6,76,7,69,역삼역_2
2017,1,D,발달상권,1001074,2621,1274,1347,252,712,755,419,268,215,116,254,392,244,162,106,136,458,363,175,106,109,1799,0,1799,대림역_2
2017,1,D,발달상권,1001073,5469,2852,2617,380,1078,1457,1034,710,810,194,479,782,608,396,393,186,599,675,426,314,417,3830,16,3814,서울 강남구 역삼역_1
2017,1,D,발달상권,1001072,1249,598,651,120,276,281,184,179,209,58,107,124,106,99,104,62,169,157,78,80,105,773,35,738,신대방삼거리역
2017,1,D,발달상권,1001071,2128,1003,1125,416,350,257,449,344,312,219,167,120,184,174,139,197,183,137,265,170,173,937,0,937,서울 강남구 한티역
2017,1,D,발달상권,1001070,383,201,182,106,39,24,121,64,29,72,17,10,51,39,12,34,22,14,70,25,17,125,90,35,은마아파트입구사거리_4
2017,1,D,발달상권,1001069,340,166,174,74,58,26,87,46,49,39,31,12,38,22,24,35,27,14,49,24,25,140,16,124,은마아파트입구사거리_3
2017,1,D,발달상권,1001068,24,13,11,4,3,3,2,7,5,2,1,3,0,4,3,2,2,0,2,3,2,10,0,10,은마아파트입구사거리_2
2017,1,D,발달상권,1001067,3729,1833,1896,289,923,1106,536,376,499,140,359,589,318,192,235,149,564,517,218,184,264,2565,135,2430,오류동역
2017,1,D,발달상권,1001066,2497,1170,1327,268,671,763,323,234,238,151,282,340,168,110,119,117,389,423,155,124,119,1739,329,1410,서울 강남구 강남역
2017,1,D,발달상권,1001065,194,104,90,47,29,16,44,35,23,29,18,10,22,16,9,18,11,6,22,19,14,66,0,66,은마아파트입구사거리_1
2017,1,D,발달상권,1001064,1767,808,959,100,631,615,234,97,90,51,187,320,144,63,43,49,444,295,90,34,47,1457,36,1421,대림역_1
2017,1,D,발달상권,1001063,1461,711,750,315,226,155,290,197,278,147,120,76,129,104,135,168,106,79,161,93,143,591,41,550,교대역_4
2017,1,D,발달상권,1001062,1333,621,712,165,221,352,229,181,185,77,97,163,116,82,86,88,124,189,113,99,99,708,82,626,서울 강남구 강남역_1
2017,1,D,발달상권,1001061,2711,1305,1406,663,291,402,596,360,399,323,151,183,284,193,171,340,140,219,312,167,228,993,452,541,방배동카페골목
2017,1,D,발달상권,1001059,20,10,10,1,1,6,2,6,4,0,0,2,2,3,3,1,1,4,0,3,1,11,0,11,교대역_3
2017,1,D,발달상권,1001058,2824,1361,1463,332,515,814,440,334,389,160,239,426,212,144,180,172,276,388,228,190,209,1570,43,1527,역삼역_1
2017,1,D,발달상권,1001057,1690,792,898,244,346,353,263,239,245,123,165,160,125,112,107,121,181,193,138,127,138,1014,264,750,교대역_2
2017,1,D,발달상권,1001056,536,298,238,33,72,118,89,105,119,18,28,52,53,78,69,15,44,66,36,27,50,370,0,370,서울 송파구 가락시장역
2017,1,D,발달상권,1001055,63,33,30,8,10,10,9,10,16,3,7,5,5,4,9,5,3,5,4,6,7,26,0,26,서울 서초구 서초역
2017,1,D,발달상권,1001054,615,295,320,191,82,49,142,103,48,94,38,18,66,56,23,97,44,31,76,47,25,193,164,29,서울 강남구 대치역_2
2017,1,D,발달상권,1001053,523,268,255,171,46,41,146,75,44,94,24,19,68,43,20,77,22,22,78,32,24,144,144,0,서울 강남구 대치역_1
2017,1,D,발달상권,1001052,1898,836,1062,137,483,593,292,202,191,72,185,278,133,88,80,65,298,315,159,114,111,1355,220,1135,뱅뱅사거리_2
2017,1,D,발달상권,1001051,5207,2473,2734,948,650,865,857,653,1234,467,331,382,409,310,574,481,319,483,448,343,660,1990,472,1518,보라매공원
2017,1,D,발달상권,1001050,2520,1214,1306,292,488,509,346,430,455,140,213,258,169,216,218,152,275,251,177,214,237,1234,185,1049,교대역_1
2017,1,D,발달상권,1001049,2846,1430,1416,360,382,397,437,527,743,181,206,209,228,270,336,179,176,188,209,257,407,1266,10,1256,개봉동 현대아파트 인근
2017,1,D,발달상권,1001048,1488,662,826,124,390,449,256,145,124,66,140,201,130,69,56,58,250,248,126,76,68,1017,110,907,뱅뱅사거리
2017,1,D,발달상권,1001047,1080,554,526,133,236,323,145,117,126,67,101,184,90,51,61,66,135,139,55,66,65,632,19,613,뱅뱅사거리_1
2017,1,D,발달상권,1001046,2979,1474,1505,133,1133,946,343,207,217,71,496,501,196,105,105,62,637,445,147,102,112,2402,187,2215,서울 관악구 신림역_4
2017,1,D,발달상권,1001045,1165,541,624,94,236,253,148,159,275,42,93,121,76,87,122,52,143,132,72,72,153,641,0,641,동작구 총신대입구역_1
2017,1,D,발달상권,1001044,1964,939,1025,254,324,492,288,270,336,131,148,232,139,127,162,123,176,260,149,143,174,976,70,906,양재역_3
2017,1,D,발달상권,1001043,1828,801,1027,385,241,374,413,225,190,166,91,163,186,115,80,219,150,211,227,110,110,855,148,707,동작구 총신대입구역_2
2017,1,D,발달상권,1001042,461,223,238,53,95,102,67,56,88,30,40,48,36,25,44,23,55,54,31,31,44,268,0,268,서울 서초구 남부터미널역_3
2017,1,D,발달상권,1001041,1596,737,859,149,152,300,232,248,515,71,62,135,134,146,189,78,90,165,98,102,326,945,501,444,서울 강남구 수서역
2017,1,D,발달상권,1001040,832,448,384,21,330,214,93,86,88,10,136,144,57,56,45,11,194,70,36,30,43,702,0,702,서울 관악구 신림역_3
2017,1,D,발달상권,1001039,1461,764,697,80,267,473,293,207,141,44,89,232,179,137,83,36,178,241,114,70,58,1130,0,1130,서울 서초구 남부터미널역_2
2017,1,D,발달상권,1001038,141,76,65,16,15,22,22,36,30,6,9,13,12,22,14,10,6,9,10,14,16,80,0,80,구로디지탈1단지
2017,1,D,발달상권,1001037,1715,785,930,252,301,406,271,222,263,103,140,194,128,102,118,149,161,212,143,120,145,862,153,709,양재역
2017,1,D,발달상권,1001036,398,208,190,64,63,78,72,60,61,33,40,39,40,27,29,31,23,39,32,33,32,185,0,185,문정역
2017,1,D,발달상권,1001035,584,297,287,81,106,101,99,102,95,47,48,49,55,49,49,34,58,52,44,53,46,283,0,283,매봉역
2017,1,D,발달상권,1001034,1228,609,619,162,188,272,225,173,208,84,82,139,128,84,92,78,106,133,97,89,116,630,18,612,서울 서초구 방배역
2017,1,D,발달상권,1001033,1209,589,620,197,195,199,200,197,221,101,94,96,95,88,115,96,101,103,105,109,106,494,0,494,서울 서초구 남부터미널역_1
2017,1,D,발달상권,1001032,1601,848,753,91,531,376,182,174,247,53,272,213,102,79,129,38,259,163,80,95,118,1050,0,1050,서울 관악구 신림역_2
2017,1,D,발달상권,1001031,513,233,280,15,202,148,61,41,46,7,68,81,33,21,23,8,134,67,28,20,23,410,0,410,서울 관악구 신림역_1
2017,1,D,발달상권,1001030,899,442,457,106,149,233,145,120,146,50,70,119,73,61,69,56,79,114,72,59,77,468,0,468,양재역_2
2017,1,D,발달상권,1001028,433,234,199,22,148,88,48,52,75,11,72,48,34,28,41,11,76,40,14,24,34,327,0,327,서울 관악구 서울대입구역_2
2017,1,D,발달상권,1001027,1490,823,667,28,406,371,234,241,210,9,142,210,161,176,125,19,264,161,73,65,85,1327,255,1072,가산디지털단지역_3
2017,1,D,발달상권,1001026,468,278,190,26,55,45,74,127,141,20,29,33,49,82,65,6,26,12,25,45,76,285,0,285,구로디지털단지역
2017,1,D,발달상권,1001025,5614,2652,2962,274,2374,1365,547,506,548,126,981,675,317,274,279,148,1393,690,230,232,269,4350,20,4330,서울 관악구 서울대입구역_1
2017,1,D,발달상권,1001024,919,442,477,138,167,174,144,150,146,63,83,76,73,72,75,75,84,98,71,78,71,400,138,262,관악구 사당역_1
2017,1,D,발달상권,1001023,468,243,225,48,76,104,57,69,114,23,40,59,34,31,56,25,36,45,23,38,58,219,130,89,가산디지털단지역_2
2017,1,D,발달상권,1001022,942,439,503,49,265,212,102,119,195,32,103,99,54,59,92,17,162,113,48,60,103,606,0,606,관악구 사당역_2
2017,1,D,발달상권,1001021,19,14,5,1,0,4,4,6,4,0,0,2,4,5,3,1,0,2,0,1,1,16,3,13,가산디지털단지역_1
2017,1,D,발달상권,1001019,55,34,21,6,6,15,14,6,8,3,3,8,9,4,7,3,3,7,5,2,1,37,0,37,포이사거리_1
2017,1,D,발달상권,1001018,1766,977,789,175,313,419,327,294,238,104,154,227,199,178,115,71,159,192,128,116,123,1089,9,1080,포이사거리_2
2017,1,D,발달상권,1001017,311,142,169,17,95,79,35,39,46,8,35,41,18,19,21,9,60,38,17,20,25,219,104,115,관악구 사당역_3
2017,1,D,발달상권,1001016,1642,1003,639,105,660,354,192,142,189,60,400,250,129,73,91,45,260,104,63,69,98,1260,0,1260,서울 관악구 대학동_1
2017,1,D,발달상권,1001015,1033,576,457,56,180,249,194,164,190,26,91,162,112,97,88,30,89,87,82,67,102,763,8,755,서울 금천구 독산1동_1
2017,1,D,발달상권,1001013,1748,843,905,504,166,315,328,189,246,263,78,140,181,81,100,241,88,175,147,108,146,540,0,540,양재 화물트럭터미널앞_2
2017,1,D,발달상권,1001012,2,2,0,0,0,0,0,1,1,0,0,0,0,1,1,0,0,0,0,0,0,2,0,2,양재 화물트럭터미널앞_1
2017,1,D,발달상권,1001011,1607,851,756,117,183,231,272,310,494,62,102,124,156,174,233,55,81,107,116,136,261,1016,27,989,서울 금천구 시흥1동_4
2017,1,A,골목상권,1001010,3228,1649,1579,405,467,605,518,576,657,218,248,320,279,287,297,187,219,285,239,289,360,1632,35,1597,풍성로37가길
2017,1,A,골목상권,1001009,4050,2036,2014,487,599,703,637,726,898,236,298,383,341,361,417,251,301,320,296,365,481,1999,86,1913,천호옛길
2017,1,A,골목상권,1001008,2189,1063,1126,226,350,360,325,405,523,111,174,185,166,178,249,115,176,175,159,227,274,1042,69,973,천호옛14길
2017,1,A,골목상권,1001007,2382,1220,1162,345,364,283,378,497,515,170,199,153,198,265,235,175,165,130,180,232,280,1010,0,1010,천호대로219길
2017,1,A,골목상권,1001006,4973,2478,2495,844,740,819,832,875,863,429,396,415,410,429,399,415,344,404,422,446,464,1828,652,1176,천호대로197길
2017,1,A,골목상권,1001005,2805,1352,1453,430,389,550,395,474,567,210,200,269,187,226,260,220,189,281,208,248,307,1212,96,1116,천호대로187길
2017,1,A,골목상권,1001004,4252,2109,2143,559,700,919,587,710,777,280,340,474,303,343,369,279,360,445,284,367,408,1888,312,1576,천호대로170길
2017,1,A,골목상권,1001003,2635,1326,1309,369,394,462,391,482,537,186,204,250,202,230,254,183,190,212,189,252,283,1117,281,836,천호대로162길
2017,1,A,골목상권,1001002,4674,2259,2415,725,713,751,684,831,970,391,352,371,341,366,438,334,361,380,343,465,532,1829,285,1544,천중로51길
2017,1,A,골목상권,1001001,6747,3342,3405,1080,974,1172,1059,1155,1307,558,485,638,518,536,607,522,489,534,541,619,700,2677,479,2198,천중로39길
2017,1,A,골목상권,1001000,1779,890,889,209,280,383,264,296,347,115,126,205,147,136,161,94,154,178,117,160,186,867,0,867,진황도로47길
2017,1,A,골목상권,1000999,7146,3622,3524,830,1013,1315,1029,1268,1691,400,505,747,546,615,809,430,508,568,483,653,882,3394,915,2479,진황도로27길
2017,1,A,골목상권,1000998,3284,1622,1662,408,402,610,552,587,725,211,204,329,270,295,313,197,198,281,282,292,412,1626,140,1486,올림픽로98길
2017,1,A,골목상권,1000997,2169,1108,1061,270,257,281,356,425,580,142,140,149,189,224,264,128,117,132,167,201,316,1085,0,1085,올림픽로80길
2017,1,A,골목상권,1000996,1930,1024,906,160,204,232,337,443,554,68,105,137,202,248,264,92,99,95,135,195,290,1152,72,1080,올림픽로78길
2017,1,A,골목상권,1000995,2503,1289,1214,292,340,447,381,494,549,152,160,243,220,259,255,140,180,204,161,235,294,1203,8,1195,올림픽로77길
2017,1,A,골목상권,1000994,2559,1280,1279,248,363,405,385,486,672,132,186,219,203,241,299,116,177,186,182,245,373,1330,0,1330,올림픽로71길
2017,1,A,골목상권,1000993,1499,710,789,256,193,307,259,200,284,135,87,134,135,91,128,121,106,173,124,109,156,612,99,513,올림픽로48길
2017,1,A,골목상권,1000992,3646,1806,1840,781,443,651,617,500,654,405,218,326,320,232,305,376,225,325,297,268,349,1342,734,608,양재대로96길
2017,1,A,골목상권,1000991,3634,1788,1846,538,578,681,539,638,660,295,305,350,259,293,286,243,273,331,280,345,374,1539,180,1359,양재대로95길
2017,1,A,골목상권,1000990,4418,2166,2252,792,641,698,762,747,778,424,357,348,364,350,323,368,284,350,398,397,455,1742,487,1255,양재대로91길
2017,1,A,골목상권,1000989,5146,2533,2613,744,804,791,760,932,1115,374,414,426,394,413,512,370,390,365,366,519,603,2083,371,1712,양재대로133길
2017,1,A,골목상권,1000988,4707,2338,2369,690,703,829,727,869,889,351,374,431,362,408,412,339,329,398,365,461,477,1945,154,1791,양재대로124길
2017,1,A,골목상권,1000987,1557,750,807,218,260,295,208,264,312,117,128,148,101,118,138,101,132,147,107,146,174,664,127,537,양재대로116길
2017,1,A,골목상권,1000986,4895,2406,2489,602,788,1179,714,731,881,311,373,609,369,329,415,291,415,570,345,402,466,2383,188,2195,양재대로101길
2017,1,A,골목상권,1000985,6888,3471,3417,1041,951,1166,1106,1198,1426,541,503,644,561,583,639,500,448,522,545,615,787,2979,107,2872,암사길
2017,1,A,골목상권,1000984,4175,2048,2127,734,600,749,728,656,708,397,302,375,351,305,318,337,298,374,377,351,390,1598,215,1383,성안로3길
2017,1,A,골목상권,1000983,3700,1799,1901,743,500,613,657,534,653,370,257,278,331,257,306,373,243,335,326,277,347,1362,743,619,성내로5길
2017,1,A,골목상권,1000982,1404,722,682,239,238,186,216,283,242,122,144,91,108,142,115,117,94,95,108,141,127,549,0,549,상일로5길
2017,1,A,골목상권,1000981,1967,988,979,307,239,414,320,281,406,166,115,215,166,136,190,141,124,199,154,145,216,943,269,674,상암로5길
2017,1,A,골목상권,1000980,3058,1476,1582,546,438,425,508,529,612,282,230,210,244,234,276,264,208,215,264,295,336,1186,313,873,상암로51길
2017,1,A,골목상권,1000979,3628,1815,1813,547,479,825,616,569,592,271,216,424,345,275,284,276,263,401,271,294,308,1747,67,1680,상암로4길
2017,1,A,골목상권,1000978,3972,1933,2039,618,556,794,579,691,734,314,253,414,281,327,344,304,303,380,298,364,390,1654,508,1146,상암로14길
2017,1,A,골목상권,1000977,2583,1312,1271,407,401,369,401,474,531,226,205,198,208,233,242,181,196,171,193,241,289,1154,156,998,명일로13길
2017,1,A,골목상권,1000976,3140,1620,1520,519,460,358,501,618,684,271,251,198,268,318,314,248,209,160,233,300,370,1267,0,1267,동남로85길
2017,1,A,골목상권,1000975,1906,1016,890,282,264,204,313,408,435,154,148,123,169,220,202,128,116,81,144,188,233,876,0,876,동남로82길
2017,1,A,골목상권,1000974,2823,1400,1423,593,394,295,552,478,511,326,209,158,253,234,220,267,185,137,299,244,291,1110,0,1110,동남로65길
2017,1,A,골목상권,1000973,4410,2304,2106,600,552,655,770,876,957,321,291,361,416,457,458,279,261,294,354,419,499,2178,114,2064,구천면로42길
2017,1,A,골목상권,1000972,5315,2704,2611,784,684,911,852,973,1111,430,361,491,452,464,506,354,323,420,400,509,605,2295,321,1974,구천면로41길
2017,1,A,골목상권,1000971,2655,1378,1277,354,387,381,409,528,596,191,193,220,213,277,284,163,194,161,196,251,312,1204,0,1204,구천면로36길
2017,1,A,골목상권,1000970,988,507,481,167,141,113,152,190,225,86,75,68,73,95,110,81,66,45,79,95,115,391,0,391,고덕로61길
2017,1,A,골목상권,1000969,1571,773,798,324,197,249,255,235,311,154,104,124,129,113,149,170,93,125,126,122,162,562,173,389,고덕로25길
2017,1,A,골목상권,1000968,2214,1101,1113,380,300,437,376,340,381,199,150,221,196,154,181,181,150,216,180,186,200,1002,69,933,고덕로10길
2017,1,A,골목상권,1000967,4252,2167,2085,818,588,655,745,719,727,476,324,347,360,339,321,342,264,308,385,380,406,1620,333,1287,강동대로53길
2017,1,A,골목상권,1000966,2068,991,1077,246,268,304,315,382,553,129,129,153,163,170,247,117,139,151,152,212,306,961,0,961,풍성로25길
2017,1,A,골목상권,1000965,2706,1353,1353,548,424,373,481,443,437,279,223,194,239,210,208,269,201,179,242,233,229,994,138,856,오금로46길
2017,1,A,골목상권,1000964,2847,1401,1446,451,506,510,468,473,439,219,251,274,227,220,210,232,255,236,241,253,229,1209,59,1150,오금로36길
2017,1,A,골목상권,1000963,4919,2385,2534,573,787,1225,702,774,858,302,382,640,347,332,382,271,405,585,355,442,476,2436,20,2416,오금로11길
2017,1,A,골목상권,1000962,2722,1334,1388,440,470,329,458,507,518,230,255,163,195,249,242,210,215,166,263,258,276,1007,362,645,양재대로72길
2017,1,A,골목상권,1000961,1566,746,820,283,237,259,246,263,278,139,119,121,118,115,134,144,118,138,128,148,144,621,35,586,양재대로71길
2017,1,A,골목상권,1000960,2656,1378,1278,444,387,495,416,479,435,240,205,259,221,241,212,204,182,236,195,238,223,1111,17,1094,양재대로64길
2017,1,A,골목상권,1000959,1593,812,781,256,214,327,285,243,268,130,103,180,150,129,120,126,111,147,135,114,148,720,232,488,양재대로62길
2017,1,A,골목상권,1000958,2378,1229,1149,281,359,385,412,498,443,156,184,195,212,255,227,125,175,190,200,243,216,1152,0,1152,송파대로30길
2017,1,A,골목상권,1000957,3110,1530,1580,503,482,592,491,543,499,265,238,299,247,244,237,238,244,293,244,299,262,1255,328,927,송이로36길
2017,1,A,골목상권,1000956,5216,2541,2675,848,877,1007,867,885,732,418,444,526,408,414,331,430,433,481,459,471,401,2189,245,1944,송이로32길
2017,1,A,골목상권,1000955,4803,2411,2392,742,820,946,748,790,757,407,397,496,367,384,360,335,423,450,381,406,397,2062,157,1905,송이로23길
2017,1,A,골목상권,1000954,6534,3076,3458,820,1183,1604,987,971,969,430,550,771,458,442,425,390,633,833,529,529,544,3389,17,3372,삼전로13길
2017,1,A,골목상권,1000953,8631,4207,4424,1395,1345,1671,1338,1385,1497,772,655,827,639,624,690,623,690,844,699,761,807,3556,93,3463,백제고분로50길
2017,1,A,골목상권,1000952,3245,1542,1703,529,503,698,515,495,505,264,243,339,241,233,222,265,260,359,274,262,283,1404,33,1371,백제고분로46길
2017,1,A,골목상권,1000951,4812,2307,2505,715,805,1163,716,688,725,362,363,554,358,321,349,353,442,609,358,367,376,2171,151,2020,백제고분로45길
2017,1,A,골목상권,1000950,4147,1991,2156,522,744,1011,623,624,623,270,322,516,295,297,291,252,422,495,328,327,332,2023,10,2013,백제고분로42길
2017,1,A,골목상권,1000949,3380,1563,1817,443,584,833,502,470,548,240,226,403,236,208,250,203,358,430,266,262,298,1664,0,1664,백제고분로39길
2017,1,A,골목상권,1000948,7947,3901,4046,1171,1218,1799,1332,1164,1263,612,614,913,660,544,558,559,604,886,672,620,705,3657,67,3590,백제고분로34길
2017,1,A,골목상권,1000947,6249,2941,3308,772,1114,1641,951,830,941,395,493,794,472,384,403,377,621,847,479,446,538,3176,9,3167,백제고분로33길
2017,1,A,골목상권,1000946,6533,3144,3389,1089,991,1452,1107,949,945,583,477,703,542,427,412,506,514,749,565,522,533,2894,59,2835,백제고분로32길
2017,1,A,골목상권,1000945,6418,2966,3452,985,1016,1473,1069,888,987,506,451,687,504,394,424,479,565,786,565,494,563,3017,9,3008,백제고분로31길
2017,1,A,골목상권,1000944,6946,3328,3618,1082,1108,1618,1216,975,947,550,522,783,576,453,444,532,586,835,640,522,503,3225,16,3209,백제고분로22길
2017,1,A,골목상권,1000943,2422,1180,1242,288,393,603,417,380,341,152,171,294,219,194,150,136,222,309,198,186,191,1262,0,1262,백제고분로21길
2017,1,A,골목상권,1000942,4282,2159,2123,656,485,567,711,776,1087,327,246,304,385,401,496,329,239,263,326,375,591,1987,114,1873,마천로51길
2017,1,A,골목상권,1000941,3437,1630,1807,673,510,581,618,531,524,334,234,288,286,259,229,339,276,293,332,272,295,1246,385,861,동남로20길
2017,1,A,골목상권,1000940,3402,1749,1653,488,391,424,580,666,853,258,220,226,312,354,379,230,171,198,268,312,474,1627,0,1627,거마로20길
2017,1,A,골목상권,1000939,2528,1206,1322,559,327,499,521,305,317,323,148,197,246,145,147,236,179,302,275,160,170,987,630,357,학동로77길
2017,1,A,골목상권,1000938,1643,720,923,133,348,487,259,155,261,71,135,219,112,71,112,62,213,268,147,84,149,995,0,995,학동로6길
2017,1,A,골목상권,1000937,1034,485,549,174,162,211,183,131,173,91,80,94,78,63,79,83,82,117,105,68,94,465,132,333,학동로56길
2017,1,A,골목상권,1000936,1534,701,833,167,293,428,247,165,234,77,129,204,124,74,93,90,164,224,123,91,141,812,101,711,학동로38길
2017,1,A,골목상권,1000935,456,217,239,40,76,91,72,65,112,25,37,45,33,29,48,15,39,46,39,36,64,235,0,235,테헤란로81길
2017,1,A,골목상권,1000934,3455,1694,1761,584,643,579,524,553,572,325,307,281,258,259,264,259,336,298,266,294,308,1491,0,1491,일원로9길
2017,1,A,골목상권,1000933,2401,1195,1206,461,379,394,375,401,391,261,196,195,180,182,181,200,183,199,195,219,210,970,80,890,일원로3길
2017,1,A,골목상권,1000932,2541,1272,1269,439,343,293,456,451,559,262,189,148,202,226,245,177,154,145,254,225,314,1150,0,1150,영동대로65길
2017,1,A,골목상권,1000931,2745,1346,1399,484,424,492,473,415,457,275,226,219,220,187,219,209,198,273,253,228,238,1047,504,543,영동대로112길
2017,1,A,골목상권,1000930,3605,1777,1828,403,666,982,644,469,441,193,295,491,358,240,200,210,371,491,286,229,241,2068,225,1843,언주로81길
2017,1,A,골목상권,1000929,1056,474,582,165,178,243,184,123,163,84,83,89,86,59,73,81,95,154,98,64,90,533,57,476,압구정로2길
2017,1,A,골목상권,1000928,1731,868,863,289,248,255,267,334,338,153,141,126,130,167,151,136,107,129,137,167,187,743,23,720,선릉로18길
2017,1,A,골목상권,1000927,2184,1002,1182,300,401,477,393,274,339,156,153,227,195,127,144,144,248,250,198,147,195,1127,0,1127,선릉로146길
2017,1,A,골목상권,1000926,1621,735,886,223,291,366,269,193,279,119,105,173,122,90,126,104,186,193,147,103,153,787,110,677,선릉로133길
2017,1,A,골목상권,1000925,2350,1075,1275,467,345,442,428,306,362,246,146,168,211,147,157,221,199,274,217,159,205,947,216,731,선릉로132길
2017,1,A,골목상권,1000924,816,382,434,78,144,214,147,101,132,39,73,89,80,44,57,39,71,125,67,57,75,431,0,431,선릉로121길
2017,1,A,골목상권,1000923,2543,1232,1311,464,427,473,496,326,357,267,206,211,211,167,170,197,221,262,285,159,187,1165,246,919,삼성로75길
2017,1,A,골목상권,1000922,3410,1653,1757,669,598,571,699,485,388,383,291,269,296,258,156,286,307,302,403,227,232,1500,11,1489,삼성로69길
2017,1,A,골목상권,1000921,3323,1752,1571,936,439,219,883,541,305,605,240,99,379,302,127,331,199,120,504,239,178,1057,722,335,삼성로64길
2017,1,A,골목상권,1000920,4244,2029,2215,783,742,638,897,694,490,436,354,284,392,345,218,347,388,354,505,349,272,1976,53,1923,삼성로63길
2017,1,A,골목상권,1000919,1770,925,845,549,211,116,448,304,142,342,103,52,182,180,66,207,108,64,266,124,76,532,427,105,삼성로57길
2017,1,A,골목상권,1000918,1302,587,715,184,238,264,227,169,220,84,104,114,110,83,92,100,134,150,117,86,128,640,27,613,삼성로147길
2017,1,A,골목상권,1000917,2858,1327,1531,551,391,630,552,322,412,311,189,254,247,148,178,240,202,376,305,174,234,1293,126,1167,삼성로115길
2017,1,A,골목상권,1000916,1506,686,820,183,249,459,248,143,224,92,114,189,127,71,93,91,135,270,121,72,131,863,0,863,봉은사로68길
2017,1,A,골목상권,1000915,1565,709,856,230,273,394,303,161,204,128,108,179,132,75,87,102,165,215,171,86,117,809,0,809,봉은사로57길
2017,1,A,골목상권,1000914,3226,1548,1678,553,470,707,592,388,516,303,221,320,278,194,232,250,249,387,314,194,284,1438,325,1113,봉은사로43길
2017,1,A,골목상권,1000913,1307,602,705,116,277,379,204,162,169,53,128,163,109,70,79,63,149,216,95,92,90,773,0,773,봉은사로29길
2017,1,A,골목상권,1000912,2239,1085,1154,434,309,374,377,348,397,229,146,185,170,164,191,205,163,189,207,184,206,812,136,676,봉은사로109길
2017,1,A,골목상권,1000911,2040,955,1085,296,347,386,353,325,333,164,161,193,148,145,144,132,186,193,205,180,189,876,168,708,도산대로89길
2017,1,A,골목상권,1000910,965,445,520,178,131,135,169,129,223,92,54,60,64,63,112,86,77,75,105,66,111,380,0,380,도산대로81길
2017,1,A,골목상권,1000909,2393,1104,1289,348,342,532,360,290,521,175,155,227,186,132,229,173,187,305,174,158,292,1041,442,599,도산대로50길
2017,1,A,골목상권,1000908,1041,463,578,90,202,337,156,113,143,46,81,150,85,42,59,44,121,187,71,71,84,639,0,639,도산대로38길
2017,1,A,골목상권,1000907,943,456,487,91,171,236,165,110,170,47,73,121,82,54,79,44,98,115,83,56,91,506,30,476,도산대로30길
2017,1,A,골목상권,1000906,1585,697,888,206,324,364,254,215,222,93,142,163,108,85,106,113,182,201,146,130,116,819,33,786,도산대로23길
2017,1,A,골목상권,1000905,856,379,477,118,155,207,146,103,127,60,56,92,64,49,58,58,99,115,82,54,69,438,0,438,도산대로15길
2017,1,A,골목상권,1000904,6014,2749,3265,807,964,1468,1039,752,984,407,413,657,498,345,429,400,551,811,541,407,555,3067,65,3002,도곡로37길
2017,1,A,골목상권,1000903,3526,1760,1766,647,521,661,650,530,517,328,269,366,307,271,219,319,252,295,343,259,298,1525,20,1505,논현로8길
2017,1,A,골목상권,1000902,2695,1284,1411,373,434,660,445,356,427,193,197,304,225,159,206,180,237,356,220,197,221,1306,248,1058,논현로63길
2017,1,A,골목상권,1000901,81,45,36,14,10,12,10,13,22,7,9,6,4,6,13,7,1,6,6,7,9,38,0,38,논현로28길
2017,1,A,골목상권,1000900,1267,582,685,133,232,216,212,199,275,70,89,98,105,87,133,63,143,118,107,112,142,653,8,645,논현로26길
2017,1,A,골목상권,1000899,506,218,288,57,98,118,80,68,85,31,38,52,33,26,38,26,60,66,47,42,47,253,0,253,논현로159길
2017,1,A,골목상권,1000898,1491,706,785,182,230,368,230,193,288,90,105,181,113,85,132,92,125,187,117,108,156,736,3,733,논현로139길
2017,1,A,골목상권,1000897,2161,1021,1140,122,387,595,453,287,317,66,181,253,239,151,131,56,206,342,214,136,186,1521,0,1521,논현로123길
2017,1,A,골목상권,1000896,3422,1641,1781,292,713,996,524,415,482,146,313,476,290,195,221,146,400,520,234,220,261,1974,68,1906,논현로115길
2017,1,A,골목상권,1000895,1515,749,766,290,198,252,336,226,213,148,91,139,147,125,99,142,107,113,189,101,114,635,8,627,논현로10길
2017,1,A,골목상권,1000894,2055,870,1185,163,389,745,298,190,270,74,149,288,155,84,120,89,240,457,143,106,150,1327,13,1314,논현로106길
2017,1,A,골목상권,1000893,3299,1590,1709,687,442,555,643,509,463,345,213,262,306,257,207,342,229,293,337,252,256,1249,911,338,남부순환로365길
2017,1,A,골목상권,1000892,35,24,11,2,4,9,7,7,6,1,1,7,5,5,5,1,3,2,2,2,1,29,0,29,개포로82길
2017,1,A,골목상권,1000891,2003,967,1036,428,276,335,405,302,257,206,140,171,187,145,118,222,136,164,218,157,139,778,27,751,개포로28길
2017,1,A,골목상권,1000890,2420,1177,1243,357,456,444,432,418,313,178,229,227,206,199,138,179,227,217,226,219,175,1083,14,1069,개포로20길
2017,1,A,골목상권,1000889,3625,1786,1839,670,482,670,666,578,559,356,246,326,307,290,261,314,236,344,359,288,298,1570,83,1487,개포로17길
2017,1,A,골목상권,1000888,1896,876,1020,200,341,463,274,307,311,103,149,219,132,128,145,97,192,244,142,179,166,954,606,348,강남대로140길
2017,1,A,골목상권,1000887,1286,569,717,146,191,291,204,181,273,74,78,111,97,75,134,72,113,180,107,106,139,574,0,574,강남대로136길
2017,1,A,골목상권,1000886,1495,656,839,120,341,466,219,154,195,58,145,195,109,65,84,62,196,271,110,89,111,922,17,905,강남대로118길
2017,1,A,골목상권,1000885,2708,1325,1383,489,390,524,451,382,472,243,197,259,221,183,222,246,193,265,230,199,250,1137,143,994,서초중앙로8길
2017,1,A,골목상권,1000884,2693,1231,1462,560,381,376,540,441,395,250,159,169,245,222,186,310,222,207,295,219,209,1029,148,881,방배중앙로21길
2017,1,A,골목상권,1000883,2169,1087,1082,449,254,468,404,291,303,236,134,227,211,130,149,213,120,241,193,161,154,915,229,686,효령로72길
2017,1,A,골목상권,1000882,1859,913,946,283,221,349,313,281,412,153,115,175,151,135,184,130,106,174,162,146,228,830,329,501,효령로34길
2017,1,A,골목상권,1000881,1875,868,1007,274,247,430,337,218,369,149,103,198,166,92,160,125,144,232,171,126,209,913,19,894,효령로31길
2017,1,A,골목상권,1000880,4309,2009,2300,705,696,837,725,624,722,382,317,373,323,285,329,323,379,464,402,339,393,1837,265,1572,효령로23길
2017,1,A,골목상권,1000879,4069,1956,2113,643,614,707,687,587,831,342,282,357,322,274,379,301,332,350,365,313,452,1792,90,1702,청두곶길
2017,1,A,골목상권,1000878,4184,2037,2147,255,1001,1218,673,493,544,135,436,593,376,248,249,120,565,625,297,245,295,2803,12,2791,주흥길
2017,1,A,골목상권,1000877,2865,1356,1509,233,530,819,477,343,463,117,220,395,264,173,187,116,310,424,213,170,276,1784,52,1732,주흥15길
2017,1,A,골목상권,1000876,2121,1066,1055,324,309,471,389,303,325,172,158,225,215,155,141,152,151,246,174,148,184,977,12,965,언남길
2017,1,A,골목상권,1000875,2798,1331,1467,356,455,644,474,370,499,190,199,303,227,173,239,166,256,341,247,197,260,1392,96,1296,신반포로45길
2017,1,A,골목상권,1000874,4257,2055,2202,593,657,647,653,716,991,308,340,327,315,313,452,285,317,320,338,403,539,1681,0,1681,서초대로8길
2017,1,A,골목상권,1000873,1776,883,893,420,227,316,344,253,216,236,112,140,175,119,101,184,115,176,169,134,115,599,460,139,서초대로64길
2017,1,A,골목상권,1000872,3522,1654,1868,603,545,628,569,514,663,299,247,307,267,229,305,304,298,321,302,285,358,1413,188,1225,서초대로4길
2017,1,A,골목상권,1000871,1256,600,656,221,180,240,205,180,230,125,86,109,95,77,108,96,94,131,110,103,122,531,0,531,서초대로25길
2017,1,A,골목상권,1000870,2769,1299,1470,430,378,540,478,411,532,220,174,255,223,201,226,210,204,285,255,210,306,1272,302,970,서초대로23길
2017,1,A,골목상권,1000869,3793,1720,2073,644,584,791,642,509,623,299,264,336,306,247,268,345,320,455,336,262,355,1679,22,1657,서초대로15길
2017,1,A,골목상권,1000868,1224,553,671,68,304,329,181,162,180,33,127,147,97,74,75,35,177,182,84,88,105,812,0,812,사평대로57길
2017,1,A,골목상권,1000867,222,92,130,37,35,34,29,31,56,18,13,13,13,8,27,19,22,21,16,23,29,91,0,91,사평대로26길
2017,1,A,골목상권,1000866,1665,761,904,345,200,315,301,255,249,175,95,134,131,110,116,170,105,181,170,145,133,635,26,609,사평대로22길
2017,1,A,골목상권,1000865,1065,492,573,154,185,228,153,158,187,73,98,106,72,64,79,81,87,122,81,94,108,526,87,439,사임당로17길
2017,1,A,골목상권,1000864,1002,450,552,241,116,182,188,124,151,111,48,86,88,56,61,130,68,96,100,68,90,378,0,378,방배로42길
2017,1,A,골목상권,1000863,1835,857,978,372,248,241,373,288,313,176,117,109,165,146,144,196,131,132,208,142,169,707,8,699,방배로35길
2017,1,A,골목상권,1000862,1643,772,871,233,269,399,255,202,285,127,115,194,119,94,123,106,154,205,136,108,162,777,14,763,방배로18길
2017,1,A,골목상권,1000861,1730,840,890,300,271,239,326,277,317,164,138,120,147,131,140,136,133,119,179,146,177,685,10,675,반포대로9길
2017,1,A,골목상권,1000860,2841,1372,1469,405,438,620,408,408,562,211,214,302,199,190,256,194,224,318,209,218,306,1269,167,1102,바우뫼로39길
2017,1,A,골목상권,1000859,1570,784,786,245,220,372,260,199,274,122,113,195,134,92,128,123,107,177,126,107,146,694,56,638,마방로2길
2017,1,A,골목상권,1000858,1191,550,641,166,220,264,169,172,200,88,98,117,84,74,89,78,122,147,85,98,111,567,0,567,방배천로4안길
2017,1,A,골목상권,1000857,2025,1032,993,302,309,497,390,256,271,153,168,263,199,128,121,149,141,234,191,128,150,942,32,910,동산로19길
2017,1,A,골목상권,1000856,3412,1707,1705,562,542,661,596,481,570,305,269,351,302,227,253,257,273,310,294,254,317,1476,44,1432,동산로10길
2017,1,A,골목상권,1000855,1705,770,935,322,224,280,316,251,312,162,96,119,138,127,128,160,128,161,178,124,184,728,8,720,동광로39길
2017,1,A,골목상권,1000854,3369,1549,1820,622,498,598,678,502,471,304,214,307,292,246,186,318,284,291,386,256,285,1420,29,1391,동광로1길
2017,1,A,골목상권,1000853,1465,655,810,318,200,203,277,218,249,128,87,95,126,107,112,190,113,108,151,111,137,560,13,547,동광로12길
2017,1,A,골목상권,1000852,1911,918,993,222,277,469,342,258,343,124,126,231,171,117,149,98,151,238,171,141,194,1043,150,893,논현로27길
2017,1,A,골목상권,1000851,3133,1522,1611,541,472,655,565,497,403,270,226,329,288,231,178,271,246,326,277,266,225,1341,90,1251,논현로1길
2017,1,A,골목상권,1000850,1514,748,766,271,226,334,273,180,230,134,115,178,137,79,105,137,111,156,136,101,125,704,79,625,남부순환로339길
2017,1,A,골목상권,1000849,2548,1230,1318,405,392,380,424,429,518,210,184,181,202,207,246,195,208,199,222,222,272,1083,227,856,남부순환로325길
2017,1,A,골목상권,1000848,1765,869,896,335,314,269,322,264,261,192,164,123,150,128,112,143,150,146,172,136,149,667,159,508,남부순환로317길
2017,1,A,골목상권,1000847,1982,959,1023,430,251,296,372,280,353,228,118,140,184,127,162,202,133,156,188,153,191,720,403,317,고무래로8길
2017,1,A,골목상권,1000846,3618,1789,1829,492,639,832,579,530,546,258,291,439,293,262,246,234,348,393,286,268,300,1820,57,1763,강남대로8길
2017,1,A,골목상권,1000845,2645,1239,1406,303,455,690,361,359,477,151,208,350,170,158,202,152,247,340,191,201,275,1318,106,1212,강남대로34길
2017,1,A,골목상권,1000844,967,476,491,115,151,222,141,136,202,65,66,109,75,58,103,50,85,113,66,78,99,468,36,432,강남대로23길
2017,1,A,골목상권,1000843,821,448,373,51,47,104,174,172,273,32,19,50,116,102,129,19,28,54,58,70,144,601,0,601,소담길
2017,1,A,골목상권,1000842,1406,708,698,173,174,211,199,253,396,94,78,128,104,132,172,79,96,83,95,121,224,662,130,532,원신길
2017,1,A,골목상권,1000841,1907,957,950,231,221,235,295,341,584,110,119,129,175,174,250,121,102,106,120,167,334,928,0,928,양지길
2017,1,A,골목상권,1000840,1654,835,819,166,277,341,260,233,377,94,144,202,138,99,158,72,133,139,122,134,219,915,258,657,양산길
2017,1,A,골목상권,1000839,2427,1554,873,99,728,625,423,215,337,49,447,443,317,140,158,50,281,182,106,75,179,1972,0,1972,호암로24길
2017,1,A,골목상권,1000838,2897,1858,1039,169,797,747,479,317,388,94,510,525,363,184,182,75,287,222,116,133,206,2057,0,2057,호암로20길
2017,1,A,골목상권,1000837,4875,2427,2448,367,1532,1294,541,447,694,188,697,725,292,203,322,179,835,569,249,244,372,3198,0,3198,행운길
2017,1,A,골목상권,1000836,3249,1668,1581,326,617,561,458,502,785,174,316,305,242,257,374,152,301,256,216,245,411,1822,17,1805,행운1길
2017,1,A,골목상권,1000835,4407,2162,2245,602,548,662,667,732,1196,307,296,358,365,349,487,295,252,304,302,383,709,2100,379,1721,청림3길
2017,1,A,골목상권,1000834,3387,1618,1769,243,1119,738,396,363,528,125,470,391,209,175,248,118,649,347,187,188,280,2306,49,2257,청룡길
2017,1,A,골목상권,1000833,1840,901,939,257,354,360,260,233,376,138,162,193,131,110,167,119,192,167,129,123,209,968,0,968,청룡8길
2017,1,A,골목상권,1000832,3101,1530,1571,377,620,540,457,420,687,182,301,297,252,210,288,195,319,243,205,210,399,1614,48,1566,중앙길
2017,1,A,골목상권,1000831,4430,2266,2164,544,711,764,690,789,932,273,360,435,372,400,426,271,351,329,318,389,506,2310,49,2261,조원중앙로2길
2017,1,A,골목상권,1000830,1827,920,907,181,483,445,238,196,284,94,217,259,128,91,131,87,266,186,110,105,153,1151,0,1151,조원로18길
2017,1,A,골목상권,1000829,1774,908,866,169,283,375,256,309,382,84,148,202,128,162,184,85,135,173,128,147,198,974,130,844,조원로10길
2017,1,A,골목상권,1000828,1788,877,911,172,400,401,207,246,362,94,183,223,112,103,162,78,217,178,95,143,200,1045,0,1045,장군봉2길
2017,1,A,골목상권,1000827,875,423,452,99,124,145,118,135,254,58,59,74,63,65,104,41,65,71,55,70,150,505,46,459,장군봉1길
2017,1,A,골목상권,1000826,3008,1460,1548,431,433,621,477,397,649,231,210,304,234,185,296,200,223,317,243,212,353,1326,18,1308,인헌길
2017,1,A,골목상권,1000825,1481,727,754,289,170,284,237,217,284,141,97,146,125,107,111,148,73,138,112,110,173,566,14,552,은천로25길
2017,1,A,골목상권,1000824,4448,2206,2242,438,990,859,568,642,951,218,469,462,301,320,436,220,521,397,267,322,515,2465,88,2377,양녕로6길
2017,1,A,골목상권,1000823,2733,1364,1369,224,562,475,372,432,668,104,289,259,215,213,284,120,273,216,157,219,384,1586,0,1586,신원로3길
2017,1,A,골목상권,1000822,1871,945,926,174,424,389,290,241,353,97,206,208,146,121,167,77,218,181,144,120,186,1115,0,1115,신사로20길
2017,1,A,골목상권,1000821,1959,929,1030,82,760,547,213,171,186,40,316,297,109,81,86,42,444,250,104,90,100,1527,23,1504,신림로65길
2017,1,A,골목상권,1000820,1568,842,726,52,599,430,181,139,167,30,264,252,114,93,89,22,335,178,67,46,78,1261,0,1261,신림로64길
2017,1,A,골목상권,1000819,2615,1372,1243,233,604,580,356,402,440,128,323,335,210,174,202,105,281,245,146,228,238,1440,0,1440,신림로48길
2017,1,A,골목상권,1000818,2103,1079,1024,234,452,431,301,285,400,128,230,234,170,129,188,106,222,197,131,156,212,1138,0,1138,신림로38길
2017,1,A,골목상권,1000817,3025,1788,1237,264,779,724,460,369,429,138,462,489,288,201,210,126,317,235,172,168,219,1986,43,1943,신림로28길
2017,1,A,골목상권,1000816,4656,2778,1878,363,1226,1028,731,588,720,175,758,679,496,339,331,188,468,349,235,249,389,3089,107,2982,신림로11길
2017,1,A,골목상권,1000815,4091,2101,1990,164,1497,1163,483,324,460,89,693,676,272,174,197,75,804,487,211,150,263,3190,0,3190,신림동길
2017,1,A,골목상권,1000814,2889,1372,1517,223,813,738,310,363,442,110,330,398,152,165,217,113,483,340,158,198,225,1653,92,1561,승방길
2017,1,A,골목상권,1000813,4124,2708,1416,242,1503,1045,536,336,462,131,988,766,408,185,230,111,515,279,128,151,232,3121,0,3121,서림7길
2017,1,A,골목상권,1000812,3897,1966,1931,471,645,765,577,556,883,258,321,399,314,263,411,213,324,366,263,293,472,1958,452,1506,봉천로33길
2017,1,A,골목상권,1000811,3832,1922,1910,592,581,647,599,576,837,329,292,344,309,272,376,263,289,303,290,304,461,1681,20,1661,봉천로13길
2017,1,A,골목상권,1000810,4331,2341,1990,472,1005,915,611,564,764,235,572,550,358,285,341,237,433,365,253,279,423,2429,0,2429,복은길
2017,1,A,골목상권,1000809,1442,697,745,236,218,210,232,257,289,113,101,118,111,125,129,123,117,92,121,132,160,604,0,604,법원단지길
2017,1,A,골목상권,1000808,5517,2775,2742,931,817,766,971,944,1088,503,445,399,483,446,499,428,372,367,488,498,589,2153,18,2135,법원단지9길
2017,1,A,골목상권,1000807,4866,2455,2411,755,770,705,801,855,980,394,395,386,393,430,457,361,375,319,408,425,523,2003,532,1471,미성5길
2017,1,A,골목상권,1000806,1785,1089,696,120,532,413,267,164,289,60,322,281,198,102,126,60,210,132,69,62,163,1282,0,1282,대학길
2017,1,A,골목상권,1000805,2988,2069,919,192,869,623,567,348,389,104,589,473,453,248,202,88,280,150,114,100,187,2285,12,2273,대학14길
2017,1,A,골목상권,1000804,1860,925,935,220,309,341,313,270,407,108,163,172,158,134,190,112,146,169,155,136,217,974,0,974,당곡길
2017,1,A,골목상권,1000803,1992,937,1055,257,406,404,271,264,390,133,177,188,131,124,184,124,229,216,140,140,206,927,188,739,남현길
2017,1,A,골목상권,1000802,1562,704,858,110,382,402,185,206,277,49,162,188,89,96,120,61,220,214,96,110,157,938,30,908,남현3길
2017,1,A,골목상권,1000801,2737,1333,1404,264,587,636,337,391,522,132,264,343,184,175,235,132,323,293,153,216,287,1438,19,1419,남현2길
2017,1,A,골목상권,1000800,1615,766,849,167,350,298,225,228,347,88,158,146,106,111,157,79,192,152,119,117,190,830,42,788,남부순환로248길
2017,1,A,골목상권,1000799,2008,1058,950,167,534,454,257,226,370,76,302,263,130,110,177,91,232,191,127,116,193,1273,22,1251,남부순환로234길
2017,1,A,골목상권,1000798,2502,1280,1222,306,498,452,399,361,486,156,270,263,179,174,238,150,228,189,220,187,248,1298,19,1279,남부순환로172길
2017,1,A,골목상권,1000797,4010,2031,1979,568,723,668,701,652,698,299,363,380,329,343,317,269,360,288,372,309,381,1955,9,1946,남부순환로161길
2017,1,A,골목상권,1000796,3455,1724,1731,407,761,683,515,526,563,223,360,374,259,243,265,184,401,309,256,283,298,1789,18,1771,남부순환로151길
2017,1,A,골목상권,1000795,3296,1648,1648,437,577,616,505,517,644,215,294,336,259,266,278,222,283,280,246,251,366,1663,28,1635,남부순환로142길
2017,1,A,골목상권,1000794,2765,1441,1324,340,335,320,481,463,826,171,184,187,265,254,380,169,151,133,216,209,446,1376,0,1376,난향길
2017,1,A,골목상권,1000793,2431,1219,1212,406,314,359,425,400,527,203,166,202,200,208,240,203,148,157,225,192,287,1012,11,1001,난우길
2017,1,A,골목상권,1000792,1829,860,969,194,423,368,272,216,356,114,179,175,135,103,154,80,244,193,137,113,202,1074,0,1074,난곡로74길
2017,1,A,골목상권,1000791,2679,1367,1312,400,417,380,447,507,528,214,213,210,236,247,247,186,204,170,211,260,281,1136,0,1136,난곡로34길
2017,1,A,골목상권,1000790,3549,1808,1741,480,520,466,610,646,827,252,266,280,313,344,353,228,254,186,297,302,474,1706,0,1706,난곡로26길
2017,1,A,골목상권,1000789,2564,1359,1205,343,305,355,415,454,692,187,179,208,226,232,327,156,126,147,189,222,365,1184,0,1184,난곡로24길
2017,1,A,골목상권,1000788,5188,2604,2584,567,1536,1248,643,462,732,267,757,677,351,226,326,300,779,571,292,236,406,3200,0,3200,낙성대역길
2017,1,A,골목상권,1000787,5543,2749,2794,902,731,983,928,869,1130,440,379,528,489,393,520,462,352,455,439,476,610,2279,28,2251,국회단지길
2017,1,A,골목상권,1000786,6067,2957,3110,1012,998,969,989,866,1233,518,474,490,501,440,534,494,524,479,488,426,699,2879,30,2849,구암길
2017,1,A,골목상권,1000785,4317,2142,2175,436,989,1015,573,517,787,210,480,564,306,240,342,226,509,451,267,277,445,2454,159,2295,관천로22길
2017,1,A,골목상권,1000784,4719,2400,2319,695,833,853,791,703,844,365,434,478,399,332,392,330,399,375,392,371,452,2259,10,2249,관천로15길
2017,1,A,골목상권,1000783,2716,1342,1374,461,382,447,426,407,593,227,206,226,218,197,268,234,176,221,208,210,325,1005,697,308,관악로30길
2017,1,A,골목상권,1000782,2147,1060,1087,324,306,373,329,342,473,159,158,187,173,159,224,165,148,186,156,183,249,796,544,252,관악로28길
2017,1,A,골목상권,1000781,1359,655,704,115,487,235,150,134,238,53,236,122,73,68,103,62,251,113,77,66,135,910,44,866,관악로14길
2017,1,A,골목상권,1000780,4427,2234,2193,544,1177,888,627,480,711,276,579,505,328,232,314,268,598,383,299,248,397,2496,180,2316,관악로10길
2017,1,A,골목상권,1000779,1965,1008,957,212,577,293,254,241,388,110,340,158,124,109,167,102,237,135,130,132,221,1094,11,1083,흑석로9길
2017,1,A,골목상권,1000778,582,310,272,80,105,83,89,85,140,42,63,47,55,39,64,38,42,36,34,46,76,287,1,286,흑석로13길
2017,1,A,골목상권,1000777,2467,1266,1201,217,485,398,333,406,628,120,259,221,181,207,278,97,226,177,152,199,350,1371,0,1371,장승배기로27길
2017,1,A,골목상권,1000776,2617,1332,1285,247,412,355,372,520,711,128,225,201,196,269,313,119,187,154,176,251,398,1358,0,1358,장승배기로19길
2017,1,A,골목상권,1000775,382,192,190,45,68,55,58,62,94,22,35,28,27,35,45,23,33,27,31,27,49,218,20,198,장승배기로10길
2017,1,A,골목상권,1000774,2916,1353,1563,726,453,375,635,403,324,321,193,175,300,220,144,405,260,200,335,183,180,1129,181,948,여의대방로46길
2017,1,A,골목상권,1000773,2829,1358,1471,448,463,566,454,395,503,232,192,277,215,207,235,216,271,289,239,188,268,1400,223,1177,여의대방로24길
2017,1,A,골목상권,1000772,3058,1541,1517,413,588,581,486,432,558,230,278,314,237,218,264,183,310,267,249,214,294,1499,0,1499,여의대방로22카길
2017,1,A,골목상권,1000771,2666,1307,1359,447,356,476,456,392,539,231,170,245,243,189,229,216,186,231,213,203,310,1151,208,943,여의대방로22나길
2017,1,A,골목상권,1000770,2407,1211,1196,351,421,485,381,333,436,199,206,259,191,157,199,152,215,226,190,176,237,1156,175,981,여의대방로22길
2017,1,A,골목상권,1000769,1892,924,968,328,266,334,300,303,361,172,128,164,156,143,161,156,138,170,144,160,200,730,172,558,양녕로26길
2017,1,A,골목상권,1000768,4055,1979,2076,480,602,617,688,700,968,253,295,331,331,345,424,227,307,286,357,355,544,2224,0,2224,신대방길
2017,1,A,골목상권,1000767,2156,1060,1096,313,304,373,375,341,450,163,164,195,187,170,181,150,140,178,188,171,269,946,0,946,성대로29길
2017,1,A,골목상권,1000766,1077,557,520,106,212,211,147,178,223,62,108,112,77,96,102,44,104,99,70,82,121,621,0,621,성대로1길
2017,1,A,골목상권,1000765,640,299,341,66,117,78,78,112,189,27,61,34,42,56,79,39,56,44,36,56,110,329,0,329,서달로8가길
2017,1,A,골목상권,1000764,359,174,185,36,40,63,41,62,117,19,18,31,25,32,49,17,22,32,16,30,68,220,0,220,서달로15길
2017,1,A,골목상권,1000763,401,187,214,55,68,45,55,67,111,25,29,23,29,33,48,30,39,22,26,34,63,212,0,212,서달로14길
2017,1,A,골목상권,1000762,3057,1492,1565,379,460,474,486,511,747,190,255,250,241,253,303,189,205,224,245,258,444,1406,0,1406,서달로10길
2017,1,A,골목상권,1000761,2920,1418,1502,388,808,603,396,293,432,189,392,296,207,141,193,199,416,307,189,152,239,1625,121,1504,상도로62길
2017,1,A,골목상권,1000760,2345,1206,1139,280,700,424,270,277,394,138,401,226,134,127,180,142,299,198,136,150,214,1285,358,927,상도로61길
2017,1,A,골목상권,1000759,4063,2083,1980,530,1134,703,471,515,710,274,655,361,232,249,312,256,479,342,239,266,398,2120,98,2022,상도로47길
2017,1,A,골목상권,1000758,1307,628,679,177,350,237,171,150,222,86,171,122,79,72,98,91,179,115,92,78,124,695,0,695,상도로37길
2017,1,A,골목상권,1000757,3871,1885,1986,409,787,862,513,561,739,207,400,439,257,257,325,202,387,423,256,304,414,2029,141,1888,상도로15길
2017,1,A,골목상권,1000756,2618,1265,1353,320,423,540,412,386,537,163,210,266,211,182,233,157,213,274,201,204,304,1241,0,1241,사당로8길
2017,1,A,골목상권,1000755,1026,483,543,84,199,267,151,120,205,48,88,128,83,49,87,36,111,139,68,71,118,592,0,592,사당로30길
2017,1,A,골목상권,1000754,3326,1601,1725,534,497,628,556,463,648,280,220,321,274,215,291,254,277,307,282,248,357,1555,368,1187,사당로2차길
2017,1,A,골목상권,1000753,2619,1266,1353,285,445,510,381,457,541,145,224,245,192,228,232,140,221,265,189,229,309,1343,7,1336,사당로29길
2017,1,A,골목상권,1000752,3007,1431,1576,297,641,687,346,435,601,166,285,344,170,197,269,131,356,343,176,238,332,1526,24,1502,사당로26길
2017,1,A,골목상권,1000751,1058,546,512,145,136,174,163,166,274,75,82,96,87,82,124,70,54,78,76,84,150,489,0,489,사당로23나길
2017,1,A,골목상권,1000750,1251,601,650,256,152,208,234,179,222,136,61,90,124,87,103,120,91,118,110,92,119,416,373,43,사당로23길
2017,1,A,골목상권,1000749,2749,1309,1440,334,479,537,423,372,604,167,220,274,223,159,266,167,259,263,200,213,338,1337,0,1337,사당로20길
2017,1,A,골목상권,1000748,3556,1712,1844,442,477,684,551,547,855,213,222,374,287,261,355,229,255,310,264,286,500,1661,65,1596,사당로16길
2017,1,A,골목상권,1000747,2187,1048,1139,259,383,435,345,307,458,127,180,213,182,144,202,132,203,222,163,163,256,1048,36,1012,사당로16가길
2017,1,A,골목상권,1000746,3761,1954,1807,594,728,657,515,516,751,318,430,375,259,234,338,276,298,282,256,282,413,1682,596,1086,만양로8길
2017,1,A,골목상권,1000745,983,610,373,54,387,212,91,75,164,33,265,154,58,34,66,21,122,58,33,41,98,729,0,729,만양로14길
2017,1,A,골목상권,1000744,2037,1017,1020,229,394,335,278,346,455,120,206,188,144,171,188,109,188,147,134,175,267,1004,155,849,등용로14길
2017,1,A,골목상권,1000743,3339,1618,1721,236,799,767,377,492,668,125,369,380,201,227,316,111,430,387,176,265,352,1920,49,1871,동작대로7길
2017,1,A,골목상권,1000742,3103,1551,1552,428,437,561,459,509,709,230,206,304,248,241,322,198,231,257,211,268,387,1319,135,1184,동작대로35길
2017,1,A,골목상권,1000741,2590,1219,1371,268,403,477,384,413,645,151,195,234,181,177,281,117,208,243,203,236,364,1297,37,1260,동작대로33길
2017,1,A,골목상권,1000740,830,403,427,102,137,140,109,119,223,52,73,67,53,57,101,50,64,73,56,62,122,338,224,114,동작대로29길
2017,1,A,골목상권,1000739,2444,1137,1307,216,445,543,348,359,533,110,171,262,186,161,247,106,274,281,162,198,286,1429,0,1429,동작대로17길
2017,1,A,골목상권,1000738,3366,1544,1822,563,649,628,547,434,545,284,277,280,252,198,253,279,372,348,295,236,292,1468,47,1421,대방동2길
2017,1,A,골목상권,1000737,4157,2077,2080,827,705,660,844,517,604,439,350,333,437,248,270,388,355,327,407,269,334,1826,21,1805,대방동27길
2017,1,A,골목상권,1000736,3405,1730,1675,401,594,451,532,671,756,204,308,262,285,324,347,197,286,189,247,347,409,1594,16,1578,노량진로6길
2017,1,A,골목상권,1000735,3938,1919,2019,554,643,829,580,531,801,291,308,442,292,228,358,263,335,387,288,303,443,1882,13,1869,국사봉길
2017,1,A,골목상권,1000734,1334,624,710,162,267,307,188,177,233,88,105,148,88,92,103,74,162,159,100,85,130,704,0,704,국사봉2길
2017,1,A,골목상권,1000733,3231,1520,1711,366,577,594,503,452,739,187,258,291,244,211,329,179,319,303,259,241,410,1700,46,1654,국사봉1길
2017,1,A,골목상권,1000732,2790,1444,1346,267,395,519,413,513,683,137,211,281,229,266,320,130,184,238,184,247,363,1531,71,1460,영신로9길
2017,1,A,골목상권,1000731,2607,1344,1263,219,524,473,409,407,575,112,239,284,233,215,261,107,285,189,176,192,314,1626,31,1595,영등포로84길
2017,1,A,골목상권,1000730,2226,1143,1083,229,358,389,334,385,531,125,176,229,185,198,230,104,182,160,149,187,301,1217,0,1217,영등포로80길
2017,1,A,골목상권,1000729,1687,905,782,158,292,381,238,239,379,78,155,235,132,121,184,80,137,146,106,118,195,971,21,950,영등포로62길
2017,1,A,골목상권,1000728,1203,709,494,98,218,230,178,205,274,55,117,140,118,134,145,43,101,90,60,71,129,822,0,822,영등포로35길
2017,1,A,골목상권,1000727,1771,980,791,163,270,354,270,301,413,86,133,224,170,178,189,77,137,130,100,123,224,1032,0,1032,영등포로27길
2017,1,A,골목상권,1000726,1745,874,871,169,315,277,264,301,419,71,148,159,146,157,193,98,167,118,118,144,226,961,0,961,영등포로25길
2017,1,A,골목상권,1000725,2427,1241,1186,285,324,533,382,366,537,145,163,300,213,176,244,140,161,233,169,190,293,1253,371,882,여의대방로61길
2017,1,A,골목상권,1000724,3598,1805,1793,487,532,536,605,676,762,257,275,291,307,336,339,230,257,245,298,340,423,1646,505,1141,여의대방로43나길
2017,1,A,골목상권,1000723,444,219,225,40,61,67,61,90,125,24,28,35,31,44,57,16,33,32,30,46,68,252,0,252,여의대방로39길
2017,1,A,골목상권,1000722,1780,903,877,238,241,252,287,297,465,134,126,142,141,149,211,104,115,110,146,148,254,827,23,804,여의대방로35길
2017,1,A,골목상권,1000721,3649,1866,1783,580,598,854,560,531,526,285,290,469,292,287,243,295,308,385,268,244,283,1521,688,833,양평로28길
2017,1,A,골목상권,1000720,1471,730,741,216,242,453,244,150,166,115,99,243,122,83,68,101,143,210,122,67,98,738,176,562,양평로22라길
2017,1,A,골목상권,1000719,3144,1555,1589,607,420,559,548,460,550,309,216,284,286,222,238,298,204,275,262,238,312,1146,587,559,양평로19길
2017,1,A,골목상권,1000718,3204,1573,1631,362,408,478,481,599,876,177,201,244,244,308,399,185,207,234,237,291,477,1580,0,1580,신길로60길
2017,1,A,골목상권,1000717,2859,1425,1434,365,401,333,476,569,715,182,209,188,241,293,312,183,192,145,235,276,403,1290,81,1209,신길로42길
2017,1,A,골목상권,1000716,4794,2358,2436,672,643,619,841,867,1152,342,335,340,404,434,503,330,308,279,437,433,649,2181,245,1936,신길로42가길
2017,1,A,골목상권,1000715,1999,990,1009,263,243,214,361,388,530,139,127,122,171,195,236,124,116,92,190,193,294,1019,0,1019,신길로39길
2017,1,A,골목상권,1000714,2524,1236,1288,302,350,326,387,497,662,162,189,172,177,249,287,140,161,154,210,248,375,1174,23,1151,신길로17길
2017,1,A,골목상권,1000713,1112,586,526,154,122,174,178,183,301,91,74,94,96,93,138,63,48,80,82,90,163,475,97,378,선유서로28길
2017,1,A,골목상권,1000712,2960,1524,1436,399,431,628,499,386,617,222,210,329,296,191,276,177,221,299,203,195,341,1478,572,906,선유서로25길
2017,1,A,골목상권,1000711,1382,705,677,144,120,176,202,268,472,69,68,95,121,148,204,75,52,81,81,120,268,746,97,649,선유서로24길
2017,1,A,골목상권,1000710,2800,1410,1390,233,649,691,364,383,480,119,268,362,198,230,233,114,381,329,166,153,247,1772,53,1719,선유로55길
2017,1,A,골목상권,1000709,562,337,225,130,61,67,73,88,143,105,38,39,43,41,71,25,23,28,30,47,72,227,0,227,디지털로74길
2017,1,A,골목상권,1000708,1682,821,861,181,182,227,288,327,477,99,88,111,149,172,202,82,94,116,139,155,275,942,0,942,디지털로57길
2017,1,A,골목상권,1000707,1631,798,833,191,143,177,301,289,530,96,71,102,139,150,240,95,72,75,162,139,290,843,0,843,디지털로37길
2017,1,A,골목상권,1000706,1662,820,842,218,226,212,267,298,441,112,130,119,135,134,190,106,96,93,132,164,251,768,0,768,도신로62길
2017,1,A,골목상권,1000705,809,398,411,95,95,99,124,142,254,45,49,54,69,64,117,50,46,45,55,78,137,397,0,397,도신로60길
2017,1,A,골목상권,1000704,1687,869,818,250,229,243,308,289,368,148,119,127,158,146,171,102,110,116,150,143,197,743,85,658,도신로29길
2017,1,A,골목상권,1000703,3749,1888,1861,397,723,804,502,608,715,226,324,426,269,296,347,171,399,378,233,312,368,1874,151,1723,도신로15길
2017,1,A,골목상권,1000702,2375,1175,1200,278,352,397,339,427,582,142,183,210,156,201,283,136,169,187,183,226,299,1177,28,1149,도림천로21길
2017,1,A,골목상권,1000701,1911,991,920,285,229,221,338,373,465,162,120,125,170,197,217,123,109,96,168,176,248,864,0,864,도림로63길
2017,1,A,골목상권,1000700,394,209,185,20,55,50,47,65,157,11,25,26,32,33,82,9,30,24,15,32,75,242,0,242,도림로147길
2017,1,A,골목상권,1000699,2413,1208,1205,299,280,336,458,406,634,142,138,185,245,214,284,157,142,151,213,192,350,1164,21,1143,도림로112길
2017,1,A,골목상권,1000698,3165,1576,1589,370,461,447,536,533,818,189,228,239,283,256,381,181,233,208,253,277,437,1604,21,1583,대림로8길
2017,1,A,골목상권,1000697,1153,553,600,127,147,157,161,243,318,58,67,89,71,124,144,69,80,68,90,119,174,585,0,585,대림로7길
2017,1,A,골목상권,1000696,2360,1230,1130,393,342,297,450,444,434,213,185,159,221,246,206,180,157,138,229,198,228,1006,15,991,대림로44길
2017,1,A,골목상권,1000695,2938,1517,1421,474,405,359,522,546,632,255,213,200,279,279,291,219,192,159,243,267,341,1188,133,1055,대림로34길
2017,1,A,골목상권,1000694,2662,1382,1280,311,345,404,477,537,588,157,188,230,243,284,280,154,157,174,234,253,308,1368,151,1217,대림로31길
2017,1,A,골목상권,1000693,2121,1106,1015,187,302,374,328,403,527,101,161,212,174,215,243,86,141,162,154,188,284,1242,0,1242,대림로29길
2017,1,A,골목상권,1000692,4551,2311,2240,646,609,589,737,891,1079,341,318,328,374,446,504,305,291,261,363,445,575,1930,717,1213,대림로22길
2017,1,A,골목상권,1000691,2151,1095,1056,184,499,451,282,305,430,89,233,259,149,166,199,95,266,192,133,139,231,1247,18,1229,당산로46길
2017,1,A,골목상권,1000690,1628,778,850,150,523,437,182,156,180,76,225,237,90,65,85,74,298,200,92,91,95,1106,0,1106,당산로38길
2017,1,A,골목상권,1000689,1356,652,704,151,176,240,194,217,378,68,81,129,102,112,160,83,95,111,92,105,218,790,178,612,당산로37길
2017,1,A,골목상권,1000688,868,449,419,114,145,170,140,116,183,60,65,94,82,62,86,54,80,76,58,54,97,460,58,402,당산로31길
2017,1,A,골목상권,1000687,2213,1328,885,102,691,662,245,214,299,51,376,435,181,130,155,51,315,227,64,84,144,1709,32,1677,국회대로56길
2017,1,A,골목상권,1000686,170,130,40,4,9,14,19,43,81,2,5,9,16,36,62,2,4,5,3,7,19,147,0,147,경인로90길
2017,1,A,골목상권,1000685,147,83,64,9,11,23,21,25,58,4,7,17,14,16,25,5,4,6,7,9,33,75,0,75,경인로80길
2017,1,A,골목상권,1000684,304,179,125,6,46,50,44,55,103,3,30,32,31,35,48,3,16,18,13,20,55,220,0,220,경인로77길
2017,1,A,골목상권,1000683,2023,1039,984,264,286,233,369,403,468,145,158,125,191,213,207,119,128,108,178,190,261,944,0,944,가마산로61길
2017,1,A,골목상권,1000682,3940,1992,1948,532,599,589,662,782,776,279,307,318,313,394,381,253,292,271,349,388,395,1839,34,1805,시흥대로94길
2017,1,A,골목상권,1000681,5960,3011,2949,850,912,835,969,1168,1226,454,478,459,478,571,571,396,434,376,491,597,655,2596,42,2554,시흥대로84길
2017,1,A,골목상권,1000680,2793,1436,1357,386,369,419,448,509,662,206,199,229,235,255,312,180,170,190,213,254,350,1245,7,1238,시흥대로68길
2017,1,A,골목상권,1000679,1546,762,784,188,200,322,247,247,342,88,100,172,123,121,158,100,100,150,124,126,184,757,382,375,시흥대로63길
2017,1,A,골목상권,1000678,3215,1618,1597,483,433,427,551,613,708,247,258,228,275,297,313,236,175,199,276,316,395,1469,50,1419,시흥대로62가길
2017,1,A,골목상권,1000677,2068,1066,1002,329,274,277,344,387,457,160,154,140,188,205,219,169,120,137,156,182,238,844,49,795,시흥대로36길
2017,1,A,골목상권,1000676,3562,1781,1781,565,462,558,530,593,854,286,244,292,289,273,397,279,218,266,241,320,457,1313,183,1130,시흥대로22길
2017,1,A,골목상권,1000675,2089,1147,942,192,483,450,260,368,336,109,242,271,151,201,173,83,241,179,109,167,163,1238,132,1106,시흥대로153길
2017,1,A,골목상권,1000674,4382,2231,2151,626,544,669,709,816,1018,310,290,369,370,401,491,316,254,300,339,415,527,1837,592,1245,시흥대로150길
2017,1,A,골목상권,1000673,2274,1250,1024,224,421,398,355,444,432,104,211,232,220,257,226,120,210,166,135,187,206,1421,0,1421,시흥대로141길
2017,1,A,골목상권,1000672,625,330,295,83,57,89,96,129,171,46,31,51,53,64,85,37,26,38,43,65,86,316,24,292,시흥대로138길
2017,1,A,골목상권,1000671,3426,1693,1733,459,487,500,582,669,729,223,243,252,301,340,334,236,244,248,281,329,395,1549,59,1490,시흥대로120길
2017,1,A,골목상권,1000670,1207,630,577,110,160,194,192,240,311,50,83,118,108,133,138,60,77,76,84,107,173,683,0,683,벚꽃로56길
2017,1,A,골목상권,1000669,1313,681,632,147,253,286,199,195,233,75,121,165,106,104,110,72,132,121,93,91,123,650,195,455,범안로17길
2017,1,A,골목상권,1000668,1292,734,558,91,438,430,141,88,104,40,210,280,100,52,52,51,228,150,41,36,52,970,110,860,범안로11길
2017,1,A,골목상권,1000667,3187,1600,1587,380,451,479,537,627,713,194,231,277,267,306,325,186,220,202,270,321,388,1534,51,1483,문성로5길
2017,1,A,골목상권,1000666,556,262,294,84,63,74,107,112,116,42,30,39,51,52,48,42,33,35,56,60,68,245,7,238,독산로85길
2017,1,A,골목상권,1000665,3313,1696,1617,466,485,422,574,667,699,230,266,231,296,352,321,236,219,191,278,315,378,1461,81,1380,독산로78다길
2017,1,A,골목상권,1000664,2790,1424,1366,310,351,343,548,606,632,155,175,195,287,334,278,155,176,148,261,272,354,1482,0,1482,독산로70길
2017,1,A,골목상권,1000663,2372,1195,1177,327,341,298,412,520,474,164,194,156,203,270,208,163,147,142,209,250,266,1053,13,1040,독산로64길
2017,1,A,골목상권,1000662,2448,1223,1225,380,366,367,359,477,499,199,185,188,174,226,251,181,181,179,185,251,248,863,322,541,독산로50길
2017,1,A,골목상권,1000661,2704,1338,1366,415,355,397,427,508,602,211,186,215,220,241,265,204,169,182,207,267,337,1151,39,1112,독산로40길
2017,1,A,골목상권,1000660,1838,960,878,228,282,310,309,353,356,123,145,181,147,198,166,105,137,129,162,155,190,934,14,920,독산로108길
2017,1,A,골목상권,1000659,2394,1407,987,141,644,521,348,387,353,64,317,350,233,243,200,77,327,171,115,144,153,1767,11,1756,남부순환로112길
2017,1,A,골목상권,1000658,4520,2308,2212,681,591,543,780,829,1096,352,312,310,400,444,490,329,279,233,380,385,606,2028,17,2011,금하로24길
2017,1,A,골목상권,1000657,2164,1099,1065,343,297,285,421,370,448,161,154,179,210,192,203,182,143,106,211,178,245,999,0,999,금하로1길
2017,1,A,골목상권,1000656,1825,898,927,248,247,244,307,331,448,119,120,132,152,162,213,129,127,112,155,169,235,838,30,808,금하로14길
2017,1,A,골목상권,1000655,3309,1989,1320,259,868,892,427,427,436,148,497,588,272,255,229,111,371,304,155,172,207,2214,311,1903,가산로5길
2017,1,A,골목상권,1000654,985,630,355,53,284,329,140,91,88,15,167,240,107,53,48,38,117,89,33,38,40,731,0,731,가산로3길
2017,1,A,골목상권,1000653,1239,613,626,201,211,201,181,200,245,102,106,104,92,101,108,99,105,97,89,99,137,506,171,335,중앙로1길
2017,1,A,골목상권,1000652,1658,829,829,281,222,257,246,292,360,152,110,133,131,140,163,129,112,124,115,152,197,649,194,455,중앙로15길
2017,1,A,골목상권,1000651,1026,576,450,75,118,93,185,275,280,40,59,59,117,162,139,35,59,34,68,113,141,599,0,599,우마길
2017,1,A,골목상권,1000650,2232,1130,1102,322,286,307,304,374,639,183,144,173,166,188,276,139,142,134,138,186,363,1077,0,1077,오류로8길
2017,1,A,골목상권,1000649,588,295,293,56,85,70,89,124,164,25,46,32,51,66,75,31,39,38,38,58,89,269,0,269,신도림로13길
2017,1,A,골목상권,1000648,2689,1318,1371,364,461,571,382,385,526,189,212,288,190,184,255,175,249,283,192,201,271,1238,585,653,새말로18길
2017,1,A,골목상권,1000647,1335,693,642,164,153,265,198,214,341,99,74,134,115,111,160,65,79,131,83,103,181,582,65,517,부일로1길
2017,1,A,골목상권,1000646,1665,826,839,261,222,264,277,258,383,139,112,142,135,129,169,122,110,122,142,129,214,714,10,704,부일로15길
2017,1,A,골목상권,1000645,2714,1376,1338,492,373,367,478,461,543,268,198,182,226,231,271,224,175,185,252,230,272,1079,37,1042,부일로11길
2017,1,A,골목상권,1000644,1504,820,684,38,529,551,180,105,101,21,234,322,120,69,54,17,295,229,60,36,47,1286,0,1286,디지털로32길
2017,1,A,골목상권,1000643,4784,2622,2162,126,1964,1741,450,222,281,71,883,1079,320,123,146,55,1081,662,130,99,135,4104,92,4012,디지털로32가길
2017,1,A,골목상권,1000642,1427,762,665,184,148,194,242,257,402,92,85,108,135,147,195,92,63,86,107,110,207,724,0,724,디지털로27길
2017,1,A,골목상권,1000641,1556,797,759,196,189,210,268,310,383,101,96,129,152,161,158,95,93,81,116,149,225,751,5,746,도림로6길
2017,1,A,골목상권,1000640,2468,1206,1262,371,306,380,397,428,586,184,168,186,206,204,258,187,138,194,191,224,328,1051,26,1025,도림로12길
2017,1,A,골목상권,1000639,1305,618,687,204,148,257,154,187,355,92,71,130,75,73,177,112,77,127,79,114,178,487,443,44,남부순환로97길
2017,1,A,골목상권,1000638,3141,1569,1572,371,359,453,495,613,850,192,193,228,253,302,401,179,166,225,242,311,449,1474,236,1238,구로중앙로8길
2017,1,A,골목상권,1000637,791,386,405,80,63,107,111,156,274,41,33,53,63,74,122,39,30,54,48,82,152,419,0,419,구로중앙로7길
2017,1,A,골목상권,1000636,972,517,455,142,141,146,146,164,233,77,83,84,81,83,109,65,58,62,65,81,124,434,0,434,구로중앙로42길
2017,1,A,골목상권,1000635,1248,651,597,149,165,160,208,241,325,84,96,94,106,124,147,65,69,66,102,117,178,581,38,543,구로중앙로34길
2017,1,A,골목상권,1000634,3479,1744,1735,493,522,647,606,552,659,239,223,356,329,298,299,254,299,291,277,254,360,1742,177,1565,구로중앙로28길
2017,1,A,골목상권,1000633,868,433,435,100,114,95,138,176,245,45,53,58,75,97,105,55,61,37,63,79,140,426,8,418,구로중앙로19길
2017,1,A,골목상권,1000632,6753,3399,3354,883,895,951,1082,1240,1702,491,515,496,552,582,763,392,380,455,530,658,939,2920,0,2920,구로동로8길
2017,1,A,골목상권,1000631,2919,1540,1379,354,330,364,490,583,798,201,185,209,276,291,378,153,145,155,214,292,420,1414,4,1410,구로동로7길
2017,1,A,골목상권,1000630,1996,988,1008,277,212,249,370,337,551,135,106,132,193,169,253,142,106,117,177,168,298,922,0,922,구로동로42길
2017,1,A,골목상권,1000629,2624,1345,1279,336,339,315,461,518,655,168,170,181,254,261,311,168,169,134,207,257,344,1227,0,1227,구로동로41길
2017,1,A,골목상권,1000628,2104,1028,1076,294,263,208,368,414,557,136,144,108,192,213,235,158,119,100,176,201,322,1005,20,985,구로동로38길
2017,1,A,골목상권,1000627,2059,1048,1011,258,248,261,393,349,550,133,124,142,207,195,247,125,124,119,186,154,303,1086,62,1024,구로동로28길
2017,1,A,골목상권,1000626,1072,563,509,131,114,121,163,241,302,72,73,71,82,127,138,59,41,50,81,114,164,556,0,556,구로동로15길
2017,1,A,골목상권,1000625,2086,928,1158,218,584,552,252,208,272,99,196,268,126,105,134,119,388,284,126,103,138,1311,264,1047,공원로6가길
2017,1,A,골목상권,1000624,3257,1605,1652,594,434,453,561,581,634,304,218,220,287,288,288,290,216,233,274,293,346,1237,654,583,고척로52길
2017,1,A,골목상권,1000623,4560,2260,2300,730,662,589,813,831,935,360,358,298,400,423,421,370,304,291,413,408,514,1942,47,1895,고척로27다길
2017,1,A,골목상권,1000622,2614,1346,1268,389,362,348,435,470,610,208,192,184,226,250,286,181,170,164,209,220,324,1164,30,1134,고척로27길
2017,1,A,골목상권,1000621,2853,1477,1376,458,386,382,477,494,656,236,220,218,240,262,301,222,166,164,237,232,355,1269,0,1269,고척로21나길
2017,1,A,골목상권,1000620,2144,1071,1073,322,350,301,321,384,466,146,173,162,163,203,224,176,177,139,158,181,242,881,417,464,경인로47길
2017,1,A,골목상권,1000619,3192,1645,1547,393,405,382,488,630,894,192,212,207,274,335,425,201,193,175,214,295,469,1510,0,1510,경인로35길
2017,1,A,골목상권,1000618,2002,1047,955,210,246,233,346,429,538,107,134,132,201,234,239,103,112,101,145,195,299,1081,0,1081,경인로31길
2017,1,A,골목상권,1000617,3848,1944,1904,566,510,614,588,639,931,297,262,325,327,312,421,269,248,289,261,327,510,1657,62,1595,경인로15길
2017,1,A,골목상권,1000616,3108,1527,1581,514,401,529,515,513,636,256,210,281,266,236,278,258,191,248,249,277,358,1296,46,1250,개봉로3길
2017,1,A,골목상권,1000615,2428,1169,1259,448,291,446,378,385,480,230,151,222,177,174,215,218,140,224,201,211,265,998,0,998,개봉로2길
2017,1,A,골목상권,1000614,2302,1128,1174,332,241,424,342,344,619,146,131,213,189,160,289,186,110,211,153,184,330,960,492,468,개봉로23가길
2017,1,A,골목상권,1000613,3701,1770,1931,651,462,681,488,587,832,332,218,316,255,265,384,319,244,365,233,322,448,1323,757,566,개봉로20길
2017,1,A,골목상권,1000612,2130,1071,1059,357,264,339,382,340,448,180,144,195,191,162,199,177,120,144,191,178,249,850,146,704,개봉로1길
2017,1,A,골목상권,1000611,3467,1735,1732,534,461,593,555,554,770,272,232,307,282,271,371,262,229,286,273,283,399,1515,67,1448,개봉로17다길
2017,1,A,골목상권,1000610,5645,2753,2892,924,809,937,889,942,1144,481,415,470,440,436,511,443,394,467,449,506,633,2220,73,2147,개봉로17길
2017,1,A,골목상권,1000609,5149,2548,2601,848,712,802,857,861,1069,457,365,405,421,402,498,391,347,397,436,459,571,2003,43,1960,개봉로11길
2017,1,A,골목상권,1000608,3792,1838,1954,491,759,805,547,571,619,277,301,418,266,297,279,214,458,387,281,274,340,1932,523,1409,화곡로64길
2017,1,A,골목상권,1000607,2591,1268,1323,432,426,439,401,501,392,235,213,214,175,243,188,197,213,225,226,258,204,939,462,477,화곡로59길
2017,1,A,골목상권,1000606,3188,1584,1604,473,474,694,517,482,548,253,222,386,251,224,248,220,252,308,266,258,300,1481,58,1423,화곡로44나길
2017,1,A,골목상권,1000605,4122,1964,2158,480,685,802,577,655,923,252,339,390,278,298,407,228,346,412,299,357,516,1888,20,1868,화곡로31길
2017,1,A,골목상권,1000604,3475,1707,1768,528,474,680,519,566,708,264,241,349,264,255,334,264,233,331,255,311,374,1472,88,1384,화곡로20길
2017,1,A,골목상권,1000603,3303,1616,1687,567,513,475,572,551,625,301,268,233,275,249,290,266,245,242,297,302,335,1298,123,1175,화곡로13길
2017,1,A,골목상권,1000602,3703,1880,1823,531,532,526,554,674,886,284,261,298,290,328,419,247,271,228,264,346,467,1620,20,1600,초원로16길
2017,1,A,골목상권,1000601,4978,2462,2516,1007,685,985,909,670,722,535,353,502,464,313,295,472,332,483,445,357,427,1965,34,1931,초록마을로8길
2017,1,A,골목상권,1000600,2614,1344,1270,223,521,693,427,348,402,93,262,398,239,179,173,130,259,295,188,169,229,1621,21,1600,초록마을로3길
2017,1,A,골목상권,1000599,2252,1208,1044,175,428,634,342,332,341,83,203,376,209,171,166,92,225,258,133,161,175,1369,173,1196,월정로20길
2017,1,A,골목상권,1000598,5525,2614,2911,1432,715,699,1203,781,695,667,335,330,561,399,322,765,380,369,642,382,373,1845,622,1223,우장산로6길
2017,1,A,골목상권,1000597,2595,1349,1246,732,284,431,567,312,269,414,149,203,292,168,123,318,135,228,275,144,146,921,520,401,양천로73가길
2017,1,A,골목상권,1000596,6762,3329,3433,1768,830,917,1440,991,816,872,452,414,718,502,371,896,378,503,722,489,445,2054,1887,167,양천로71길
2017,1,A,골목상권,1000595,1193,614,579,170,222,217,162,191,231,99,113,119,76,98,109,71,109,98,86,93,122,509,23,486,양천로49길
2017,1,A,골목상권,1000594,2071,1004,1067,458,218,402,338,314,341,232,118,182,170,145,157,226,100,220,168,169,184,736,224,512,양천로26길
2017,1,A,골목상권,1000593,3733,1905,1828,605,501,642,535,652,798,339,264,332,279,304,387,266,237,310,256,348,411,1509,425,1084,양천로24길
2017,1,A,골목상권,1000592,2936,1457,1479,529,340,530,527,440,570,265,173,279,265,213,262,264,167,251,262,227,308,1174,229,945,양천로24가길
2017,1,A,골목상권,1000591,4565,2231,2334,823,598,688,731,759,966,407,300,364,371,354,435,416,298,324,360,405,531,1654,558,1096,양천로14길
2017,1,A,골목상권,1000590,2424,1270,1154,358,284,475,466,393,448,190,143,267,265,193,212,168,141,208,201,200,236,1160,7,1153,방화대로6라길
2017,1,A,골목상권,1000589,2481,1277,1204,338,346,399,344,479,575,183,178,238,184,233,261,155,168,161,160,246,314,1170,45,1125,방화대로21길
2017,1,A,골목상권,1000588,1520,731,789,205,233,287,212,256,327,110,113,158,99,110,141,95,120,129,113,146,186,651,48,603,등촌로5길
2017,1,A,골목상권,1000587,2854,1366,1488,448,510,702,427,367,400,235,221,372,202,149,187,213,289,330,225,218,213,1261,130,1131,등촌로55길
2017,1,A,골목상권,1000586,2163,1072,1091,393,318,330,332,383,407,205,171,159,164,173,200,188,147,171,168,210,207,759,223,536,등촌로51길
2017,1,A,골목상권,1000585,3301,1677,1624,604,494,605,529,541,528,327,272,332,249,265,232,277,222,273,280,276,296,1259,96,1163,등촌로39길
2017,1,A,골목상권,1000584,3871,1916,1955,585,515,763,636,635,737,315,262,408,318,290,323,270,253,355,318,345,414,1636,24,1612,등촌로13길
2017,1,A,골목상권,1000583,3901,2058,1843,622,526,772,669,608,704,329,266,429,383,317,334,293,260,343,286,291,370,1854,48,1806,남부순환로11길
2017,1,A,골목상권,1000582,4454,2165,2289,885,584,893,743,608,741,452,288,453,382,273,317,433,296,440,361,335,424,1719,28,1691,까치산로4길
2017,1,A,골목상권,1000581,2372,1162,1210,290,353,410,368,400,551,132,192,226,184,183,245,158,161,184,184,217,306,1028,111,917,국회대로7길
2017,1,A,골목상권,1000580,3043,1546,1497,380,517,548,455,459,684,198,266,293,245,214,330,182,251,255,210,245,354,1553,12,1541,공항대로8길
2017,1,A,골목상권,1000579,2060,1026,1034,418,278,400,371,283,310,222,136,198,189,134,147,196,142,202,182,149,163,783,368,415,공항대로61길
2017,1,A,골목상권,1000578,2825,1420,1405,531,379,417,483,492,523,285,195,200,243,249,248,246,184,217,240,243,275,1066,468,598,공항대로59다길
2017,1,A,골목상권,1000577,1723,802,921,184,332,367,290,274,276,92,132,178,140,137,123,92,200,189,150,137,153,934,0,934,공항대로59길
2017,1,A,골목상권,1000576,2105,1064,1041,377,283,354,345,348,398,201,151,196,167,167,182,176,132,158,178,181,216,834,4,830,공항대로55길
2017,1,A,골목상권,1000575,1120,544,576,239,148,148,245,171,169,112,81,66,116,88,81,127,67,82,129,83,88,412,18,394,공항대로42길
2017,1,A,골목상권,1000574,422,205,217,78,72,74,82,64,52,35,43,40,35,30,22,43,29,34,47,34,30,189,0,189,공항대로38길
2017,1,A,골목상권,1000573,1958,974,984,208,298,404,286,323,439,109,155,204,145,155,206,99,143,200,141,168,233,998,18,980,곰달래로60길
2017,1,A,골목상권,1000572,3803,1859,1944,718,496,631,710,577,671,358,266,323,342,275,295,360,230,308,368,302,376,1532,109,1423,곰달래로53길
2017,1,A,골목상권,1000571,4181,2031,2150,806,539,786,774,591,685,392,274,399,375,276,315,414,265,387,399,315,370,1635,78,1557,곰달래로47길
2017,1,A,골목상권,1000570,3162,1528,1634,693,362,638,558,399,512,369,179,305,269,172,234,324,183,333,289,227,278,1175,48,1127,곰달래로31길
2017,1,A,골목상권,1000569,3090,1472,1618,472,356,591,522,486,663,218,186,283,281,212,292,254,170,308,241,274,371,1372,30,1342,곰달래로25길
2017,1,A,골목상권,1000568,2425,1208,1217,229,637,441,297,342,479,111,294,246,165,175,217,118,343,195,132,167,262,1415,103,1312,개화동로25길
2017,1,A,골목상권,1000567,3942,1959,1983,496,496,544,610,788,1008,252,274,278,308,396,451,244,222,266,302,392,557,1891,96,1795,개화동로23길
2017,1,A,골목상권,1000566,3414,1689,1725,489,411,669,523,512,810,243,194,360,275,232,385,246,217,309,248,280,425,1499,196,1303,강서로8길
2017,1,A,골목상권,1000565,2895,1440,1455,444,378,594,438,478,563,235,189,313,235,206,262,209,189,281,203,272,301,1226,103,1123,강서로5라길
2017,1,A,골목상권,1000564,2948,1466,1482,233,682,845,374,330,484,113,283,481,212,148,229,120,399,364,162,182,255,1816,336,1480,강서로5나길
2017,1,A,골목상권,1000563,1860,959,901,157,348,429,256,278,392,89,155,239,142,132,202,68,193,190,114,146,190,1036,101,935,강서로5가길
2017,1,A,골목상권,1000562,3958,1863,2095,975,577,492,809,623,482,448,290,245,365,309,206,527,287,247,444,314,276,1373,187,1186,강서로47라길
2017,1,A,골목상권,1000561,4170,2009,2161,974,538,553,839,641,625,453,279,271,408,332,266,521,259,282,431,309,359,1504,498,1006,강서로47길
2017,1,A,골목상권,1000560,2812,1359,1453,458,417,490,482,407,558,240,196,255,244,174,250,218,221,235,238,233,308,1136,148,988,강서로45다길
2017,1,A,골목상권,1000559,915,448,467,188,124,160,149,136,158,88,50,81,79,69,81,100,74,79,70,67,77,343,101,242,강서로45길
2017,1,A,골목상권,1000558,3954,1896,2058,520,608,732,573,720,801,254,279,378,273,360,352,266,329,354,300,360,449,1772,37,1735,강서로35길
2017,1,A,골목상권,1000557,3065,1473,1592,436,496,736,462,440,495,219,226,376,222,196,234,217,270,360,240,244,261,1391,161,1230,강서로29길
2017,1,A,골목상권,1000556,7017,3395,3622,1143,940,1466,1106,1007,1355,584,429,767,547,462,606,559,511,699,559,545,749,2861,108,2753,강서로18길
2017,1,A,골목상권,1000555,3038,1528,1510,356,476,574,437,559,636,195,238,317,218,257,303,161,238,257,219,302,333,1310,250,1060,강서로17가길
2017,1,A,골목상권,1000554,5498,2734,2764,631,810,1102,855,938,1162,315,397,605,441,459,517,316,413,497,414,479,645,2736,172,2564,강서로15길
2017,1,A,골목상권,1000553,3004,1511,1493,463,440,598,441,491,571,251,228,325,215,237,255,212,212,273,226,254,316,1205,44,1161,가로공원로80길
2017,1,A,골목상권,1000552,3134,1530,1604,455,467,592,521,500,599,216,236,316,261,221,280,239,231,276,260,279,319,1335,86,1249,가로공원로76가길
2017,1,A,골목상권,1000551,1737,870,867,257,231,260,272,343,374,134,126,132,130,160,188,123,105,128,142,183,186,766,108,658,화곡로4길
2017,1,A,골목상권,1000550,3506,1727,1779,735,494,565,615,536,561,389,242,284,297,260,255,346,252,281,318,276,306,1274,483,791,화곡로3길
2017,1,A,골목상권,1000549,3430,1682,1748,503,432,522,511,608,854,245,228,293,258,271,387,258,204,229,253,337,467,1414,0,1414,지양로7길
2017,1,A,골목상권,1000548,4186,2089,2097,722,534,642,674,747,867,380,279,332,335,369,394,342,255,310,339,378,473,1627,298,1329,중앙로55길
2017,1,A,골목상권,1000547,4389,2198,2191,823,584,737,685,684,876,402,309,391,349,328,419,421,275,346,336,356,457,1585,463,1122,중앙로51길
2017,1,A,골목상권,1000546,3765,1995,1770,400,503,493,644,773,952,223,292,288,339,403,450,177,211,205,305,370,502,1882,29,1853,중앙로47길
2017,1,A,골목상권,1000545,2979,1485,1494,421,413,467,472,536,670,224,213,257,236,251,304,197,200,210,236,285,366,1404,137,1267,중앙로45길
2017,1,A,골목상권,1000544,946,453,493,183,102,114,193,137,217,93,48,57,95,66,94,90,54,57,98,71,123,402,9,393,중앙로36길
2017,1,A,골목상권,1000543,1092,534,558,251,143,133,205,171,189,131,79,67,91,91,75,120,64,66,114,80,114,418,72,346,중앙로32길
2017,1,A,골목상권,1000542,2659,1350,1309,320,329,353,472,509,676,170,174,191,250,256,309,150,155,162,222,253,367,1349,41,1308,중앙로25길
2017,1,A,골목상권,1000541,3323,1654,1669,558,401,583,545,537,699,281,216,300,284,242,331,277,185,283,261,295,368,1407,120,1287,은행정로7길
2017,1,A,골목상권,1000540,834,448,386,137,85,109,150,142,211,76,44,60,84,83,101,61,41,49,66,59,110,402,0,402,은행정로5길
2017,1,A,골목상권,1000539,4040,1974,2066,829,463,713,638,613,784,423,228,330,333,301,359,406,235,383,305,312,425,1468,668,800,오목로5길
2017,1,A,골목상권,1000538,3746,1868,1878,822,423,658,618,550,675,412,228,321,322,266,319,410,195,337,296,284,356,1268,604,664,오목로3길
2017,1,A,골목상권,1000537,3668,1790,1878,450,569,664,582,612,791,234,272,360,268,294,362,216,297,304,314,318,429,1644,23,1621,오목로30길
2017,1,A,골목상권,1000536,4323,2143,2180,629,641,867,706,687,793,320,307,458,340,337,381,309,334,409,366,350,412,1968,39,1929,오목로23길
2017,1,A,골목상권,1000535,2256,1151,1105,412,287,370,370,395,422,221,163,183,185,195,204,191,124,187,185,200,218,848,529,319,신월로20길
2017,1,A,골목상권,1000534,5924,2912,3012,1087,789,883,947,1006,1212,564,406,431,466,500,545,523,383,452,481,506,667,2071,773,1298,신월로15길
2017,1,A,골목상권,1000533,2475,1227,1248,505,334,317,479,398,442,278,170,155,222,213,189,227,164,162,257,185,253,985,78,907,신목로6길
2017,1,A,골목상권,1000532,2271,1146,1125,595,319,208,516,369,264,308,178,92,234,207,127,287,141,116,282,162,137,709,229,480,신목로5길
2017,1,A,골목상권,1000531,2101,1030,1071,399,367,192,386,445,312,207,198,93,166,230,136,192,169,99,220,215,176,733,363,370,신목로2길
2017,1,A,골목상권,1000530,1392,686,706,184,210,272,213,214,299,104,103,137,101,111,130,80,107,135,112,103,169,639,26,613,목동중앙서로8가길
2017,1,A,골목상권,1000529,3753,1865,1888,668,576,615,679,603,612,383,308,328,303,278,265,285,268,287,376,325,347,1556,29,1527,목동중앙서로7길
2017,1,A,골목상권,1000528,2193,1037,1156,296,328,440,333,341,455,153,160,225,157,149,193,143,168,215,176,192,262,1046,8,1038,목동중앙북로8길
2017,1,A,골목상권,1000527,3386,1654,1732,459,600,838,482,473,534,253,270,425,232,231,243,206,330,413,250,242,291,1591,67,1524,목동중앙북로16길
2017,1,A,골목상권,1000526,2984,1501,1483,605,423,453,536,484,483,356,237,218,248,227,215,249,186,235,288,257,268,1138,76,1062,목동중앙본로7길
2017,1,A,골목상권,1000525,2527,1243,1284,622,349,305,514,412,325,322,187,145,236,214,139,300,162,160,278,198,186,864,90,774,목동중앙로3길
2017,1,A,골목상권,1000524,1155,596,559,182,206,260,177,163,167,102,89,145,87,97,76,80,117,115,90,66,91,559,50,509,목동중앙로13나길
2017,1,A,골목상권,1000523,2747,1375,1372,530,426,433,470,455,433,316,224,199,224,213,199,214,202,234,246,242,234,998,237,761,목동중앙남로3가길
2017,1,A,골목상권,1000522,3554,1671,1883,653,520,647,647,530,557,329,246,301,292,242,261,324,274,346,355,288,296,1395,133,1262,목동로9길
2017,1,A,골목상권,1000521,2406,1131,1275,413,346,432,387,369,459,188,171,203,181,178,210,225,175,229,206,191,249,964,95,869,목동로19길
2017,1,A,골목상권,1000520,898,408,490,216,106,126,203,123,124,103,46,59,91,64,45,113,60,67,112,59,79,339,143,196,목동동로8길
2017,1,A,골목상권,1000519,2357,1128,1229,568,302,262,509,343,373,282,150,131,219,181,165,286,152,131,290,162,208,821,347,474,목동동로12길
2017,1,A,골목상권,1000518,1360,656,704,299,198,170,265,206,222,147,93,89,119,109,99,152,105,81,146,97,123,453,168,285,목동남로4길
2017,1,A,골목상권,1000517,1871,919,952,502,219,241,434,263,212,255,112,117,207,127,101,247,107,124,227,136,111,581,543,38,남부순환로88길
2017,1,A,골목상권,1000516,1090,575,515,144,147,144,153,238,264,87,92,78,72,118,128,57,55,66,81,120,136,469,112,357,남부순환로79길
2017,1,A,골목상권,1000515,5193,2569,2624,696,738,738,803,968,1250,327,406,397,399,489,551,369,332,341,404,479,699,2208,0,2208,남부순환로70길
2017,1,A,골목상권,1000514,2276,1141,1135,360,324,367,368,394,463,196,156,204,172,191,222,164,168,163,196,203,241,1045,23,1022,남부순환로58길
2017,1,A,골목상권,1000513,2602,1409,1193,290,283,384,449,535,661,143,146,232,271,296,321,147,137,152,178,239,340,1391,17,1374,남부순환로40길
2017,1,A,골목상권,1000512,3920,1913,2007,553,581,629,608,711,838,257,290,345,289,356,376,296,291,284,319,355,462,1665,106,1559,남부순환로33길
2017,1,A,골목상권,1000511,3974,2054,1920,539,579,567,596,796,897,280,293,321,298,415,447,259,286,246,298,381,450,1754,215,1539,곰달래로5길
2017,1,A,골목상권,1000510,3961,2071,1890,586,491,559,693,766,866,313,270,293,369,406,420,273,221,266,324,360,446,1792,354,1438,곰달래로3길
2017,1,A,골목상권,1000509,3864,2002,1862,665,512,615,640,695,737,344,266,333,343,354,362,321,246,282,297,341,375,1576,458,1118,곰달래로2길
2017,1,A,골목상권,1000508,3432,1771,1661,485,444,575,595,619,714,239,230,330,301,319,352,246,214,245,294,300,362,1624,71,1553,곰달래로10길
2017,1,A,골목상권,1000507,2512,1343,1169,302,315,310,450,511,624,153,171,181,271,287,280,149,144,129,179,224,344,1349,0,1349,가로공원로58길
2017,1,A,골목상권,1000506,3497,1682,1815,472,553,454,624,623,771,242,259,247,304,293,337,230,294,207,320,330,434,1544,72,1472,효창원로93길
2017,1,A,골목상권,1000505,2567,1239,1328,635,294,449,548,327,314,315,136,212,279,157,140,320,158,237,269,170,174,938,837,101,토정로37길
2017,1,A,골목상권,1000504,1709,799,910,189,304,408,284,223,301,101,146,186,137,99,130,88,158,222,147,124,171,893,27,866,월드컵로8길
2017,1,A,골목상권,1000503,1955,905,1050,265,363,458,304,255,310,126,149,224,149,124,133,139,214,234,155,131,177,976,17,959,월드컵로7길
2017,1,A,골목상권,1000502,3884,1772,2112,515,742,783,670,515,659,256,297,341,340,256,282,259,445,442,330,259,377,2008,130,1878,월드컵로36길
2017,1,A,골목상권,1000501,3161,1529,1632,596,402,611,562,418,572,295,194,300,286,204,250,301,208,311,276,214,322,1267,299,968,월드컵로25길
2017,1,A,골목상권,1000500,1795,844,951,212,308,378,287,229,381,99,141,193,137,113,161,113,167,185,150,116,220,929,0,929,월드컵로19길
2017,1,A,골목상권,1000499,2551,1174,1377,352,437,563,440,315,444,180,190,249,204,151,200,172,247,314,236,164,244,1268,36,1232,월드컵로16길
2017,1,A,골목상권,1000498,2344,1095,1249,298,394,520,365,319,448,155,166,241,197,147,189,143,228,279,168,172,259,1215,19,1196,월드컵로11길
2017,1,A,골목상권,1000497,2508,1150,1358,256,359,553,408,358,574,120,147,243,201,182,257,136,212,310,207,176,317,1442,41,1401,월드컵로10길
2017,1,A,골목상권,1000496,1916,922,994,171,401,462,283,261,338,77,206,237,137,127,138,94,195,225,146,134,200,1047,0,1047,와우산로3길
2017,1,A,골목상권,1000495,870,411,459,97,167,209,149,91,157,50,74,102,69,42,74,47,93,107,80,49,83,487,48,439,와우산로29길
2017,1,A,골목상권,1000494,545,247,298,43,205,131,59,38,69,16,95,63,25,17,31,27,110,68,34,21,38,368,0,368,와우산로29가길
2017,1,A,골목상권,1000493,1396,674,722,151,231,307,200,214,293,90,110,162,113,85,114,61,121,145,87,129,179,711,48,663,양화진길
2017,1,A,골목상권,1000492,2757,1259,1498,399,476,630,440,340,472,189,187,304,220,157,202,210,289,326,220,183,270,1280,60,1220,양화로1길
2017,1,A,골목상권,1000491,777,347,430,79,152,208,120,77,141,42,53,112,47,35,58,37,99,96,73,42,83,403,0,403,양화로11길
2017,1,A,골목상권,1000490,781,394,387,69,99,77,121,162,253,38,52,45,70,81,108,31,47,32,51,81,145,455,0,455,신촌로30길
2017,1,A,골목상권,1000489,1198,596,602,79,165,152,152,261,389,38,81,88,81,136,172,41,84,64,71,125,217,628,0,628,신촌로28가길
2017,1,A,골목상권,1000488,1978,961,1017,146,570,436,245,215,366,82,271,222,128,103,155,64,299,214,117,112,211,1301,0,1301,신촌로12길
2017,1,A,골목상권,1000487,2932,1450,1482,392,388,380,474,517,781,203,209,204,244,267,323,189,179,176,230,250,458,1459,82,1377,숭문길
2017,1,A,골목상권,1000486,750,382,368,127,95,158,122,100,148,67,49,85,69,47,65,60,46,73,53,53,83,367,211,156,숭문8길
2017,1,A,골목상권,1000485,1087,505,582,105,206,258,146,159,213,56,77,137,70,76,89,49,129,121,76,83,124,565,0,565,성지3길
2017,1,A,골목상권,1000484,3420,1668,1752,475,496,571,594,551,733,230,244,288,307,269,330,245,252,283,287,282,403,1626,142,1484,성산로4길
2017,1,A,골목상권,1000483,1195,555,640,108,262,327,157,147,194,62,112,155,80,66,80,46,150,172,77,81,114,662,8,654,성미산로32길
2017,1,A,골목상권,1000482,3292,1543,1749,551,470,634,636,430,571,316,205,284,295,196,247,235,265,350,341,234,324,1433,73,1360,성미산로1길
2017,1,A,골목상권,1000481,3849,1841,2008,566,574,766,695,553,695,315,273,363,333,252,305,251,301,403,362,301,390,1707,71,1636,성미산로11길
2017,1,A,골목상권,1000480,1784,871,913,256,258,341,302,255,372,133,113,162,173,123,167,123,145,179,129,132,205,862,244,618,백범로16길
2017,1,A,골목상권,1000479,5705,2756,2949,1024,754,1062,1040,784,1041,506,381,499,522,384,464,518,373,563,518,400,577,2308,684,1624,방울내로9안길
2017,1,A,골목상권,1000478,2057,1038,1019,333,291,323,382,297,431,177,148,178,195,149,191,156,143,145,187,148,240,887,83,804,모래내로7길
2017,1,A,골목상권,1000477,3031,1557,1474,404,552,615,494,388,578,216,260,338,268,219,256,188,292,277,226,169,322,1624,18,1606,매봉산로2길
2017,1,A,골목상권,1000476,4671,2225,2446,727,686,923,803,670,862,373,329,421,410,316,376,354,357,502,393,354,486,2139,115,2024,망원로2길
2017,1,A,골목상권,1000475,2321,1095,1226,382,344,369,422,333,471,190,160,178,209,161,197,192,184,191,213,172,274,957,163,794,망원로11길
2017,1,A,골목상권,1000474,2691,1312,1379,337,386,502,466,388,612,172,188,255,244,201,252,165,198,247,222,187,360,1338,24,1314,만리재옛길
2017,1,A,골목상권,1000473,879,407,472,117,149,182,133,122,176,60,63,101,65,51,67,57,86,81,68,71,109,433,186,247,마포대로4길
2017,1,A,골목상권,1000472,2140,1026,1114,294,334,442,396,317,357,147,140,213,201,167,158,147,194,229,195,150,199,1148,300,848,마포대로20길
2017,1,A,골목상권,1000471,807,354,453,80,154,247,123,87,116,44,45,114,63,43,45,36,109,133,60,44,71,521,352,169,마포대로12길
2017,1,A,골목상권,1000470,1561,722,839,125,354,382,220,185,295,60,166,177,108,94,117,65,188,205,112,91,178,922,0,922,동교로38길
2017,1,A,골목상권,1000469,2746,1261,1485,311,594,670,398,292,481,161,252,304,186,135,223,150,342,366,212,157,258,1474,9,1465,동교로27길
2017,1,A,골목상권,1000468,1354,611,743,142,304,333,178,176,221,68,126,150,87,80,100,74,178,183,91,96,121,719,22,697,동교로25길
2017,1,A,골목상권,1000467,1854,843,1011,218,295,415,393,235,298,92,146,189,181,114,121,126,149,226,212,121,177,979,32,947,동교로19길
2017,1,A,골목상권,1000466,1953,910,1043,251,348,480,320,253,301,135,137,225,165,119,129,116,211,255,155,134,172,997,37,960,동교로17길
2017,1,A,골목상권,1000465,1403,644,759,155,257,343,219,185,244,81,98,157,117,86,105,74,159,186,102,99,139,725,92,633,독막로8길
2017,1,A,골목상권,1000464,2942,1441,1501,432,396,493,487,451,683,218,210,265,234,218,296,214,186,228,253,233,387,1302,122,1180,독막로32길
2017,1,A,골목상권,1000463,1085,507,578,204,156,211,207,135,172,103,69,93,102,67,73,101,87,118,105,68,99,464,138,326,독막로22길
2017,1,A,골목상권,1000462,1019,461,558,136,207,238,158,121,159,59,88,100,80,66,68,77,119,138,78,55,91,586,136,450,도화길
2017,1,A,골목상권,1000461,3938,1851,2087,669,448,639,694,613,875,340,208,306,351,291,355,329,240,333,343,322,520,1661,991,670,도화4길
2017,1,A,골목상권,1000460,1696,806,890,116,449,249,228,271,383,52,193,118,112,152,179,64,256,131,116,119,204,1098,0,1098,대흥로28길
2017,1,A,골목상권,1000459,3807,1979,1828,352,864,596,537,589,869,187,469,338,294,320,371,165,395,258,243,269,498,2252,21,2231,대흥로21길
2017,1,A,골목상권,1000458,2057,1092,965,266,480,319,346,266,380,152,290,167,183,145,155,114,190,152,163,121,225,1083,8,1075,광성로6길
2017,1,A,골목상권,1000457,3052,1433,1619,493,374,466,545,427,747,251,184,240,262,185,311,242,190,226,283,242,436,1287,146,1141,홍제내길
2017,1,A,골목상권,1000456,1261,655,606,168,153,157,210,222,351,89,81,87,122,114,162,79,72,70,88,108,189,556,62,494,홍연길
2017,1,A,골목상권,1000455,1679,853,826,206,246,219,255,308,445,116,133,117,126,153,208,90,113,102,129,155,237,766,101,665,통일로39길
2017,1,A,골목상권,1000454,1606,715,891,174,172,204,286,294,476,74,83,99,142,133,184,100,89,105,144,161,292,848,18,830,통일로37길
2017,1,A,골목상권,1000453,310,165,145,28,40,41,41,44,116,20,18,23,24,31,49,8,22,18,17,13,67,205,0,205,통일로11길
2017,1,A,골목상권,1000452,724,403,321,43,117,159,105,128,172,20,67,84,77,77,78,23,50,75,28,51,94,495,101,394,충정로6길
2017,1,A,골목상권,1000451,486,245,241,39,76,108,71,65,127,18,39,57,43,32,56,21,37,51,28,33,71,301,0,301,충정로4길
2017,1,A,골목상권,1000450,3269,1597,1672,469,508,514,503,515,760,235,250,274,260,255,323,234,258,240,243,260,437,1469,21,1448,증가로6길
2017,1,A,골목상권,1000449,5153,2487,2666,770,731,796,857,847,1152,382,358,409,421,416,501,388,373,387,436,431,651,2230,39,2191,증가로23나길
2017,1,A,골목상권,1000448,3512,1765,1747,660,580,491,642,535,604,350,308,262,322,253,270,310,272,229,320,282,334,1410,36,1374,증가로20가길
2017,1,A,골목상권,1000447,3859,1885,1974,443,716,536,623,600,941,220,340,295,307,306,417,223,376,241,316,294,524,2057,21,2036,증가로10길
2017,1,A,골목상권,1000446,3863,1858,2005,551,460,698,617,616,921,268,216,342,329,277,426,283,244,356,288,339,495,1760,0,1760,응암로1길
2017,1,A,골목상권,1000445,3251,1765,1486,246,1379,624,314,273,415,130,818,361,150,126,180,116,561,263,164,147,235,2224,21,2203,연희로10길
2017,1,A,골목상권,1000444,832,451,381,59,137,124,134,167,211,30,69,71,80,99,102,29,68,53,54,68,109,488,0,488,신촌로37길
2017,1,A,골목상권,1000443,3790,1850,1940,575,439,688,560,594,934,280,219,361,284,283,423,295,220,327,276,311,511,1537,249,1288,수색로8길
2017,1,A,골목상권,1000442,3754,1803,1951,446,546,487,591,618,1066,230,271,262,287,316,437,216,275,225,304,302,629,1762,0,1762,세무서길
2017,1,A,골목상권,1000441,2006,983,1023,250,261,251,357,325,562,126,134,139,179,169,236,124,127,112,178,156,326,921,0,921,세무서2길
2017,1,A,골목상권,1000440,1190,570,620,193,124,123,205,199,346,94,56,56,105,116,143,99,68,67,100,83,203,533,124,409,세검정로1길
2017,1,A,골목상권,1000439,3759,1809,1950,411,552,520,607,646,1023,208,285,290,306,307,413,203,267,230,301,339,610,1950,0,1950,북아현로4길
2017,1,A,골목상권,1000438,10741,5184,5557,2473,1167,1825,1950,1491,1835,1211,581,823,1003,727,839,1262,586,1002,947,764,996,3748,3208,540,모래내로15길
2017,1,A,골목상권,1000437,2403,1189,1214,313,532,350,366,353,489,166,261,181,181,175,225,147,271,169,185,178,264,1263,10,1253,명지대길
2017,1,A,골목상권,1000436,4321,2069,2252,714,565,705,739,603,995,358,280,371,380,281,399,356,285,334,359,322,596,1996,317,1679,독립문로8길
2017,1,A,골목상권,1000435,2765,1366,1399,395,367,399,474,410,720,212,174,214,260,196,310,183,193,185,214,214,410,1289,0,1289,가재울로6길
2017,1,A,골목상권,1000434,5722,2864,2858,763,917,924,861,1054,1203,417,468,513,434,479,553,346,449,411,427,575,650,2560,64,2496,통일로92길
2017,1,A,골목상권,1000433,1774,841,933,241,267,296,292,272,406,113,122,159,139,132,176,128,145,137,153,140,230,814,15,799,통일로87길
2017,1,A,골목상권,1000432,4575,2185,2390,623,694,808,695,737,1018,305,352,418,339,321,450,318,342,390,356,416,568,2029,36,1993,통일로78길
2017,1,A,골목상권,1000431,1841,884,957,269,245,291,289,313,434,138,125,152,141,145,183,131,120,139,148,168,251,765,0,765,통일로69길
2017,1,A,골목상권,1000430,4265,2061,2204,755,553,728,745,663,821,385,281,344,374,312,365,370,272,384,371,351,456,1636,71,1565,진흥로1길
2017,1,A,골목상권,1000429,5802,2843,2959,749,744,971,960,924,1454,390,398,512,494,425,624,359,346,459,466,499,830,2751,26,2725,진흥로12길
2017,1,A,골목상권,1000428,2624,1344,1280,403,355,398,378,441,649,223,183,203,211,217,307,180,172,195,167,224,342,1048,124,924,증산서길
2017,1,A,골목상권,1000427,2833,1373,1460,472,369,454,477,428,633,233,180,234,240,189,297,239,189,220,237,239,336,1141,39,1102,증산로9길
2017,1,A,골목상권,1000426,2856,1392,1464,418,353,374,491,484,736,214,190,173,245,234,336,204,163,201,246,250,400,1239,202,1037,증산로5길
2017,1,A,골목상권,1000425,5281,2565,2716,806,756,934,872,813,1100,424,379,473,419,377,493,382,377,461,453,436,607,2217,175,2042,증산로21길
2017,1,A,골목상권,1000424,2161,1051,1110,308,303,332,335,339,544,151,148,178,170,159,245,157,155,154,165,180,299,935,76,859,증산로17길
2017,1,A,골목상권,1000423,2527,1236,1291,390,288,346,448,422,633,191,155,176,228,209,277,199,133,170,220,213,356,1128,285,843,증산로15길
2017,1,A,골목상권,1000422,2056,1064,992,235,292,271,324,415,519,127,157,156,162,218,244,108,135,115,162,197,275,921,0,921,증산로13길
2017,1,A,골목상권,1000421,3015,1455,1560,535,364,497,539,449,631,280,168,251,265,216,275,255,196,246,274,233,356,1240,60,1180,응암로34길
2017,1,A,골목상권,1000420,1916,941,975,251,222,215,320,327,581,136,116,118,168,152,251,115,106,97,152,175,330,906,19,887,응암로22길
2017,1,A,골목상권,1000419,1906,964,942,250,241,226,335,351,503,139,136,107,179,189,214,111,105,119,156,162,289,921,0,921,응암로14길
2017,1,A,골목상권,1000418,1775,869,906,205,273,340,265,284,408,110,129,176,132,140,182,95,144,164,133,144,226,934,9,925,응암로13길
2017,1,A,골목상권,1000417,1533,768,765,201,189,186,239,269,449,109,103,97,126,130,203,92,86,89,113,139,246,715,0,715,응암로12길
2017,1,A,골목상권,1000416,3438,1672,1766,630,479,651,638,435,605,331,234,319,328,203,257,299,245,332,310,232,348,1522,105,1417,은평로8길
2017,1,A,골목상권,1000415,2382,1099,1283,391,330,404,423,343,491,192,161,181,201,155,209,199,169,223,222,188,282,1016,29,987,은평로3길
2017,1,A,골목상권,1000414,1249,606,643,141,174,161,229,205,339,77,98,80,111,92,148,64,76,81,118,113,191,582,7,575,은평로20길
2017,1,A,골목상권,1000413,3160,1516,1644,509,389,514,546,491,711,257,186,257,267,230,319,252,203,257,279,261,392,1323,0,1323,은평로13길
2017,1,A,골목상권,1000412,3017,1469,1548,515,370,490,544,451,647,278,181,257,274,211,268,237,189,233,270,240,379,1234,8,1226,은평로10길
2017,1,A,골목상권,1000411,2882,1398,1484,533,371,515,477,459,527,268,188,268,232,212,230,265,183,247,245,247,297,1135,123,1012,연서로5길
2017,1,A,골목상권,1000410,4031,1987,2044,572,515,556,692,740,956,290,279,298,341,348,431,282,236,258,351,392,525,1842,28,1814,연서로41길
2017,1,A,골목상권,1000409,3633,1733,1900,698,481,660,596,520,678,343,237,319,305,219,310,355,244,341,291,301,368,1430,39,1391,연서로3길
2017,1,A,골목상권,1000408,3062,1438,1624,437,416,445,472,512,780,211,206,236,236,228,321,226,210,209,236,284,459,1336,0,1336,연서로34길
2017,1,A,골목상권,1000407,2130,1054,1076,229,288,311,300,375,627,121,156,171,150,185,271,108,132,140,150,190,356,1026,0,1026,연서로33길
2017,1,A,골목상권,1000406,1075,510,565,131,175,218,156,180,215,65,83,116,70,80,96,66,92,102,86,100,119,508,0,508,연서로29길
2017,1,A,골목상권,1000405,3657,1740,1917,439,626,652,555,577,808,202,292,336,272,270,368,237,334,316,283,307,440,1845,27,1818,연서로28길
2017,1,A,골목상권,1000404,3079,1436,1643,430,447,480,532,491,699,209,208,250,237,236,296,221,239,230,295,255,403,1417,19,1398,연서로27길
2017,1,A,골목상권,1000403,4340,2055,2285,774,593,737,762,655,819,388,288,383,352,296,348,386,305,354,410,359,471,1735,34,1701,연서로21길
2017,1,A,골목상권,1000402,2333,1153,1180,362,307,388,396,398,482,182,150,208,199,187,227,180,157,180,197,211,255,1007,17,990,연서로17길
2017,1,A,골목상권,1000401,4760,2273,2487,793,600,738,776,824,1029,405,280,369,385,380,454,388,320,369,391,444,575,1966,39,1927,연서로16길
2017,1,A,골목상권,1000400,3983,1869,2114,652,570,624,722,632,783,313,250,323,334,303,346,339,320,301,388,329,437,1571,46,1525,연서로13길
2017,1,A,골목상권,1000399,3955,1915,2040,772,553,645,704,578,703,387,280,319,344,276,309,385,273,326,360,302,394,1456,83,1373,연서로11길
2017,1,A,골목상권,1000398,5840,2821,3019,898,753,996,996,904,1293,432,363,526,502,439,559,466,390,470,494,465,734,2595,9,2586,역말로9길
2017,1,A,골목상권,1000397,2394,1208,1186,286,324,284,389,447,664,153,185,149,207,238,276,133,139,135,182,209,388,1118,25,1093,수색로18길
2017,1,A,골목상권,1000396,2778,1321,1457,366,378,443,446,454,691,178,180,225,222,217,299,188,198,218,224,237,392,1322,0,1322,서오릉로8길
2017,1,A,골목상권,1000395,3988,1935,2053,679,545,613,619,690,842,341,283,301,309,319,382,338,262,312,310,371,460,1478,261,1217,서오릉로21길
2017,1,A,골목상권,1000394,5325,2611,2714,755,712,839,900,868,1251,392,346,459,453,431,530,363,366,380,447,437,721,2578,43,2535,불광천길
2017,1,A,골목상권,1000393,2729,1326,1403,462,373,413,460,468,553,251,186,203,221,214,251,211,187,210,239,254,302,1083,19,1064,갈현로7길
2017,1,A,골목상권,1000392,3284,1624,1660,479,435,420,548,591,811,269,238,225,267,279,346,210,197,195,281,312,465,1516,0,1516,갈현로41길
2017,1,A,골목상권,1000391,3706,1812,1894,723,561,507,651,591,673,384,280,267,286,286,309,339,281,240,365,305,364,1494,181,1313,갈현로33길
2017,1,A,골목상권,1000390,2351,1149,1202,409,332,356,408,398,448,204,165,198,196,196,190,205,167,158,212,202,258,881,171,710,갈현로1길
2017,1,A,골목상권,1000389,3687,1814,1873,577,480,468,574,677,911,303,243,249,286,335,398,274,237,219,288,342,513,1599,102,1497,가좌로7길
2017,1,A,골목상권,1000388,4184,2068,2116,598,571,494,730,676,1115,297,297,267,374,342,491,301,274,227,356,334,624,1943,23,1920,한글비석로44길
2017,1,A,골목상권,1000387,2567,1294,1273,323,374,336,381,464,689,172,203,189,181,235,314,151,171,147,200,229,375,1201,0,1201,한글비석로24길
2017,1,A,골목상권,1000386,1530,792,738,264,199,183,273,254,357,135,100,99,140,134,184,129,99,84,133,120,173,604,322,282,한글비석로22길
2017,1,A,골목상권,1000385,2188,1120,1068,278,282,296,341,368,623,158,154,151,177,192,288,120,128,145,164,176,335,1019,246,773,석계로1길
2017,1,A,골목상권,1000384,2610,1356,1254,334,388,348,410,438,692,188,213,199,209,225,322,146,175,149,201,213,370,1275,0,1275,상계로9가길
2017,1,A,골목상권,1000383,1183,598,585,223,181,197,198,192,192,111,95,103,100,92,97,112,86,94,98,100,95,434,283,151,상계로1길
2017,1,A,골목상권,1000382,3687,1812,1875,485,608,477,592,652,873,253,305,260,298,313,383,232,303,217,294,339,490,1665,240,1425,상계로12길
2017,1,A,골목상권,1000381,2920,1426,1494,419,450,397,408,556,690,222,221,213,175,273,322,197,229,184,233,283,368,1135,411,724,동일로242길
2017,1,A,골목상권,1000380,2700,1410,1290,313,757,406,310,401,513,157,407,224,173,206,243,156,350,182,137,195,270,1508,70,1438,동일로192길
2017,1,A,골목상권,1000379,3817,1906,1911,616,568,666,579,609,779,315,296,341,309,266,379,301,272,325,270,343,400,1517,602,915,동일로173가길
2017,1,A,골목상권,1000378,1630,797,833,323,314,177,261,282,273,170,169,78,103,153,124,153,145,99,158,129,149,656,18,638,공릉로58길
2017,1,A,골목상권,1000377,2275,1103,1172,333,395,305,359,440,443,165,204,151,168,204,211,168,191,154,191,236,232,930,306,624,해등로16길
2017,1,A,골목상권,1000376,2370,1202,1168,372,334,273,429,429,533,193,185,148,206,234,236,179,149,125,223,195,297,1055,29,1026,우이천로4다길
2017,1,A,골목상권,1000375,3089,1485,1604,566,419,442,557,494,611,266,212,234,268,231,274,300,207,208,289,263,337,1225,198,1027,우이천로32길
2017,1,A,골목상권,1000374,3659,1893,1766,454,483,414,640,712,956,242,252,226,355,373,445,212,231,188,285,339,511,1678,0,1678,시루봉로23길
2017,1,A,골목상권,1000373,981,460,521,154,123,143,181,139,241,95,42,65,77,78,103,59,81,78,104,61,138,478,0,478,삼양로144길
2017,1,A,골목상권,1000372,2262,1141,1121,288,314,301,379,452,528,144,167,173,198,229,230,144,147,128,181,223,298,1037,35,1002,방학로6가길
2017,1,A,골목상권,1000371,3883,1931,1952,593,516,576,558,685,955,317,259,317,275,338,425,276,257,259,283,347,530,1693,53,1640,방학로5길
2017,1,A,골목상권,1000370,3886,1920,1966,861,543,447,729,672,634,437,302,219,326,319,317,424,241,228,403,353,317,1204,1062,142,방학로15길
2017,1,A,골목상권,1000369,2006,992,1014,313,261,265,346,365,456,160,148,146,163,170,205,153,113,119,183,195,251,818,9,809,방학로10길
2017,1,A,골목상권,1000368,1730,886,844,205,209,242,251,322,501,100,112,131,144,165,234,105,97,111,107,157,267,757,170,587,도봉산길
2017,1,A,골목상권,1000367,369,193,176,24,41,53,48,83,120,14,19,34,29,43,54,10,22,19,19,40,66,202,0,202,도봉산4길
2017,1,A,골목상권,1000366,2049,1023,1026,304,244,270,318,334,579,148,129,157,151,164,274,156,115,113,167,170,305,873,13,860,도봉로181길
2017,1,A,골목상권,1000365,2983,1517,1466,336,319,426,461,533,908,174,165,230,238,276,434,162,154,196,223,257,474,1425,261,1164,도봉로169나길
2017,1,A,골목상권,1000364,1388,766,622,156,160,172,230,286,384,84,86,103,133,166,194,72,74,69,97,120,190,682,0,682,도봉로156길
2017,1,A,골목상권,1000363,744,393,351,75,83,87,85,173,241,41,50,53,46,92,111,34,33,34,39,81,130,397,0,397,도봉로152가길
2017,1,A,골목상권,1000362,3726,1824,1902,505,518,487,593,705,918,255,248,255,310,355,401,250,270,232,283,350,517,1822,0,1822,도봉로147길
2017,1,A,골목상권,1000361,1776,901,875,214,268,227,268,356,443,112,144,119,137,181,208,102,124,108,131,175,235,776,81,695,도봉로143길
2017,1,A,골목상권,1000360,4971,2410,2561,529,764,791,829,881,1177,255,370,430,423,430,502,274,394,361,406,451,675,2536,184,2352,도봉로114길
2017,1,A,골목상권,1000359,2385,1172,1213,334,300,405,389,370,587,164,155,205,198,184,266,170,145,200,191,186,321,1073,109,964,도봉로109길
2017,1,A,골목상권,1000358,2950,1496,1454,361,413,354,532,494,796,192,206,194,280,259,365,169,207,160,252,235,431,1394,7,1387,도당로29길
2017,1,A,골목상권,1000357,4087,2109,1978,594,522,507,733,698,1033,306,280,274,389,382,478,288,242,233,344,316,555,1870,0,1870,도당로19길
2017,1,A,골목상권,1000356,3310,1704,1606,555,457,415,561,603,719,295,256,236,280,310,327,260,201,179,281,293,392,1416,6,1410,도당로13바길
2017,1,A,골목상권,1000355,1784,914,870,204,249,228,284,374,445,108,126,132,151,189,208,96,123,96,133,185,237,837,0,837,도당로13가길
2017,1,A,골목상권,1000354,2460,1203,1257,396,344,344,380,443,553,202,168,194,175,218,246,194,176,150,205,225,307,1078,0,1078,덕릉로60길
2017,1,A,골목상권,1000353,1961,981,980,319,261,317,315,336,413,173,125,162,155,162,204,146,136,155,160,174,209,761,354,407,노해로63다길
2017,1,A,골목상권,1000352,1810,896,914,197,324,342,274,297,376,104,150,182,151,129,180,93,174,160,123,168,196,951,43,908,노해로60길
2017,1,A,골목상권,1000351,1713,852,861,170,285,307,235,312,404,91,147,176,121,134,183,79,138,131,114,178,221,914,8,906,한천로140길
2017,1,A,골목상권,1000350,1566,739,827,140,276,274,235,246,395,66,130,148,105,115,175,74,146,126,130,131,220,815,0,815,한천로139가길
2017,1,A,골목상권,1000349,1851,926,925,210,309,325,324,307,376,114,140,177,171,148,176,96,169,148,153,159,200,967,0,967,한천로132길
2017,1,A,골목상권,1000348,3263,1631,1632,506,451,492,552,548,714,277,229,243,289,287,306,229,222,249,263,261,408,1524,23,1501,한천로130길
2017,1,A,골목상권,1000347,1887,937,950,268,276,317,301,283,442,141,134,168,169,141,184,127,142,149,132,142,258,887,131,756,한천로124나길
2017,1,A,골목상권,1000346,3115,1508,1607,605,425,452,519,516,598,319,211,214,244,248,272,286,214,238,275,268,326,1055,581,474,한천로109길
2017,1,A,골목상권,1000345,2791,1424,1367,409,335,355,461,508,723,209,187,200,233,251,344,200,148,155,228,257,379,1250,20,1230,인수봉로79길
2017,1,A,골목상권,1000344,4230,2017,2213,623,574,576,604,753,1100,303,293,294,284,358,485,320,281,282,320,395,615,1632,516,1116,인수봉로72길
2017,1,A,골목상권,1000343,1952,943,1009,301,276,265,335,318,457,152,144,141,167,138,201,149,132,124,168,180,256,809,0,809,인수봉로56길
2017,1,A,골목상권,1000342,2176,1067,1109,204,394,429,367,343,439,101,178,227,197,165,199,103,216,202,170,178,240,1224,5,1219,오패산로67길
2017,1,A,골목상권,1000341,3062,1504,1558,435,422,411,502,497,795,225,216,233,261,217,352,210,206,178,241,280,443,1298,0,1298,오패산로52길
2017,1,A,골목상권,1000340,1544,767,777,244,176,238,237,240,409,134,95,120,130,106,182,110,81,118,107,134,227,655,0,655,오패산로30길
2017,1,A,골목상권,1000339,3404,1700,1704,399,629,589,477,528,782,204,290,334,260,246,366,195,339,255,217,282,416,1719,54,1665,수유로12길
2017,1,A,골목상권,1000338,2963,1479,1484,416,422,435,498,521,671,213,210,235,260,246,315,203,212,200,238,275,356,1296,0,1296,솔샘로65길
2017,1,A,골목상권,1000337,2200,1070,1130,320,325,312,384,343,516,168,149,166,195,163,229,152,176,146,189,180,287,1028,0,1028,솔매로50길
2017,1,A,골목상권,1000336,2064,1012,1052,251,325,287,328,367,506,141,151,143,157,191,229,110,174,144,171,176,277,998,7,991,솔매로45길
2017,1,A,골목상권,1000335,3419,1677,1742,441,509,476,529,651,813,232,255,265,259,303,363,209,254,211,270,348,450,1586,8,1578,솔매로41길
2017,1,A,골목상권,1000334,3103,1543,1560,481,423,413,494,517,775,250,223,223,248,245,354,231,200,190,246,272,421,1322,0,1322,삼양로93길
2017,1,A,골목상권,1000333,3435,1756,1679,507,450,507,525,607,839,267,265,284,267,299,374,240,185,223,258,308,465,1474,6,1468,삼양로77길
2017,1,A,골목상권,1000332,3702,1816,1886,475,520,558,567,681,901,244,255,294,292,344,387,231,265,264,275,337,514,1669,0,1669,삼양로54길
2017,1,A,골목상권,1000331,4557,2291,2266,597,605,518,747,823,1267,315,321,283,388,429,555,282,284,235,359,394,712,2119,30,2089,삼양로41길
2017,1,A,골목상권,1000330,1385,686,699,329,139,267,280,179,191,167,79,129,143,91,77,162,60,138,137,88,114,494,379,115,삼양로27길
2017,1,A,골목상권,1000329,3047,1529,1518,322,332,378,481,600,934,158,182,219,251,299,420,164,150,159,230,301,514,1573,90,1483,삼양로24길
2017,1,A,골목상권,1000328,2297,1155,1142,293,351,260,369,444,580,146,195,149,189,219,257,147,156,111,180,225,323,1067,0,1067,삼양로20길
2017,1,A,골목상권,1000327,3819,1878,1941,467,607,676,558,677,834,258,306,366,256,313,379,209,301,310,302,364,455,1696,54,1642,삼각산로28길
2017,1,A,골목상권,1000326,2234,1108,1126,259,379,368,345,396,487,139,204,202,162,192,209,120,175,166,183,204,278,1047,0,1047,도봉로99길
2017,1,A,골목상권,1000325,265,136,129,20,33,41,58,44,69,12,16,27,36,19,26,8,17,14,22,25,43,156,0,156,도봉로8길
2017,1,A,골목상권,1000324,3561,1666,1895,361,719,610,518,591,762,163,281,309,277,299,337,198,438,301,241,292,425,1991,431,1560,도봉로76길
2017,1,A,골목상권,1000323,1723,846,877,213,234,244,226,322,484,117,107,136,116,152,218,96,127,108,110,170,266,850,0,850,도봉로67길
2017,1,A,골목상권,1000322,3341,1616,1725,441,465,540,576,556,763,219,220,284,292,257,344,222,245,256,284,299,419,1561,33,1528,도봉로45길
2017,1,A,골목상권,1000321,3160,1588,1572,392,412,464,513,564,815,193,224,270,263,268,370,199,188,194,250,296,445,1379,59,1320,도봉로18길
2017,1,A,골목상권,1000320,1817,899,918,213,268,234,295,350,457,106,149,129,146,167,202,107,119,105,149,183,255,840,0,840,도봉로13길
2017,1,A,골목상권,1000319,2734,1322,1412,247,480,459,446,442,660,124,220,242,226,220,290,123,260,217,220,222,370,1570,0,1570,덕릉로41길
2017,1,A,골목상권,1000318,2015,1024,991,311,257,294,356,353,444,170,120,145,202,180,207,141,137,149,154,173,237,845,0,845,덕릉로40길
2017,1,A,골목상권,1000317,2431,1193,1238,300,322,356,398,400,655,171,178,195,192,182,275,129,144,161,206,218,380,1080,0,1080,노해로33길
2017,1,A,골목상권,1000316,1450,702,748,232,201,226,247,252,292,113,102,128,120,112,127,119,99,98,127,140,165,592,0,592,노해로23길
2017,1,A,골목상권,1000315,2745,1363,1382,379,418,406,452,473,617,192,210,219,239,228,275,187,208,187,213,245,342,1219,0,1219,노해로17길
2017,1,A,골목상권,1000314,2120,1103,1017,258,263,345,383,392,479,137,134,192,201,205,234,121,129,153,182,187,245,1074,0,1074,화랑로40길
2017,1,A,골목상권,1000313,3511,1763,1748,461,540,450,597,606,857,257,276,229,316,308,377,204,264,221,281,298,480,1668,0,1668,화랑로32길
2017,1,A,골목상권,1000312,2776,1393,1383,410,296,429,456,453,732,206,160,230,253,218,326,204,136,199,203,235,406,1238,79,1159,화랑로1길
2017,1,A,골목상권,1000311,2418,1221,1197,355,282,322,406,420,633,174,161,174,206,212,294,181,121,148,200,208,339,1032,10,1022,화랑로19길
2017,1,A,골목상권,1000310,1404,688,716,173,301,192,207,234,297,86,145,105,105,121,126,87,156,87,102,113,171,695,0,695,화랑로14길
2017,1,A,골목상권,1000309,1194,542,652,147,286,175,169,169,248,65,93,103,89,91,101,82,193,72,80,78,147,626,40,586,화랑로13길
2017,1,A,골목상권,1000308,1808,895,913,238,266,294,292,326,392,122,132,152,151,152,186,116,134,142,141,174,206,829,0,829,한천로76길
2017,1,A,골목상권,1000307,3164,1608,1556,575,372,385,603,540,689,293,206,209,304,283,313,282,166,176,299,257,376,1251,186,1065,한천로101가길
2017,1,A,골목상권,1000306,1272,561,711,117,329,243,173,180,230,62,139,102,79,85,94,55,190,141,94,95,136,741,0,741,창경궁로43길
2017,1,A,골목상권,1000305,2787,1409,1378,357,493,455,472,431,579,188,255,261,243,200,262,169,238,194,229,231,317,1349,13,1336,지봉로20길
2017,1,A,골목상권,1000304,2582,1430,1152,290,788,406,309,302,487,146,505,240,159,158,222,144,283,166,150,144,265,1493,142,1351,종암로5길
2017,1,A,골목상권,1000303,2198,1098,1100,396,251,405,366,339,441,207,135,202,199,168,187,189,116,203,167,171,254,901,412,489,종암로24가길
2017,1,A,골목상권,1000302,1745,850,895,343,261,248,312,269,312,172,130,124,157,130,137,171,131,124,155,139,175,706,293,413,종암로21길
2017,1,A,골목상권,1000301,1741,844,897,277,277,256,289,265,377,140,137,135,143,120,169,137,140,121,146,145,208,723,174,549,종암로19길
2017,1,A,골목상권,1000300,3492,1667,1825,430,448,390,540,579,1105,252,219,205,251,289,451,178,229,185,289,290,654,1836,76,1760,종암로16길
2017,1,A,골목상권,1000299,1836,935,901,238,335,284,229,295,455,121,174,159,130,156,195,117,161,125,99,139,260,936,24,912,정릉로8길
2017,1,A,골목상권,1000298,3611,1781,1830,590,429,543,568,566,915,310,232,287,283,270,399,280,197,256,285,296,516,1514,0,1514,정릉로27길
2017,1,A,골목상권,1000297,1927,959,968,319,176,268,355,296,513,179,93,123,188,147,229,140,83,145,167,149,284,869,338,531,정릉로26길
2017,1,A,골목상권,1000296,2431,1246,1185,291,316,317,395,449,663,145,150,172,220,234,325,146,166,145,175,215,338,1104,0,1104,장위로50길
2017,1,A,골목상권,1000295,2037,968,1069,227,406,279,311,307,507,121,147,146,174,151,229,106,259,133,137,156,278,1026,277,749,장월로1길
2017,1,A,골목상권,1000294,986,488,498,160,134,161,182,135,214,75,68,77,100,64,104,85,66,84,82,71,110,447,0,447,인촌로6길
2017,1,A,골목상권,1000293,1521,673,848,165,446,252,204,192,262,88,148,122,100,95,120,77,298,130,104,97,142,867,0,867,인촌로5길
2017,1,A,골목상권,1000292,725,417,308,48,281,125,69,75,127,27,150,89,45,44,62,21,131,36,24,31,65,511,0,511,인촌로24길
2017,1,A,골목상권,1000291,1090,563,527,81,604,124,77,72,132,43,322,76,37,32,53,38,282,48,40,40,79,827,0,827,개운사길
2017,1,A,골목상권,1000290,1541,740,801,169,301,251,222,248,350,82,145,119,120,124,150,87,156,132,102,124,200,835,0,835,인촌로1길
2017,1,A,골목상권,1000289,1714,818,896,198,546,250,250,183,287,99,266,120,113,93,127,99,280,130,137,90,160,981,0,981,인촌로17가길
2017,1,A,골목상권,1000288,3107,1510,1597,388,594,445,468,499,713,181,248,240,259,246,336,207,346,205,209,253,377,1483,0,1483,오패산로4길
2017,1,A,골목상권,1000287,3477,1728,1749,506,428,457,537,596,953,252,229,242,291,287,427,254,199,215,246,309,526,1473,509,964,오패산로3길
2017,1,A,골목상권,1000286,1791,886,905,205,239,229,274,334,510,109,125,113,148,168,223,96,114,116,126,166,287,871,0,871,오패산로19길
2017,1,A,골목상권,1000285,2281,1146,1135,272,443,411,364,367,424,136,243,213,181,190,183,136,200,198,183,177,241,1171,29,1142,안암로5길
2017,1,A,골목상권,1000284,3147,1397,1750,309,875,613,387,355,608,156,347,283,187,162,262,153,528,330,200,193,346,1822,15,1807,아리랑로4길
2017,1,A,골목상권,1000283,1935,956,979,289,291,263,297,334,461,145,155,144,142,181,189,144,136,119,155,153,272,825,14,811,솔샘로6길
2017,1,A,골목상권,1000282,1588,787,801,282,229,220,301,245,311,159,120,104,148,123,133,123,109,116,153,122,178,627,125,502,성북로8길
2017,1,A,골목상권,1000281,1677,839,838,206,211,218,262,271,509,107,126,120,135,136,215,99,85,98,127,135,294,775,12,763,삼양로8길
2017,1,A,골목상권,1000280,1915,970,945,295,291,260,335,302,432,161,157,146,176,146,184,134,134,114,159,156,248,883,1,882,삼선교로16가길
2017,1,A,골목상권,1000279,2338,1159,1179,275,381,370,365,397,550,145,194,206,191,187,236,130,187,164,174,210,314,1172,0,1172,삼선교로10다길
2017,1,A,골목상권,1000278,2360,1107,1253,303,488,383,345,345,496,154,229,195,164,148,217,149,259,188,181,197,279,1182,0,1182,삼선교로10길
2017,1,A,골목상권,1000277,1304,467,837,89,505,285,140,124,161,40,117,122,64,55,69,49,388,163,76,69,92,910,0,910,보문로32길
2017,1,A,골목상권,1000276,2978,1387,1591,382,635,556,461,374,570,205,270,271,230,176,235,177,365,285,231,198,335,1564,18,1546,보문로31길
2017,1,A,골목상권,1000275,1325,632,693,139,359,215,191,173,248,72,156,124,96,86,98,67,203,91,95,87,150,750,0,750,보문로26길
2017,1,A,골목상권,1000274,2519,1214,1305,293,395,389,428,418,596,146,198,202,203,203,262,147,197,187,225,215,334,1294,0,1294,보문로13길
2017,1,A,골목상권,1000273,3009,1481,1528,496,412,473,507,462,659,266,210,240,265,215,285,230,202,233,242,247,374,1235,0,1235,보국문로16길
2017,1,A,골목상권,1000272,315,152,163,37,43,43,43,55,94,21,23,20,25,26,37,16,20,23,18,29,57,164,0,164,동소문로6길
2017,1,A,골목상권,1000271,400,209,191,39,70,48,64,65,114,24,36,27,35,36,51,15,34,21,29,29,63,214,0,214,동소문로2길
2017,1,A,골목상권,1000270,2412,982,1430,197,699,439,329,264,484,86,211,197,164,120,204,111,488,242,165,144,280,1577,0,1577,동소문로26가길
2017,1,A,골목상권,1000269,1110,483,627,134,275,176,191,131,203,70,93,82,97,64,77,64,182,94,94,67,126,612,0,612,동소문로15길
2017,1,A,골목상권,1000268,2963,1362,1601,536,496,442,523,408,558,249,230,199,247,195,242,287,266,243,276,213,316,1266,402,864,동소문로13길
2017,1,A,골목상권,1000267,1421,717,704,195,192,175,197,278,384,107,97,100,106,138,169,88,95,75,91,140,215,642,0,642,돌곶이로8길
2017,1,A,골목상권,1000266,1958,989,969,320,255,260,320,344,459,170,141,143,149,170,216,150,114,117,171,174,243,792,0,792,돌곶이로41길
2017,1,A,골목상권,1000265,1977,1050,927,241,261,308,315,360,492,133,131,171,185,190,240,108,130,137,130,170,252,901,126,775,돌곶이로28길
2017,1,A,골목상권,1000264,3291,1675,1616,440,397,402,562,620,870,225,213,227,285,318,407,215,184,175,277,302,463,1486,0,1486,돌곶이로27길
2017,1,A,골목상권,1000263,1249,621,628,186,188,176,197,227,275,90,88,102,97,117,127,96,100,74,100,110,148,585,0,585,돌곶이로22길
2017,1,A,골목상권,1000262,1374,673,701,201,187,181,230,239,336,107,80,90,120,127,149,94,107,91,110,112,187,593,0,593,돌곶이로14길
2017,1,A,골목상권,1000261,314,159,155,14,27,36,47,51,139,7,14,23,25,29,61,7,13,13,22,22,78,191,0,191,길음로7길
2017,1,A,골목상권,1000260,2715,1393,1322,370,361,420,477,488,599,193,176,242,251,257,274,177,185,178,226,231,325,1284,78,1206,중랑천로10길
2017,1,A,골목상권,1000259,3550,1832,1718,502,529,470,586,696,767,252,280,262,309,360,369,250,249,208,277,336,398,1554,60,1494,용마산로94길
2017,1,A,골목상권,1000258,2030,1082,948,191,248,242,313,466,570,99,135,139,174,258,277,92,113,103,139,208,293,1183,0,1183,용마산로118길
2017,1,A,골목상권,1000257,2711,1369,1342,394,375,368,394,539,641,199,189,205,195,269,312,195,186,163,199,270,329,1169,172,997,용마산로112길
2017,1,A,골목상권,1000256,3192,1617,1575,543,435,469,536,561,648,272,222,249,268,302,304,271,213,220,268,259,344,1403,0,1403,용마산로100길
2017,1,A,골목상권,1000255,2722,1326,1396,628,337,430,495,415,417,316,178,206,234,209,183,312,159,224,261,206,234,984,446,538,신내로7가길
2017,1,A,골목상권,1000254,3270,1597,1673,381,531,590,526,525,717,198,250,308,278,254,309,183,281,282,248,271,408,1705,0,1705,사가정로54길
2017,1,A,골목상권,1000253,3303,1644,1659,542,437,479,530,589,726,277,223,236,276,283,349,265,214,243,254,306,377,1332,526,806,사가정로42길
2017,1,A,골목상권,1000252,3909,1915,1994,732,510,571,665,661,770,378,278,283,327,306,343,354,232,288,338,355,427,1426,671,755,봉화산로56길
2017,1,A,골목상권,1000251,4616,2426,2190,485,629,707,740,953,1102,265,318,408,400,506,529,220,311,299,340,447,573,2328,0,2328,봉화산로4길
2017,1,A,골목상권,1000250,3155,1573,1582,454,471,530,478,559,663,242,228,288,235,278,302,212,243,242,243,281,361,1434,0,1434,봉화산로30길
2017,1,A,골목상권,1000249,2277,1129,1148,227,384,413,323,412,518,111,196,216,167,202,237,116,188,197,156,210,281,1155,0,1155,봉우재로33길
2017,1,A,골목상권,1000248,5727,2838,2889,786,861,912,918,1010,1240,396,433,494,473,490,552,390,428,418,445,520,688,2667,22,2645,면목로78길
2017,1,A,골목상권,1000247,2931,1482,1449,379,452,403,522,557,618,199,248,221,264,276,274,180,204,182,258,281,344,1339,37,1302,면목로56길
2017,1,A,골목상권,1000246,2051,1026,1025,312,288,349,370,366,366,159,145,184,185,182,171,153,143,165,185,184,195,942,21,921,면목로55길
2017,1,A,골목상권,1000245,2966,1499,1467,350,389,523,506,521,677,196,181,271,278,268,305,154,208,252,228,253,372,1585,0,1585,면목로49길
2017,1,A,골목상권,1000244,3058,1488,1570,400,466,521,484,541,646,196,232,274,245,258,283,204,234,247,239,283,363,1454,8,1446,면목로48길
2017,1,A,골목상권,1000243,1507,779,728,155,252,239,263,268,330,76,130,134,147,145,147,79,122,105,116,123,183,766,0,766,면목로45길
2017,1,A,골목상권,1000242,2786,1404,1382,460,367,404,503,453,599,231,186,215,264,228,280,229,181,189,239,225,319,1261,0,1261,면목로33길
2017,1,A,골목상권,1000241,1933,972,961,301,265,296,333,333,405,156,143,145,176,170,182,145,122,151,157,163,223,866,0,866,면목로21길
2017,1,A,골목상권,1000240,1582,800,782,220,236,175,279,287,385,111,120,93,145,146,185,109,116,82,134,141,200,745,0,745,망우로73길
2017,1,A,골목상권,1000239,2480,1276,1204,349,372,339,383,526,511,191,214,184,182,266,239,158,158,155,201,260,272,1174,23,1151,망우로68길
2017,1,A,골목상권,1000238,3571,1804,1767,462,556,681,551,630,691,239,270,381,278,319,317,223,286,300,273,311,374,1750,23,1727,동일로163길
2017,1,A,골목상권,1000237,2720,1345,1375,310,448,492,438,464,568,155,214,269,236,226,245,155,234,223,202,238,323,1413,0,1413,동일로157길
2017,1,A,골목상권,1000236,2764,1375,1389,435,370,460,453,480,566,239,173,251,229,241,242,196,197,209,224,239,324,1231,73,1158,동일로149길
2017,1,A,골목상권,1000235,2452,1268,1184,345,375,411,336,454,531,196,205,216,179,229,243,149,170,195,157,225,288,1042,15,1027,동일로140길
2017,1,A,골목상권,1000234,2952,1523,1429,280,380,385,481,640,786,147,186,212,262,346,370,133,194,173,219,294,416,1585,0,1585,동일로139길
2017,1,A,골목상권,1000233,1830,930,900,264,264,260,299,363,380,143,136,135,166,184,166,121,128,125,133,179,214,790,333,457,동일로139가길
2017,1,A,골목상권,1000232,3438,1655,1783,512,541,546,497,634,708,245,278,281,235,297,319,267,263,265,262,337,389,1456,0,1456,동일로130길
2017,1,A,골목상권,1000231,2676,1373,1303,316,373,341,425,583,638,179,206,174,215,305,294,137,167,167,210,278,344,1356,0,1356,동일로123길
2017,1,A,골목상권,1000230,4438,2187,2251,484,822,831,657,760,884,250,366,443,356,362,410,234,456,388,301,398,474,2377,8,2369,동일로112길
2017,1,A,골목상권,1000229,3158,1585,1573,517,412,400,623,587,619,238,209,217,322,313,286,279,203,183,301,274,333,1396,136,1260,동일로101길
2017,1,A,골목상권,1000228,5330,2734,2596,746,784,877,831,974,1118,407,395,494,426,487,525,339,389,383,405,487,593,2365,66,2299,동일로100길
2017,1,A,골목상권,1000227,1996,1002,994,314,311,306,339,358,368,167,149,169,162,188,167,147,162,137,177,170,201,865,17,848,답십리로75길
2017,1,A,골목상권,1000226,4112,1991,2121,522,610,750,633,648,949,260,298,381,326,299,427,262,312,369,307,349,522,1931,317,1614,공릉로2길
2017,1,A,골목상권,1000225,1052,524,528,198,143,128,191,182,210,106,75,70,94,90,89,92,68,58,97,92,121,440,0,440,공릉로12가길
2017,1,A,골목상권,1000224,5225,2634,2591,743,817,908,877,915,965,397,421,482,434,464,436,346,396,426,443,451,529,2305,17,2288,겸재로54길
2017,1,A,골목상권,1000223,4221,2126,2095,504,586,675,781,726,949,270,280,364,394,365,453,234,306,311,387,361,496,2294,35,2259,겸재로36길
2017,1,A,골목상권,1000222,2257,1145,1112,263,351,385,377,383,498,132,176,198,201,214,224,131,175,187,176,169,274,1174,21,1153,겸재로29길
2017,1,A,골목상권,1000221,3714,1873,1841,400,665,640,593,613,803,201,344,367,316,304,341,199,321,273,277,309,462,1982,0,1982,휘경로3길
2017,1,A,골목상권,1000220,1349,664,685,128,389,195,173,180,284,65,184,110,93,88,124,63,205,85,80,92,160,800,0,800,휘경로2길
2017,1,A,골목상권,1000219,2662,1326,1336,274,302,377,487,459,763,134,164,215,264,232,317,140,138,162,223,227,446,1526,0,1526,휘경로23길
2017,1,A,골목상권,1000218,2145,1112,1033,205,310,303,375,393,559,101,164,176,217,205,249,104,146,127,158,188,310,1142,0,1142,휘경로14길
2017,1,A,골목상권,1000217,2356,1153,1203,463,268,320,443,350,512,233,120,176,206,185,233,230,148,144,237,165,279,898,417,481,한천로46길
2017,1,A,골목상권,1000216,1850,928,922,222,234,226,293,369,506,105,121,115,165,200,222,117,113,111,128,169,284,949,0,949,한천로40길
2017,1,A,골목상권,1000215,784,383,401,140,95,105,148,137,159,63,42,52,82,68,76,77,53,53,66,69,83,339,0,339,한천로33길
2017,1,A,골목상권,1000214,3266,1724,1542,364,427,424,564,660,827,185,231,235,320,356,397,179,196,189,244,304,430,1681,55,1626,한천로14길
2017,1,A,골목상권,1000213,2872,1454,1418,472,436,545,452,446,521,236,220,274,239,223,262,236,216,271,213,223,259,1216,461,755,천호대로97길
2017,1,A,골목상권,1000212,2346,1203,1143,342,349,410,354,428,463,187,179,214,186,203,234,155,170,196,168,225,229,959,87,872,천호대로77길
2017,1,A,골목상권,1000211,2513,1311,1202,266,352,321,350,475,749,144,202,180,203,240,342,122,150,141,147,235,407,1249,10,1239,천호대로45길
2017,1,A,골목상권,1000210,2173,1103,1070,254,319,339,352,382,527,117,172,198,192,188,236,137,147,141,160,194,291,1085,32,1053,천호대로17길
2017,1,A,골목상권,1000209,755,400,355,75,96,76,90,156,262,38,51,45,59,92,115,37,45,31,31,64,147,381,0,381,천호대로12길
2017,1,A,골목상권,1000208,1446,752,694,143,785,164,101,85,168,61,431,95,48,42,75,82,354,69,53,43,93,1062,0,1062,천장산로7길
2017,1,A,골목상권,1000207,1126,611,515,80,217,192,154,174,309,44,113,124,94,96,140,36,104,68,60,78,169,690,0,690,제기로5길
2017,1,A,골목상권,1000206,3338,1690,1648,342,341,380,464,614,1197,170,188,216,248,332,536,172,153,164,216,282,661,1851,0,1851,제기로21길
2017,1,A,골목상권,1000205,1528,801,727,135,185,167,286,300,455,81,95,95,159,168,203,54,90,72,127,132,252,885,0,885,전농로4길
2017,1,A,골목상권,1000204,1849,920,929,282,232,222,325,320,468,146,117,121,161,175,200,136,115,101,164,145,268,835,0,835,전농로3길
2017,1,A,골목상권,1000203,2086,1019,1067,309,273,239,349,391,525,152,155,129,171,199,213,157,118,110,178,192,312,950,0,950,전농로29길
2017,1,A,골목상권,1000202,2328,1180,1148,348,353,429,351,412,435,200,169,226,182,187,216,148,184,203,169,225,219,935,274,661,장한로8길
2017,1,A,골목상권,1000201,2165,1089,1076,350,293,406,330,345,441,191,148,207,174,174,195,159,145,199,156,171,246,909,284,625,장한로5길
2017,1,A,골목상권,1000200,1096,571,525,149,133,182,188,207,237,80,68,103,108,100,112,69,65,79,80,107,125,557,25,532,장한로27길
2017,1,A,골목상권,1000199,1100,562,538,158,135,141,178,183,305,85,75,72,89,101,140,73,60,69,89,82,165,500,0,500,장한로27가길
2017,1,A,골목상권,1000198,2683,1346,1337,509,283,470,488,389,544,267,148,237,254,186,254,242,135,233,234,203,290,991,273,718,장한로26길
2017,1,A,골목상권,1000197,1356,678,678,190,208,284,197,204,273,91,102,144,104,96,141,99,106,140,93,108,132,633,71,562,장한로26가길
2017,1,A,골목상권,1000196,640,319,321,95,103,96,105,129,112,51,54,47,52,65,50,44,49,49,53,64,62,274,17,257,장한로25길
2017,1,A,골목상권,1000195,1306,659,647,220,167,205,220,192,302,114,88,101,119,91,146,106,79,104,101,101,156,486,186,300,장한로14길
2017,1,A,골목상권,1000194,3821,1960,1861,524,614,550,610,619,904,270,326,315,316,325,408,254,288,235,294,294,496,1824,0,1824,이문로42길
2017,1,A,골목상권,1000193,3588,1803,1785,415,426,513,556,666,1012,200,233,279,311,345,435,215,193,234,245,321,577,1901,268,1633,왕산로43길
2017,1,A,골목상권,1000192,530,272,258,30,63,63,64,88,222,13,33,32,42,45,107,17,30,31,22,43,115,309,0,309,왕산로33길
2017,1,A,골목상권,1000191,1130,575,555,100,173,166,154,217,320,52,81,85,94,116,147,48,92,81,60,101,173,629,0,629,왕산로32길
2017,1,A,골목상권,1000190,1586,825,761,142,186,206,212,301,539,81,100,117,127,161,239,61,86,89,85,140,300,881,0,881,약령시로17길
2017,1,A,골목상권,1000189,2322,1185,1137,389,290,380,393,337,533,195,151,193,214,186,246,194,139,187,179,151,287,1029,101,928,서울시립대로4길
2017,1,A,골목상권,1000188,4383,2208,2175,536,1138,666,509,599,935,257,627,375,259,279,411,279,511,291,250,320,524,2307,150,2157,서울시립대로29길
2017,1,A,골목상권,1000187,3576,1768,1808,518,561,409,621,689,778,262,289,235,305,334,343,256,272,174,316,355,435,1483,435,1048,서울시립대로16길
2017,1,A,골목상권,1000186,1973,996,977,309,275,321,348,325,395,146,154,170,186,167,173,163,121,151,162,158,222,877,147,730,사가정로2길
2017,1,A,골목상권,1000185,2006,991,1015,313,299,298,318,365,413,151,155,161,156,175,193,162,144,137,162,190,220,751,193,558,사가정로23가길
2017,1,A,골목상권,1000184,2096,1040,1056,254,269,271,312,435,555,133,148,143,157,219,240,121,121,128,155,216,315,1013,142,871,사가정로13길
2017,1,A,골목상권,1000183,2123,1157,966,252,469,332,288,339,443,127,291,205,152,177,205,125,178,127,136,162,238,1111,0,1111,무학로45길
2017,1,A,골목상권,1000182,1193,601,592,178,154,186,165,219,291,91,83,103,85,112,127,87,71,83,80,107,164,542,0,542,무학로16길
2017,1,A,골목상권,1000181,643,330,313,70,93,80,98,108,194,40,52,37,52,56,93,30,41,43,46,52,101,284,107,177,망우로21길
2017,1,A,골목상권,1000180,1503,732,771,194,446,220,188,172,283,87,235,111,97,77,125,107,211,109,91,95,158,834,0,834,망우로18길
2017,1,A,골목상권,1000179,2700,1365,1335,290,853,357,326,338,536,141,463,206,159,151,245,149,390,151,167,187,291,1518,0,1518,망우로18가길
2017,1,A,골목상권,1000178,1307,648,659,189,197,258,192,217,254,97,93,128,100,107,123,92,104,130,92,110,131,578,22,556,답십리로72길
2017,1,A,골목상권,1000177,1674,870,804,283,213,264,271,283,360,149,119,137,143,156,166,134,94,127,128,127,194,658,223,435,답십리로69길
2017,1,A,골목상권,1000176,2829,1463,1366,346,427,612,481,504,459,191,211,331,249,252,229,155,216,281,232,252,230,1363,82,1281,답십리로68길
2017,1,A,골목상권,1000175,2932,1441,1491,425,393,462,492,528,632,220,186,248,252,243,292,205,207,214,240,285,340,1364,45,1319,답십리로64길
2017,1,A,골목상권,1000174,1519,764,755,213,207,207,252,285,355,98,117,118,132,148,151,115,90,89,120,137,204,689,0,689,답십리로63길
2017,1,A,골목상권,1000173,2032,1040,992,270,314,254,299,402,493,139,168,141,151,215,226,131,146,113,148,187,267,846,199,647,답십리로60길
2017,1,A,골목상권,1000172,3912,1950,1962,531,521,535,632,702,991,269,298,265,334,345,439,262,223,270,298,357,552,1739,451,1288,답십리로56길
2017,1,A,골목상권,1000171,2228,1103,1125,321,334,334,359,371,509,174,178,170,173,185,223,147,156,164,186,186,286,1036,83,953,답십리로23길
2017,1,A,골목상권,1000170,242,146,96,35,31,36,41,40,59,19,19,22,24,24,38,16,12,14,17,16,21,113,0,113,난계로30길
2017,1,A,골목상권,1000169,1303,639,664,144,428,192,149,156,234,56,212,114,74,72,111,88,216,78,75,84,123,789,0,789,경희대로4길
2017,1,A,골목상권,1000168,624,302,322,52,246,98,59,64,105,24,118,50,30,33,47,28,128,48,29,31,58,418,0,418,경희대로3길
2017,1,A,골목상권,1000167,3374,1644,1730,551,476,611,582,530,624,288,238,302,294,241,281,263,238,309,288,289,343,1342,20,1322,천호대로129길
2017,1,A,골목상권,1000166,3075,1497,1578,483,485,530,501,554,522,252,245,253,247,268,232,231,240,277,254,286,290,1288,0,1288,천호대로123길
2017,1,A,골목상권,1000165,3616,1726,1890,458,653,772,553,549,631,237,287,379,261,265,297,221,366,393,292,284,334,1728,16,1712,천호대로109길
2017,1,A,골목상권,1000164,3896,1977,1919,667,554,556,659,708,752,341,302,302,324,362,346,326,252,254,335,346,406,1610,169,1441,자양번영로3길
2017,1,A,골목상권,1000163,2807,1347,1460,463,372,456,421,516,579,232,174,219,202,254,266,231,198,237,219,262,313,1164,0,1164,자양로53길
2017,1,A,골목상권,1000162,4741,2316,2425,787,649,791,750,786,978,410,339,398,369,362,438,377,310,393,381,424,540,1943,37,1906,자양로50길
2017,1,A,골목상권,1000161,2689,1298,1391,382,404,495,425,450,533,205,185,244,208,204,252,177,219,251,217,246,281,1169,0,1169,자양로45길
2017,1,A,골목상권,1000160,3129,1483,1646,443,583,589,582,461,471,226,254,291,280,220,212,217,329,298,302,241,259,1503,85,1418,자양로26길
2017,1,A,골목상권,1000159,1914,916,998,263,305,355,309,296,386,143,146,157,157,149,164,120,159,198,152,147,222,912,0,912,자양로15길
2017,1,A,골목상권,1000158,4017,1961,2056,476,635,754,651,690,811,242,304,401,323,329,362,234,331,353,328,361,449,2059,0,2059,자양로11길
2017,1,A,골목상권,1000157,3832,1869,1963,684,604,752,632,571,589,361,309,354,312,269,264,323,295,398,320,302,325,1623,74,1549,용마산로3길
2017,1,A,골목상권,1000156,5320,2660,2660,783,876,928,838,965,930,387,457,497,406,468,445,396,419,431,432,497,485,2259,59,2200,용마산로21길
2017,1,A,골목상권,1000155,1171,569,602,212,162,252,190,164,191,120,74,125,86,77,87,92,88,127,104,87,104,494,179,315,아차산로78길
2017,1,A,골목상권,1000154,2868,1392,1476,584,401,453,533,413,484,292,208,227,247,195,223,292,193,226,286,218,261,1198,112,1086,아차산로65길
2017,1,A,골목상권,1000153,3035,1426,1609,295,608,681,458,447,546,157,273,346,231,190,229,138,335,335,227,257,317,1585,0,1585,아차산로55길
2017,1,A,골목상권,1000152,1741,817,924,198,356,426,250,259,252,101,161,196,124,121,114,97,195,230,126,138,138,907,5,902,아차산로51길
2017,1,A,골목상권,1000151,3100,1563,1537,419,599,533,501,477,571,246,279,287,258,236,257,173,320,246,243,241,314,1403,53,1350,아차산로40길
2017,1,A,골목상권,1000150,4154,2066,2088,514,617,680,665,788,890,245,324,370,333,394,400,269,293,310,332,394,490,2018,0,2018,면목로17길
2017,1,A,골목상권,1000149,2981,1502,1479,459,474,489,468,518,573,257,226,272,226,253,268,202,248,217,242,265,305,1284,0,1284,뚝섬로64길
2017,1,A,골목상권,1000148,3442,1674,1768,635,472,634,604,501,596,314,238,315,298,237,272,321,234,319,306,264,324,1388,55,1333,뚝섬로58길
2017,1,A,골목상권,1000147,3552,1748,1804,690,507,661,649,534,511,354,249,332,306,264,243,336,258,329,343,270,268,1394,11,1383,뚝섬로54길
2017,1,A,골목상권,1000146,3601,1759,1842,571,506,688,640,559,637,288,264,335,324,255,293,283,242,353,316,304,344,1609,0,1609,뚝섬로48길
2017,1,A,골목상권,1000145,3087,1571,1516,383,416,509,505,588,686,197,218,283,260,306,307,186,198,226,245,282,379,1495,0,1495,뚝섬로24길
2017,1,A,골목상권,1000144,2104,1020,1084,225,326,348,310,408,487,106,163,177,166,192,216,119,163,171,144,216,271,1047,7,1040,뚝섬로23길
2017,1,A,골목상권,1000143,2976,1450,1526,284,889,635,381,353,434,150,395,324,201,175,205,134,494,311,180,178,229,1784,165,1619,동일로24길
2017,1,A,골목상권,1000142,2054,1061,993,216,366,374,307,373,418,114,194,188,176,199,190,102,172,186,131,174,228,1146,53,1093,동일로18길
2017,1,A,골목상권,1000141,3377,1627,1750,755,450,581,640,527,424,363,230,253,312,261,208,392,220,328,328,266,216,1178,571,607,능동로4길
2017,1,A,골목상권,1000140,3767,1899,1868,405,431,562,597,806,966,191,219,284,334,415,456,214,212,278,263,391,510,1949,333,1616,능동로3길
2017,1,A,골목상권,1000139,5194,2438,2756,687,926,1333,749,618,881,378,377,631,365,295,392,309,549,702,384,323,489,2620,25,2595,능동로34길
2017,1,A,골목상권,1000138,2289,1117,1172,119,862,399,249,271,389,56,390,200,147,161,163,63,472,199,102,110,226,1739,0,1739,능동로19길
2017,1,A,골목상권,1000137,3801,1800,2001,284,1343,790,431,406,547,146,560,411,230,210,243,138,783,379,201,196,304,2532,0,2532,능동로13길
2017,1,A,골목상권,1000136,2130,1069,1061,293,319,346,349,401,422,164,158,191,160,195,201,129,161,155,189,206,221,964,0,964,긴고랑로9길
2017,1,A,골목상권,1000135,4219,2153,2066,466,672,859,643,732,847,268,333,464,331,366,391,198,339,395,312,366,456,2090,28,2062,긴고랑로8길
2017,1,A,골목상권,1000134,4763,2337,2426,736,651,802,844,837,893,366,318,405,428,426,394,370,333,397,416,411,499,2162,50,2112,긴고랑로7길
2017,1,A,골목상권,1000133,4231,2040,2191,621,655,790,660,707,798,322,307,399,320,338,354,299,348,391,340,369,444,1977,10,1967,긴고랑로20길
2017,1,A,골목상권,1000132,4502,2168,2334,711,707,896,733,663,792,324,365,459,360,322,338,387,342,437,373,341,454,2047,0,2047,광나루로52길
2017,1,A,골목상권,1000131,3808,1878,1930,497,604,816,602,546,743,246,314,421,294,264,339,251,290,395,308,282,404,1846,32,1814,광나루로40길
2017,1,A,골목상권,1000130,634,296,338,99,87,77,99,121,151,46,43,41,47,55,64,53,44,36,52,66,87,283,0,283,광나루로37길
2017,1,A,골목상권,1000129,2677,1280,1397,357,414,486,456,407,557,173,188,244,243,196,236,184,226,242,213,211,321,1342,32,1310,광나루로36길
2017,1,A,골목상권,1000128,1371,728,643,128,377,234,184,173,275,70,221,130,101,90,116,58,156,104,83,83,159,818,0,818,광나루로24길
2017,1,A,골목상권,1000127,2400,1225,1175,145,1159,515,208,188,185,78,542,291,118,106,90,67,617,224,90,82,95,1887,9,1878,광나루로12길
2017,1,A,골목상권,1000126,2213,1061,1152,236,311,344,352,399,571,117,149,177,177,207,234,119,162,167,175,192,337,1028,706,322,한림말길
2017,1,A,골목상권,1000125,1008,479,529,148,147,201,154,135,223,80,66,91,81,60,101,68,81,110,73,75,122,487,49,438,한림말3길
2017,1,A,골목상권,1000124,2800,1432,1368,398,419,376,487,497,623,209,241,197,241,271,273,189,178,179,246,226,350,1255,0,1255,청계천로10나길
2017,1,A,골목상권,1000123,2043,995,1048,229,255,300,376,319,564,119,132,150,198,147,249,110,123,150,178,172,315,1017,8,1009,장터길
2017,1,A,골목상권,1000122,2831,1465,1366,384,426,381,492,505,643,190,230,214,249,277,305,194,196,167,243,228,338,1287,0,1287,용답중앙길
2017,1,A,골목상권,1000121,3303,1677,1626,411,488,543,552,588,721,190,230,289,305,320,343,221,258,254,247,268,378,1658,0,1658,용답29길
2017,1,A,골목상권,1000120,2148,1112,1036,324,340,378,380,332,394,168,175,198,202,174,195,156,165,180,178,158,199,975,167,808,왕십리로6길
2017,1,A,골목상권,1000119,2973,1442,1531,365,520,503,471,472,642,185,228,265,237,243,284,180,292,238,234,229,358,1421,39,1382,왕십리로31길
2017,1,A,골목상권,1000118,2961,1490,1471,425,512,472,496,470,586,222,252,244,257,261,254,203,260,228,239,209,332,1393,0,1393,왕십리로26길
2017,1,A,골목상권,1000117,2508,1193,1315,362,435,367,440,407,497,170,220,183,207,195,218,192,215,184,233,212,279,1140,7,1133,왕십리로21길
2017,1,A,골목상권,1000116,1938,1026,912,262,340,319,304,351,362,148,169,151,175,188,195,114,171,168,129,163,167,945,76,869,왕십리로14길
2017,1,A,골목상권,1000115,1476,745,731,169,281,293,212,246,275,93,127,164,104,137,120,76,154,129,108,109,155,737,11,726,아차산로5길
2017,1,A,골목상권,1000114,394,238,156,5,103,163,61,34,28,2,52,95,47,24,18,3,51,68,14,10,10,356,0,356,아차산로15길
2017,1,A,골목상권,1000113,390,234,156,47,52,56,82,86,67,25,31,26,55,59,38,22,21,30,27,27,29,204,0,204,아차산로11길
2017,1,A,골목상권,1000112,2713,1464,1249,303,426,417,434,583,550,152,238,233,242,328,271,151,188,184,192,255,279,1368,0,1368,송정4가길
2017,1,A,골목상권,1000111,1306,709,597,157,187,203,221,247,291,89,97,115,135,134,139,68,90,88,86,113,152,640,0,640,송정12라길
2017,1,A,골목상권,1000110,680,391,289,97,100,95,133,137,118,53,52,52,75,94,65,44,48,43,58,43,53,350,0,350,성수일로6길
2017,1,A,골목상권,1000109,1387,751,636,132,309,242,194,251,259,67,150,137,112,144,141,65,159,105,82,107,118,794,28,766,성수이로7길
2017,1,A,골목상권,1000108,294,157,137,50,38,31,55,66,54,24,21,15,32,42,23,26,17,16,23,24,31,146,0,146,성수이로18길
2017,1,A,골목상권,1000107,3416,1782,1634,510,526,455,591,704,630,259,293,253,301,398,278,251,233,202,290,306,352,1569,0,1569,성덕정길
2017,1,A,골목상권,1000106,3800,1999,1801,461,532,540,593,813,861,240,283,285,329,465,397,221,249,255,264,348,464,1889,0,1889,성덕정17길
2017,1,A,골목상권,1000105,2157,1086,1071,314,333,434,359,344,373,157,175,227,185,176,166,157,158,207,174,168,207,1018,56,962,서울숲2길
2017,1,A,골목상권,1000104,1202,612,590,145,219,246,205,173,214,80,105,131,111,87,98,65,114,115,94,86,116,619,0,619,상원길
2017,1,A,골목상권,1000103,2544,1301,1243,390,418,497,417,419,403,205,208,266,236,205,181,185,210,231,181,214,222,1157,423,734,상원12길
2017,1,A,골목상권,1000102,2470,1389,1081,202,902,311,250,298,507,109,591,184,139,140,226,93,311,127,111,158,281,1589,0,1589,사근동길
2017,1,A,골목상권,1000101,2440,1209,1231,411,391,366,394,392,486,214,195,190,200,201,209,197,196,176,194,191,277,1035,238,797,무학봉길
2017,1,A,골목상권,1000100,1036,495,541,117,228,150,170,166,205,48,122,74,87,89,75,69,106,76,83,77,130,573,0,573,무학봉28길
2017,1,A,골목상권,1000099,1848,912,936,235,304,308,315,313,373,128,143,159,168,152,162,107,161,149,147,161,211,928,41,887,무학로6길
2017,1,A,골목상권,1000098,2297,1109,1188,302,260,346,411,387,591,158,114,179,215,193,250,144,146,167,196,194,341,1175,89,1086,무수막길
2017,1,A,골목상권,1000097,1226,604,622,231,130,267,244,172,182,128,66,119,128,84,79,103,64,148,116,88,103,525,81,444,매봉길
2017,1,A,골목상권,1000096,1163,567,596,103,514,197,103,93,153,47,248,104,52,40,76,56,266,93,51,53,77,802,44,758,마조로1길
2017,1,A,골목상권,1000095,2686,1360,1326,359,376,341,426,480,704,190,187,176,218,265,324,169,189,165,208,215,380,1283,306,977,마조로16길
2017,1,A,골목상권,1000094,897,452,445,174,137,139,151,160,136,91,68,67,73,85,68,83,69,72,78,75,68,341,98,243,마장로39길
2017,1,A,골목상권,1000093,1951,979,972,262,322,280,312,316,459,138,161,155,161,159,205,124,161,125,151,157,254,896,0,896,마장로27길
2017,1,A,골목상권,1000092,1884,941,943,281,293,370,344,275,321,142,131,180,183,155,150,139,162,190,161,120,171,957,90,867,뚝섬로5길
2017,1,A,골목상권,1000091,3143,1681,1462,387,438,440,574,660,644,208,223,245,310,388,307,179,215,195,264,272,337,1576,0,1576,둘레9길
2017,1,A,골목상권,1000090,3560,1768,1792,543,487,480,606,631,813,298,261,262,291,305,351,245,226,218,315,326,462,1456,103,1353,금호산길
2017,1,A,골목상권,1000089,2440,1193,1247,350,343,326,392,402,627,181,183,170,203,191,265,169,160,156,189,211,362,1049,17,1032,금호산2길
2017,1,A,골목상권,1000088,3046,1552,1494,335,524,389,497,576,725,183,285,209,265,292,318,152,239,180,232,284,407,1557,24,1533,고산자로6길
2017,1,A,골목상권,1000087,5633,2745,2888,940,715,949,1001,854,1174,521,355,474,492,406,497,419,360,475,509,448,677,2610,88,2522,후암로28길
2017,1,A,골목상권,1000086,2984,1419,1565,458,382,590,479,423,652,230,165,292,243,216,273,228,217,298,236,207,379,1389,85,1304,효창원로39길
2017,1,A,골목상권,1000085,2327,1041,1286,230,259,376,376,373,713,118,137,173,177,156,280,112,122,203,199,217,433,1309,28,1281,회나무로13길
2017,1,A,골목상권,1000084,642,292,350,60,96,151,111,76,148,31,34,77,58,29,63,29,62,74,53,47,85,383,0,383,한남대로20길
2017,1,A,골목상권,1000083,106,83,23,1,5,17,27,25,31,1,2,13,22,23,22,0,3,4,5,2,9,103,0,103,한강대로88길
2017,1,A,골목상권,1000082,773,414,359,63,60,115,104,147,284,39,36,70,61,82,126,24,24,45,43,65,158,443,0,443,한강대로7길
2017,1,A,골목상권,1000081,948,471,477,89,118,149,136,166,290,50,60,71,77,82,131,39,58,78,59,84,159,529,0,529,한강대로62길
2017,1,A,골목상권,1000080,643,301,342,48,84,106,89,87,229,30,40,49,43,56,83,18,44,57,46,31,146,418,0,418,한강대로52길
2017,1,A,골목상권,1000079,1281,604,677,113,221,359,194,172,222,50,87,152,100,91,124,63,134,207,94,81,98,781,0,781,한강대로43길
2017,1,A,골목상권,1000078,521,275,246,43,56,90,71,90,171,23,40,52,45,47,68,20,16,38,26,43,103,273,0,273,한강대로15길
2017,1,A,골목상권,1000077,2816,1545,1271,324,389,410,474,576,643,183,186,214,298,341,323,141,203,196,176,235,320,1630,16,1614,한강대로104길
2017,1,A,골목상권,1000076,2804,1441,1363,375,472,417,482,482,576,203,244,243,248,247,256,172,228,174,234,235,320,1429,0,1429,청파로73길
2017,1,A,골목상권,1000075,4375,2206,2169,656,792,714,735,674,804,346,408,401,369,332,350,310,384,313,366,342,454,1971,40,1931,청파로71길
2017,1,A,골목상권,1000074,3109,1458,1651,465,699,646,470,354,475,231,264,324,238,185,216,234,435,322,232,169,259,1590,25,1565,청파로47나길
2017,1,A,골목상권,1000073,1650,640,1010,142,539,282,199,187,301,67,124,126,93,96,134,75,415,156,106,91,167,1044,0,1044,청파로47길
2017,1,A,골목상권,1000072,2884,1392,1492,365,428,463,466,482,680,192,236,245,223,207,289,173,192,218,243,275,391,1351,0,1351,장문로45길
2017,1,A,골목상권,1000071,2424,1068,1356,133,251,472,435,412,721,64,97,237,232,164,274,69,154,235,203,248,447,1632,1,1631,이태원로54길
2017,1,A,골목상권,1000070,695,332,363,75,104,126,120,92,178,37,55,55,62,44,79,38,49,71,58,48,99,358,0,358,이태원로27길
2017,1,A,골목상권,1000069,2042,960,1082,246,210,257,355,353,621,117,107,134,190,173,239,129,103,123,165,180,382,1006,325,681,이촌로22길
2017,1,A,골목상권,1000068,937,462,475,100,168,142,167,141,219,54,82,75,88,70,93,46,86,67,79,71,126,511,0,511,원효로89길
2017,1,A,골목상권,1000067,2177,1110,1067,269,322,326,347,328,585,151,175,188,190,160,246,118,147,138,157,168,339,1031,0,1031,원효로53길
2017,1,A,골목상권,1000066,1491,709,782,235,154,232,253,222,395,102,76,128,141,98,164,133,78,104,112,124,231,659,0,659,원효로41길
2017,1,A,골목상권,1000065,2039,1007,1032,336,306,325,339,311,422,181,141,165,172,165,183,155,165,160,167,146,239,876,83,793,원효로19길
2017,1,A,골목상권,1000064,2464,1209,1255,284,391,415,397,418,559,149,221,228,192,194,225,135,170,187,205,224,334,1296,0,1296,우사단로4길
2017,1,A,골목상권,1000063,1369,709,660,147,172,315,245,186,304,79,93,173,137,95,132,68,79,142,108,91,172,781,48,733,우사단로14길
2017,1,A,골목상권,1000062,2873,1509,1364,278,421,518,494,488,674,154,257,298,281,247,272,124,164,220,213,241,402,1597,0,1597,우사단로10길
2017,1,A,골목상권,1000061,2869,1423,1446,414,398,475,473,435,674,228,204,254,250,206,281,186,194,221,223,229,393,1323,0,1323,신흥로20길
2017,1,A,골목상권,1000060,2408,1141,1267,293,357,396,355,401,606,150,174,204,165,192,256,143,183,192,190,209,350,1148,5,1143,소월로20길
2017,1,A,골목상권,1000059,2701,1298,1403,345,326,334,453,493,750,176,166,169,236,250,301,169,160,165,217,243,449,1313,0,1313,서빙고로71길
2017,1,A,골목상권,1000058,3949,1922,2027,624,592,980,658,528,567,313,254,476,336,252,291,311,338,504,322,276,276,1923,299,1624,백범로90길
2017,1,A,골목상권,1000057,3958,1901,2057,668,593,713,715,530,739,349,271,359,349,255,318,319,322,354,366,275,421,1698,37,1661,백범로79길
2017,1,A,골목상권,1000056,3339,1753,1586,339,495,471,549,582,903,189,259,247,286,330,442,150,236,224,263,252,461,1938,0,1938,두텁바위로1길
2017,1,A,골목상권,1000055,1437,686,751,172,256,277,214,222,296,97,119,139,97,110,124,75,137,138,117,112,172,720,0,720,대사관로34길
2017,1,A,골목상권,1000054,863,424,439,105,141,158,131,113,215,59,77,76,72,55,85,46,64,82,59,58,130,440,0,440,녹사평대로46길
2017,1,A,골목상권,1000053,771,363,408,104,116,138,120,98,195,45,56,74,60,47,81,59,60,64,60,51,114,382,0,382,녹사평대로40나길
2017,1,A,골목상권,1000052,612,305,307,61,91,149,75,94,142,36,45,70,43,43,68,25,46,79,32,51,74,309,0,309,녹사평대로32길
2017,1,A,골목상권,1000051,986,459,527,86,155,197,138,163,247,45,81,105,57,81,90,41,74,92,81,82,157,534,0,534,녹사평대로26길
2017,1,A,골목상권,1000050,438,219,219,65,47,72,86,61,107,32,25,32,49,36,45,33,22,40,37,25,62,202,0,202,녹사평대로11길
2017,1,A,골목상권,1000049,3550,1787,1763,451,534,428,686,641,810,234,282,230,373,342,326,217,252,198,313,299,484,1817,0,1817,퇴계로90길
2017,1,A,골목상권,1000048,1547,813,734,95,129,148,214,272,689,39,57,92,114,152,359,56,72,56,100,120,330,1060,41,1019,퇴계로8길
2017,1,A,골목상권,1000047,1228,628,600,126,203,155,175,196,373,62,111,80,103,97,175,64,92,75,72,99,198,646,0,646,퇴계로56길
2017,1,A,골목상권,1000046,687,362,325,90,175,109,98,71,144,53,88,58,56,38,69,37,87,51,42,33,75,390,68,322,퇴계로46길
2017,1,A,골목상권,1000045,787,393,394,102,106,134,135,123,187,48,60,78,71,61,75,54,46,56,64,62,112,429,0,429,퇴계로18길
2017,1,A,골목상권,1000044,943,455,488,101,113,132,140,168,289,56,61,72,71,80,115,45,52,60,69,88,174,469,150,319,퇴계로12길
2017,1,A,골목상권,1000043,2074,989,1085,246,289,249,383,373,534,123,147,128,190,198,203,123,142,121,193,175,331,1073,0,1073,청구로1길
2017,1,A,골목상권,1000042,1873,937,936,260,293,318,288,319,395,132,149,167,150,162,177,128,144,151,138,157,218,884,26,858,청구로17길
2017,1,A,골목상권,1000041,1567,778,789,197,282,261,232,242,353,107,139,134,124,121,153,90,143,127,108,121,200,780,0,780,장충단로8길
2017,1,A,골목상권,1000040,110,63,47,30,15,23,27,9,6,16,7,16,15,6,3,14,8,7,12,3,3,52,0,52,삼일대로4길
2017,1,A,골목상권,1000039,72,56,16,0,8,14,10,20,20,0,4,13,9,16,14,0,4,1,1,4,6,37,0,37,명동길
2017,1,A,골목상권,1000038,700,333,367,85,132,138,101,110,134,38,63,68,59,52,53,47,69,70,42,58,81,334,0,334,동호로8길
2017,1,A,골목상권,1000037,2252,1039,1213,338,376,359,414,322,443,160,181,176,193,146,183,178,195,183,221,176,260,985,15,970,동호로20길
2017,1,A,골목상권,1000036,2040,1006,1034,234,286,290,331,336,563,124,159,136,176,167,244,110,127,154,155,169,319,1000,0,1000,동호로15길
2017,1,A,골목상권,1000035,4839,2368,2471,651,774,798,858,744,1014,355,409,424,424,328,428,296,365,374,434,416,586,2038,155,1883,동호로11길
2017,1,A,골목상권,1000034,2085,1011,1074,251,416,422,332,298,366,135,184,205,169,153,165,116,232,217,163,145,201,1113,17,1096,동호로10길
2017,1,A,골목상권,1000033,929,519,410,63,102,101,165,234,264,25,59,59,106,141,129,38,43,42,59,93,135,587,0,587,다산로39길
2017,1,A,골목상권,1000032,1495,733,762,221,237,246,237,245,309,116,122,117,121,129,128,105,115,129,116,116,181,649,216,433,다산로38길
2017,1,A,골목상권,1000031,2302,1146,1156,294,307,300,422,450,529,154,163,157,224,236,212,140,144,143,198,214,317,1085,163,922,다산로36길
2017,1,A,골목상권,1000030,3873,1961,1912,469,647,539,683,681,854,237,359,309,354,346,356,232,288,230,329,335,498,1899,0,1899,다산로33길
2017,1,A,골목상권,1000029,832,424,408,69,183,188,105,117,170,33,92,101,55,67,76,36,91,87,50,50,94,450,0,450,난계로21길
2017,1,A,골목상권,1000028,3197,1530,1667,305,662,634,522,499,575,137,277,302,268,275,271,168,385,332,254,224,304,1799,56,1743,난계로11길
2017,1,A,골목상권,1000027,729,336,393,137,92,95,150,105,150,67,43,41,64,56,65,70,49,54,86,49,85,320,0,320,필운대로1길
2017,1,A,골목상권,1000026,1681,835,846,309,270,201,224,258,419,175,151,104,97,120,188,134,119,97,127,138,231,756,0,756,평창길
2017,1,A,골목상권,1000025,953,443,510,121,117,130,196,125,264,69,48,61,103,63,99,52,69,69,93,62,165,460,0,460,통일로12길
2017,1,A,골목상권,1000024,2530,1285,1245,354,379,292,472,502,531,169,198,175,241,269,233,185,181,117,231,233,298,1102,66,1036,창신길
2017,1,A,골목상권,1000023,1452,777,675,141,169,147,272,307,416,77,99,86,147,175,193,64,70,61,125,132,223,858,0,858,창신5길
2017,1,A,골목상권,1000022,917,466,451,105,113,110,154,207,228,56,55,60,86,106,103,49,58,50,68,101,125,442,0,442,창신2길
2017,1,A,골목상권,1000021,952,413,539,84,189,124,168,139,248,42,78,54,80,63,96,42,111,70,88,76,152,654,0,654,창경궁로35길
2017,1,A,골목상권,1000020,2486,1245,1241,310,331,328,451,444,622,164,157,185,241,224,274,146,174,143,210,220,348,1213,0,1213,지봉로8길
2017,1,A,골목상권,1000019,3807,1970,1837,391,507,511,643,820,935,197,259,274,344,452,444,194,248,237,299,368,491,2043,94,1949,종로65길
2017,1,A,골목상권,1000018,451,225,226,22,135,112,59,53,70,9,55,59,37,28,37,13,80,53,22,25,33,342,0,342,종로58가길
2017,1,A,골목상권,1000017,51,36,15,3,2,3,8,14,21,1,2,2,6,12,13,2,0,1,2,2,8,42,0,42,종로24길
2017,1,A,골목상권,1000016,761,358,403,127,97,115,127,101,194,75,51,49,56,46,81,52,46,66,71,55,113,367,0,367,자하문로7길
2017,1,A,골목상권,1000015,1722,844,878,232,381,297,247,253,312,119,169,154,118,135,149,113,212,143,129,118,163,872,0,872,이화장길
2017,1,A,골목상권,1000014,503,270,233,60,72,85,88,79,119,39,38,49,53,36,55,21,34,36,35,43,64,261,0,261,율곡로16길
2017,1,A,골목상권,1000013,301,169,132,20,26,40,57,53,105,11,15,23,38,31,51,9,11,17,19,22,54,176,0,176,율곡로10길
2017,1,A,골목상권,1000012,2704,1213,1491,519,312,486,557,335,495,252,145,214,249,151,202,267,167,272,308,184,293,1114,7,1107,옥인길
2017,1,A,골목상권,1000011,996,514,482,101,127,133,154,189,292,55,69,73,82,107,128,46,58,60,72,82,164,543,0,543,숭인동길
2017,1,A,골목상권,1000010,1010,498,512,89,345,160,123,123,170,48,169,89,65,59,68,41,176,71,58,64,102,623,0,623,성균관로5길
2017,1,A,골목상권,1000009,778,362,416,78,78,123,98,130,271,31,35,65,49,60,122,47,43,58,49,70,149,409,0,409,삼청로5길
2017,1,A,골목상권,1000008,709,336,373,113,80,114,114,106,182,66,40,52,58,42,78,47,40,62,56,64,104,320,0,320,북촌로5나길
2017,1,A,골목상권,1000007,466,214,252,64,52,57,61,81,151,34,21,25,35,35,64,30,31,32,26,46,87,221,0,221,북촌로5길
2017,1,A,골목상권,1000006,682,313,369,65,74,87,107,111,238,37,36,45,53,47,95,28,38,42,54,64,143,368,0,368,북촌로11길
2017,1,A,골목상권,1000005,1772,862,910,288,243,266,321,292,362,151,143,127,147,126,168,137,100,139,174,166,194,729,8,721,백석동길
2017,1,A,골목상권,1000004,1497,763,734,169,456,202,169,175,326,77,261,121,89,80,135,92,195,81,80,95,191,869,22,847,명륜길
2017,1,A,골목상권,1000003,1150,647,503,106,166,213,208,184,273,58,104,126,122,107,130,48,62,87,86,77,143,746,9,737,돈화문로11가길
2017,1,A,골목상권,1000002,769,365,404,19,351,208,67,43,81,7,122,108,37,36,55,12,229,100,30,7,26,698,9,689,난계로27길
2017,1,A,골목상권,1000001,1919,891,1028,289,222,279,350,298,481,136,93,139,172,141,210,153,129,140,178,157,271,840,0,840,계동길
2018,4,U,관광특구,1001496,26,17,9,7,2,2,5,5,5,5,1,1,2,4,4,2,1,1,3,1,1,15,0,15,강남 마이스 관광특구
2018,4,U,관광특구,1001495,7083,3291,3792,734,1228,1752,992,963,1414,376,500,771,488,467,689,358,728,981,504,496,725,3958,52,3906,잠실 관광특구
2018,4,U,관광특구,1001494,1930,1293,637,51,209,197,221,456,796,26,146,144,155,323,499,25,63,53,66,133,297,1500,180,1320,종로?청계 관광특구
2018,4,U,관광특구,1001493,2012,1008,1004,177,345,404,283,363,440,84,147,216,145,179,237,93,198,188,138,184,203,1134,28,1106,동대문패션타운 관광특구
2018,4,U,관광특구,1001492,1118,404,714,15,60,121,202,242,478,4,26,61,66,100,147,11,34,60,136,142,331,497,0,497,명동 남대문 북창동 다동 무교동 관광특구
2018,4,U,관광특구,1001491,5396,2573,2823,395,750,1017,824,856,1554,202,372,535,429,408,627,193,378,482,395,448,927,3366,0,3366,이태원 관광특구
2018,4,R,전통시장,1001490,3178,1582,1596,463,387,486,488,510,844,266,198,250,258,225,385,197,189,236,230,285,459,1312,171,1141,길동복조리시장
2018,4,R,전통시장,1001489,613,311,302,98,88,73,102,118,134,50,51,33,49,68,60,48,37,40,53,50,74,261,97,164,둔촌역전통시장
2018,4,R,전통시장,1001488,954,498,456,96,131,163,145,168,251,39,65,96,78,88,132,57,66,67,67,80,119,490,33,457,성내골목시장
2018,4,R,전통시장,1001487,139,71,68,3,9,16,25,35,51,1,5,4,15,21,25,2,4,12,10,14,26,117,0,117,천호시장
2018,4,R,전통시장,1001486,180,89,91,11,12,18,33,40,66,4,5,13,19,24,24,7,7,5,14,16,42,110,0,110,동서울시장
2018,4,R,전통시장,1001485,351,183,168,33,63,38,38,85,94,13,39,24,25,41,41,20,24,14,13,44,53,179,0,179,고분다리골목시장
2018,4,R,전통시장,1001484,843,427,416,144,119,173,144,120,143,69,71,93,75,51,68,75,48,80,69,69,75,347,0,347,양지골목시장
2018,4,R,전통시장,1001483,887,460,427,72,163,167,151,139,195,42,76,93,88,66,95,30,87,74,63,73,100,496,0,496,암사종합시장
2018,4,R,전통시장,1001482,316,162,154,34,36,37,48,72,89,26,21,18,26,37,34,8,15,19,22,35,55,158,0,158,고덕전통시장
2018,4,R,전통시장,1001481,2011,1000,1011,419,246,273,367,312,394,207,135,126,194,146,192,212,111,147,173,166,202,700,521,179,명일골목시장
2018,4,R,전통시장,1001480,2387,1162,1225,211,392,534,325,350,575,116,193,255,168,170,260,95,199,279,157,180,315,1300,0,1300,새마을시장
2018,4,R,전통시장,1001479,839,421,418,101,136,132,137,158,175,46,69,64,74,86,82,55,67,68,63,72,93,421,0,421,석촌시장
2018,4,R,전통시장,1001478,5244,2503,2741,652,886,1102,747,826,1031,348,422,543,366,363,461,304,464,559,381,463,570,2547,112,2435,방이시장
2018,4,R,전통시장,1001477,958,502,456,109,109,103,138,189,310,42,66,61,79,106,148,67,43,42,59,83,162,463,0,463,마천시장
2018,4,R,전통시장,1001476,2267,1126,1141,226,281,314,354,413,679,117,149,176,182,205,297,109,132,138,172,208,382,1132,0,1132,풍납시장
2018,4,R,전통시장,1001475,8,4,4,2,3,0,1,0,2,1,2,0,0,0,1,1,1,0,1,0,1,8,0,8,강남개포시장
2018,4,R,전통시장,1001474,235,109,126,61,22,40,54,35,23,37,6,16,24,16,10,24,16,24,30,19,13,87,74,13,도곡시장
2018,4,R,전통시장,1001473,167,82,85,28,20,24,16,27,52,17,8,11,9,11,26,11,12,13,7,16,26,55,55,0,청담삼익시장
2018,4,R,전통시장,1001472,85,38,47,11,3,15,18,7,31,4,1,6,8,5,14,7,2,9,10,2,17,43,0,43,논현종합시장
2018,4,R,전통시장,1001471,1171,547,624,93,223,302,191,150,212,42,102,140,93,75,95,51,121,162,98,75,117,722,0,722,영동전통시장
2018,4,R,전통시장,1001470,287,131,156,39,35,52,45,34,82,21,14,25,21,16,34,18,21,27,24,18,48,108,108,0,강남시장_강남
2018,4,R,전통시장,1001469,94,54,40,6,16,20,16,14,22,5,11,10,9,9,10,1,5,10,7,5,12,62,0,62,양재시장
2018,4,R,전통시장,1001468,177,86,91,35,26,14,36,27,39,19,12,6,16,13,20,16,14,8,20,14,19,73,0,73,남부종합시장
2018,4,R,전통시장,1001467,75,32,43,13,4,17,9,9,23,5,3,5,3,6,10,8,1,12,6,3,13,30,0,30,우림시장
2018,4,R,전통시장,1001466,649,305,344,56,96,76,93,102,226,28,42,38,46,56,95,28,54,38,47,46,131,308,44,264,미성동도깨비시장
2018,4,R,전통시장,1001465,49,22,27,4,6,3,6,6,24,2,2,0,4,5,9,2,4,3,2,1,15,35,0,35,신신림시장
2018,4,R,전통시장,1001464,174,105,69,8,17,16,21,36,76,5,13,9,14,20,44,3,4,7,7,16,32,121,0,121,삼성동시장
2018,4,R,전통시장,1001463,53,31,22,4,17,14,4,3,11,2,5,11,4,1,8,2,12,3,0,2,3,42,0,42,신림중앙시장
2018,4,R,전통시장,1001462,587,304,283,38,137,133,64,94,121,13,73,77,33,48,60,25,64,56,31,46,61,374,0,374,강남골목시장
2018,4,R,전통시장,1001461,3,2,1,0,0,0,2,0,1,0,0,0,1,0,1,0,0,0,1,0,0,1,0,1,신림종합시장
2018,4,R,전통시장,1001460,2249,1123,1126,222,454,392,345,344,492,120,208,211,181,181,222,102,246,181,164,163,270,1322,0,1322,관악신사시장
2018,4,R,전통시장,1001459,418,243,175,36,78,53,54,76,121,19,41,32,34,47,70,17,37,21,20,29,51,273,0,273,신원시장
2018,4,R,전통시장,1001458,1476,720,756,107,298,304,207,222,338,62,122,162,102,122,150,45,176,142,105,100,188,965,0,965,인헌시장
2018,4,R,전통시장,1001457,449,214,235,21,197,112,46,39,34,5,87,59,25,20,18,16,110,53,21,19,16,336,0,336,봉천중앙시장
2018,4,R,전통시장,1001456,13,5,8,1,3,0,2,4,3,1,1,0,1,2,0,0,2,0,1,2,3,7,0,7,봉천현대시장
2018,4,R,전통시장,1001455,100,50,50,1,44,22,4,8,21,0,21,13,2,4,10,1,23,9,2,4,11,75,0,75,봉일시장
2018,4,R,전통시장,1001454,427,192,235,12,166,67,37,62,83,6,55,37,19,41,34,6,111,30,18,21,49,339,0,339,봉천제일종합시장
2018,4,R,전통시장,1001453,613,289,324,37,252,140,58,51,75,21,98,78,32,22,38,16,154,62,26,29,37,441,0,441,낙성대시장
2018,4,R,전통시장,1001452,649,301,348,49,188,136,70,63,143,24,64,77,38,36,62,25,124,59,32,27,81,422,0,422,중부시장
2018,4,R,전통시장,1001451,7,4,3,0,3,0,0,3,1,0,2,0,0,1,1,0,1,0,0,2,0,2,0,2,사당시장
2018,4,R,전통시장,1001450,563,240,323,46,114,81,74,78,170,24,44,36,31,39,66,22,70,45,43,39,104,313,0,313,남성역골목시장
2018,4,R,전통시장,1001449,572,275,297,35,96,97,77,85,182,16,43,48,45,45,78,19,53,49,32,40,104,354,0,354,남성사계시장
2018,4,R,전통시장,1001448,1055,492,563,155,159,127,168,170,276,80,82,60,82,85,103,75,77,67,86,85,173,481,0,481,흑석시장
2018,4,R,전통시장,1001447,1920,939,981,153,280,299,263,308,617,80,143,171,139,141,265,73,137,128,124,167,352,1084,0,1084,상도4동도깨비골목시장
2018,4,R,전통시장,1001446,178,84,94,11,62,30,20,34,21,6,19,19,8,19,13,5,43,11,12,15,8,111,0,111,성대시장
2018,4,R,전통시장,1001445,56,26,30,1,8,6,9,13,19,0,5,3,6,5,7,1,3,3,3,8,12,40,0,40,영도시장
2018,4,R,전통시장,1001444,1623,780,843,130,333,240,214,237,469,75,169,127,99,121,189,55,164,113,115,116,280,945,0,945,상도전통시장
2018,4,R,전통시장,1001443,120,46,74,7,25,22,17,9,40,4,7,9,7,2,17,3,18,13,10,7,23,70,70,0,강남시장_동작
2018,4,R,전통시장,1001442,16,8,8,0,4,1,3,5,3,0,1,1,1,3,2,0,3,0,2,2,1,10,0,10,신노량진시장
2018,4,R,전통시장,1001441,442,241,201,33,85,65,70,77,112,18,55,38,45,40,45,15,30,27,25,37,67,268,0,268,본동인정시장
2018,4,R,전통시장,1001440,165,100,65,7,64,40,11,15,28,2,37,32,8,11,10,5,27,8,3,4,18,130,0,130,노량진중앙시장
2018,4,R,전통시장,1001439,402,197,205,30,48,48,59,79,138,17,27,30,28,35,60,13,21,18,31,44,78,216,0,216,대림중앙시장
2018,4,R,전통시장,1001438,333,164,169,29,36,43,37,63,125,16,20,22,19,33,54,13,16,21,18,30,71,164,0,164,우리시장
2018,4,R,전통시장,1001437,123,60,63,17,19,12,17,20,38,8,7,6,6,10,23,9,12,6,11,10,15,51,51,0,영진시장A동
2018,4,R,전통시장,1001436,91,40,51,12,10,2,21,15,31,8,4,0,10,5,13,4,6,2,11,10,18,45,0,45,사러가시장
2018,4,R,전통시장,1001435,107,51,56,8,11,10,18,14,46,4,7,4,8,6,22,4,4,6,10,8,24,41,0,41,대신시장
2018,4,R,전통시장,1001433,721,373,348,74,119,144,108,91,185,41,58,85,60,55,74,33,61,59,48,36,111,396,122,274,영일시장
2018,4,R,전통시장,1001432,67,32,35,5,31,7,4,7,13,2,15,6,2,3,4,3,16,1,2,4,9,47,0,47,도림시장
2018,4,R,전통시장,1001431,287,155,132,23,44,40,44,46,90,14,19,26,27,27,42,9,25,14,17,19,48,157,0,157,영등포청과시장
2018,4,R,전통시장,1001430,2332,1456,876,81,323,436,361,431,700,51,144,271,255,321,414,30,179,165,106,110,286,1803,500,1303,영등포전통시장
2018,4,R,전통시장,1001429,403,199,204,44,42,61,71,61,124,23,22,38,38,33,45,21,20,23,33,28,79,186,0,186,은행나무시장
2018,4,R,전통시장,1001428,287,150,137,20,29,27,60,48,103,15,14,14,27,28,52,5,15,13,33,20,51,175,0,175,박미시장
2018,4,R,전통시장,1001427,2195,1058,1137,203,312,278,289,455,658,103,153,151,135,225,291,100,159,127,154,230,367,1189,0,1189,현대시장
2018,4,R,전통시장,1001426,10,5,5,0,2,1,0,2,5,0,1,0,0,2,2,0,1,1,0,0,3,7,0,7,대명시장
2018,4,R,전통시장,1001425,43,24,19,6,1,14,6,4,12,4,0,9,3,2,6,2,1,5,3,2,6,18,0,18,푸른터시장
2018,4,R,전통시장,1001424,1682,834,848,179,228,183,247,416,429,87,111,98,116,229,193,92,117,85,131,187,236,831,0,831,남문시장
2018,4,R,전통시장,1001423,86,47,39,0,31,18,15,11,11,0,5,14,12,9,7,0,26,4,3,2,4,77,0,77,독산동 우시장
2018,4,R,전통시장,1001422,159,85,74,10,14,19,17,34,65,5,9,11,13,20,27,5,5,8,4,14,38,95,0,95,오류시장
2018,4,R,전통시장,1001421,370,170,200,48,61,52,62,66,81,21,27,34,25,30,33,27,34,18,37,36,48,158,0,158,개봉중앙시장
2018,4,R,전통시장,1001420,611,303,308,73,67,74,92,108,197,38,27,45,47,58,88,35,40,29,45,50,109,272,61,211,고척근린시장
2018,4,R,전통시장,1001419,256,133,123,25,29,22,34,58,88,11,13,15,17,36,41,14,16,7,17,22,47,154,0,154,가리봉시장
2018,4,R,전통시장,1001418,657,364,293,66,46,66,108,147,224,25,24,37,69,95,114,41,22,29,39,52,110,389,0,389,남구로시장
2018,4,R,전통시장,1001417,123,64,59,12,11,13,16,32,39,3,6,7,10,20,18,9,5,6,6,12,21,76,0,76,구로시장
2018,4,R,전통시장,1001416,172,80,92,2,85,41,20,10,14,2,23,22,14,8,11,0,62,19,6,2,3,157,0,157,공항시장
2018,4,R,전통시장,1001415,588,291,297,72,81,76,94,106,159,33,41,37,53,57,70,39,40,39,41,49,89,262,92,170,방신전통시장
2018,4,R,전통시장,1001414,522,257,265,90,73,78,84,93,104,46,33,37,33,57,51,44,40,41,51,36,53,230,0,230,송화골목시장
2018,4,R,전통시장,1001413,1150,530,620,141,166,231,163,161,288,70,70,119,82,73,116,71,96,112,81,88,172,571,28,543,까치산시장
2018,4,R,전통시장,1001412,353,158,195,43,44,76,55,40,95,20,16,37,25,15,45,23,28,39,30,25,50,173,0,173,화곡본동시장
2018,4,R,전통시장,1001411,1877,904,973,197,243,286,271,345,535,103,131,141,138,168,223,94,112,145,133,177,312,866,0,866,남부골목시장
2018,4,R,전통시장,1001409,1056,514,542,183,133,189,158,176,217,80,60,108,84,78,104,103,73,81,74,98,113,453,0,453,화곡중앙골목시장
2018,4,R,전통시장,1001408,70,40,30,12,13,14,10,6,15,5,10,8,6,4,7,7,3,6,4,2,8,39,0,39,신월중앙시장
2018,4,R,전통시장,1001407,4,3,1,0,1,0,0,2,1,0,1,0,0,2,0,0,0,0,0,0,1,4,0,4,등마루시장
2018,4,R,전통시장,1001406,263,161,102,27,23,28,42,65,78,13,12,16,33,49,38,14,11,12,9,16,40,168,0,168,신정3동골목시장
2018,4,R,전통시장,1001405,473,235,238,62,55,70,90,65,131,32,24,41,44,35,59,30,31,29,46,30,72,222,0,222,신정2동골목시장
2018,4,R,전통시장,1001404,169,71,98,20,17,16,23,34,59,6,4,9,11,16,25,14,13,7,12,18,34,87,0,87,신정제일시장
2018,4,R,전통시장,1001403,127,61,66,13,24,15,18,23,34,5,12,8,12,10,14,8,12,7,6,13,20,46,0,46,신월7동골목시장
2018,4,R,전통시장,1001402,168,93,75,16,21,16,24,36,55,10,16,10,13,20,24,6,5,6,11,16,31,82,0,82,신월6동골목시장
2018,4,R,전통시장,1001401,62,30,32,16,4,16,15,4,7,9,2,5,8,3,3,7,2,11,7,1,4,23,22,1,신곡종합시장
2018,4,R,전통시장,1001400,342,187,155,31,43,26,53,77,112,17,21,14,32,47,56,14,22,12,21,30,56,187,0,187,신월3동골목시장
2018,4,R,전통시장,1001399,365,171,194,68,36,49,57,52,103,33,18,23,29,25,43,35,18,26,28,27,60,133,0,133,경창시장
2018,4,R,전통시장,1001398,1666,840,826,215,194,218,247,330,462,116,97,118,117,175,217,99,97,100,130,155,245,766,45,721,월정로시장
2018,4,R,전통시장,1001397,1199,589,610,170,155,138,210,225,301,79,83,62,121,109,135,91,72,76,89,116,166,563,0,563,신영시장
2018,4,R,전통시장,1001396,1159,583,576,162,210,124,180,235,248,95,129,54,79,112,114,67,81,70,101,123,134,452,46,406,목4동시장
2018,4,R,전통시장,1001395,1169,585,584,142,188,243,186,171,239,68,82,142,106,81,106,74,106,101,80,90,133,585,105,480,목3동시장
2018,4,R,전통시장,1001394,1213,615,598,101,181,250,154,193,334,48,86,139,80,98,164,53,95,111,74,95,170,728,73,655,목2동시장
2018,4,R,전통시장,1001392,36,20,16,4,6,7,5,4,10,3,3,2,4,2,6,1,3,5,1,2,4,18,0,18,동진시장
2018,4,R,전통시장,1001391,807,365,442,129,114,143,137,105,179,63,45,63,67,46,81,66,69,80,70,59,98,357,0,357,망원월드컵시장
2018,4,R,전통시장,1001390,1975,936,1039,225,264,380,327,291,488,123,131,182,158,138,204,102,133,198,169,153,284,1039,0,1039,망원시장
2018,4,R,전통시장,1001389,87,35,52,7,15,27,10,11,17,4,7,11,4,5,4,3,8,16,6,6,13,40,40,0,합정시장
2018,4,R,전통시장,1001388,250,108,142,36,33,60,31,34,56,17,14,25,16,13,23,19,19,35,15,21,33,125,125,0,영진시장
2018,4,R,전통시장,1001387,25,18,7,1,4,10,1,2,7,1,3,7,1,2,4,0,1,3,0,0,3,23,0,23,서교시장
2018,4,R,전통시장,1001386,68,29,39,7,7,16,9,8,21,3,5,7,4,3,7,4,2,9,5,5,14,35,0,35,신수시장
2018,4,R,전통시장,1001385,406,191,215,50,58,40,72,53,133,30,25,21,35,25,55,20,33,19,37,28,78,213,0,213,아현시장
2018,4,R,전통시장,1001384,9,3,6,3,0,0,0,1,5,1,0,0,0,1,1,2,0,0,0,0,4,6,0,6,마포시장
2018,4,R,전통시장,1001383,12,7,5,0,3,1,1,5,2,0,2,0,1,3,1,0,1,1,0,2,1,5,0,5,공덕시장
2018,4,R,전통시장,1001382,155,70,85,14,16,27,22,25,51,9,9,7,13,12,20,5,7,20,9,13,31,68,68,0,백련시장
2018,4,R,전통시장,1001381,384,195,189,20,39,32,42,75,176,9,19,19,26,46,76,11,20,13,16,29,100,233,0,233,모래내시장
2018,4,R,전통시장,1001380,510,255,255,61,65,63,79,91,151,30,39,34,40,51,61,31,26,29,39,40,90,250,0,250,포방터시장
2018,4,R,전통시장,1001379,308,153,155,27,39,33,45,65,99,16,14,22,24,36,41,11,25,11,21,29,58,160,45,115,인왕시장
2018,4,R,전통시장,1001378,128,69,59,5,26,14,17,26,40,4,17,9,8,12,19,1,9,5,9,14,21,74,0,74,아현가구거리상점가
2018,4,R,전통시장,1001377,360,186,174,27,48,36,64,73,112,13,26,22,41,37,47,14,22,14,23,36,65,229,0,229,영천시장
2018,4,R,전통시장,1001376,114,53,61,4,10,11,10,22,57,1,5,8,5,10,24,3,5,3,5,12,33,70,0,70,수일시장
2018,4,R,전통시장,1001375,164,72,92,28,19,22,22,35,38,14,6,11,12,14,15,14,13,11,10,21,23,70,0,70,증산종합시장
2018,4,R,전통시장,1001374,606,300,306,67,64,80,80,115,200,34,40,38,44,66,78,33,24,42,36,49,122,299,0,299,대림골목시장
2018,4,R,전통시장,1001373,210,108,102,40,26,31,37,29,47,20,13,17,20,17,21,20,13,14,17,12,26,85,0,85,신응암시장
2018,4,R,전통시장,1001372,15,10,5,3,2,0,3,2,5,3,1,0,1,2,3,0,1,0,2,0,2,7,0,7,녹번시장
2018,4,R,전통시장,1001371,482,239,243,62,69,78,86,70,117,30,38,41,46,37,47,32,31,37,40,33,70,240,0,240,대조시장
2018,4,R,전통시장,1001370,11,8,3,0,0,0,2,5,4,0,0,0,0,5,3,0,0,0,2,0,1,11,0,11,역촌중앙시장
2018,4,R,전통시장,1001369,177,87,90,10,65,51,16,12,23,4,28,26,13,5,11,6,37,25,3,7,12,133,0,133,갈현시장
2018,4,R,전통시장,1001368,256,125,131,21,27,34,33,43,98,12,13,21,19,19,41,9,14,13,14,24,57,130,0,130,연서시장
2018,4,R,전통시장,1001367,1972,961,1011,246,336,182,330,361,517,118,169,101,170,176,227,128,167,81,160,185,290,880,129,751,상계중앙시장
2018,4,R,전통시장,1001365,1582,788,794,166,343,302,184,240,347,71,162,164,98,121,172,95,181,138,86,119,175,802,0,802,공릉동도깨비시장
2018,4,R,전통시장,1001364,1000,502,498,104,156,103,154,193,290,56,95,53,77,94,127,48,61,50,77,99,163,473,0,473,방학동도깨비시장
2018,4,R,전통시장,1001363,763,366,397,68,142,109,109,100,235,33,64,61,52,43,113,35,78,48,57,57,122,399,0,399,쌍문역골목시장
2018,4,R,전통시장,1001362,374,176,198,48,60,47,63,54,102,23,28,22,32,26,45,25,32,25,31,28,57,183,0,183,백운시장
2018,4,R,전통시장,1001361,174,89,85,9,35,18,24,39,49,1,20,13,8,23,24,8,15,5,16,16,25,82,0,82,신도봉시장
2018,4,R,전통시장,1001360,1245,605,640,136,162,155,187,230,375,68,82,82,92,121,160,68,80,73,95,109,215,617,0,617,창동골목시장
2018,4,R,전통시장,1001359,2295,1126,1169,303,338,350,364,424,516,143,173,177,194,197,242,160,165,173,170,227,274,956,0,956,창동신창시장
2018,4,R,전통시장,1001358,63,33,30,4,7,5,11,6,30,3,4,2,8,2,14,1,3,3,3,4,16,29,0,29,수유북부시장
2018,4,R,전통시장,1001357,1479,719,760,215,210,232,208,243,371,117,107,131,92,126,146,98,103,101,116,117,225,638,0,638,장미원골목시장
2018,4,R,전통시장,1001356,49,29,20,6,11,4,8,12,8,5,7,2,6,7,2,1,4,2,2,5,6,19,0,19,수유중앙시장
2018,4,R,전통시장,1001355,734,381,353,57,121,106,99,154,197,30,51,59,61,86,94,27,70,47,38,68,103,427,0,427,강북종합시장
2018,4,R,전통시장,1001354,1669,821,848,232,225,199,275,299,439,114,123,117,135,147,185,118,102,82,140,152,254,725,0,725,우이시장
2018,4,R,전통시장,1001353,628,306,322,59,103,85,93,110,178,28,50,43,48,55,82,31,53,42,45,55,96,317,87,230,수유전통시장
2018,4,R,전통시장,1001352,1164,575,589,155,181,190,208,169,261,78,91,96,110,83,117,77,90,94,98,86,144,539,101,438,번동북부골목시장
2018,4,R,전통시장,1001351,138,68,70,10,20,16,19,25,48,4,10,10,10,12,22,6,10,6,9,13,26,73,0,73,솔샘시장
2018,4,R,전통시장,1001350,232,124,108,19,22,34,44,52,61,8,10,16,28,33,29,11,12,18,16,19,32,142,0,142,숭인시장
2018,4,R,전통시장,1001349,1530,760,770,131,278,191,242,272,416,72,133,107,126,127,195,59,145,84,116,145,221,861,0,861,방천골목시장
2018,4,R,전통시장,1001348,30,15,15,5,2,3,3,3,14,2,2,1,2,1,7,3,0,2,1,2,7,15,0,15,동북시장
2018,4,R,전통시장,1001347,1847,959,888,194,250,224,291,345,543,95,145,130,158,188,243,99,105,94,133,157,300,903,0,903,석관황금시장
2018,4,R,전통시장,1001346,158,88,70,17,23,17,29,28,44,10,13,10,21,15,19,7,10,7,8,13,25,85,0,85,석관시장
2018,4,R,전통시장,1001345,80,42,38,5,10,9,9,18,29,4,4,5,7,10,12,1,6,4,2,8,17,47,0,47,새석관시장
2018,4,R,전통시장,1001344,30,16,14,7,3,2,5,6,7,5,1,1,2,3,4,2,2,1,3,3,3,12,0,12,번동시장
2018,4,R,전통시장,1001343,1115,542,573,139,123,125,163,214,351,69,66,65,93,98,151,70,57,60,70,116,200,493,0,493,장위전통시장
2018,4,R,전통시장,1001342,236,114,122,34,20,37,31,42,72,20,8,21,16,20,29,14,12,16,15,22,43,112,0,112,밤나무골시장
2018,4,R,전통시장,1001341,17,13,4,0,2,2,4,4,5,0,2,1,4,2,4,0,0,1,0,2,1,17,0,17,길음시장
2018,4,R,전통시장,1001340,1419,730,689,167,261,202,189,215,385,90,148,115,103,99,175,77,113,87,86,116,210,665,0,665,정릉시장
2018,4,R,전통시장,1001339,1058,517,541,185,133,158,208,153,221,98,62,91,104,73,89,87,71,67,104,80,132,432,136,296,정릉아리랑시장
2018,4,R,전통시장,1001338,218,96,122,22,30,37,19,27,83,9,12,22,12,10,31,13,18,15,7,17,52,120,0,120,돈암제일시장
2018,4,R,전통시장,1001337,116,60,56,18,13,11,26,21,27,9,9,6,12,11,13,9,4,5,14,10,14,52,0,52,유영시장
2018,4,R,전통시장,1001336,2088,1079,1009,222,258,284,288,426,610,112,133,165,161,223,285,110,125,119,127,203,325,1054,40,1014,우림골목시장
2018,4,R,전통시장,1001335,1448,727,721,254,165,266,240,192,331,126,89,134,137,86,155,128,76,132,103,106,176,587,0,587,묵1동도깨비시장
2018,4,R,전통시장,1001334,967,496,471,114,131,132,121,207,262,57,70,73,59,107,130,57,61,59,62,100,132,444,0,444,태능시장
2018,4,R,전통시장,1001333,1890,949,941,226,294,254,315,350,451,123,145,140,157,173,211,103,149,114,158,177,240,913,0,913,중화제일시장
2018,4,R,전통시장,1001332,1864,929,935,156,307,279,262,331,529,77,166,162,129,156,239,79,141,117,133,175,290,960,0,960,사가정시장
2018,4,R,전통시장,1001331,1289,672,617,174,179,171,220,226,319,97,98,89,122,117,149,77,81,82,98,109,170,626,0,626,면목골목시장
2018,4,R,전통시장,1001330,2118,1046,1072,233,308,295,294,393,595,114,158,164,158,193,259,119,150,131,136,200,336,1048,0,1048,동원시장
2018,4,R,전통시장,1001329,1529,789,740,143,268,322,217,252,327,72,126,183,113,140,155,71,142,139,104,112,172,876,0,876,동부골목시장
2018,4,R,전통시장,1001328,73,33,40,13,10,4,12,18,16,4,5,2,5,10,7,9,5,2,7,8,9,30,0,30,이문제일시장
2018,4,R,전통시장,1001327,235,122,113,15,29,22,32,46,91,10,15,9,18,28,42,5,14,13,14,18,49,113,0,113,이경시장
2018,4,R,전통시장,1001326,1222,527,695,81,519,204,104,104,210,25,225,97,44,47,89,56,294,107,60,57,121,949,0,949,회기시장
2018,4,R,전통시장,1001325,58,41,17,2,5,5,9,15,22,1,1,5,7,12,15,1,4,0,2,3,7,46,0,46,청량리청과물시장
2018,4,R,전통시장,1001324,237,114,123,36,19,24,51,34,73,17,9,16,24,12,36,19,10,8,27,22,37,114,0,114,전곡시장
2018,4,R,전통시장,1001323,438,204,234,52,58,66,66,74,122,20,27,31,33,36,57,32,31,35,33,38,65,211,0,211,답십리시장
2018,4,R,전통시장,1001321,322,164,158,32,32,33,43,60,122,19,14,23,28,35,45,13,18,10,15,25,77,173,0,173,답십리현대시장
2018,4,R,전통시장,1001320,92,56,36,3,12,7,16,22,32,2,10,5,11,11,17,1,2,2,5,11,15,56,0,56,전농로터리시장
2018,4,R,전통시장,1001319,96,53,43,0,8,12,12,15,49,0,4,6,10,9,24,0,4,6,2,6,25,54,0,54,청량리종합시장
2018,4,R,전통시장,1001318,167,130,37,1,7,11,17,45,86,1,5,8,16,37,63,0,2,3,1,8,23,140,0,140,청량리전통시장
2018,4,R,전통시장,1001317,177,86,91,27,30,18,19,42,41,20,16,10,8,13,19,7,14,8,11,29,22,77,0,77,청량리농수산물시장
2018,4,R,전통시장,1001316,2074,1106,968,125,249,270,299,378,753,73,132,154,178,211,358,52,117,116,121,167,395,1376,0,1376,서울약령시장
2018,4,R,전통시장,1001315,3,3,0,0,0,0,0,3,0,0,0,0,0,3,0,0,0,0,0,0,0,3,0,3,동서시장
2018,4,R,전통시장,1001314,8,4,4,0,0,0,1,1,6,0,0,0,1,1,2,0,0,0,0,0,4,6,0,6,경동시장
2018,4,R,전통시장,1001313,479,257,222,34,79,93,69,62,142,20,37,53,44,34,69,14,42,40,25,28,73,313,0,313,청량리수산시장
2018,4,R,전통시장,1001312,22,15,7,1,1,1,3,5,11,0,1,1,2,4,7,1,0,0,1,1,4,14,0,14,용두시장
2018,4,R,전통시장,1001310,158,78,80,23,32,26,19,20,38,10,15,16,8,12,17,13,17,10,11,8,21,72,0,72,구의시장
2018,4,R,전통시장,1001309,78,36,42,3,28,15,6,7,19,2,13,7,1,6,7,1,15,8,5,1,12,51,0,51,조양시장
2018,4,R,전통시장,1001308,954,476,478,73,141,111,137,188,304,40,69,59,79,98,131,33,72,52,58,90,173,527,0,527,영동교골목시장
2018,4,R,전통시장,1001307,368,197,171,35,50,49,41,75,118,18,28,24,23,42,62,17,22,25,18,33,56,197,0,197,능동로골목시장
2018,4,R,전통시장,1001306,194,95,99,10,19,35,23,37,70,7,12,19,12,21,24,3,7,16,11,16,46,125,0,125,노룬산골목시장
2018,4,R,전통시장,1001305,59,31,28,13,7,13,9,11,6,6,3,8,5,5,4,7,4,5,4,6,2,19,0,19,자양종합시장
2018,4,R,전통시장,1001304,2013,972,1041,265,332,387,283,317,429,151,167,191,143,140,180,114,165,196,140,177,249,950,0,950,자양골목시장
2018,4,R,전통시장,1001303,99,47,52,12,14,13,12,19,29,7,6,9,6,7,12,5,8,4,6,12,17,42,0,42,신성골목시장
2018,4,R,전통시장,1001302,452,237,215,45,73,72,66,102,94,28,35,35,37,57,45,17,38,37,29,45,49,222,0,222,면곡골목시장
2018,4,R,전통시장,1001301,802,411,391,116,118,111,114,165,178,59,61,70,53,80,88,57,57,41,61,85,90,356,0,356,중곡제일시장
2018,4,R,전통시장,1001300,928,401,527,49,375,196,99,76,133,27,127,102,48,39,58,22,248,94,51,37,75,679,0,679,화양제일골목시장
2018,4,R,전통시장,1001299,12,10,2,0,6,2,1,1,2,0,4,2,1,1,2,0,2,0,0,0,0,12,0,12,한아름시장
2018,4,R,전통시장,1001298,1990,1009,981,217,285,267,316,382,523,117,146,145,156,197,248,100,139,122,160,185,275,962,0,962,성동용답상가시장
2018,4,R,전통시장,1001297,572,315,257,52,83,67,80,130,160,28,52,43,48,67,77,24,31,24,32,63,83,307,80,227,뚝도시장
2018,4,R,전통시장,1001296,255,130,125,19,24,31,45,47,89,12,12,17,27,27,35,7,12,14,18,20,54,148,0,148,금남시장
2018,4,R,전통시장,1001295,1537,764,773,148,348,226,216,275,324,79,156,128,106,138,157,69,192,98,110,137,167,881,0,881,행당시장
2018,4,R,전통시장,1001294,335,184,151,41,41,36,60,50,107,25,24,19,37,30,49,16,17,17,23,20,58,181,1,180,마장축산물시장
2018,4,R,전통시장,1001293,4,1,3,0,0,0,1,0,3,0,0,0,0,0,1,0,0,0,1,0,2,3,0,3,보광시장
2018,4,R,전통시장,1001292,45,20,25,4,4,9,9,4,15,3,2,3,7,0,5,1,2,6,2,4,10,28,0,28,이태원제일시장
2018,4,R,전통시장,1001291,63,30,33,7,6,12,7,15,16,4,2,6,6,7,5,3,4,6,1,8,11,32,0,32,이태원시장
2018,4,R,전통시장,1001290,99,56,43,9,14,10,18,22,26,2,11,6,10,13,14,7,3,4,8,9,12,53,5,48,이촌종합시장
2018,4,R,전통시장,1001289,466,239,227,51,70,90,62,63,130,23,39,62,32,33,50,28,31,28,30,30,80,252,0,252,용문전통시장
2018,4,R,전통시장,1001288,32,19,13,2,2,0,3,7,18,1,2,0,2,5,9,1,0,0,1,2,9,19,0,19,만리시장
2018,4,R,전통시장,1001287,97,54,43,6,8,22,8,19,34,0,7,14,5,13,15,6,1,8,3,6,19,61,0,61,신흥시장
2018,4,R,전통시장,1001286,285,148,137,23,44,46,32,65,75,8,27,26,20,34,33,15,17,20,12,31,42,158,81,77,후암시장
2018,4,R,전통시장,1001285,93,74,19,6,5,9,16,23,34,3,4,5,13,22,27,3,1,4,3,1,7,84,0,84,합동(새벽)시장
2018,4,R,전통시장,1001284,1014,543,471,75,120,116,128,200,375,44,70,71,67,113,178,31,50,45,61,87,197,589,0,589,서울중앙시장
2018,4,R,전통시장,1001283,829,444,385,79,103,100,122,182,243,40,69,55,73,93,114,39,34,45,49,89,129,413,0,413,백학시장
2018,4,R,전통시장,1001282,927,432,495,117,141,127,134,146,262,65,61,52,69,73,112,52,80,75,65,73,150,475,0,475,약수시장
2018,4,R,전통시장,1001281,1,1,0,0,0,0,1,0,0,0,0,0,1,0,0,0,0,0,0,0,0,1,0,1,청평화시장
2018,4,R,전통시장,1001279,54,24,30,3,5,7,2,19,18,3,3,1,1,8,8,0,2,6,1,11,10,35,28,7,동평화시장
2018,4,R,전통시장,1001277,289,195,94,9,36,35,28,65,116,7,22,21,20,48,77,2,14,14,8,17,39,214,0,214,방산종합시장
2018,4,R,전통시장,1001276,5,4,1,0,0,2,1,0,2,0,0,2,0,0,2,0,0,0,1,0,0,5,0,5,평화시장
2018,4,R,전통시장,1001275,143,81,62,10,16,12,17,32,56,7,7,6,12,22,27,3,9,6,5,10,29,83,0,83,인현시장
2018,4,R,전통시장,1001274,272,190,82,7,17,24,31,75,118,6,11,15,23,59,76,1,6,9,8,16,42,212,0,212,신중부시장
2018,4,R,전통시장,1001273,79,49,30,0,3,7,14,22,33,0,1,6,9,15,18,0,2,1,5,7,15,62,0,62,남대문시장
2018,4,R,전통시장,1001272,13,11,2,0,1,2,1,5,4,0,1,2,1,4,3,0,0,0,0,1,1,10,0,10,신설종합시장
2018,4,R,전통시장,1001271,781,433,348,29,202,131,94,114,211,15,94,67,57,76,124,14,108,64,37,38,87,602,63,539,동묘시장
2018,4,R,전통시장,1001270,372,187,185,27,37,34,59,64,151,8,22,23,34,39,61,19,15,11,25,25,90,230,0,230,창신골목시장
2018,4,R,전통시장,1001269,63,33,30,4,8,8,11,9,23,2,4,7,2,6,12,2,4,1,9,3,11,36,0,36,동문시장
2018,4,R,전통시장,1001268,171,89,82,17,21,14,30,34,55,8,13,11,14,17,26,9,8,3,16,17,29,84,0,84,충신시장
2018,4,R,전통시장,1001267,110,76,34,1,7,8,15,32,47,1,2,5,14,21,33,0,5,3,1,11,14,89,0,89,종로신진시장
2018,4,R,전통시장,1001266,2,2,0,0,0,0,1,1,0,0,0,0,1,1,0,0,0,0,0,0,0,2,0,2,동대문종합시장
2018,4,R,전통시장,1001265,61,30,31,1,9,2,5,21,23,1,6,0,2,12,9,0,3,2,3,9,14,47,0,47,광장시장
2018,4,R,전통시장,1001264,688,305,383,89,90,89,114,109,197,41,36,39,52,56,81,48,54,50,62,53,116,325,44,281,통인시장
2018,4,D,발달상권,1001263,258,164,94,5,49,37,41,48,78,2,20,23,25,36,58,3,29,14,16,12,20,213,0,213,서울 노원구 노원역_3
2018,4,D,발달상권,1001262,18,15,3,0,1,1,3,4,9,0,1,1,3,4,6,0,0,0,0,0,3,16,0,16,서울 노원구 노원역_2
2018,4,D,발달상권,1001261,690,309,381,112,90,94,100,143,151,47,43,42,45,65,67,65,47,52,55,78,84,280,278,2,서울 노원구 노원역_1
2018,4,D,발달상권,1001260,627,377,250,46,105,105,128,124,119,19,47,65,84,87,75,27,58,40,44,37,44,483,0,483,창동역
2018,4,D,발달상권,1001259,730,427,303,47,160,110,103,127,183,22,85,58,65,85,112,25,75,52,38,42,71,510,0,510,서울 강북구 수유역_3
2018,4,D,발달상권,1001258,191,81,110,27,22,48,53,25,16,10,9,21,25,10,6,17,13,27,28,15,10,107,0,107,등나무근린공원 주변
2018,4,D,발달상권,1001257,2128,1050,1078,124,364,409,350,374,507,58,155,220,189,198,230,66,209,189,161,176,277,1424,0,1424,서울 강북구 수유역_2
2018,4,D,발달상권,1001256,795,394,401,59,176,157,122,124,157,31,76,83,66,61,77,28,100,74,56,63,80,462,0,462,서울 강북구 수유역_1
2018,4,D,발달상권,1001255,112,59,53,3,27,15,23,22,22,2,10,5,14,12,16,1,17,10,9,10,6,97,0,97,서울 은평구 연신내역_3
2018,4,D,발달상권,1001254,1059,520,539,88,218,188,169,169,227,44,98,98,93,89,98,44,120,90,76,80,129,619,0,619,서울 은평구 연신내역_2
2018,4,D,발달상권,1001253,221,95,126,17,56,39,39,29,41,11,22,16,15,10,21,6,34,23,24,19,20,140,0,140,서울 은평구 연신내역_1
2018,4,D,발달상권,1001252,452,248,204,28,70,64,57,91,142,14,39,38,28,53,76,14,31,26,29,38,66,259,0,259,서울 성북구 미아삼거리역_2
2018,4,D,발달상권,1001251,368,201,167,24,41,48,65,64,126,17,25,25,39,33,62,7,16,23,26,31,64,218,0,218,서울 강북구 미아삼거리역_1
2018,4,D,발달상권,1001250,775,334,441,54,245,250,79,67,80,20,79,124,37,34,40,34,166,126,42,33,40,552,173,379,서울 은평구 불광역_3
2018,4,D,발달상권,1001249,668,328,340,38,178,139,93,82,138,17,87,71,44,41,68,21,91,68,49,41,70,454,0,454,서울 은평구 불광역_2
2018,4,D,발달상권,1001248,537,268,269,35,98,99,58,92,155,22,46,49,31,48,72,13,52,50,27,44,83,337,0,337,서울 은평구 불광역_1
2018,4,D,발달상권,1001247,90,44,46,8,8,13,12,16,33,3,7,5,7,7,15,5,1,8,5,9,18,56,0,56,미아사거리_2
2018,4,D,발달상권,1001246,914,438,476,144,165,139,157,144,165,81,64,65,78,65,85,63,101,74,79,79,80,417,239,178,미아사거리_1
2018,4,D,발달상권,1001245,1091,500,591,72,272,238,148,157,204,35,103,108,73,88,93,37,169,130,75,69,111,758,0,758,서울 성북구 성신여대입구역
2018,4,D,발달상권,1001244,370,160,210,33,137,53,39,30,78,10,49,26,24,15,36,23,88,27,15,15,42,257,0,257,경희대학교
2018,4,D,발달상권,1001243,371,183,188,25,174,50,25,34,63,15,79,28,16,19,26,10,95,22,9,15,37,265,0,265,서울 성북구 안암역
2018,4,D,발달상권,1001242,628,298,330,35,208,112,64,82,127,18,92,52,35,44,57,17,116,60,29,38,70,439,0,439,혜화역 대학로_3
2018,4,D,발달상권,1001241,804,396,408,66,313,135,76,94,120,36,148,74,44,41,53,30,165,61,32,53,67,537,0,537,혜화역 대학로_2
2018,4,D,발달상권,1001240,486,236,250,47,112,87,65,63,112,27,57,41,35,32,44,20,55,46,30,31,68,294,0,294,혜화역 대학로_1
2018,4,D,발달상권,1001239,1576,707,869,216,459,356,303,158,84,106,164,161,155,84,37,110,295,195,148,74,47,974,102,872,디지털미디어시티
2018,4,D,발달상권,1001238,2803,1414,1389,280,392,351,344,541,895,125,176,183,181,292,457,155,216,168,163,249,438,1361,697,664,서울 동대문구 청량리역
2018,4,D,발달상권,1001237,308,140,168,32,53,66,50,42,65,18,28,35,18,12,29,14,25,31,32,30,36,182,0,182,서울 종로구 경복궁역_2
2018,4,D,발달상권,1001236,280,130,150,28,36,33,36,55,92,16,20,15,13,27,39,12,16,18,23,28,53,151,0,151,서울 종로구 안국역_2
2018,4,D,발달상권,1001235,116,47,69,13,10,15,23,15,40,6,4,4,11,9,13,7,6,11,12,6,27,68,0,68,서울 종로구 안국역_1
2018,4,D,발달상권,1001234,582,283,299,55,71,84,95,96,181,29,37,48,46,43,80,26,34,36,49,53,101,304,0,304,서울 종로구 경복궁역_1
2018,4,D,발달상권,1001233,147,118,29,6,11,10,17,45,58,2,8,9,14,38,47,4,3,1,3,7,11,115,0,115,서울 종로구 종로3가역_3
2018,4,D,발달상권,1001232,2251,1543,708,41,83,125,234,567,1201,23,54,74,173,443,776,18,29,51,61,124,425,1971,0,1971,서울 종로구 종로3가역_2
2018,4,D,발달상권,1001231,418,256,162,16,97,92,55,70,88,7,45,52,42,51,59,9,52,40,13,19,29,340,0,340,서울 동대문구 신설동역_2
2018,4,D,발달상권,1001230,769,410,359,64,78,98,110,120,299,44,41,44,61,69,151,20,37,54,49,51,148,491,150,341,인사동
2018,4,D,발달상권,1001229,290,171,119,18,45,35,38,53,101,10,30,22,25,38,46,8,15,13,13,15,55,193,0,193,서울 종로구 종로5가역_4
2018,4,D,발달상권,1001228,715,432,283,45,40,63,110,158,299,25,26,40,71,102,168,20,14,23,39,56,131,501,0,501,서울 종로구 종로5가역_3
2018,4,D,발달상권,1001227,550,310,240,42,76,77,89,111,155,26,42,45,43,65,89,16,34,32,46,46,66,372,39,333,종로구청
2018,4,D,발달상권,1001226,2044,1021,1023,196,523,414,227,284,400,91,247,207,119,145,212,105,276,207,108,139,188,1222,0,1222,서울 종로구 종로5가역_2
2018,4,D,발달상권,1001225,424,261,163,11,121,88,52,73,79,7,47,54,35,58,60,4,74,34,17,15,19,359,0,359,신설동역
2018,4,D,발달상권,1001224,306,180,126,13,79,58,42,50,64,5,31,31,27,39,47,8,48,27,15,11,17,267,0,267,서울 동대문구 신설동역_1
2018,4,D,발달상권,1001223,2467,1088,1379,352,303,447,410,346,609,175,137,182,162,163,269,177,166,265,248,183,340,1234,120,1114,서울 종로구 광화문역_2
2018,4,D,발달상권,1001222,873,424,449,114,130,109,120,158,242,55,72,62,61,73,101,59,58,47,59,85,141,346,250,96,동묘앞역
2018,4,D,발달상권,1001221,4026,1984,2042,462,788,955,680,517,624,246,330,504,355,253,296,216,458,451,325,264,328,2240,482,1758,장안동사거리
2018,4,D,발달상권,1001220,584,392,192,15,44,61,55,142,267,9,24,44,38,107,170,6,20,17,17,35,97,442,0,442,서울 종로구 동대문역_2
2018,4,D,발달상권,1001219,124,64,60,10,19,11,13,28,43,3,11,3,7,16,24,7,8,8,6,12,19,67,0,67,서울 종로구 동대문역_1
2018,4,D,발달상권,1001218,27,14,13,2,1,3,4,4,13,1,0,2,2,2,7,1,1,1,2,2,6,23,0,23,동대문시장_2
2018,4,D,발달상권,1001217,23,5,18,0,1,1,1,5,15,0,1,0,0,1,3,0,0,1,1,4,12,20,0,20,서울 종로구 종로5가역_1
2018,4,D,발달상권,1001216,193,155,38,6,39,22,25,49,52,3,31,17,19,43,42,3,8,5,6,6,10,175,0,175,서울 종로구 종로3가역_1
2018,4,D,발달상권,1001215,12,7,5,1,1,0,2,5,3,0,0,0,1,4,2,1,1,0,1,1,1,9,0,9,서울 종로구 광화문역_1
2018,4,D,발달상권,1001214,3,2,1,0,0,1,1,1,0,0,0,0,1,1,0,0,0,1,0,0,0,3,0,3,종각역
2018,4,D,발달상권,1001213,164,120,44,4,53,33,23,21,30,2,39,25,16,15,23,2,14,8,7,6,7,141,0,141,종각역 젊음의 거리
2018,4,D,발달상권,1001212,1425,695,730,332,128,310,264,176,215,162,53,133,148,96,103,170,75,177,116,80,112,548,0,548,서대문구 서대문역_1
2018,4,D,발달상권,1001211,32,16,16,0,7,10,2,6,7,0,0,8,1,4,3,0,7,2,1,2,4,30,0,30,동대문시장_1
2018,4,D,발달상권,1001210,289,131,158,53,24,92,59,26,35,20,8,49,26,14,14,33,16,43,33,12,21,159,82,77,시청역_2
2018,4,D,발달상권,1001209,73,45,28,6,0,7,10,18,32,2,0,5,6,10,22,4,0,2,4,8,10,52,0,52,서울시청
2018,4,D,발달상권,1001208,487,305,182,5,34,28,59,115,246,2,17,16,45,83,142,3,17,12,14,32,104,386,79,307,서울 중구 을지로3가역_2
2018,4,D,발달상권,1001207,286,143,143,14,59,63,37,50,63,8,19,33,21,26,36,6,40,30,16,24,27,202,0,202,서울 중구 신당역_2
2018,4,D,발달상권,1001206,878,434,444,63,207,201,107,139,161,32,81,108,57,72,84,31,126,93,50,67,77,587,0,587,서대문구 서대문역_2
2018,4,D,발달상권,1001205,433,265,168,12,48,55,51,102,165,4,25,39,28,70,99,8,23,16,23,32,66,322,0,322,동대문역사문화공원역
2018,4,D,발달상권,1001204,325,191,134,6,67,54,39,53,106,1,26,29,24,38,73,5,41,25,15,15,33,273,0,273,서울 중구 을지로3가역_1
2018,4,D,발달상권,1001203,139,81,58,6,17,19,26,34,37,2,7,13,16,20,23,4,10,6,10,14,14,102,0,102,명동거리
2018,4,D,발달상권,1001201,870,482,388,77,106,107,132,201,247,32,60,64,78,119,129,45,46,43,54,82,118,504,0,504,서울 중구 신당역_1
2018,4,D,발달상권,1001200,250,158,92,3,24,37,36,51,99,0,12,30,24,30,62,3,12,7,12,21,37,221,0,221,북창동
2018,4,D,발달상권,1001199,1434,757,677,132,184,182,181,263,492,70,88,94,108,152,245,62,96,88,73,111,247,761,158,603,서울 중구 충무로역_2
2018,4,D,발달상권,1001198,2167,1074,1093,147,446,398,250,363,563,76,221,202,131,179,265,71,225,196,119,184,298,1417,21,1396,서울 강서구 송정역
2018,4,D,발달상권,1001197,1406,735,671,128,254,312,218,226,268,68,102,165,122,132,146,60,152,147,96,94,122,810,0,810,장한평역_2
2018,4,D,발달상권,1001196,360,188,172,57,32,87,74,43,67,34,14,39,46,22,33,23,18,48,28,21,34,161,0,161,시청역_1
2018,4,D,발달상권,1001195,531,252,279,41,164,86,68,72,100,15,73,41,41,38,44,26,91,45,27,34,56,330,0,330,왕십리역_2
2018,4,D,발달상권,1001194,107,57,50,2,24,34,21,17,9,2,11,19,12,7,6,0,13,15,9,10,3,84,0,84,서울 강서구 발산역
2018,4,D,발달상권,1001193,206,142,64,10,25,26,37,64,44,7,13,17,32,48,25,3,12,9,5,16,19,151,0,151,장한평역_1
2018,4,D,발달상권,1001192,773,383,390,40,127,119,93,134,260,18,52,67,59,71,116,22,75,52,34,63,144,528,0,528,서울 중구 충무로역_1
2018,4,D,발달상권,1001190,1232,884,348,38,215,254,257,285,183,19,89,164,210,253,149,19,126,90,47,32,34,1031,0,1031,장한평역
2018,4,D,발달상권,1001189,1257,601,656,120,140,170,199,215,413,59,61,77,102,111,191,61,79,93,97,104,222,707,0,707,서울 중구 명동역
2018,4,D,발달상권,1001188,298,154,144,41,74,35,41,32,75,19,38,18,25,22,32,22,36,17,16,10,43,196,92,104,장충동 족발거리
2018,4,D,발달상권,1001187,1037,484,553,45,601,164,53,45,129,14,269,91,32,24,54,31,332,73,21,21,75,870,0,870,한양시장
2018,4,D,발달상권,1001186,1753,548,1205,63,770,222,184,179,335,20,124,90,92,85,137,43,646,132,92,94,198,1424,73,1351,서울 서대문구 이대역
2018,4,D,발달상권,1001185,2715,1395,1320,119,1165,466,243,268,454,59,570,270,129,156,211,60,595,196,114,112,243,2069,62,2007,서울 서대문구 신촌역
2018,4,D,발달상권,1001184,191,88,103,12,40,53,38,28,20,6,17,24,19,13,9,6,23,29,19,15,11,143,0,143,서울 마포구 홍대입구역_3
2018,4,D,발달상권,1001183,504,246,258,61,86,107,72,52,126,33,47,47,41,20,58,28,39,60,31,32,68,259,0,259,서울 마포구 홍대입구역_2
2018,4,D,발달상권,1001182,4775,2278,2497,387,1239,1099,650,488,912,205,561,531,334,237,410,182,678,568,316,251,502,3054,133,2921,홍익대학교 주변
2018,4,D,발달상권,1001181,1740,794,946,131,499,407,178,213,312,69,204,185,86,107,143,62,295,222,92,106,169,1098,0,1098,서울 광진구 군자역
2018,4,D,발달상권,1001180,1175,607,568,65,379,255,141,102,233,35,175,139,82,61,115,30,204,116,59,41,118,898,0,898,신촌역
2018,4,D,발달상권,1001179,2954,1456,1498,318,626,691,440,406,473,163,251,353,250,216,223,155,375,338,190,190,250,1848,105,1743,강서구청
2018,4,D,발달상권,1001178,657,317,340,63,131,141,106,71,145,36,53,75,52,34,67,27,78,66,54,37,78,395,0,395,서울 마포구 홍대입구역_1
2018,4,D,발달상권,1001177,53,28,25,6,6,7,12,4,18,5,2,2,9,2,8,1,4,5,3,2,10,24,0,24,서울 중구 약수역_2
2018,4,D,발달상권,1001176,10,6,4,0,0,3,2,1,4,0,0,2,1,1,2,0,0,1,1,0,2,7,0,7,서울 중구 약수역_1
2018,4,D,발달상권,1001175,2715,1358,1357,585,394,315,503,497,421,329,211,147,216,246,209,256,183,168,287,251,212,886,423,463,서울 강동구 고덕역
2018,4,D,발달상권,1001174,1292,580,712,108,275,455,160,130,164,55,90,224,83,63,65,53,185,231,77,67,99,737,403,334,등촌역
2018,4,D,발달상권,1001173,1999,992,1007,289,267,284,355,311,493,146,135,150,169,151,241,143,132,134,186,160,252,975,0,975,서울 강동구 명일역
2018,4,D,발달상권,1001172,537,309,228,60,112,79,79,99,108,36,63,42,47,62,59,24,49,37,32,37,49,287,85,202,어린이대공원역
2018,4,D,발달상권,1001171,22,11,11,1,3,0,3,8,7,0,1,0,3,4,3,1,2,0,0,4,4,15,0,15,서울 마포구 공덕역_2
2018,4,D,발달상권,1001170,43,32,11,0,2,4,12,12,13,0,2,1,10,9,10,0,0,3,2,3,3,35,0,35,공덕역
2018,4,D,발달상권,1001169,487,278,209,35,72,55,92,96,137,20,37,33,62,62,64,15,35,22,30,34,73,309,0,309,서울 용산구 숙대입구역
2018,4,D,발달상권,1001168,238,103,135,8,76,75,32,23,24,4,19,36,19,16,9,4,57,39,13,7,15,191,0,191,남영역
2018,4,D,발달상권,1001167,599,279,320,80,121,87,99,129,83,39,60,40,38,61,41,41,61,47,61,68,42,238,0,238,서울 마포구 공덕역_1
2018,4,D,발달상권,1001166,3534,1619,1915,511,450,919,730,457,467,249,175,438,321,225,211,262,275,481,409,232,256,1885,412,1473,서울 마포구 마포역_2
2018,4,D,발달상권,1001165,2009,905,1104,98,796,404,205,171,335,43,326,188,106,88,154,55,470,216,99,83,181,1455,0,1455,서울 광진구 건대입구역_2
2018,4,D,발달상권,1001164,844,445,399,73,125,151,143,127,225,42,68,79,75,72,109,31,57,72,68,55,116,498,0,498,서울 마포구 마포역_1
2018,4,D,발달상권,1001163,4607,2227,2380,311,814,1123,724,742,893,156,322,530,394,415,410,155,492,593,330,327,483,2962,399,2563,서울 강동구 천호역_2
2018,4,D,발달상권,1001162,1027,491,536,66,230,179,133,167,252,30,95,87,72,83,124,36,135,92,61,84,128,619,0,619,서울 광진구 건대입구역_1
2018,4,D,발달상권,1001161,530,224,306,21,12,9,25,25,438,12,4,1,10,11,186,9,8,8,15,14,252,289,0,289,건대입구역
2018,4,D,발달상권,1001160,1871,844,1027,106,479,468,271,245,302,51,174,223,143,113,140,55,305,245,128,132,162,1258,0,1258,서울 광진구 구의역
2018,4,D,발달상권,1001159,279,133,146,19,44,58,45,39,74,7,18,33,24,15,36,12,26,25,21,24,38,162,0,162,서울 강동구 천호역
2018,4,D,발달상권,1001158,723,310,413,23,304,218,68,43,67,16,84,116,38,23,33,7,220,102,30,20,34,562,0,562,당산역_2
2018,4,D,발달상권,1001157,388,199,189,22,82,73,63,69,79,8,42,47,33,34,35,14,40,26,30,35,44,222,0,222,서울 강동구 천호역_1
2018,4,D,발달상권,1001156,3041,1468,1573,144,869,739,417,433,439,64,305,381,243,231,244,80,564,358,174,202,195,2190,0,2190,서울 강동구 길동역
2018,4,D,발달상권,1001155,629,367,262,37,101,163,105,70,153,16,63,102,70,42,74,21,38,61,35,28,79,394,50,344,용산 전자상가_5
2018,4,D,발달상권,1001154,346,182,164,65,35,69,64,41,72,31,19,39,40,26,27,34,16,30,24,15,45,175,0,175,용산 전자상가_4
2018,4,D,발달상권,1001153,1061,475,586,64,310,350,108,109,120,29,112,169,53,54,58,35,198,181,55,55,62,700,113,587,당산역_1
2018,4,D,발달상권,1001152,198,89,109,27,24,29,14,31,73,13,11,8,6,14,37,14,13,21,8,17,36,64,60,4,서울 광진구 강변역
2018,4,D,발달상권,1001151,249,122,127,21,34,65,24,41,64,9,18,35,15,19,26,12,16,30,9,22,38,129,72,57,용산 전자상가_3
2018,4,D,발달상권,1001150,876,482,394,54,172,152,138,152,208,32,102,83,74,86,105,22,70,69,64,66,103,572,0,572,서울 용산구 이태원역
2018,4,D,발달상권,1001149,157,79,78,9,28,18,24,20,58,5,17,8,12,11,26,4,11,10,12,9,32,110,0,110,한남오거리
2018,4,D,발달상권,1001148,59,35,24,2,11,16,11,8,11,0,3,6,10,6,10,2,8,10,1,2,1,55,0,55,목동사거리
2018,4,D,발달상권,1001147,178,98,80,29,24,34,26,31,34,21,14,15,15,17,16,8,10,19,11,14,18,66,0,66,용산 전자상가_2
2018,4,D,발달상권,1001146,107,47,60,11,14,21,20,10,31,3,7,6,14,2,15,8,7,15,6,8,16,55,0,55,용산구청
2018,4,D,발달상권,1001145,1447,671,776,127,304,418,251,207,140,57,122,193,132,94,73,70,182,225,119,113,67,846,0,846,용산 전자상가_1
2018,4,D,발달상권,1001144,721,368,353,25,128,233,138,96,101,13,61,116,69,56,53,12,67,117,69,40,48,582,0,582,국회의사당역_2
2018,4,D,발달상권,1001143,390,195,195,29,26,51,58,79,147,15,14,32,40,39,55,14,12,19,18,40,92,310,0,310,서울 용산구 신용산역
2018,4,D,발달상권,1001142,145,80,65,2,51,64,18,6,4,2,29,34,10,4,1,0,22,30,8,2,3,128,0,128,국회의사당역_1
2018,4,D,발달상권,1001141,1313,635,678,191,153,255,259,165,290,89,68,134,135,83,126,102,85,121,124,82,164,668,245,423,압구정 로데오거리_2
2018,4,D,발달상권,1001140,1865,851,1014,237,292,360,339,225,412,121,145,142,155,106,182,116,147,218,184,119,230,974,0,974,서울 강남구 압구정역
2018,4,D,발달상권,1001139,1287,666,621,68,249,252,182,200,336,33,120,131,102,119,161,35,129,121,80,81,175,901,0,901,서울 영등포구 영등포구청역
2018,4,D,발달상권,1001138,604,280,324,92,73,83,95,75,186,41,38,36,45,33,87,51,35,47,50,42,99,240,0,240,압구정 로데오거리_1
2018,4,D,발달상권,1001137,800,425,375,98,121,109,132,136,204,61,68,56,67,72,101,37,53,53,65,64,103,384,11,373,서울 강동구 둔촌동역
2018,4,D,발달상권,1001136,869,429,440,220,94,109,197,119,130,117,44,45,103,52,68,103,50,64,94,67,62,271,102,169,오목교역
2018,4,D,발달상권,1001135,3852,1799,2053,468,632,775,700,495,782,244,283,342,352,247,331,224,349,433,348,248,451,2157,0,2157,신사동 가로수길
2018,4,D,발달상권,1001134,18,15,3,1,2,3,3,7,2,0,2,3,3,5,2,1,0,0,0,2,0,15,0,15,서울 영등포구 여의도역_2
2018,4,D,발달상권,1001133,922,426,496,61,75,111,170,156,349,26,40,52,84,75,149,35,35,59,86,81,200,622,0,622,청담사거리_3
2018,4,D,발달상권,1001132,518,283,235,32,119,94,71,69,133,16,59,61,45,40,62,16,60,33,26,29,71,322,0,322,영등포유통상가
2018,4,D,발달상권,1001131,1060,495,565,171,150,234,190,155,160,93,65,100,88,76,73,78,85,134,102,79,87,492,355,137,청담역_2
2018,4,D,발달상권,1001130,213,101,112,35,25,37,28,32,56,13,17,14,13,15,29,22,8,23,15,17,27,74,0,74,청담역_1
2018,4,D,발달상권,1001129,373,181,192,56,50,61,63,49,94,23,28,29,32,22,47,33,22,32,31,27,47,137,0,137,청담사거리_2
2018,4,D,발달상권,1001128,255,114,141,36,32,50,65,32,40,16,11,20,32,16,19,20,21,30,33,16,21,147,0,147,청담사거리_1
2018,4,D,발달상권,1001127,1359,655,704,246,147,187,225,219,335,130,65,78,103,117,162,116,82,109,122,102,173,509,461,48,서울 영등포구 여의도역_1
2018,4,D,발달상권,1001126,288,146,142,26,51,35,47,48,81,17,27,20,26,24,32,9,24,15,21,24,49,154,0,154,서울 양천구 신정네거리역_2
2018,4,D,발달상권,1001125,447,221,226,72,65,67,84,70,89,44,32,34,36,36,39,28,33,33,48,34,50,172,116,56,학동사거리_2
2018,4,D,발달상권,1001124,1593,1023,570,49,152,179,229,399,585,24,74,117,159,304,345,25,78,62,70,95,240,1284,0,1284,서울 영등포구 영등포시장역
2018,4,D,발달상권,1001123,415,205,210,40,69,84,81,49,92,23,26,41,45,28,42,17,43,43,36,21,50,261,46,215,학동사거리_1
2018,4,D,발달상권,1001122,1445,685,760,216,159,189,224,239,418,113,77,82,108,115,190,103,82,107,116,124,228,597,119,478,여의도 시범아파트앞
2018,4,D,발달상권,1001121,484,292,192,12,136,99,70,83,84,8,57,57,46,64,60,4,79,42,24,19,24,420,0,420,영등포역_3
2018,4,D,발달상권,1001120,274,129,145,20,60,86,36,21,51,11,30,43,16,9,20,9,30,43,20,12,31,180,25,155,도산공원사거리_1
2018,4,D,발달상권,1001119,789,577,212,19,155,112,139,199,165,10,62,80,124,175,126,9,93,32,15,24,39,729,0,729,영등포역_2
2018,4,D,발달상권,1001118,1488,735,753,221,145,224,225,257,416,112,74,110,112,131,196,109,71,114,113,126,220,719,574,145,문래동 주민센터
2018,4,D,발달상권,1001117,1041,451,590,73,201,286,166,117,198,33,74,118,85,52,89,40,127,168,81,65,109,644,0,644,강남구 신사역_2
2018,4,D,발달상권,1001116,323,178,145,10,130,96,33,33,21,6,51,59,23,23,16,4,79,37,10,10,5,283,0,283,영등포역_1
2018,4,D,발달상권,1001115,757,377,380,31,61,143,178,130,214,15,22,73,91,82,94,16,39,70,87,48,120,569,0,569,서울 강남구 강남구청역_2
2018,4,D,발달상권,1001114,766,411,355,40,159,175,134,111,147,23,74,94,82,63,75,17,85,81,52,48,72,537,0,537,강남구 신사역_1
2018,4,D,발달상권,1001113,12,8,4,1,1,3,2,2,3,1,0,3,2,2,0,0,1,0,0,0,3,12,0,12,서울 동작구 노량진1동_1
2018,4,D,발달상권,1001112,113,64,49,3,28,29,21,16,16,3,13,15,13,10,10,0,15,14,8,6,6,88,0,88,서울 강남구 학동역_3
2018,4,D,발달상권,1001111,565,285,280,44,118,146,101,76,80,23,57,67,47,46,45,21,61,79,54,30,35,383,67,316,서울 강남구 강남구청역_1
2018,4,D,발달상권,1001110,1787,838,949,248,243,243,215,306,532,126,117,99,85,144,267,122,126,144,130,162,265,615,216,399,잠실역
2018,4,D,발달상권,1001109,1932,971,961,154,355,479,361,261,322,81,163,232,185,149,161,73,192,247,176,112,161,1232,10,1222,강남구 논현역_4
2018,4,D,발달상권,1001108,532,220,312,36,96,169,92,70,69,18,38,71,31,32,30,18,58,98,61,38,39,360,0,360,학동역
2018,4,D,발달상권,1001107,1418,759,659,89,275,347,214,230,263,44,137,184,129,123,142,45,138,163,85,107,121,939,0,939,방이동 먹자골목
2018,4,D,발달상권,1001106,105,49,56,4,19,39,23,11,9,2,6,19,11,7,4,2,13,20,12,4,5,83,0,83,서울 강남구 학동역_2
2018,4,D,발달상권,1001105,1129,564,565,50,578,214,101,72,114,21,253,143,59,37,51,29,325,71,42,35,63,937,0,937,서울 동작구 노량진역
2018,4,D,발달상권,1001104,65,49,16,0,11,17,6,13,18,0,10,12,6,6,15,0,1,5,0,7,3,50,0,50,삼성역_3
2018,4,D,발달상권,1001103,26,17,9,7,2,2,5,5,5,5,1,1,2,4,4,2,1,1,3,1,1,15,0,15,코엑스
2018,4,D,발달상권,1001102,896,424,472,70,189,230,155,93,159,30,90,113,71,51,69,40,99,117,84,42,90,550,0,550,서울 강남구 학동역_1
2018,4,D,발달상권,1001101,3129,1429,1700,380,497,705,605,403,539,193,223,305,286,198,224,187,274,400,319,205,315,1881,135,1746,선정릉역_2
2018,4,D,발달상권,1001100,78,28,50,7,14,16,13,13,15,2,4,3,7,6,6,5,10,13,6,7,9,42,0,42,강남구 논현역_3
2018,4,D,발달상권,1001099,700,363,337,70,143,158,112,110,107,35,76,86,54,63,49,35,67,72,58,47,58,406,0,406,포스코사거리_2
2018,4,D,발달상권,1001098,2118,1036,1082,219,364,471,381,301,382,120,178,206,205,151,176,99,186,265,176,150,206,1195,75,1120,포스코사거리_1
2018,4,D,발달상권,1001096,3227,1551,1676,601,425,687,528,518,468,285,200,341,255,238,232,316,225,346,273,280,236,1148,548,600,신도림역
2018,4,D,발달상권,1001095,3931,1886,2045,253,865,1063,622,444,684,133,385,503,326,225,314,120,480,560,296,219,370,2516,0,2516,강남구 논현역_2
2018,4,D,발달상권,1001094,643,281,362,83,124,142,112,86,96,39,51,56,50,36,49,44,73,86,62,50,47,340,0,340,선정릉역_1
2018,4,D,발달상권,1001093,2803,1369,1434,251,483,671,463,400,535,130,220,333,240,193,253,121,263,338,223,207,282,1693,0,1693,신천역
2018,4,D,발달상권,1001092,1973,1023,950,97,408,473,337,295,363,52,187,231,204,174,175,45,221,242,133,121,188,1396,0,1396,강남구 논현역_1
2018,4,D,발달상권,1001091,9,6,3,0,1,2,1,1,4,0,0,2,1,0,3,0,1,0,0,1,1,5,0,5,삼성역_2
2018,4,D,발달상권,1001090,686,332,354,56,113,182,112,96,127,31,54,82,57,45,63,25,59,100,55,51,64,436,0,436,삼정역_2
2018,4,D,발달상권,1001089,86,37,49,6,14,18,11,15,22,3,4,11,3,6,10,3,10,7,8,9,12,45,0,45,삼정역_1
2018,4,D,발달상권,1001088,1511,740,771,213,298,354,260,193,193,125,119,164,130,103,99,88,179,190,130,90,94,856,0,856,삼성역_1
2018,4,D,발달상권,1001087,2167,1065,1102,130,457,630,359,259,332,63,205,314,204,125,154,67,252,316,155,134,178,1394,0,1394,서울 강남구 선릉역_2
2018,4,D,발달상권,1001085,3214,1631,1583,187,799,943,458,379,448,90,364,489,255,209,224,97,435,454,203,170,224,2307,45,2262,서울 서초구 강남역
2018,4,D,발달상권,1001084,676,329,347,40,92,207,163,86,88,24,44,93,77,49,42,16,48,114,86,37,46,501,0,501,서울 강남구 선릉역_1
2018,4,D,발달상권,1001083,594,295,299,81,85,156,89,71,112,45,40,72,40,39,59,36,45,84,49,32,53,299,0,299,서울 송파구 석촌역_2
2018,4,D,발달상권,1001082,4251,1937,2314,445,785,1173,870,500,478,213,311,493,413,278,229,232,474,680,457,222,249,2684,113,2571,선릉역_2
2018,4,D,발달상권,1001081,1035,519,516,74,244,266,141,148,162,39,118,131,74,75,82,35,126,135,67,73,80,661,0,661,서울 강남구 역삼역_2
2018,4,D,발달상권,1001080,201,87,114,20,40,44,42,25,30,12,10,20,21,9,15,8,30,24,21,16,15,111,0,111,서울 송파구 석촌역_1
2018,4,D,발달상권,1001079,3,2,1,0,0,1,0,1,1,0,0,1,0,1,0,0,0,0,0,0,1,2,0,2,석촌역
2018,4,D,발달상권,1001078,3089,1390,1699,346,574,593,596,419,561,156,216,262,286,216,254,190,358,331,310,203,307,1795,670,1125,서울 강남구 강남역_2
2018,4,D,발달상권,1001077,1337,590,747,291,155,255,352,142,142,118,65,100,158,84,65,173,90,155,194,58,77,599,289,310,선릉역_1
2018,4,D,발달상권,1001076,690,332,358,106,107,170,109,98,100,57,37,84,62,48,44,49,70,86,47,50,56,317,167,150,구로역
2018,4,D,발달상권,1001075,393,265,128,289,23,43,15,12,11,203,10,26,8,11,7,86,13,17,7,1,4,91,0,91,역삼역_2
2018,4,D,발달상권,1001074,2626,1238,1388,254,707,696,433,296,240,132,246,329,242,176,113,122,461,367,191,120,127,1831,0,1831,대림역_2
2018,4,D,발달상권,1001073,5470,2800,2670,332,1124,1460,970,726,858,176,483,767,541,428,405,156,641,693,429,298,453,3884,55,3829,서울 강남구 역삼역_1
2018,4,D,발달상권,1001072,1243,590,653,113,271,286,183,151,239,53,91,136,107,85,118,60,180,150,76,66,121,821,35,786,신대방삼거리역
2018,4,D,발달상권,1001071,2102,994,1108,398,328,272,429,349,326,209,153,130,186,171,145,189,175,142,243,178,181,926,0,926,서울 강남구 한티역
2018,4,D,발달상권,1001070,370,195,175,95,40,36,97,62,40,66,21,16,40,35,17,29,19,20,57,27,23,127,86,41,은마아파트입구사거리_4
2018,4,D,발달상권,1001069,303,152,151,49,53,35,55,55,56,24,25,22,20,31,30,25,28,13,35,24,26,132,0,132,은마아파트입구사거리_3
2018,4,D,발달상권,1001068,17,9,8,0,3,1,2,6,5,0,1,0,2,2,4,0,2,1,0,4,1,8,0,8,은마아파트입구사거리_2
2018,4,D,발달상권,1001067,3851,1843,2008,244,973,1113,587,374,560,117,347,579,333,198,269,127,626,534,254,176,291,2803,0,2803,오류동역
2018,4,D,발달상권,1001066,2548,1191,1357,266,688,710,353,263,268,132,292,326,184,131,126,134,396,384,169,132,142,1851,103,1748,서울 강남구 강남역
2018,4,D,발달상권,1001065,188,97,91,39,32,16,36,43,22,22,18,11,18,21,7,17,14,5,18,22,15,62,0,62,은마아파트입구사거리_1
2018,4,D,발달상권,1001064,1754,788,966,74,656,570,231,122,101,38,204,291,126,84,45,36,452,279,105,38,56,1481,0,1481,대림역_1
2018,4,D,발달상권,1001063,1002,499,503,225,154,114,215,149,145,118,76,54,94,89,68,107,78,60,121,60,77,429,39,390,교대역_4
2018,4,D,발달상권,1001062,3012,1440,1572,559,406,676,537,384,450,264,204,304,273,184,211,295,202,372,264,200,239,1311,156,1155,서울 강남구 강남역_1
2018,4,D,발달상권,1001061,2604,1234,1370,622,270,368,560,349,435,308,128,161,262,184,191,314,142,207,298,165,244,956,482,474,방배동카페골목
2018,4,D,발달상권,1001059,24,11,13,4,2,6,3,6,3,1,2,2,0,4,2,3,0,4,3,2,1,12,0,12,교대역_3
2018,4,D,발달상권,1001058,2795,1349,1446,296,547,779,449,338,386,141,260,387,227,147,187,155,287,392,222,191,199,1603,14,1589,역삼역_1
2018,4,D,발달상권,1001057,1758,850,908,224,341,384,292,239,278,119,176,172,150,106,127,105,165,212,142,133,151,1033,280,753,교대역_2
2018,4,D,발달상권,1001056,570,301,269,38,83,130,97,104,118,16,32,59,55,74,65,22,51,71,42,30,53,402,0,402,서울 송파구 가락시장역
2018,4,D,발달상권,1001055,55,31,24,6,11,7,3,14,14,4,9,3,1,6,8,2,2,4,2,8,6,25,0,25,서울 서초구 서초역
2018,4,D,발달상권,1001054,642,306,336,208,67,63,145,97,62,99,35,25,63,53,31,109,32,38,82,44,31,204,106,98,서울 강남구 대치역_2
2018,4,D,발달상권,1001053,519,260,259,165,53,33,148,66,54,84,28,13,70,40,25,81,25,20,78,26,29,145,145,0,서울 강남구 대치역_1
2018,4,D,발달상권,1001052,2197,964,1233,136,570,709,342,221,219,74,225,318,148,105,94,62,345,391,194,116,125,1635,249,1386,뱅뱅사거리_2
2018,4,D,발달상권,1001051,5095,2411,2684,887,614,808,839,595,1352,440,288,370,406,285,622,447,326,438,433,310,730,2020,399,1621,보라매공원
2018,4,D,발달상권,1001050,2611,1321,1290,265,521,521,354,438,512,141,263,249,189,218,261,124,258,272,165,220,251,1363,199,1164,교대역_1
2018,4,D,발달상권,1001049,2655,1325,1330,309,345,362,371,516,752,161,188,197,190,251,338,148,157,165,181,265,414,1225,0,1225,개봉동 현대아파트 인근
2018,4,D,발달상권,1001048,1759,755,1004,97,517,652,261,123,109,51,163,312,118,54,57,46,354,340,143,69,52,1359,1,1358,뱅뱅사거리
2018,4,D,발달상권,1001047,1069,546,523,118,221,308,158,120,144,58,99,163,91,65,70,60,122,145,67,55,74,667,0,667,뱅뱅사거리_1
2018,4,D,발달상권,1001046,3147,1589,1558,118,1258,928,365,223,255,71,548,510,216,110,134,47,710,418,149,113,121,2577,85,2492,서울 관악구 신림역_4
2018,4,D,발달상권,1001045,1176,554,622,91,239,214,164,174,294,44,111,103,85,81,130,47,128,111,79,93,164,678,0,678,동작구 총신대입구역_1
2018,4,D,발달상권,1001044,1858,886,972,223,306,447,311,235,336,103,146,216,142,119,160,120,160,231,169,116,176,977,0,977,양재역_3
2018,4,D,발달상권,1001043,1812,779,1033,353,272,328,415,247,197,150,94,139,181,129,86,203,178,189,234,118,111,851,18,833,동작구 총신대입구역_2
2018,4,D,발달상권,1001042,575,249,326,64,112,135,106,53,105,29,37,59,55,25,44,35,75,76,51,28,61,319,0,319,서울 서초구 남부터미널역_3
2018,4,D,발달상권,1001041,1480,683,797,99,134,229,220,227,571,44,56,106,126,128,223,55,78,123,94,99,348,928,511,417,서울 강남구 수서역
2018,4,D,발달상권,1001040,1168,634,534,23,512,340,109,86,98,11,234,203,76,54,56,12,278,137,33,32,42,999,0,999,서울 관악구 신림역_3
2018,4,D,발달상권,1001039,1764,868,896,99,373,519,327,261,185,55,121,251,172,164,105,44,252,268,155,97,80,1361,0,1361,서울 서초구 남부터미널역_2
2018,4,D,발달상권,1001038,125,68,57,10,8,23,14,28,42,4,6,11,10,17,20,6,2,12,4,11,22,74,0,74,구로디지탈1단지
2018,4,D,발달상권,1001037,1698,762,936,237,334,338,309,234,246,106,139,149,151,107,110,131,195,189,158,127,136,862,136,726,양재역
2018,4,D,발달상권,1001036,406,223,183,58,74,77,72,59,66,35,43,45,39,29,32,23,31,32,33,30,34,198,0,198,문정역
2018,4,D,발달상권,1001035,572,290,282,78,114,93,88,91,108,46,48,46,49,45,56,32,66,47,39,46,52,294,0,294,매봉역
2018,4,D,발달상권,1001034,1227,583,644,165,175,258,231,169,229,88,76,122,118,78,101,77,99,136,113,91,128,639,0,639,서울 서초구 방배역
2018,4,D,발달상권,1001033,1204,578,626,194,170,202,191,218,229,107,86,84,91,97,113,87,84,118,100,121,116,483,0,483,서울 서초구 남부터미널역_1
2018,4,D,발달상권,1001032,1647,858,789,82,620,365,169,159,252,50,318,212,90,63,125,32,302,153,79,96,127,1132,0,1132,서울 관악구 신림역_2
2018,4,D,발달상권,1001031,687,300,387,21,311,190,71,47,47,10,106,93,41,24,26,11,205,97,30,23,21,582,0,582,서울 관악구 신림역_1
2018,4,D,발달상권,1001030,910,425,485,100,168,198,148,133,163,48,70,99,72,64,72,52,98,99,76,69,91,478,0,478,양재역_2
2018,4,D,발달상권,1001029,8,5,3,0,2,0,0,5,1,0,2,0,0,3,0,0,0,0,0,2,1,4,0,4,양재역_1
2018,4,D,발달상권,1001028,560,293,267,17,235,141,59,42,66,10,113,75,41,21,33,7,122,66,18,21,33,449,0,449,서울 관악구 서울대입구역_2
2018,4,D,발달상권,1001027,1748,971,777,30,526,416,263,276,237,13,189,238,179,209,143,17,337,178,84,67,94,1584,13,1571,가산디지털단지역_3
2018,4,D,발달상권,1001026,358,206,152,20,49,32,52,94,111,14,28,22,29,63,50,6,21,10,23,31,61,234,0,234,구로디지털단지역
2018,4,D,발달상권,1001025,6715,3076,3639,256,3162,1591,588,514,604,119,1250,791,311,279,326,137,1912,800,277,235,278,5444,0,5444,서울 관악구 서울대입구역_1
2018,4,D,발달상권,1001024,929,446,483,147,161,143,165,147,166,71,73,68,77,68,89,76,88,75,88,79,77,417,82,335,관악구 사당역_1
2018,4,D,발달상권,1001023,681,362,319,48,173,163,93,72,132,23,82,94,57,46,60,25,91,69,36,26,72,432,160,272,가산디지털단지역_2
2018,4,D,발달상권,1001022,924,440,484,34,250,207,101,119,213,18,97,106,49,63,107,16,153,101,52,56,106,633,0,633,관악구 사당역_2
2018,4,D,발달상권,1001021,27,16,11,0,6,6,4,5,6,0,1,2,3,5,5,0,5,4,1,0,1,25,0,25,가산디지털단지역_1
2018,4,D,발달상권,1001019,93,51,42,8,17,35,18,9,6,3,11,18,12,4,3,5,6,17,6,5,3,60,0,60,포이사거리_1
2018,4,D,발달상권,1001018,1856,1011,845,172,317,458,317,290,302,90,155,253,186,164,163,82,162,205,131,126,139,1141,0,1141,포이사거리_2
2018,4,D,발달상권,1001017,307,148,159,12,83,100,37,25,50,6,25,61,20,7,29,6,58,39,17,18,21,230,0,230,관악구 사당역_3
2018,4,D,발달상권,1001016,1689,1025,664,100,726,339,189,130,205,55,444,236,127,72,91,45,282,103,62,58,114,1318,0,1318,서울 관악구 대학동_1
2018,4,D,발달상권,1001015,1199,658,541,54,233,323,205,188,196,24,118,197,118,114,87,30,115,126,87,74,109,868,0,868,서울 금천구 독산1동_1
2018,4,D,발달상권,1001013,1656,813,843,462,164,243,333,198,256,256,77,109,174,90,107,206,87,134,159,108,149,526,0,526,양재 화물트럭터미널앞_2
2018,4,D,발달상권,1001012,2,2,0,0,0,0,0,1,1,0,0,0,0,1,1,0,0,0,0,0,0,2,0,2,양재 화물트럭터미널앞_1
2018,4,D,발달상권,1001011,1566,815,751,107,183,218,240,305,513,56,87,119,141,178,234,51,96,99,99,127,279,1027,0,1027,서울 금천구 시흥1동_4
2018,4,A,골목상권,1001010,3088,1526,1562,332,420,519,498,575,744,173,209,276,256,278,334,159,211,243,242,297,410,1601,0,1601,풍성로37가길
2018,4,A,골목상권,1001009,4032,2056,1976,414,590,703,599,703,1023,217,280,392,330,355,482,197,310,311,269,348,541,2067,39,2028,천호옛길
2018,4,A,골목상권,1001008,2323,1114,1209,188,454,481,316,358,526,95,191,269,156,164,239,93,263,212,160,194,287,1261,0,1261,천호옛14길
2018,4,A,골목상권,1001007,2208,1105,1103,308,303,273,329,434,561,157,156,143,169,227,253,151,147,130,160,207,308,980,0,980,천호대로219길
2018,4,A,골목상권,1001006,4523,2227,2296,739,653,692,673,818,948,383,332,347,333,378,454,356,321,345,340,440,494,1738,531,1207,천호대로197길
2018,4,A,골목상권,1001005,2777,1375,1402,366,371,500,405,468,667,185,194,273,194,222,307,181,177,227,211,246,360,1270,96,1174,천호대로187길
2018,4,A,골목상권,1001004,4152,2078,2074,504,637,844,622,689,856,258,315,449,324,321,411,246,322,395,298,368,445,1944,302,1642,천호대로170길
2018,4,A,골목상권,1001003,2704,1346,1358,364,407,470,391,459,613,184,208,227,215,215,297,180,199,243,176,244,316,1185,114,1071,천호대로162길
2018,4,A,골목상권,1001002,4505,2182,2323,629,674,702,665,760,1075,327,325,360,335,351,484,302,349,342,330,409,591,1858,127,1731,천중로51길
2018,4,A,골목상권,1001001,6690,3286,3404,969,974,1105,1024,1097,1521,501,475,591,508,487,724,468,499,514,516,610,797,2798,481,2317,천중로39길
2018,4,A,골목상권,1001000,1801,887,914,187,274,363,256,313,408,108,126,187,141,132,193,79,148,176,115,181,215,895,0,895,진황도로47길
2018,4,A,골목상권,1000999,7755,3899,3856,826,1139,1570,1085,1226,1909,415,549,817,600,601,917,411,590,753,485,625,992,3952,684,3268,진황도로27길
2018,4,A,골목상권,1000998,3215,1576,1639,341,438,599,464,585,788,173,215,319,240,287,342,168,223,280,224,298,446,1650,116,1534,올림픽로98길
2018,4,A,골목상권,1000997,2047,1053,994,215,250,258,316,406,602,121,128,142,179,212,271,94,122,116,137,194,331,1067,0,1067,올림픽로80길
2018,4,A,골목상권,1000996,1738,905,833,120,176,205,276,399,562,59,89,117,149,231,260,61,87,88,127,168,302,1070,75,995,올림픽로78길
2018,4,A,골목상권,1000995,2618,1338,1280,276,367,530,373,457,615,138,174,299,206,227,294,138,193,231,167,230,321,1320,0,1320,올림픽로77길
2018,4,A,골목상권,1000994,2561,1321,1240,210,368,425,341,494,723,114,196,236,188,254,333,96,172,189,153,240,390,1401,0,1401,올림픽로71길
2018,4,A,골목상권,1000993,1562,752,810,258,194,300,258,210,342,133,93,135,126,108,157,125,101,165,132,102,185,687,47,640,올림픽로48길
2018,4,A,골목상권,1000992,3526,1756,1770,706,429,565,600,487,739,377,213,288,295,239,344,329,216,277,305,248,395,1328,652,676,양재대로96길
2018,4,A,골목상권,1000991,3619,1783,1836,507,559,614,550,639,750,291,293,319,264,295,321,216,266,295,286,344,429,1550,146,1404,양재대로95길
2018,4,A,골목상권,1000990,4192,2055,2137,668,634,596,665,739,890,368,339,304,325,354,365,300,295,292,340,385,525,1695,429,1266,양재대로91길
2018,4,A,골목상권,1000989,4987,2457,2530,679,751,783,679,902,1193,337,387,410,354,417,552,342,364,373,325,485,641,2111,189,1922,양재대로133길
2018,4,A,골목상권,1000988,4519,2261,2258,586,674,694,707,803,1055,305,365,374,338,386,493,281,309,320,369,417,562,1978,109,1869,양재대로124길
2018,4,A,골목상권,1000987,1521,733,788,204,251,257,213,257,339,107,111,133,112,120,150,97,140,124,101,137,189,675,137,538,양재대로116길
2018,4,A,골목상권,1000986,4732,2277,2455,526,784,1065,668,751,938,267,380,530,344,317,439,259,404,535,324,434,499,2355,114,2241,양재대로101길
2018,4,A,골목상권,1000985,7132,3599,3533,995,1020,1192,1086,1242,1597,516,540,626,562,624,731,479,480,566,524,618,866,3184,302,2882,암사길
2018,4,A,골목상권,1000984,4757,2342,2415,810,662,763,832,765,925,452,327,381,396,360,426,358,335,382,436,405,499,1841,44,1797,성안로3길
2018,4,A,골목상권,1000983,3614,1751,1863,696,488,562,599,550,719,344,248,261,314,252,332,352,240,301,285,298,387,1351,454,897,성내로5길
2018,4,A,골목상권,1000982,1274,643,631,196,205,166,174,275,258,100,119,81,86,133,124,96,86,85,88,142,134,509,0,509,상일로5길
2018,4,A,골목상권,1000981,1937,966,971,251,263,365,317,263,478,130,137,193,157,129,220,121,126,172,160,134,258,966,284,682,상암로5길
2018,4,A,골목상권,1000980,3008,1447,1561,472,418,431,475,510,702,238,214,220,232,225,318,234,204,211,243,285,384,1208,368,840,상암로51길
2018,4,A,골목상권,1000979,3269,1651,1618,425,473,693,509,545,624,211,229,354,270,278,309,214,244,339,239,267,315,1656,122,1534,상암로4길
2018,4,A,골목상권,1000978,3651,1791,1860,490,514,666,551,621,809,254,258,337,265,298,379,236,256,329,286,323,430,1599,333,1266,상암로14길
2018,4,A,골목상권,1000977,2767,1379,1388,410,436,410,424,476,611,226,222,214,213,240,264,184,214,196,211,236,347,1274,114,1160,명일로13길
2018,4,A,골목상권,1000976,2914,1498,1416,416,418,342,440,577,721,221,229,187,226,297,338,195,189,155,214,280,383,1274,0,1274,동남로85길
2018,4,A,골목상권,1000975,1694,915,779,192,238,201,235,380,448,106,140,120,123,205,221,86,98,81,112,175,227,821,0,821,동남로82길
2018,4,A,골목상권,1000974,2695,1318,1377,569,345,307,484,462,528,305,185,160,220,231,217,264,160,147,264,231,311,1071,0,1071,동남로65길
2018,4,A,골목상권,1000973,4286,2169,2117,504,585,646,680,836,1035,259,304,346,369,409,482,245,281,300,311,427,553,2174,107,2067,구천면로42길
2018,4,A,골목상권,1000972,5439,2715,2724,697,752,888,815,988,1299,365,393,471,431,461,594,332,359,417,384,527,705,2458,334,2124,구천면로41길
2018,4,A,골목상권,1000971,2602,1347,1255,314,382,347,380,531,648,172,184,196,201,284,310,142,198,151,179,247,338,1214,0,1214,구천면로36길
2018,4,A,골목상권,1000970,1602,821,781,315,201,256,278,245,307,166,112,128,149,129,137,149,89,128,129,116,170,623,0,623,고덕로61길
2018,4,A,골목상권,1000969,1531,763,768,302,180,264,219,240,326,149,105,131,117,112,149,153,75,133,102,128,177,559,136,423,고덕로25길
2018,4,A,골목상권,1000968,2111,1053,1058,307,314,363,352,345,430,166,154,196,179,160,198,141,160,167,173,185,232,1011,70,941,고덕로10길
2018,4,A,골목상권,1000967,4215,2140,2075,787,587,582,715,722,822,482,315,301,344,327,371,305,272,281,371,395,451,1622,254,1368,강동대로53길
2018,4,A,골목상권,1000966,1920,941,979,215,223,293,265,341,583,116,115,165,141,143,261,99,108,128,124,198,322,927,0,927,풍성로25길
2018,4,A,골목상권,1000965,2594,1296,1298,503,393,383,412,427,476,262,205,197,202,201,229,241,188,186,210,226,247,1021,74,947,오금로46길
2018,4,A,골목상권,1000964,2964,1456,1508,389,558,606,432,453,526,207,270,329,198,202,250,182,288,277,234,251,276,1347,51,1296,오금로36길
2018,4,A,골목상권,1000963,4808,2327,2481,504,807,1152,681,705,959,262,394,602,352,289,428,242,413,550,329,416,531,2498,22,2476,오금로11길
2018,4,A,골목상권,1000962,2715,1321,1394,434,431,340,428,518,564,224,226,162,196,248,265,210,205,178,232,270,299,1031,415,616,양재대로72길
2018,4,A,골목상권,1000961,1517,720,797,253,232,243,241,261,287,127,107,120,113,116,137,126,125,123,128,145,150,605,21,584,양재대로71길
2018,4,A,골목상권,1000960,3669,1878,1791,522,584,651,562,679,671,267,313,322,293,346,337,255,271,329,269,333,334,1520,10,1510,양재대로64길
2018,4,A,골목상권,1000959,1587,822,765,231,207,345,266,241,297,131,104,181,139,127,140,100,103,164,127,114,157,760,285,475,양재대로62길
2018,4,A,골목상권,1000958,1584,867,717,136,234,262,272,326,354,74,118,150,153,184,188,62,116,112,119,142,166,976,0,976,송파대로30길
2018,4,A,골목상권,1000957,3364,1702,1662,497,537,748,502,512,568,271,279,395,257,237,263,226,258,353,245,275,305,1421,305,1116,송이로36길
2018,4,A,골목상권,1000956,5600,2803,2797,829,963,1171,853,934,850,421,484,633,431,443,391,408,479,538,422,491,459,2442,399,2043,송이로32길
2018,4,A,골목상권,1000955,4454,2183,2271,600,753,910,684,669,838,323,377,448,338,311,386,277,376,462,346,358,452,2037,41,1996,송이로23길
2018,4,A,골목상권,1000954,6562,3101,3461,750,1248,1568,1019,923,1054,405,540,753,498,422,483,345,708,815,521,501,571,3534,0,3534,삼전로13길
2018,4,A,골목상권,1000953,8436,4124,4312,1245,1309,1609,1261,1357,1655,688,643,812,615,604,762,557,666,797,646,753,893,3604,201,3403,백제고분로50길
2018,4,A,골목상권,1000952,3217,1520,1697,427,559,718,457,504,552,208,273,352,210,223,254,219,286,366,247,281,298,1494,17,1477,백제고분로46길
2018,4,A,골목상권,1000951,4794,2292,2502,614,835,1175,666,690,814,296,385,561,343,311,396,318,450,614,323,379,418,2276,253,2023,백제고분로45길
2018,4,A,골목상권,1000950,4194,2011,2183,480,802,1058,577,610,667,261,374,504,272,292,308,219,428,554,305,318,359,2092,0,2092,백제고분로42길
2018,4,A,골목상권,1000949,3380,1551,1829,361,671,838,475,466,569,200,257,397,241,197,259,161,414,441,234,269,310,1760,0,1760,백제고분로39길
2018,4,A,골목상권,1000948,7777,3812,3965,1047,1197,1744,1243,1126,1420,567,581,892,605,532,635,480,616,852,638,594,785,3698,18,3680,백제고분로34길
2018,4,A,골목상권,1000947,6311,2980,3331,682,1163,1652,963,846,1005,334,503,802,493,394,454,348,660,850,470,452,551,3415,0,3415,백제고분로33길
2018,4,A,골목상권,1000946,6454,3067,3387,998,950,1415,1106,892,1093,518,449,684,539,387,490,480,501,731,567,505,603,2998,36,2962,백제고분로32길
2018,4,A,골목상권,1000945,6266,2886,3380,842,1003,1399,1053,889,1080,409,448,650,514,396,469,433,555,749,539,493,611,3121,0,3121,백제고분로31길
2018,4,A,골목상권,1000944,6884,3301,3583,909,1117,1607,1125,1041,1085,471,525,784,565,458,498,438,592,823,560,583,587,3375,0,3375,백제고분로22길
2018,4,A,골목상권,1000943,2499,1241,1258,251,442,625,422,370,389,136,207,300,220,205,173,115,235,325,202,165,216,1397,0,1397,백제고분로21길
2018,4,A,골목상권,1000942,3999,2059,1940,537,448,502,640,756,1116,272,248,273,345,405,516,265,200,229,295,351,600,1907,90,1817,마천로51길
2018,4,A,골목상권,1000941,3571,1709,1862,630,545,555,614,595,632,319,257,280,279,290,284,311,288,275,335,305,348,1332,380,952,동남로20길
2018,4,A,골목상권,1000940,3303,1666,1637,426,350,387,553,631,956,205,205,206,299,332,419,221,145,181,254,299,537,1655,0,1655,거마로20길
2018,4,A,골목상권,1000939,3038,1440,1598,624,356,582,615,347,514,378,158,228,275,169,232,246,198,354,340,178,282,1148,640,508,학동로77길
2018,4,A,골목상권,1000938,1604,734,870,133,343,427,272,164,265,73,150,196,127,75,113,60,193,231,145,89,152,987,0,987,학동로6길
2018,4,A,골목상권,1000937,1007,465,542,171,154,182,181,135,184,71,82,83,77,64,88,100,72,99,104,71,96,439,124,315,학동로56길
2018,4,A,골목상권,1000936,1519,705,814,166,297,413,250,162,231,74,135,200,130,71,95,92,162,213,120,91,136,842,102,740,학동로38길
2018,4,A,골목상권,1000935,415,202,213,35,67,95,53,52,113,26,33,47,27,22,47,9,34,48,26,30,66,226,0,226,테헤란로81길
2018,4,A,골목상권,1000934,3439,1654,1785,555,650,542,526,538,628,295,321,254,255,244,285,260,329,288,271,294,343,1566,0,1566,일원로9길
2018,4,A,골목상권,1000933,2386,1193,1193,446,387,362,390,366,435,246,204,184,183,174,202,200,183,178,207,192,233,1011,83,928,일원로3길
2018,4,A,골목상권,1000932,2065,1041,1024,302,305,247,348,350,513,178,182,123,154,176,228,124,123,124,194,174,285,1004,0,1004,영동대로65길
2018,4,A,골목상권,1000931,2663,1315,1348,466,381,457,487,390,482,278,205,220,214,178,220,188,176,237,273,212,262,1052,480,572,영동대로112길
2018,4,A,골목상권,1000930,3491,1735,1756,354,655,917,627,475,463,177,297,464,333,257,207,177,358,453,294,218,256,2051,180,1871,언주로81길
2018,4,A,골목상권,1000929,1001,467,534,149,155,224,189,121,163,81,67,95,94,60,70,68,88,129,95,61,93,497,64,433,압구정로2길
2018,4,A,골목상권,1000928,1733,865,868,272,229,220,275,315,422,145,128,119,123,161,189,127,101,101,152,154,233,740,35,705,선릉로18길
2018,4,A,골목상권,1000927,2058,912,1146,254,382,434,358,276,354,122,141,188,181,128,152,132,241,246,177,148,202,1117,0,1117,선릉로146길
2018,4,A,골목상권,1000926,1549,668,881,183,290,342,260,187,287,96,101,146,123,86,116,87,189,196,137,101,171,801,107,694,선릉로133길
2018,4,A,골목상권,1000925,2042,937,1105,400,311,372,370,278,311,209,123,150,172,143,140,191,188,222,198,135,171,844,120,724,선릉로132길
2018,4,A,골목상권,1000924,846,396,450,82,136,214,161,114,139,45,69,94,78,53,57,37,67,120,83,61,82,470,0,470,선릉로121길
2018,4,A,골목상권,1000923,2533,1236,1297,447,410,453,513,368,342,249,203,218,216,192,158,198,207,235,297,176,184,1183,237,946,삼성로75길
2018,4,A,골목상권,1000922,3460,1699,1761,680,591,523,724,489,453,401,294,260,317,233,194,279,297,263,407,256,259,1579,0,1579,삼성로69길
2018,4,A,골목상권,1000921,2924,1554,1370,820,349,162,814,498,281,543,191,74,348,269,129,277,158,88,466,229,152,934,718,216,삼성로64길
2018,4,A,골목상권,1000920,4355,2070,2285,773,755,631,889,758,549,437,358,297,377,362,239,336,397,334,512,396,310,2059,19,2040,삼성로63길
2018,4,A,골목상권,1000919,1730,904,826,506,216,102,447,308,151,317,104,47,188,177,71,189,112,55,259,131,80,522,394,128,삼성로57길
2018,4,A,골목상권,1000918,1246,554,692,173,253,269,188,162,201,85,113,105,92,77,82,88,140,164,96,85,119,651,26,625,삼성로147길
2018,4,A,골목상권,1000917,2821,1312,1509,548,380,595,558,320,420,312,191,239,247,150,173,236,189,356,311,170,247,1269,130,1139,삼성로115길
2018,4,A,골목상권,1000916,1490,697,793,156,255,419,283,145,232,85,116,177,146,78,95,71,139,242,137,67,137,883,0,883,봉은사로68길
2018,4,A,골목상권,1000915,1646,735,911,240,305,358,310,186,247,135,126,152,128,97,97,105,179,206,182,89,150,836,0,836,봉은사로57길
2018,4,A,골목상권,1000914,3259,1536,1723,500,474,708,594,404,579,263,227,322,275,192,257,237,247,386,319,212,322,1513,330,1183,봉은사로43길
2018,4,A,골목상권,1000913,1239,581,658,111,234,351,223,139,181,51,110,157,114,64,85,60,124,194,109,75,96,761,0,761,봉은사로29길
2018,4,A,골목상권,1000912,2173,1037,1136,416,300,343,369,324,421,210,159,153,172,150,193,206,141,190,197,174,228,806,146,660,봉은사로109길
2018,4,A,골목상권,1000911,1944,895,1049,281,316,351,347,307,342,155,136,168,154,134,148,126,180,183,193,173,194,842,165,677,도산대로89길
2018,4,A,골목상권,1000910,941,419,522,159,142,133,152,134,221,72,62,55,68,59,103,87,80,78,84,75,118,378,0,378,도산대로81길
2018,4,A,골목상권,1000909,2275,1052,1223,323,314,466,358,290,524,170,146,195,182,133,226,153,168,271,176,157,298,1013,396,617,도산대로50길
2018,4,A,골목상권,1000908,1051,484,567,91,203,315,169,110,163,50,87,149,90,43,65,41,116,166,79,67,98,661,0,661,도산대로38길
2018,4,A,골목상권,1000907,905,420,485,64,180,219,164,97,181,29,72,109,80,43,87,35,108,110,84,54,94,541,27,514,도산대로30길
2018,4,A,골목상권,1000906,1506,661,845,175,284,349,261,180,257,90,116,152,123,69,111,85,168,197,138,111,146,817,31,786,도산대로23길
2018,4,A,골목상권,1000905,694,309,385,79,143,154,119,73,126,34,53,72,54,36,60,45,90,82,65,37,66,375,0,375,도산대로15길
2018,4,A,골목상권,1000904,6062,2806,3256,750,1068,1396,1028,788,1032,371,472,642,484,376,461,379,596,754,544,412,571,3117,0,3117,도곡로37길
2018,4,A,골목상권,1000903,3622,1776,1846,584,544,631,628,602,633,307,279,327,293,296,274,277,265,304,335,306,359,1613,0,1613,논현로8길
2018,4,A,골목상권,1000902,2571,1243,1328,324,424,593,431,353,446,164,205,270,223,173,208,160,219,323,208,180,238,1277,222,1055,논현로63길
2018,4,A,골목상권,1000901,77,46,31,10,8,12,7,12,28,7,5,7,4,5,18,3,3,5,3,7,10,37,0,37,논현로28길
2018,4,A,골목상권,1000900,1247,570,677,133,210,194,208,206,296,68,99,79,102,88,134,65,111,115,106,118,162,655,0,655,논현로26길
2018,4,A,골목상권,1000899,423,186,237,54,68,100,67,54,80,27,25,43,32,23,36,27,43,57,35,31,44,206,0,206,논현로159길
2018,4,A,골목상권,1000898,1378,655,723,149,206,320,221,186,296,78,88,147,115,86,141,71,118,173,106,100,155,692,0,692,논현로139길
2018,4,A,골목상권,1000897,2084,990,1094,126,388,531,441,278,320,68,185,239,213,154,131,58,203,292,228,124,189,1504,0,1504,논현로123길
2018,4,A,골목상권,1000896,3224,1527,1697,245,720,897,483,385,494,106,333,419,260,185,224,139,387,478,223,200,270,1936,55,1881,논현로115길
2018,4,A,골목상권,1000895,1575,786,789,275,208,272,305,258,257,148,111,136,140,131,120,127,97,136,165,127,137,661,0,661,논현로10길
2018,4,A,골목상권,1000894,2107,924,1183,147,418,724,333,206,279,62,168,310,163,93,128,85,250,414,170,113,151,1353,0,1353,논현로106길
2018,4,A,골목상권,1000893,2859,1378,1481,621,337,483,575,416,427,298,171,241,275,203,190,323,166,242,300,213,237,1124,681,443,남부순환로365길
2018,4,A,골목상권,1000892,28,18,10,0,4,2,3,6,13,0,2,2,3,4,7,0,2,0,0,2,6,25,0,25,개포로82길
2018,4,A,골목상권,1000891,2068,994,1074,370,329,314,395,352,308,183,166,159,179,171,136,187,163,155,216,181,172,820,105,715,개포로28길
2018,4,A,골목상권,1000890,2405,1170,1235,331,409,452,379,415,419,162,195,235,203,179,196,169,214,217,176,236,223,1073,0,1073,개포로20길
2018,4,A,골목상권,1000889,3678,1792,1886,594,537,600,641,613,693,313,267,296,305,301,310,281,270,304,336,312,383,1590,81,1509,개포로17길
2018,4,A,골목상권,1000888,1863,846,1017,185,311,453,272,294,348,98,129,212,128,127,152,87,182,241,144,167,196,968,552,416,강남대로140길
2018,4,A,골목상권,1000887,1263,572,691,148,183,247,212,175,298,66,80,104,97,75,150,82,103,143,115,100,148,558,0,558,강남대로136길
2018,4,A,골목상권,1000886,1463,630,833,110,333,412,241,147,220,61,129,170,124,56,90,49,204,242,117,91,130,902,17,885,강남대로118길
2018,4,A,골목상권,1000885,2653,1312,1341,451,364,492,474,342,530,234,189,236,237,161,255,217,175,256,237,181,275,1115,143,972,서초중앙로8길
2018,4,A,골목상권,1000884,2768,1261,1507,564,392,350,510,481,471,242,180,151,223,243,222,322,212,199,287,238,249,1041,152,889,방배중앙로21길
2018,4,A,골목상권,1000883,2091,1023,1068,396,254,414,394,290,343,212,118,178,210,145,160,184,136,236,184,145,183,908,335,573,효령로72길
2018,4,A,골목상권,1000882,1562,747,815,266,198,285,253,241,319,146,95,135,118,114,139,120,103,150,135,127,180,618,300,318,효령로34길
2018,4,A,골목상권,1000881,1842,861,981,237,260,364,317,258,406,120,123,176,144,121,177,117,137,188,173,137,229,929,0,929,효령로31길
2018,4,A,골목상권,1000880,4664,2146,2518,710,786,893,771,653,851,380,350,404,350,289,373,330,436,489,421,364,478,2015,140,1875,효령로23길
2018,4,A,골목상권,1000879,3991,1881,2110,603,605,689,639,565,890,319,270,330,303,254,405,284,335,359,336,311,485,1807,0,1807,청두곶길
2018,4,A,골목상권,1000878,3994,1942,2052,218,925,1170,643,458,580,112,413,567,357,238,255,106,512,603,286,220,325,2725,0,2725,주흥길
2018,4,A,골목상권,1000877,2694,1241,1453,203,530,734,477,283,467,99,226,332,255,141,188,104,304,402,222,142,279,1711,0,1711,주흥15길
2018,4,A,골목상권,1000876,2091,1054,1037,275,335,459,359,316,347,142,170,231,188,159,164,133,165,228,171,157,183,980,0,980,언남길
2018,4,A,골목상권,1000875,2627,1270,1357,325,467,563,426,345,501,165,228,277,207,170,223,160,239,286,219,175,278,1360,87,1273,신반포로45길
2018,4,A,골목상권,1000874,1545,766,779,189,196,224,215,227,494,107,87,118,118,102,234,82,109,106,97,125,260,681,0,681,서초대로8길
2018,4,A,골목상권,1000873,1759,848,911,389,219,267,362,259,263,199,109,112,180,126,122,190,110,155,182,133,141,603,480,123,서초대로64길
2018,4,A,골목상권,1000872,3519,1586,1933,548,521,605,546,524,775,255,243,277,239,237,335,293,278,328,307,287,440,1504,117,1387,서초대로4길
2018,4,A,골목상권,1000871,1261,597,664,195,196,250,195,191,234,101,87,120,95,81,113,94,109,130,100,110,121,537,0,537,서초대로25길
2018,4,A,골목상권,1000870,2408,1149,1259,346,304,435,449,354,520,181,150,200,227,170,221,165,154,235,222,184,299,1185,116,1069,서초대로23길
2018,4,A,골목상권,1000869,2418,1099,1319,379,363,523,420,304,429,184,162,230,188,150,185,195,201,293,232,154,244,1139,0,1139,서초대로15길
2018,4,A,골목상권,1000868,1219,542,677,51,295,329,188,139,217,25,124,143,96,62,92,26,171,186,92,77,125,817,0,817,사평대로57길
2018,4,A,골목상권,1000867,173,71,102,24,40,17,24,24,44,10,17,7,8,9,20,14,23,10,16,15,24,74,0,74,사평대로26길
2018,4,A,골목상권,1000866,1568,713,855,325,199,229,311,231,273,174,86,95,134,103,121,151,113,134,177,128,152,600,83,517,사평대로22길
2018,4,A,골목상권,1000865,1089,536,553,160,194,217,160,155,203,84,103,111,83,68,87,76,91,106,77,87,116,554,38,516,사임당로17길
2018,4,A,골목상권,1000864,1130,528,602,275,135,158,224,159,179,132,73,75,107,67,74,143,62,83,117,92,105,427,0,427,방배로42길
2018,4,A,골목상권,1000863,1599,754,845,314,212,213,311,237,312,153,103,88,143,122,145,161,109,125,168,115,167,638,0,638,방배로35길
2018,4,A,골목상권,1000862,1646,762,884,204,290,409,236,201,306,115,117,194,108,82,146,89,173,215,128,119,160,830,0,830,방배로18길
2018,4,A,골목상권,1000861,1630,786,844,267,260,235,264,280,324,146,134,123,117,132,134,121,126,112,147,148,190,691,75,616,반포대로9길
2018,4,A,골목상권,1000860,2791,1339,1452,332,457,582,395,418,607,170,221,307,176,190,275,162,236,275,219,228,332,1312,77,1235,바우뫼로39길
2018,4,A,골목상권,1000859,1505,750,755,219,215,325,262,201,283,113,110,172,142,90,123,106,105,153,120,111,160,682,0,682,마방로2길
2018,4,A,골목상권,1000858,1197,528,669,166,215,232,191,175,218,81,70,102,104,66,105,85,145,130,87,109,113,598,0,598,방배천로4안길
2018,4,A,골목상권,1000857,2075,1047,1028,305,303,487,372,276,332,152,159,257,191,133,155,153,144,230,181,143,177,964,0,964,동산로19길
2018,4,A,골목상권,1000856,3519,1748,1771,552,517,723,567,536,624,304,259,366,285,254,280,248,258,357,282,282,344,1514,31,1483,동산로10길
2018,4,A,골목상권,1000855,1674,754,920,295,205,271,302,252,349,150,89,117,130,125,143,145,116,154,172,127,206,740,0,740,동광로39길
2018,4,A,골목상권,1000854,3406,1575,1831,601,515,556,647,544,543,298,245,269,284,249,230,303,270,287,363,295,313,1453,0,1453,동광로1길
2018,4,A,골목상권,1000853,1371,630,741,255,190,189,259,192,286,107,85,91,124,96,127,148,105,98,135,96,159,557,0,557,동광로12길
2018,4,A,골목상권,1000852,1813,866,947,168,275,378,346,265,381,87,142,180,166,125,166,81,133,198,180,140,215,1033,152,881,논현로27길
2018,4,A,골목상권,1000851,3209,1549,1660,535,455,671,593,494,461,263,226,338,286,242,194,272,229,333,307,252,267,1364,0,1364,논현로1길
2018,4,A,골목상권,1000850,1541,764,777,272,194,336,287,201,251,134,95,171,144,103,117,138,99,165,143,98,134,716,0,716,남부순환로339길
2018,4,A,골목상권,1000849,2444,1203,1241,339,369,342,388,440,566,184,188,168,185,219,259,155,181,174,203,221,307,1081,223,858,남부순환로325길
2018,4,A,골목상권,1000848,1741,848,893,349,269,273,310,266,274,190,135,125,149,119,130,159,134,148,161,147,144,669,98,571,남부순환로317길
2018,4,A,골목상권,1000847,1968,925,1043,425,218,308,352,267,398,216,103,139,165,127,175,209,115,169,187,140,223,716,48,668,고무래로8길
2018,4,A,골목상권,1000846,3665,1843,1822,469,618,856,552,520,650,237,314,450,288,245,309,232,304,406,264,275,341,1826,91,1735,강남대로8길
2018,4,A,골목상권,1000845,2613,1245,1368,262,442,679,343,367,520,134,203,364,159,166,219,128,239,315,184,201,301,1357,0,1357,강남대로34길
2018,4,A,골목상권,1000844,1101,545,556,126,176,252,151,152,244,70,83,123,86,62,121,56,93,129,65,90,123,537,0,537,강남대로23길
2018,4,A,골목상권,1000843,709,385,324,31,61,85,141,148,243,22,25,47,82,95,114,9,36,38,59,53,129,523,0,523,소담길
2018,4,A,골목상권,1000842,1352,684,668,154,153,193,188,255,409,77,74,116,110,128,179,77,79,77,78,127,230,660,155,505,원신길
2018,4,A,골목상권,1000841,1787,894,893,183,198,214,262,337,593,89,107,136,143,176,243,94,91,78,119,161,350,900,0,900,양지길
2018,4,A,골목상권,1000840,1578,809,769,126,274,301,252,239,386,65,147,182,146,106,163,61,127,119,106,133,223,901,284,617,양산길
2018,4,A,골목상권,1000839,2712,1682,1030,93,892,697,412,266,352,42,505,486,302,186,161,51,387,211,110,80,191,2211,0,2211,호암로24길
2018,4,A,골목상권,1000838,3095,1978,1117,145,966,726,495,345,418,80,587,510,386,209,206,65,379,216,109,136,212,2317,0,2317,호암로20길
2018,4,A,골목상권,1000837,4876,2395,2481,320,1594,1229,563,449,721,162,730,664,307,209,323,158,864,565,256,240,398,3312,0,3312,행운길
2018,4,A,골목상권,1000836,3312,1668,1644,276,758,635,394,438,811,150,349,341,212,233,383,126,409,294,182,205,428,2037,0,2037,행운1길
2018,4,A,골목상권,1000835,4202,2075,2127,513,526,568,620,703,1272,264,299,306,338,343,525,249,227,262,282,360,747,2091,382,1709,청림3길
2018,4,A,골목상권,1000834,3526,1673,1853,208,1296,757,353,351,561,103,531,412,189,160,278,105,765,345,164,191,283,2530,23,2507,청룡길
2018,4,A,골목상권,1000833,1945,939,1006,193,597,383,231,191,350,97,256,211,123,90,162,96,341,172,108,101,188,1224,0,1224,청룡8길
2018,4,A,골목상권,1000832,3241,1602,1639,305,760,605,432,397,742,160,366,320,238,207,311,145,394,285,194,190,431,1808,143,1665,중앙길
2018,4,A,골목상권,1000831,4364,2209,2155,492,755,748,633,742,994,259,343,422,332,387,466,233,412,326,301,355,528,2389,47,2342,조원중앙로2길
2018,4,A,골목상권,1000830,1778,888,890,135,508,412,216,193,314,69,220,233,128,94,144,66,288,179,88,99,170,1158,0,1158,조원로18길
2018,4,A,골목상권,1000829,1754,907,847,160,295,331,249,291,428,87,134,182,144,159,201,73,161,149,105,132,227,1004,0,1004,조원로10길
2018,4,A,골목상권,1000828,1757,873,884,144,465,380,207,182,379,76,215,208,119,89,166,68,250,172,88,93,213,1094,0,1094,장군봉2길
2018,4,A,골목상권,1000827,857,403,454,86,134,133,96,131,277,49,55,64,53,67,115,37,79,69,43,64,162,525,30,495,장군봉1길
2018,4,A,골목상권,1000826,3008,1435,1573,358,492,563,481,442,672,175,237,278,238,215,292,183,255,285,243,227,380,1409,0,1409,인헌길
2018,4,A,골목상권,1000825,1485,726,759,278,170,258,255,203,321,134,92,125,138,103,134,144,78,133,117,100,187,578,0,578,은천로25길
2018,4,A,골목상권,1000824,4600,2233,2367,358,1190,898,526,610,1018,198,510,482,282,294,467,160,680,416,244,316,551,2698,80,2618,양녕로6길
2018,4,A,골목상권,1000823,2830,1390,1440,207,630,531,351,388,723,98,291,315,204,170,312,109,339,216,147,218,411,1742,0,1742,신원로3길
2018,4,A,골목상권,1000822,1872,952,920,143,494,410,253,207,365,85,227,225,132,111,172,58,267,185,121,96,193,1201,0,1201,신사로20길
2018,4,A,골목상권,1000821,1967,941,1026,56,899,509,178,137,188,28,395,277,91,69,81,28,504,232,87,68,107,1574,0,1574,신림로65길
2018,4,A,골목상권,1000820,1651,887,764,56,620,466,189,154,166,35,276,269,120,100,87,21,344,197,69,54,79,1351,0,1351,신림로64길
2018,4,A,골목상권,1000819,2604,1367,1237,211,674,536,328,386,469,117,350,329,179,181,211,94,324,207,149,205,258,1504,0,1504,신림로48길
2018,4,A,골목상권,1000818,2009,1048,961,187,463,376,287,285,411,100,243,215,170,137,183,87,220,161,117,148,228,1141,0,1141,신림로38길
2018,4,A,골목상권,1000817,2973,1751,1222,244,825,666,428,358,452,131,468,443,275,216,218,113,357,223,153,142,234,2020,56,1964,신림로28길
2018,4,A,골목상권,1000816,4647,2745,1902,335,1310,984,643,607,768,169,775,660,429,355,357,166,535,324,214,252,411,3135,0,3135,신림로11길
2018,4,A,골목상권,1000815,4207,2164,2043,134,1607,1235,494,298,439,65,761,684,301,164,189,69,846,551,193,134,250,3412,0,3412,신림동길
2018,4,A,골목상권,1000814,3158,1503,1655,218,860,864,322,402,492,110,362,455,165,163,248,108,498,409,157,239,244,1849,20,1829,승방길
2018,4,A,골목상권,1000813,4104,2699,1405,220,1467,1036,544,347,490,130,963,737,410,230,229,90,504,299,134,117,261,3181,0,3181,서림7길
2018,4,A,골목상권,1000812,3995,1966,2029,422,745,740,556,544,988,221,352,389,307,258,439,201,393,351,249,286,549,2115,454,1661,봉천로33길
2018,4,A,골목상권,1000811,3807,1892,1915,513,706,638,534,525,891,285,360,341,270,249,387,228,346,297,264,276,504,1830,0,1830,봉천로13길
2018,4,A,골목상권,1000810,4138,2249,1889,394,1011,819,566,555,793,198,557,511,329,289,365,196,454,308,237,266,428,2428,0,2428,복은길
2018,4,A,골목상권,1000809,1325,638,687,196,204,163,205,246,311,96,98,93,98,115,138,100,106,70,107,131,173,601,0,601,법원단지길
2018,4,A,골목상권,1000808,5210,2605,2605,764,810,673,841,951,1171,415,424,356,423,447,540,349,386,317,418,504,631,2139,0,2139,법원단지9길
2018,4,A,골목상권,1000807,4365,2147,2218,608,685,609,670,773,1020,310,337,324,337,363,476,298,348,285,333,410,544,1896,264,1632,미성5길
2018,4,A,골목상권,1000806,1773,1108,665,102,589,360,259,185,278,49,373,252,189,121,124,53,216,108,70,64,154,1317,0,1317,대학길
2018,4,A,골목상권,1000805,2996,2075,921,176,876,602,537,396,409,94,590,445,413,307,226,82,286,157,124,89,183,2356,0,2356,대학14길
2018,4,A,골목상권,1000804,1818,881,937,189,351,288,290,282,418,95,156,159,135,139,197,94,195,129,155,143,221,1000,0,1000,당곡길
2018,4,A,골목상권,1000803,1976,922,1054,240,396,390,269,261,420,111,178,200,126,118,189,129,218,190,143,143,231,968,152,816,남현길
2018,4,A,골목상권,1000802,1610,750,860,113,376,415,198,193,315,56,161,203,100,86,144,57,215,212,98,107,171,998,26,972,남현3길
2018,4,A,골목상권,1000801,2797,1324,1473,241,612,638,350,385,571,126,259,336,188,165,250,115,353,302,162,220,321,1521,0,1521,남현2길
2018,4,A,골목상권,1000800,1646,769,877,159,373,298,228,226,362,76,172,143,114,109,155,83,201,155,114,117,207,899,44,855,남부순환로248길
2018,4,A,골목상권,1000799,1832,920,912,170,458,384,250,188,382,82,232,211,134,89,172,88,226,173,116,99,210,1148,24,1124,남부순환로234길
2018,4,A,골목상권,1000798,2670,1327,1343,288,625,459,388,400,510,144,313,252,188,192,238,144,312,207,200,208,272,1418,153,1265,남부순환로172길
2018,4,A,골목상권,1000797,3899,1968,1931,428,813,673,582,657,746,227,400,378,290,335,338,201,413,295,292,322,408,2063,0,2063,남부순환로161길
2018,4,A,골목상권,1000796,3382,1677,1705,336,804,653,494,481,614,176,380,360,251,224,286,160,424,293,243,257,328,1868,0,1868,남부순환로151길
2018,4,A,골목상권,1000795,3445,1702,1743,402,672,692,485,507,687,187,315,384,258,254,304,215,357,308,227,253,383,1838,274,1564,남부순환로142길
2018,4,A,골목상권,1000794,2621,1375,1246,302,309,269,452,441,848,156,174,157,247,239,402,146,135,112,205,202,446,1351,0,1351,난향길
2018,4,A,골목상권,1000793,2409,1190,1219,394,322,322,384,408,579,188,162,171,192,206,271,206,160,151,192,202,308,1033,0,1033,난우길
2018,4,A,골목상권,1000792,1853,871,982,146,485,397,232,221,372,78,198,210,117,101,167,68,287,187,115,120,205,1170,0,1170,난곡로74길
2018,4,A,골목상권,1000791,2567,1303,1264,334,376,396,387,495,579,187,186,207,206,244,273,147,190,189,181,251,306,1140,0,1140,난곡로34길
2018,4,A,골목상권,1000790,3307,1680,1627,378,506,401,509,646,867,198,253,242,281,325,381,180,253,159,228,321,486,1644,0,1644,난곡로26길
2018,4,A,골목상권,1000789,2463,1296,1167,304,285,323,375,427,749,161,171,179,215,224,346,143,114,144,160,203,403,1159,0,1159,난곡로24길
2018,4,A,골목상권,1000788,5278,2608,2670,523,1592,1218,664,491,790,250,741,666,362,232,357,273,851,552,302,259,433,3333,0,3333,낙성대역길
2018,4,A,골목상권,1000787,5533,2762,2771,817,760,880,905,882,1289,418,403,466,484,405,586,399,357,414,421,477,703,2363,0,2363,국회단지길
2018,4,A,골목상권,1000786,2935,1465,1470,430,316,304,514,480,891,228,164,153,280,240,400,202,152,151,234,240,491,1402,0,1402,구암길
2018,4,A,골목상권,1000785,4339,2127,2212,386,1119,962,549,494,829,180,556,503,296,225,367,206,563,459,253,269,462,2550,0,2550,관천로22길
2018,4,A,골목상권,1000784,4588,2312,2276,549,991,814,677,694,863,280,490,463,360,326,393,269,501,351,317,368,470,2398,0,2398,관천로15길
2018,4,A,골목상권,1000783,2739,1365,1374,440,407,432,420,420,620,220,220,223,205,212,285,220,187,209,215,208,335,1019,290,729,관악로30길
2018,4,A,골목상권,1000782,3096,1532,1564,500,434,453,505,505,699,254,228,225,253,243,329,246,206,228,252,262,370,1116,163,953,관악로28길
2018,4,A,골목상권,1000781,1415,670,745,104,545,283,138,116,229,53,241,143,74,61,98,51,304,140,64,55,131,980,0,980,관악로14길
2018,4,A,골목상권,1000780,4471,2220,2251,505,1331,875,581,469,710,258,612,502,316,222,310,247,719,373,265,247,400,2650,120,2530,관악로10길
2018,4,A,골목상권,1000779,2030,1033,997,195,647,302,228,248,410,101,372,159,114,116,171,94,275,143,114,132,239,1198,230,968,흑석로9길
2018,4,A,골목상권,1000778,655,331,324,77,150,96,82,108,142,33,75,64,42,55,62,44,75,32,40,53,80,329,0,329,흑석로13길
2018,4,A,골목상권,1000777,2335,1233,1102,162,462,364,300,412,635,96,252,221,179,205,280,66,210,143,121,207,355,1386,0,1386,장승배기로27길
2018,4,A,골목상권,1000776,2448,1242,1206,193,344,346,326,470,769,95,178,205,173,245,346,98,166,141,153,225,423,1324,0,1324,장승배기로19길
2018,4,A,골목상권,1000775,383,206,177,36,75,44,54,73,101,19,41,29,25,41,51,17,34,15,29,32,50,212,22,190,장승배기로10길
2018,4,A,골목상권,1000774,2872,1334,1538,686,436,369,625,397,359,291,188,181,303,209,162,395,248,188,322,188,197,1117,171,946,여의대방로46길
2018,4,A,골목상권,1000773,2873,1347,1526,391,520,553,467,407,535,194,223,265,219,202,244,197,297,288,248,205,291,1447,71,1376,여의대방로24길
2018,4,A,골목상권,1000772,3185,1556,1629,354,754,602,460,426,589,191,342,311,217,219,276,163,412,291,243,207,313,1721,0,1721,여의대방로22카길
2018,4,A,골목상권,1000771,2494,1200,1294,377,350,430,417,367,553,195,169,208,211,181,236,182,181,222,206,186,317,1099,198,901,여의대방로22나길
2018,4,A,골목상권,1000770,2387,1170,1217,280,468,468,360,352,459,153,217,241,187,167,205,127,251,227,173,185,254,1262,177,1085,여의대방로22길
2018,4,A,골목상권,1000769,1926,934,992,320,264,297,328,313,404,172,123,147,164,143,185,148,141,150,164,170,219,769,142,627,양녕로26길
2018,4,A,골목상권,1000768,3860,1858,2002,428,560,567,603,657,1045,224,277,296,285,327,449,204,283,271,318,330,596,2197,0,2197,신대방길
2018,4,A,골목상권,1000767,2051,988,1063,266,341,325,330,311,478,139,180,162,166,151,190,127,161,163,164,160,288,975,0,975,성대로29길
2018,4,A,골목상권,1000766,1125,554,571,95,247,250,127,174,232,46,115,121,69,99,104,49,132,129,58,75,128,713,0,713,성대로1길
2018,4,A,골목상권,1000765,630,305,325,68,106,61,85,111,199,31,57,33,44,61,79,37,49,28,41,50,120,333,0,333,서달로8가길
2018,4,A,골목상권,1000764,363,191,172,31,54,53,43,57,125,14,30,32,30,31,54,17,24,21,13,26,71,228,0,228,서달로15길
2018,4,A,골목상권,1000763,380,176,204,37,65,47,36,77,118,16,33,22,22,35,48,21,32,25,14,42,70,200,0,200,서달로14길
2018,4,A,골목상권,1000762,1747,829,918,183,273,237,251,310,493,93,133,118,137,152,196,90,140,119,114,158,297,866,0,866,서달로10길
2018,4,A,골목상권,1000761,2947,1430,1517,363,909,561,376,288,450,178,446,267,192,141,206,185,463,294,184,147,244,1702,130,1572,상도로62길
2018,4,A,골목상권,1000760,2305,1191,1114,234,724,385,278,267,417,121,421,200,140,117,192,113,303,185,138,150,225,1287,274,1013,상도로61길
2018,4,A,골목상권,1000759,3944,1988,1956,488,1231,559,485,440,741,242,710,286,228,198,324,246,521,273,257,242,417,2157,49,2108,상도로47길
2018,4,A,골목상권,1000758,1330,639,691,176,362,241,160,146,245,81,175,127,84,66,106,95,187,114,76,80,139,713,0,713,상도로37길
2018,4,A,골목상권,1000757,3901,1890,2011,356,881,804,504,548,808,175,431,412,259,268,345,181,450,392,245,280,463,2191,0,2191,상도로15길
2018,4,A,골목상권,1000756,2608,1233,1375,258,488,514,378,397,573,134,222,261,192,185,239,124,266,253,186,212,334,1295,0,1295,사당로8길
2018,4,A,골목상권,1000755,1022,484,538,60,231,247,131,115,238,39,107,122,73,46,97,21,124,125,58,69,141,628,0,628,사당로30길
2018,4,A,골목상권,1000754,3211,1554,1657,471,505,553,518,465,699,261,232,276,254,213,318,210,273,277,264,252,381,1531,230,1301,사당로2차길
2018,4,A,골목상권,1000753,2570,1227,1343,239,508,453,350,441,579,115,255,223,173,218,243,124,253,230,177,223,336,1363,0,1363,사당로29길
2018,4,A,골목상권,1000752,2886,1392,1494,274,630,638,343,391,610,146,298,334,159,184,271,128,332,304,184,207,339,1600,0,1600,사당로26길
2018,4,A,골목상권,1000751,1000,497,503,113,143,145,157,165,277,59,72,82,86,78,120,54,71,63,71,87,157,476,0,476,사당로23나길
2018,4,A,골목상권,1000750,1509,721,788,307,178,281,242,224,277,162,74,126,125,107,127,145,104,155,117,117,150,512,503,9,사당로23길
2018,4,A,골목상권,1000749,2722,1296,1426,258,575,563,377,367,582,122,267,301,194,158,254,136,308,262,183,209,328,1476,0,1476,사당로20길
2018,4,A,골목상권,1000748,3461,1649,1812,378,499,584,552,490,958,182,237,307,293,221,409,196,262,277,259,269,549,1703,68,1635,사당로16길
2018,4,A,골목상권,1000747,2263,1079,1184,237,475,404,318,310,519,113,214,208,168,147,229,124,261,196,150,163,290,1140,0,1140,사당로16가길
2018,4,A,골목상권,1000746,3617,1847,1770,520,711,639,463,486,798,270,405,368,240,208,356,250,306,271,223,278,442,1719,593,1126,만양로8길
2018,4,A,골목상권,1000745,921,559,362,38,379,201,87,70,146,22,247,141,63,32,54,16,132,60,24,38,92,711,0,711,만양로14길
2018,4,A,골목상권,1000744,1918,967,951,195,332,325,245,328,493,105,181,176,131,160,214,90,151,149,114,168,279,1008,133,875,등용로14길
2018,4,A,골목상권,1000743,3443,1644,1799,216,893,745,384,474,731,117,389,364,208,227,339,99,504,381,176,247,392,2078,64,2014,동작대로7길
2018,4,A,골목상권,1000742,2600,1304,1296,315,344,433,391,418,699,170,177,234,208,197,318,145,167,199,183,221,381,1149,24,1125,동작대로35길
2018,4,A,골목상권,1000741,2635,1255,1380,229,422,456,387,394,747,125,203,227,190,170,340,104,219,229,197,224,407,1427,18,1409,동작대로33길
2018,4,A,골목상권,1000740,860,427,433,98,144,136,106,128,248,52,80,71,53,58,113,46,64,65,53,70,135,350,148,202,동작대로29길
2018,4,A,골목상권,1000739,2411,1122,1289,177,471,505,343,336,579,89,199,223,182,153,276,88,272,282,161,183,303,1492,0,1492,동작대로17길
2018,4,A,골목상권,1000738,3564,1596,1968,476,847,672,520,469,580,257,336,281,249,213,260,219,511,391,271,256,320,1805,0,1805,대방동2길
2018,4,A,골목상권,1000737,4113,2061,2052,749,746,692,757,564,605,409,360,354,376,293,269,340,386,338,381,271,336,1902,0,1902,대방동27길
2018,4,A,골목상권,1000736,3231,1625,1606,311,547,442,445,676,810,163,273,257,238,324,370,148,274,185,207,352,440,1619,18,1601,노량진로6길
2018,4,A,골목상권,1000735,3937,1880,2057,511,716,792,552,522,844,249,326,410,292,241,362,262,390,382,260,281,482,1993,0,1993,국사봉길
2018,4,A,골목상권,1000734,1413,632,781,140,366,324,194,151,238,79,137,145,84,77,110,61,229,179,110,74,128,828,0,828,국사봉2길
2018,4,A,골목상권,1000733,3340,1573,1767,321,591,624,503,505,796,158,263,322,247,234,349,163,328,302,256,271,447,1851,0,1851,국사봉1길
2018,4,A,골목상권,1000732,2590,1342,1248,219,339,442,347,502,741,109,191,236,184,257,365,110,148,206,163,245,376,1456,69,1387,영신로9길
2018,4,A,골목상권,1000731,2665,1348,1317,191,570,496,394,405,609,95,259,285,215,220,274,96,311,211,179,185,335,1740,14,1726,영등포로84길
2018,4,A,골목상권,1000730,2232,1160,1072,209,377,353,324,382,587,117,185,212,183,210,253,92,192,141,141,172,334,1270,0,1270,영등포로80길
2018,4,A,골목상권,1000729,1623,849,774,134,266,341,236,240,406,62,147,198,135,120,187,72,119,143,101,120,219,955,21,934,영등포로62길
2018,4,A,골목상권,1000728,1332,764,568,76,323,285,167,197,284,40,159,169,107,128,161,36,164,116,60,69,123,957,0,957,영등포로35길
2018,4,A,골목상권,1000727,1825,1003,822,147,327,373,254,299,425,74,165,233,152,173,206,73,162,140,102,126,219,1120,0,1120,영등포로27길
2018,4,A,골목상권,1000726,1829,930,899,131,394,370,229,283,422,63,191,201,138,144,193,68,203,169,91,139,229,1125,0,1125,영등포로25길
2018,4,A,골목상권,1000725,2311,1165,1146,219,324,444,362,376,586,104,160,259,182,200,260,115,164,185,180,176,326,1248,411,837,여의대방로61길
2018,4,A,골목상권,1000724,3542,1773,1769,436,514,519,530,641,902,241,264,280,272,313,403,195,250,239,258,328,499,1643,746,897,여의대방로43나길
2018,4,A,골목상권,1000723,371,173,198,28,74,64,43,61,101,15,29,30,21,31,47,13,45,34,22,30,54,222,0,222,여의대방로39길
2018,4,A,골목상권,1000722,1533,795,738,173,242,218,241,243,416,90,123,119,130,128,205,83,119,99,111,115,211,766,0,766,여의대방로35길
2018,4,A,골목상권,1000721,4135,2106,2029,593,690,1103,610,509,630,310,323,602,315,250,306,283,367,501,295,259,324,1877,631,1246,양평로28길
2018,4,A,골목상권,1000720,1552,760,792,204,265,486,245,154,198,117,98,257,133,75,80,87,167,229,112,79,118,825,165,660,양평로22라길
2018,4,A,골목상권,1000719,3234,1627,1607,567,466,620,530,455,596,297,229,324,278,230,269,270,237,296,252,225,327,1251,626,625,양평로19길
2018,4,A,골목상권,1000718,2997,1487,1510,318,364,403,449,532,931,166,173,216,231,275,426,152,191,187,218,257,505,1474,0,1474,신길로60길
2018,4,A,골목상권,1000717,2737,1382,1355,297,366,304,418,536,816,152,192,175,227,278,358,145,174,129,191,258,458,1292,80,1212,신길로42길
2018,4,A,골목상권,1000716,3964,1929,2035,503,539,445,642,732,1103,265,280,243,320,348,473,238,259,202,322,384,630,1902,250,1652,신길로42가길
2018,4,A,골목상권,1000715,1984,1008,976,236,257,213,318,396,564,125,147,119,167,201,249,111,110,94,151,195,315,1060,0,1060,신길로39길
2018,4,A,골목상권,1000714,2428,1173,1255,211,383,315,344,458,717,106,210,176,162,213,306,105,173,139,182,245,411,1263,0,1263,신길로17길
2018,4,A,골목상권,1000713,982,506,476,130,117,158,150,150,277,73,60,87,87,70,129,57,57,71,63,80,148,442,0,442,선유서로28길
2018,4,A,골목상권,1000712,3395,1761,1634,385,556,817,519,457,661,202,271,450,293,251,294,183,285,367,226,206,367,1810,591,1219,선유서로25길
2018,4,A,골목상권,1000711,1294,670,624,114,134,148,175,237,486,58,87,93,101,127,204,56,47,55,74,110,282,735,0,735,선유서로24길
2018,4,A,골목상권,1000710,2921,1438,1483,208,719,756,357,354,527,107,282,400,193,206,250,101,437,356,164,148,277,1881,20,1861,선유로55길
2018,4,A,골목상권,1000709,81,74,7,61,4,4,5,2,5,60,3,3,4,0,4,1,1,1,1,2,1,13,0,13,디지털로74길
2018,4,A,골목상권,1000708,1463,703,760,133,143,165,256,276,490,73,72,80,125,146,207,60,71,85,131,130,283,868,0,868,디지털로57길
2018,4,A,골목상권,1000707,1343,649,694,141,121,128,218,244,491,72,65,63,105,123,221,69,56,65,113,121,270,725,0,725,디지털로37길
2018,4,A,골목상권,1000706,1876,927,949,231,278,270,288,291,518,115,154,148,141,136,233,116,124,122,147,155,285,910,0,910,도신로62길
2018,4,A,골목상권,1000705,800,408,392,87,118,108,108,131,248,46,65,60,57,61,119,41,53,48,51,70,129,433,0,433,도신로60길
2018,4,A,골목상권,1000704,1619,818,801,205,217,243,265,292,397,118,109,132,129,154,176,87,108,111,136,138,221,748,84,664,도신로29길
2018,4,A,골목상권,1000703,3610,1795,1815,332,680,728,514,567,789,180,304,379,275,290,367,152,376,349,239,277,422,1865,12,1853,도신로15길
2018,4,A,골목상권,1000702,2485,1224,1261,244,434,466,338,403,600,107,216,259,163,197,282,137,218,207,175,206,318,1362,0,1362,도림천로21길
2018,4,A,골목상권,1000701,602,306,296,89,76,80,98,115,144,39,43,44,50,58,72,50,33,36,48,57,72,270,0,270,도림로63길
2018,4,A,골목상권,1000700,341,187,154,15,42,50,34,58,142,9,25,23,26,34,70,6,17,27,8,24,72,203,0,203,도림로147길
2018,4,A,골목상권,1000699,2249,1171,1078,233,271,307,355,431,652,127,150,165,195,236,298,106,121,142,160,195,354,1134,0,1134,도림로112길
2018,4,A,골목상권,1000698,3025,1503,1522,299,492,388,464,496,886,159,235,212,234,258,405,140,257,176,230,238,481,1630,0,1630,대림로8길
2018,4,A,골목상권,1000697,1057,512,545,100,140,130,149,211,327,53,61,76,68,104,150,47,79,54,81,107,177,566,0,566,대림로7길
2018,4,A,골목상권,1000696,2339,1224,1115,338,341,292,402,473,493,185,187,161,206,251,234,153,154,131,196,222,259,1017,58,959,대림로44길
2018,4,A,골목상권,1000695,2843,1458,1385,418,404,320,451,560,690,221,216,184,224,285,328,197,188,136,227,275,362,1214,134,1080,대림로34길
2018,4,A,골목상권,1000694,2369,1214,1155,242,282,317,421,467,640,133,130,175,233,250,293,109,152,142,188,217,347,1262,172,1090,대림로31길
2018,4,A,골목상권,1000693,1876,974,902,156,243,257,310,358,552,82,130,148,169,200,245,74,113,109,141,158,307,1137,0,1137,대림로29길
2018,4,A,골목상권,1000692,4346,2194,2152,522,626,482,676,846,1194,274,336,261,336,440,547,248,290,221,340,406,647,1939,791,1148,대림로22길
2018,4,A,골목상권,1000691,2217,1111,1106,143,580,510,261,288,435,70,261,288,140,153,199,73,319,222,121,135,236,1374,0,1374,당산로46길
2018,4,A,골목상권,1000690,1801,818,983,134,603,491,196,175,202,57,231,272,93,75,90,77,372,219,103,100,112,1253,0,1253,당산로38길
2018,4,A,골목상권,1000689,1331,628,703,130,177,244,183,214,383,62,78,118,100,116,154,68,99,126,83,98,229,786,587,199,당산로37길
2018,4,A,골목상권,1000688,981,503,478,99,196,236,130,129,191,57,91,120,72,71,92,42,105,116,58,58,99,571,95,476,당산로31길
2018,4,A,골목상권,1000687,2712,1612,1100,108,839,947,298,212,308,53,431,632,200,139,157,55,408,315,98,73,151,2129,270,1859,국회대로56길
2018,4,A,골목상권,1000686,141,108,33,1,7,8,19,37,69,0,4,5,18,30,51,1,3,3,1,7,18,126,0,126,경인로90길
2018,4,A,골목상권,1000685,152,88,64,6,11,25,24,28,58,2,8,19,18,16,25,4,3,6,6,12,33,74,0,74,경인로80길
2018,4,A,골목상권,1000684,269,163,106,7,48,47,28,52,87,3,32,30,20,34,44,4,16,17,8,18,43,198,0,198,경인로77길
2018,4,A,골목상권,1000683,1912,971,941,218,275,207,292,377,543,118,147,114,152,196,244,100,128,93,140,181,299,896,0,896,가마산로61길
2018,4,A,골목상권,1000682,3748,1915,1833,459,598,567,539,733,852,230,324,323,261,367,410,229,274,244,278,366,442,1825,19,1806,시흥대로94길
2018,4,A,골목상권,1000681,5951,3031,2920,717,908,828,867,1225,1406,399,483,445,438,599,667,318,425,383,429,626,739,2696,68,2628,시흥대로84길
2018,4,A,골목상권,1000680,2653,1364,1289,313,374,341,405,525,695,172,201,197,216,263,315,141,173,144,189,262,380,1288,0,1288,시흥대로68길
2018,4,A,골목상권,1000679,1584,783,801,176,219,273,239,296,381,84,111,141,125,141,181,92,108,132,114,155,200,801,390,411,시흥대로63길
2018,4,A,골목상권,1000678,3026,1521,1505,374,411,386,471,611,773,196,231,212,240,300,342,178,180,174,231,311,431,1456,0,1456,시흥대로62가길
2018,4,A,골목상권,1000677,1984,1017,967,280,253,299,299,368,485,141,134,169,165,188,220,139,119,130,134,180,265,841,71,770,시흥대로36길
2018,4,A,골목상권,1000676,3530,1762,1768,503,477,509,521,598,922,251,250,285,270,286,420,252,227,224,251,312,502,1347,205,1142,시흥대로22길
2018,4,A,골목상권,1000675,1824,1020,804,144,418,407,209,303,343,76,233,250,121,164,176,68,185,157,88,139,167,1154,66,1088,시흥대로153길
2018,4,A,골목상권,1000674,4814,2437,2377,574,731,777,701,866,1165,297,372,423,355,444,546,277,359,354,346,422,619,2229,344,1885,시흥대로150길
2018,4,A,골목상권,1000673,2252,1241,1011,148,533,427,288,398,458,70,267,255,171,235,243,78,266,172,117,163,215,1536,0,1536,시흥대로141길
2018,4,A,골목상권,1000672,576,310,266,61,55,78,86,118,178,35,35,49,41,60,90,26,20,29,45,58,88,298,25,273,시흥대로138길
2018,4,A,골목상권,1000671,3305,1662,1643,371,512,447,485,698,792,195,258,239,247,357,366,176,254,208,238,341,426,1552,34,1518,시흥대로120길
2018,4,A,골목상권,1000670,1055,573,482,73,152,176,150,209,295,41,83,106,86,118,139,32,69,70,64,91,156,649,0,649,벚꽃로56길
2018,4,A,골목상권,1000669,1258,674,584,118,229,270,211,193,237,62,115,164,118,101,114,56,114,106,93,92,123,688,190,498,범안로17길
2018,4,A,골목상권,1000668,1269,724,545,73,392,425,157,104,118,31,203,266,101,61,62,42,189,159,56,43,56,970,154,816,범안로11길
2018,4,A,골목상권,1000667,3269,1649,1620,333,519,506,488,622,801,160,262,282,267,297,381,173,257,224,221,325,420,1632,53,1579,문성로5길
2018,4,A,골목상권,1000666,649,318,331,80,89,86,107,140,147,35,53,46,55,69,60,45,36,40,52,71,87,307,0,307,독산로85길
2018,4,A,골목상권,1000665,3279,1656,1623,426,479,410,493,648,823,212,259,226,244,327,388,214,220,184,249,321,435,1472,56,1416,독산로78다길
2018,4,A,골목상권,1000664,2598,1316,1282,261,317,300,450,601,669,128,159,168,221,338,302,133,158,132,229,263,367,1452,0,1452,독산로70길
2018,4,A,골목상권,1000663,2243,1139,1104,263,317,281,350,489,543,135,177,149,184,252,242,128,140,132,166,237,301,1057,0,1057,독산로64길
2018,4,A,골목상권,1000662,2130,1070,1060,323,315,278,317,384,513,173,165,141,156,185,250,150,150,137,161,199,263,760,246,514,독산로50길
2018,4,A,골목상권,1000661,2632,1302,1330,393,321,385,408,486,639,191,180,209,207,224,291,202,141,176,201,262,348,1149,69,1080,독산로40길
2018,4,A,골목상권,1000660,1910,988,922,190,322,300,305,392,401,101,156,182,148,210,191,89,166,118,157,182,210,1012,12,1000,독산로108길
2018,4,A,골목상권,1000659,2288,1372,916,96,694,499,290,355,354,42,377,331,199,219,204,54,317,168,91,136,150,1748,0,1748,남부순환로112길
2018,4,A,골목상권,1000658,4338,2190,2148,574,576,463,696,828,1201,287,318,257,361,430,537,287,258,206,335,398,664,2010,0,2010,금하로24길
2018,4,A,골목상권,1000657,1965,991,974,272,273,245,345,360,470,133,138,147,171,184,218,139,135,98,174,176,252,956,0,956,금하로1길
2018,4,A,골목상권,1000656,1753,865,888,215,264,249,262,311,452,97,131,139,129,157,212,118,133,110,133,154,240,836,123,713,금하로14길
2018,4,A,골목상권,1000655,3281,1909,1372,275,846,886,422,391,461,148,460,564,265,230,242,127,386,322,157,161,219,2154,214,1940,가산로5길
2018,4,A,골목상권,1000654,1060,668,392,62,287,322,146,133,110,27,168,227,108,82,56,35,119,95,38,51,54,776,0,776,가산로3길
2018,4,A,골목상권,1000653,1102,568,534,156,184,168,159,180,255,88,99,87,88,88,118,68,85,81,71,92,137,461,181,280,중앙로1길
2018,4,A,골목상권,1000652,1606,819,787,241,211,251,224,263,416,123,124,132,131,123,186,118,87,119,93,140,230,643,98,545,중앙로15길
2018,4,A,골목상권,1000651,830,469,361,50,102,67,105,242,264,24,57,37,67,141,143,26,45,30,38,101,121,514,0,514,우마길
2018,4,A,골목상권,1000650,2099,1053,1046,257,281,261,293,332,675,142,151,155,152,171,282,115,130,106,141,161,393,1065,0,1065,오류로8길
2018,4,A,골목상권,1000649,517,258,259,50,64,54,72,107,170,15,37,26,41,57,82,35,27,28,31,50,88,259,0,259,신도림로13길
2018,4,A,골목상권,1000648,2823,1373,1450,358,436,608,374,402,645,184,200,299,190,191,309,174,236,309,184,211,336,1324,305,1019,새말로18길
2018,4,A,골목상권,1000647,1428,716,712,188,166,266,219,206,383,110,76,126,126,103,175,78,90,140,93,103,208,601,64,537,부일로1길
2018,4,A,골목상권,1000646,1686,825,861,265,225,223,301,262,410,130,117,105,162,130,181,135,108,118,139,132,229,734,9,725,부일로15길
2018,4,A,골목상권,1000645,2639,1349,1290,411,374,333,433,474,614,234,211,176,201,229,298,177,163,157,232,245,316,1067,0,1067,부일로11길
2018,4,A,골목상권,1000644,1500,822,678,40,482,527,207,131,113,19,203,323,129,85,63,21,279,204,78,46,50,1293,0,1293,디지털로32길
2018,4,A,골목상권,1000643,4723,2583,2140,107,1823,1708,499,266,320,54,850,1026,331,161,161,53,973,682,168,105,159,4074,94,3980,디지털로32가길
2018,4,A,골목상권,1000642,1190,637,553,128,108,140,191,231,392,59,57,81,113,141,186,69,51,59,78,90,206,629,0,629,디지털로27길
2018,4,A,골목상권,1000641,1410,727,683,154,166,170,218,281,421,79,91,99,128,148,182,75,75,71,90,133,239,701,0,701,도림로6길
2018,4,A,골목상권,1000640,2165,1027,1138,279,258,287,344,379,618,141,133,142,175,177,259,138,125,145,169,202,359,971,0,971,도림로12길
2018,4,A,골목상권,1000639,1287,608,679,206,126,220,175,163,397,95,64,110,87,60,192,111,62,110,88,103,205,480,448,32,남부순환로97길
2018,4,A,골목상권,1000638,2694,1307,1387,274,311,345,392,530,842,137,155,173,198,246,398,137,156,172,194,284,444,1282,0,1282,구로중앙로8길
2018,4,A,골목상권,1000637,673,350,323,63,47,76,96,123,268,38,25,37,58,64,128,25,22,39,38,59,140,356,0,356,구로중앙로7길
2018,4,A,골목상권,1000636,922,500,422,113,123,127,147,158,254,53,79,77,86,87,118,60,44,50,61,71,136,430,0,430,구로중앙로42길
2018,4,A,골목상권,1000635,1131,586,545,115,166,133,167,226,324,56,97,88,80,116,149,59,69,45,87,110,175,566,21,545,구로중앙로34길
2018,4,A,골목상권,1000634,3257,1612,1645,387,503,555,523,574,715,176,213,299,281,307,336,211,290,256,242,267,379,1701,322,1379,구로중앙로28길
2018,4,A,골목상권,1000633,870,412,458,107,96,107,135,168,257,53,40,56,65,88,110,54,56,51,70,80,147,438,0,438,구로중앙로19길
2018,4,A,골목상권,1000632,6114,3070,3044,690,804,691,945,1179,1805,364,491,376,478,550,811,326,313,315,467,629,994,2689,0,2689,구로동로8길
2018,4,A,골목상권,1000631,2646,1414,1232,264,330,290,408,537,817,150,203,161,227,295,378,114,127,129,181,242,439,1327,0,1327,구로동로7길
2018,4,A,골목상권,1000630,1936,948,988,238,229,204,324,364,577,119,109,101,171,201,247,119,120,103,153,163,330,920,0,920,구로동로42길
2018,4,A,골목상권,1000629,2508,1301,1207,319,315,309,407,486,672,162,172,174,220,265,308,157,143,135,187,221,364,1205,0,1205,구로동로41길
2018,4,A,골목상권,1000628,1903,940,963,215,224,191,282,388,603,100,125,102,146,208,259,115,99,89,136,180,344,948,0,948,구로동로38길
2018,4,A,골목상권,1000627,2031,1023,1008,221,238,210,350,377,635,115,121,113,175,208,291,106,117,97,175,169,344,1125,43,1082,구로동로28길
2018,4,A,골목상권,1000626,982,507,475,96,110,99,126,215,336,48,69,59,62,112,157,48,41,40,64,103,179,527,0,527,구로동로15길
2018,4,A,골목상권,1000625,2119,931,1188,187,637,521,254,224,296,89,204,252,133,115,138,98,433,269,121,109,158,1380,110,1270,공원로6가길
2018,4,A,골목상권,1000624,3170,1579,1591,527,412,471,513,551,696,263,217,245,259,270,325,264,195,226,254,281,371,1272,636,636,고척로52길
2018,4,A,골목상권,1000623,4462,2211,2251,646,659,534,708,855,1060,323,356,267,345,424,496,323,303,267,363,431,564,1971,0,1971,고척로27다길
2018,4,A,골목상권,1000622,2513,1286,1227,341,353,332,384,460,643,171,197,172,197,246,303,170,156,160,187,214,340,1147,0,1147,고척로27길
2018,4,A,골목상권,1000621,2594,1345,1249,364,324,332,423,467,684,190,185,182,231,242,315,174,139,150,192,225,369,1211,0,1211,고척로21나길
2018,4,A,골목상권,1000620,2030,1002,1028,288,311,270,301,358,502,126,160,138,161,179,238,162,151,132,140,179,264,858,362,496,경인로47길
2018,4,A,골목상권,1000619,3027,1562,1465,321,395,337,423,599,952,167,199,185,237,307,467,154,196,152,186,292,485,1470,0,1470,경인로35길
2018,4,A,골목상권,1000618,1833,957,876,167,229,217,284,403,533,76,125,119,175,217,245,91,104,98,109,186,288,1043,0,1043,경인로31길
2018,4,A,골목상권,1000617,3435,1716,1719,439,457,492,529,576,942,215,241,259,284,273,444,224,216,233,245,303,498,1527,0,1527,경인로15길
2018,4,A,골목상권,1000616,2996,1467,1529,421,405,479,494,497,700,206,209,261,252,238,301,215,196,218,242,259,399,1292,245,1047,개봉로3길
2018,4,A,골목상권,1000615,2287,1086,1201,367,286,409,363,339,523,175,138,211,175,158,229,192,148,198,188,181,294,986,0,986,개봉로2길
2018,4,A,골목상권,1000614,2487,1224,1263,308,278,485,377,352,687,139,134,258,211,163,319,169,144,227,166,189,368,1117,366,751,개봉로23가길
2018,4,A,골목상권,1000613,3693,1760,1933,623,450,610,543,556,911,309,215,277,280,244,435,314,235,333,263,312,476,1312,781,531,개봉로20길
2018,4,A,골목상권,1000612,2206,1109,1097,312,291,372,364,338,529,160,152,204,183,168,242,152,139,168,181,170,287,926,134,792,개봉로1길
2018,4,A,골목상권,1000611,3350,1670,1680,449,478,533,497,561,832,220,270,262,254,281,383,229,208,271,243,280,449,1500,189,1311,개봉로17다길
2018,4,A,골목상권,1000610,5679,2781,2898,868,820,860,916,999,1216,463,419,427,470,474,528,405,401,433,446,525,688,2272,0,2272,개봉로17길
2018,4,A,골목상권,1000609,5293,2602,2691,775,757,767,834,896,1264,399,388,393,420,421,581,376,369,374,414,475,683,2179,0,2179,개봉로11길
2018,4,A,골목상권,1000608,4287,2046,2241,510,917,1060,596,532,672,288,339,533,299,273,314,222,578,527,297,259,358,2362,485,1877,화곡로64길
2018,4,A,골목상권,1000607,2633,1276,1357,406,414,437,410,496,470,214,220,206,185,239,212,192,194,231,225,257,258,1001,414,587,화곡로59길
2018,4,A,골목상권,1000606,3088,1543,1545,439,473,607,490,484,595,235,222,330,253,215,288,204,251,277,237,269,307,1487,42,1445,화곡로44나길
2018,4,A,골목상권,1000605,3946,1901,2045,392,641,719,520,643,1031,202,324,375,245,285,470,190,317,344,275,358,561,1897,22,1875,화곡로31길
2018,4,A,골목상권,1000604,3353,1684,1669,476,455,613,506,532,771,247,230,318,284,244,361,229,225,295,222,288,410,1473,89,1384,화곡로20길
2018,4,A,골목상권,1000603,3440,1659,1781,545,499,549,584,535,728,287,250,273,277,256,316,258,249,276,307,279,412,1411,115,1296,화곡로13길
2018,4,A,골목상권,1000602,3533,1798,1735,422,522,489,474,634,992,225,272,273,256,299,473,197,250,216,218,335,519,1627,22,1605,초원로16길
2018,4,A,골목상권,1000601,4948,2440,2508,934,700,948,863,686,817,498,356,496,434,307,349,436,344,452,429,379,468,2025,95,1930,초록마을로8길
2018,4,A,골목상권,1000600,2874,1476,1398,219,627,772,474,330,452,101,305,440,264,171,195,118,322,332,210,159,257,1869,0,1869,초록마을로3길
2018,4,A,골목상권,1000599,2545,1333,1212,175,526,720,375,331,418,78,246,408,229,170,202,97,280,312,146,161,216,1588,43,1545,월정로20길
2018,4,A,골목상권,1000598,5368,2557,2811,1272,714,690,1117,795,780,596,346,326,523,399,367,676,368,364,594,396,413,1869,478,1391,우장산로6길
2018,4,A,골목상권,1000597,2749,1426,1323,708,319,493,583,331,315,400,156,244,295,178,153,308,163,249,288,153,162,1005,322,683,양천로73가길
2018,4,A,골목상권,1000596,6658,3249,3409,1750,753,928,1430,919,878,852,398,418,720,451,410,898,355,510,710,468,468,2069,1949,120,양천로71길
2018,4,A,골목상권,1000595,1311,677,634,152,246,346,172,173,222,88,100,205,97,84,103,64,146,141,75,89,119,635,0,635,양천로49길
2018,4,A,골목상권,1000594,2015,967,1048,417,217,355,354,294,378,203,116,165,173,149,161,214,101,190,181,145,217,720,238,482,양천로26길
2018,4,A,골목상권,1000593,3790,1931,1859,574,497,680,529,567,943,327,260,348,289,263,444,247,237,332,240,304,499,1583,450,1133,양천로24길
2018,4,A,골목상권,1000592,2885,1440,1445,480,367,455,491,460,632,244,191,237,249,231,288,236,176,218,242,229,344,1180,217,963,양천로24가길
2018,4,A,골목상권,1000591,4264,2097,2167,743,567,648,638,696,972,386,290,335,333,310,443,357,277,313,305,386,529,1574,556,1018,양천로14길
2018,4,A,골목상권,1000590,2362,1221,1141,305,304,369,457,383,544,168,143,204,253,207,246,137,161,165,204,176,298,1137,0,1137,방화대로6라길
2018,4,A,골목상권,1000589,2475,1257,1218,308,395,397,317,432,626,160,192,242,160,214,289,148,203,155,157,218,337,1224,44,1180,방화대로21길
2018,4,A,골목상권,1000588,1439,677,762,173,214,267,194,242,349,90,104,130,97,102,154,83,110,137,97,140,195,634,49,585,등촌로5길
2018,4,A,골목상권,1000587,2958,1423,1535,419,505,740,445,379,470,219,230,386,213,160,215,200,275,354,232,219,255,1353,0,1353,등촌로55길
2018,4,A,골목상권,1000586,2072,1030,1042,310,345,310,283,356,468,160,197,150,135,164,224,150,148,160,148,192,244,776,236,540,등촌로51길
2018,4,A,골목상권,1000585,3389,1696,1693,565,519,620,509,554,622,297,263,335,255,270,276,268,256,285,254,284,346,1358,100,1258,등촌로39길
2018,4,A,골목상권,1000584,3936,1944,1992,554,553,787,609,636,797,290,280,424,292,300,358,264,273,363,317,336,439,1668,159,1509,등촌로13길
2018,4,A,골목상권,1000583,4071,2135,1936,607,537,820,694,630,783,320,273,454,387,338,363,287,264,366,307,292,420,1950,109,1841,남부순환로11길
2018,4,A,골목상권,1000582,4286,2071,2215,767,585,789,753,590,802,403,280,411,376,268,333,364,305,378,377,322,469,1737,0,1737,까치산로4길
2018,4,A,골목상권,1000581,2331,1124,1207,249,310,433,325,402,612,108,176,230,168,175,267,141,134,203,157,227,345,1055,108,947,국회대로7길
2018,4,A,골목상권,1000580,3118,1603,1515,360,559,549,451,451,748,184,295,303,255,212,354,176,264,246,196,239,394,1633,0,1633,공항대로8길
2018,4,A,골목상권,1000579,2010,994,1016,377,275,395,375,266,322,191,141,193,193,130,146,186,134,202,182,136,176,796,338,458,공항대로61길
2018,4,A,골목상권,1000578,3109,1524,1585,499,516,579,470,484,561,274,247,277,221,238,267,225,269,302,249,246,294,1314,464,850,공항대로59다길
2018,4,A,골목상권,1000577,2216,1033,1183,175,502,586,311,295,347,88,195,282,161,147,160,87,307,304,150,148,187,1314,0,1314,공항대로59길
2018,4,A,골목상권,1000576,1756,879,877,274,274,323,244,285,356,151,133,176,119,139,161,123,141,147,125,146,195,745,0,745,공항대로55길
2018,4,A,골목상권,1000575,1139,564,575,236,143,173,229,177,181,118,75,94,100,93,84,118,68,79,129,84,97,434,18,416,공항대로42길
2018,4,A,골목상권,1000574,382,182,200,63,61,80,62,63,53,32,28,41,32,29,20,31,33,39,30,34,33,176,0,176,공항대로38길
2018,4,A,골목상권,1000573,1988,980,1008,177,303,406,274,333,495,96,165,207,140,144,228,81,138,199,134,189,267,1028,0,1028,곰달래로60길
2018,4,A,골목상권,1000572,3732,1840,1892,605,508,583,673,591,772,306,263,317,324,296,334,299,245,266,349,295,438,1527,106,1421,곰달래로53길
2018,4,A,골목상권,1000571,4075,1989,2086,714,552,712,733,626,738,336,295,373,363,290,332,378,257,339,370,336,406,1645,20,1625,곰달래로47길
2018,4,A,골목상권,1000570,3131,1483,1648,646,406,582,556,398,543,336,196,266,274,167,244,310,210,316,282,231,299,1217,21,1196,곰달래로31길
2018,4,A,골목상권,1000569,2962,1390,1572,398,384,526,490,461,703,190,183,253,255,202,307,208,201,273,235,259,396,1402,0,1402,곰달래로25길
2018,4,A,골목상권,1000568,2386,1207,1179,186,657,467,301,317,458,90,293,277,171,164,212,96,364,190,130,153,246,1499,27,1472,개화동로25길
2018,4,A,골목상권,1000567,3884,1937,1947,451,452,507,583,745,1146,232,236,274,298,369,528,219,216,233,285,376,618,1934,0,1934,개화동로23길
2018,4,A,골목상권,1000566,3410,1686,1724,445,447,633,543,471,871,226,209,347,281,213,410,219,238,286,262,258,461,1583,148,1435,강서로8길
2018,4,A,골목상권,1000565,2805,1383,1422,419,358,529,438,439,622,215,175,288,231,200,274,204,183,241,207,239,348,1243,56,1187,강서로5라길
2018,4,A,골목상권,1000564,2911,1452,1459,208,681,783,379,328,532,101,300,428,213,154,256,107,381,355,166,174,276,1840,342,1498,강서로5나길
2018,4,A,골목상권,1000563,2094,1055,1039,167,396,517,307,268,439,90,167,281,172,126,219,77,229,236,135,142,220,1219,581,638,강서로5가길
2018,4,A,골목상권,1000562,3802,1771,2031,866,564,458,734,634,546,389,266,231,340,309,236,477,298,227,394,325,310,1351,162,1189,강서로47라길
2018,4,A,골목상권,1000561,4329,2077,2252,953,576,547,868,702,683,436,286,276,414,373,292,517,290,271,454,329,391,1590,515,1075,강서로47길
2018,4,A,골목상권,1000560,2720,1321,1399,422,396,468,435,398,601,216,191,241,224,179,270,206,205,227,211,219,331,1137,151,986,강서로45다길
2018,4,A,골목상권,1000559,908,437,471,172,121,135,164,126,190,75,49,71,81,59,102,97,72,64,83,67,88,356,99,257,강서로45길
2018,4,A,골목상권,1000558,3923,1880,2043,451,610,708,552,704,898,223,277,369,272,326,413,228,333,339,280,378,485,1859,37,1822,강서로35길
2018,4,A,골목상권,1000557,3091,1503,1588,386,503,762,431,438,571,194,231,400,219,191,268,192,272,362,212,247,303,1476,90,1386,강서로29길
2018,4,A,골목상권,1000556,6868,3311,3557,970,999,1348,1055,1012,1484,495,472,708,526,466,644,475,527,640,529,546,840,2941,15,2926,강서로18길
2018,4,A,골목상권,1000555,3205,1609,1596,357,508,675,440,513,712,188,266,354,241,227,333,169,242,321,199,286,379,1411,129,1282,강서로17가길
2018,4,A,골목상권,1000554,5446,2684,2762,562,774,1063,813,945,1289,271,395,566,425,486,541,291,379,497,388,459,748,2803,79,2724,강서로15길
2018,4,A,골목상권,1000553,2881,1451,1430,420,409,527,451,457,617,224,211,279,239,211,287,196,198,248,212,246,330,1221,0,1221,가로공원로80길
2018,4,A,골목상권,1000552,3221,1551,1670,427,456,652,509,473,704,207,228,344,247,212,313,220,228,308,262,261,391,1425,161,1264,가로공원로76가길
2018,4,A,골목상권,1000551,1593,793,800,212,191,219,237,311,423,109,99,122,107,151,205,103,92,97,130,160,218,747,31,716,화곡로4길
2018,4,A,골목상권,1000550,3208,1599,1609,632,437,493,501,550,595,344,235,237,243,267,273,288,202,256,258,283,322,1201,411,790,화곡로3길
2018,4,A,골목상권,1000549,3276,1616,1660,425,407,443,453,583,965,208,224,253,234,267,430,217,183,190,219,316,535,1400,0,1400,지양로7길
2018,4,A,골목상권,1000548,3733,1841,1892,578,470,534,581,643,927,309,240,276,276,312,428,269,230,258,305,331,499,1520,208,1312,중앙로55길
2018,4,A,골목상권,1000547,4174,2059,2115,743,532,650,648,637,964,349,285,346,317,319,443,394,247,304,331,318,521,1554,273,1281,중앙로51길
2018,4,A,골목상권,1000546,1901,982,919,211,226,225,306,393,540,114,126,128,163,190,261,97,100,97,143,203,279,904,0,904,중앙로47길
2018,4,A,골목상권,1000545,1960,953,1007,279,268,274,310,337,492,149,130,138,161,151,224,130,138,136,149,186,268,900,57,843,중앙로45길
2018,4,A,골목상권,1000544,914,452,462,168,101,108,177,129,231,97,46,57,81,73,98,71,55,51,96,56,133,408,0,408,중앙로36길
2018,4,A,골목상권,1000543,1107,543,564,241,135,120,223,182,206,120,74,61,101,101,86,121,61,59,122,81,120,449,69,380,중앙로32길
2018,4,A,골목상권,1000542,1915,1019,896,186,204,257,326,381,561,99,117,154,183,209,257,87,87,103,143,172,304,1047,41,1006,중앙로25길
2018,4,A,골목상권,1000541,3339,1641,1698,513,455,514,547,528,782,260,232,257,281,248,363,253,223,257,266,280,419,1432,97,1335,은행정로7길
2018,4,A,골목상권,1000540,793,430,363,124,83,93,129,146,218,63,46,56,65,89,111,61,37,37,64,57,107,398,0,398,은행정로5길
2018,4,A,골목상권,1000539,4021,1969,2052,796,434,650,635,635,871,411,223,297,324,317,397,385,211,353,311,318,474,1477,814,663,오목로5길
2018,4,A,골목상권,1000538,3610,1805,1805,737,402,587,629,545,710,380,215,289,325,264,332,357,187,298,304,281,378,1264,524,740,오목로3길
2018,4,A,골목상권,1000537,3628,1785,1843,393,581,571,560,620,903,215,276,310,274,294,416,178,305,261,286,326,487,1705,0,1705,오목로30길
2018,4,A,골목상권,1000536,4491,2264,2227,632,691,860,718,668,922,322,355,457,366,321,443,310,336,403,352,347,479,2093,0,2093,오목로23길
2018,4,A,골목상권,1000535,1968,995,973,391,215,354,328,280,400,204,121,181,162,129,198,187,94,173,166,151,202,692,575,117,신월로20길
2018,4,A,골목상권,1000534,5742,2847,2895,987,749,757,935,970,1344,532,390,376,464,478,607,455,359,381,471,492,737,2045,635,1410,신월로15길
2018,4,A,골목상권,1000533,2411,1160,1251,441,354,310,451,386,469,230,189,143,203,197,198,211,165,167,248,189,271,976,36,940,신목로6길
2018,4,A,골목상권,1000532,2171,1073,1098,541,311,202,463,367,287,274,165,89,217,199,129,267,146,113,246,168,158,691,116,575,신목로5길
2018,4,A,골목상권,1000531,2072,1020,1052,375,354,185,350,440,368,196,190,95,158,216,165,179,164,90,192,224,203,725,158,567,신목로2길
2018,4,A,골목상권,1000530,1394,677,717,192,218,250,193,223,318,109,108,125,99,102,134,83,110,125,94,121,184,637,0,637,목동중앙서로8가길
2018,4,A,골목상권,1000529,3793,1848,1945,605,601,621,647,617,702,325,298,326,305,291,303,280,303,295,342,326,399,1651,0,1651,목동중앙서로7길
2018,4,A,골목상권,1000528,2135,973,1162,246,335,413,298,343,500,128,163,205,138,144,195,118,172,208,160,199,305,1052,185,867,목동중앙북로8길
2018,4,A,골목상권,1000527,3495,1690,1805,422,601,910,467,458,637,221,255,467,240,212,295,201,346,443,227,246,342,1673,0,1673,목동중앙북로16길
2018,4,A,골목상권,1000526,2932,1476,1456,504,460,419,461,534,554,298,255,211,201,262,249,206,205,208,260,272,305,1156,0,1156,목동중앙본로7길
2018,4,A,골목상권,1000525,2412,1162,1250,533,354,284,445,410,386,260,182,136,201,215,168,273,172,148,244,195,218,855,56,799,목동중앙로3길
2018,4,A,골목상권,1000524,1074,557,517,170,161,257,157,154,175,92,68,140,79,89,89,78,93,117,78,65,86,528,0,528,목동중앙로13나길
2018,4,A,골목상권,1000523,2743,1374,1369,498,434,432,447,459,473,283,240,204,212,218,217,215,194,228,235,241,256,1019,201,818,목동중앙남로3가길
2018,4,A,골목상권,1000522,3483,1659,1824,561,578,540,582,587,635,287,279,248,285,254,306,274,299,292,297,333,329,1418,130,1288,목동로9길
2018,4,A,골목상권,1000521,2288,1072,1216,355,347,357,369,390,470,175,169,164,169,185,210,180,178,193,200,205,260,976,37,939,목동로19길
2018,4,A,골목상권,1000520,1574,757,817,397,195,159,367,265,191,197,95,75,174,136,80,200,100,84,193,129,111,534,144,390,목동동로8길
2018,4,A,골목상권,1000519,2273,1083,1190,502,312,242,449,371,397,258,147,110,199,195,174,244,165,132,250,176,223,800,275,525,목동동로12길
2018,4,A,골목상권,1000518,1263,604,659,277,175,161,236,180,234,129,83,81,109,99,103,148,92,80,127,81,131,420,187,233,목동남로4길
2018,4,A,골목상권,1000517,1859,905,954,494,203,229,405,265,263,244,96,111,189,139,126,250,107,118,216,126,137,575,545,30,남부순환로88길
2018,4,A,골목상권,1000516,710,358,352,86,78,93,90,154,209,45,45,55,38,78,97,41,33,38,52,76,112,333,96,237,남부순환로79길
2018,4,A,골목상권,1000515,4823,2378,2445,560,681,566,713,901,1402,270,367,297,379,457,608,290,314,269,334,444,794,2162,0,2162,남부순환로70길
2018,4,A,골목상권,1000514,2060,1059,1001,289,287,302,298,372,512,158,144,174,157,188,238,131,143,128,141,184,274,995,0,995,남부순환로58길
2018,4,A,골목상권,1000513,2424,1333,1091,219,280,304,388,512,721,104,147,189,238,295,360,115,133,115,150,217,361,1367,96,1271,남부순환로40길
2018,4,A,골목상권,1000512,3691,1808,1883,452,531,562,533,691,922,215,270,308,256,327,432,237,261,254,277,364,490,1625,48,1577,남부순환로33길
2018,4,A,골목상권,1000511,3724,1921,1803,389,565,477,536,741,1016,204,297,264,283,383,490,185,268,213,253,358,526,1720,184,1536,곰달래로5길
2018,4,A,골목상권,1000510,3853,2012,1841,485,497,497,637,769,968,258,282,272,330,418,452,227,215,225,307,351,516,1794,276,1518,곰달래로3길
2018,4,A,골목상권,1000509,3492,1787,1705,514,465,524,545,651,793,263,234,290,289,335,376,251,231,234,256,316,417,1465,103,1362,곰달래로2길
2018,4,A,골목상권,1000508,3379,1747,1632,451,410,580,548,579,811,228,235,305,290,298,391,223,175,275,258,281,420,1640,14,1626,곰달래로10길
2018,4,A,골목상권,1000507,2349,1297,1052,208,304,228,388,508,713,106,165,135,235,304,352,102,139,93,153,204,361,1322,0,1322,가로공원로58길
2018,4,A,골목상권,1000506,2764,1320,1444,328,452,374,457,524,629,152,223,196,211,252,286,176,229,178,246,272,343,1265,49,1216,효창원로93길
2018,4,A,골목상권,1000505,2607,1255,1352,646,257,398,617,335,354,315,121,173,319,171,156,331,136,225,298,164,198,956,830,126,토정로37길
2018,4,A,골목상권,1000504,1609,721,888,150,304,370,271,201,313,77,133,161,127,90,133,73,171,209,144,111,180,861,0,861,월드컵로8길
2018,4,A,골목상권,1000503,1873,854,1019,213,360,439,271,258,332,110,153,200,123,122,146,103,207,239,148,136,186,976,0,976,월드컵로7길
2018,4,A,골목상권,1000502,3832,1709,2123,443,782,753,635,516,703,218,286,330,317,247,311,225,496,423,318,269,392,2092,152,1940,월드컵로36길
2018,4,A,골목상권,1000501,3070,1483,1587,493,463,535,553,422,604,250,228,259,276,216,254,243,235,276,277,206,350,1315,282,1033,월드컵로25길
2018,4,A,골목상권,1000500,1615,748,867,164,307,291,260,213,380,82,143,146,129,103,145,82,164,145,131,110,235,855,0,855,월드컵로19길
2018,4,A,골목상권,1000499,2463,1144,1319,307,458,519,397,336,446,159,202,236,182,171,194,148,256,283,215,165,252,1216,32,1184,월드컵로16길
2018,4,A,골목상권,1000498,2423,1122,1301,271,429,552,370,304,497,135,185,257,187,151,207,136,244,295,183,153,290,1311,19,1292,월드컵로11길
2018,4,A,골목상권,1000497,2393,1111,1282,219,357,481,426,331,579,114,137,220,207,171,262,105,220,261,219,160,317,1399,16,1383,월드컵로10길
2018,4,A,골목상권,1000496,1757,828,929,153,366,414,238,254,332,76,165,207,119,122,139,77,201,207,119,132,193,982,0,982,와우산로3길
2018,4,A,골목상권,1000495,786,367,419,72,146,177,131,95,165,38,62,86,68,40,73,34,84,91,63,55,92,442,48,394,와우산로29길
2018,4,A,골목상권,1000494,502,229,273,28,195,122,46,40,71,15,87,57,20,20,30,13,108,65,26,20,41,348,0,348,와우산로29가길
2018,4,A,골목상권,1000493,1294,593,701,119,201,299,191,182,302,73,84,149,98,73,116,46,117,150,93,109,186,691,11,680,양화진길
2018,4,A,골목상권,1000492,2663,1208,1455,317,498,549,429,340,530,150,212,254,212,153,227,167,286,295,217,187,303,1280,35,1245,양화로1길
2018,4,A,골목상권,1000491,759,327,432,80,152,173,120,81,153,41,63,73,50,34,66,39,89,100,70,47,87,401,0,401,양화로11길
2018,4,A,골목상권,1000490,515,256,259,39,55,59,64,94,204,19,28,35,41,47,86,20,27,24,23,47,118,325,0,325,신촌로30길
2018,4,A,골목상권,1000489,190,100,90,11,15,23,26,50,65,1,7,13,16,31,32,10,8,10,10,19,33,131,0,131,신촌로28가길
2018,4,A,골목상권,1000488,1917,931,986,112,565,433,230,219,358,62,286,219,112,100,152,50,279,214,118,119,206,1305,0,1305,신촌로12길
2018,4,A,골목상권,1000487,2779,1377,1402,331,417,314,428,489,800,176,215,171,220,252,343,155,202,143,208,237,457,1452,21,1431,숭문길
2018,4,A,골목상권,1000486,790,376,414,143,85,171,128,105,158,64,42,88,72,43,67,79,43,83,56,62,91,339,207,132,숭문8길
2018,4,A,골목상권,1000485,1008,463,545,100,198,230,124,144,212,52,80,118,65,66,82,48,118,112,59,78,130,523,0,523,성지3길
2018,4,A,골목상권,1000484,3416,1678,1738,454,518,571,578,530,765,237,247,286,293,268,347,217,271,285,285,262,418,1644,0,1644,성산로4길
2018,4,A,골목상권,1000483,1174,534,640,86,257,308,156,164,203,46,107,140,77,81,83,40,150,168,79,83,120,671,0,671,성미산로32길
2018,4,A,골목상권,1000482,3142,1469,1673,471,471,596,604,412,588,255,218,274,271,196,255,216,253,322,333,216,333,1442,0,1442,성미산로1길
2018,4,A,골목상권,1000481,3658,1734,1924,507,554,700,661,507,729,272,264,343,305,242,308,235,290,357,356,265,421,1660,0,1660,성미산로11길
2018,4,A,골목상권,1000480,1705,824,881,244,238,304,297,227,395,124,109,144,159,115,173,120,129,160,138,112,222,843,248,595,백범로16길
2018,4,A,골목상권,1000479,5548,2681,2867,931,748,985,967,818,1099,453,375,454,501,407,491,478,373,531,466,411,608,2340,612,1728,방울내로9안길
2018,4,A,골목상권,1000478,2027,1005,1022,294,326,306,351,310,440,163,164,160,181,151,186,131,162,146,170,159,254,902,86,816,모래내로7길
2018,4,A,골목상권,1000477,2835,1443,1392,351,544,564,418,375,583,182,244,313,235,206,263,169,300,251,183,169,320,1578,0,1578,매봉산로2길
2018,4,A,골목상권,1000476,4381,2081,2300,591,684,891,708,629,878,302,328,419,353,301,378,289,356,472,355,328,500,2111,162,1949,망원로2길
2018,4,A,골목상권,1000475,2171,1020,1151,323,316,322,395,322,493,152,142,168,199,161,198,171,174,154,196,161,295,966,178,788,망원로11길
2018,4,A,골목상권,1000474,3048,1452,1596,353,513,522,484,473,703,176,218,269,248,238,303,177,295,253,236,235,400,1578,33,1545,만리재옛길
2018,4,A,골목상권,1000473,836,392,444,94,144,187,113,122,176,50,74,90,57,55,66,44,70,97,56,67,110,421,190,231,마포대로4길
2018,4,A,골목상권,1000472,2121,1015,1106,271,353,456,349,320,372,134,157,208,182,165,169,137,196,248,167,155,203,1194,218,976,마포대로20길
2018,4,A,골목상권,1000471,860,387,473,69,172,273,121,87,138,38,61,124,58,45,61,31,111,149,63,42,77,586,45,541,마포대로12길
2018,4,A,골목상권,1000470,1141,574,567,68,295,283,145,125,225,42,143,143,87,72,87,26,152,140,58,53,138,743,0,743,동교로38길
2018,4,A,골목상권,1000469,2480,1133,1347,257,552,572,376,254,469,116,264,252,171,117,213,141,288,320,205,137,256,1397,0,1397,동교로27길
2018,4,A,골목상권,1000468,1292,565,727,108,305,297,175,177,230,43,126,124,88,79,105,65,179,173,87,98,125,711,0,711,동교로25길
2018,4,A,골목상권,1000467,1803,841,962,202,288,402,353,260,298,97,138,194,168,124,120,105,150,208,185,136,178,973,77,896,동교로19길
2018,4,A,골목상권,1000466,1852,861,991,220,367,402,334,229,300,117,161,181,169,105,128,103,206,221,165,124,172,995,0,995,동교로17길
2018,4,A,골목상권,1000465,1353,626,727,141,276,322,188,183,243,76,118,146,93,86,107,65,158,176,95,97,136,722,97,625,독막로8길
2018,4,A,골목상권,1000464,2812,1385,1427,369,397,449,446,449,702,188,212,228,225,229,303,181,185,221,221,220,399,1316,104,1212,독막로32길
2018,4,A,골목상권,1000463,1024,476,548,169,142,196,189,129,199,89,67,83,83,62,92,80,75,113,106,67,107,444,134,310,독막로22길
2018,4,A,골목상권,1000462,1081,462,619,123,223,252,156,138,189,58,72,107,72,77,76,65,151,145,84,61,113,655,145,510,도화길
2018,4,A,골목상권,1000461,3546,1677,1869,568,381,572,570,592,863,282,191,270,292,283,359,286,190,302,278,309,504,1548,913,635,도화4길
2018,4,A,골목상권,1000460,1418,687,731,80,418,177,174,228,341,34,193,83,93,123,161,46,225,94,81,105,180,979,0,979,대흥로28길
2018,4,A,골목상권,1000459,3399,1760,1639,268,808,507,454,516,846,150,447,276,245,288,354,118,361,231,209,228,492,2095,0,2095,대흥로21길
2018,4,A,골목상권,1000458,2022,1087,935,230,540,263,306,290,393,128,336,150,154,154,165,102,204,113,152,136,228,1110,70,1040,광성로6길
2018,4,A,골목상권,1000457,3308,1536,1772,488,419,442,557,503,899,238,210,221,264,242,361,250,209,221,293,261,538,1403,26,1377,홍제내길
2018,4,A,골목상권,1000456,1084,563,521,123,141,143,145,187,345,67,79,78,84,100,155,56,62,65,61,87,190,497,35,462,홍연길
2018,4,A,골목상권,1000455,1597,791,806,192,229,180,241,283,472,111,109,95,135,125,216,81,120,85,106,158,256,748,52,696,통일로39길
2018,4,A,골목상권,1000454,1624,739,885,151,191,209,240,310,523,72,93,103,117,136,218,79,98,106,123,174,305,873,18,855,통일로37길
2018,4,A,골목상권,1000453,288,158,130,20,39,39,29,41,120,11,24,19,18,28,58,9,15,20,11,13,62,193,0,193,통일로11길
2018,4,A,골목상권,1000452,688,362,326,35,116,171,83,108,175,20,58,84,53,64,83,15,58,87,30,44,92,484,104,380,충정로6길
2018,4,A,골목상권,1000451,499,248,251,30,84,125,69,61,130,13,43,59,39,32,62,17,41,66,30,29,68,315,0,315,충정로4길
2018,4,A,골목상권,1000450,3064,1515,1549,371,518,446,464,488,777,192,265,241,242,239,336,179,253,205,222,249,441,1458,11,1447,증가로6길
2018,4,A,골목상권,1000449,5204,2497,2707,724,735,760,818,874,1293,353,358,391,400,422,573,371,377,369,418,452,720,2374,0,2374,증가로23나길
2018,4,A,골목상권,1000448,3592,1793,1799,590,644,461,627,573,697,305,345,246,312,274,311,285,299,215,315,299,386,1512,22,1490,증가로20가길
2018,4,A,골목상권,1000447,3875,1875,2000,392,748,509,578,636,1012,195,347,278,293,305,457,197,401,231,285,331,555,2151,0,2151,증가로10길
2018,4,A,골목상권,1000446,3845,1875,1970,472,480,634,619,607,1033,241,235,319,321,278,481,231,245,315,298,329,552,1846,0,1846,응암로1길
2018,4,A,골목상권,1000445,3359,1842,1517,269,1414,618,333,285,440,151,860,347,160,130,194,118,554,271,173,155,246,2314,0,2314,연희로10길
2018,4,A,골목상권,1000444,795,449,346,57,123,108,123,166,218,31,68,63,72,99,116,26,55,45,51,67,102,477,0,477,신촌로37길
2018,4,A,골목상권,1000443,3660,1779,1881,522,446,592,528,589,983,253,231,304,270,282,439,269,215,288,258,307,544,1514,267,1247,수색로8길
2018,4,A,골목상권,1000442,2406,1168,1238,247,347,301,333,422,756,130,183,159,175,210,311,117,164,142,158,212,445,1183,0,1183,세무서길
2018,4,A,골목상권,1000441,1455,706,749,157,204,191,232,228,443,79,106,102,120,122,177,78,98,89,112,106,266,710,0,710,세무서2길
2018,4,A,골목상권,1000440,1162,558,604,165,126,133,185,178,375,85,57,60,95,103,158,80,69,73,90,75,217,534,125,409,세검정로1길
2018,4,A,골목상권,1000439,3522,1692,1830,323,527,456,559,639,1018,167,260,264,265,314,422,156,267,192,294,325,596,1887,0,1887,북아현로4길
2018,4,A,골목상권,1000438,10755,5182,5573,2518,1112,1616,2066,1456,1987,1242,569,710,1070,718,873,1276,543,906,996,738,1114,3712,3674,38,모래내로15길
2018,4,A,골목상권,1000437,2429,1168,1261,309,574,365,328,343,510,161,276,180,155,167,229,148,298,185,173,176,281,1329,0,1329,명지대길
2018,4,A,골목상권,1000436,4172,1958,2214,676,552,614,709,582,1039,330,254,323,351,289,411,346,298,291,358,293,628,1957,281,1676,독립문로8길
2018,4,A,골목상권,1000435,2757,1351,1406,367,370,387,454,402,777,187,179,190,244,216,335,180,191,197,210,186,442,1327,0,1327,가재울로6길
2018,4,A,골목상권,1000434,5780,2880,2900,678,947,953,803,1050,1349,354,481,532,415,484,614,324,466,421,388,566,735,2688,21,2667,통일로92길
2018,4,A,골목상권,1000433,1816,873,943,236,292,318,291,243,436,115,135,173,148,114,188,121,157,145,143,129,248,858,39,819,통일로87길
2018,4,A,골목상권,1000432,4505,2164,2341,553,702,716,667,760,1107,285,368,373,309,346,483,268,334,343,358,414,624,2069,24,2045,통일로78길
2018,4,A,골목상권,1000431,1750,845,905,225,238,264,273,282,468,116,115,139,140,133,202,109,123,125,133,149,266,743,0,743,통일로69길
2018,4,A,골목상권,1000430,4156,1998,2158,689,547,647,706,672,895,352,271,310,356,315,394,337,276,337,350,357,501,1665,40,1625,진흥로1길
2018,4,A,골목상권,1000429,5827,2861,2966,694,800,906,907,977,1543,353,410,483,484,470,661,341,390,423,423,507,882,2851,0,2851,진흥로12길
2018,4,A,골목상권,1000428,820,426,394,123,100,117,125,131,224,64,58,62,74,66,102,59,42,55,51,65,122,337,107,230,증산서길
2018,4,A,골목상권,1000427,2718,1329,1389,369,359,393,416,456,725,187,179,208,208,215,332,182,180,185,208,241,393,1146,40,1106,증산로9길
2018,4,A,골목상권,1000426,2741,1332,1409,373,342,325,417,467,817,189,184,160,198,223,378,184,158,165,219,244,439,1215,82,1133,증산로5길
2018,4,A,골목상권,1000425,5296,2567,2729,723,780,880,828,832,1253,361,400,463,412,380,551,362,380,417,416,452,702,2292,155,2137,증산로21길
2018,4,A,골목상권,1000424,2058,984,1074,267,287,308,311,322,563,134,134,161,157,152,246,133,153,147,154,170,317,937,57,880,증산로17길
2018,4,A,골목상권,1000423,2500,1250,1250,314,302,354,412,427,691,164,154,181,227,216,308,150,148,173,185,211,383,1156,151,1005,증산로15길
2018,4,A,골목상권,1000422,1994,1013,981,208,268,226,283,418,591,107,136,121,150,215,284,101,132,105,133,203,307,931,0,931,증산로13길
2018,4,A,골목상권,1000421,2889,1410,1479,504,354,424,515,446,646,268,174,202,267,214,285,236,180,222,248,232,361,1210,0,1210,응암로34길
2018,4,A,골목상권,1000420,1922,935,987,228,238,227,287,343,599,114,137,113,154,168,249,114,101,114,133,175,350,936,19,917,응암로22길
2018,4,A,골목상권,1000419,2596,1320,1276,361,296,405,444,414,676,189,166,210,236,233,286,172,130,195,208,181,390,1175,0,1175,응암로14길
2018,4,A,골목상권,1000418,1836,895,941,186,278,324,285,273,490,99,135,172,134,138,217,87,143,152,151,135,273,977,0,977,응암로13길
2018,4,A,골목상권,1000417,1496,753,743,183,193,135,218,280,487,101,106,77,117,130,222,82,87,58,101,150,265,723,0,723,응암로12길
2018,4,A,골목상권,1000416,3512,1689,1823,629,450,679,620,446,688,329,219,321,311,205,304,300,231,358,309,241,384,1579,103,1476,은평로8길
2018,4,A,골목상권,1000415,2300,1073,1227,364,305,371,382,359,519,185,144,183,187,163,211,179,161,188,195,196,308,993,0,993,은평로3길
2018,4,A,골목상권,1000414,295,141,154,28,39,35,48,63,82,17,24,15,22,30,33,11,15,20,26,33,49,136,0,136,은평로20길
2018,4,A,골목상권,1000413,3276,1560,1716,512,371,496,559,523,815,251,185,247,258,250,369,261,186,249,301,273,446,1400,0,1400,은평로13길
2018,4,A,골목상권,1000412,2950,1467,1483,476,358,412,508,494,702,268,189,218,253,238,301,208,169,194,255,256,401,1239,65,1174,은평로10길
2018,4,A,골목상권,1000411,2643,1234,1409,427,368,413,452,428,555,206,160,214,208,203,243,221,208,199,244,225,312,1114,61,1053,연서로5길
2018,4,A,골목상권,1000410,3959,1922,2037,493,489,527,670,689,1091,247,248,269,351,322,485,246,241,258,319,367,606,1854,41,1813,연서로41길
2018,4,A,골목상권,1000409,3678,1723,1955,636,509,639,585,550,759,305,249,298,298,250,323,331,260,341,287,300,436,1517,31,1486,연서로3길
2018,4,A,골목상권,1000408,3000,1421,1579,392,395,487,420,488,818,188,199,260,211,220,343,204,196,227,209,268,475,1347,0,1347,연서로34길
2018,4,A,골목상권,1000407,2073,1005,1068,209,282,264,287,339,692,109,144,149,139,160,304,100,138,115,148,179,388,999,0,999,연서로33길
2018,4,A,골목상권,1000406,1065,498,567,128,180,216,160,151,230,71,69,112,74,70,102,57,111,104,86,81,128,508,0,508,연서로29길
2018,4,A,골목상권,1000405,3669,1727,1942,380,664,648,534,566,877,174,320,326,258,262,387,206,344,322,276,304,490,1927,28,1899,연서로28길
2018,4,A,골목상권,1000404,2937,1375,1562,338,446,463,488,496,706,164,200,244,230,231,306,174,246,219,258,265,400,1437,0,1437,연서로27길
2018,4,A,골목상권,1000403,4250,2017,2233,703,601,692,734,627,893,351,283,355,351,279,398,352,318,337,383,348,495,1782,0,1782,연서로21길
2018,4,A,골목상권,1000402,2252,1068,1184,315,325,334,372,402,504,152,152,172,175,192,225,163,173,162,197,210,279,990,0,990,연서로17길
2018,4,A,골목상권,1000401,4663,2203,2460,698,632,684,786,772,1091,344,307,333,388,349,482,354,325,351,398,423,609,1996,21,1975,연서로16길
2018,4,A,골목상권,1000400,3952,1860,2092,621,583,589,663,642,854,307,275,297,309,300,372,314,308,292,354,342,482,1601,0,1601,연서로13길
2018,4,A,골목상권,1000399,3920,1858,2062,664,561,654,630,618,793,330,262,328,285,294,359,334,299,326,345,324,434,1507,31,1476,연서로11길
2018,4,A,골목상권,1000398,5545,2660,2885,789,727,864,932,901,1332,383,356,442,473,430,576,406,371,422,459,471,756,2523,0,2523,역말로9길
2018,4,A,골목상권,1000397,1060,528,532,106,135,108,164,202,345,62,69,62,86,106,143,44,66,46,78,96,202,530,25,505,수색로18길
2018,4,A,골목상권,1000396,2650,1243,1407,296,381,388,396,451,738,143,185,186,201,227,301,153,196,202,195,224,437,1316,0,1316,서오릉로8길
2018,4,A,골목상권,1000395,3994,1908,2086,617,536,572,635,650,984,301,273,299,306,290,439,316,263,273,329,360,545,1584,253,1331,서오릉로21길
2018,4,A,골목상권,1000394,5214,2531,2683,623,700,775,850,858,1408,301,361,417,442,426,584,322,339,358,408,432,824,2632,36,2596,불광천길
2018,4,A,골목상권,1000393,2471,1196,1275,379,312,371,416,408,585,205,164,174,207,180,266,174,148,197,209,228,319,1018,18,1000,갈현로7길
2018,4,A,골목상권,1000392,3187,1564,1623,354,443,386,493,598,913,186,249,201,240,290,398,168,194,185,253,308,515,1526,0,1526,갈현로41길
2018,4,A,골목상권,1000391,3678,1769,1909,620,571,520,596,614,757,317,292,271,267,278,344,303,279,249,329,336,413,1546,192,1354,갈현로33길
2018,4,A,골목상권,1000390,2845,1379,1466,507,380,518,481,433,526,265,173,268,227,220,226,242,207,250,254,213,300,1094,157,937,갈현로1길
2018,4,A,골목상권,1000389,3671,1824,1847,496,501,450,548,678,998,270,264,252,262,339,437,226,237,198,286,339,561,1668,0,1668,가좌로7길
2018,4,A,골목상권,1000388,3932,1969,1963,500,524,429,664,658,1157,247,286,243,339,329,525,253,238,186,325,329,632,1890,0,1890,한글비석로44길
2018,4,A,골목상권,1000387,2465,1255,1210,273,353,304,317,464,754,143,196,180,158,237,341,130,157,124,159,227,413,1208,0,1208,한글비석로24길
2018,4,A,골목상권,1000386,1815,926,889,327,251,193,304,328,412,164,135,92,155,173,207,163,116,101,149,155,205,715,442,273,한글비석로22길
2018,4,A,골목상권,1000385,2084,1078,1006,244,259,262,343,331,645,126,144,152,177,179,300,118,115,110,166,152,345,1005,254,751,석계로1길
2018,4,A,골목상권,1000384,2597,1341,1256,295,362,324,394,466,756,166,177,189,210,245,354,129,185,135,184,221,402,1315,0,1315,상계로9가길
2018,4,A,골목상권,1000383,1199,608,591,205,180,178,201,204,231,108,97,91,101,95,116,97,83,87,100,109,115,453,186,267,상계로1길
2018,4,A,골목상권,1000382,3570,1774,1796,423,631,408,539,660,909,217,313,236,285,322,401,206,318,172,254,338,508,1680,255,1425,상계로12길
2018,4,A,골목상권,1000381,2506,1237,1269,315,413,306,318,456,698,169,218,155,156,220,319,146,195,151,162,236,379,1044,75,969,동일로242길
2018,4,A,골목상권,1000380,2866,1493,1373,276,924,385,300,384,597,136,495,208,165,200,289,140,429,177,135,184,308,1736,63,1673,동일로192길
2018,4,A,골목상권,1000379,3676,1852,1824,550,553,586,536,591,860,290,281,303,291,272,415,260,272,283,245,319,445,1528,447,1081,동일로173가길
2018,4,A,골목상권,1000378,1523,759,764,258,330,161,227,264,283,145,171,83,98,123,139,113,159,78,129,141,144,673,18,655,공릉로58길
2018,4,A,골목상권,1000377,2245,1084,1161,316,356,296,342,445,490,165,181,150,154,203,231,151,175,146,188,242,259,943,322,621,해등로16길
2018,4,A,골목상권,1000376,2296,1156,1140,327,325,277,334,436,597,179,177,147,155,232,266,148,148,130,179,204,331,1047,64,983,우이천로4다길
2018,4,A,골목상권,1000375,3035,1444,1591,497,404,413,517,469,735,244,201,202,252,224,321,253,203,211,265,245,414,1243,264,979,우이천로32길
2018,4,A,골목상권,1000374,3560,1846,1714,381,484,393,549,700,1053,215,259,221,296,351,504,166,225,172,253,349,549,1684,0,1684,시루봉로23길
2018,4,A,골목상권,1000373,972,455,517,130,192,126,143,133,248,77,56,64,74,69,115,53,136,62,69,64,133,506,0,506,삼양로144길
2018,4,A,골목상권,1000372,2117,1059,1058,230,298,248,320,450,571,111,154,134,170,234,256,119,144,114,150,216,315,1019,34,985,방학로6가길
2018,4,A,골목상권,1000371,3932,1979,1953,546,526,584,538,694,1044,297,265,324,287,336,470,249,261,260,251,358,574,1793,40,1753,방학로5길
2018,4,A,골목상권,1000370,3828,1896,1932,812,502,435,704,671,704,409,272,217,322,332,344,403,230,218,382,339,360,1194,1086,108,방학로15길
2018,4,A,골목상권,1000369,1970,964,1006,288,265,256,314,363,484,148,139,138,152,174,213,140,126,118,162,189,271,820,0,820,방학로10길
2018,4,A,골목상권,1000368,1714,880,834,171,223,202,252,321,545,85,124,108,141,168,254,86,99,94,111,153,291,772,170,602,도봉산길
2018,4,A,골목상권,1000367,373,197,176,20,45,54,49,83,122,11,24,33,30,49,50,9,21,21,19,34,72,215,0,215,도봉산4길
2018,4,A,골목상권,1000366,1957,995,962,236,239,229,270,353,630,121,136,138,142,174,284,115,103,91,128,179,346,881,0,881,도봉로181길
2018,4,A,골목상권,1000365,3054,1550,1504,311,319,440,444,535,1005,166,152,245,243,259,485,145,167,195,201,276,520,1477,247,1230,도봉로169나길
2018,4,A,골목상권,1000364,1411,761,650,144,169,153,207,294,444,62,89,91,128,169,222,82,80,62,79,125,222,721,0,721,도봉로156길
2018,4,A,골목상권,1000363,692,370,322,47,88,80,65,166,246,24,57,50,38,90,111,23,31,30,27,76,135,381,0,381,도봉로152가길
2018,4,A,골목상권,1000362,3517,1732,1785,400,489,420,492,686,1030,193,248,207,267,358,459,207,241,213,225,328,571,1795,0,1795,도봉로147길
2018,4,A,골목상권,1000361,1867,926,941,202,276,216,266,375,532,111,137,113,134,183,248,91,139,103,132,192,284,819,87,732,도봉로143길
2018,4,A,골목상권,1000360,4840,2323,2517,439,794,715,739,890,1263,205,389,360,380,433,556,234,405,355,359,457,707,2543,155,2388,도봉로114길
2018,4,A,골목상권,1000359,2315,1125,1190,274,353,391,340,349,608,134,182,197,174,163,275,140,171,194,166,186,333,1116,179,937,도봉로109길
2018,4,A,골목상권,1000358,2901,1461,1440,298,396,353,455,511,888,144,207,186,237,265,422,154,189,167,218,246,466,1400,0,1400,도당로29길
2018,4,A,골목상권,1000357,3890,2034,1856,480,524,416,628,697,1145,263,292,226,332,392,529,217,232,190,296,305,616,1838,0,1838,도당로19길
2018,4,A,골목상권,1000356,3472,1750,1722,507,497,432,544,652,840,271,263,241,266,332,377,236,234,191,278,320,463,1528,0,1528,도당로13바길
2018,4,A,골목상권,1000355,1613,835,778,160,209,186,256,330,472,89,108,111,135,166,226,71,101,75,121,164,246,782,0,782,도당로13가길
2018,4,A,골목상권,1000354,2419,1196,1223,338,349,343,343,431,615,170,179,189,179,202,277,168,170,154,164,229,338,1102,0,1102,덕릉로60길
2018,4,A,골목상권,1000353,1912,949,963,276,259,278,285,337,477,152,122,141,146,155,233,124,137,137,139,182,244,770,378,392,노해로63다길
2018,4,A,골목상권,1000352,1796,871,925,151,338,336,254,303,414,80,140,172,134,143,202,71,198,164,120,160,212,992,125,867,노해로60길
2018,4,A,골목상권,1000351,1767,867,900,144,369,307,234,300,413,84,173,172,118,149,171,60,196,135,116,151,242,1012,0,1012,한천로140길
2018,4,A,골목상권,1000350,1543,733,810,133,287,246,205,255,417,62,132,129,111,112,187,71,155,117,94,143,230,846,0,846,한천로139가길
2018,4,A,골목상권,1000349,1823,897,926,186,356,322,281,252,426,95,167,173,137,119,206,91,189,149,144,133,220,1020,0,1020,한천로132길
2018,4,A,골목상권,1000348,3203,1627,1576,379,527,464,525,555,753,224,278,236,266,293,330,155,249,228,259,262,423,1630,0,1630,한천로130길
2018,4,A,골목상권,1000347,1841,905,936,220,315,301,271,286,448,111,146,168,150,150,180,109,169,133,121,136,268,936,0,936,한천로124나길
2018,4,A,골목상권,1000346,2984,1438,1546,541,402,372,513,491,665,278,205,182,244,213,316,263,197,190,269,278,349,1045,587,458,한천로109길
2018,4,A,골목상권,1000345,2696,1361,1335,368,330,311,435,509,743,191,168,173,225,254,350,177,162,138,210,255,393,1281,0,1281,인수봉로79길
2018,4,A,골목상권,1000344,3721,1786,1935,528,495,518,506,628,1046,255,253,281,240,296,461,273,242,237,266,332,585,1501,243,1258,인수봉로72길
2018,4,A,골목상권,1000343,1885,899,986,272,274,238,304,316,481,139,138,127,158,135,202,133,136,111,146,181,279,835,0,835,인수봉로56길
2018,4,A,골목상권,1000342,2046,1008,1038,174,343,391,344,346,448,86,149,209,178,178,208,88,194,182,166,168,240,1192,29,1163,오패산로67길
2018,4,A,골목상권,1000341,2884,1425,1459,358,402,367,425,489,843,190,220,203,227,221,364,168,182,164,198,268,479,1269,0,1269,오패산로52길
2018,4,A,골목상권,1000340,1428,700,728,197,228,187,228,217,371,105,112,99,120,103,161,92,116,88,108,114,210,679,0,679,오패산로30길
2018,4,A,골목상권,1000339,3271,1596,1675,319,613,532,468,508,831,161,272,291,254,244,374,158,341,241,214,264,457,1746,19,1727,수유로12길
2018,4,A,골목상권,1000338,2984,1461,1523,376,442,424,443,547,752,189,214,223,223,264,348,187,228,201,220,283,404,1336,0,1336,솔샘로65길
2018,4,A,골목상권,1000337,2334,1086,1248,279,344,338,391,418,564,147,158,184,188,170,239,132,186,154,203,248,325,1096,0,1096,솔매로50길
2018,4,A,골목상권,1000336,2059,998,1061,213,334,269,294,382,567,126,143,137,148,185,259,87,191,132,146,197,308,1057,0,1057,솔매로45길
2018,4,A,골목상권,1000335,3089,1494,1595,338,482,430,439,557,843,179,233,237,219,262,364,159,249,193,220,295,479,1506,0,1506,솔매로41길
2018,4,A,골목상권,1000334,3209,1594,1615,457,422,403,492,563,872,249,213,222,248,266,396,208,209,181,244,297,476,1416,0,1416,삼양로93길
2018,4,A,골목상권,1000333,3122,1597,1525,407,406,445,440,523,901,217,237,239,235,260,409,190,169,206,205,263,492,1387,0,1387,삼양로77길
2018,4,A,골목상권,1000332,3768,1866,1902,431,513,559,563,701,1001,229,254,290,294,356,443,202,259,269,269,345,558,1795,0,1795,삼양로54길
2018,4,A,골목상권,1000331,4172,2091,2081,438,538,465,600,824,1307,222,279,260,323,441,566,216,259,205,277,383,741,2073,0,2073,삼양로41길
2018,4,A,골목상권,1000330,1343,656,687,309,129,219,295,186,205,158,64,101,148,94,91,151,65,118,147,92,114,483,394,89,삼양로27길
2018,4,A,골목상권,1000329,3069,1535,1534,285,344,369,408,589,1074,141,178,210,214,300,492,144,166,159,194,289,582,1582,158,1424,삼양로24길
2018,4,A,골목상권,1000328,2128,1084,1044,243,315,220,319,426,605,129,183,125,167,211,269,114,132,95,152,215,336,1032,0,1032,삼양로20길
2018,4,A,골목상권,1000327,3869,1859,2010,406,691,645,543,650,934,205,335,340,270,300,409,201,356,305,273,350,525,1851,0,1851,삼각산로28길
2018,4,A,골목상권,1000326,2302,1140,1162,214,429,355,336,414,554,108,223,198,171,204,236,106,206,157,165,210,318,1179,0,1179,도봉로99길
2018,4,A,골목상권,1000325,250,126,124,17,28,42,50,48,65,8,16,25,29,26,22,9,12,17,21,22,43,150,0,150,도봉로8길
2018,4,A,골목상권,1000324,3459,1559,1900,307,734,542,468,552,856,132,237,292,239,271,388,175,497,250,229,281,468,2035,84,1951,도봉로76길
2018,4,A,골목상권,1000323,1692,823,869,182,239,246,222,285,518,97,113,134,114,136,229,85,126,112,108,149,289,876,0,876,도봉로67길
2018,4,A,골목상권,1000322,3419,1668,1751,378,543,522,558,571,847,186,254,282,290,259,397,192,289,240,268,312,450,1733,0,1733,도봉로45길
2018,4,A,골목상권,1000321,2954,1458,1496,342,368,411,448,550,835,171,183,243,228,267,366,171,185,168,220,283,469,1357,0,1357,도봉로18길
2018,4,A,골목상권,1000320,1658,830,828,173,243,203,226,314,499,86,141,118,115,156,214,87,102,85,111,158,285,796,0,796,도봉로13길
2018,4,A,골목상권,1000319,2702,1312,1390,185,536,427,425,436,693,91,235,224,227,221,314,94,301,203,198,215,379,1624,0,1624,덕릉로41길
2018,4,A,골목상권,1000318,2213,1098,1115,323,321,311,366,380,512,181,145,148,202,188,234,142,176,163,164,192,278,949,0,949,덕릉로40길
2018,4,A,골목상권,1000317,2646,1298,1348,334,355,384,401,450,722,177,198,201,200,215,307,157,157,183,201,235,415,1198,0,1198,노해로33길
2018,4,A,골목상권,1000316,1392,674,718,199,193,200,232,241,327,99,100,106,121,96,152,100,93,94,111,145,175,593,0,593,노해로23길
2018,4,A,골목상권,1000315,2608,1309,1299,292,421,356,402,476,661,146,215,199,212,239,298,146,206,157,190,237,363,1222,0,1222,노해로17길
2018,4,A,골목상권,1000314,2099,1076,1023,246,279,306,367,397,504,126,141,168,190,209,242,120,138,138,177,188,262,1092,0,1092,화랑로40길
2018,4,A,골목상권,1000313,3330,1655,1675,366,526,414,515,592,917,204,268,211,272,291,409,162,258,203,243,301,508,1662,0,1662,화랑로32길
2018,4,A,골목상권,1000312,2928,1490,1438,366,365,421,481,482,813,201,174,228,265,251,371,165,191,193,216,231,442,1319,41,1278,화랑로1길
2018,4,A,골목상권,1000311,2315,1175,1140,288,287,269,350,445,676,148,156,142,182,230,317,140,131,127,168,215,359,1010,0,1010,화랑로19길
2018,4,A,골목상권,1000310,1356,692,664,131,318,201,191,214,301,64,172,115,112,104,125,67,146,86,79,110,176,715,0,715,화랑로14길
2018,4,A,골목상권,1000309,1269,550,719,128,342,189,148,184,278,62,105,95,70,89,129,66,237,94,78,95,149,693,0,693,화랑로13길
2018,4,A,골목상권,1000308,2191,1065,1126,266,327,305,317,419,557,132,163,153,164,194,259,134,164,152,153,225,298,1003,114,889,한천로76길
2018,4,A,골목상권,1000307,1210,609,601,264,133,152,233,204,224,122,76,77,116,112,106,142,57,75,117,92,118,446,209,237,한천로101가길
2018,4,A,골목상권,1000306,1304,587,717,131,326,250,168,186,243,61,151,110,82,87,96,70,175,140,86,99,147,760,0,760,창경궁로43길
2018,4,A,골목상권,1000305,2763,1395,1368,290,507,447,424,458,637,152,254,250,224,230,285,138,253,197,200,228,352,1387,0,1387,지봉로20길
2018,4,A,골목상권,1000304,2400,1321,1079,247,784,403,264,261,441,119,486,238,141,144,193,128,298,165,123,117,248,1461,84,1377,종암로5길
2018,4,A,골목상권,1000303,2236,1105,1131,386,248,402,356,329,515,196,140,198,182,169,220,190,108,204,174,160,295,922,452,470,종암로24가길
2018,4,A,골목상권,1000302,1689,831,858,293,260,268,289,245,334,147,130,131,154,120,149,146,130,137,135,125,185,712,212,500,종암로21길
2018,4,A,골목상권,1000301,1938,949,989,271,277,291,301,322,476,130,148,152,145,161,213,141,129,139,156,161,263,849,165,684,종암로19길
2018,4,A,골목상권,1000300,3335,1600,1735,368,409,403,477,572,1106,223,201,206,224,285,461,145,208,197,253,287,645,1818,85,1733,종암로16길
2018,4,A,골목상권,1000299,1799,950,849,204,393,249,218,258,477,115,235,144,118,138,200,89,158,105,100,120,277,994,62,932,정릉로8길
2018,4,A,골목상권,1000298,3472,1704,1768,541,448,482,542,536,923,294,235,253,253,271,398,247,213,229,289,265,525,1466,0,1466,정릉로27길
2018,4,A,골목상권,1000297,1872,913,959,289,189,228,343,286,537,144,102,114,171,144,238,145,87,114,172,142,299,826,0,826,정릉로26길
2018,4,A,골목상권,1000296,267,142,125,30,28,28,49,55,77,13,12,15,29,33,40,17,16,13,20,22,37,153,0,153,장위로50길
2018,4,A,골목상권,1000295,2053,952,1101,229,459,266,261,305,533,106,170,144,142,158,232,123,289,122,119,147,301,1121,268,853,장월로1길
2018,4,A,골목상권,1000294,987,496,491,155,145,157,184,138,208,80,81,78,93,69,95,75,64,79,91,69,113,443,0,443,인촌로6길
2018,4,A,골목상권,1000293,1509,668,841,126,522,245,171,163,282,62,199,122,81,82,122,64,323,123,90,81,160,938,0,938,인촌로5길
2018,4,A,골목상권,1000292,701,410,291,49,285,104,73,70,120,24,173,68,46,40,59,25,112,36,27,30,61,504,0,504,인촌로24길
2018,4,A,골목상권,1000291,1012,491,521,74,554,123,68,62,131,39,268,73,31,31,49,35,286,50,37,31,82,789,0,789,개운사길
2018,4,A,골목상권,1000290,991,477,514,78,229,160,135,154,235,37,99,79,79,81,102,41,130,81,56,73,133,605,0,605,인촌로1길
2018,4,A,골목상권,1000289,1621,824,797,155,541,232,216,185,292,84,300,113,108,92,127,71,241,119,108,93,165,983,0,983,인촌로17가길
2018,4,A,골목상권,1000288,3008,1454,1554,341,607,377,430,490,763,154,264,205,237,251,343,187,343,172,193,239,420,1497,0,1497,오패산로4길
2018,4,A,골목상권,1000287,3327,1631,1696,454,392,436,470,556,1019,215,204,241,257,253,461,239,188,195,213,303,558,1439,342,1097,오패산로3길
2018,4,A,골목상권,1000286,1677,834,843,164,217,198,265,304,529,83,116,101,136,159,239,81,101,97,129,145,290,838,0,838,오패산로19길
2018,4,A,골목상권,1000285,2233,1124,1109,248,450,390,358,340,447,133,242,210,185,169,185,115,208,180,173,171,262,1174,0,1174,안암로5길
2018,4,A,골목상권,1000284,3084,1370,1714,267,833,610,374,364,636,135,323,289,174,175,274,132,510,321,200,189,362,1811,0,1811,아리랑로4길
2018,4,A,골목상권,1000283,1989,988,1001,263,340,259,276,298,553,141,182,136,133,159,237,122,158,123,143,139,316,893,0,893,솔샘로6길
2018,4,A,골목상권,1000282,1640,802,838,283,234,257,279,266,321,151,119,126,134,133,139,132,115,131,145,133,182,644,95,549,성북로8길
2018,4,A,골목상권,1000281,742,349,393,83,86,97,115,122,239,40,41,48,59,64,97,43,45,49,56,58,142,374,0,374,삼양로8길
2018,4,A,골목상권,1000280,1760,890,870,237,267,236,264,302,454,123,150,133,136,152,196,114,117,103,128,150,258,847,0,847,삼선교로16가길
2018,4,A,골목상권,1000279,2290,1144,1146,234,422,352,340,361,581,118,227,192,177,169,261,116,195,160,163,192,320,1198,0,1198,삼선교로10다길
2018,4,A,골목상권,1000278,2342,1083,1259,260,486,378,328,327,563,129,234,181,156,138,245,131,252,197,172,189,318,1207,0,1207,삼선교로10길
2018,4,A,골목상권,1000277,1295,433,862,71,515,294,128,107,180,26,104,128,57,44,74,45,411,166,71,63,106,927,0,927,보문로32길
2018,4,A,골목상권,1000276,2921,1328,1593,358,647,518,414,392,592,183,280,244,195,182,244,175,367,274,219,210,348,1578,0,1578,보문로31길
2018,4,A,골목상권,1000275,1517,731,786,125,403,235,181,223,350,69,191,121,93,118,139,56,212,114,88,105,211,947,0,947,보문로26길
2018,4,A,골목상권,1000274,2355,1144,1211,213,392,365,372,401,612,113,193,200,185,180,273,100,199,165,187,221,339,1264,0,1264,보문로13길
2018,4,A,골목상권,1000273,2961,1468,1493,437,423,421,459,482,739,234,221,218,245,231,319,203,202,203,214,251,420,1236,0,1236,보국문로16길
2018,4,A,골목상권,1000272,278,131,147,27,35,36,35,52,93,15,18,18,16,27,37,12,17,18,19,25,56,146,0,146,동소문로6길
2018,4,A,골목상권,1000271,374,195,179,35,58,43,58,63,117,21,31,24,32,31,56,14,27,19,26,32,61,215,0,215,동소문로2길
2018,4,A,골목상권,1000270,2278,897,1381,149,708,385,299,233,504,61,198,170,142,108,218,88,510,215,157,125,286,1530,0,1530,동소문로26가길
2018,4,A,골목상권,1000269,1084,460,624,127,293,190,146,132,196,68,100,88,66,61,77,59,193,102,80,71,119,622,0,622,동소문로15길
2018,4,A,골목상권,1000268,2936,1331,1605,495,556,412,455,434,584,244,233,195,207,203,249,251,323,217,248,231,335,1299,392,907,동소문로13길
2018,4,A,골목상권,1000267,1332,676,656,144,162,159,165,267,435,76,87,83,95,133,202,68,75,76,70,134,233,628,0,628,돌곶이로8길
2018,4,A,골목상권,1000266,1915,957,958,263,243,270,293,339,507,142,127,154,141,171,222,121,116,116,152,168,285,839,0,839,돌곶이로41길
2018,4,A,골목상권,1000265,1015,553,462,120,128,118,166,210,273,67,64,60,91,124,147,53,64,58,75,86,126,488,97,391,돌곶이로28길
2018,4,A,골목상권,1000264,2740,1388,1352,303,334,311,437,513,842,157,189,168,227,264,383,146,145,143,210,249,459,1270,0,1270,돌곶이로27길
2018,4,A,골목상권,1000263,1179,587,592,144,186,160,181,210,298,66,89,91,87,103,151,78,97,69,94,107,147,606,0,606,돌곶이로22길
2018,4,A,골목상권,1000262,1295,651,644,155,170,150,201,241,378,92,74,76,108,126,175,63,96,74,93,115,203,587,0,587,돌곶이로14길
2018,4,A,골목상권,1000261,275,139,136,15,22,25,33,44,136,8,11,14,19,25,62,7,11,11,14,19,74,172,0,172,길음로7길
2018,4,A,골목상권,1000260,2611,1315,1296,312,353,380,428,494,644,155,177,206,226,251,300,157,176,174,202,243,344,1290,82,1208,중랑천로10길
2018,4,A,골목상권,1000259,3451,1778,1673,438,492,447,501,693,880,213,273,254,273,340,425,225,219,193,228,353,455,1590,107,1483,용마산로94길
2018,4,A,골목상권,1000258,1978,1036,942,171,228,225,283,439,632,84,115,132,153,245,307,87,113,93,130,194,325,1187,0,1187,용마산로118길
2018,4,A,골목상권,1000257,2287,1161,1126,272,321,270,316,455,653,127,171,148,163,240,312,145,150,122,153,215,341,1070,30,1040,용마산로112길
2018,4,A,골목상권,1000256,3066,1549,1517,456,421,417,494,553,725,229,224,216,235,310,335,227,197,201,259,243,390,1396,0,1396,용마산로100길
2018,4,A,골목상권,1000255,3756,1826,1930,777,521,571,508,645,734,399,263,260,276,295,333,378,258,311,232,350,401,1350,484,866,신내로7가길
2018,4,A,골목상권,1000254,3180,1581,1599,304,505,551,501,525,794,174,245,291,278,244,349,130,260,260,223,281,445,1751,0,1751,사가정로54길
2018,4,A,골목상권,1000253,3131,1534,1597,426,438,452,456,567,792,203,228,219,235,261,388,223,210,233,221,306,404,1341,535,806,사가정로42길
2018,4,A,골목상권,1000252,3893,1907,1986,691,512,557,632,676,825,348,274,291,312,320,362,343,238,266,320,356,463,1458,399,1059,봉화산로56길
2018,4,A,골목상권,1000251,4652,2474,2178,442,613,687,707,954,1249,246,322,380,395,523,608,196,291,307,312,431,641,2410,0,2410,봉화산로4길
2018,4,A,골목상권,1000250,3219,1629,1590,421,522,547,453,555,721,228,257,291,237,286,330,193,265,256,216,269,391,1537,0,1537,봉화산로30길
2018,4,A,골목상권,1000249,2159,1037,1122,174,454,511,272,324,424,81,188,275,140,151,202,93,266,236,132,173,222,1222,0,1222,봉우재로33길
2018,4,A,골목상권,1000248,5399,2673,2726,648,808,814,790,1001,1338,320,404,456,408,495,590,328,404,358,382,506,748,2640,22,2618,면목로78길
2018,4,A,골목상권,1000247,2848,1448,1400,324,429,391,428,609,667,171,238,218,214,295,312,153,191,173,214,314,355,1367,0,1367,면목로56길
2018,4,A,골목상권,1000246,1994,1014,980,298,283,301,339,366,407,151,143,151,185,190,194,147,140,150,154,176,213,940,0,940,면목로55길
2018,4,A,골목상권,1000245,2887,1455,1432,284,353,503,467,509,771,166,157,277,257,244,354,118,196,226,210,265,417,1614,0,1614,면목로49길
2018,4,A,골목상권,1000244,3095,1490,1605,373,485,551,473,531,682,187,222,288,243,247,303,186,263,263,230,284,379,1529,0,1529,면목로48길
2018,4,A,골목상권,1000243,1356,684,672,114,224,190,217,251,360,55,117,95,119,136,162,59,107,95,98,115,198,728,0,728,면목로45길
2018,4,A,골목상권,1000242,2668,1356,1312,410,357,381,451,447,622,220,181,199,233,248,275,190,176,182,218,199,347,1231,0,1231,면목로33길
2018,4,A,골목상권,1000241,1920,971,949,252,271,295,327,334,441,132,146,151,179,167,196,120,125,144,148,167,245,884,0,884,면목로21길
2018,4,A,골목상권,1000240,1447,780,667,170,186,154,222,292,423,86,114,87,123,153,217,84,72,67,99,139,206,739,0,739,망우로73길
2018,4,A,골목상권,1000239,2371,1219,1152,289,355,339,325,473,590,151,194,186,163,232,293,138,161,153,162,241,297,1154,0,1154,망우로68길
2018,4,A,골목상권,1000238,3673,1839,1834,480,528,698,535,636,796,239,254,392,263,324,367,241,274,306,272,312,429,1838,0,1838,동일로163길
2018,4,A,골목상권,1000237,2697,1341,1356,261,467,500,392,460,617,132,212,277,212,237,271,129,255,223,180,223,346,1470,0,1470,동일로157길
2018,4,A,골목상권,1000236,3015,1486,1529,438,446,512,465,506,648,229,224,268,232,247,286,209,222,244,233,259,362,1362,0,1362,동일로149길
2018,4,A,골목상권,1000235,2426,1269,1157,322,354,421,330,428,571,189,198,219,187,219,257,133,156,202,143,209,314,1089,0,1089,동일로140길
2018,4,A,골목상권,1000234,2839,1444,1395,232,365,386,414,618,824,115,182,209,216,326,396,117,183,177,198,292,428,1555,0,1555,동일로139길
2018,4,A,골목상권,1000233,1752,897,855,222,264,259,234,354,419,115,135,139,123,179,206,107,129,120,111,175,213,762,110,652,동일로139가길
2018,4,A,골목상권,1000232,3433,1649,1784,480,552,547,471,635,748,228,282,271,240,297,331,252,270,276,231,338,417,1547,0,1547,동일로130길
2018,4,A,골목상권,1000231,2694,1353,1341,263,400,376,379,581,695,151,200,195,189,297,321,112,200,181,190,284,374,1422,0,1422,동일로123길
2018,4,A,골목상권,1000230,4319,2131,2188,389,786,836,615,784,909,212,373,420,323,377,426,177,413,416,292,407,483,2378,0,2378,동일로112길
2018,4,A,골목상권,1000229,3029,1496,1533,460,401,365,534,574,695,204,201,197,276,298,320,256,200,168,258,276,375,1366,146,1220,동일로101길
2018,4,A,골목상권,1000228,5044,2557,2487,612,787,762,699,988,1196,316,393,422,357,497,572,296,394,340,342,491,624,2339,59,2280,동일로100길
2018,4,A,골목상권,1000227,1960,969,991,258,288,302,301,386,425,132,136,166,146,198,191,126,152,136,155,188,234,917,19,898,답십리로75길
2018,4,A,골목상권,1000226,4220,2043,2177,503,624,775,642,624,1052,259,307,384,327,289,477,244,317,391,315,335,575,2034,364,1670,공릉로2길
2018,4,A,골목상권,1000225,1419,708,711,298,183,201,249,213,275,155,106,102,122,101,122,143,77,99,127,112,153,565,127,438,공릉로12가길
2018,4,A,골목상권,1000224,5220,2623,2597,671,823,877,792,967,1090,342,434,459,409,479,500,329,389,418,383,488,590,2377,109,2268,겸재로54길
2018,4,A,골목상권,1000223,4285,2092,2193,450,633,660,709,793,1040,228,291,340,352,398,483,222,342,320,357,395,557,2387,0,2387,겸재로36길
2018,4,A,골목상권,1000222,2290,1175,1115,233,356,368,343,430,560,121,184,195,192,224,259,112,172,173,151,206,301,1242,196,1046,겸재로29길
2018,4,A,골목상권,1000221,2597,1285,1312,231,463,392,383,468,660,115,230,208,211,246,275,116,233,184,172,222,385,1442,0,1442,휘경로3길
2018,4,A,골목상권,1000220,1304,673,631,113,374,206,162,174,275,52,187,129,94,88,123,61,187,77,68,86,152,788,0,788,휘경로2길
2018,4,A,골목상권,1000219,2534,1247,1287,222,310,350,436,414,802,106,171,190,237,222,321,116,139,160,199,192,481,1491,0,1491,휘경로23길
2018,4,A,골목상권,1000218,1974,1025,949,151,299,253,313,382,576,78,164,140,181,198,264,73,135,113,132,184,312,1099,0,1099,휘경로14길
2018,4,A,골목상권,1000217,2386,1150,1236,429,278,315,429,391,544,213,127,175,193,195,247,216,151,140,236,196,297,922,421,501,한천로46길
2018,4,A,골목상권,1000216,1844,926,918,187,240,208,293,348,568,90,130,110,155,185,256,97,110,98,138,163,312,985,0,985,한천로40길
2018,4,A,골목상권,1000215,872,424,448,123,122,121,153,161,192,64,54,55,83,78,90,59,68,66,70,83,102,390,0,390,한천로33길
2018,4,A,골목상권,1000214,3130,1634,1496,318,368,415,493,649,887,170,191,221,275,354,423,148,177,194,218,295,464,1674,44,1630,한천로14길
2018,4,A,골목상권,1000213,2761,1420,1341,409,429,507,470,393,553,216,216,270,251,190,277,193,213,237,219,203,276,1224,418,806,천호대로97길
2018,4,A,골목상권,1000212,2360,1225,1135,288,356,379,364,423,550,149,195,212,184,203,282,139,161,167,180,220,268,1023,93,930,천호대로77길
2018,4,A,골목상권,1000211,2583,1359,1224,240,398,389,337,421,798,124,217,223,196,219,380,116,181,166,141,202,418,1346,0,1346,천호대로45길
2018,4,A,골목상권,1000210,2859,1413,1446,243,606,564,416,433,597,130,274,303,222,229,255,113,332,261,194,204,342,1712,35,1677,천호대로17길
2018,4,A,골목상권,1000209,207,117,90,26,25,23,37,45,51,13,14,13,25,25,27,13,11,10,12,20,24,104,0,104,천호대로12길
2018,4,A,골목상권,1000208,1387,700,687,131,764,146,92,83,171,53,403,82,46,37,79,78,361,64,46,46,92,1051,0,1051,천장산로7길
2018,4,A,골목상권,1000207,1016,559,457,62,214,155,140,155,290,35,122,97,85,90,130,27,92,58,55,65,160,656,0,656,제기로5길
2018,4,A,골목상권,1000206,3144,1599,1545,279,310,330,409,546,1270,137,172,201,219,287,583,142,138,129,190,259,687,1832,0,1832,제기로21길
2018,4,A,골목상권,1000205,1473,768,705,119,183,145,242,322,462,68,103,76,134,176,211,51,80,69,108,146,251,872,0,872,전농로4길
2018,4,A,골목상권,1000204,1649,830,819,212,244,172,263,311,447,116,129,94,126,155,210,96,115,78,137,156,237,776,0,776,전농로3길
2018,4,A,골목상권,1000203,1970,978,992,231,278,225,284,379,573,116,162,129,142,186,243,115,116,96,142,193,330,972,0,972,전농로29길
2018,4,A,골목상권,1000202,2291,1145,1146,320,334,400,336,398,503,170,171,201,163,191,249,150,163,199,173,207,254,960,162,798,장한로8길
2018,4,A,골목상권,1000201,2085,1041,1044,298,304,349,309,357,468,161,147,185,164,171,213,137,157,164,145,186,255,910,305,605,장한로5길
2018,4,A,골목상권,1000200,932,501,431,101,110,146,155,187,233,55,62,78,87,100,119,46,48,68,68,87,114,497,25,472,장한로27길
2018,4,A,골목상권,1000199,974,476,498,121,131,124,152,173,273,55,71,59,76,92,123,66,60,65,76,81,150,446,0,446,장한로27가길
2018,4,A,골목상권,1000198,2624,1290,1334,505,287,371,512,359,590,258,145,165,272,175,275,247,142,206,240,184,315,981,293,688,장한로26길
2018,4,A,골목상권,1000197,1417,703,714,203,210,298,221,200,285,97,93,156,120,93,144,106,117,142,101,107,141,674,313,361,장한로26가길
2018,4,A,골목상권,1000196,602,307,295,77,80,113,77,114,141,42,46,64,39,53,63,35,34,49,38,61,78,271,0,271,장한로25길
2018,4,A,골목상권,1000195,1457,746,711,252,168,233,243,199,362,135,90,120,134,97,170,117,78,113,109,102,192,538,140,398,장한로14길
2018,4,A,골목상권,1000194,3339,1700,1639,384,552,453,488,549,913,208,275,263,254,283,417,176,277,190,234,266,496,1676,0,1676,이문로42길
2018,4,A,골목상권,1000193,3473,1786,1687,360,398,457,521,666,1071,187,224,243,296,365,471,173,174,214,225,301,600,1898,310,1588,왕산로43길
2018,4,A,골목상권,1000192,627,313,314,40,65,67,73,105,277,17,32,37,39,57,131,23,33,30,34,48,146,363,0,363,왕산로33길
2018,4,A,골목상권,1000191,1076,566,510,68,185,160,138,188,337,31,98,86,87,107,157,37,87,74,51,81,180,632,0,632,왕산로32길
2018,4,A,골목상권,1000190,1564,820,744,98,183,173,197,286,627,54,97,100,124,168,277,44,86,73,73,118,350,927,0,927,약령시로17길
2018,4,A,골목상권,1000189,2393,1211,1182,384,303,428,402,348,528,208,142,223,213,184,241,176,161,205,189,164,287,1115,114,1001,서울시립대로4길
2018,4,A,골목상권,1000188,4149,2109,2040,425,1124,622,440,551,987,228,601,359,248,254,419,197,523,263,192,297,568,2336,0,2336,서울시립대로29길
2018,4,A,골목상권,1000187,3392,1662,1730,413,561,382,501,667,868,208,284,217,258,316,379,205,277,165,243,351,489,1494,437,1057,서울시립대로16길
2018,4,A,골목상권,1000186,1821,891,930,249,253,282,293,316,428,123,139,137,148,160,184,126,114,145,145,156,244,860,155,705,사가정로2길
2018,4,A,골목상권,1000185,2021,977,1044,318,282,272,324,352,473,156,145,143,155,159,219,162,137,129,169,193,254,780,150,630,사가정로23가길
2018,4,A,골목상권,1000184,2001,978,1023,205,275,252,254,405,610,98,148,136,129,202,265,107,127,116,125,203,345,1006,0,1006,사가정로13길
2018,4,A,골목상권,1000183,1054,620,434,94,326,178,117,135,204,46,219,118,66,76,95,48,107,60,51,59,109,667,0,667,무학로45길
2018,4,A,골목상권,1000182,1368,702,666,158,184,186,205,267,368,76,112,105,112,125,172,82,72,81,93,142,196,635,0,635,무학로16길
2018,4,A,골목상권,1000181,559,285,274,76,87,73,72,90,161,39,41,43,35,43,84,37,46,30,37,47,77,252,107,145,망우로21길
2018,4,A,골목상권,1000180,1556,765,791,163,550,216,187,163,277,78,270,115,100,80,122,85,280,101,87,83,155,955,0,955,망우로18길
2018,4,A,골목상권,1000179,2586,1346,1240,228,890,331,256,317,564,115,504,195,137,140,255,113,386,136,119,177,309,1557,0,1557,망우로18가길
2018,4,A,골목상권,1000178,1142,558,584,156,161,223,168,192,242,76,82,106,89,90,115,80,79,117,79,102,127,530,22,508,답십리로72길
2018,4,A,골목상권,1000177,1795,946,849,309,195,314,292,275,410,172,107,165,157,136,209,137,88,149,135,139,201,711,267,444,답십리로69길
2018,4,A,골목상권,1000176,3318,1714,1604,385,485,730,579,557,582,223,246,400,304,276,265,162,239,330,275,281,317,1652,0,1652,답십리로68길
2018,4,A,골목상권,1000175,2831,1412,1419,352,366,449,451,538,675,178,185,249,236,270,294,174,181,200,215,268,381,1384,35,1349,답십리로64길
2018,4,A,골목상권,1000174,1374,706,668,153,191,188,217,248,377,70,103,115,115,125,178,83,88,73,102,123,199,656,0,656,답십리로63길
2018,4,A,골목상권,1000173,1715,880,835,203,233,225,246,332,476,104,122,127,133,167,227,99,111,98,113,165,249,790,140,650,답십리로60길
2018,4,A,골목상권,1000172,3636,1799,1837,416,455,466,574,670,1055,201,249,253,299,332,465,215,206,213,275,338,590,1729,451,1278,답십리로56길
2018,4,A,골목상권,1000171,2334,1151,1183,300,366,335,344,407,582,172,178,163,182,196,260,128,188,172,162,211,322,1113,89,1024,답십리로23길
2018,4,A,골목상권,1000170,214,127,87,20,29,32,35,31,67,13,15,20,20,18,41,7,14,12,15,13,26,111,0,111,난계로30길
2018,4,A,골목상권,1000169,1245,634,611,119,429,169,155,142,231,55,228,97,79,70,105,64,201,72,76,72,126,779,0,779,경희대로4길
2018,4,A,골목상권,1000168,601,283,318,42,228,108,61,57,105,19,99,56,28,34,47,23,129,52,33,23,58,414,0,414,경희대로3길
2018,4,A,골목상권,1000167,3330,1600,1730,485,503,549,513,558,722,247,246,275,255,254,323,238,257,274,258,304,399,1369,22,1347,천호대로129길
2018,4,A,골목상권,1000166,3065,1474,1591,454,489,536,460,545,581,241,233,262,227,248,263,213,256,274,233,297,318,1315,0,1315,천호대로123길
2018,4,A,골목상권,1000165,3559,1663,1896,408,688,729,502,554,678,207,281,344,242,267,322,201,407,385,260,287,356,1769,214,1555,천호대로109길
2018,4,A,골목상권,1000164,3711,1870,1841,552,549,513,597,693,807,285,305,247,310,350,373,267,244,266,287,343,434,1626,150,1476,자양번영로3길
2018,4,A,골목상권,1000163,2772,1340,1432,397,374,457,386,508,650,208,174,222,187,246,303,189,200,235,199,262,347,1174,0,1174,자양로53길
2018,4,A,골목상권,1000162,4521,2199,2322,666,621,696,697,763,1078,356,330,356,337,344,476,310,291,340,360,419,602,1924,17,1907,자양로50길
2018,4,A,골목상권,1000161,2530,1204,1326,283,406,431,387,465,558,155,190,196,193,215,255,128,216,235,194,250,303,1140,0,1140,자양로45길
2018,4,A,골목상권,1000160,3052,1455,1597,365,626,550,494,495,522,187,277,273,239,239,240,178,349,277,255,256,282,1482,58,1424,자양로26길
2018,4,A,골목상권,1000159,1886,846,1040,209,351,316,269,301,440,106,151,133,118,145,193,103,200,183,151,156,247,968,0,968,자양로15길
2018,4,A,골목상권,1000158,3832,1873,1959,399,619,701,552,671,890,194,309,369,279,321,401,205,310,332,273,350,489,2055,0,2055,자양로11길
2018,4,A,골목상권,1000157,3903,1902,2001,642,619,773,592,583,694,357,305,366,291,271,312,285,314,407,301,312,382,1715,39,1676,용마산로3길
2018,4,A,골목상권,1000156,5416,2681,2735,701,879,989,772,981,1094,349,438,525,376,484,509,352,441,464,396,497,585,2408,38,2370,용마산로21길
2018,4,A,골목상권,1000155,1476,708,768,215,198,331,216,211,305,112,95,151,109,98,143,103,103,180,107,113,162,639,201,438,아차산로78길
2018,4,A,골목상권,1000154,3001,1415,1586,593,445,457,541,433,532,274,220,217,255,207,242,319,225,240,286,226,290,1246,70,1176,아차산로65길
2018,4,A,골목상권,1000153,2877,1344,1533,248,639,636,387,403,564,132,305,310,198,160,239,116,334,326,189,243,325,1517,0,1517,아차산로55길
2018,4,A,골목상권,1000152,1779,832,947,167,472,396,216,257,271,85,199,192,101,131,124,82,273,204,115,126,147,1013,0,1013,아차산로51길
2018,4,A,골목상권,1000151,3042,1494,1548,398,561,533,444,493,613,206,274,263,226,252,273,192,287,270,218,241,340,1406,46,1360,아차산로40길
2018,4,A,골목상권,1000150,4210,2099,2111,429,614,743,598,799,1027,215,321,401,297,390,475,214,293,342,301,409,552,2155,0,2155,면목로17길
2018,4,A,골목상권,1000149,2935,1471,1464,407,507,475,435,503,608,223,251,252,208,241,296,184,256,223,227,262,312,1293,0,1293,뚝섬로64길
2018,4,A,골목상권,1000148,3603,1730,1873,609,532,642,592,538,690,311,254,324,271,256,314,298,278,318,321,282,376,1455,33,1422,뚝섬로58길
2018,4,A,골목상권,1000147,3665,1805,1860,664,526,665,665,567,578,344,270,337,313,273,268,320,256,328,352,294,310,1461,30,1431,뚝섬로54길
2018,4,A,골목상권,1000146,3659,1781,1878,475,580,718,589,582,715,244,281,352,299,279,326,231,299,366,290,303,389,1696,0,1696,뚝섬로48길
2018,4,A,골목상권,1000145,2990,1508,1482,328,419,489,451,564,739,165,216,275,223,288,341,163,203,214,228,276,398,1476,0,1476,뚝섬로24길
2018,4,A,골목상권,1000144,1914,941,973,218,264,295,286,354,497,103,133,154,156,179,216,115,131,141,130,175,281,989,88,901,뚝섬로23길
2018,4,A,골목상권,1000143,2973,1440,1533,233,928,608,354,348,502,124,399,319,196,171,231,109,529,289,158,177,271,1849,169,1680,동일로24길
2018,4,A,골목상권,1000142,1845,958,887,154,326,320,267,335,443,77,165,177,144,191,204,77,161,143,123,144,239,1058,0,1058,동일로18길
2018,4,A,골목상권,1000141,3013,1483,1530,639,399,471,543,502,459,329,199,218,267,246,224,310,200,253,276,256,235,1071,389,682,능동로4길
2018,4,A,골목상권,1000140,3639,1812,1827,348,460,523,516,724,1068,167,242,263,278,367,495,181,218,260,238,357,573,1901,205,1696,능동로3길
2018,4,A,골목상권,1000139,5108,2347,2761,579,941,1245,747,653,943,301,388,563,374,303,418,278,553,682,373,350,525,2702,0,2702,능동로34길
2018,4,A,골목상권,1000138,2317,1125,1192,96,887,399,241,274,420,35,383,208,142,168,189,61,504,191,99,106,231,1847,0,1847,능동로19길
2018,4,A,골목상권,1000137,3647,1728,1919,217,1418,717,352,387,556,112,615,373,186,201,241,105,803,344,166,186,315,2530,0,2530,능동로13길
2018,4,A,골목상권,1000136,2083,1048,1035,246,339,368,305,354,471,133,161,197,161,175,221,113,178,171,144,179,250,986,0,986,긴고랑로9길
2018,4,A,골목상권,1000135,4150,2091,2059,408,684,870,596,695,897,236,327,455,315,334,424,172,357,415,281,361,473,2086,20,2066,긴고랑로8길
2018,4,A,골목상권,1000134,4756,2316,2440,668,701,723,794,837,1033,338,338,365,398,407,470,330,363,358,396,430,563,2222,31,2191,긴고랑로7길
2018,4,A,골목상권,1000133,4137,1973,2164,518,675,736,620,707,881,272,316,359,304,320,402,246,359,377,316,387,479,1997,0,1997,긴고랑로20길
2018,4,A,골목상권,1000132,4356,2072,2284,586,734,831,712,661,832,275,361,408,353,312,363,311,373,423,359,349,469,2061,0,2061,광나루로52길
2018,4,A,골목상권,1000131,3897,1941,1956,425,700,802,612,532,826,205,343,429,317,283,364,220,357,373,295,249,462,1953,0,1953,광나루로40길
2018,4,A,골목상권,1000130,679,329,350,104,100,102,96,118,159,52,48,51,50,62,66,52,52,51,46,56,93,316,0,316,광나루로37길
2018,4,A,골목상권,1000129,2665,1284,1381,340,423,487,420,420,575,155,212,233,221,212,251,185,211,254,199,208,324,1367,0,1367,광나루로36길
2018,4,A,골목상권,1000128,1289,684,605,89,439,213,151,157,240,44,246,120,91,77,106,45,193,93,60,80,134,826,0,826,광나루로24길
2018,4,A,골목상권,1000127,2765,1353,1412,128,1460,607,220,167,183,57,636,338,132,95,95,71,824,269,88,72,88,2316,41,2275,광나루로12길
2018,4,A,골목상권,1000126,2107,976,1131,203,278,352,306,387,581,89,123,172,154,203,235,114,155,180,152,184,346,1019,700,319,한림말길
2018,4,A,골목상권,1000125,922,437,485,117,133,175,149,119,229,58,58,84,77,58,102,59,75,91,72,61,127,488,57,431,한림말3길
2018,4,A,골목상권,1000124,2624,1338,1286,307,419,356,393,498,651,163,227,193,199,263,293,144,192,163,194,235,358,1221,0,1221,청계천로10나길
2018,4,A,골목상권,1000123,1949,943,1006,199,255,293,307,319,576,109,129,148,157,154,246,90,126,145,150,165,330,988,0,988,장터길
2018,4,A,골목상권,1000122,2613,1350,1263,295,419,327,429,477,666,157,222,180,228,243,320,138,197,147,201,234,346,1232,0,1232,용답중앙길
2018,4,A,골목상권,1000121,3063,1536,1527,313,478,453,476,571,772,155,228,239,252,308,354,158,250,214,224,263,418,1613,0,1613,용답29길
2018,4,A,골목상권,1000120,2259,1143,1116,310,344,385,405,315,500,173,174,192,202,159,243,137,170,193,203,156,257,1073,175,898,왕십리로6길
2018,4,A,골목상권,1000119,2870,1363,1507,319,528,488,446,421,668,149,231,249,233,209,292,170,297,239,213,212,376,1480,94,1386,왕십리로31길
2018,4,A,골목상권,1000118,2882,1438,1444,353,591,427,446,498,567,184,273,220,232,273,256,169,318,207,214,225,311,1485,0,1485,왕십리로26길
2018,4,A,골목상권,1000117,2417,1131,1286,306,478,368,398,380,487,150,216,188,194,178,205,156,262,180,204,202,282,1186,0,1186,왕십리로21길
2018,4,A,골목상권,1000116,1831,945,886,216,331,298,273,316,397,123,165,144,138,167,208,93,166,154,135,149,189,899,77,822,왕십리로14길
2018,4,A,골목상권,1000115,1820,953,867,184,384,341,259,315,337,109,187,190,138,170,159,75,197,151,121,145,178,918,0,918,아차산로5길
2018,4,A,골목상권,1000114,429,249,180,7,149,161,52,31,29,3,56,104,43,24,19,4,93,57,9,7,10,397,0,397,아차산로15길
2018,4,A,골목상권,1000113,355,206,149,38,47,62,71,72,65,18,24,33,45,44,42,20,23,29,26,28,23,197,0,197,아차산로11길
2018,4,A,골목상권,1000112,2678,1440,1238,276,473,382,368,553,626,140,256,207,213,311,313,136,217,175,155,242,313,1414,0,1414,송정4가길
2018,4,A,골목상권,1000111,1292,693,599,151,200,187,194,242,318,85,109,100,115,132,152,66,91,87,79,110,166,661,0,661,송정12라길
2018,4,A,골목상권,1000110,624,355,269,69,120,84,110,127,114,32,64,45,63,84,67,37,56,39,47,43,47,370,0,370,성수일로6길
2018,4,A,골목상권,1000109,1289,695,594,107,300,236,172,223,251,56,137,141,98,128,135,51,163,95,74,95,116,778,26,752,성수이로7길
2018,4,A,골목상권,1000108,259,150,109,31,36,25,51,61,55,15,18,18,33,42,24,16,18,7,18,19,31,146,0,146,성수이로18길
2018,4,A,골목상권,1000107,3209,1669,1540,390,540,417,491,702,669,203,299,232,243,397,295,187,241,185,248,305,374,1559,0,1559,성덕정길
2018,4,A,골목상권,1000106,3526,1880,1646,377,481,476,528,762,902,194,255,259,297,445,430,183,226,217,231,317,472,1813,0,1813,성덕정17길
2018,4,A,골목상권,1000105,1793,895,898,233,287,355,286,278,354,113,158,181,152,137,154,120,129,174,134,141,200,880,54,826,서울숲2길
2018,4,A,골목상권,1000104,1128,576,552,131,206,217,195,176,203,64,102,113,105,97,95,67,104,104,90,79,108,611,0,611,상원길
2018,4,A,골목상권,1000103,2392,1211,1181,331,415,440,362,401,443,170,205,234,197,204,201,161,210,206,165,197,242,1131,442,689,상원12길
2018,4,A,골목상권,1000102,2405,1346,1059,169,967,304,213,252,500,82,614,185,119,124,222,87,353,119,94,128,278,1645,0,1645,사근동길
2018,4,A,골목상권,1000101,2274,1137,1137,364,385,330,371,368,456,195,205,170,180,181,206,169,180,160,191,187,250,1002,251,751,무학봉길
2018,4,A,골목상권,1000100,1004,463,541,77,225,158,145,177,222,35,96,77,76,92,87,42,129,81,69,85,135,596,0,596,무학봉28길
2018,4,A,골목상권,1000099,1814,892,922,191,322,313,280,302,406,103,151,154,151,153,180,88,171,159,129,149,226,950,111,839,무학로6길
2018,4,A,골목상권,1000098,2199,1053,1146,265,263,325,383,376,587,127,117,165,202,193,249,138,146,160,181,183,338,1175,0,1175,무수막길
2018,4,A,골목상권,1000097,5859,2768,3091,976,726,1508,953,808,888,501,353,675,475,368,396,475,373,833,478,440,492,2373,0,2373,매봉길
2018,4,A,골목상권,1000096,1219,570,649,76,587,208,78,109,161,37,266,99,36,53,79,39,321,109,42,56,82,897,0,897,마조로1길
2018,4,A,골목상권,1000095,2709,1352,1357,317,409,336,395,462,790,169,195,169,211,241,367,148,214,167,184,221,423,1378,302,1076,마조로16길
2018,4,A,골목상권,1000094,1329,653,676,238,197,199,238,217,240,124,97,105,113,100,114,114,100,94,125,117,126,483,35,448,마장로39길
2018,4,A,골목상권,1000093,1827,916,911,230,300,288,254,302,453,131,152,143,141,146,203,99,148,145,113,156,250,875,0,875,마장로27길
2018,4,A,골목상권,1000092,1831,889,942,266,286,351,301,304,323,119,141,166,145,175,143,147,145,185,156,129,180,914,87,827,뚝섬로5길
2018,4,A,골목상권,1000091,2877,1548,1329,301,445,379,439,644,669,154,243,218,241,371,321,147,202,161,198,273,348,1502,0,1502,둘레9길
2018,4,A,골목상권,1000090,3321,1647,1674,443,464,443,516,593,862,248,237,235,256,296,375,195,227,208,260,297,487,1433,109,1324,금호산길
2018,4,A,골목상권,1000089,2321,1168,1153,291,363,320,326,401,620,162,207,173,165,196,265,129,156,147,161,205,355,1064,0,1064,금호산2길
2018,4,A,골목상권,1000088,4112,1971,2141,235,687,841,381,1008,960,124,481,322,203,384,457,111,206,519,178,624,503,2059,14,2045,고산자로6길
2018,4,A,골목상권,1000087,5621,2687,2934,873,785,927,950,868,1218,461,392,449,470,401,514,412,393,478,480,467,704,2665,12,2653,후암로28길
2018,4,A,골목상권,1000086,3151,1495,1656,442,475,568,489,460,717,223,232,292,230,226,292,219,243,276,259,234,425,1496,48,1448,효창원로39길
2018,4,A,골목상권,1000085,2228,987,1241,189,272,337,351,353,726,96,144,155,165,152,275,93,128,182,186,201,451,1316,0,1316,회나무로13길
2018,4,A,골목상권,1000084,566,257,309,42,94,130,88,73,139,20,32,68,42,36,59,22,62,62,46,37,80,362,0,362,한남대로20길
2018,4,A,골목상권,1000083,109,84,25,3,6,11,24,28,37,2,4,8,17,26,27,1,2,3,7,2,10,101,0,101,한강대로88길
2018,4,A,골목상권,1000082,751,407,344,59,66,105,101,134,286,38,38,58,62,78,133,21,28,47,39,56,153,433,0,433,한강대로7길
2018,4,A,골목상권,1000081,901,457,444,81,123,148,111,167,271,49,64,80,58,87,119,32,59,68,53,80,152,542,0,542,한강대로62길
2018,4,A,골목상권,1000080,666,337,329,33,99,147,99,71,217,18,56,82,50,50,81,15,43,65,49,21,136,464,0,464,한강대로52길
2018,4,A,골목상권,1000079,1590,753,837,115,295,507,227,197,249,63,113,228,116,102,131,52,182,279,111,95,118,1025,0,1025,한강대로43길
2018,4,A,골목상권,1000078,474,253,221,32,55,68,78,84,157,16,35,45,47,43,67,16,20,23,31,41,90,279,0,279,한강대로15길
2018,4,A,골목상권,1000077,2701,1474,1227,277,363,408,431,539,683,155,176,200,263,338,342,122,187,208,168,201,341,1603,0,1603,한강대로104길
2018,4,A,골목상권,1000076,2495,1272,1223,264,418,360,401,453,599,148,235,200,208,226,255,116,183,160,193,227,344,1309,0,1309,청파로73길
2018,4,A,골목상권,1000075,4221,2138,2083,546,753,693,671,687,871,286,407,393,337,329,386,260,346,300,334,358,485,1945,9,1936,청파로71길
2018,4,A,골목상권,1000074,3109,1469,1640,374,729,651,451,391,513,204,266,342,225,196,236,170,463,309,226,195,277,1672,15,1657,청파로47나길
2018,4,A,골목상권,1000073,1678,654,1024,146,580,272,198,170,312,69,153,122,81,89,140,77,427,150,117,81,172,1100,0,1100,청파로47길
2018,4,A,골목상권,1000072,2928,1394,1534,306,451,472,444,494,761,167,231,247,217,214,318,139,220,225,227,280,443,1421,0,1421,장문로45길
2018,4,A,골목상권,1000071,2351,1033,1318,135,256,420,386,389,765,69,93,210,200,180,281,66,163,210,186,209,484,1633,0,1633,이태원로54길
2018,4,A,골목상권,1000070,636,314,322,52,106,125,93,81,179,24,53,75,48,40,74,28,53,50,45,41,105,339,0,339,이태원로27길
2018,4,A,골목상권,1000069,1812,866,946,180,178,224,276,333,621,100,91,125,149,164,237,80,87,99,127,169,384,936,228,708,이촌로22길
2018,4,A,골목상권,1000068,1019,493,526,81,190,187,174,153,234,42,67,101,92,84,107,39,123,86,82,69,127,601,0,601,원효로89길
2018,4,A,골목상권,1000067,2331,1166,1165,238,398,489,325,333,548,122,203,266,179,167,229,116,195,223,146,166,319,1223,0,1223,원효로53길
2018,4,A,골목상권,1000066,1491,724,767,219,183,198,263,219,409,95,102,109,143,101,174,124,81,89,120,118,235,688,0,688,원효로41길
2018,4,A,골목상권,1000065,1866,903,963,256,325,312,287,283,403,130,158,155,143,136,181,126,167,157,144,147,222,834,38,796,원효로19길
2018,4,A,골목상권,1000064,2302,1154,1148,220,412,373,338,380,579,119,241,205,168,176,245,101,171,168,170,204,334,1252,0,1252,우사단로4길
2018,4,A,골목상권,1000063,1235,631,604,111,162,273,210,183,296,58,84,153,115,86,135,53,78,120,95,97,161,717,46,671,우사단로14길
2018,4,A,골목상권,1000062,2666,1423,1243,223,429,492,409,451,662,126,264,290,224,244,275,97,165,202,185,207,387,1537,0,1537,우사단로10길
2018,4,A,골목상권,1000061,2708,1319,1389,379,376,446,419,397,691,202,192,239,212,181,293,177,184,207,207,216,398,1253,0,1253,신흥로20길
2018,4,A,골목상권,1000060,2227,1069,1158,233,328,428,298,346,594,117,173,223,135,159,262,116,155,205,163,187,332,1120,0,1120,소월로20길
2018,4,A,골목상권,1000059,2522,1200,1322,284,318,286,391,460,783,141,154,150,201,235,319,143,164,136,190,225,464,1255,0,1255,서빙고로71길
2018,4,A,골목상권,1000058,4152,1979,2173,619,630,1076,694,530,603,314,237,505,361,252,310,305,393,571,333,278,293,2091,303,1788,백범로90길
2018,4,A,골목상권,1000057,4401,2058,2343,595,778,888,674,639,827,305,329,458,327,299,340,290,449,430,347,340,487,2001,16,1985,백범로79길
2018,4,A,골목상권,1000056,3185,1705,1480,283,439,435,480,565,983,148,243,230,263,334,487,135,196,205,217,231,496,1926,0,1926,두텁바위로1길
2018,4,A,골목상권,1000055,1423,684,739,141,273,264,179,232,334,70,140,135,88,108,143,71,133,129,91,124,191,739,0,739,대사관로34길
2018,4,A,골목상권,1000054,850,432,418,99,151,166,128,102,204,52,96,80,65,52,87,47,55,86,63,50,117,455,0,455,녹사평대로46길
2018,4,A,골목상권,1000053,771,358,413,101,125,144,121,89,191,41,55,76,64,41,81,60,70,68,57,48,110,394,0,394,녹사평대로40나길
2018,4,A,골목상권,1000052,534,272,262,49,81,123,74,61,146,30,45,63,42,27,65,19,36,60,32,34,81,289,0,289,녹사평대로32길
2018,4,A,골목상권,1000051,955,449,506,82,161,199,127,145,241,45,84,107,54,69,90,37,77,92,73,76,151,519,0,519,녹사평대로26길
2018,4,A,골목상권,1000050,418,204,214,44,51,79,72,58,114,23,26,39,33,38,45,21,25,40,39,20,69,213,0,213,녹사평대로11길
2018,4,A,골목상권,1000049,3440,1717,1723,355,546,411,584,661,883,184,269,207,308,362,387,171,277,204,276,299,496,1838,0,1838,퇴계로90길
2018,4,A,골목상권,1000048,1491,762,729,83,142,145,190,245,686,34,60,88,94,133,353,49,82,57,96,112,333,1036,0,1036,퇴계로8길
2018,4,A,골목상권,1000047,1130,580,550,92,182,132,157,199,368,50,104,74,90,101,161,42,78,58,67,98,207,623,0,623,퇴계로56길
2018,4,A,골목상권,1000046,618,322,296,84,136,108,79,63,148,46,64,59,48,34,71,38,72,49,31,29,77,366,0,366,퇴계로46길
2018,4,A,골목상권,1000045,706,350,356,93,94,126,113,87,193,46,55,69,55,42,83,47,39,57,58,45,110,406,0,406,퇴계로18길
2018,4,A,골목상권,1000044,935,457,478,83,111,119,153,149,320,50,58,67,87,73,122,33,53,52,66,76,198,491,113,378,퇴계로12길
2018,4,A,골목상권,1000043,2037,952,1085,221,286,247,328,392,563,103,134,136,162,203,214,118,152,111,166,189,349,1071,0,1071,청구로1길
2018,4,A,골목상권,1000042,1792,890,902,206,311,272,257,311,435,108,146,152,125,157,202,98,165,120,132,154,233,896,0,896,청구로17길
2018,4,A,골목상권,1000041,1480,746,734,143,279,234,227,235,362,73,145,122,125,115,166,70,134,112,102,120,196,796,0,796,장충단로8길
2018,4,A,골목상권,1000040,107,63,44,29,10,28,16,13,11,19,5,16,8,8,7,10,5,12,8,5,4,46,0,46,삼일대로4길
2018,4,A,골목상권,1000039,531,36,495,0,9,48,113,104,257,0,1,4,9,14,8,0,8,44,104,90,249,23,0,23,명동길
2018,4,A,골목상권,1000038,697,329,368,93,132,128,107,85,152,45,62,64,54,45,59,48,70,64,53,40,93,347,0,347,동호로8길
2018,4,A,골목상권,1000037,2114,1003,1111,288,359,345,341,328,453,149,174,179,157,148,196,139,185,166,184,180,257,963,0,963,동호로20길
2018,4,A,골목상권,1000036,1877,906,971,175,274,229,303,320,576,96,132,116,150,177,235,79,142,113,153,143,341,958,0,958,동호로15길
2018,4,A,골목상권,1000035,4601,2259,2342,526,730,741,757,731,1116,291,381,392,371,349,475,235,349,349,386,382,641,2026,102,1924,동호로11길
2018,4,A,골목상권,1000034,2072,986,1086,234,417,445,289,303,384,119,188,208,143,149,179,115,229,237,146,154,205,1122,0,1122,동호로10길
2018,4,A,골목상권,1000033,875,492,383,45,102,87,129,221,291,17,56,48,85,125,161,28,46,39,44,96,130,591,0,591,다산로39길
2018,4,A,골목상권,1000032,1436,685,751,205,232,221,228,232,318,96,112,100,120,119,138,109,120,121,108,113,180,650,230,420,다산로38길
2018,4,A,골목상권,1000031,2022,993,1029,222,283,243,344,401,529,115,141,129,185,202,221,107,142,114,159,199,308,961,153,808,다산로36길
2018,4,A,골목상권,1000030,3551,1783,1768,343,606,483,566,662,891,177,311,282,300,331,382,166,295,201,266,331,509,1835,0,1835,다산로33길
2018,4,A,골목상권,1000029,1076,531,545,77,251,308,132,133,175,42,118,150,72,74,75,35,133,158,60,59,100,633,0,633,난계로21길
2018,4,A,골목상권,1000028,3351,1566,1785,285,736,710,493,508,619,135,279,339,253,263,297,150,457,371,240,245,322,1949,50,1899,난계로11길
2018,4,A,골목상권,1000027,722,323,399,137,84,89,160,93,159,62,44,41,66,47,63,75,40,48,94,46,96,326,0,326,필운대로1길
2018,4,A,골목상권,1000026,1787,882,905,307,366,173,224,264,453,182,190,85,101,120,204,125,176,88,123,144,249,865,0,865,평창길
2018,4,A,골목상권,1000025,925,433,492,127,102,97,200,128,271,68,42,49,99,62,113,59,60,48,101,66,158,449,0,449,통일로12길
2018,4,A,골목상권,1000024,2347,1180,1167,281,364,251,379,512,560,133,190,139,192,267,259,148,174,112,187,245,301,1040,63,977,창신길
2018,4,A,골목상권,1000023,1293,695,598,93,153,122,183,309,433,48,96,73,91,177,210,45,57,49,92,132,223,782,0,782,창신5길
2018,4,A,골목상권,1000022,802,414,388,69,105,83,114,188,243,32,58,49,68,93,114,37,47,34,46,95,129,407,0,407,창신2길
2018,4,A,골목상권,1000021,924,413,511,65,196,114,151,128,270,29,95,55,72,56,106,36,101,59,79,72,164,650,0,650,창경궁로35길
2018,4,A,골목상권,1000020,2307,1163,1144,231,307,283,368,452,666,122,161,162,202,224,292,109,146,121,166,228,374,1170,0,1170,지봉로8길
2018,4,A,골목상권,1000019,3627,1873,1754,313,502,456,538,806,1012,165,242,260,279,434,493,148,260,196,259,372,519,2025,62,1963,종로65길
2018,4,A,골목상권,1000018,461,246,215,19,130,122,56,58,76,5,58,71,35,34,43,14,72,51,21,24,33,370,0,370,종로58가길
2018,4,A,골목상권,1000017,45,32,13,2,1,4,7,10,21,0,1,3,7,7,14,2,0,1,0,3,7,37,0,37,종로24길
2018,4,A,골목상권,1000016,699,319,380,115,80,103,114,85,202,61,39,46,53,36,84,54,41,57,61,49,118,347,0,347,자하문로7길
2018,4,A,골목상권,1000015,1644,801,843,197,356,299,217,233,342,98,167,150,102,120,164,99,189,149,115,113,178,879,0,879,이화장길
2018,4,A,골목상권,1000014,469,251,218,44,74,80,69,88,114,29,39,48,39,43,53,15,35,32,30,45,61,253,0,253,율곡로16길
2018,4,A,골목상권,1000013,249,147,102,8,23,30,36,51,101,5,13,19,27,32,51,3,10,11,9,19,50,166,0,166,율곡로10길
2018,4,A,골목상권,1000012,2586,1163,1423,468,281,429,517,380,511,223,128,198,231,167,216,245,153,231,286,213,295,1087,111,976,옥인길
2018,4,A,골목상권,1000011,1770,886,884,169,285,262,273,334,447,90,150,133,138,170,205,79,135,129,135,164,242,916,0,916,숭인동길
2018,4,A,골목상권,1000010,947,458,489,84,329,145,110,109,170,42,165,77,57,46,71,42,164,68,53,63,99,600,0,600,성균관로5길
2018,4,A,골목상권,1000009,759,340,419,69,73,116,91,124,286,32,33,53,48,52,122,37,40,63,43,72,164,408,0,408,삼청로5길
2018,4,A,골목상권,1000008,682,324,358,104,84,110,115,104,165,61,39,55,60,42,67,43,45,55,55,62,98,326,0,326,북촌로5나길
2018,4,A,골목상권,1000007,451,209,242,60,60,59,55,69,148,37,23,26,29,33,61,23,37,33,26,36,87,214,0,214,북촌로5길
2018,4,A,골목상권,1000006,663,301,362,59,64,75,101,132,232,30,35,35,52,62,87,29,29,40,49,70,145,368,0,368,북촌로11길
2018,4,A,골목상권,1000005,1694,826,868,239,238,249,292,301,375,128,141,111,136,135,175,111,97,138,156,166,200,725,0,725,백석동길
2018,4,A,골목상권,1000004,1453,711,742,149,482,186,149,161,326,67,241,114,81,67,141,82,241,72,68,94,185,884,0,884,명륜길
2018,4,A,골목상권,1000003,1214,682,532,110,178,204,222,190,310,56,102,131,123,116,154,54,76,73,99,74,156,805,0,805,돈화문로11가길
2018,4,A,골목상권,1000002,841,383,458,19,369,234,82,54,83,11,111,110,50,43,58,8,258,124,32,11,25,775,8,767,난계로27길
2018,4,A,골목상권,1000001,1806,851,955,257,203,238,341,276,491,126,98,114,157,135,221,131,105,124,184,141,270,785,0,785,계동길
2018,3,U,관광특구,1001496,24,16,8,5,2,2,5,5,5,4,1,1,2,4,4,1,1,1,3,1,1,14,0,14,강남 마이스 관광특구
2018,3,U,관광특구,1001495,7011,3304,3707,719,1186,1749,1008,931,1418,370,505,776,510,451,692,349,681,973,498,480,726,3892,55,3837,잠실 관광특구
2018,3,U,관광특구,1001494,1918,1262,656,50,204,196,222,448,798,24,141,139,159,312,487,26,63,57,63,136,311,1476,184,1292,종로?청계 관광특구
2018,3,U,관광특구,1001493,2010,1012,998,170,342,405,281,362,450,79,149,216,149,178,241,91,193,189,132,184,209,1123,23,1100,동대문패션타운 관광특구
2018,3,U,관광특구,1001492,1135,408,727,12,54,128,202,249,490,2,22,63,67,104,150,10,32,65,135,145,340,520,0,520,명동 남대문 북창동 다동 무교동 관광특구
2018,3,U,관광특구,1001491,5430,2608,2822,393,717,1039,841,859,1581,205,367,549,436,414,637,188,350,490,405,445,944,3398,0,3398,이태원 관광특구
2018,3,R,전통시장,1001490,3200,1598,1602,461,411,480,490,509,849,266,209,246,259,226,392,195,202,234,231,283,457,1314,172,1142,길동복조리시장
2018,3,R,전통시장,1001489,599,306,293,92,88,71,99,112,137,48,53,32,45,64,64,44,35,39,54,48,73,256,99,157,둔촌역전통시장
2018,3,R,전통시장,1001488,946,488,458,106,128,170,146,163,233,45,60,98,74,87,124,61,68,72,72,76,109,487,31,456,성내골목시장
2018,3,R,전통시장,1001487,142,72,70,2,9,20,25,34,52,1,5,6,15,20,25,1,4,14,10,14,27,118,0,118,천호시장
2018,3,R,전통시장,1001486,183,93,90,11,10,24,38,39,61,4,3,15,21,23,27,7,7,9,17,16,34,108,0,108,동서울시장
2018,3,R,전통시장,1001485,365,196,169,33,63,43,44,85,97,14,39,26,29,42,46,19,24,17,15,43,51,190,0,190,고분다리골목시장
2018,3,R,전통시장,1001484,790,398,392,139,107,147,138,118,141,65,63,79,73,51,67,74,44,68,65,67,74,315,0,315,양지골목시장
2018,3,R,전통시장,1001483,902,469,433,75,158,174,152,149,194,44,73,96,90,70,96,31,85,78,62,79,98,505,0,505,암사종합시장
2018,3,R,전통시장,1001482,323,168,155,35,35,38,49,76,90,25,21,19,27,40,36,10,14,19,22,36,54,162,0,162,고덕전통시장
2018,3,R,전통시장,1001481,2008,997,1011,410,241,270,364,321,402,206,131,125,194,151,190,204,110,145,170,170,212,695,521,174,명일골목시장
2018,3,R,전통시장,1001480,2410,1175,1235,210,393,522,330,360,595,114,190,246,172,177,276,96,203,276,158,183,319,1298,0,1298,새마을시장
2018,3,R,전통시장,1001479,845,421,424,106,135,135,141,159,169,47,67,66,76,84,81,59,68,69,65,75,88,416,0,416,석촌시장
2018,3,R,전통시장,1001478,5273,2520,2753,662,867,1123,746,840,1035,352,409,559,365,369,466,310,458,564,381,471,569,2544,113,2431,방이시장
2018,3,R,전통시장,1001477,966,506,460,110,109,107,145,186,309,44,65,62,81,106,148,66,44,45,64,80,161,459,0,459,마천시장
2018,3,R,전통시장,1001476,2332,1160,1172,239,293,325,366,418,691,122,155,181,185,209,308,117,138,144,181,209,383,1135,0,1135,풍납시장
2018,3,R,전통시장,1001475,4,2,2,0,2,0,0,0,2,0,1,0,0,0,1,0,1,0,0,0,1,4,0,4,강남개포시장
2018,3,R,전통시장,1001474,229,107,122,58,22,39,51,37,22,35,7,16,23,16,10,23,15,23,28,21,12,86,75,11,도곡시장
2018,3,R,전통시장,1001473,161,81,80,23,21,21,16,24,56,15,8,11,9,11,27,8,13,10,7,13,29,53,53,0,청담삼익시장
2018,3,R,전통시장,1001472,86,37,49,10,4,16,18,7,31,3,2,7,7,4,14,7,2,9,11,3,17,45,0,45,논현종합시장
2018,3,R,전통시장,1001471,1192,566,626,91,218,304,201,157,221,43,106,143,101,74,99,48,112,161,100,83,122,717,0,717,영동전통시장
2018,3,R,전통시장,1001470,285,133,152,38,36,54,43,33,81,21,14,28,21,15,34,17,22,26,22,18,47,107,107,0,강남시장_강남
2018,3,R,전통시장,1001469,100,59,41,8,17,18,18,15,24,5,12,10,9,10,13,3,5,8,9,5,11,66,0,66,양재시장
2018,3,R,전통시장,1001468,198,95,103,36,29,19,37,33,44,19,15,8,17,15,21,17,14,11,20,18,23,80,0,80,남부종합시장
2018,3,R,전통시장,1001467,60,24,36,9,4,13,7,7,20,4,1,3,3,5,8,5,3,10,4,2,12,24,0,24,우림시장
2018,3,R,전통시장,1001466,657,307,350,59,99,72,94,111,222,29,43,36,48,58,93,30,56,36,46,53,129,307,44,263,미성동도깨비시장
2018,3,R,전통시장,1001465,54,23,31,4,8,4,6,7,25,2,2,1,4,5,9,2,6,3,2,2,16,38,0,38,신신림시장
2018,3,R,전통시장,1001464,173,103,70,9,15,15,23,38,73,6,11,9,14,22,41,3,4,6,9,16,32,119,0,119,삼성동시장
2018,3,R,전통시장,1001463,57,32,25,5,16,17,4,4,11,3,5,12,3,2,7,2,11,5,1,2,4,45,0,45,신림중앙시장
2018,3,R,전통시장,1001462,585,308,277,40,122,134,65,100,124,14,66,78,34,53,63,26,56,56,31,47,61,370,0,370,강남골목시장
2018,3,R,전통시장,1001461,3,2,1,0,0,0,2,0,1,0,0,0,1,0,1,0,0,0,1,0,0,1,0,1,신림종합시장
2018,3,R,전통시장,1001460,2258,1121,1137,221,430,407,336,366,498,120,193,216,175,191,226,101,237,191,161,175,272,1316,0,1316,관악신사시장
2018,3,R,전통시장,1001459,421,242,179,37,77,58,51,75,123,20,41,32,32,46,71,17,36,26,19,29,52,266,0,266,신원시장
2018,3,R,전통시장,1001458,1476,725,751,112,273,313,209,219,350,64,110,169,102,120,160,48,163,144,107,99,190,944,0,944,인헌시장
2018,3,R,전통시장,1001457,450,223,227,20,192,120,46,40,32,6,89,64,26,21,17,14,103,56,20,19,15,341,0,341,봉천중앙시장
2018,3,R,전통시장,1001456,14,5,9,1,3,1,2,4,3,1,1,0,1,2,0,0,2,1,1,2,3,8,0,8,봉천현대시장
2018,3,R,전통시장,1001455,99,49,50,1,42,23,4,8,21,0,19,14,2,4,10,1,23,9,2,4,11,74,0,74,봉일시장
2018,3,R,전통시장,1001454,406,187,219,15,140,66,37,58,90,5,50,36,20,37,39,10,90,30,17,21,51,315,0,315,봉천제일종합시장
2018,3,R,전통시장,1001453,650,306,344,44,242,159,69,55,81,21,95,85,38,26,41,23,147,74,31,29,40,456,0,456,낙성대시장
2018,3,R,전통시장,1001452,629,291,338,39,174,147,65,57,147,19,55,81,38,34,64,20,119,66,27,23,83,419,0,419,중부시장
2018,3,R,전통시장,1001451,8,5,3,0,4,0,0,3,1,0,3,0,0,1,1,0,1,0,0,2,0,2,0,2,사당시장
2018,3,R,전통시장,1001450,550,232,318,46,107,80,72,79,166,22,40,36,30,38,66,24,67,44,42,41,100,301,0,301,남성역골목시장
2018,3,R,전통시장,1001449,586,288,298,32,100,103,79,85,187,16,47,51,48,44,82,16,53,52,31,41,105,356,0,356,남성사계시장
2018,3,R,전통시장,1001448,1055,497,558,154,160,138,163,167,273,80,86,69,78,82,102,74,74,69,85,85,171,486,0,486,흑석시장
2018,3,R,전통시장,1001447,1917,947,970,154,273,294,268,314,614,79,143,173,142,146,264,75,130,121,126,168,350,1067,0,1067,상도4동도깨비골목시장
2018,3,R,전통시장,1001446,164,76,88,10,53,26,21,32,22,5,16,16,9,17,13,5,37,10,12,15,9,99,0,99,성대시장
2018,3,R,전통시장,1001445,57,28,29,1,8,6,9,11,22,0,5,3,7,5,8,1,3,3,2,6,14,40,0,40,영도시장
2018,3,R,전통시장,1001444,1614,774,840,127,317,251,215,233,471,75,155,134,102,118,190,52,162,117,113,115,281,941,0,941,상도전통시장
2018,3,R,전통시장,1001443,120,47,73,7,24,23,17,9,40,4,7,10,7,2,17,3,17,13,10,7,23,70,70,0,강남시장_동작
2018,3,R,전통시장,1001442,16,8,8,0,4,1,3,5,3,0,1,1,1,3,2,0,3,0,2,2,1,10,0,10,신노량진시장
2018,3,R,전통시장,1001441,430,234,196,28,82,68,66,74,112,16,50,41,44,38,45,12,32,27,22,36,67,260,0,260,본동인정시장
2018,3,R,전통시장,1001440,152,95,57,4,59,33,13,15,28,1,38,26,10,10,10,3,21,7,3,5,18,118,0,118,노량진중앙시장
2018,3,R,전통시장,1001439,418,203,215,32,53,49,61,83,140,19,30,30,28,35,61,13,23,19,33,48,79,221,0,221,대림중앙시장
2018,3,R,전통시장,1001438,330,163,167,29,35,43,36,62,125,16,19,23,19,32,54,13,16,20,17,30,71,161,0,161,우리시장
2018,3,R,전통시장,1001437,124,61,63,16,19,13,17,18,41,7,7,6,7,9,25,9,12,7,10,9,16,51,51,0,영진시장A동
2018,3,R,전통시장,1001436,105,50,55,14,8,7,25,16,35,10,3,3,12,6,16,4,5,4,13,10,19,52,0,52,사러가시장
2018,3,R,전통시장,1001435,120,54,66,24,12,15,25,19,25,12,5,6,13,10,8,12,7,9,12,9,17,43,0,43,대신시장
2018,3,R,전통시장,1001433,733,381,352,74,114,153,107,95,190,40,55,93,57,57,79,34,59,60,50,38,111,402,124,278,영일시장
2018,3,R,전통시장,1001432,77,35,42,5,35,12,3,7,15,2,16,8,1,3,5,3,19,4,2,4,10,55,0,55,도림시장
2018,3,R,전통시장,1001431,299,161,138,25,46,39,46,52,91,16,19,25,28,33,40,9,27,14,18,19,51,167,0,167,영등포청과시장
2018,3,R,전통시장,1001430,2304,1428,876,82,317,426,358,421,700,52,138,259,254,308,417,30,179,167,104,113,283,1769,498,1271,영등포전통시장
2018,3,R,전통시장,1001429,421,206,215,46,45,68,71,70,121,24,26,41,37,34,44,22,19,27,34,36,77,191,0,191,은행나무시장
2018,3,R,전통시장,1001428,296,156,140,24,29,27,64,49,103,18,12,15,30,29,52,6,17,12,34,20,51,177,0,177,박미시장
2018,3,R,전통시장,1001427,2580,1236,1344,295,349,342,353,505,736,152,159,179,165,244,337,143,190,163,188,261,399,1304,0,1304,현대시장
2018,3,R,전통시장,1001426,8,5,3,0,1,1,0,2,4,0,1,0,0,2,2,0,0,1,0,0,2,6,0,6,대명시장
2018,3,R,전통시장,1001425,41,23,18,6,1,12,6,4,12,4,0,8,3,2,6,2,1,4,3,2,6,17,0,17,푸른터시장
2018,3,R,전통시장,1001424,1697,854,843,184,224,194,255,410,430,87,109,107,126,230,195,97,115,87,129,180,235,842,0,842,남문시장
2018,3,R,전통시장,1001423,91,47,44,0,35,23,14,9,10,0,6,16,11,7,7,0,29,7,3,2,3,80,0,80,독산동 우시장
2018,3,R,전통시장,1001422,161,87,74,8,14,20,20,35,64,5,8,11,16,21,26,3,6,9,4,14,38,95,0,95,오류시장
2018,3,R,전통시장,1001421,371,171,200,49,59,56,59,66,82,23,25,36,23,30,34,26,34,20,36,36,48,157,0,157,개봉중앙시장
2018,3,R,전통시장,1001420,626,311,315,79,69,77,94,108,199,42,27,47,49,59,87,37,42,30,45,49,112,274,60,214,고척근린시장
2018,3,R,전통시장,1001419,268,141,127,25,33,22,37,55,96,11,15,14,22,35,44,14,18,8,15,20,52,155,0,155,가리봉시장
2018,3,R,전통시장,1001418,656,367,289,64,49,68,104,147,224,26,25,37,67,97,115,38,24,31,37,50,109,391,0,391,남구로시장
2018,3,R,전통시장,1001417,131,71,60,13,13,11,17,32,45,3,7,6,12,21,22,10,6,5,5,11,23,80,0,80,구로시장
2018,3,R,전통시장,1001416,164,72,92,0,84,41,19,8,12,0,24,18,12,8,10,0,60,23,7,0,2,150,0,150,공항시장
2018,3,R,전통시장,1001415,592,293,299,69,80,75,96,108,164,31,42,35,56,56,73,38,38,40,40,52,91,265,91,174,방신전통시장
2018,3,R,전통시장,1001414,526,257,269,90,69,87,85,91,104,47,32,40,35,53,50,43,37,47,50,38,54,233,0,233,송화골목시장
2018,3,R,전통시장,1001413,1187,542,645,148,176,236,172,165,290,74,75,120,84,71,118,74,101,116,88,94,172,588,27,561,까치산시장
2018,3,R,전통시장,1001412,350,156,194,48,40,78,55,38,91,23,14,36,26,14,43,25,26,42,29,24,48,170,0,170,화곡본동시장
2018,3,R,전통시장,1001411,1913,916,997,216,247,301,276,341,532,109,133,145,140,167,222,107,114,156,136,174,310,864,0,864,남부골목시장
2018,3,R,전통시장,1001409,1024,501,523,176,126,187,153,168,214,76,64,106,78,75,102,100,62,81,75,93,112,429,0,429,화곡중앙골목시장
2018,3,R,전통시장,1001408,73,40,33,13,12,13,13,7,15,6,9,6,8,4,7,7,3,7,5,3,8,39,0,39,신월중앙시장
2018,3,R,전통시장,1001407,3,2,1,0,0,0,0,2,1,0,0,0,0,2,0,0,0,0,0,0,1,3,0,3,등마루시장
2018,3,R,전통시장,1001406,265,157,108,25,28,28,39,68,77,13,15,14,30,49,36,12,13,14,9,19,41,165,0,165,신정3동골목시장
2018,3,R,전통시장,1001405,477,243,234,63,56,74,84,64,136,34,27,44,41,35,62,29,29,30,43,29,74,220,0,220,신정2동골목시장
2018,3,R,전통시장,1001404,168,70,98,20,16,15,23,34,60,6,4,7,11,16,26,14,12,8,12,18,34,85,0,85,신정제일시장
2018,3,R,전통시장,1001403,122,60,62,13,23,12,17,23,34,6,13,6,11,10,14,7,10,6,6,13,20,45,0,45,신월7동골목시장
2018,3,R,전통시장,1001402,176,98,78,18,21,17,28,37,55,12,16,11,14,21,24,6,5,6,14,16,31,85,0,85,신월6동골목시장
2018,3,R,전통시장,1001401,62,30,32,16,4,17,15,3,7,9,2,6,8,2,3,7,2,11,7,1,4,22,22,0,신곡종합시장
2018,3,R,전통시장,1001400,336,186,150,31,41,25,49,78,112,17,21,14,28,50,56,14,20,11,21,28,56,186,0,186,신월3동골목시장
2018,3,R,전통시장,1001399,358,169,189,65,33,49,57,51,103,33,16,24,29,25,42,32,17,25,28,26,61,129,0,129,경창시장
2018,3,R,전통시장,1001398,1695,860,835,221,197,227,255,329,466,117,99,121,124,177,222,104,98,106,131,152,244,773,44,729,월정로시장
2018,3,R,전통시장,1001397,1202,596,606,174,151,146,218,218,295,76,87,70,124,106,133,98,64,76,94,112,162,565,0,565,신영시장
2018,3,R,전통시장,1001396,1160,585,575,156,216,125,186,232,245,90,132,58,83,111,111,66,84,67,103,121,134,452,47,405,목4동시장
2018,3,R,전통시장,1001395,1170,595,575,141,188,236,187,179,239,71,84,143,107,85,105,70,104,93,80,94,134,572,107,465,목3동시장
2018,3,R,전통시장,1001394,1173,584,589,92,164,236,149,189,343,44,78,127,75,93,167,48,86,109,74,96,176,695,69,626,목2동시장
2018,3,R,전통시장,1001392,39,22,17,5,7,8,5,4,10,4,4,3,3,2,6,1,3,5,2,2,4,20,0,20,동진시장
2018,3,R,전통시장,1001391,808,372,436,125,114,149,132,109,179,61,47,66,67,50,81,64,67,83,65,59,98,360,0,360,망원월드컵시장
2018,3,R,전통시장,1001390,2038,959,1079,227,264,407,345,296,499,123,130,194,166,142,204,104,134,213,179,154,295,1073,0,1073,망원시장
2018,3,R,전통시장,1001389,90,39,51,10,14,26,12,11,17,5,7,13,5,5,4,5,7,13,7,6,13,41,41,0,합정시장
2018,3,R,전통시장,1001388,245,105,140,33,30,61,31,34,56,17,12,24,16,13,23,16,18,37,15,21,33,119,119,0,영진시장
2018,3,R,전통시장,1001387,27,20,7,1,5,9,2,3,7,1,4,7,1,3,4,0,1,2,1,0,3,25,0,25,서교시장
2018,3,R,전통시장,1001386,68,30,38,7,7,16,9,7,22,3,5,7,4,3,8,4,2,9,5,4,14,34,0,34,신수시장
2018,3,R,전통시장,1001385,409,194,215,49,59,43,70,50,138,28,28,23,35,24,56,21,31,20,35,26,82,214,0,214,아현시장
2018,3,R,전통시장,1001384,12,5,7,3,0,0,0,2,7,1,0,0,0,2,2,2,0,0,0,0,5,7,0,7,마포시장
2018,3,R,전통시장,1001383,12,7,5,0,3,1,1,5,2,0,2,0,1,3,1,0,1,1,0,2,1,5,0,5,공덕시장
2018,3,R,전통시장,1001382,156,72,84,12,15,29,22,26,52,9,9,8,14,12,20,3,6,21,8,14,32,68,68,0,백련시장
2018,3,R,전통시장,1001381,407,205,202,20,40,31,45,78,193,8,20,19,27,47,84,12,20,12,18,31,109,247,0,247,모래내시장
2018,3,R,전통시장,1001380,512,254,258,61,64,63,81,91,152,30,38,34,41,51,60,31,26,29,40,40,92,250,0,250,포방터시장
2018,3,R,전통시장,1001379,314,153,161,31,41,30,43,71,98,16,16,20,23,40,38,15,25,10,20,31,60,157,42,115,인왕시장
2018,3,R,전통시장,1001378,129,70,59,7,26,15,18,24,39,6,16,10,8,11,19,1,10,5,10,13,20,72,0,72,아현가구거리상점가
2018,3,R,전통시장,1001377,354,179,175,26,49,34,60,69,116,11,26,21,38,35,48,15,23,13,22,34,68,224,0,224,영천시장
2018,3,R,전통시장,1001376,118,54,64,4,9,12,10,25,58,1,5,8,5,11,24,3,4,4,5,14,34,71,0,71,수일시장
2018,3,R,전통시장,1001375,159,73,86,25,21,19,22,32,40,13,9,9,12,12,18,12,12,10,10,20,22,66,0,66,증산종합시장
2018,3,R,전통시장,1001374,635,314,321,70,65,84,85,118,213,37,40,40,46,66,85,33,25,44,39,52,128,309,0,309,대림골목시장
2018,3,R,전통시장,1001373,219,115,104,42,27,31,39,32,48,21,14,17,22,19,22,21,13,14,17,13,26,86,0,86,신응암시장
2018,3,R,전통시장,1001372,16,10,6,2,2,0,4,2,6,2,1,0,2,2,3,0,1,0,2,0,3,8,0,8,녹번시장
2018,3,R,전통시장,1001371,489,243,246,64,61,81,91,71,121,29,35,42,50,39,48,35,26,39,41,32,73,242,0,242,대조시장
2018,3,R,전통시장,1001370,11,8,3,0,0,0,2,5,4,0,0,0,0,5,3,0,0,0,2,0,1,11,0,11,역촌중앙시장
2018,3,R,전통시장,1001369,153,80,73,11,55,41,11,12,23,5,26,23,10,5,11,6,29,18,1,7,12,111,0,111,갈현시장
2018,3,R,전통시장,1001368,258,126,132,25,25,32,33,42,101,15,11,19,19,19,43,10,14,13,14,23,58,127,0,127,연서시장
2018,3,R,전통시장,1001367,1866,910,956,223,308,179,308,345,503,113,148,98,158,170,223,110,160,81,150,175,280,842,129,713,상계중앙시장
2018,3,R,전통시장,1001365,1566,779,787,163,332,300,185,235,351,74,157,164,96,117,171,89,175,136,89,118,180,782,0,782,공릉동도깨비시장
2018,3,R,전통시장,1001364,1005,505,500,108,153,98,157,200,289,57,92,53,79,98,126,51,61,45,78,102,163,472,0,472,방학동도깨비시장
2018,3,R,전통시장,1001363,726,353,373,64,120,107,100,99,236,33,52,62,48,45,113,31,68,45,52,54,123,370,0,370,쌍문역골목시장
2018,3,R,전통시장,1001362,375,175,200,45,63,47,63,55,102,21,30,20,32,27,45,24,33,27,31,28,57,180,0,180,백운시장
2018,3,R,전통시장,1001361,174,88,86,10,35,20,22,37,50,1,20,14,7,21,25,9,15,6,15,16,25,83,0,83,신도봉시장
2018,3,R,전통시장,1001360,1245,605,640,135,164,163,184,220,379,69,80,85,90,119,162,66,84,78,94,101,217,608,0,608,창동골목시장
2018,3,R,전통시장,1001359,2324,1117,1207,304,343,354,379,431,513,140,166,178,193,198,242,164,177,176,186,233,271,969,0,969,창동신창시장
2018,3,R,전통시장,1001358,65,35,30,4,6,7,10,7,31,3,3,4,8,2,15,1,3,3,2,5,16,30,0,30,수유북부시장
2018,3,R,전통시장,1001357,1477,707,770,214,215,233,209,244,362,117,105,129,92,122,142,97,110,104,117,122,220,629,0,629,장미원골목시장
2018,3,R,전통시장,1001356,49,29,20,6,11,4,8,12,8,5,7,2,6,7,2,1,4,2,2,5,6,19,0,19,수유중앙시장
2018,3,R,전통시장,1001355,727,381,346,60,110,97,110,150,200,32,43,57,67,87,95,28,67,40,43,63,105,422,0,422,강북종합시장
2018,3,R,전통시장,1001354,1685,827,858,231,227,212,277,302,436,114,124,117,137,152,183,117,103,95,140,150,253,719,0,719,우이시장
2018,3,R,전통시장,1001353,633,304,329,57,100,91,92,115,178,27,47,46,47,55,82,30,53,45,45,60,96,315,86,229,수유전통시장
2018,3,R,전통시장,1001352,1167,571,596,157,174,189,216,168,263,76,86,95,116,84,114,81,88,94,100,84,149,537,101,436,번동북부골목시장
2018,3,R,전통시장,1001351,146,71,75,12,17,19,21,26,51,6,9,11,11,12,22,6,8,8,10,14,29,76,0,76,솔샘시장
2018,3,R,전통시장,1001350,235,124,111,18,22,37,44,51,63,7,9,17,28,31,32,11,13,20,16,20,31,141,0,141,숭인시장
2018,3,R,전통시장,1001349,1528,761,767,135,261,197,242,268,425,73,123,111,129,127,198,62,138,86,113,141,227,856,0,856,방천골목시장
2018,3,R,전통시장,1001348,29,15,14,5,2,3,2,3,14,2,2,1,2,1,7,3,0,2,0,2,7,14,0,14,동북시장
2018,3,R,전통시장,1001347,1865,958,907,201,260,228,282,349,545,101,146,129,151,188,243,100,114,99,131,161,302,908,0,908,석관황금시장
2018,3,R,전통시장,1001346,166,96,70,16,26,19,30,30,45,10,16,12,21,17,20,6,10,7,9,13,25,90,0,90,석관시장
2018,3,R,전통시장,1001345,83,43,40,6,9,11,9,17,31,5,3,6,7,10,12,1,6,5,2,7,19,50,0,50,새석관시장
2018,3,R,전통시장,1001344,32,17,15,7,3,2,5,6,9,5,1,1,2,3,5,2,2,1,3,3,4,13,0,13,번동시장
2018,3,R,전통시장,1001343,1425,698,727,188,166,170,205,254,442,96,89,90,112,117,194,92,77,80,93,137,248,597,0,597,장위전통시장
2018,3,R,전통시장,1001342,236,112,124,34,17,34,35,42,74,19,8,20,16,20,29,15,9,14,19,22,45,116,0,116,밤나무골시장
2018,3,R,전통시장,1001341,15,13,2,0,2,1,3,3,6,0,2,1,3,2,5,0,0,0,0,1,1,15,0,15,길음시장
2018,3,R,전통시장,1001340,1390,703,687,163,243,204,181,213,386,87,134,114,96,99,173,76,109,90,85,114,213,639,0,639,정릉시장
2018,3,R,전통시장,1001339,1066,518,548,185,134,162,204,157,224,100,61,91,104,72,90,85,73,71,100,85,134,428,136,292,정릉아리랑시장
2018,3,R,전통시장,1001338,220,99,121,21,31,39,19,25,85,10,14,22,12,10,31,11,17,17,7,15,54,116,0,116,돈암제일시장
2018,3,R,전통시장,1001337,108,54,54,16,12,10,24,19,27,8,9,5,10,10,12,8,3,5,14,9,15,49,0,49,유영시장
2018,3,R,전통시장,1001336,2134,1113,1021,222,263,291,290,438,630,115,139,170,158,233,298,107,124,121,132,205,332,1073,41,1032,우림골목시장
2018,3,R,전통시장,1001335,1422,718,704,240,167,259,232,191,333,122,90,131,132,84,159,118,77,128,100,107,174,575,0,575,묵1동도깨비시장
2018,3,R,전통시장,1001334,958,490,468,115,127,131,120,204,261,57,66,77,60,102,128,58,61,54,60,102,133,435,0,435,태능시장
2018,3,R,전통시장,1001333,1895,953,942,236,285,261,307,355,451,128,141,147,154,176,207,108,144,114,153,179,244,905,0,905,중화제일시장
2018,3,R,전통시장,1001332,1918,953,965,176,303,289,265,346,539,86,165,162,128,169,243,90,138,127,137,177,296,963,0,963,사가정시장
2018,3,R,전통시장,1001331,1310,695,615,176,176,172,226,235,325,101,102,93,128,117,154,75,74,79,98,118,171,633,0,633,면목골목시장
2018,3,R,전통시장,1001330,2112,1046,1066,234,302,287,295,416,578,113,154,160,160,208,251,121,148,127,135,208,327,1040,0,1040,동원시장
2018,3,R,전통시장,1001329,1578,812,766,143,278,344,222,262,329,73,133,195,114,142,155,70,145,149,108,120,174,894,0,894,동부골목시장
2018,3,R,전통시장,1001328,70,32,38,13,8,4,11,18,16,4,4,2,5,10,7,9,4,2,6,8,9,29,0,29,이문제일시장
2018,3,R,전통시장,1001327,230,118,112,18,30,23,28,46,85,12,15,8,17,28,38,6,15,15,11,18,47,106,0,106,이경시장
2018,3,R,전통시장,1001326,1205,511,694,74,501,205,108,103,214,23,206,100,44,48,90,51,295,105,64,55,124,930,0,930,회기시장
2018,3,R,전통시장,1001325,62,44,18,2,4,5,11,15,25,1,0,5,9,12,17,1,4,0,2,3,8,50,0,50,청량리청과물시장
2018,3,R,전통시장,1001324,240,115,125,40,19,24,55,33,69,21,9,14,25,12,34,19,10,10,30,21,35,113,0,113,전곡시장
2018,3,R,전통시장,1001323,437,204,233,57,59,64,68,74,115,22,29,31,34,34,54,35,30,33,34,40,61,205,0,205,답십리시장
2018,3,R,전통시장,1001321,330,167,163,32,30,37,46,57,128,20,13,25,29,32,48,12,17,12,17,25,80,176,0,176,답십리현대시장
2018,3,R,전통시장,1001320,84,49,35,5,10,4,17,18,30,3,8,4,12,9,13,2,2,0,5,9,17,51,0,51,전농로터리시장
2018,3,R,전통시장,1001319,97,55,42,0,8,15,11,16,47,0,4,8,9,9,25,0,4,7,2,7,22,52,0,52,청량리종합시장
2018,3,R,전통시장,1001318,173,137,36,1,7,12,18,48,87,1,5,9,17,41,64,0,2,3,1,7,23,146,0,146,청량리전통시장
2018,3,R,전통시장,1001317,180,89,91,26,32,19,17,42,44,19,18,11,7,14,20,7,14,8,10,28,24,78,0,78,청량리농수산물시장
2018,3,R,전통시장,1001316,2166,1152,1014,129,270,288,301,394,784,77,142,164,177,217,375,52,128,124,124,177,409,1422,0,1422,서울약령시장
2018,3,R,전통시장,1001315,3,3,0,0,0,0,0,3,0,0,0,0,0,3,0,0,0,0,0,0,0,3,0,3,동서시장
2018,3,R,전통시장,1001314,9,4,5,0,0,0,1,1,7,0,0,0,1,1,2,0,0,0,0,0,5,7,0,7,경동시장
2018,3,R,전통시장,1001313,483,254,229,37,83,85,69,62,147,22,40,46,41,33,72,15,43,39,28,29,75,302,0,302,청량리수산시장
2018,3,R,전통시장,1001312,21,14,7,1,2,1,3,3,11,0,1,1,2,3,7,1,1,0,1,0,4,13,0,13,용두시장
2018,3,R,전통시장,1001311,1,1,0,0,0,0,0,0,1,0,0,0,0,0,1,0,0,0,0,0,0,1,0,1,동부청과시장
2018,3,R,전통시장,1001310,160,83,77,23,32,25,18,22,40,10,16,16,8,13,20,13,16,9,10,9,20,75,0,75,구의시장
2018,3,R,전통시장,1001309,79,35,44,3,29,15,5,7,20,2,12,7,0,6,8,1,17,8,5,1,12,54,0,54,조양시장
2018,3,R,전통시장,1001308,975,502,473,76,143,115,146,187,308,44,75,68,81,100,134,32,68,47,65,87,174,541,0,541,영동교골목시장
2018,3,R,전통시장,1001307,363,192,171,32,50,47,42,76,116,17,29,23,23,40,60,15,21,24,19,36,56,196,0,196,능동로골목시장
2018,3,R,전통시장,1001306,216,104,112,9,21,36,26,49,75,7,12,19,13,26,27,2,9,17,13,23,48,138,0,138,노룬산골목시장
2018,3,R,전통시장,1001305,64,34,30,15,7,14,9,11,8,8,3,8,5,5,5,7,4,6,4,6,3,21,0,21,자양종합시장
2018,3,R,전통시장,1001304,2017,969,1048,253,328,386,291,323,436,139,161,194,144,144,187,114,167,192,147,179,249,944,0,944,자양골목시장
2018,3,R,전통시장,1001303,92,42,50,11,10,13,12,16,30,6,4,8,6,5,13,5,6,5,6,11,17,40,0,40,신성골목시장
2018,3,R,전통시장,1001302,473,247,226,55,74,75,72,100,97,34,38,34,39,57,45,21,36,41,33,43,52,220,0,220,면곡골목시장
2018,3,R,전통시장,1001301,818,424,394,114,121,118,116,164,185,56,63,75,55,82,93,58,58,43,61,82,92,361,0,361,중곡제일시장
2018,3,R,전통시장,1001300,951,411,540,51,379,209,102,77,133,29,124,111,49,41,57,22,255,98,53,36,76,689,0,689,화양제일골목시장
2018,3,R,전통시장,1001299,12,10,2,0,5,2,1,1,3,0,4,2,1,1,2,0,1,0,0,0,1,11,0,11,한아름시장
2018,3,R,전통시장,1001298,2014,1014,1000,223,289,278,318,385,521,114,149,151,159,194,247,109,140,127,159,191,274,967,0,967,성동용답상가시장
2018,3,R,전통시장,1001297,580,320,260,56,84,73,77,130,160,31,53,47,45,68,76,25,31,26,32,62,84,302,77,225,뚝도시장
2018,3,R,전통시장,1001296,253,130,123,20,24,33,39,50,87,12,13,18,24,29,34,8,11,15,15,21,53,142,0,142,금남시장
2018,3,R,전통시장,1001295,1531,781,750,150,321,208,218,298,336,83,146,120,113,156,163,67,175,88,105,142,173,858,0,858,행당시장
2018,3,R,전통시장,1001294,332,181,151,39,40,34,57,49,113,25,23,18,35,29,51,14,17,16,22,20,62,178,1,177,마장축산물시장
2018,3,R,전통시장,1001293,5,2,3,0,0,0,1,1,3,0,0,0,0,1,1,0,0,0,1,0,2,4,0,4,보광시장
2018,3,R,전통시장,1001292,43,19,24,2,5,9,9,3,15,1,3,3,7,0,5,1,2,6,2,3,10,28,0,28,이태원제일시장
2018,3,R,전통시장,1001291,63,30,33,7,5,13,7,15,16,4,1,7,6,7,5,3,4,6,1,8,11,31,0,31,이태원시장
2018,3,R,전통시장,1001290,102,59,43,9,12,13,18,21,29,2,10,8,11,12,16,7,2,5,7,9,13,56,4,52,이촌종합시장
2018,3,R,전통시장,1001289,408,211,197,38,59,71,55,62,123,16,33,48,32,34,48,22,26,23,23,28,75,223,0,223,용문전통시장
2018,3,R,전통시장,1001288,35,20,15,2,2,3,3,7,18,1,2,1,2,5,9,1,0,2,1,2,9,21,0,21,만리시장
2018,3,R,전통시장,1001287,105,56,49,6,10,20,9,23,37,0,8,11,6,14,17,6,2,9,3,9,20,64,0,64,신흥시장
2018,3,R,전통시장,1001286,286,146,140,22,46,46,30,65,77,9,27,27,18,32,33,13,19,19,12,33,44,157,83,74,후암시장
2018,3,R,전통시장,1001285,79,62,17,4,3,8,16,22,26,2,2,5,12,21,20,2,1,3,4,1,6,74,0,74,합동(새벽)시장
2018,3,R,전통시장,1001284,1017,540,477,73,117,112,127,205,383,42,65,68,68,115,182,31,52,44,59,90,201,584,0,584,서울중앙시장
2018,3,R,전통시장,1001283,815,438,377,74,100,101,123,172,245,37,68,55,74,88,116,37,32,46,49,84,129,410,0,410,백학시장
2018,3,R,전통시장,1001282,950,452,498,115,139,135,137,147,277,65,64,56,72,75,120,50,75,79,65,72,157,486,0,486,약수시장
2018,3,R,전통시장,1001281,1,1,0,0,0,0,1,0,0,0,0,0,1,0,0,0,0,0,0,0,0,1,0,1,청평화시장
2018,3,R,전통시장,1001279,51,25,26,2,7,6,2,16,18,2,4,1,2,7,9,0,3,5,0,9,9,31,23,8,동평화시장
2018,3,R,전통시장,1001277,285,188,97,11,30,35,25,65,119,7,17,19,18,47,80,4,13,16,7,18,39,206,0,206,방산종합시장
2018,3,R,전통시장,1001276,4,4,0,0,0,2,0,0,2,0,0,2,0,0,2,0,0,0,0,0,0,4,0,4,평화시장
2018,3,R,전통시장,1001275,145,82,63,7,16,12,15,33,62,4,7,6,11,22,32,3,9,6,4,11,30,90,0,90,인현시장
2018,3,R,전통시장,1001274,287,194,93,9,19,26,31,73,129,8,10,15,21,57,83,1,9,11,10,16,46,221,0,221,신중부시장
2018,3,R,전통시장,1001273,86,51,35,0,3,8,13,24,38,0,1,6,8,15,21,0,2,2,5,9,17,69,0,69,남대문시장
2018,3,R,전통시장,1001272,14,12,2,0,1,2,1,5,5,0,1,2,1,4,4,0,0,0,0,1,1,11,0,11,신설종합시장
2018,3,R,전통시장,1001271,789,444,345,30,197,134,93,120,215,16,97,69,55,81,126,14,100,65,38,39,89,604,64,540,동묘시장
2018,3,R,전통시장,1001270,385,198,187,31,36,38,64,67,149,12,20,26,38,41,61,19,16,12,26,26,88,238,0,238,창신골목시장
2018,3,R,전통시장,1001269,65,36,29,4,10,7,13,9,22,2,6,7,4,6,11,2,4,0,9,3,11,36,0,36,동문시장
2018,3,R,전통시장,1001268,176,91,85,16,25,13,30,35,57,6,15,10,14,19,27,10,10,3,16,16,30,88,0,88,충신시장
2018,3,R,전통시장,1001267,110,78,32,1,8,7,15,32,47,1,4,5,14,21,33,0,4,2,1,11,14,89,0,89,종로신진시장
2018,3,R,전통시장,1001266,2,2,0,0,0,0,1,1,0,0,0,0,1,1,0,0,0,0,0,0,0,2,0,2,동대문종합시장
2018,3,R,전통시장,1001265,60,30,30,1,8,3,5,20,23,1,5,1,2,12,9,0,3,2,3,8,14,46,0,46,광장시장
2018,3,R,전통시장,1001264,711,315,396,91,96,93,114,115,202,43,38,40,51,59,84,48,58,53,63,56,118,330,43,287,통인시장
2018,3,D,발달상권,1001263,242,150,92,3,42,41,36,44,76,1,16,25,20,31,57,2,26,16,16,13,19,197,0,197,서울 노원구 노원역_3
2018,3,D,발달상권,1001262,17,14,3,0,1,0,3,4,9,0,1,0,3,4,6,0,0,0,0,0,3,15,0,15,서울 노원구 노원역_2
2018,3,D,발달상권,1001261,699,313,386,111,93,92,105,144,154,46,43,41,47,69,67,65,50,51,58,75,87,279,277,2,서울 노원구 노원역_1
2018,3,D,발달상권,1001260,578,361,217,25,95,105,116,123,114,11,40,70,78,87,75,14,55,35,38,36,39,474,0,474,창동역
2018,3,D,발달상권,1001259,721,404,317,46,146,119,99,128,183,22,67,64,60,82,109,24,79,55,39,46,74,492,0,492,서울 강북구 수유역_3
2018,3,D,발달상권,1001258,181,77,104,26,18,52,49,25,11,10,7,24,21,11,4,16,11,28,28,14,7,103,0,103,등나무근린공원 주변
2018,3,D,발달상권,1001257,2100,1054,1046,117,344,412,341,372,514,55,147,229,184,201,238,62,197,183,157,171,276,1405,0,1405,서울 강북구 수유역_2
2018,3,D,발달상권,1001256,781,386,395,59,170,159,116,123,154,32,73,86,60,63,72,27,97,73,56,60,82,446,0,446,서울 강북구 수유역_1
2018,3,D,발달상권,1001255,101,61,40,3,27,12,18,20,21,2,14,6,11,12,16,1,13,6,7,8,5,82,0,82,서울 은평구 연신내역_3
2018,3,D,발달상권,1001254,1079,533,546,98,203,191,176,174,237,50,89,102,98,89,105,48,114,89,78,85,132,614,0,614,서울 은평구 연신내역_2
2018,3,D,발달상권,1001253,221,99,122,15,50,43,39,30,44,10,21,21,15,9,23,5,29,22,24,21,21,148,0,148,서울 은평구 연신내역_1
2018,3,D,발달상권,1001252,466,255,211,28,76,69,54,95,144,14,45,40,28,54,74,14,31,29,26,41,70,266,0,266,서울 성북구 미아삼거리역_2
2018,3,D,발달상권,1001251,380,208,172,23,44,51,66,67,129,16,25,27,41,35,64,7,19,24,25,32,65,225,0,225,서울 강북구 미아삼거리역_1
2018,3,D,발달상권,1001250,768,330,438,54,229,260,84,63,78,22,74,126,38,31,39,32,155,134,46,32,39,544,174,370,서울 은평구 불광역_3
2018,3,D,발달상권,1001249,657,333,324,38,165,144,91,80,139,19,84,75,43,42,70,19,81,69,48,38,69,438,0,438,서울 은평구 불광역_2
2018,3,D,발달상권,1001248,557,276,281,36,106,107,60,101,147,21,48,56,31,50,70,15,58,51,29,51,77,341,0,341,서울 은평구 불광역_1
2018,3,D,발달상권,1001247,96,47,49,8,10,12,12,19,35,3,7,5,7,9,16,5,3,7,5,10,19,58,0,58,미아사거리_2
2018,3,D,발달상권,1001246,935,455,480,140,168,153,165,140,169,78,68,73,84,66,86,62,100,80,81,74,83,418,243,175,미아사거리_1
2018,3,D,발달상권,1001245,1078,493,585,71,261,237,153,160,196,33,100,106,75,91,88,38,161,131,78,69,108,743,0,743,서울 성북구 성신여대입구역
2018,3,D,발달상권,1001244,368,167,201,28,132,58,40,30,80,8,50,30,24,16,39,20,82,28,16,14,41,255,0,255,경희대학교
2018,3,D,발달상권,1001243,365,179,186,25,162,54,22,35,67,12,77,29,14,18,29,13,85,25,8,17,38,253,0,253,서울 성북구 안암역
2018,3,D,발달상권,1001242,647,301,346,35,215,119,66,80,132,19,88,56,35,43,60,16,127,63,31,37,72,445,0,445,혜화역 대학로_3
2018,3,D,발달상권,1001241,804,397,407,62,299,146,82,90,125,32,140,82,46,41,56,30,159,64,36,49,69,534,0,534,혜화역 대학로_2
2018,3,D,발달상권,1001240,479,225,254,42,111,84,65,66,111,23,54,36,34,33,45,19,57,48,31,33,66,292,0,292,혜화역 대학로_1
2018,3,D,발달상권,1001239,1444,654,790,209,397,326,269,161,82,105,142,148,136,85,38,104,255,178,133,76,44,854,103,751,디지털미디어시티
2018,3,D,발달상권,1001238,2842,1420,1422,280,404,354,355,528,921,123,185,182,180,281,469,157,219,172,175,247,452,1374,703,671,서울 동대문구 청량리역
2018,3,D,발달상권,1001237,307,140,167,33,52,64,51,44,63,19,27,34,18,14,28,14,25,30,33,30,35,177,0,177,서울 종로구 경복궁역_2
2018,3,D,발달상권,1001236,275,127,148,27,33,32,39,50,94,15,19,15,14,23,41,12,14,17,25,27,53,149,0,149,서울 종로구 안국역_2
2018,3,D,발달상권,1001235,109,45,64,10,8,14,20,14,43,4,5,4,9,8,15,6,3,10,11,6,28,65,0,65,서울 종로구 안국역_1
2018,3,D,발달상권,1001234,615,298,317,60,75,91,103,96,190,33,38,49,52,42,84,27,37,42,51,54,106,312,0,312,서울 종로구 경복궁역_1
2018,3,D,발달상권,1001233,155,122,33,7,12,12,19,50,55,3,9,10,15,41,44,4,3,2,4,9,11,119,0,119,서울 종로구 종로3가역_3
2018,3,D,발달상권,1001232,2308,1578,730,46,87,132,245,572,1226,27,56,81,177,451,786,19,31,51,68,121,440,2004,0,2004,서울 종로구 종로3가역_2
2018,3,D,발달상권,1001231,379,239,140,10,74,89,53,63,90,4,38,49,40,47,61,6,36,40,13,16,29,306,0,306,서울 동대문구 신설동역_2
2018,3,D,발달상권,1001230,802,435,367,74,77,117,110,121,303,48,43,58,62,72,152,26,34,59,48,49,151,498,150,348,인사동
2018,3,D,발달상권,1001229,282,168,114,17,42,35,37,53,98,10,27,23,24,38,46,7,15,12,13,15,52,190,0,190,서울 종로구 종로5가역_4
2018,3,D,발달상권,1001228,710,431,279,37,43,61,107,160,302,22,27,38,68,107,169,15,16,23,39,53,133,503,0,503,서울 종로구 종로5가역_3
2018,3,D,발달상권,1001227,525,299,226,40,63,80,87,102,153,23,39,50,43,61,83,17,24,30,44,41,70,359,29,330,종로구청
2018,3,D,발달상권,1001226,2058,1026,1032,189,518,422,227,282,420,90,246,209,121,142,218,99,272,213,106,140,202,1235,0,1235,서울 종로구 종로5가역_2
2018,3,D,발달상권,1001225,425,263,162,9,116,99,51,75,75,6,43,63,36,59,56,3,73,36,15,16,19,359,0,359,신설동역
2018,3,D,발달상권,1001224,286,168,118,9,69,57,32,50,69,3,25,30,18,39,53,6,44,27,14,11,16,243,0,243,서울 동대문구 신설동역_1
2018,3,D,발달상권,1001223,2557,1134,1423,375,289,445,445,362,641,192,125,180,184,171,282,183,164,265,261,191,359,1252,117,1135,서울 종로구 광화문역_2
2018,3,D,발달상권,1001222,867,422,445,109,132,106,123,158,239,54,72,60,63,74,99,55,60,46,60,84,140,345,243,102,동묘앞역
2018,3,D,발달상권,1001221,4436,2178,2258,566,760,1076,761,577,696,303,336,541,392,280,326,263,424,535,369,297,370,2341,640,1701,장안동사거리
2018,3,D,발달상권,1001220,577,380,197,13,48,60,54,143,259,7,28,42,39,105,159,6,20,18,15,38,100,439,0,439,서울 종로구 동대문역_2
2018,3,D,발달상권,1001219,128,66,62,9,21,13,13,28,44,3,12,4,7,16,24,6,9,9,6,12,20,68,0,68,서울 종로구 동대문역_1
2018,3,D,발달상권,1001218,32,16,16,1,2,5,4,4,16,0,0,3,2,2,9,1,2,2,2,2,7,26,0,26,동대문시장_2
2018,3,D,발달상권,1001217,24,5,19,0,0,0,3,3,18,0,0,0,2,0,3,0,0,0,1,3,15,21,0,21,서울 종로구 종로5가역_1
2018,3,D,발달상권,1001216,175,137,38,5,33,20,22,41,54,2,26,14,17,36,42,3,7,6,5,5,12,156,0,156,서울 종로구 종로3가역_1
2018,3,D,발달상권,1001215,13,8,5,1,1,0,3,5,3,0,0,0,2,4,2,1,1,0,1,1,1,10,0,10,서울 종로구 광화문역_1
2018,3,D,발달상권,1001214,3,2,1,0,0,1,1,1,0,0,0,0,1,1,0,0,0,1,0,0,0,3,0,3,종각역
2018,3,D,발달상권,1001213,153,111,42,4,46,33,19,20,31,2,35,25,13,13,23,2,11,8,6,7,8,129,0,129,종각역 젊음의 거리
2018,3,D,발달상권,1001212,1427,701,726,327,131,313,260,173,223,158,57,137,143,97,109,169,74,176,117,76,114,543,0,543,서대문구 서대문역_1
2018,3,D,발달상권,1001211,28,16,12,0,4,9,2,5,8,0,0,8,1,4,3,0,4,1,1,1,5,26,0,26,동대문시장_1
2018,3,D,발달상권,1001210,1012,447,565,168,110,308,204,106,116,64,45,146,86,49,57,104,65,162,118,57,59,543,78,465,시청역_2
2018,3,D,발달상권,1001209,80,49,31,6,1,7,12,20,34,2,1,5,7,12,22,4,0,2,5,8,12,57,0,57,서울시청
2018,3,D,발달상권,1001208,506,325,181,5,35,27,63,119,257,2,17,16,49,87,154,3,18,11,14,32,103,404,80,324,서울 중구 을지로3가역_2
2018,3,D,발달상권,1001207,298,149,149,13,61,69,37,50,68,7,20,34,22,27,39,6,41,35,15,23,29,212,0,212,서울 중구 신당역_2
2018,3,D,발달상권,1001206,869,433,436,59,195,207,107,142,159,29,75,113,60,73,83,30,120,94,47,69,76,581,0,581,서대문구 서대문역_2
2018,3,D,발달상권,1001205,430,267,163,11,43,52,53,100,171,4,26,33,31,68,105,7,17,19,22,32,66,314,0,314,동대문역사문화공원역
2018,3,D,발달상권,1001204,228,153,75,5,22,27,31,46,97,1,11,16,20,36,69,4,11,11,11,10,28,184,0,184,서울 중구 을지로3가역_1
2018,3,D,발달상권,1001203,144,83,61,4,19,22,26,35,38,0,8,14,17,22,22,4,11,8,9,13,16,112,0,112,명동거리
2018,3,D,발달상권,1001202,1,1,0,0,0,1,0,0,0,0,0,1,0,0,0,0,0,0,0,0,0,1,0,1,롯데백화점
2018,3,D,발달상권,1001201,883,486,397,76,104,113,128,201,261,33,58,71,74,116,134,43,46,42,54,85,127,513,0,513,서울 중구 신당역_1
2018,3,D,발달상권,1001200,244,154,90,2,18,37,34,51,102,0,8,30,23,30,63,2,10,7,11,21,39,217,0,217,북창동
2018,3,D,발달상권,1001199,1446,777,669,124,182,189,179,269,503,65,90,103,108,154,257,59,92,86,71,115,246,764,159,605,서울 중구 충무로역_2
2018,3,D,발달상권,1001198,2163,1073,1090,149,439,396,247,364,568,77,224,199,129,177,267,72,215,197,118,187,301,1420,21,1399,서울 강서구 송정역
2018,3,D,발달상권,1001197,1404,732,672,133,246,314,211,227,273,71,97,164,116,135,149,62,149,150,95,92,124,800,0,800,장한평역_2
2018,3,D,발달상권,1001196,352,185,167,57,31,84,74,42,64,35,14,37,45,22,32,22,17,47,29,20,32,157,0,157,시청역_1
2018,3,D,발달상권,1001195,532,247,285,41,165,83,71,75,97,14,72,38,41,39,43,27,93,45,30,36,54,331,0,331,왕십리역_2
2018,3,D,발달상권,1001194,102,54,48,2,20,30,21,19,10,2,8,16,13,9,6,0,12,14,8,10,4,77,0,77,서울 강서구 발산역
2018,3,D,발달상권,1001193,197,132,65,10,25,29,34,64,35,7,14,17,28,46,20,3,11,12,6,18,15,137,0,137,장한평역_1
2018,3,D,발달상권,1001192,762,377,385,44,111,112,91,140,264,21,48,64,55,73,116,23,63,48,36,67,148,511,0,511,서울 중구 충무로역_1
2018,3,D,발달상권,1001190,1204,861,343,30,201,262,249,278,184,14,81,165,204,248,149,16,120,97,45,30,35,1021,0,1021,장한평역
2018,3,D,발달상권,1001189,1247,589,658,118,133,178,189,216,413,55,57,78,99,109,191,63,76,100,90,107,222,709,0,709,서울 중구 명동역
2018,3,D,발달상권,1001188,301,159,142,37,75,36,39,35,79,16,38,19,26,24,36,21,37,17,13,11,43,200,100,100,장충동 족발거리
2018,3,D,발달상권,1001187,957,437,520,36,550,174,42,46,109,11,236,98,23,24,45,25,314,76,19,22,64,794,0,794,한양시장
2018,3,D,발달상권,1001186,1603,518,1085,54,657,194,182,168,348,21,98,84,94,80,141,33,559,110,88,88,207,1286,70,1216,서울 서대문구 이대역
2018,3,D,발달상권,1001185,2694,1375,1319,115,1127,476,243,266,467,60,541,266,133,154,221,55,586,210,110,112,246,2056,60,1996,서울 서대문구 신촌역
2018,3,D,발달상권,1001184,190,87,103,11,36,57,39,29,18,5,14,28,19,13,8,6,22,29,20,16,10,142,0,142,서울 마포구 홍대입구역_3
2018,3,D,발달상권,1001183,511,252,259,61,84,109,75,52,130,34,47,48,43,20,60,27,37,61,32,32,70,256,0,256,서울 마포구 홍대입구역_2
2018,3,D,발달상권,1001182,4789,2292,2497,380,1209,1134,652,500,914,202,559,541,333,241,416,178,650,593,319,259,498,3034,129,2905,홍익대학교 주변
2018,3,D,발달상권,1001181,1757,803,954,137,468,422,188,222,320,74,186,195,94,105,149,63,282,227,94,117,171,1085,0,1085,서울 광진구 군자역
2018,3,D,발달상권,1001180,1142,584,558,58,341,261,147,98,237,32,160,133,83,58,118,26,181,128,64,40,119,863,0,863,신촌역
2018,3,D,발달상권,1001179,2973,1459,1514,316,613,705,443,410,486,160,240,357,255,218,229,156,373,348,188,192,257,1849,103,1746,강서구청
2018,3,D,발달상권,1001178,668,332,336,58,124,158,113,72,143,33,51,88,60,36,64,25,73,70,53,36,79,403,0,403,서울 마포구 홍대입구역_1
2018,3,D,발달상권,1001177,53,29,24,6,6,7,13,4,17,5,2,2,10,2,8,1,4,5,3,2,9,23,0,23,서울 중구 약수역_2
2018,3,D,발달상권,1001176,10,6,4,0,0,3,2,1,4,0,0,2,1,1,2,0,0,1,1,0,2,7,0,7,서울 중구 약수역_1
2018,3,D,발달상권,1001175,2716,1360,1356,574,402,319,491,505,425,322,222,149,207,249,211,252,180,170,284,256,214,890,432,458,서울 강동구 고덕역
2018,3,D,발달상권,1001174,1237,558,679,117,239,431,157,131,162,58,75,209,86,64,66,59,164,222,71,67,96,683,384,299,등촌역
2018,3,D,발달상권,1001173,2013,1008,1005,280,274,285,348,319,507,145,139,156,167,153,248,135,135,129,181,166,259,997,0,997,서울 강동구 명일역
2018,3,D,발달상권,1001172,563,327,236,61,112,86,80,106,118,38,63,45,50,68,63,23,49,41,30,38,55,301,85,216,어린이대공원역
2018,3,D,발달상권,1001171,27,15,12,1,5,0,3,10,8,0,3,0,3,5,4,1,2,0,0,5,4,18,0,18,서울 마포구 공덕역_2
2018,3,D,발달상권,1001170,48,35,13,0,3,4,14,13,14,0,2,1,12,10,10,0,1,3,2,3,4,37,0,37,공덕역
2018,3,D,발달상권,1001169,474,273,201,27,73,53,85,100,136,13,40,32,56,66,66,14,33,21,29,34,70,310,0,310,서울 용산구 숙대입구역
2018,3,D,발달상권,1001168,242,110,132,8,76,78,35,24,21,5,21,40,20,16,8,3,55,38,15,8,13,191,0,191,남영역
2018,3,D,발달상권,1001167,604,285,319,81,126,88,102,125,82,42,62,41,41,58,41,39,64,47,61,67,41,238,0,238,서울 마포구 공덕역_1
2018,3,D,발달상권,1001166,3470,1557,1913,496,407,927,717,452,471,233,152,434,309,219,210,263,255,493,408,233,261,1837,395,1442,서울 마포구 마포역_2
2018,3,D,발달상권,1001165,1999,903,1096,100,760,434,199,171,335,49,313,201,98,90,152,51,447,233,101,81,183,1440,0,1440,서울 광진구 건대입구역_2
2018,3,D,발달상권,1001164,882,457,425,81,129,155,146,138,233,47,71,82,76,74,107,34,58,73,70,64,126,509,0,509,서울 마포구 마포역_1
2018,3,D,발달상권,1001163,4596,2226,2370,305,777,1121,732,755,906,153,312,523,402,421,415,152,465,598,330,334,491,2910,395,2515,서울 강동구 천호역_2
2018,3,D,발달상권,1001162,1047,511,536,67,220,194,135,168,263,30,92,101,74,83,131,37,128,93,61,85,132,633,0,633,서울 광진구 건대입구역_1
2018,3,D,발달상권,1001161,544,229,315,21,13,9,24,27,450,12,3,1,9,12,192,9,10,8,15,15,258,296,0,296,건대입구역
2018,3,D,발달상권,1001160,1891,850,1041,112,457,489,279,249,305,53,162,236,144,113,142,59,295,253,135,136,163,1252,0,1252,서울 광진구 구의역
2018,3,D,발달상권,1001159,292,141,151,20,43,64,48,40,77,8,19,35,26,16,37,12,24,29,22,24,40,170,0,170,서울 강동구 천호역
2018,3,D,발달상권,1001158,696,310,386,17,285,216,71,39,68,12,82,118,40,24,34,5,203,98,31,15,34,553,0,553,당산역_2
2018,3,D,발달상권,1001157,384,190,194,27,72,69,63,71,82,9,35,43,33,34,36,18,37,26,30,37,46,214,0,214,서울 강동구 천호역_1
2018,3,D,발달상권,1001156,3074,1506,1568,145,837,764,430,461,437,65,298,392,253,259,239,80,539,372,177,202,198,2184,0,2184,서울 강동구 길동역
2018,3,D,발달상권,1001155,610,351,259,38,93,149,103,71,156,17,56,93,69,42,74,21,37,56,34,29,82,367,46,321,용산 전자상가_5
2018,3,D,발달상권,1001154,332,177,155,67,25,67,68,41,64,31,14,36,44,25,27,36,11,31,24,16,37,165,0,165,용산 전자상가_4
2018,3,D,발달상권,1001153,1050,472,578,62,298,360,107,105,118,30,111,166,57,52,56,32,187,194,50,53,62,688,113,575,당산역_1
2018,3,D,발달상권,1001152,193,86,107,25,25,31,12,30,70,12,11,9,5,13,36,13,14,22,7,17,34,66,62,4,서울 광진구 강변역
2018,3,D,발달상권,1001151,253,124,129,24,32,64,24,44,65,11,16,35,14,21,27,13,16,29,10,23,38,125,70,55,용산 전자상가_3
2018,3,D,발달상권,1001150,893,494,399,57,170,171,143,146,206,33,101,98,75,82,105,24,69,73,68,64,101,584,0,584,서울 용산구 이태원역
2018,3,D,발달상권,1001149,166,87,79,10,26,18,24,25,63,6,16,10,12,14,29,4,10,8,12,11,34,110,0,110,한남오거리
2018,3,D,발달상권,1001148,62,35,27,3,13,17,13,10,6,1,3,7,11,7,6,2,10,10,2,3,0,56,0,56,목동사거리
2018,3,D,발달상권,1001147,177,94,83,28,27,30,26,30,36,18,15,12,16,17,16,10,12,18,10,13,20,67,0,67,용산 전자상가_2
2018,3,D,발달상권,1001146,113,50,63,13,12,23,23,10,32,5,5,7,16,2,15,8,7,16,7,8,17,57,0,57,용산구청
2018,3,D,발달상권,1001145,1460,680,780,132,278,445,253,208,144,58,112,202,135,96,77,74,166,243,118,112,67,843,0,843,용산 전자상가_1
2018,3,D,발달상권,1001144,696,354,342,23,120,224,129,96,104,12,58,110,64,54,56,11,62,114,65,42,48,556,0,556,국회의사당역_2
2018,3,D,발달상권,1001143,390,197,193,30,24,51,56,77,152,16,11,34,38,41,57,14,13,17,18,36,95,307,0,307,서울 용산구 신용산역
2018,3,D,발달상권,1001142,103,56,47,1,35,50,13,3,1,1,20,26,7,2,0,0,15,24,6,1,1,92,0,92,국회의사당역_1
2018,3,D,발달상권,1001141,1306,624,682,184,162,249,257,160,294,83,70,128,133,81,129,101,92,121,124,79,165,663,244,419,압구정 로데오거리_2
2018,3,D,발달상권,1001140,1878,853,1025,234,293,378,335,223,415,124,145,144,155,108,177,110,148,234,180,115,238,992,0,992,서울 강남구 압구정역
2018,3,D,발달상권,1001139,1278,665,613,68,231,246,183,205,345,34,111,126,104,125,165,34,120,120,79,80,180,888,0,888,서울 영등포구 영등포구청역
2018,3,D,발달상권,1001138,579,271,308,88,64,82,87,70,188,41,33,38,41,30,88,47,31,44,46,40,100,236,0,236,압구정 로데오거리_1
2018,3,D,발달상권,1001137,791,419,372,99,118,106,139,132,197,61,68,55,70,71,94,38,50,51,69,61,103,375,12,363,서울 강동구 둔촌동역
2018,3,D,발달상권,1001136,871,433,438,214,98,114,193,118,134,114,48,49,100,52,70,100,50,65,93,66,64,272,103,169,오목교역
2018,3,D,발달상권,1001135,3844,1780,2064,463,618,777,702,506,778,237,281,334,344,250,334,226,337,443,358,256,444,2163,0,2163,신사동 가로수길
2018,3,D,발달상권,1001134,17,14,3,1,2,3,3,6,2,0,2,3,3,4,2,1,0,0,0,2,0,14,0,14,서울 영등포구 여의도역_2
2018,3,D,발달상권,1001133,888,394,494,55,71,104,166,147,345,22,40,44,79,65,144,33,31,60,87,82,201,595,0,595,청담사거리_3
2018,3,D,발달상권,1001132,503,273,230,28,100,99,71,65,140,13,48,61,45,39,67,15,52,38,26,26,73,316,0,316,영등포유통상가
2018,3,D,발달상권,1001131,1050,493,557,166,150,226,197,149,162,88,67,97,95,72,74,78,83,129,102,77,88,479,346,133,청담역_2
2018,3,D,발달상권,1001130,198,98,100,29,23,35,28,29,54,10,16,15,14,14,29,19,7,20,14,15,25,71,0,71,청담역_1
2018,3,D,발달상권,1001129,357,174,183,47,45,59,57,52,97,20,27,29,27,24,47,27,18,30,30,28,50,135,0,135,청담사거리_2
2018,3,D,발달상권,1001128,254,114,140,36,36,49,63,32,38,14,13,21,33,16,17,22,23,28,30,16,21,143,0,143,청담사거리_1
2018,3,D,발달상권,1001127,1376,662,714,253,152,184,235,217,335,133,67,76,105,117,164,120,85,108,130,100,171,505,462,43,서울 영등포구 여의도역_1
2018,3,D,발달상권,1001126,288,147,141,24,51,34,47,48,84,15,28,18,27,24,35,9,23,16,20,24,49,158,0,158,서울 양천구 신정네거리역_2
2018,3,D,발달상권,1001125,456,230,226,65,72,68,81,75,95,41,37,37,36,36,43,24,35,31,45,39,52,173,116,57,학동사거리_2
2018,3,D,발달상권,1001124,1435,931,504,48,82,139,214,358,594,22,48,95,147,266,353,26,34,44,67,92,241,1128,0,1128,서울 영등포구 영등포시장역
2018,3,D,발달상권,1001123,428,214,214,37,73,91,78,55,94,22,30,44,43,32,43,15,43,47,35,23,51,271,46,225,학동사거리_1
2018,3,D,발달상권,1001122,1412,669,743,206,154,183,209,231,429,106,76,78,104,111,194,100,78,105,105,120,235,585,116,469,여의도 시범아파트앞
2018,3,D,발달상권,1001121,486,298,188,11,133,104,66,85,87,7,59,58,47,66,61,4,74,46,19,19,26,418,0,418,영등포역_3
2018,3,D,발달상권,1001120,272,123,149,20,61,80,37,22,52,11,28,39,16,9,20,9,33,41,21,13,32,178,24,154,도산공원사거리_1
2018,3,D,발달상권,1001119,751,547,204,17,144,105,133,196,156,9,58,76,120,168,116,8,86,29,13,28,40,694,0,694,영등포역_2
2018,3,D,발달상권,1001118,1493,741,752,225,148,222,234,256,408,116,76,107,121,131,190,109,72,115,113,125,218,711,573,138,문래동 주민센터
2018,3,D,발달상권,1001117,1000,439,561,68,188,293,161,105,185,34,71,126,77,49,82,34,117,167,84,56,103,631,0,631,강남구 신사역_2
2018,3,D,발달상권,1001116,325,178,147,12,130,97,34,33,19,7,54,57,21,23,16,5,76,40,13,10,3,279,0,279,영등포역_1
2018,3,D,발달상권,1001115,742,376,366,32,58,128,180,130,214,17,22,67,92,83,95,15,36,61,88,47,119,557,0,557,서울 강남구 강남구청역_2
2018,3,D,발달상권,1001114,779,422,357,45,143,181,141,114,155,26,66,100,84,68,78,19,77,81,57,46,77,532,0,532,강남구 신사역_1
2018,3,D,발달상권,1001113,9,6,3,0,1,2,1,2,3,0,1,2,1,2,0,0,0,0,0,0,3,9,0,9,서울 동작구 노량진1동_1
2018,3,D,발달상권,1001112,120,65,55,3,28,32,23,16,18,3,14,15,13,9,11,0,14,17,10,7,7,91,0,91,서울 강남구 학동역_3
2018,3,D,발달상권,1001111,620,313,307,53,123,167,96,95,86,27,63,80,40,57,46,26,60,87,56,38,40,398,92,306,서울 강남구 강남구청역_1
2018,3,D,발달상권,1001110,1765,834,931,242,233,250,220,295,525,122,109,114,87,140,262,120,124,136,133,155,263,614,212,402,잠실역
2018,3,D,발달상권,1001109,1895,947,948,143,332,476,352,273,319,75,153,228,179,151,161,68,179,248,173,122,158,1206,10,1196,강남구 논현역_4
2018,3,D,발달상권,1001108,494,209,285,25,81,180,85,61,62,13,35,75,31,28,27,12,46,105,54,33,35,346,0,346,학동역
2018,3,D,발달상권,1001107,1418,765,653,90,266,353,224,229,256,46,140,187,133,122,137,44,126,166,91,107,119,930,0,930,방이동 먹자골목
2018,3,D,발달상권,1001106,93,46,47,4,16,39,16,9,9,2,5,20,8,7,4,2,11,19,8,2,5,70,0,70,서울 강남구 학동역_2
2018,3,D,발달상권,1001105,1025,506,519,38,505,196,93,72,121,16,222,123,58,34,53,22,283,73,35,38,68,843,0,843,서울 동작구 노량진역
2018,3,D,발달상권,1001104,60,46,14,0,10,14,8,12,16,0,9,9,8,7,13,0,1,5,0,5,3,46,0,46,삼성역_3
2018,3,D,발달상권,1001103,24,16,8,5,2,2,5,5,5,4,1,1,2,4,4,1,1,1,3,1,1,14,0,14,코엑스
2018,3,D,발달상권,1001102,894,410,484,75,170,227,159,102,161,34,75,104,73,54,70,41,95,123,86,48,91,540,0,540,서울 강남구 학동역_1
2018,3,D,발달상권,1001101,3065,1386,1679,369,468,705,608,387,528,186,210,299,286,188,217,183,258,406,322,199,311,1842,141,1701,선정릉역_2
2018,3,D,발달상권,1001100,66,24,42,4,10,15,11,12,14,2,3,2,6,5,6,2,7,13,5,7,8,37,0,37,강남구 논현역_3
2018,3,D,발달상권,1001099,686,356,330,62,131,164,110,108,111,33,64,92,49,66,52,29,67,72,61,42,59,397,0,397,포스코사거리_2
2018,3,D,발달상권,1001098,2033,989,1044,203,339,457,373,290,371,111,160,195,201,149,173,92,179,262,172,141,198,1167,79,1088,포스코사거리_1
2018,3,D,발달상권,1001096,2775,1345,1430,535,353,623,475,409,380,262,159,315,233,189,187,273,194,308,242,220,193,984,547,437,신도림역
2018,3,D,발달상권,1001095,3907,1856,2051,257,802,1081,634,444,689,136,341,509,329,228,313,121,461,572,305,216,376,2487,0,2487,강남구 논현역_2
2018,3,D,발달상권,1001094,647,289,358,79,134,142,102,95,95,41,58,56,46,40,48,38,76,86,56,55,47,335,0,335,선정릉역_1
2018,3,D,발달상권,1001093,2787,1350,1437,242,464,679,467,391,544,125,211,329,240,189,256,117,253,350,227,202,288,1695,0,1695,신천역
2018,3,D,발달상권,1001092,1946,1006,940,94,369,486,336,294,367,46,170,229,204,179,178,48,199,257,132,115,189,1374,0,1374,강남구 논현역_1
2018,3,D,발달상권,1001091,9,6,3,0,1,2,1,1,4,0,0,2,1,0,3,0,1,0,0,1,1,5,0,5,삼성역_2
2018,3,D,발달상권,1001090,616,296,320,38,105,176,105,85,107,23,48,72,57,41,55,15,57,104,48,44,52,410,0,410,삼정역_2
2018,3,D,발달상권,1001089,90,40,50,6,13,21,12,15,23,3,4,13,3,6,11,3,9,8,9,9,12,48,0,48,삼정역_1
2018,3,D,발달상권,1001088,1418,700,718,188,273,336,233,194,194,110,107,166,118,102,97,78,166,170,115,92,97,802,0,802,삼성역_1
2018,3,D,발달상권,1001087,2154,1052,1102,130,427,643,365,262,327,66,187,317,206,124,152,64,240,326,159,138,175,1376,0,1376,서울 강남구 선릉역_2
2018,3,D,발달상권,1001085,3061,1569,1492,156,701,924,440,387,453,79,328,474,247,215,226,77,373,450,193,172,227,2162,44,2118,서울 서초구 강남역
2018,3,D,발달상권,1001084,680,336,344,41,89,211,160,88,91,24,43,96,76,53,44,17,46,115,84,35,47,499,0,499,서울 강남구 선릉역_1
2018,3,D,발달상권,1001083,605,302,303,83,87,159,87,76,113,46,39,78,39,40,60,37,48,81,48,36,53,298,0,298,서울 송파구 석촌역_2
2018,3,D,발달상권,1001082,4200,1900,2300,423,768,1162,864,509,474,204,295,477,414,281,229,219,473,685,450,228,245,2649,114,2535,선릉역_2
2018,3,D,발달상권,1001081,1045,512,533,77,226,278,145,146,173,38,107,132,75,75,85,39,119,146,70,71,88,654,0,654,서울 강남구 역삼역_2
2018,3,D,발달상권,1001080,192,83,109,21,32,43,43,22,31,12,9,18,21,8,15,9,23,25,22,14,16,106,0,106,서울 송파구 석촌역_1
2018,3,D,발달상권,1001079,3,2,1,0,0,1,0,1,1,0,0,1,0,1,0,0,0,0,0,0,1,2,0,2,석촌역
2018,3,D,발달상권,1001078,2534,1163,1371,299,406,456,483,373,517,138,152,208,236,193,236,161,254,248,247,180,281,1397,456,941,서울 강남구 강남역_2
2018,3,D,발달상권,1001077,1317,578,739,269,154,270,339,147,138,106,64,107,151,86,64,163,90,163,188,61,74,595,282,313,선릉역_1
2018,3,D,발달상권,1001076,687,333,354,111,95,180,107,95,99,58,35,87,60,47,46,53,60,93,47,48,53,308,169,139,구로역
2018,3,D,발달상권,1001075,412,280,132,308,23,42,16,12,11,218,11,25,8,11,7,90,12,17,8,1,4,92,0,92,역삼역_2
2018,3,D,발달상권,1001074,2603,1233,1370,246,672,733,418,298,236,119,233,353,233,183,112,127,439,380,185,115,124,1809,0,1809,대림역_2
2018,3,D,발달상권,1001073,5477,2804,2673,333,1039,1487,1009,732,877,173,444,777,565,431,414,160,595,710,444,301,463,3873,59,3814,서울 강남구 역삼역_1
2018,3,D,발달상권,1001072,1241,597,644,115,259,286,180,157,244,53,93,136,103,88,124,62,166,150,77,69,120,806,34,772,신대방삼거리역
2018,3,D,발달상권,1001071,2103,1000,1103,383,324,272,429,357,338,197,157,132,183,183,148,186,167,140,246,174,190,927,0,927,서울 강남구 한티역
2018,3,D,발달상권,1001070,389,208,181,98,47,37,96,68,43,71,24,17,38,40,18,27,23,20,58,28,25,133,89,44,은마아파트입구사거리_4
2018,3,D,발달상권,1001069,309,158,151,52,52,34,58,55,58,27,26,20,22,31,32,25,26,14,36,24,26,132,0,132,은마아파트입구사거리_3
2018,3,D,발달상권,1001068,18,9,9,0,3,1,2,6,6,0,1,0,2,2,4,0,2,1,0,4,2,9,0,9,은마아파트입구사거리_2
2018,3,D,발달상권,1001067,3768,1818,1950,232,893,1141,564,380,558,111,321,591,329,195,271,121,572,550,235,185,287,2714,0,2714,오류동역
2018,3,D,발달상권,1001066,2372,1097,1275,160,604,738,348,258,264,81,244,339,180,129,124,79,360,399,168,129,140,1654,103,1551,서울 강남구 강남역
2018,3,D,발달상권,1001065,142,75,67,25,25,14,27,30,21,16,15,9,14,14,7,9,10,5,13,16,14,48,0,48,은마아파트입구사거리_1
2018,3,D,발달상권,1001064,1769,807,962,71,632,601,231,123,111,36,201,307,129,80,54,35,431,294,102,43,57,1477,0,1477,대림역_1
2018,3,D,발달상권,1001063,444,222,222,60,77,71,81,58,97,31,36,38,37,35,45,29,41,33,44,23,52,252,40,212,교대역_4
2018,3,D,발달상권,1001062,2684,1278,1406,463,357,561,495,367,441,210,183,253,249,174,209,253,174,308,246,193,232,1190,144,1046,서울 강남구 강남역_1
2018,3,D,발달상권,1001061,2564,1228,1336,604,272,368,539,351,430,296,131,162,260,186,193,308,141,206,279,165,237,950,477,473,방배동카페골목
2018,3,D,발달상권,1001059,19,8,11,3,0,5,1,5,5,0,0,2,0,3,3,3,0,3,1,2,2,10,0,10,교대역_3
2018,3,D,발달상권,1001058,2822,1364,1458,289,539,806,454,333,401,134,265,400,228,149,188,155,274,406,226,184,213,1615,14,1601,역삼역_1
2018,3,D,발달상권,1001057,1640,773,867,171,284,378,283,239,285,84,137,171,143,110,128,87,147,207,140,129,157,942,285,657,교대역_2
2018,3,D,발달상권,1001056,543,290,253,34,75,129,85,106,114,16,26,58,50,75,65,18,49,71,35,31,49,382,0,382,서울 송파구 가락시장역
2018,3,D,발달상권,1001055,55,31,24,6,11,7,3,14,14,4,9,3,1,6,8,2,2,4,2,8,6,25,0,25,서울 서초구 서초역
2018,3,D,발달상권,1001054,614,285,329,192,70,59,137,92,64,90,34,22,58,51,30,102,36,37,79,41,34,194,104,90,서울 강남구 대치역_2
2018,3,D,발달상권,1001053,509,254,255,157,54,34,140,67,57,81,28,14,65,40,26,76,26,20,75,27,31,144,144,0,서울 강남구 대치역_1
2018,3,D,발달상권,1001052,2078,921,1157,126,503,685,328,213,223,68,192,318,145,101,97,58,311,367,183,112,126,1555,256,1299,뱅뱅사거리_2
2018,3,D,발달상권,1001051,5111,2424,2687,897,599,833,846,591,1345,441,289,382,409,282,621,456,310,451,437,309,724,2002,402,1600,보라매공원
2018,3,D,발달상권,1001050,2575,1287,1288,248,501,530,356,434,506,127,250,250,190,216,254,121,251,280,166,218,252,1314,197,1117,교대역_1
2018,3,D,발달상권,1001049,2664,1337,1327,294,346,364,381,514,765,155,188,198,196,253,347,139,158,166,185,261,418,1225,0,1225,개봉동 현대아파트 인근
2018,3,D,발달상권,1001048,1679,716,963,91,477,627,254,123,107,45,159,290,114,53,55,46,318,337,140,70,52,1288,1,1287,뱅뱅사거리
2018,3,D,발달상권,1001047,1092,559,533,117,220,329,163,123,140,58,101,175,90,66,69,59,119,154,73,57,71,674,0,674,뱅뱅사거리_1
2018,3,D,발달상권,1001046,3040,1532,1508,109,1155,943,359,214,260,62,497,520,216,108,129,47,658,423,143,106,131,2486,86,2400,서울 관악구 신림역_4
2018,3,D,발달상권,1001045,1159,540,619,84,240,214,156,170,295,42,102,104,82,81,129,42,138,110,74,89,166,668,0,668,동작구 총신대입구역_1
2018,3,D,발달상권,1001044,1857,870,987,210,288,472,302,243,342,97,134,221,139,120,159,113,154,251,163,123,183,970,0,970,양재역_3
2018,3,D,발달상권,1001043,1783,762,1021,335,259,325,403,250,211,142,87,137,174,132,90,193,172,188,229,118,121,847,18,829,동작구 총신대입구역_2
2018,3,D,발달상권,1001042,465,218,247,43,94,124,73,40,91,24,36,53,42,20,43,19,58,71,31,20,48,285,0,285,서울 서초구 남부터미널역_3
2018,3,D,발달상권,1001041,1554,723,831,121,140,249,233,229,582,55,59,113,134,132,230,66,81,136,99,97,352,943,514,429,서울 강남구 수서역
2018,3,D,발달상권,1001040,1024,549,475,20,430,296,102,77,99,10,189,174,71,51,54,10,241,122,31,26,45,881,0,881,서울 관악구 신림역_3
2018,3,D,발달상권,1001039,1694,831,863,93,340,498,330,253,180,50,110,233,174,161,103,43,230,265,156,92,77,1316,0,1316,서울 서초구 남부터미널역_2
2018,3,D,발달상권,1001038,133,74,59,12,8,23,19,28,43,5,6,11,14,17,21,7,2,12,5,11,22,79,0,79,구로디지탈1단지
2018,3,D,발달상권,1001037,1684,754,930,237,333,330,307,233,244,105,142,142,149,109,107,132,191,188,158,124,137,861,132,729,양재역
2018,3,D,발달상권,1001036,374,203,171,48,60,79,70,52,65,30,35,44,38,26,30,18,25,35,32,26,35,188,0,188,문정역
2018,3,D,발달상권,1001035,578,296,282,74,118,99,86,96,105,45,54,52,45,47,53,29,64,47,41,49,52,290,0,290,매봉역
2018,3,D,발달상권,1001034,1224,590,634,156,175,261,232,167,233,83,75,125,121,82,104,73,100,136,111,85,129,647,0,647,서울 서초구 방배역
2018,3,D,발달상권,1001033,1234,593,641,191,187,206,187,220,243,104,94,90,86,99,120,87,93,116,101,121,123,494,0,494,서울 서초구 남부터미널역_1
2018,3,D,발달상권,1001032,1667,891,776,82,598,393,169,164,261,50,319,232,94,65,131,32,279,161,75,99,130,1140,0,1140,서울 관악구 신림역_2
2018,3,D,발달상권,1001031,687,289,398,17,304,200,68,49,49,8,98,96,37,25,25,9,206,104,31,24,24,576,0,576,서울 관악구 신림역_1
2018,3,D,발달상권,1001030,895,421,474,100,163,203,139,129,161,51,66,97,70,64,73,49,97,106,69,65,88,473,0,473,양재역_2
2018,3,D,발달상권,1001029,10,7,3,0,2,0,2,5,1,0,2,0,2,3,0,0,0,0,0,2,1,5,0,5,양재역_1
2018,3,D,발달상권,1001028,521,270,251,18,188,143,58,48,66,12,84,75,41,26,32,6,104,68,17,22,34,410,0,410,서울 관악구 서울대입구역_2
2018,3,D,발달상권,1001027,1570,889,681,26,412,375,251,273,233,12,137,211,176,210,143,14,275,164,75,63,90,1415,30,1385,가산디지털단지역_3
2018,3,D,발달상권,1001026,369,212,157,19,52,31,53,98,116,15,27,21,29,66,54,4,25,10,24,32,62,241,0,241,구로디지털단지역
2018,3,D,발달상권,1001025,6550,3021,3529,232,2954,1643,585,513,623,106,1167,828,309,283,328,126,1787,815,276,230,295,5251,0,5251,서울 관악구 서울대입구역_1
2018,3,D,발달상권,1001024,937,442,495,152,158,145,167,150,165,71,69,69,77,69,87,81,89,76,90,81,78,410,83,327,관악구 사당역_1
2018,3,D,발달상권,1001023,606,328,278,49,132,134,87,72,132,25,66,78,55,44,60,24,66,56,32,28,72,356,163,193,가산디지털단지역_2
2018,3,D,발달상권,1001022,944,448,496,39,250,220,105,122,208,22,96,112,49,66,103,17,154,108,56,56,105,639,0,639,관악구 사당역_2
2018,3,D,발달상권,1001021,24,15,9,0,4,6,3,5,6,0,0,2,3,5,5,0,4,4,0,0,1,22,0,22,가산디지털단지역_1
2018,3,D,발달상권,1001019,92,51,41,8,16,32,17,11,8,3,10,16,12,6,4,5,6,16,5,5,4,57,0,57,포이사거리_1
2018,3,D,발달상권,1001018,1838,1000,838,169,294,453,336,291,295,87,137,253,202,160,161,82,157,200,134,131,134,1134,0,1134,포이사거리_2
2018,3,D,발달상권,1001017,292,139,153,10,75,96,36,26,49,4,23,55,19,11,27,6,52,41,17,15,22,224,0,224,관악구 사당역_3
2018,3,D,발달상권,1001016,1645,1006,639,95,694,344,189,125,198,54,430,238,125,70,89,41,264,106,64,55,109,1279,0,1279,서울 관악구 대학동_1
2018,3,D,발달상권,1001015,1220,672,548,58,227,335,203,195,202,29,113,203,117,119,91,29,114,132,86,76,111,878,0,878,서울 금천구 독산1동_1
2018,3,D,발달상권,1001013,1694,823,871,470,166,250,341,203,264,255,80,111,175,92,110,215,86,139,166,111,154,536,0,536,양재 화물트럭터미널앞_2
2018,3,D,발달상권,1001012,3,3,0,0,0,0,0,2,1,0,0,0,0,2,1,0,0,0,0,0,0,3,0,3,양재 화물트럭터미널앞_1
2018,3,D,발달상권,1001011,1570,823,747,110,171,217,244,308,520,61,82,115,146,181,238,49,89,102,98,127,282,1020,0,1020,서울 금천구 시흥1동_4
2018,3,A,골목상권,1001010,3137,1574,1563,334,416,532,509,595,751,173,208,290,264,291,348,161,208,242,245,304,403,1622,0,1622,풍성로37가길
2018,3,A,골목상권,1001009,4084,2059,2025,426,595,724,612,709,1018,219,281,398,333,361,467,207,314,326,279,348,551,2066,38,2028,천호옛길
2018,3,A,골목상권,1001008,2271,1106,1165,185,423,473,311,349,530,92,182,268,161,160,243,93,241,205,150,189,287,1225,0,1225,천호옛14길
2018,3,A,골목상권,1001007,2285,1148,1137,318,310,289,343,440,585,164,160,148,183,224,269,154,150,141,160,216,316,1000,0,1000,천호대로219길
2018,3,A,골목상권,1001006,4809,2382,2427,763,696,750,722,868,1010,391,360,385,360,405,481,372,336,365,362,463,529,1818,653,1165,천호대로197길
2018,3,A,골목상권,1001005,2800,1381,1419,366,365,522,405,463,679,185,187,280,195,217,317,181,178,242,210,246,362,1270,98,1172,천호대로187길
2018,3,A,골목상권,1001004,4193,2136,2057,510,632,878,631,685,857,270,322,477,337,317,413,240,310,401,294,368,444,1938,305,1633,천호대로170길
2018,3,A,골목상권,1001003,2667,1335,1332,355,390,458,388,463,613,183,199,224,213,220,296,172,191,234,175,243,317,1146,119,1027,천호대로162길
2018,3,A,골목상권,1001002,4526,2183,2343,647,658,713,672,758,1078,344,317,362,332,354,474,303,341,351,340,404,604,1847,137,1710,천중로51길
2018,3,A,골목상권,1001001,6577,3215,3362,931,967,1116,1001,1090,1472,473,478,596,502,473,693,458,489,520,499,617,779,2736,438,2298,천중로39길
2018,3,A,골목상권,1001000,1808,878,930,179,279,374,258,310,408,99,127,189,142,131,190,80,152,185,116,179,218,883,0,883,진황도로47길
2018,3,A,골목상권,1000999,7597,3829,3768,808,1057,1546,1057,1229,1900,408,505,818,582,605,911,400,552,728,475,624,989,3814,685,3129,진황도로27길
2018,3,A,골목상권,1000998,3223,1584,1639,338,420,596,487,591,791,170,205,316,251,297,345,168,215,280,236,294,446,1662,124,1538,올림픽로98길
2018,3,A,골목상권,1000997,2045,1050,995,206,251,267,316,403,602,111,128,146,172,216,277,95,123,121,144,187,325,1066,0,1066,올림픽로80길
2018,3,A,골목상권,1000996,1822,957,865,122,184,212,285,424,595,59,93,124,156,245,280,63,91,88,129,179,315,1114,74,1040,올림픽로78길
2018,3,A,골목상권,1000995,2628,1332,1296,276,372,508,382,456,634,138,171,283,208,226,306,138,201,225,174,230,328,1294,0,1294,올림픽로77길
2018,3,A,골목상권,1000994,2539,1295,1244,209,347,418,341,489,735,110,180,234,183,247,341,99,167,184,158,242,394,1368,0,1368,올림픽로71길
2018,3,A,골목상권,1000993,1581,759,822,258,196,312,265,208,342,134,95,142,132,106,150,124,101,170,133,102,192,684,47,637,올림픽로48길
2018,3,A,골목상권,1000992,3604,1806,1798,724,424,590,625,492,749,385,213,309,305,244,350,339,211,281,320,248,399,1357,656,701,양재대로96길
2018,3,A,골목상권,1000991,3605,1774,1831,489,550,627,548,641,750,277,287,328,268,293,321,212,263,299,280,348,429,1535,145,1390,양재대로95길
2018,3,A,골목상권,1000990,4078,2002,2076,636,614,595,645,724,864,356,323,306,313,346,358,280,291,289,332,378,506,1652,389,1263,양재대로91길
2018,3,A,골목상권,1000989,5020,2474,2546,683,747,782,699,903,1206,343,382,419,357,416,557,340,365,363,342,487,649,2105,189,1916,양재대로133길
2018,3,A,골목상권,1000988,4440,2233,2207,566,663,702,698,800,1011,300,355,383,342,379,474,266,308,319,356,421,537,1936,109,1827,양재대로124길
2018,3,A,골목상권,1000987,1515,738,777,197,245,262,217,252,342,104,109,140,116,117,152,93,136,122,101,135,190,664,138,526,양재대로116길
2018,3,A,골목상권,1000986,4784,2303,2481,530,784,1085,674,751,960,266,388,545,341,314,449,264,396,540,333,437,511,2377,109,2268,양재대로101길
2018,3,A,골목상권,1000985,7147,3602,3545,1004,1001,1198,1110,1226,1608,522,534,628,572,611,735,482,467,570,538,615,873,3150,291,2859,암사길
2018,3,A,골목상권,1000984,4743,2346,2397,807,665,782,829,744,916,453,331,391,394,351,426,354,334,391,435,393,490,1823,43,1780,성안로3길
2018,3,A,골목상권,1000983,3384,1645,1739,605,458,537,551,521,712,298,234,250,291,239,333,307,224,287,260,282,379,1297,458,839,성내로5길
2018,3,A,골목상권,1000982,1307,661,646,196,221,177,177,274,262,102,127,82,89,134,127,94,94,95,88,140,135,522,0,522,상일로5길
2018,3,A,골목상권,1000981,1938,962,976,248,261,368,315,270,476,131,131,197,156,132,215,117,130,171,159,138,261,968,284,684,상암로5길
2018,3,A,골목상권,1000980,3028,1458,1570,463,437,439,474,521,694,232,226,225,230,230,315,231,211,214,244,291,379,1205,372,833,상암로51길
2018,3,A,골목상권,1000979,3262,1638,1624,423,467,686,500,555,631,210,219,347,271,284,307,213,248,339,229,271,324,1632,115,1517,상암로4길
2018,3,A,골목상권,1000978,3734,1826,1908,515,520,727,548,633,791,264,264,357,264,306,371,251,256,370,284,327,420,1610,351,1259,상암로14길
2018,3,A,골목상권,1000977,2750,1389,1361,400,433,403,415,481,618,225,220,214,213,249,268,175,213,189,202,232,350,1241,110,1131,명일로13길
2018,3,A,골목상권,1000976,2931,1497,1434,400,422,346,437,588,738,211,225,196,223,297,345,189,197,150,214,291,393,1269,0,1269,동남로85길
2018,3,A,골목상권,1000975,1746,943,803,198,238,204,242,397,467,111,138,122,128,218,226,87,100,82,114,179,241,842,0,842,동남로82길
2018,3,A,골목상권,1000974,2573,1258,1315,528,335,281,459,458,512,283,179,147,210,227,212,245,156,134,249,231,300,1029,0,1029,동남로65길
2018,3,A,골목상권,1000973,4377,2223,2154,513,595,667,685,856,1061,265,311,353,374,424,496,248,284,314,311,432,565,2209,109,2100,구천면로42길
2018,3,A,골목상권,1000972,5413,2707,2706,699,729,893,817,990,1285,364,376,484,428,460,595,335,353,409,389,530,690,2425,322,2103,구천면로41길
2018,3,A,골목상권,1000971,2633,1363,1270,323,387,357,391,526,649,177,188,201,210,278,309,146,199,156,181,248,340,1210,0,1210,구천면로36길
2018,3,A,골목상권,1000970,1617,825,792,314,203,255,278,254,313,163,113,125,149,133,142,151,90,130,129,121,171,629,0,629,고덕로61길
2018,3,A,골목상권,1000969,1544,765,779,315,179,273,214,242,321,153,105,134,114,113,146,162,74,139,100,129,175,553,136,417,고덕로25길
2018,3,A,골목상권,1000968,2085,1042,1043,304,299,372,350,345,415,165,147,197,182,155,196,139,152,175,168,190,219,997,57,940,고덕로10길
2018,3,A,골목상권,1000967,4254,2165,2089,787,594,583,729,735,826,482,317,303,348,340,375,305,277,280,381,395,451,1615,260,1355,강동대로53길
2018,3,A,골목상권,1000966,1958,960,998,214,228,301,267,347,601,118,117,164,146,147,268,96,111,137,121,200,333,933,0,933,풍성로25길
2018,3,A,골목상권,1000965,2596,1314,1282,515,377,366,443,428,467,269,198,199,217,203,228,246,179,167,226,225,239,997,85,912,오금로46길
2018,3,A,골목상권,1000964,2928,1443,1485,385,527,600,439,452,525,201,254,328,205,206,249,184,273,272,234,246,276,1303,51,1252,오금로36길
2018,3,A,골목상권,1000963,4804,2306,2498,493,764,1169,701,713,964,251,373,604,356,293,429,242,391,565,345,420,535,2490,23,2467,오금로11길
2018,3,A,골목상권,1000962,2686,1303,1383,424,430,328,422,524,558,213,226,153,192,255,264,211,204,175,230,269,294,1014,412,602,양재대로72길
2018,3,A,골목상권,1000961,1542,730,812,255,232,254,235,265,301,130,105,123,111,120,141,125,127,131,124,145,160,608,21,587,양재대로71길
2018,3,A,골목상권,1000960,2653,1360,1293,372,409,503,406,456,507,190,214,251,211,240,254,182,195,252,195,216,253,1159,9,1150,양재대로64길
2018,3,A,골목상권,1000959,1567,813,754,224,207,342,265,236,293,128,104,179,136,127,139,96,103,163,129,109,154,743,282,461,양재대로62길
2018,3,A,골목상권,1000958,2186,1171,1015,223,349,350,369,459,436,123,185,187,202,243,231,100,164,163,167,216,205,1151,0,1151,송파대로30길
2018,3,A,골목상권,1000957,3323,1678,1645,481,520,725,498,516,583,267,272,377,255,235,272,214,248,348,243,281,311,1388,304,1084,송이로36길
2018,3,A,골목상권,1000956,5258,2611,2647,771,868,1063,816,892,848,389,443,564,402,419,394,382,425,499,414,473,454,2250,258,1992,송이로32길
2018,3,A,골목상권,1000955,4387,2158,2229,577,734,937,672,640,827,309,367,462,332,297,391,268,367,475,340,343,436,2007,40,1967,송이로23길
2018,3,A,골목상권,1000954,6532,3085,3447,750,1185,1573,1034,916,1074,412,513,749,504,416,491,338,672,824,530,500,583,3502,0,3502,삼전로13길
2018,3,A,골목상권,1000953,8413,4113,4300,1239,1277,1579,1277,1360,1681,682,631,792,618,608,782,557,646,787,659,752,899,3562,206,3356,백제고분로50길
2018,3,A,골목상권,1000952,3247,1550,1697,436,544,731,477,498,561,219,270,357,225,224,255,217,274,374,252,274,306,1492,17,1475,백제고분로46길
2018,3,A,골목상권,1000951,4683,2245,2438,596,763,1156,678,680,810,291,358,553,348,307,388,305,405,603,330,373,422,2190,252,1938,백제고분로45길
2018,3,A,골목상권,1000950,4198,1994,2204,464,759,1087,583,627,678,254,336,519,272,299,314,210,423,568,311,328,364,2098,0,2098,백제고분로42길
2018,3,A,골목상권,1000949,3359,1551,1808,363,627,844,491,460,574,202,248,403,243,193,262,161,379,441,248,267,312,1721,0,1721,백제고분로39길
2018,3,A,골목상권,1000948,7769,3800,3969,1063,1144,1762,1260,1117,1423,575,549,904,613,534,625,488,595,858,647,583,798,3649,18,3631,백제고분로34길
2018,3,A,골목상권,1000947,6224,2957,3267,670,1123,1615,984,822,1010,344,500,779,501,375,458,326,623,836,483,447,552,3323,0,3323,백제고분로33길
2018,3,A,골목상권,1000946,6452,3081,3371,975,945,1431,1097,909,1095,509,453,696,532,399,492,466,492,735,565,510,603,2981,36,2945,백제고분로32길
2018,3,A,골목상권,1000945,6308,2906,3402,854,986,1451,1048,885,1084,411,438,686,504,390,477,443,548,765,544,495,607,3108,0,3108,백제고분로31길
2018,3,A,골목상권,1000944,6845,3282,3563,915,1058,1602,1164,1016,1090,460,515,774,587,451,495,455,543,828,577,565,595,3335,0,3335,백제고분로22길
2018,3,A,골목상권,1000943,2515,1252,1263,244,426,650,424,379,392,133,201,314,224,205,175,111,225,336,200,174,217,1373,0,1373,백제고분로21길
2018,3,A,골목상권,1000942,4081,2104,1977,552,458,519,646,775,1131,285,249,280,348,421,521,267,209,239,298,354,610,1934,88,1846,마천로51길
2018,3,A,골목상권,1000941,3563,1698,1865,638,532,573,610,573,637,316,249,289,281,276,287,322,283,284,329,297,350,1323,377,946,동남로20길
2018,3,A,골목상권,1000940,3298,1667,1631,428,350,396,528,641,955,213,202,215,288,333,416,215,148,181,240,308,539,1640,0,1640,거마로20길
2018,3,A,골목상권,1000939,2544,1202,1342,557,321,464,530,327,345,319,137,180,247,155,164,238,184,284,283,172,181,983,634,349,학동로77길
2018,3,A,골목상권,1000938,1579,715,864,130,318,427,279,157,268,70,137,190,133,72,113,60,181,237,146,85,155,973,0,973,학동로6길
2018,3,A,골목상권,1000937,1021,475,546,169,149,192,185,136,190,70,83,87,80,64,91,99,66,105,105,72,99,444,126,318,학동로56길
2018,3,A,골목상권,1000936,1529,712,817,165,284,412,264,165,239,76,129,197,138,73,99,89,155,215,126,92,140,837,102,735,학동로38길
2018,3,A,골목상권,1000935,442,215,227,39,71,103,62,52,115,27,40,48,30,23,47,12,31,55,32,29,68,235,0,235,테헤란로81길
2018,3,A,골목상권,1000934,3430,1662,1768,539,648,547,518,537,641,289,333,256,247,240,297,250,315,291,271,297,344,1550,0,1550,일원로9길
2018,3,A,골목상권,1000933,2351,1163,1188,433,367,358,395,361,437,235,194,181,183,170,200,198,173,177,212,191,237,983,82,901,일원로3길
2018,3,A,골목상권,1000932,2320,1165,1155,314,348,285,396,400,577,186,210,141,181,193,254,128,138,144,215,207,323,1089,0,1089,영동대로65길
2018,3,A,골목상권,1000931,2643,1310,1333,448,373,471,478,392,481,267,204,227,210,182,220,181,169,244,268,210,261,1043,479,564,영동대로112길
2018,3,A,골목상권,1000930,3503,1737,1766,365,622,928,630,484,474,178,283,463,335,261,217,187,339,465,295,223,257,2022,181,1841,언주로81길
2018,3,A,골목상권,1000929,1028,476,552,156,161,231,193,124,163,82,73,94,96,60,71,74,88,137,97,64,92,505,64,441,압구정로2길
2018,3,A,골목상권,1000928,1690,849,841,263,224,218,280,300,405,141,126,120,128,155,179,122,98,98,152,145,226,730,34,696,선릉로18길
2018,3,A,골목상권,1000927,1980,866,1114,222,360,446,342,268,342,111,130,187,172,122,144,111,230,259,170,146,198,1079,0,1079,선릉로146길
2018,3,A,골목상권,1000926,1559,675,884,193,278,352,264,188,284,102,97,149,125,88,114,91,181,203,139,100,170,798,108,690,선릉로133길
2018,3,A,골목상권,1000925,2081,952,1129,399,307,373,391,277,334,212,121,147,179,145,148,187,186,226,212,132,186,854,119,735,선릉로132길
2018,3,A,골목상권,1000924,859,403,456,80,134,227,162,112,144,43,72,99,80,49,60,37,62,128,82,63,84,473,0,473,선릉로121길
2018,3,A,골목상권,1000923,2488,1214,1274,410,417,438,514,362,347,234,203,213,214,190,160,176,214,225,300,172,187,1146,235,911,삼성로75길
2018,3,A,골목상권,1000922,3430,1676,1754,632,600,525,718,502,453,375,295,257,313,241,195,257,305,268,405,261,258,1545,0,1545,삼성로69길
2018,3,A,골목상권,1000921,3107,1649,1458,825,402,188,807,560,325,542,226,90,342,303,146,283,176,98,465,257,179,1003,713,290,삼성로64길
2018,3,A,골목상권,1000920,4313,2044,2269,725,755,646,864,772,551,407,348,308,368,371,242,318,407,338,496,401,309,2048,18,2030,삼성로63길
2018,3,A,골목상권,1000919,1688,872,816,489,215,92,437,308,147,303,105,41,179,177,67,186,110,51,258,131,80,515,389,126,삼성로57길
2018,3,A,골목상권,1000918,1257,554,703,170,241,277,196,166,207,82,108,106,96,79,83,88,133,171,100,87,124,652,25,627,삼성로147길
2018,3,A,골목상권,1000917,2812,1294,1518,528,385,576,548,342,433,296,190,225,243,160,180,232,195,351,305,182,253,1262,131,1131,삼성로115길
2018,3,A,골목상권,1000916,1486,674,812,150,245,423,283,152,233,79,106,172,143,78,96,71,139,251,140,74,137,891,0,891,봉은사로68길
2018,3,A,골목상권,1000915,1553,691,862,218,280,355,286,179,235,123,113,151,118,93,93,95,167,204,168,86,142,797,0,797,봉은사로57길
2018,3,A,골목상권,1000914,3313,1562,1751,513,481,712,606,418,583,271,229,322,280,197,263,242,252,390,326,221,320,1517,330,1187,봉은사로43길
2018,3,A,골목상권,1000913,1236,575,661,105,227,371,214,139,180,51,106,160,109,65,84,54,121,211,105,74,96,747,0,747,봉은사로29길
2018,3,A,골목상권,1000912,2209,1055,1154,413,308,358,369,336,425,208,163,159,172,158,195,205,145,199,197,178,230,812,148,664,봉은사로109길
2018,3,A,골목상권,1000911,1920,892,1028,267,313,343,339,304,354,153,135,167,147,134,156,114,178,176,192,170,198,817,161,656,도산대로89길
2018,3,A,골목상권,1000910,929,416,513,157,141,124,152,134,221,73,62,53,66,59,103,84,79,71,86,75,118,364,0,364,도산대로81길
2018,3,A,골목상권,1000909,2236,1029,1207,308,301,483,345,294,505,164,139,200,173,132,221,144,162,283,172,162,284,997,381,616,도산대로50길
2018,3,A,골목상권,1000908,1029,474,555,90,181,315,169,109,165,50,79,148,88,43,66,40,102,167,81,66,99,640,0,640,도산대로38길
2018,3,A,골목상권,1000907,908,422,486,68,167,221,170,94,188,31,69,106,82,42,92,37,98,115,88,52,96,537,30,507,도산대로30길
2018,3,A,골목상권,1000906,1529,665,864,180,286,347,266,190,260,86,121,152,122,72,112,94,165,195,144,118,148,818,31,787,도산대로23길
2018,3,A,골목상권,1000905,692,307,385,85,128,160,119,74,126,37,47,74,53,36,60,48,81,86,66,38,66,363,0,363,도산대로15길
2018,3,A,골목상권,1000904,5992,2768,3224,726,1014,1395,1032,780,1045,366,454,625,488,370,465,360,560,770,544,410,580,3076,0,3076,도곡로37길
2018,3,A,골목상권,1000903,3621,1793,1828,570,551,652,630,592,626,304,289,341,299,291,269,266,262,311,331,301,357,1619,0,1619,논현로8길
2018,3,A,골목상권,1000902,2557,1235,1322,320,408,607,427,348,447,166,189,281,221,170,208,154,219,326,206,178,239,1273,221,1052,논현로63길
2018,3,A,골목상권,1000901,78,44,34,10,8,14,8,13,25,6,5,8,5,5,15,4,3,6,3,8,10,36,0,36,논현로28길
2018,3,A,골목상권,1000900,1242,570,672,124,213,196,200,213,296,62,103,79,100,91,135,62,110,117,100,122,161,645,0,645,논현로26길
2018,3,A,골목상권,1000899,428,190,238,52,65,107,63,57,84,27,27,45,28,25,38,25,38,62,35,32,46,207,0,207,논현로159길
2018,3,A,골목상권,1000898,1328,630,698,142,194,316,215,174,287,71,83,149,109,84,134,71,111,167,106,90,153,656,0,656,논현로139길
2018,3,A,골목상권,1000897,2087,986,1101,123,372,539,449,274,330,65,175,244,218,146,138,58,197,295,231,128,192,1503,0,1503,논현로123길
2018,3,A,골목상권,1000896,3211,1527,1684,243,676,906,487,392,507,107,306,426,267,191,230,136,370,480,220,201,277,1926,54,1872,논현로115길
2018,3,A,골목상권,1000895,1578,791,787,270,212,268,303,267,258,147,114,134,138,138,120,123,98,134,165,129,138,655,0,655,논현로10길
2018,3,A,골목상권,1000894,2106,923,1183,144,399,728,338,212,285,63,162,307,163,97,131,81,237,421,175,115,154,1358,0,1358,논현로106길
2018,3,A,골목상권,1000893,3548,1700,1848,723,467,566,658,571,563,342,232,274,314,279,259,381,235,292,344,292,304,1326,791,535,남부순환로365길
2018,3,A,골목상권,1000892,31,23,8,0,3,6,5,7,10,0,2,6,5,5,5,0,1,0,0,2,5,26,0,26,개포로82길
2018,3,A,골목상권,1000891,2065,997,1068,365,323,318,400,355,304,183,163,161,181,176,133,182,160,157,219,179,171,824,105,719,개포로28길
2018,3,A,골목상권,1000890,2369,1154,1215,326,392,443,389,410,409,158,191,234,208,173,190,168,201,209,181,237,219,1064,0,1064,개포로20길
2018,3,A,골목상권,1000889,3656,1778,1878,590,526,609,646,614,671,306,258,302,308,302,302,284,268,307,338,312,369,1581,80,1501,개포로17길
2018,3,A,골목상권,1000888,1873,867,1006,184,305,459,277,293,355,101,133,214,133,131,155,83,172,245,144,162,200,973,550,423,강남대로140길
2018,3,A,골목상권,1000887,1237,558,679,139,172,248,219,176,283,65,75,99,99,78,142,74,97,149,120,98,141,553,0,553,강남대로136길
2018,3,A,골목상권,1000886,1495,640,855,115,323,436,242,152,227,62,128,175,122,58,95,53,195,261,120,94,132,906,17,889,강남대로118길
2018,3,A,골목상권,1000885,2615,1286,1329,450,349,481,479,339,517,230,176,231,244,158,247,220,173,250,235,181,270,1097,144,953,서초중앙로8길
2018,3,A,골목상권,1000884,2688,1235,1453,537,379,370,494,451,457,235,175,162,217,230,216,302,204,208,277,221,241,1014,150,864,방배중앙로21길
2018,3,A,골목상권,1000883,2076,1010,1066,394,241,422,397,284,338,211,112,179,209,140,159,183,129,243,188,144,179,893,337,556,효령로72길
2018,3,A,골목상권,1000882,1580,766,814,267,198,300,262,241,312,146,95,147,126,115,137,121,103,153,136,126,175,631,306,325,효령로34길
2018,3,A,골목상권,1000881,1784,827,957,219,251,362,307,256,389,110,119,174,139,117,168,109,132,188,168,139,221,903,0,903,효령로31길
2018,3,A,골목상권,1000880,4565,2109,2456,685,772,885,752,643,828,359,364,393,339,284,370,326,408,492,413,359,458,1980,141,1839,효령로23길
2018,3,A,골목상권,1000879,3966,1863,2103,585,600,704,633,564,880,307,268,332,304,255,397,278,332,372,329,309,483,1807,0,1807,청두곶길
2018,3,A,골목상권,1000878,3998,1941,2057,211,899,1181,639,467,601,108,402,572,352,243,264,103,497,609,287,224,337,2711,0,2711,주흥길
2018,3,A,골목상권,1000877,2622,1220,1402,186,479,742,468,276,471,98,203,339,251,141,188,88,276,403,217,135,283,1668,0,1668,주흥15길
2018,3,A,골목상권,1000876,2078,1049,1029,284,321,449,367,314,343,143,171,222,189,161,163,141,150,227,178,153,180,952,0,952,언남길
2018,3,A,골목상권,1000875,2620,1261,1359,309,445,582,428,339,517,158,208,290,207,164,234,151,237,292,221,175,283,1352,86,1266,신반포로45길
2018,3,A,골목상권,1000874,3259,1580,1679,376,462,497,451,550,923,199,223,253,233,244,428,177,239,244,218,306,495,1355,0,1355,서초대로8길
2018,3,A,골목상권,1000873,1735,841,894,378,217,272,358,257,253,201,107,113,174,129,117,177,110,159,184,128,136,593,475,118,서초대로64길
2018,3,A,골목상권,1000872,3437,1581,1856,523,510,613,537,515,739,250,241,287,241,233,329,273,269,326,296,282,410,1440,118,1322,서초대로4길
2018,3,A,골목상권,1000871,1267,593,674,189,196,253,187,198,244,96,90,120,89,83,115,93,106,133,98,115,129,532,0,532,서초대로25길
2018,3,A,골목상권,1000870,2659,1252,1407,385,346,475,472,405,576,197,168,218,231,196,242,188,178,257,241,209,334,1268,119,1149,서초대로23길
2018,3,A,골목상권,1000869,3302,1509,1793,493,517,669,550,449,624,233,246,292,257,216,265,260,271,377,293,233,359,1493,0,1493,서초대로15길
2018,3,A,골목상권,1000868,1264,555,709,55,291,348,196,143,231,27,117,149,99,63,100,28,174,199,97,80,131,832,0,832,사평대로57길
2018,3,A,골목상권,1000867,133,50,83,17,28,16,20,18,34,6,13,6,6,6,13,11,15,10,14,12,21,62,0,62,사평대로26길
2018,3,A,골목상권,1000866,1519,698,821,299,191,232,300,224,273,162,87,97,129,102,121,137,104,135,171,122,152,592,83,509,사평대로22길
2018,3,A,골목상권,1000865,1067,524,543,149,180,227,163,151,197,76,94,114,86,69,85,73,86,113,77,82,112,538,38,500,사임당로17길
2018,3,A,골목상권,1000864,1013,470,543,237,122,140,204,141,169,113,64,60,98,66,69,124,58,80,106,75,100,384,0,384,방배로42길
2018,3,A,골목상권,1000863,1755,818,937,341,239,224,343,279,329,163,113,96,155,141,150,178,126,128,188,138,179,668,0,668,방배로35길
2018,3,A,골목상권,1000862,1624,742,882,200,268,407,252,191,306,113,103,186,116,84,140,87,165,221,136,107,166,828,0,828,방배로18길
2018,3,A,골목상권,1000861,1649,798,851,267,259,240,267,282,334,143,138,125,118,134,140,124,121,115,149,148,194,692,78,614,반포대로9길
2018,3,A,골목상권,1000860,2775,1336,1439,335,438,586,395,418,603,172,213,304,183,189,275,163,225,282,212,229,328,1276,78,1198,바우뫼로39길
2018,3,A,골목상권,1000859,1494,748,746,210,213,326,266,199,280,105,113,177,141,90,122,105,100,149,125,109,158,680,0,680,마방로2길
2018,3,A,골목상권,1000858,1197,537,660,165,211,240,183,170,228,85,78,101,100,65,108,80,133,139,83,105,120,591,0,591,방배천로4안길
2018,3,A,골목상권,1000857,2065,1042,1023,303,281,494,389,267,331,148,150,258,202,129,155,155,131,236,187,138,176,959,0,959,동산로19길
2018,3,A,골목상권,1000856,3496,1728,1768,534,517,731,555,530,629,301,257,368,275,248,279,233,260,363,280,282,350,1499,32,1467,동산로10길
2018,3,A,골목상권,1000855,1640,746,894,289,195,271,311,238,336,147,87,120,134,119,139,142,108,151,177,119,197,728,0,728,동광로39길
2018,3,A,골목상권,1000854,3335,1540,1795,582,500,562,632,524,535,284,237,271,277,242,229,298,263,291,355,282,306,1428,0,1428,동광로1길
2018,3,A,골목상권,1000853,1330,597,733,247,186,186,257,182,272,98,81,88,121,88,121,149,105,98,136,94,151,537,0,537,동광로12길
2018,3,A,골목상권,1000852,1855,902,953,172,282,397,350,265,389,88,149,194,169,129,173,84,133,203,181,136,216,1054,159,895,논현로27길
2018,3,A,골목상권,1000851,3181,1530,1651,524,443,658,601,495,460,254,224,333,284,246,189,270,219,325,317,249,271,1367,0,1367,논현로1길
2018,3,A,골목상권,1000850,1580,772,808,276,209,356,284,199,256,135,100,180,141,101,115,141,109,176,143,98,141,729,0,729,남부순환로339길
2018,3,A,골목상권,1000849,2492,1227,1265,336,374,360,394,449,579,180,189,176,191,225,266,156,185,184,203,224,313,1105,225,880,남부순환로325길
2018,3,A,골목상권,1000848,1704,828,876,330,266,270,307,261,270,183,132,123,144,117,129,147,134,147,163,144,141,649,97,552,남부순환로317길
2018,3,A,골목상권,1000847,1998,955,1043,423,221,303,365,277,409,219,109,137,171,138,181,204,112,166,194,139,228,725,49,676,고무래로8길
2018,3,A,골목상권,1000846,3675,1820,1855,465,589,890,546,523,662,235,291,454,289,240,311,230,298,436,257,283,351,1829,94,1735,강남대로8길
2018,3,A,골목상권,1000845,2632,1248,1384,263,432,707,352,362,516,137,199,370,163,164,215,126,233,337,189,198,301,1364,0,1364,강남대로34길
2018,3,A,골목상권,1000844,1073,527,546,119,165,259,151,149,230,67,76,128,82,62,112,52,89,131,69,87,118,529,0,529,강남대로23길
2018,3,A,골목상권,1000843,709,388,321,36,54,81,144,143,251,26,22,41,87,93,119,10,32,40,57,50,132,517,0,517,소담길
2018,3,A,골목상권,1000842,1378,700,678,156,158,197,190,258,419,80,75,117,112,130,186,76,83,80,78,128,233,657,154,503,원신길
2018,3,A,골목상권,1000841,1830,912,918,193,205,204,274,336,618,90,113,123,148,178,260,103,92,81,126,158,358,902,0,902,양지길
2018,3,A,골목상권,1000840,1607,814,793,124,271,307,260,248,397,65,141,181,150,108,169,59,130,126,110,140,228,917,282,635,양산길
2018,3,A,골목상권,1000839,2619,1628,991,65,846,681,409,263,355,31,481,473,300,182,161,34,365,208,109,81,194,2158,0,2158,호암로24길
2018,3,A,골목상권,1000838,3090,1982,1108,136,955,742,492,342,423,78,574,528,384,210,208,58,381,214,108,132,215,2300,0,2300,호암로20길
2018,3,A,골목상권,1000837,4851,2393,2458,319,1496,1293,563,453,727,163,671,709,309,212,329,156,825,584,254,241,398,3267,0,3267,행운길
2018,3,A,골목상권,1000836,3330,1687,1643,270,724,647,399,461,829,145,340,351,216,244,391,125,384,296,183,217,438,2010,0,2010,행운1길
2018,3,A,골목상권,1000835,4207,2066,2141,506,532,576,620,704,1269,258,300,310,333,344,521,248,232,266,287,360,748,2073,381,1692,청림3길
2018,3,A,골목상권,1000834,3440,1627,1813,200,1189,777,354,355,565,100,491,418,185,156,277,100,698,359,169,199,288,2405,23,2382,청룡길
2018,3,A,골목상권,1000833,1867,902,965,200,512,367,235,199,354,99,222,203,121,94,163,101,290,164,114,105,191,1130,0,1130,청룡8길
2018,3,A,골목상권,1000832,3178,1554,1624,298,697,606,441,398,738,156,319,316,247,203,313,142,378,290,194,195,425,1745,154,1591,중앙길
2018,3,A,골목상권,1000831,4397,2220,2177,493,736,773,640,756,999,260,335,431,336,395,463,233,401,342,304,361,536,2374,49,2325,조원중앙로2길
2018,3,A,골목상권,1000830,1778,872,906,138,479,413,236,187,325,68,199,230,138,90,147,70,280,183,98,97,178,1156,0,1156,조원로18길
2018,3,A,골목상권,1000829,1761,907,854,150,284,344,255,298,430,82,125,189,142,164,205,68,159,155,113,134,225,997,0,997,조원로10길
2018,3,A,골목상권,1000828,1755,870,885,143,412,404,217,189,390,72,192,223,125,88,170,71,220,181,92,101,220,1060,0,1060,장군봉2길
2018,3,A,골목상권,1000827,877,413,464,87,129,142,100,128,291,51,55,67,56,66,118,36,74,75,44,62,173,537,30,507,장군봉1길
2018,3,A,골목상권,1000826,3077,1477,1600,357,489,604,483,447,697,175,246,297,237,214,308,182,243,307,246,233,389,1427,0,1427,인헌길
2018,3,A,골목상권,1000825,1515,744,771,284,168,266,263,209,325,140,92,135,139,106,132,144,76,131,124,103,193,587,0,587,은천로25길
2018,3,A,골목상권,1000824,4542,2197,2345,355,1110,916,527,615,1019,192,472,480,283,303,467,163,638,436,244,312,552,2635,81,2554,양녕로6길
2018,3,A,골목상권,1000823,2808,1384,1424,198,606,541,344,398,721,96,275,318,203,180,312,102,331,223,141,218,409,1706,0,1706,신원로3길
2018,3,A,골목상권,1000822,1821,906,915,128,460,414,250,200,369,76,197,223,130,105,175,52,263,191,120,95,194,1163,0,1163,신사로20길
2018,3,A,골목상권,1000821,1919,926,993,56,821,522,182,143,195,31,353,288,94,74,86,25,468,234,88,69,109,1514,0,1514,신림로65길
2018,3,A,골목상권,1000820,1642,883,759,45,608,481,190,151,167,28,277,270,123,100,85,17,331,211,67,51,82,1341,0,1341,신림로64길
2018,3,A,골목상권,1000819,2582,1355,1227,200,634,539,339,389,481,106,326,334,186,182,221,94,308,205,153,207,260,1484,0,1484,신림로48길
2018,3,A,골목상권,1000818,1961,1033,928,180,424,389,283,266,419,102,226,226,167,128,184,78,198,163,116,138,235,1118,0,1118,신림로38길
2018,3,A,골목상권,1000817,2999,1768,1231,231,823,688,432,357,468,128,459,460,278,215,228,103,364,228,154,142,240,2046,58,1988,신림로28길
2018,3,A,골목상권,1000816,4689,2787,1902,330,1312,1032,641,607,767,177,765,698,426,361,360,153,547,334,215,246,407,3141,0,3141,신림로11길
2018,3,A,골목상권,1000815,4077,2084,1993,122,1498,1224,486,297,450,60,689,685,292,162,196,62,809,539,194,135,254,3294,0,3294,신림동길
2018,3,A,골목상권,1000814,3137,1480,1657,217,816,896,314,394,500,101,335,474,163,159,248,116,481,422,151,235,252,1821,20,1801,승방길
2018,3,A,골목상권,1000813,4120,2721,1399,215,1448,1077,546,332,502,124,959,772,412,215,239,91,489,305,134,117,263,3178,0,3178,서림7길
2018,3,A,골목상권,1000812,4001,1971,2030,419,719,744,566,559,994,218,344,391,313,265,440,201,375,353,253,294,554,2090,457,1633,봉천로33길
2018,3,A,골목상권,1000811,3831,1920,1911,517,687,643,541,537,906,291,357,348,279,252,393,226,330,295,262,285,513,1826,0,1826,봉천로13길
2018,3,A,골목상권,1000810,4146,2256,1890,390,971,849,574,565,797,199,536,526,336,296,363,191,435,323,238,269,434,2406,0,2406,복은길
2018,3,A,골목상권,1000809,1339,649,690,202,191,174,204,237,331,99,93,102,99,111,145,103,98,72,105,126,186,598,0,598,법원단지길
2018,3,A,골목상권,1000808,5261,2645,2616,765,829,689,845,953,1180,420,443,361,427,449,545,345,386,328,418,504,635,2146,0,2146,법원단지9길
2018,3,A,골목상권,1000807,4106,2019,2087,602,610,633,641,696,924,298,304,336,320,332,429,304,306,297,321,364,495,1792,213,1579,미성5길
2018,3,A,골목상권,1000806,1770,1112,658,102,574,367,262,187,278,50,366,256,191,123,126,52,208,111,71,64,152,1308,0,1308,대학길
2018,3,A,골목상권,1000805,2968,2069,899,160,842,613,529,406,418,82,579,454,411,314,229,78,263,159,118,92,189,2330,0,2330,대학14길
2018,3,A,골목상권,1000804,1805,893,912,187,323,306,286,277,426,92,159,166,136,136,204,95,164,140,150,141,222,980,0,980,당곡길
2018,3,A,골목상권,1000803,1961,922,1039,241,370,404,268,258,420,110,165,208,129,116,194,131,205,196,139,142,226,936,150,786,남현길
2018,3,A,골목상권,1000802,1600,743,857,108,361,425,200,193,313,50,149,209,102,91,142,58,212,216,98,102,171,993,28,965,남현3길
2018,3,A,골목상권,1000801,2822,1342,1480,248,572,675,365,380,582,130,230,367,193,165,257,118,342,308,172,215,325,1529,0,1529,남현2길
2018,3,A,골목상권,1000800,1689,781,908,168,383,310,239,224,365,83,173,145,120,107,153,85,210,165,119,117,212,913,45,868,남부순환로248길
2018,3,A,골목상권,1000799,1926,989,937,175,479,420,260,197,395,92,251,233,134,97,182,83,228,187,126,100,213,1213,23,1190,남부순환로234길
2018,3,A,골목상권,1000798,2629,1297,1332,275,596,459,378,407,514,141,284,251,183,196,242,134,312,208,195,211,272,1373,153,1220,남부순환로172길
2018,3,A,골목상권,1000797,3934,1978,1956,437,806,687,599,659,746,229,392,389,292,334,342,208,414,298,307,325,404,2068,0,2068,남부순환로161길
2018,3,A,골목상권,1000796,3364,1668,1696,342,767,654,503,479,619,177,360,359,259,222,291,165,407,295,244,257,328,1834,0,1834,남부순환로151길
2018,3,A,골목상권,1000795,3516,1731,1785,398,680,727,499,517,695,188,315,397,268,257,306,210,365,330,231,260,389,1856,273,1583,남부순환로142길
2018,3,A,골목상권,1000794,2591,1334,1257,301,301,267,443,429,850,154,166,152,236,226,400,147,135,115,207,203,450,1319,0,1319,난향길
2018,3,A,골목상권,1000793,2396,1189,1207,390,320,322,388,402,574,189,162,172,192,203,271,201,158,150,196,199,303,1025,0,1025,난우길
2018,3,A,골목상권,1000792,1829,857,972,142,460,400,230,215,382,76,191,205,118,99,168,66,269,195,112,116,214,1149,0,1149,난곡로74길
2018,3,A,골목상권,1000791,2583,1315,1268,336,378,395,394,493,587,188,191,209,209,241,277,148,187,186,185,252,310,1144,0,1144,난곡로34길
2018,3,A,골목상권,1000790,3319,1680,1639,371,507,414,504,646,877,187,249,253,280,323,388,184,258,161,224,323,489,1641,0,1641,난곡로26길
2018,3,A,골목상권,1000789,2516,1327,1189,306,288,336,391,437,758,167,173,185,222,230,350,139,115,151,169,207,408,1180,0,1180,난곡로24길
2018,3,A,골목상권,1000788,5272,2609,2663,523,1501,1271,679,498,800,252,690,694,370,238,365,271,811,577,309,260,435,3303,0,3303,낙성대역길
2018,3,A,골목상권,1000787,5482,2745,2737,813,720,887,900,886,1276,420,381,471,484,408,581,393,339,416,416,478,695,2312,0,2312,국회단지길
2018,3,A,골목상권,1000786,2983,1485,1498,424,320,316,522,488,913,219,162,163,288,246,407,205,158,153,234,242,506,1414,0,1414,구암길
2018,3,A,골목상권,1000785,4370,2131,2239,396,1045,1010,577,498,844,184,510,529,312,224,372,212,535,481,265,274,472,2536,0,2536,관천로22길
2018,3,A,골목상권,1000784,4588,2306,2282,557,945,815,692,706,873,281,462,469,371,327,396,276,483,346,321,379,477,2364,0,2364,관천로15길
2018,3,A,골목상권,1000783,2773,1385,1388,445,402,437,433,421,635,217,217,231,211,214,295,228,185,206,222,207,340,1028,289,739,관악로30길
2018,3,A,골목상권,1000782,3084,1521,1563,496,414,441,507,510,716,250,218,220,258,241,334,246,196,221,249,269,382,1096,165,931,관악로28길
2018,3,A,골목상권,1000781,1415,668,747,102,530,294,141,121,227,51,237,145,75,63,97,51,293,149,66,58,130,968,0,968,관악로14길
2018,3,A,골목상권,1000780,4466,2225,2241,496,1291,897,584,473,725,251,596,509,321,229,319,245,695,388,263,244,406,2649,117,2532,관악로10길
2018,3,A,골목상권,1000779,2024,1032,992,192,625,301,230,253,423,102,365,156,117,119,173,90,260,145,113,134,250,1182,230,952,흑석로9길
2018,3,A,골목상권,1000778,669,329,340,83,138,95,97,100,156,37,65,61,50,47,69,46,73,34,47,53,87,328,0,328,흑석로13길
2018,3,A,골목상권,1000777,2342,1235,1107,164,448,388,290,398,654,99,246,233,174,199,284,65,202,155,116,199,370,1356,0,1356,장승배기로27길
2018,3,A,골목상권,1000776,2471,1259,1212,190,360,341,333,475,772,92,186,206,177,251,347,98,174,135,156,224,425,1333,0,1333,장승배기로19길
2018,3,A,골목상권,1000775,385,204,181,37,74,48,54,70,102,19,41,30,25,39,50,18,33,18,29,31,52,213,22,191,장승배기로10길
2018,3,A,골목상권,1000774,2881,1328,1553,682,437,373,628,407,354,281,183,188,302,214,160,401,254,185,326,193,194,1121,173,948,여의대방로46길
2018,3,A,골목상권,1000773,2874,1361,1513,405,503,560,467,397,542,206,216,272,221,194,252,199,287,288,246,203,290,1437,74,1363,여의대방로24길
2018,3,A,골목상권,1000772,3175,1550,1625,351,722,615,458,439,590,192,317,324,216,225,276,159,405,291,242,214,314,1693,0,1693,여의대방로22카길
2018,3,A,골목상권,1000771,2470,1188,1282,376,335,405,416,382,556,197,156,196,209,188,242,179,179,209,207,194,314,1076,198,878,여의대방로22나길
2018,3,A,골목상권,1000770,2361,1162,1199,263,451,480,347,356,464,150,203,250,182,171,206,113,248,230,165,185,258,1231,178,1053,여의대방로22길
2018,3,A,골목상권,1000769,1774,865,909,286,247,278,308,287,368,152,119,138,156,134,166,134,128,140,152,153,202,703,141,562,양녕로26길
2018,3,A,골목상권,1000768,3934,1897,2037,440,566,589,625,667,1047,228,280,306,300,332,451,212,286,283,325,335,596,2220,0,2220,신대방길
2018,3,A,골목상권,1000767,2095,1025,1070,276,327,341,342,326,483,145,177,170,174,166,193,131,150,171,168,160,290,968,0,968,성대로29길
2018,3,A,골목상권,1000766,1099,547,552,93,227,232,134,172,241,47,111,113,73,95,108,46,116,119,61,77,133,676,0,676,성대로1길
2018,3,A,골목상권,1000765,623,292,331,64,102,62,85,111,199,26,51,33,44,61,77,38,51,29,41,50,122,328,0,328,서달로8가길
2018,3,A,골목상권,1000764,358,184,174,31,48,54,41,54,130,14,25,29,28,31,57,17,23,25,13,23,73,223,0,223,서달로15길
2018,3,A,골목상권,1000763,377,175,202,36,62,47,37,78,117,13,30,23,22,36,51,23,32,24,15,42,66,201,0,201,서달로14길
2018,3,A,골목상권,1000762,1796,865,931,184,283,254,257,314,504,94,140,130,139,156,206,90,143,124,118,158,298,889,0,889,서달로10길
2018,3,A,골목상권,1000761,2889,1400,1489,356,843,564,386,287,453,178,403,278,199,138,204,178,440,286,187,149,249,1631,133,1498,상도로62길
2018,3,A,골목상권,1000760,2302,1211,1091,225,700,396,280,269,432,122,413,217,141,120,198,103,287,179,139,149,234,1274,272,1002,상도로61길
2018,3,A,골목상권,1000759,3957,2003,1954,484,1193,588,488,456,748,242,685,303,232,210,331,242,508,285,256,246,417,2138,49,2089,상도로47길
2018,3,A,골목상권,1000758,1317,622,695,168,344,248,168,141,248,77,156,126,90,65,108,91,188,122,78,76,140,706,0,706,상도로37길
2018,3,A,골목상권,1000757,3868,1888,1980,350,816,813,514,551,824,169,412,422,267,266,352,181,404,391,247,285,472,2128,0,2128,상도로15길
2018,3,A,골목상권,1000756,2590,1229,1361,252,458,522,388,394,576,130,214,261,196,184,244,122,244,261,192,210,332,1275,0,1275,사당로8길
2018,3,A,골목상권,1000755,1036,492,544,64,211,255,141,118,247,41,99,123,80,48,101,23,112,132,61,70,146,634,0,634,사당로30길
2018,3,A,골목상권,1000754,3135,1519,1616,465,478,560,513,449,670,256,209,291,251,211,301,209,269,269,262,238,369,1518,232,1286,사당로2차길
2018,3,A,골목상권,1000753,2554,1214,1340,240,475,472,350,433,584,117,237,231,173,212,244,123,238,241,177,221,340,1353,0,1353,사당로29길
2018,3,A,골목상권,1000752,2885,1393,1492,269,611,651,340,389,625,142,285,346,157,180,283,127,326,305,183,209,342,1584,0,1584,사당로26길
2018,3,A,골목상권,1000751,1017,511,506,115,146,152,158,166,280,62,76,84,87,79,123,53,70,68,71,87,157,475,0,475,사당로23나길
2018,3,A,골목상권,1000750,1533,735,798,310,186,282,250,225,280,167,79,124,130,108,127,143,107,158,120,117,153,509,505,4,사당로23길
2018,3,A,골목상권,1000749,2665,1268,1397,264,519,560,373,353,596,124,249,297,190,152,256,140,270,263,183,201,340,1415,0,1415,사당로20길
2018,3,A,골목상권,1000748,3406,1638,1768,369,476,612,523,489,937,189,222,323,276,226,402,180,254,289,247,263,535,1655,68,1587,사당로16길
2018,3,A,골목상권,1000747,2218,1069,1149,232,458,399,315,300,514,114,213,202,164,143,233,118,245,197,151,157,281,1092,0,1092,사당로16가길
2018,3,A,골목상권,1000746,3580,1838,1742,516,686,623,476,496,783,276,388,369,244,211,350,240,298,254,232,285,433,1679,589,1090,만양로8길
2018,3,A,골목상권,1000745,923,565,358,34,367,208,89,74,151,20,244,143,64,34,60,14,123,65,25,40,91,715,0,715,만양로14길
2018,3,A,골목상권,1000744,1955,992,963,188,342,339,244,344,498,102,186,186,130,169,219,86,156,153,114,175,279,993,140,853,등용로14길
2018,3,A,골목상권,1000743,3409,1635,1774,205,854,771,388,466,725,110,376,380,213,218,338,95,478,391,175,248,387,2048,65,1983,동작대로7길
2018,3,A,골목상권,1000742,2426,1208,1218,287,320,407,366,392,654,154,162,221,194,185,292,133,158,186,172,207,362,1079,24,1055,동작대로35길
2018,3,A,골목상권,1000741,2605,1228,1377,219,406,456,383,398,743,121,185,234,185,170,333,98,221,222,198,228,410,1391,19,1372,동작대로33길
2018,3,A,골목상권,1000740,858,428,430,96,140,138,107,125,252,52,77,72,55,57,115,44,63,66,52,68,137,346,146,200,동작대로29길
2018,3,A,골목상권,1000739,2385,1112,1273,178,457,512,343,330,565,92,191,223,186,155,265,86,266,289,157,175,300,1459,0,1459,동작대로17길
2018,3,A,골목상권,1000738,3514,1583,1931,479,777,681,535,461,581,253,319,287,256,210,258,226,458,394,279,251,323,1740,0,1740,대방동2길
2018,3,A,골목상권,1000737,4219,2085,2134,762,757,711,772,571,646,402,368,364,380,291,280,360,389,347,392,280,366,1928,0,1928,대방동27길
2018,3,A,골목상권,1000736,3275,1655,1620,318,543,456,447,677,834,164,274,272,237,328,380,154,269,184,210,349,454,1620,18,1602,노량진로6길
2018,3,A,골목상권,1000735,3970,1897,2073,514,684,809,558,531,874,256,307,418,289,245,382,258,377,391,269,286,492,1986,0,1986,국사봉길
2018,3,A,골목상권,1000734,1387,630,757,138,336,333,196,148,236,78,130,152,86,75,109,60,206,181,110,73,127,795,0,795,국사봉2길
2018,3,A,골목상권,1000733,3356,1591,1765,334,558,645,500,505,814,164,262,327,247,232,359,170,296,318,253,273,455,1825,0,1825,국사봉1길
2018,3,A,골목상권,1000732,2614,1361,1253,215,340,460,353,496,750,110,191,246,190,252,372,105,149,214,163,244,378,1457,69,1388,영신로9길
2018,3,A,골목상권,1000731,2588,1321,1267,183,534,477,388,402,604,91,251,282,213,215,269,92,283,195,175,187,335,1658,15,1643,영등포로84길
2018,3,A,골목상권,1000730,2263,1159,1104,211,372,360,334,389,597,117,178,211,190,208,255,94,194,149,144,181,342,1271,0,1271,영등포로80길
2018,3,A,골목상권,1000729,1639,867,772,129,271,349,232,246,412,59,149,206,136,128,189,70,122,143,96,118,223,965,22,943,영등포로62길
2018,3,A,골목상권,1000728,1194,702,492,78,244,250,160,185,277,40,129,151,101,121,160,38,115,99,59,64,117,848,0,848,영등포로35길
2018,3,A,골목상권,1000727,1895,1049,846,138,344,417,261,300,435,71,173,256,156,178,215,67,171,161,105,122,220,1187,0,1187,영등포로27길
2018,3,A,골목상권,1000726,1741,881,860,126,358,312,218,294,433,63,167,171,131,152,197,63,191,141,87,142,236,1041,0,1041,영등포로25길
2018,3,A,골목상권,1000725,2322,1165,1157,226,316,443,376,379,582,104,156,252,192,202,259,122,160,191,184,177,323,1231,408,823,여의대방로61길
2018,3,A,골목상권,1000724,3543,1777,1766,425,515,525,533,639,906,231,264,286,272,312,412,194,251,239,261,327,494,1619,742,877,여의대방로43나길
2018,3,A,골목상권,1000723,369,173,196,27,74,66,42,61,99,15,30,32,21,30,45,12,44,34,21,31,54,219,0,219,여의대방로39길
2018,3,A,골목상권,1000722,1480,766,714,175,206,200,246,237,416,95,111,110,130,120,200,80,95,90,116,117,216,718,0,718,여의대방로35길
2018,3,A,골목상권,1000721,4052,2062,1990,583,657,1082,609,509,612,301,303,596,312,254,296,282,354,486,297,255,316,1830,627,1203,양평로28길
2018,3,A,골목상권,1000720,1570,772,798,202,264,490,252,157,205,108,103,263,139,76,83,94,161,227,113,81,122,828,163,665,양평로22라길
2018,3,A,골목상권,1000719,2980,1505,1475,549,442,583,507,409,490,281,222,305,262,216,219,268,220,278,245,193,271,1138,521,617,양평로19길
2018,3,A,골목상권,1000718,3034,1509,1525,319,365,412,464,540,934,167,175,223,236,280,428,152,190,189,228,260,506,1479,0,1479,신길로60길
2018,3,A,골목상권,1000717,2773,1398,1375,307,365,314,420,540,827,157,192,183,222,284,360,150,173,131,198,256,467,1305,84,1221,신길로42길
2018,3,A,골목상권,1000716,4050,1975,2075,501,549,467,657,743,1133,271,278,249,330,355,492,230,271,218,327,388,641,1923,245,1678,신길로42가길
2018,3,A,골목상권,1000715,2022,1025,997,237,264,225,313,408,575,125,149,126,161,208,256,112,115,99,152,200,319,1060,0,1060,신길로39길
2018,3,A,골목상권,1000714,2423,1169,1254,218,370,313,347,459,716,109,203,169,165,216,307,109,167,144,182,243,409,1245,0,1245,신길로17길
2018,3,A,골목상권,1000713,939,485,454,128,100,146,149,148,268,73,50,79,88,70,125,55,50,67,61,78,143,416,0,416,선유서로28길
2018,3,A,골목상권,1000712,3372,1759,1613,383,530,816,521,456,666,197,261,453,300,250,298,186,269,363,221,206,368,1779,592,1187,선유서로25길
2018,3,A,골목상권,1000711,1323,679,644,120,126,137,187,249,504,62,81,82,109,134,211,58,45,55,78,115,293,742,0,742,선유서로24길
2018,3,A,골목상권,1000710,2914,1445,1469,206,684,773,364,354,533,111,269,407,197,208,253,95,415,366,167,146,280,1861,17,1844,선유로55길
2018,3,A,골목상권,1000709,90,87,3,75,4,4,2,1,4,75,3,3,2,0,4,0,1,1,0,1,0,8,0,8,디지털로74길
2018,3,A,골목상권,1000708,1478,714,764,136,144,163,259,281,495,77,75,76,127,149,210,59,69,87,132,132,285,868,0,868,디지털로57길
2018,3,A,골목상권,1000707,1399,681,718,145,122,138,222,256,516,74,67,71,107,127,235,71,55,67,115,129,281,745,0,745,디지털로37길
2018,3,A,골목상권,1000706,1691,832,859,194,249,227,252,268,501,97,136,122,132,124,221,97,113,105,120,144,280,839,0,839,도신로62길
2018,3,A,골목상권,1000705,773,390,383,83,95,101,112,132,250,40,56,58,56,63,117,43,39,43,56,69,133,407,0,407,도신로60길
2018,3,A,골목상권,1000704,1632,840,792,204,212,238,275,295,408,119,113,130,138,155,185,85,99,108,137,140,223,744,84,660,도신로29길
2018,3,A,골목상권,1000703,3667,1839,1828,325,673,761,527,579,802,181,301,400,282,297,378,144,372,361,245,282,424,1888,12,1876,도신로15길
2018,3,A,골목상권,1000702,2531,1235,1296,243,444,472,345,417,610,108,213,258,163,203,290,135,231,214,182,214,320,1369,0,1369,도림천로21길
2018,3,A,골목상권,1000701,834,423,411,124,109,107,128,166,200,56,61,60,65,83,98,68,48,47,63,83,102,366,0,366,도림로63길
2018,3,A,골목상권,1000700,347,192,155,15,43,54,33,55,147,9,26,27,25,32,73,6,17,27,8,23,74,208,0,208,도림로147길
2018,3,A,골목상권,1000699,2239,1157,1082,236,272,300,352,421,658,127,149,164,191,226,300,109,123,136,161,195,358,1114,0,1114,도림로112길
2018,3,A,골목상권,1000698,3090,1526,1564,308,491,400,474,516,901,163,231,219,240,267,406,145,260,181,234,249,495,1650,0,1650,대림로8길
2018,3,A,골목상권,1000697,1053,511,542,102,130,132,144,213,332,51,57,79,66,107,151,51,73,53,78,106,181,564,0,564,대림로7길
2018,3,A,골목상권,1000696,2383,1254,1129,346,346,300,401,480,510,189,194,166,207,254,244,157,152,134,194,226,266,1032,58,974,대림로44길
2018,3,A,골목상권,1000695,2848,1462,1386,405,406,327,445,571,694,216,216,189,219,288,334,189,190,138,226,283,360,1213,134,1079,대림로34길
2018,3,A,골목상권,1000694,2403,1241,1162,241,286,329,424,470,653,134,137,183,235,249,303,107,149,146,189,221,350,1263,172,1091,대림로31길
2018,3,A,골목상권,1000693,1916,993,923,152,243,267,315,374,565,81,127,159,167,204,255,71,116,108,148,170,310,1151,0,1151,대림로29길
2018,3,A,골목상권,1000692,4375,2227,2148,529,627,499,673,834,1213,286,334,272,335,437,563,243,293,227,338,397,650,1915,790,1125,대림로22길
2018,3,A,골목상권,1000691,2120,1063,1057,127,531,487,256,282,437,63,243,271,137,147,202,64,288,216,119,135,235,1325,0,1325,당산로46길
2018,3,A,골목상권,1000690,1796,824,972,136,580,502,194,179,205,61,225,275,93,80,90,75,355,227,101,99,115,1252,0,1252,당산로38길
2018,3,A,골목상권,1000689,1346,632,714,134,185,249,186,211,381,63,78,121,100,115,155,71,107,128,86,96,226,779,580,199,당산로37길
2018,3,A,골목상권,1000688,977,510,467,101,175,253,136,122,190,59,84,132,74,69,92,42,91,121,62,53,98,567,90,477,당산로31길
2018,3,A,골목상권,1000687,2583,1554,1029,112,748,925,285,213,300,57,389,615,200,139,154,55,359,310,85,74,146,2030,272,1758,국회대로56길
2018,3,A,골목상권,1000686,141,107,34,1,6,8,19,36,71,0,3,5,18,29,52,1,3,3,1,7,19,125,0,125,경인로90길
2018,3,A,골목상권,1000685,141,78,63,8,8,20,24,21,60,3,5,14,17,13,26,5,3,6,7,8,34,70,0,70,경인로80길
2018,3,A,골목상권,1000684,275,166,109,7,45,45,31,54,93,3,31,27,21,37,47,4,14,18,10,17,46,200,0,200,경인로77길
2018,3,A,골목상권,1000683,1954,997,957,229,282,215,299,377,552,125,151,123,155,194,249,104,131,92,144,183,303,905,0,905,가마산로61길
2018,3,A,골목상권,1000682,3815,1960,1855,464,593,571,566,746,875,237,318,326,275,377,427,227,275,245,291,369,448,1844,19,1825,시흥대로94길
2018,3,A,골목상권,1000681,5975,3040,2935,736,897,834,890,1217,1401,405,476,453,445,596,665,331,421,381,445,621,736,2667,67,2600,시흥대로84길
2018,3,A,골목상권,1000680,2649,1348,1301,318,371,352,403,514,691,171,191,204,214,252,316,147,180,148,189,262,375,1253,0,1253,시흥대로68길
2018,3,A,골목상권,1000679,1625,807,818,178,213,303,250,285,396,89,103,161,128,140,186,89,110,142,122,145,210,817,388,429,시흥대로63길
2018,3,A,골목상권,1000678,3023,1519,1504,367,417,381,455,621,782,190,235,206,233,309,346,177,182,175,222,312,436,1442,0,1442,시흥대로62가길
2018,3,A,골목상권,1000677,1975,1007,968,289,249,303,303,350,481,141,131,168,168,179,220,148,118,135,135,171,261,834,72,762,시흥대로36길
2018,3,A,골목상권,1000676,3545,1764,1781,510,488,507,521,596,923,261,253,280,266,285,419,249,235,227,255,311,504,1350,208,1142,시흥대로22길
2018,3,A,골목상권,1000675,1825,1010,815,151,426,435,227,288,298,74,236,267,130,154,149,77,190,168,97,134,149,1157,31,1126,시흥대로153길
2018,3,A,골목상권,1000674,4840,2435,2405,592,708,780,720,878,1162,290,362,431,370,440,542,302,346,349,350,438,620,2214,345,1869,시흥대로150길
2018,3,A,골목상권,1000673,2213,1216,997,155,503,404,282,404,465,72,242,247,165,241,249,83,261,157,117,163,216,1490,0,1490,시흥대로141길
2018,3,A,골목상권,1000672,590,316,274,69,51,76,94,120,180,39,33,45,48,62,89,30,18,31,46,58,91,306,24,282,시흥대로138길
2018,3,A,골목상권,1000671,3306,1645,1661,381,514,441,493,689,788,199,253,233,249,355,356,182,261,208,244,334,432,1536,35,1501,시흥대로120길
2018,3,A,골목상권,1000670,1084,573,511,81,147,189,152,210,305,39,77,112,83,119,143,42,70,77,69,91,162,654,0,654,벚꽃로56길
2018,3,A,골목상권,1000669,821,469,352,70,170,221,147,116,97,39,88,142,87,67,46,31,82,79,60,49,51,536,51,485,범안로17길
2018,3,A,골목상권,1000668,1285,740,545,70,396,451,166,97,105,32,198,289,109,58,54,38,198,162,57,39,51,995,149,846,범안로11길
2018,3,A,골목상권,1000667,3193,1625,1568,318,496,495,486,611,787,156,257,280,263,296,373,162,239,215,223,315,414,1589,33,1556,문성로5길
2018,3,A,골목상권,1000666,661,316,345,85,94,89,108,138,147,38,53,46,51,68,60,47,41,43,57,70,87,306,0,306,독산로85길
2018,3,A,골목상권,1000665,3365,1691,1674,441,484,426,510,665,839,212,256,237,254,341,391,229,228,189,256,324,448,1494,56,1438,독산로78다길
2018,3,A,골목상권,1000664,2642,1339,1303,264,318,316,461,606,677,132,161,173,224,346,303,132,157,143,237,260,374,1458,0,1458,독산로70길
2018,3,A,골목상권,1000663,2306,1172,1134,273,331,295,357,499,551,137,181,157,189,256,252,136,150,138,168,243,299,1064,0,1064,독산로64길
2018,3,A,골목상권,1000662,2157,1094,1063,320,310,302,314,388,523,172,167,156,156,186,257,148,143,146,158,202,266,772,248,524,독산로50길
2018,3,A,골목상권,1000661,2650,1309,1341,385,332,388,412,494,639,188,184,207,207,233,290,197,148,181,205,261,349,1152,67,1085,독산로40길
2018,3,A,골목상권,1000660,1904,986,918,195,311,313,294,383,408,106,147,188,145,207,193,89,164,125,149,176,215,1002,13,989,독산로108길
2018,3,A,골목상권,1000659,2305,1359,946,93,665,526,295,366,360,44,333,347,202,226,207,49,332,179,93,140,153,1751,0,1751,남부순환로112길
2018,3,A,골목상권,1000658,4345,2196,2149,559,576,475,696,828,1211,279,315,260,360,437,545,280,261,215,336,391,666,2011,0,2011,금하로24길
2018,3,A,골목상권,1000657,1959,995,964,264,265,248,343,362,477,132,130,151,173,190,219,132,135,97,170,172,258,949,0,949,금하로1길
2018,3,A,골목상권,1000656,1724,842,882,204,247,248,257,309,459,92,119,137,126,154,214,112,128,111,131,155,245,822,115,707,금하로14길
2018,3,A,골목상권,1000655,3279,1894,1385,264,783,928,434,404,466,143,421,580,271,237,242,121,362,348,163,167,224,2144,216,1928,가산로5길
2018,3,A,골목상권,1000654,1042,662,380,61,272,341,144,125,99,24,161,239,108,79,51,37,111,102,36,46,48,765,0,765,가산로3길
2018,3,A,골목상권,1000653,1074,552,522,142,172,166,156,175,263,79,92,86,87,84,124,63,80,80,69,91,139,451,181,270,중앙로1길
2018,3,A,골목상권,1000652,1604,808,796,227,215,252,222,263,425,117,121,131,128,121,190,110,94,121,94,142,235,634,98,536,중앙로15길
2018,3,A,골목상권,1000651,853,481,372,45,102,69,110,247,280,21,56,38,70,144,152,24,46,31,40,103,128,526,0,526,우마길
2018,3,A,골목상권,1000650,2092,1056,1036,259,268,263,296,336,670,142,147,154,155,173,285,117,121,109,141,163,385,1048,0,1048,오류로8길
2018,3,A,골목상권,1000649,537,271,266,53,62,58,78,112,174,17,37,28,44,61,84,36,25,30,34,51,90,263,0,263,신도림로13길
2018,3,A,골목상권,1000648,2631,1277,1354,344,408,601,336,371,571,179,181,295,171,178,273,165,227,306,165,193,298,1239,307,932,새말로18길
2018,3,A,골목상권,1000647,1418,718,700,188,165,261,219,201,384,112,73,127,126,102,178,76,92,134,93,99,206,588,63,525,부일로1길
2018,3,A,골목상권,1000646,1561,751,810,223,220,223,248,249,398,106,117,105,130,121,172,117,103,118,118,128,226,689,9,680,부일로15길
2018,3,A,골목상권,1000645,2696,1385,1311,428,389,336,447,475,621,242,222,174,208,231,308,186,167,162,239,244,313,1081,0,1081,부일로11길
2018,3,A,골목상권,1000644,1529,820,709,40,464,570,213,127,115,18,185,341,131,84,61,22,279,229,82,43,54,1308,0,1308,디지털로32길
2018,3,A,골목상권,1000643,4753,2615,2138,103,1722,1843,508,260,317,52,787,1119,340,152,165,51,935,724,168,108,152,4114,95,4019,디지털로32가길
2018,3,A,골목상권,1000642,1261,679,582,137,118,151,203,243,409,65,63,87,120,146,198,72,55,64,83,97,211,656,0,656,디지털로27길
2018,3,A,골목상권,1000641,1447,744,703,162,178,172,220,295,420,83,97,101,125,157,181,79,81,71,95,138,239,709,0,709,도림로6길
2018,3,A,골목상권,1000640,2186,1041,1145,279,269,298,346,380,614,139,141,149,176,177,259,140,128,149,170,203,355,975,0,975,도림로12길
2018,3,A,골목상권,1000639,1293,613,680,204,123,223,184,159,400,95,60,114,90,59,195,109,63,109,94,100,205,483,451,32,남부순환로97길
2018,3,A,골목상권,1000638,2809,1367,1442,298,318,364,421,540,868,147,169,184,209,251,407,151,149,180,212,289,461,1324,0,1324,구로중앙로8길
2018,3,A,골목상권,1000637,713,363,350,67,53,80,102,129,282,38,25,38,63,65,134,29,28,42,39,64,148,372,0,372,구로중앙로7길
2018,3,A,골목상권,1000636,893,489,404,103,129,119,140,151,251,50,84,71,82,84,118,53,45,48,58,67,133,423,0,423,구로중앙로42길
2018,3,A,골목상권,1000635,1147,590,557,114,170,138,165,227,333,56,101,85,82,115,151,58,69,53,83,112,182,566,21,545,구로중앙로34길
2018,3,A,골목상권,1000634,3346,1668,1678,390,522,589,526,583,736,180,221,322,284,311,350,210,301,267,242,272,386,1736,324,1412,구로중앙로28길
2018,3,A,골목상권,1000633,896,426,470,110,101,110,142,167,266,54,42,57,70,88,115,56,59,53,72,79,151,444,0,444,구로중앙로19길
2018,3,A,골목상권,1000632,6191,3121,3070,694,804,729,954,1198,1812,367,493,392,491,562,816,327,311,337,463,636,996,2720,0,2720,구로동로8길
2018,3,A,골목상권,1000631,2664,1421,1243,272,321,294,420,533,824,155,200,163,235,287,381,117,121,131,185,246,443,1322,0,1322,구로동로7길
2018,3,A,골목상권,1000630,1960,955,1005,230,232,216,319,377,586,112,109,107,169,205,253,118,123,109,150,172,333,928,0,928,구로동로42길
2018,3,A,골목상권,1000629,2490,1296,1194,319,312,294,406,483,676,163,168,169,226,263,307,156,144,125,180,220,369,1188,0,1188,구로동로41길
2018,3,A,골목상권,1000628,1944,957,987,219,220,196,288,403,618,104,125,107,144,212,265,115,95,89,144,191,353,960,0,960,구로동로38길
2018,3,A,골목상권,1000627,2057,1039,1018,213,246,220,360,377,641,113,127,122,180,206,291,100,119,98,180,171,350,1133,42,1091,구로동로28길
2018,3,A,골목상권,1000626,990,507,483,97,108,103,129,212,341,48,68,59,63,109,160,49,40,44,66,103,181,528,0,528,구로동로15길
2018,3,A,골목상권,1000625,2092,923,1169,178,607,540,258,214,295,80,204,261,137,105,136,98,403,279,121,109,159,1358,109,1249,공원로6가길
2018,3,A,골목상권,1000624,3162,1575,1587,523,402,469,514,557,697,269,209,239,257,277,324,254,193,230,257,280,373,1251,635,616,고척로52길
2018,3,A,골목상권,1000623,4435,2203,2232,643,659,538,716,834,1045,316,354,278,351,418,486,327,305,260,365,416,559,1935,0,1935,고척로27다길
2018,3,A,골목상권,1000622,2536,1309,1227,331,343,350,386,470,656,167,199,183,196,257,307,164,144,167,190,213,349,1165,0,1165,고척로27길
2018,3,A,골목상권,1000621,2639,1362,1277,372,328,339,430,483,687,195,188,180,230,252,317,177,140,159,200,231,370,1231,0,1231,고척로21나길
2018,3,A,골목상권,1000620,1920,948,972,264,295,261,283,348,469,114,151,135,151,176,221,150,144,126,132,172,248,810,321,489,경인로47길
2018,3,A,골목상권,1000619,3083,1587,1496,320,390,349,442,612,970,166,195,192,248,317,469,154,195,157,194,295,501,1502,0,1502,경인로35길
2018,3,A,골목상권,1000618,1861,972,889,177,225,218,295,410,536,83,122,122,180,216,249,94,103,96,115,194,287,1037,0,1037,경인로31길
2018,3,A,골목상권,1000617,3456,1730,1726,433,453,517,537,572,944,209,241,272,288,273,447,224,212,245,249,299,497,1528,0,1528,경인로15길
2018,3,A,골목상권,1000616,3013,1474,1539,425,405,484,500,492,707,209,210,261,258,239,297,216,195,223,242,253,410,1290,248,1042,개봉로3길
2018,3,A,골목상권,1000615,2232,1061,1171,377,248,400,369,318,520,174,123,202,183,146,233,203,125,198,186,172,287,947,0,947,개봉로2길
2018,3,A,골목상권,1000614,2453,1207,1246,292,275,472,373,347,694,131,134,251,207,162,322,161,141,221,166,185,372,1085,357,728,개봉로23가길
2018,3,A,골목상권,1000613,3691,1758,1933,604,448,619,538,561,921,296,220,283,274,244,441,308,228,336,264,317,480,1324,788,536,개봉로20길
2018,3,A,골목상권,1000612,2205,1097,1108,314,275,357,367,340,552,159,143,193,182,165,255,155,132,164,185,175,297,911,134,777,개봉로1길
2018,3,A,골목상권,1000611,3378,1697,1681,447,468,562,489,561,851,222,264,282,251,285,393,225,204,280,238,276,458,1514,185,1329,개봉로17다길
2018,3,A,골목상권,1000610,5784,2842,2942,864,837,894,933,999,1257,455,428,450,479,479,551,409,409,444,454,520,706,2319,0,2319,개봉로17길
2018,3,A,골목상권,1000609,5332,2598,2734,769,760,786,847,899,1271,400,380,396,422,426,574,369,380,390,425,473,697,2157,0,2157,개봉로11길
2018,3,A,골목상권,1000608,4219,2035,2184,501,843,1047,597,544,687,280,320,539,295,278,323,221,523,508,302,266,364,2266,479,1787,화곡로64길
2018,3,A,골목상권,1000607,2611,1269,1342,393,405,437,408,495,473,210,212,207,185,239,216,183,193,230,223,256,257,986,414,572,화곡로59길
2018,3,A,골목상권,1000606,3242,1628,1614,441,495,686,506,499,615,237,224,381,266,225,295,204,271,305,240,274,320,1579,41,1538,화곡로44나길
2018,3,A,골목상권,1000605,4006,1923,2083,391,642,744,528,665,1036,205,322,381,248,291,476,186,320,363,280,374,560,1904,21,1883,화곡로31길
2018,3,A,골목상권,1000604,3376,1682,1694,480,457,601,507,556,775,245,226,312,279,258,362,235,231,289,228,298,413,1478,92,1386,화곡로20길
2018,3,A,골목상권,1000603,3391,1633,1758,532,495,529,567,532,736,283,249,259,268,255,319,249,246,270,299,277,417,1376,115,1261,화곡로13길
2018,3,A,골목상권,1000602,3597,1832,1765,427,516,490,498,644,1022,230,269,273,270,302,488,197,247,217,228,342,534,1631,22,1609,초원로16길
2018,3,A,골목상권,1000601,4978,2445,2533,930,706,950,871,695,826,490,357,492,439,314,353,440,349,458,432,381,473,2022,93,1929,초록마을로8길
2018,3,A,골목상권,1000600,2617,1343,1274,205,490,707,457,314,444,92,242,401,257,166,185,113,248,306,200,148,259,1651,0,1651,초록마을로3길
2018,3,A,골목상권,1000599,2479,1298,1181,171,471,711,365,340,421,80,218,397,222,176,205,91,253,314,143,164,216,1529,43,1486,월정로20길
2018,3,A,골목상권,1000598,5192,2464,2728,1198,715,675,1063,787,754,557,341,320,494,394,358,641,374,355,569,393,396,1812,481,1331,우장산로6길
2018,3,A,골목상권,1000597,2749,1423,1326,697,322,486,599,328,317,393,159,242,304,177,148,304,163,244,295,151,169,1008,322,686,양천로73가길
2018,3,A,골목상권,1000596,6680,3255,3425,1722,777,894,1448,939,900,830,417,403,725,461,419,892,360,491,723,478,481,2061,1944,117,양천로71길
2018,3,A,골목상권,1000595,1254,636,618,148,236,318,164,171,217,86,99,177,91,85,98,62,137,141,73,86,119,596,0,596,양천로49길
2018,3,A,골목상권,1000594,2020,977,1043,420,225,353,355,290,377,207,122,167,175,147,159,213,103,186,180,143,218,717,237,480,양천로26길
2018,3,A,골목상권,1000593,3845,1967,1878,580,501,691,545,579,949,325,267,355,295,273,452,255,234,336,250,306,497,1572,452,1120,양천로24길
2018,3,A,골목상권,1000592,2930,1463,1467,487,369,477,493,471,633,251,193,245,249,235,290,236,176,232,244,236,343,1183,216,967,양천로24가길
2018,3,A,골목상권,1000591,4261,2101,2160,732,555,628,663,696,987,377,281,324,351,315,453,355,274,304,312,381,534,1558,552,1006,양천로14길
2018,3,A,골목상권,1000590,2373,1230,1143,307,310,375,466,381,534,167,145,207,257,205,249,140,165,168,209,176,285,1140,0,1140,방화대로6라길
2018,3,A,골목상권,1000589,2467,1264,1203,304,380,412,317,429,625,164,182,253,165,209,291,140,198,159,152,220,334,1195,44,1151,방화대로21길
2018,3,A,골목상권,1000588,1454,686,768,175,216,278,194,236,355,92,103,138,96,101,156,83,113,140,98,135,199,633,49,584,등촌로5길
2018,3,A,골목상권,1000587,2953,1418,1535,408,489,775,435,384,462,212,225,394,209,164,214,196,264,381,226,220,248,1353,0,1353,등촌로55길
2018,3,A,골목상권,1000586,2131,1056,1075,319,347,338,290,360,477,162,199,161,139,163,232,157,148,177,151,197,245,793,236,557,등촌로51길
2018,3,A,골목상권,1000585,3372,1697,1675,560,501,625,520,545,621,295,267,336,264,265,270,265,234,289,256,280,351,1337,101,1236,등촌로39길
2018,3,A,골목상권,1000584,3994,1962,2032,549,555,817,613,635,825,285,283,431,292,304,367,264,272,386,321,331,458,1686,159,1527,등촌로13길
2018,3,A,골목상권,1000583,4091,2132,1959,609,536,815,693,637,801,315,269,449,385,342,372,294,267,366,308,295,429,1941,110,1831,남부순환로11길
2018,3,A,골목상권,1000582,4358,2102,2256,790,584,822,757,587,818,416,275,421,381,267,342,374,309,401,376,320,476,1747,0,1747,까치산로4길
2018,3,A,골목상권,1000581,2358,1138,1220,245,319,434,334,408,618,107,177,236,170,179,269,138,142,198,164,229,349,1068,106,962,국회대로7길
2018,3,A,골목상권,1000580,3046,1558,1488,346,514,527,437,462,760,174,277,281,244,217,365,172,237,246,193,245,395,1575,0,1575,공항대로8길
2018,3,A,골목상권,1000579,2035,1011,1024,377,273,407,378,264,336,192,147,192,201,127,152,185,126,215,177,137,184,802,339,463,공항대로61길
2018,3,A,골목상권,1000578,3098,1521,1577,490,506,584,461,491,566,278,240,282,214,239,268,212,266,302,247,252,298,1306,471,835,공항대로59다길
2018,3,A,골목상권,1000577,2231,1037,1194,184,472,619,310,290,356,98,176,299,155,145,164,86,296,320,155,145,192,1303,0,1303,공항대로59길
2018,3,A,골목상권,1000576,1739,872,867,276,261,315,250,276,361,154,133,167,121,132,165,122,128,148,129,144,196,738,0,738,공항대로55길
2018,3,A,골목상권,1000575,1108,554,554,223,138,170,219,173,185,111,78,89,100,89,87,112,60,81,119,84,98,412,18,394,공항대로42길
2018,3,A,골목상권,1000574,395,189,206,66,64,81,65,64,55,35,30,42,33,29,20,31,34,39,32,35,35,174,0,174,공항대로38길
2018,3,A,골목상권,1000573,2016,1003,1013,179,299,412,286,344,496,97,167,209,146,151,233,82,132,203,140,193,263,1026,0,1026,곰달래로60길
2018,3,A,골목상권,1000572,3725,1830,1895,589,502,591,663,593,787,299,258,319,320,298,336,290,244,272,343,295,451,1526,102,1424,곰달래로53길
2018,3,A,골목상권,1000571,4136,2004,2132,712,553,727,755,630,759,334,290,374,375,291,340,378,263,353,380,339,419,1660,20,1640,곰달래로47길
2018,3,A,골목상권,1000570,3178,1520,1658,658,401,587,583,400,549,343,194,273,288,170,252,315,207,314,295,230,297,1220,21,1199,곰달래로31길
2018,3,A,골목상권,1000569,3052,1441,1611,403,389,552,495,478,735,188,190,270,261,209,323,215,199,282,234,269,412,1419,0,1419,곰달래로25길
2018,3,A,골목상권,1000568,2463,1237,1226,196,662,494,307,327,477,92,293,292,171,168,221,104,369,202,136,159,256,1522,30,1492,개화동로25길
2018,3,A,골목상권,1000567,3932,1953,1979,464,461,523,576,755,1153,237,246,280,295,367,528,227,215,243,281,388,625,1920,0,1920,개화동로23길
2018,3,A,골목상권,1000566,3447,1700,1747,441,444,654,542,485,881,226,206,350,280,219,419,215,238,304,262,266,462,1579,145,1434,강서로8길
2018,3,A,골목상권,1000565,2791,1373,1418,408,341,545,438,433,626,210,167,294,229,196,277,198,174,251,209,237,349,1227,58,1169,강서로5라길
2018,3,A,골목상권,1000564,2960,1468,1492,213,645,827,403,330,542,101,271,455,226,155,260,112,374,372,177,175,282,1850,346,1504,강서로5나길
2018,3,A,골목상권,1000563,2040,1027,1013,161,353,514,299,262,451,89,143,270,172,129,224,72,210,244,127,133,227,1188,557,631,강서로5가길
2018,3,A,골목상권,1000562,3684,1736,1948,812,568,441,697,625,541,376,275,224,321,304,236,436,293,217,376,321,305,1300,130,1170,강서로47라길
2018,3,A,골목상권,1000561,4248,2043,2205,937,555,543,844,695,674,431,275,281,399,370,287,506,280,262,445,325,387,1555,488,1067,강서로47길
2018,3,A,골목상권,1000560,2725,1322,1403,422,392,474,427,403,607,219,182,248,224,178,271,203,210,226,203,225,336,1122,147,975,강서로45다길
2018,3,A,골목상권,1000559,917,442,475,175,119,144,163,127,189,79,50,74,79,60,100,96,69,70,84,67,89,361,101,260,강서로45길
2018,3,A,골목상권,1000558,3898,1872,2026,455,578,704,557,687,917,232,266,362,275,319,418,223,312,342,282,368,499,1815,37,1778,강서로35길
2018,3,A,골목상권,1000557,3110,1513,1597,394,490,772,448,439,567,199,229,400,224,192,269,195,261,372,224,247,298,1455,93,1362,강서로29길
2018,3,A,골목상권,1000556,6917,3353,3564,974,979,1367,1077,1017,1503,500,464,718,544,471,656,474,515,649,533,546,847,2932,15,2917,강서로18길
2018,3,A,골목상권,1000555,3222,1621,1601,353,506,681,442,520,720,190,258,361,244,231,337,163,248,320,198,289,383,1415,129,1286,강서로17가길
2018,3,A,골목상권,1000554,5492,2711,2781,586,772,1090,816,935,1293,282,400,572,429,480,548,304,372,518,387,455,745,2808,76,2732,강서로15길
2018,3,A,골목상권,1000553,2940,1471,1469,421,427,550,444,472,626,225,219,287,233,220,287,196,208,263,211,252,339,1232,0,1232,가로공원로80길
2018,3,A,골목상권,1000552,3248,1566,1682,428,448,667,511,485,709,211,222,352,248,220,313,217,226,315,263,265,396,1428,158,1270,가로공원로76가길
2018,3,A,골목상권,1000551,1484,730,754,199,174,208,226,282,395,102,88,109,105,136,190,97,86,99,121,146,205,697,33,664,화곡로4길
2018,3,A,골목상권,1000550,3249,1623,1626,639,428,494,520,545,623,345,227,238,255,267,291,294,201,256,265,278,332,1206,409,797,화곡로3길
2018,3,A,골목상권,1000549,3331,1637,1694,430,425,463,456,599,958,208,228,263,238,273,427,222,197,200,218,326,531,1411,0,1411,지양로7길
2018,3,A,골목상권,1000548,3785,1876,1909,589,479,552,584,647,934,317,245,280,280,320,434,272,234,272,304,327,500,1533,206,1327,중앙로55길
2018,3,A,골목상권,1000547,4179,2052,2127,737,525,660,663,628,966,347,274,353,320,312,446,390,251,307,343,316,520,1554,275,1279,중앙로51길
2018,3,A,골목상권,1000546,1844,951,893,202,222,234,286,376,524,109,122,136,152,177,255,93,100,98,134,199,269,859,0,859,중앙로47길
2018,3,A,골목상권,1000545,1966,950,1016,275,270,279,314,341,487,148,129,135,166,149,223,127,141,144,148,192,264,889,61,828,중앙로45길
2018,3,A,골목상권,1000544,901,443,458,160,107,100,172,132,230,91,50,51,79,74,98,69,57,49,93,58,132,403,0,403,중앙로36길
2018,3,A,골목상권,1000543,1082,533,549,227,137,120,204,185,209,114,75,58,92,105,89,113,62,62,112,80,120,443,68,375,중앙로32길
2018,3,A,골목상권,1000542,2426,1259,1167,249,261,322,416,457,721,128,138,186,233,242,332,121,123,136,183,215,389,1283,43,1240,중앙로25길
2018,3,A,골목상권,1000541,3366,1655,1711,522,442,539,556,514,793,263,225,274,283,243,367,259,217,265,273,271,426,1433,96,1337,은행정로7길
2018,3,A,골목상권,1000540,777,429,348,124,72,88,132,143,218,69,40,54,65,88,113,55,32,34,67,55,105,390,0,390,은행정로5길
2018,3,A,골목상권,1000539,4036,1984,2052,801,440,651,634,634,876,412,226,299,325,318,404,389,214,352,309,316,472,1475,812,663,오목로5길
2018,3,A,골목상권,1000538,3622,1798,1824,725,408,587,629,548,725,371,218,284,323,262,340,354,190,303,306,286,385,1273,525,748,오목로3길
2018,3,A,골목상권,1000537,3606,1787,1819,397,569,562,556,613,909,218,274,307,277,295,416,179,295,255,279,318,493,1654,0,1654,오목로30길
2018,3,A,골목상권,1000536,4445,2228,2217,615,658,859,721,663,929,308,338,448,365,321,448,307,320,411,356,342,481,2060,0,2060,오목로23길
2018,3,A,골목상권,1000535,1953,987,966,369,222,346,322,291,403,193,128,176,157,135,198,176,94,170,165,156,205,682,571,111,신월로20길
2018,3,A,골목상권,1000534,5612,2767,2845,968,737,745,911,962,1289,518,378,366,450,475,580,450,359,379,461,487,709,1981,632,1349,신월로15길
2018,3,A,골목상권,1000533,2425,1175,1250,430,357,311,448,401,478,225,188,146,207,208,201,205,169,165,241,193,277,982,36,946,신목로6길
2018,3,A,골목상권,1000532,2171,1080,1091,535,314,196,462,376,288,275,169,86,215,205,130,260,145,110,247,171,158,696,117,579,신목로5길
2018,3,A,골목상권,1000531,2079,1022,1057,362,359,184,357,440,377,186,197,96,162,213,168,176,162,88,195,227,209,731,158,573,신목로2길
2018,3,A,골목상권,1000530,1379,672,707,186,202,264,190,216,321,107,104,131,102,96,132,79,98,133,88,120,189,631,0,631,목동중앙서로8가길
2018,3,A,골목상권,1000529,3752,1845,1907,584,582,620,638,622,706,314,301,329,304,291,306,270,281,291,334,331,400,1621,0,1621,목동중앙서로7길
2018,3,A,골목상권,1000528,2134,973,1161,251,320,412,307,345,499,127,158,196,145,149,198,124,162,216,162,196,301,1034,181,853,목동중앙북로8길
2018,3,A,골목상권,1000527,3509,1696,1813,428,573,926,486,459,637,221,252,470,246,213,294,207,321,456,240,246,343,1671,0,1671,목동중앙북로16길
2018,3,A,골목상권,1000526,2931,1444,1487,500,454,428,470,519,560,281,247,215,202,249,250,219,207,213,268,270,310,1137,0,1137,목동중앙본로7길
2018,3,A,골목상권,1000525,2436,1173,1263,544,347,296,451,409,389,270,179,141,204,211,168,274,168,155,247,198,221,862,56,806,목동중앙로3길
2018,3,A,골목상권,1000524,1078,552,526,168,163,255,154,155,183,91,69,135,78,87,92,77,94,120,76,68,91,530,0,530,목동중앙로13나길
2018,3,A,골목상권,1000523,2692,1358,1334,492,427,395,447,459,472,281,244,182,215,218,218,211,183,213,232,241,254,994,208,786,목동중앙남로3가길
2018,3,A,골목상권,1000522,3482,1643,1839,562,573,558,586,577,626,280,280,250,283,245,305,282,293,308,303,332,321,1403,130,1273,목동로9길
2018,3,A,골목상권,1000521,2275,1070,1205,351,329,366,376,372,481,171,158,168,178,179,216,180,171,198,198,193,265,956,36,920,목동로19길
2018,3,A,골목상권,1000520,1560,751,809,383,197,159,356,269,196,193,97,76,167,136,82,190,100,83,189,133,114,533,142,391,목동동로8길
2018,3,A,골목상권,1000519,2276,1095,1181,499,309,242,452,376,398,258,148,112,201,199,177,241,161,130,251,177,221,798,273,525,목동동로12길
2018,3,A,골목상권,1000518,1264,609,655,264,181,161,234,190,234,121,88,82,108,105,105,143,93,79,126,85,129,423,189,234,목동남로4길
2018,3,A,골목상권,1000517,1867,905,962,490,205,231,402,266,273,239,100,113,186,139,128,251,105,118,216,127,145,574,543,31,남부순환로88길
2018,3,A,골목상권,1000516,705,357,348,84,83,95,84,155,204,44,47,59,34,78,95,40,36,36,50,77,109,324,96,228,남부순환로79길
2018,3,A,골목상권,1000515,4941,2440,2501,566,707,610,735,922,1401,267,387,321,386,469,610,299,320,289,349,453,791,2178,0,2178,남부순환로70길
2018,3,A,골목상권,1000514,2094,1082,1012,301,287,304,315,384,503,165,147,181,167,188,234,136,140,123,148,196,269,1009,0,1009,남부순환로58길
2018,3,A,골목상권,1000513,2422,1339,1083,221,268,314,398,503,718,112,142,196,238,288,363,109,126,118,160,215,355,1328,91,1237,남부순환로40길
2018,3,A,골목상권,1000512,3669,1805,1864,447,539,578,531,674,900,213,275,324,253,320,420,234,264,254,278,354,480,1614,48,1566,남부순환로33길
2018,3,A,골목상권,1000511,3757,1940,1817,391,559,491,546,743,1027,208,293,266,290,386,497,183,266,225,256,357,530,1718,186,1532,곰달래로5길
2018,3,A,골목상권,1000510,3850,2005,1845,480,510,501,624,769,966,253,281,275,324,419,453,227,229,226,300,350,513,1775,277,1498,곰달래로3길
2018,3,A,골목상권,1000509,3176,1630,1546,482,406,489,522,564,713,244,205,267,286,286,342,238,201,222,236,278,371,1342,101,1241,곰달래로2길
2018,3,A,골목상권,1000508,3433,1763,1670,452,417,581,556,601,826,227,238,303,289,309,397,225,179,278,267,292,429,1645,14,1631,곰달래로10길
2018,3,A,골목상권,1000507,2356,1293,1063,217,303,247,394,498,697,110,159,149,235,302,338,107,144,98,159,196,359,1315,0,1315,가로공원로58길
2018,3,A,골목상권,1000506,3035,1454,1581,351,483,405,512,573,711,165,242,211,241,280,315,186,241,194,271,293,396,1390,50,1340,효창원로93길
2018,3,A,골목상권,1000505,2638,1272,1366,653,266,394,632,338,355,316,126,172,328,171,159,337,140,222,304,167,196,962,837,125,토정로37길
2018,3,A,골목상권,1000504,1621,721,900,154,292,380,278,196,321,79,121,168,128,89,136,75,171,212,150,107,185,864,0,864,월드컵로8길
2018,3,A,골목상권,1000503,1846,838,1008,209,335,455,267,256,324,106,135,208,120,126,143,103,200,247,147,130,181,965,0,965,월드컵로7길
2018,3,A,골목상권,1000502,3860,1728,2132,455,757,766,652,520,710,223,276,340,325,249,315,232,481,426,327,271,395,2078,155,1923,월드컵로36길
2018,3,A,골목상권,1000501,3111,1491,1620,490,468,546,561,412,634,244,225,263,279,213,267,246,243,283,282,199,367,1311,278,1033,월드컵로25길
2018,3,A,골목상권,1000500,1661,774,887,169,307,309,271,222,383,84,146,152,135,110,147,85,161,157,136,112,236,878,0,878,월드컵로19길
2018,3,A,골목상권,1000499,2475,1143,1332,302,434,535,406,340,458,154,187,245,184,172,201,148,247,290,222,168,257,1218,31,1187,월드컵로16길
2018,3,A,골목상권,1000498,2412,1118,1294,259,424,548,366,311,504,130,184,254,188,153,209,129,240,294,178,158,295,1295,18,1277,월드컵로11길
2018,3,A,골목상권,1000497,4125,1929,2196,474,669,696,718,692,876,237,300,307,338,346,401,237,369,389,380,346,475,1996,16,1980,월드컵로10길
2018,3,A,골목상권,1000496,1774,837,937,145,357,428,248,254,342,73,158,218,124,120,144,72,199,210,124,134,198,988,0,988,와우산로3길
2018,3,A,골목상권,1000495,804,373,431,77,146,184,139,98,160,38,63,87,71,42,72,39,83,97,68,56,88,454,48,406,와우산로29길
2018,3,A,골목상권,1000494,512,240,272,24,197,126,52,44,69,14,91,60,24,22,29,10,106,66,28,22,40,357,0,357,와우산로29가길
2018,3,A,골목상권,1000493,1341,623,718,117,202,311,210,190,311,69,91,155,110,77,121,48,111,156,100,113,190,714,12,702,양화진길
2018,3,A,골목상권,1000492,2672,1223,1449,325,474,557,441,339,536,151,206,268,218,153,227,174,268,289,223,186,309,1280,35,1245,양화로1길
2018,3,A,골목상권,1000491,755,326,429,79,142,182,116,82,154,40,55,78,50,38,65,39,87,104,66,44,89,400,0,400,양화로11길
2018,3,A,골목상권,1000490,535,257,278,41,60,58,66,106,204,19,27,34,41,49,87,22,33,24,25,57,117,333,0,333,신촌로30길
2018,3,A,골목상권,1000489,245,131,114,16,27,31,31,64,76,7,13,17,19,39,36,9,14,14,12,25,40,157,0,157,신촌로28가길
2018,3,A,골목상권,1000488,1931,931,1000,105,564,445,235,218,364,58,277,227,114,99,156,47,287,218,121,119,208,1315,0,1315,신촌로12길
2018,3,A,골목상권,1000487,2839,1419,1420,323,416,338,437,501,824,173,219,184,227,256,360,150,197,154,210,245,464,1481,22,1459,숭문길
2018,3,A,골목상권,1000486,525,249,276,81,58,119,90,57,120,36,29,62,51,24,47,45,29,57,39,33,73,239,208,31,숭문8길
2018,3,A,골목상권,1000485,1036,474,562,100,197,242,126,149,222,52,78,123,66,66,89,48,119,119,60,83,133,540,0,540,성지3길
2018,3,A,골목상권,1000484,3288,1597,1691,436,486,573,555,520,718,221,227,282,283,259,325,215,259,291,272,261,393,1590,0,1590,성산로4길
2018,3,A,골목상권,1000483,1188,538,650,86,252,317,157,170,206,49,104,143,78,81,83,37,148,174,79,89,123,679,0,679,성미산로32길
2018,3,A,골목상권,1000482,3191,1489,1702,468,470,606,612,433,602,255,220,273,276,203,262,213,250,333,336,230,340,1458,0,1458,성미산로1길
2018,3,A,골목상권,1000481,3705,1787,1918,511,538,722,684,517,733,280,262,346,331,253,315,231,276,376,353,264,418,1674,0,1674,성미산로11길
2018,3,A,골목상권,1000480,1706,827,879,243,235,299,303,227,399,122,112,140,165,114,174,121,123,159,138,113,225,830,250,580,백범로16길
2018,3,A,골목상권,1000479,5435,2623,2812,916,708,965,967,790,1089,443,354,446,504,391,485,473,354,519,463,399,604,2259,620,1639,방울내로9안길
2018,3,A,골목상권,1000478,2040,1008,1032,296,328,292,358,319,447,163,162,156,186,154,187,133,166,136,172,165,260,913,86,827,모래내로7길
2018,3,A,골목상권,1000477,2881,1469,1412,354,518,583,430,391,605,187,229,319,243,219,272,167,289,264,187,172,333,1584,0,1584,매봉산로2길
2018,3,A,골목상권,1000476,4436,2110,2326,603,662,898,723,641,909,310,315,431,356,307,391,293,347,467,367,334,518,2115,162,1953,망원로2길
2018,3,A,골목상권,1000475,2222,1048,1174,345,333,326,398,328,492,164,149,170,199,165,201,181,184,156,199,163,291,956,174,782,망원로11길
2018,3,A,골목상권,1000474,2738,1312,1426,302,452,510,449,395,630,161,183,267,238,199,264,141,269,243,211,196,366,1473,33,1440,만리재옛길
2018,3,A,골목상권,1000473,833,388,445,98,131,188,119,117,180,51,64,90,59,56,68,47,67,98,60,61,112,415,191,224,마포대로4길
2018,3,A,골목상권,1000472,2124,1028,1096,272,330,459,362,318,383,138,153,205,190,167,175,134,177,254,172,151,208,1173,215,958,마포대로20길
2018,3,A,골목상권,1000471,857,393,464,72,154,276,132,80,143,42,52,127,66,43,63,30,102,149,66,37,80,578,43,535,마포대로12길
2018,3,A,골목상권,1000470,1196,595,601,65,300,305,154,126,246,38,147,153,88,72,97,27,153,152,66,54,149,775,0,775,동교로38길
2018,3,A,골목상권,1000469,2490,1136,1354,259,544,584,380,257,466,121,251,260,174,118,212,138,293,324,206,139,254,1393,0,1393,동교로27길
2018,3,A,골목상권,1000468,1289,576,713,115,293,299,179,174,229,49,125,128,88,81,105,66,168,171,91,93,124,702,0,702,동교로25길
2018,3,A,골목상권,1000467,1819,847,972,206,278,409,360,266,300,100,131,199,172,122,123,106,147,210,188,144,177,968,74,894,동교로19길
2018,3,A,골목상권,1000466,1855,865,990,221,339,423,338,229,305,120,143,193,169,107,133,101,196,230,169,122,172,983,0,983,동교로17길
2018,3,A,골목상권,1000465,1368,619,749,137,272,328,198,184,249,70,115,144,92,88,110,67,157,184,106,96,139,723,92,631,독막로8길
2018,3,A,골목상권,1000464,2824,1379,1445,373,389,467,454,439,702,185,207,239,229,218,301,188,182,228,225,221,401,1299,108,1191,독막로32길
2018,3,A,골목상권,1000463,1047,496,551,170,144,201,197,132,203,92,66,90,89,65,94,78,78,111,108,67,109,455,135,320,독막로22길
2018,3,A,골목상권,1000462,1077,467,610,126,215,238,158,142,198,62,72,99,73,79,82,64,143,139,85,63,116,646,145,501,도화길
2018,3,A,골목상권,1000461,3711,1766,1945,599,397,600,607,611,897,306,201,280,310,296,373,293,196,320,297,315,524,1593,949,644,도화4길
2018,3,A,골목상권,1000460,1478,704,774,83,434,191,183,231,356,34,186,94,97,123,170,49,248,97,86,108,186,1018,0,1018,대흥로28길
2018,3,A,골목상권,1000459,3474,1774,1700,269,797,543,453,539,873,150,432,284,248,298,362,119,365,259,205,241,511,2103,0,2103,대흥로21길
2018,3,A,골목상권,1000458,2038,1088,950,240,518,283,315,287,395,130,322,156,158,157,165,110,196,127,157,130,230,1104,73,1031,광성로6길
2018,3,A,골목상권,1000457,3331,1544,1787,498,415,462,559,494,903,243,204,232,268,234,363,255,211,230,291,260,540,1384,25,1359,홍제내길
2018,3,A,골목상권,1000456,1081,555,526,122,139,147,145,185,343,67,77,79,83,97,152,55,62,68,62,88,191,491,37,454,홍연길
2018,3,A,골목상권,1000455,1591,807,784,182,229,188,236,283,473,106,117,101,133,127,223,76,112,87,103,156,250,743,50,693,통일로39길
2018,3,A,골목상권,1000454,1614,734,880,146,193,201,245,307,522,69,93,99,119,136,218,77,100,102,126,171,304,864,17,847,통일로37길
2018,3,A,골목상권,1000453,293,158,135,21,36,41,30,46,119,12,21,21,18,29,57,9,15,20,12,17,62,198,0,198,통일로11길
2018,3,A,골목상권,1000452,700,372,328,35,115,176,78,116,180,19,59,87,48,71,88,16,56,89,30,45,92,481,109,372,충정로6길
2018,3,A,골목상권,1000451,507,250,257,30,83,125,72,61,136,16,41,57,41,32,63,14,42,68,31,29,73,309,0,309,충정로4길
2018,3,A,골목상권,1000450,3095,1529,1566,381,498,461,463,497,795,202,250,252,237,242,346,179,248,209,226,255,449,1443,11,1432,증가로6길
2018,3,A,골목상권,1000449,5200,2510,2690,721,726,758,820,877,1298,361,357,395,396,424,577,360,369,363,424,453,721,2343,0,2343,증가로23나길
2018,3,A,골목상권,1000448,3598,1782,1816,581,651,463,627,572,704,295,344,250,309,271,313,286,307,213,318,301,391,1506,22,1484,증가로20가길
2018,3,A,골목상권,1000447,3890,1907,1983,389,741,544,566,637,1013,195,350,297,289,310,466,194,391,247,277,327,547,2149,0,2149,증가로10길
2018,3,A,골목상권,1000446,3849,1882,1967,472,466,638,634,620,1019,235,229,321,331,287,479,237,237,317,303,333,540,1826,0,1826,응암로1길
2018,3,A,골목상권,1000445,3282,1790,1492,248,1365,638,322,272,437,141,821,361,155,120,192,107,544,277,167,152,245,2257,0,2257,연희로10길
2018,3,A,골목상권,1000444,786,443,343,54,120,104,122,171,215,30,66,63,70,104,110,24,54,41,52,67,105,471,0,471,신촌로37길
2018,3,A,골목상권,1000443,3696,1790,1906,511,453,603,548,577,1004,248,237,306,279,272,448,263,216,297,269,305,556,1531,270,1261,수색로8길
2018,3,A,골목상권,1000442,2433,1166,1267,244,353,298,334,430,774,126,181,156,171,211,321,118,172,142,163,219,453,1188,0,1188,세무서길
2018,3,A,골목상권,1000441,1452,710,742,163,201,192,231,228,437,82,109,102,119,123,175,81,92,90,112,105,262,702,0,702,세무서2길
2018,3,A,골목상권,1000440,1119,539,580,157,130,122,173,169,368,82,55,58,86,101,157,75,75,64,87,68,211,516,124,392,세검정로1길
2018,3,A,골목상권,1000439,3533,1695,1838,322,528,458,555,632,1038,166,262,263,264,312,428,156,266,195,291,320,610,1882,0,1882,북아현로4길
2018,3,A,골목상권,1000438,10768,5158,5610,2506,1105,1589,2085,1455,2028,1230,555,695,1079,714,885,1276,550,894,1006,741,1143,3696,3660,36,모래내로15길
2018,3,A,골목상권,1000437,2428,1168,1260,308,565,365,339,336,515,160,273,186,157,163,229,148,292,179,182,173,286,1315,0,1315,명지대길
2018,3,A,골목상권,1000436,4205,1958,2247,669,550,643,717,577,1049,319,247,330,364,283,415,350,303,313,353,294,634,1973,285,1688,독립문로8길
2018,3,A,골목상권,1000435,2783,1368,1415,370,373,390,455,409,786,193,187,195,245,218,330,177,186,195,210,191,456,1329,0,1329,가재울로6길
2018,3,A,골목상권,1000434,5809,2892,2917,682,930,972,811,1047,1367,356,474,548,414,480,620,326,456,424,397,567,747,2648,21,2627,통일로92길
2018,3,A,골목상권,1000433,1790,861,929,224,282,308,290,249,437,110,131,166,146,121,187,114,151,142,144,128,250,835,38,797,통일로87길
2018,3,A,골목상권,1000432,4468,2136,2332,543,671,733,668,746,1107,280,348,377,313,338,480,263,323,356,355,408,627,2024,24,2000,통일로78길
2018,3,A,골목상권,1000431,1759,840,919,236,239,254,280,286,464,122,113,132,143,135,195,114,126,122,137,151,269,739,0,739,통일로69길
2018,3,A,골목상권,1000430,4204,2027,2177,688,546,653,717,681,919,354,269,316,357,326,405,334,277,337,360,355,514,1678,38,1640,진흥로1길
2018,3,A,골목상권,1000429,5798,2823,2975,670,777,930,909,962,1550,344,392,491,484,453,659,326,385,439,425,509,891,2840,0,2840,진흥로12길
2018,3,A,골목상권,1000428,831,433,398,118,98,114,124,139,238,60,61,61,74,69,108,58,37,53,50,70,130,349,109,240,증산서길
2018,3,A,골목상권,1000427,2755,1333,1422,377,364,403,424,457,730,190,178,209,215,208,333,187,186,194,209,249,397,1152,37,1115,증산로9길
2018,3,A,골목상권,1000426,2760,1336,1424,373,346,335,422,463,821,184,185,161,211,218,377,189,161,174,211,245,444,1224,80,1144,증산로5길
2018,3,A,골목상권,1000425,5299,2571,2728,724,771,885,831,830,1258,368,393,461,412,375,562,356,378,424,419,455,696,2271,156,2115,증산로21길
2018,3,A,골목상권,1000424,2071,992,1079,259,280,319,317,325,571,127,136,166,163,150,250,132,144,153,154,175,321,934,59,875,증산로17길
2018,3,A,골목상권,1000423,2536,1264,1272,321,305,368,414,422,706,167,153,190,225,216,313,154,152,178,189,206,393,1159,152,1007,증산로15길
2018,3,A,골목상권,1000422,2004,1013,991,210,268,238,286,414,588,104,135,126,152,213,283,106,133,112,134,201,305,931,0,931,증산로13길
2018,3,A,골목상권,1000421,2858,1400,1458,483,356,424,501,445,649,259,176,204,262,211,288,224,180,220,239,234,361,1198,0,1198,응암로34길
2018,3,A,골목상권,1000420,1894,910,984,226,229,218,288,340,593,113,128,106,152,166,245,113,101,112,136,174,348,917,20,897,응암로22길
2018,3,A,골목상권,1000419,2556,1293,1263,349,301,404,431,406,665,188,166,205,227,225,282,161,135,199,204,181,383,1151,0,1151,응암로14길
2018,3,A,골목상권,1000418,1783,874,909,181,262,304,287,266,483,95,126,162,142,139,210,86,136,142,145,127,273,953,0,953,응암로13길
2018,3,A,골목상권,1000417,1520,761,759,176,191,149,228,275,501,95,106,83,121,126,230,81,85,66,107,149,271,736,0,736,응암로12길
2018,3,A,골목상권,1000416,3481,1677,1804,623,443,675,630,435,675,322,220,314,321,203,297,301,223,361,309,232,378,1555,104,1451,은평로8길
2018,3,A,골목상권,1000415,2341,1089,1252,365,308,382,403,354,529,185,147,188,196,158,215,180,161,194,207,196,314,1003,0,1003,은평로3길
2018,3,A,골목상권,1000414,300,146,154,26,40,33,47,65,89,15,24,16,24,32,35,11,16,17,23,33,54,141,0,141,은평로20길
2018,3,A,골목상권,1000413,3208,1531,1677,478,371,490,548,516,805,238,183,245,252,248,365,240,188,245,296,268,440,1374,0,1374,은평로13길
2018,3,A,골목상권,1000412,2925,1440,1485,455,366,406,504,482,712,253,187,218,254,225,303,202,179,188,250,257,409,1226,64,1162,은평로10길
2018,3,A,골목상권,1000411,2880,1350,1530,478,408,464,495,460,575,236,171,243,235,212,253,242,237,221,260,248,322,1178,60,1118,연서로5길
2018,3,A,골목상권,1000410,4012,1952,2060,496,498,535,680,695,1108,249,256,267,359,328,493,247,242,268,321,367,615,1889,44,1845,연서로41길
2018,3,A,골목상권,1000409,3671,1725,1946,636,505,637,587,544,762,311,242,296,301,249,326,325,263,341,286,295,436,1508,29,1479,연서로3길
2018,3,A,골목상권,1000408,2920,1377,1543,376,391,466,399,481,807,183,196,246,201,215,336,193,195,220,198,266,471,1303,0,1303,연서로34길
2018,3,A,골목상권,1000407,2119,1035,1084,212,286,288,288,349,696,108,148,163,141,164,311,104,138,125,147,185,385,1011,0,1011,연서로33길
2018,3,A,골목상권,1000406,1037,484,553,116,176,209,159,150,227,60,71,108,76,68,101,56,105,101,83,82,126,504,0,504,연서로29길
2018,3,A,골목상권,1000405,3677,1748,1929,384,651,653,541,568,880,179,312,340,266,265,386,205,339,313,275,303,494,1925,28,1897,연서로28길
2018,3,A,골목상권,1000404,2995,1394,1601,354,458,462,492,506,723,174,210,237,234,234,305,180,248,225,258,272,418,1441,0,1441,연서로27길
2018,3,A,골목상권,1000403,4329,2041,2288,707,600,715,758,635,914,351,285,363,357,285,400,356,315,352,401,350,514,1788,0,1788,연서로21길
2018,3,A,골목상권,1000402,2300,1098,1202,315,337,348,376,409,515,150,159,179,177,195,238,165,178,169,199,214,277,992,0,992,연서로17길
2018,3,A,골목상권,1000401,4580,2136,2444,665,611,681,779,767,1077,324,283,332,376,349,472,341,328,349,403,418,605,1954,19,1935,연서로16길
2018,3,A,골목상권,1000400,3940,1864,2076,594,579,594,666,648,859,292,267,306,312,308,379,302,312,288,354,340,480,1595,0,1595,연서로13길
2018,3,A,골목상권,1000399,3864,1843,2021,664,533,655,629,606,777,331,249,328,291,290,354,333,284,327,338,316,423,1464,31,1433,연서로11길
2018,3,A,골목상권,1000398,5655,2722,2933,800,732,904,950,908,1361,387,360,466,485,432,592,413,372,438,465,476,769,2550,0,2550,역말로9길
2018,3,A,골목상권,1000397,1163,580,583,123,145,123,181,219,372,70,74,68,98,116,154,53,71,55,83,103,218,573,24,549,수색로18길
2018,3,A,골목상권,1000396,2686,1257,1429,303,375,405,400,451,752,146,179,194,204,228,306,157,196,211,196,223,446,1335,0,1335,서오릉로8길
2018,3,A,골목상권,1000395,3943,1890,2053,602,530,567,623,640,981,289,278,298,300,286,439,313,252,269,323,354,542,1559,246,1313,서오릉로21길
2018,3,A,골목상권,1000394,5224,2531,2693,617,682,792,857,865,1411,305,346,422,444,431,583,312,336,370,413,434,828,2629,36,2593,불광천길
2018,3,A,골목상권,1000393,2585,1243,1342,394,338,366,448,436,603,216,175,165,222,194,271,178,163,201,226,242,332,1034,18,1016,갈현로7길
2018,3,A,골목상권,1000392,3092,1515,1577,354,421,368,490,570,889,188,240,192,239,276,380,166,181,176,251,294,509,1485,0,1485,갈현로41길
2018,3,A,골목상권,1000391,3815,1860,1955,638,589,556,615,629,788,334,307,295,273,291,360,304,282,261,342,338,428,1577,193,1384,갈현로33길
2018,3,A,골목상권,1000390,2472,1188,1284,406,334,412,420,397,503,198,160,214,201,203,212,208,174,198,219,194,291,959,160,799,갈현로1길
2018,3,A,골목상권,1000389,3590,1800,1790,489,480,457,540,651,973,274,254,258,254,324,436,215,226,199,286,327,537,1611,0,1611,가좌로7길
2018,3,A,골목상권,1000388,3857,1937,1920,471,521,430,627,660,1148,230,293,251,319,329,515,241,228,179,308,331,633,1857,0,1857,한글비석로44길
2018,3,A,골목상권,1000387,2414,1219,1195,258,346,300,315,453,742,129,189,177,159,229,336,129,157,123,156,224,406,1181,0,1181,한글비석로24길
2018,3,A,골목상권,1000386,1820,933,887,320,252,201,309,320,418,156,134,101,159,170,213,164,118,100,150,150,205,703,439,264,한글비석로22길
2018,3,A,골목상권,1000385,2356,1204,1152,292,306,296,388,371,703,152,162,164,202,197,327,140,144,132,186,174,376,1089,254,835,석계로1길
2018,3,A,골목상권,1000384,2563,1334,1229,298,355,324,387,450,749,166,183,188,202,242,353,132,172,136,185,208,396,1298,0,1298,상계로9가길
2018,3,A,골목상권,1000383,1205,606,599,200,182,183,202,206,232,103,97,94,99,96,117,97,85,89,103,110,115,451,186,265,상계로1길
2018,3,A,골목상권,1000382,3506,1729,1777,416,621,410,521,643,895,212,308,239,261,310,399,204,313,171,260,333,496,1637,253,1384,상계로12길
2018,3,A,골목상권,1000381,2535,1242,1293,326,411,318,331,453,696,173,215,160,162,217,315,153,196,158,169,236,381,1048,75,973,동일로242길
2018,3,A,골목상권,1000380,2869,1502,1367,266,907,409,309,379,599,132,485,224,172,198,291,134,422,185,137,181,308,1726,62,1664,동일로192길
2018,3,A,골목상권,1000379,3635,1832,1803,542,543,590,547,584,829,284,273,309,299,265,402,258,270,281,248,319,427,1497,427,1070,동일로173가길
2018,3,A,골목상권,1000378,1538,760,778,259,334,162,221,273,289,139,177,79,96,127,142,120,157,83,125,146,147,677,17,660,공릉로58길
2018,3,A,골목상권,1000377,2291,1096,1195,319,364,314,349,448,497,160,179,162,158,203,234,159,185,152,191,245,263,955,326,629,해등로16길
2018,3,A,골목상권,1000376,2317,1163,1154,331,328,280,338,438,602,178,180,145,156,233,271,153,148,135,182,205,331,1034,65,969,우이천로4다길
2018,3,A,골목상권,1000375,3028,1453,1575,495,389,429,507,477,731,245,200,213,246,229,320,250,189,216,261,248,411,1237,265,972,우이천로32길
2018,3,A,골목상권,1000374,3585,1840,1745,387,497,391,550,712,1048,217,268,211,297,352,495,170,229,180,253,360,553,1677,0,1677,시루봉로23길
2018,3,A,골목상권,1000373,987,460,527,135,179,133,150,137,253,79,55,66,74,68,118,56,124,67,76,69,135,506,0,506,삼양로144길
2018,3,A,골목상권,1000372,2183,1093,1090,241,313,254,337,458,580,120,163,137,176,236,261,121,150,117,161,222,319,1027,34,993,방학로6가길
2018,3,A,골목상권,1000371,3775,1897,1878,504,509,533,517,676,1036,273,257,297,275,330,465,231,252,236,242,346,571,1713,40,1673,방학로5길
2018,3,A,골목상권,1000370,3880,1924,1956,819,506,443,712,675,725,411,279,226,321,336,351,408,227,217,391,339,374,1199,1093,106,방학로15길
2018,3,A,골목상권,1000369,1983,980,1003,279,267,265,309,373,490,145,146,143,146,181,219,134,121,122,163,192,271,822,0,822,방학로10길
2018,3,A,골목상권,1000368,1732,894,838,173,234,206,253,321,545,88,131,110,142,169,254,85,103,96,111,152,291,775,173,602,도봉산길
2018,3,A,골목상권,1000367,386,199,187,20,47,53,48,87,131,11,27,32,29,47,53,9,20,21,19,40,78,213,0,213,도봉산4길
2018,3,A,골목상권,1000366,1991,1013,978,230,249,237,276,354,645,118,141,144,144,171,295,112,108,93,132,183,350,879,0,879,도봉로181길
2018,3,A,골목상권,1000365,3042,1536,1506,313,313,436,444,537,999,163,149,243,244,261,476,150,164,193,200,276,523,1465,251,1214,도봉로169나길
2018,3,A,골목상권,1000364,1410,761,649,138,164,166,204,283,455,59,90,96,127,160,229,79,74,70,77,123,226,719,0,719,도봉로156길
2018,3,A,골목상권,1000363,709,380,329,46,92,84,68,164,255,24,60,51,39,87,119,22,32,33,29,77,136,385,0,385,도봉로152가길
2018,3,A,골목상권,1000362,3529,1736,1793,408,478,437,503,680,1023,206,237,211,273,355,454,202,241,226,230,325,569,1767,0,1767,도봉로147길
2018,3,A,골목상권,1000361,1783,882,901,207,256,209,262,339,510,111,129,106,133,158,245,96,127,103,129,181,265,779,89,690,도봉로143길
2018,3,A,골목상권,1000360,4907,2347,2560,445,791,728,770,890,1283,206,386,373,389,430,563,239,405,355,381,460,720,2558,155,2403,도봉로114길
2018,3,A,골목상권,1000359,2322,1139,1183,268,342,399,348,359,606,131,179,206,180,171,272,137,163,193,168,188,334,1111,179,932,도봉로109길
2018,3,A,골목상권,1000358,2876,1448,1428,301,389,355,452,501,878,147,200,186,238,258,419,154,189,169,214,243,459,1386,0,1386,도당로29길
2018,3,A,골목상권,1000357,3945,2041,1904,487,530,425,643,696,1164,261,280,229,341,392,538,226,250,196,302,304,626,1842,0,1842,도당로19길
2018,3,A,골목상권,1000356,3533,1781,1752,524,490,447,555,660,857,279,262,247,270,336,387,245,228,200,285,324,470,1523,0,1523,도당로13바길
2018,3,A,골목상권,1000355,1647,853,794,162,209,203,258,330,485,93,110,118,137,165,230,69,99,85,121,165,255,779,0,779,도당로13가길
2018,3,A,골목상권,1000354,2402,1183,1219,330,356,329,337,437,613,171,180,178,173,206,275,159,176,151,164,231,338,1090,0,1090,덕릉로60길
2018,3,A,골목상권,1000353,1901,943,958,269,257,275,279,344,477,150,122,137,144,157,233,119,135,138,135,187,244,760,380,380,노해로63다길
2018,3,A,골목상권,1000352,1805,878,927,149,325,341,256,315,419,81,135,174,134,150,204,68,190,167,122,165,215,984,124,860,노해로60길
2018,3,A,골목상권,1000351,1744,848,896,132,358,306,229,301,418,75,167,170,113,149,174,57,191,136,116,152,244,1011,0,1011,한천로140길
2018,3,A,골목상권,1000350,1554,733,821,137,300,254,204,241,418,62,139,129,107,105,191,75,161,125,97,136,227,844,0,844,한천로139가길
2018,3,A,골목상권,1000349,1800,874,926,187,333,325,283,251,421,93,156,168,138,120,199,94,177,157,145,131,222,992,0,992,한천로132길
2018,3,A,골목상권,1000348,3180,1606,1574,384,501,458,529,557,751,227,259,230,268,289,333,157,242,228,261,268,418,1599,0,1599,한천로130길
2018,3,A,골목상권,1000347,2175,1067,1108,231,329,330,346,370,569,119,145,175,191,202,235,112,184,155,155,168,334,1186,0,1186,한천로124나길
2018,3,A,골목상권,1000346,2969,1433,1536,522,398,372,503,490,684,270,196,184,240,211,332,252,202,188,263,279,352,1034,587,447,한천로109길
2018,3,A,골목상권,1000345,2706,1365,1341,363,333,321,435,505,749,185,170,181,223,253,353,178,163,140,212,252,396,1270,0,1270,인수봉로79길
2018,3,A,골목상권,1000344,3897,1864,2033,564,507,554,529,661,1082,263,261,299,250,305,486,301,246,255,279,356,596,1546,329,1217,인수봉로72길
2018,3,A,골목상권,1000343,1891,905,986,269,281,241,300,311,489,134,141,129,160,133,208,135,140,112,140,178,281,828,0,828,인수봉로56길
2018,3,A,골목상권,1000342,2093,1048,1045,172,358,390,356,356,461,90,161,209,186,189,213,82,197,181,170,167,248,1215,29,1186,오패산로67길
2018,3,A,골목상권,1000341,2865,1419,1446,351,398,375,409,496,836,184,218,207,218,225,367,167,180,168,191,271,469,1269,0,1269,오패산로52길
2018,3,A,골목상권,1000340,1436,697,739,201,221,190,224,218,382,105,108,99,114,105,166,96,113,91,110,113,216,662,0,662,오패산로30길
2018,3,A,골목상권,1000339,3320,1621,1699,335,612,544,485,516,828,170,272,293,264,251,371,165,340,251,221,265,457,1769,20,1749,수유로12길
2018,3,A,골목상권,1000338,2969,1459,1510,374,427,427,451,543,747,189,209,228,228,258,347,185,218,199,223,285,400,1308,0,1308,솔샘로65길
2018,3,A,골목상권,1000337,2322,1073,1249,280,335,340,394,412,561,147,154,182,186,166,238,133,181,158,208,246,323,1082,0,1082,솔매로50길
2018,3,A,골목상권,1000336,2055,991,1064,212,328,273,294,380,568,120,136,142,150,187,256,92,192,131,144,193,312,1056,0,1056,솔매로45길
2018,3,A,골목상권,1000335,3265,1604,1661,354,480,458,472,608,893,185,246,254,234,294,391,169,234,204,238,314,502,1572,0,1572,솔매로41길
2018,3,A,골목상권,1000334,3217,1592,1625,469,425,416,493,552,862,254,213,227,250,259,389,215,212,189,243,293,473,1395,0,1395,삼양로93길
2018,3,A,골목상권,1000333,3107,1592,1515,399,394,447,443,532,892,209,229,241,236,270,407,190,165,206,207,262,485,1373,0,1373,삼양로77길
2018,3,A,골목상권,1000332,3738,1844,1894,430,523,557,563,680,985,226,251,293,293,346,435,204,272,264,270,334,550,1778,0,1778,삼양로54길
2018,3,A,골목상권,1000331,4241,2140,2101,448,559,478,616,830,1310,231,289,270,334,446,570,217,270,208,282,384,740,2078,0,2078,삼양로41길
2018,3,A,골목상권,1000330,1338,660,678,297,138,216,283,194,210,157,72,100,140,97,94,140,66,116,143,97,116,481,388,93,삼양로27길
2018,3,A,골목상권,1000329,2913,1451,1462,273,303,347,402,565,1023,132,162,194,212,284,467,141,141,153,190,281,556,1540,90,1450,삼양로24길
2018,3,A,골목상권,1000328,2154,1095,1059,245,320,220,318,426,625,130,184,122,169,213,277,115,136,98,149,213,348,1040,0,1040,삼양로20길
2018,3,A,골목상권,1000327,3903,1898,2005,408,678,679,535,660,943,210,339,356,266,308,419,198,339,323,269,352,524,1835,0,1835,삼각산로28길
2018,3,A,골목상권,1000326,2328,1151,1177,216,430,366,338,419,559,107,223,201,173,208,239,109,207,165,165,211,320,1175,0,1175,도봉로99길
2018,3,A,골목상권,1000325,245,125,120,16,25,43,43,51,67,8,13,25,26,28,25,8,12,18,17,23,42,147,0,147,도봉로8길
2018,3,A,골목상권,1000324,3422,1536,1886,304,703,555,468,543,849,128,227,294,236,264,387,176,476,261,232,279,462,1997,86,1911,도봉로76길
2018,3,A,골목상권,1000323,1670,822,848,166,238,251,207,280,528,91,112,143,106,132,238,75,126,108,101,148,290,861,0,861,도봉로67길
2018,3,A,골목상권,1000322,3389,1643,1746,379,534,524,549,559,844,185,246,284,286,247,395,194,288,240,263,312,449,1699,0,1699,도봉로45길
2018,3,A,골목상권,1000321,3009,1497,1512,343,365,431,448,562,860,178,181,255,228,271,384,165,184,176,220,291,476,1358,0,1358,도봉로18길
2018,3,A,골목상권,1000320,1686,844,842,170,249,213,233,322,499,86,145,124,118,154,217,84,104,89,115,168,282,801,0,801,도봉로13길
2018,3,A,골목상권,1000319,2351,1125,1226,176,479,418,346,356,576,86,214,220,178,165,262,90,265,198,168,191,314,1330,0,1330,덕릉로41길
2018,3,A,골목상권,1000318,2163,1086,1077,303,313,309,351,371,516,170,141,153,194,187,241,133,172,156,157,184,275,931,0,931,덕릉로40길
2018,3,A,골목상권,1000317,2631,1282,1349,320,353,381,401,454,722,173,195,203,197,212,302,147,158,178,204,242,420,1177,0,1177,노해로33길
2018,3,A,골목상권,1000316,1393,677,716,202,188,196,235,239,333,101,99,109,120,95,153,101,89,87,115,144,180,593,0,593,노해로23길
2018,3,A,골목상권,1000315,2605,1301,1304,291,417,366,407,468,656,143,210,208,219,229,292,148,207,158,188,239,364,1201,0,1201,노해로17길
2018,3,A,골목상권,1000314,2120,1084,1036,251,281,310,373,397,508,130,140,170,195,211,238,121,141,140,178,186,270,1085,0,1085,화랑로40길
2018,3,A,골목상권,1000313,3324,1654,1670,363,521,423,517,575,925,201,264,218,274,282,415,162,257,205,243,293,510,1641,0,1641,화랑로32길
2018,3,A,골목상권,1000312,2863,1453,1410,362,347,417,474,460,803,198,166,224,265,236,364,164,181,193,209,224,439,1280,41,1239,화랑로1길
2018,3,A,골목상권,1000311,2341,1193,1148,291,298,259,365,444,684,155,163,138,189,224,324,136,135,121,176,220,360,1018,0,1018,화랑로19길
2018,3,A,골목상권,1000310,1348,682,666,140,295,194,190,217,312,70,161,108,106,105,132,70,134,86,84,112,180,685,0,685,화랑로14길
2018,3,A,골목상권,1000309,1293,575,718,139,334,193,155,183,289,68,109,99,75,89,135,71,225,94,80,94,154,689,0,689,화랑로13길
2018,3,A,골목상권,1000308,2204,1089,1115,259,328,299,326,419,573,127,172,151,171,197,271,132,156,148,155,222,302,1003,115,888,한천로76길
2018,3,A,골목상권,1000307,1192,602,590,263,128,154,227,200,220,122,73,81,110,110,106,141,55,73,117,90,114,430,207,223,한천로101가길
2018,3,A,골목상권,1000306,1284,572,712,127,314,247,175,182,239,57,142,108,85,86,94,70,172,139,90,96,145,750,0,750,창경궁로43길
2018,3,A,골목상권,1000305,2609,1313,1296,268,466,425,413,420,617,139,237,241,221,203,272,129,229,184,192,217,345,1314,0,1314,지봉로20길
2018,3,A,골목상권,1000304,2331,1272,1059,226,731,420,252,256,446,105,448,251,135,141,192,121,283,169,117,115,254,1414,85,1329,종암로5길
2018,3,A,골목상권,1000303,2241,1107,1134,391,247,413,354,318,518,199,139,204,181,163,221,192,108,209,173,155,297,919,454,465,종암로24가길
2018,3,A,골목상권,1000302,1731,849,882,290,265,272,298,255,351,149,133,131,155,125,156,141,132,141,143,130,195,727,212,515,종암로21길
2018,3,A,골목상권,1000301,1896,930,966,261,282,272,301,317,463,123,157,143,144,154,209,138,125,129,157,163,254,820,163,657,종암로19길
2018,3,A,골목상권,1000300,3308,1591,1717,364,413,408,460,569,1094,221,211,209,210,284,456,143,202,199,250,285,638,1787,83,1704,종암로16길
2018,3,A,골목상권,1000299,1819,957,862,202,393,257,226,261,480,113,231,147,123,139,204,89,162,110,103,122,276,990,65,925,정릉로8길
2018,3,A,골목상권,1000298,3481,1714,1767,515,443,477,547,546,953,278,240,254,256,275,411,237,203,223,291,271,542,1470,0,1470,정릉로27길
2018,3,A,골목상권,1000297,1890,924,966,285,193,240,343,290,539,148,104,117,171,146,238,137,89,123,172,144,301,836,0,836,정릉로26길
2018,3,A,골목상권,1000296,290,162,128,15,39,25,47,76,88,4,23,13,29,45,48,11,16,12,18,31,40,176,0,176,장위로50길
2018,3,A,골목상권,1000295,2071,959,1112,215,457,282,265,309,543,103,166,152,144,158,236,112,291,130,121,151,307,1114,269,845,장월로1길
2018,3,A,골목상권,1000294,984,491,493,155,132,163,183,137,214,78,74,79,91,69,100,77,58,84,92,68,114,435,0,435,인촌로6길
2018,3,A,골목상권,1000293,1491,644,847,120,497,254,174,165,281,59,177,123,79,83,123,61,320,131,95,82,158,924,0,924,인촌로5길
2018,3,A,골목상권,1000292,705,406,299,45,282,113,71,70,124,21,168,74,44,38,61,24,114,39,27,32,63,506,0,506,인촌로24길
2018,3,A,골목상권,1000291,994,495,499,64,537,132,67,63,131,35,268,75,34,32,51,29,269,57,33,31,80,763,0,763,개운사길
2018,3,A,골목상권,1000290,1033,505,528,77,228,181,137,158,252,35,103,93,79,83,112,42,125,88,58,75,140,626,0,626,인촌로1길
2018,3,A,골목상권,1000289,1628,818,810,147,536,243,221,185,296,80,291,117,108,90,132,67,245,126,113,95,164,978,0,978,인촌로17가길
2018,3,A,골목상권,1000288,3012,1452,1560,327,601,400,432,485,767,145,261,217,236,245,348,182,340,183,196,240,419,1482,0,1482,오패산로4길
2018,3,A,골목상권,1000287,3356,1646,1710,460,394,445,474,562,1021,224,206,245,258,257,456,236,188,200,216,305,565,1450,345,1105,오패산로3길
2018,3,A,골목상권,1000286,1679,830,849,165,215,203,253,311,532,83,115,100,131,162,239,82,100,103,122,149,293,830,0,830,오패산로19길
2018,3,A,골목상권,1000285,2238,1110,1128,251,428,384,375,351,449,133,220,207,191,176,183,118,208,177,184,175,266,1153,0,1153,안암로5길
2018,3,A,골목상권,1000284,3122,1373,1749,279,831,641,376,364,631,139,317,298,173,177,269,140,514,343,203,187,362,1808,0,1808,아리랑로4길
2018,3,A,골목상권,1000283,1897,943,954,253,316,261,251,292,524,135,169,135,122,156,226,118,147,126,129,136,298,833,0,833,솔샘로6길
2018,3,A,골목상권,1000282,1629,795,834,276,229,251,279,260,334,144,117,122,135,129,148,132,112,129,144,131,186,634,96,538,성북로8길
2018,3,A,골목상권,1000281,780,372,408,87,94,99,122,124,254,43,44,52,64,65,104,44,50,47,58,59,150,390,0,390,삼양로8길
2018,3,A,골목상권,1000280,1805,914,891,237,268,249,274,307,470,125,149,140,141,154,205,112,119,109,133,153,265,871,0,871,삼선교로16가길
2018,3,A,골목상권,1000279,2234,1113,1121,222,423,331,328,354,576,114,227,179,172,168,253,108,196,152,156,186,323,1161,0,1161,삼선교로10다길
2018,3,A,골목상권,1000278,2364,1112,1252,258,501,382,324,336,563,132,249,192,154,145,240,126,252,190,170,191,323,1212,0,1212,삼선교로10길
2018,3,A,골목상권,1000277,1284,443,841,70,503,301,127,105,178,31,106,134,54,42,76,39,397,167,73,63,102,915,0,915,보문로32길
2018,3,A,골목상권,1000276,2899,1321,1578,342,618,529,416,384,610,176,263,253,200,179,250,166,355,276,216,205,360,1565,0,1565,보문로31길
2018,3,A,골목상권,1000275,1306,626,680,119,387,215,159,170,256,65,186,116,78,86,95,54,201,99,81,84,161,779,0,779,보문로26길
2018,3,A,골목상권,1000274,2554,1233,1321,242,426,387,416,450,633,127,202,209,206,204,285,115,224,178,210,246,348,1333,0,1333,보문로13길
2018,3,A,골목상권,1000273,2972,1462,1510,442,408,435,468,475,744,234,210,222,246,228,322,208,198,213,222,247,422,1243,0,1243,보국문로16길
2018,3,A,골목상권,1000272,278,132,146,28,35,35,36,52,92,16,17,18,18,27,36,12,18,17,18,25,56,145,0,145,동소문로6길
2018,3,A,골목상권,1000271,385,197,188,37,61,43,57,64,123,22,31,25,31,31,57,15,30,18,26,33,66,216,0,216,동소문로2길
2018,3,A,골목상권,1000270,2304,923,1381,149,700,409,295,239,512,63,200,182,145,111,222,86,500,227,150,128,290,1548,0,1548,동소문로26가길
2018,3,A,골목상권,1000269,1078,459,619,124,278,195,149,128,204,65,96,91,68,58,81,59,182,104,81,70,123,604,0,604,동소문로15길
2018,3,A,골목상권,1000268,2933,1327,1606,472,555,403,462,445,596,232,229,189,213,209,255,240,326,214,249,236,341,1302,394,908,동소문로13길
2018,3,A,골목상권,1000267,1343,685,658,145,164,162,171,264,437,76,89,85,100,134,201,69,75,77,71,130,236,630,0,630,돌곶이로8길
2018,3,A,골목상권,1000266,1932,985,947,266,239,264,311,342,510,148,124,154,154,175,230,118,115,110,157,167,280,838,0,838,돌곶이로41길
2018,3,A,골목상권,1000265,1116,607,509,130,136,133,180,222,315,72,68,69,102,130,166,58,68,64,78,92,149,526,96,430,돌곶이로28길
2018,3,A,골목상권,1000264,2985,1508,1477,331,370,349,468,572,895,168,207,185,240,297,411,163,163,164,228,275,484,1368,0,1368,돌곶이로27길
2018,3,A,골목상권,1000263,1174,588,586,139,187,160,178,207,303,67,88,93,86,99,155,72,99,67,92,108,148,605,0,605,돌곶이로22길
2018,3,A,골목상권,1000262,1412,687,725,186,188,171,215,253,399,104,80,81,110,133,179,82,108,90,105,120,220,631,0,631,돌곶이로14길
2018,3,A,골목상권,1000261,282,145,137,15,22,27,33,44,141,8,11,16,19,25,66,7,11,11,14,19,75,176,0,176,길음로7길
2018,3,A,골목상권,1000260,2621,1324,1297,306,350,385,438,490,652,159,174,205,232,252,302,147,176,180,206,238,350,1279,81,1198,중랑천로10길
2018,3,A,골목상권,1000259,3344,1730,1614,421,473,440,490,673,847,213,268,242,267,335,405,208,205,198,223,338,442,1522,103,1419,용마산로94길
2018,3,A,골목상권,1000258,2007,1052,955,173,233,236,289,450,626,86,120,137,159,248,302,87,113,99,130,202,324,1189,0,1189,용마산로118길
2018,3,A,골목상권,1000257,2403,1212,1191,304,333,282,341,481,662,148,172,149,175,250,318,156,161,133,166,231,344,1098,69,1029,용마산로112길
2018,3,A,골목상권,1000256,3091,1554,1537,449,436,429,497,557,723,224,226,226,233,315,330,225,210,203,264,242,393,1398,0,1398,용마산로100길
2018,3,A,골목상권,1000255,2665,1313,1352,589,325,433,461,410,447,299,172,222,224,206,190,290,153,211,237,204,257,967,485,482,신내로7가길
2018,3,A,골목상권,1000254,3221,1600,1621,309,494,580,506,537,795,171,240,308,281,248,352,138,254,272,225,289,443,1766,0,1766,사가정로54길
2018,3,A,골목상권,1000253,3139,1544,1595,432,430,456,464,565,792,213,226,223,240,261,381,219,204,233,224,304,411,1333,531,802,사가정로42길
2018,3,A,골목상권,1000252,3830,1870,1960,682,504,553,621,678,792,346,269,280,311,319,345,336,235,273,310,359,447,1426,361,1065,봉화산로56길
2018,3,A,골목상권,1000251,4672,2476,2196,441,604,699,707,972,1249,243,314,389,391,529,610,198,290,310,316,443,639,2407,0,2407,봉화산로4길
2018,3,A,골목상권,1000250,3175,1595,1580,419,501,541,452,546,716,222,248,283,237,278,327,197,253,258,215,268,389,1496,0,1496,봉화산로30길
2018,3,A,골목상권,1000249,2006,974,1032,169,376,447,259,315,440,78,157,237,134,151,217,91,219,210,125,164,223,1099,0,1099,봉우재로33길
2018,3,A,골목상권,1000248,5435,2713,2722,646,797,851,799,1006,1336,325,398,478,417,499,596,321,399,373,382,507,740,2634,21,2613,면목로78길
2018,3,A,골목상권,1000247,2806,1432,1374,311,425,395,426,600,649,164,234,218,217,294,305,147,191,177,209,306,344,1343,0,1343,면목로56길
2018,3,A,골목상권,1000246,1986,1014,972,283,285,307,338,363,410,143,142,156,182,193,198,140,143,151,156,170,212,932,0,932,면목로55길
2018,3,A,골목상권,1000245,2892,1457,1435,290,341,489,488,514,770,172,152,264,270,243,356,118,189,225,218,271,414,1607,0,1607,면목로49길
2018,3,A,골목상권,1000244,3102,1496,1606,362,483,551,478,540,688,189,224,286,245,247,305,173,259,265,233,293,383,1518,0,1518,면목로48길
2018,3,A,골목상권,1000243,1387,698,689,120,225,206,231,244,361,54,112,107,129,131,165,66,113,99,102,113,196,750,0,750,면목로45길
2018,3,A,골목상권,1000242,2677,1363,1314,395,367,388,446,454,627,209,188,201,233,253,279,186,179,187,213,201,348,1223,0,1223,면목로33길
2018,3,A,골목상권,1000241,1940,985,955,261,265,312,336,330,436,143,142,162,177,163,198,118,123,150,159,167,238,888,0,888,면목로21길
2018,3,A,골목상권,1000240,1475,782,693,180,191,163,234,279,428,86,109,94,128,143,222,94,82,69,106,136,206,742,0,742,망우로73길
2018,3,A,골목상권,1000239,2331,1208,1123,277,338,331,325,476,584,148,188,183,166,234,289,129,150,148,159,242,295,1140,0,1140,망우로68길
2018,3,A,골목상권,1000238,3704,1862,1842,474,530,710,548,644,798,243,253,401,269,325,371,231,277,309,279,319,427,1839,0,1839,동일로163길
2018,3,A,골목상권,1000237,2700,1345,1355,253,458,510,392,458,629,129,208,281,217,234,276,124,250,229,175,224,353,1471,0,1471,동일로157길
2018,3,A,골목상권,1000236,2979,1466,1513,430,434,508,465,505,637,226,212,262,235,250,281,204,222,246,230,255,356,1341,0,1341,동일로149길
2018,3,A,골목상권,1000235,2409,1252,1157,308,362,425,326,421,567,179,199,224,188,210,252,129,163,201,138,211,315,1065,0,1065,동일로140길
2018,3,A,골목상권,1000234,2828,1457,1371,226,353,370,420,622,837,115,173,201,226,340,402,111,180,169,194,282,435,1543,0,1543,동일로139길
2018,3,A,골목상권,1000233,1880,970,910,249,285,289,269,371,417,136,154,152,143,185,200,113,131,137,126,186,217,830,104,726,동일로139가길
2018,3,A,골목상권,1000232,3425,1635,1790,481,536,551,470,630,757,223,275,268,240,292,337,258,261,283,230,338,420,1511,0,1511,동일로130길
2018,3,A,골목상권,1000231,2702,1361,1341,253,402,375,372,587,713,144,205,203,176,303,330,109,197,172,196,284,383,1414,0,1414,동일로123길
2018,3,A,골목상권,1000230,4311,2107,2204,394,752,848,608,775,934,214,347,426,317,367,436,180,405,422,291,408,498,2358,0,2358,동일로112길
2018,3,A,골목상권,1000229,3074,1518,1556,466,414,372,544,583,695,207,210,197,281,301,322,259,204,175,263,282,373,1383,145,1238,동일로101길
2018,3,A,골목상권,1000228,5085,2589,2496,616,760,797,701,985,1226,324,380,444,356,492,593,292,380,353,345,493,633,2339,56,2283,동일로100길
2018,3,A,골목상권,1000227,1999,985,1014,260,296,313,309,386,435,135,137,172,150,198,193,125,159,141,159,188,242,922,18,904,답십리로75길
2018,3,A,골목상권,1000226,4127,1983,2144,471,612,780,618,611,1035,231,306,387,315,281,463,240,306,393,303,330,572,1989,363,1626,공릉로2길
2018,3,A,골목상권,1000225,1426,710,716,298,184,199,256,213,276,155,105,100,125,101,124,143,79,99,131,112,152,566,126,440,공릉로12가길
2018,3,A,골목상권,1000224,5164,2595,2569,653,807,878,794,951,1081,331,428,459,410,464,503,322,379,419,384,487,578,2334,113,2221,겸재로54길
2018,3,A,골목상권,1000223,4233,2089,2144,423,614,671,703,789,1033,214,290,354,347,404,480,209,324,317,356,385,553,2362,0,2362,겸재로36길
2018,3,A,골목상권,1000222,2304,1178,1126,228,352,383,346,437,558,119,180,202,194,224,259,109,172,181,152,213,299,1233,200,1033,겸재로29길
2018,3,A,골목상권,1000221,3365,1678,1687,306,607,519,504,581,848,154,314,277,272,299,362,152,293,242,232,282,486,1850,0,1850,휘경로3길
2018,3,A,골목상권,1000220,1298,656,642,105,368,213,159,171,282,49,175,129,92,87,124,56,193,84,67,84,158,781,0,781,휘경로2길
2018,3,A,골목상권,1000219,2537,1245,1292,220,304,360,434,419,800,100,165,201,234,224,321,120,139,159,200,195,479,1492,0,1492,휘경로23길
2018,3,A,골목상권,1000218,2003,1041,962,143,315,260,307,396,582,70,175,142,178,206,270,73,140,118,129,190,312,1101,0,1101,휘경로14길
2018,3,A,골목상권,1000217,2256,1095,1161,401,263,297,404,369,522,202,123,162,187,185,236,199,140,135,217,184,286,878,428,450,한천로46길
2018,3,A,골목상권,1000216,1830,926,904,178,234,210,289,352,567,88,127,111,156,188,256,90,107,99,133,164,311,982,0,982,한천로40길
2018,3,A,골목상권,1000215,861,425,436,130,118,115,153,157,188,69,55,51,81,79,90,61,63,64,72,78,98,372,0,372,한천로33길
2018,3,A,골목상권,1000214,3195,1665,1530,339,370,428,508,653,897,178,194,227,280,357,429,161,176,201,228,296,468,1694,44,1650,한천로14길
2018,3,A,골목상권,1000213,2800,1441,1359,412,428,517,480,399,564,216,222,271,253,196,283,196,206,246,227,203,281,1239,413,826,천호대로97길
2018,3,A,골목상권,1000212,2398,1251,1147,292,378,381,365,432,550,154,209,216,186,206,280,138,169,165,179,226,270,1020,92,928,천호대로77길
2018,3,A,골목상권,1000211,2557,1344,1213,231,379,379,333,427,808,117,208,220,196,220,383,114,171,159,137,207,425,1308,0,1308,천호대로45길
2018,3,A,골목상권,1000210,2849,1424,1425,241,573,580,429,429,597,124,254,321,237,230,258,117,319,259,192,199,339,1687,34,1653,천호대로17길
2018,3,A,골목상권,1000209,235,133,102,27,26,25,41,56,60,13,14,13,27,35,31,14,12,12,14,21,29,126,0,126,천호대로12길
2018,3,A,골목상권,1000208,1377,699,678,123,751,160,92,86,165,49,398,92,46,39,75,74,353,68,46,47,90,1037,0,1037,천장산로7길
2018,3,A,골목상권,1000207,992,544,448,61,204,151,135,146,295,36,108,99,83,84,134,25,96,52,52,62,161,626,0,626,제기로5길
2018,3,A,골목상권,1000206,3176,1619,1557,280,318,333,425,541,1279,134,177,207,227,287,587,146,141,126,198,254,692,1832,0,1832,제기로21길
2018,3,A,골목상권,1000205,1470,756,714,106,183,141,241,324,475,60,101,73,133,174,215,46,82,68,108,150,260,865,0,865,전농로4길
2018,3,A,골목상권,1000204,1744,872,872,214,255,193,284,333,465,115,131,104,139,167,216,99,124,89,145,166,249,828,0,828,전농로3길
2018,3,A,골목상권,1000203,2023,1002,1021,244,283,226,293,392,585,121,162,127,148,192,252,123,121,99,145,200,333,982,0,982,전농로29길
2018,3,A,골목상권,1000202,2328,1163,1165,316,349,414,337,394,518,167,181,206,167,188,254,149,168,208,170,206,264,968,165,803,장한로8길
2018,3,A,골목상권,1000201,2077,1043,1034,290,293,363,315,350,466,156,144,194,165,168,216,134,149,169,150,182,250,903,297,606,장한로5길
2018,3,A,골목상권,1000200,916,497,419,99,113,151,153,175,225,54,61,84,87,96,115,45,52,67,66,79,110,485,25,460,장한로27길
2018,3,A,골목상권,1000199,998,497,501,128,141,131,149,173,276,61,78,67,75,90,126,67,63,64,74,83,150,446,0,446,장한로27가길
2018,3,A,골목상권,1000198,2637,1301,1336,495,293,380,513,363,593,257,153,173,267,176,275,238,140,207,246,187,318,979,285,694,장한로26길
2018,3,A,골목상권,1000197,1372,676,696,190,210,261,221,197,293,91,97,133,119,90,146,99,113,128,102,107,147,645,315,330,장한로26가길
2018,3,A,골목상권,1000196,567,287,280,76,78,109,81,104,119,42,46,57,40,47,55,34,32,52,41,57,64,257,0,257,장한로25길
2018,3,A,골목상권,1000195,1436,736,700,239,163,232,241,195,366,128,85,122,132,98,171,111,78,110,109,97,195,534,141,393,장한로14길
2018,3,A,골목상권,1000194,3536,1798,1738,397,582,484,517,582,974,206,290,280,274,302,446,191,292,204,243,280,528,1760,0,1760,이문로42길
2018,3,A,골목상권,1000193,3487,1795,1692,352,388,480,509,667,1091,175,221,265,289,366,479,177,167,215,220,301,612,1921,309,1612,왕산로43길
2018,3,A,골목상권,1000192,521,255,266,28,59,52,53,88,241,13,28,28,29,49,108,15,31,24,24,39,133,324,0,324,왕산로33길
2018,3,A,골목상권,1000191,1088,572,516,72,177,156,142,195,346,34,88,82,91,112,165,38,89,74,51,83,181,637,0,637,왕산로32길
2018,3,A,골목상권,1000190,1589,837,752,100,184,175,194,293,643,57,102,99,122,168,289,43,82,76,72,125,354,924,0,924,약령시로17길
2018,3,A,골목상권,1000189,2404,1214,1190,380,304,429,390,352,549,205,147,218,207,186,251,175,157,211,183,166,298,1096,113,983,서울시립대로4길
2018,3,A,골목상권,1000188,4087,2086,2001,454,1061,646,450,533,943,240,570,375,252,251,398,214,491,271,198,282,545,2278,0,2278,서울시립대로29길
2018,3,A,골목상권,1000187,3454,1697,1757,408,583,381,512,685,885,214,292,214,262,326,389,194,291,167,250,359,496,1502,441,1061,서울시립대로16길
2018,3,A,골목상권,1000186,1838,901,937,245,253,274,300,324,442,119,138,133,155,167,189,126,115,141,145,157,253,862,152,710,사가정로2길
2018,3,A,골목상권,1000185,1981,960,1021,314,276,273,314,348,456,151,140,147,152,156,214,163,136,126,162,192,242,755,147,608,사가정로23가길
2018,3,A,골목상권,1000184,2017,977,1040,205,268,260,262,409,613,97,137,136,136,201,270,108,131,124,126,208,343,999,0,999,사가정로13길
2018,3,A,골목상권,1000183,1206,700,506,107,331,209,135,172,252,53,215,136,80,95,121,54,116,73,55,77,131,746,0,746,무학로45길
2018,3,A,골목상권,1000182,1361,697,664,148,176,193,195,269,380,69,110,106,109,126,177,79,66,87,86,143,203,629,0,629,무학로16길
2018,3,A,골목상권,1000181,540,281,259,66,86,78,64,86,160,35,46,42,34,41,83,31,40,36,30,45,77,239,108,131,망우로21길
2018,3,A,골목상권,1000180,1552,770,782,165,544,214,181,166,282,81,268,117,97,81,126,84,276,97,84,85,156,951,0,951,망우로18길
2018,3,A,골목상권,1000179,2562,1335,1227,231,847,341,259,316,568,117,481,199,138,141,259,114,366,142,121,175,309,1532,0,1532,망우로18가길
2018,3,A,골목상권,1000178,1160,580,580,150,171,228,176,195,240,76,90,110,98,90,116,74,81,118,78,105,124,529,22,507,답십리로72길
2018,3,A,골목상권,1000177,1791,946,845,309,199,311,291,269,412,172,108,165,157,133,211,137,91,146,134,136,201,705,272,433,답십리로69길
2018,3,A,골목상권,1000176,3339,1718,1621,387,472,753,576,564,587,221,240,409,300,277,271,166,232,344,276,287,316,1632,0,1632,답십리로68길
2018,3,A,골목상권,1000175,2880,1435,1445,355,372,449,457,551,696,174,193,245,238,278,307,181,179,204,219,273,389,1386,33,1353,답십리로64길
2018,3,A,골목상권,1000174,1449,741,708,173,207,193,222,260,394,83,112,115,116,130,185,90,95,78,106,130,209,679,0,679,답십리로63길
2018,3,A,골목상권,1000173,1754,911,843,203,247,227,252,333,492,109,134,127,137,172,232,94,113,100,115,161,260,801,142,659,답십리로60길
2018,3,A,골목상권,1000172,3728,1856,1872,439,466,475,588,681,1079,213,262,263,306,339,473,226,204,212,282,342,606,1738,455,1283,답십리로56길
2018,3,A,골목상권,1000171,2160,1074,1086,270,338,314,326,368,544,160,167,147,169,182,249,110,171,167,157,186,295,1032,89,943,답십리로23길
2018,3,A,골목상권,1000170,217,128,89,19,31,28,37,35,67,12,15,17,23,21,40,7,16,11,14,14,27,115,0,115,난계로30길
2018,3,A,골목상권,1000169,1228,628,600,114,407,170,155,141,241,49,216,100,82,68,113,65,191,70,73,73,128,773,0,773,경희대로4길
2018,3,A,골목상권,1000168,581,279,302,35,228,106,55,56,101,19,103,50,26,33,48,16,125,56,29,23,53,409,0,409,경희대로3길
2018,3,A,골목상권,1000167,3386,1624,1762,500,504,569,524,554,735,250,250,280,260,257,327,250,254,289,264,297,408,1376,22,1354,천호대로129길
2018,3,A,골목상권,1000166,3034,1474,1560,440,482,523,460,541,588,233,239,261,229,249,263,207,243,262,231,292,325,1305,0,1305,천호대로123길
2018,3,A,골목상권,1000165,3593,1681,1912,405,676,739,521,567,685,207,279,348,255,272,320,198,397,391,266,295,365,1774,217,1557,천호대로109길
2018,3,A,골목상권,1000164,3749,1884,1865,557,562,542,588,687,813,285,312,265,303,343,376,272,250,277,285,344,437,1639,152,1487,자양번영로3길
2018,3,A,골목상권,1000163,2763,1326,1437,382,372,450,389,498,672,196,175,214,187,239,315,186,197,236,202,259,357,1175,0,1175,자양로53길
2018,3,A,골목상권,1000162,4604,2227,2377,661,638,724,697,781,1103,349,333,368,337,354,486,312,305,356,360,427,617,1950,16,1934,자양로50길
2018,3,A,골목상권,1000161,2625,1254,1371,304,397,461,400,481,582,169,189,216,197,224,259,135,208,245,203,257,323,1168,0,1168,자양로45길
2018,3,A,골목상권,1000160,3062,1458,1604,364,609,557,510,498,524,188,263,275,251,241,240,176,346,282,259,257,284,1482,59,1423,자양로26길
2018,3,A,골목상권,1000159,1887,865,1022,197,345,317,275,307,446,97,153,138,125,154,198,100,192,179,150,153,248,964,0,964,자양로15길
2018,3,A,골목상권,1000158,3902,1897,2005,408,613,732,577,682,890,193,302,387,291,326,398,215,311,345,286,356,492,2058,0,2058,자양로11길
2018,3,A,골목상권,1000157,3931,1905,2026,642,608,779,610,593,699,345,295,370,300,277,318,297,313,409,310,316,381,1720,40,1680,용마산로3길
2018,3,A,골목상권,1000156,5416,2689,2727,696,879,980,771,1000,1090,353,449,518,372,487,510,343,430,462,399,513,580,2366,38,2328,용마산로21길
2018,3,A,골목상권,1000155,1782,866,916,272,253,365,268,269,355,147,123,173,132,123,168,125,130,192,136,146,187,732,198,534,아차산로78길
2018,3,A,골목상권,1000154,2928,1390,1538,552,442,456,531,423,524,267,217,217,248,201,240,285,225,239,283,222,284,1206,68,1138,아차산로65길
2018,3,A,골목상권,1000153,2925,1362,1563,243,624,667,396,402,593,128,296,324,203,159,252,115,328,343,193,243,341,1543,0,1543,아차산로55길
2018,3,A,골목상권,1000152,1774,825,949,170,447,410,215,262,270,84,187,199,101,131,123,86,260,211,114,131,147,988,0,988,아차산로51길
2018,3,A,골목상권,1000151,3059,1513,1546,390,547,551,460,495,616,205,281,267,240,249,271,185,266,284,220,246,345,1427,46,1381,아차산로40길
2018,3,A,골목상권,1000150,4173,2081,2092,409,603,740,600,790,1031,200,320,399,303,387,472,209,283,341,297,403,559,2146,0,2146,면목로17길
2018,3,A,골목상권,1000149,3001,1521,1480,406,512,498,441,518,626,223,257,268,213,252,308,183,255,230,228,266,318,1312,0,1312,뚝섬로64길
2018,3,A,골목상권,1000148,3517,1692,1825,590,506,641,593,513,674,303,246,317,272,244,310,287,260,324,321,269,364,1431,33,1398,뚝섬로58길
2018,3,A,골목상권,1000147,3555,1750,1805,631,502,659,641,567,555,327,259,329,305,273,257,304,243,330,336,294,298,1418,30,1388,뚝섬로54길
2018,3,A,골목상권,1000146,3660,1772,1888,488,561,688,601,595,727,254,267,329,306,285,331,234,294,359,295,310,396,1679,0,1679,뚝섬로48길
2018,3,A,골목상권,1000145,2990,1514,1476,319,408,515,446,567,735,158,219,284,226,291,336,161,189,231,220,276,399,1461,0,1461,뚝섬로24길
2018,3,A,골목상권,1000144,1882,919,963,205,254,296,280,347,500,95,125,153,149,179,218,110,129,143,131,168,282,976,85,891,뚝섬로23길
2018,3,A,골목상권,1000143,2959,1431,1528,229,900,630,352,344,504,117,391,328,191,172,232,112,509,302,161,172,272,1831,170,1661,동일로24길
2018,3,A,골목상권,1000142,1891,974,917,158,319,338,268,347,461,78,159,187,142,194,214,80,160,151,126,153,247,1066,0,1066,동일로18길
2018,3,A,골목상권,1000141,3043,1493,1550,650,401,487,550,504,451,332,203,224,267,247,220,318,198,263,283,257,231,1068,393,675,능동로4길
2018,3,A,골목상권,1000140,3677,1829,1848,355,445,523,521,741,1092,167,233,266,283,374,506,188,212,257,238,367,586,1903,207,1696,능동로3길
2018,3,A,골목상권,1000139,5130,2375,2755,580,921,1278,750,654,947,304,386,580,377,306,422,276,535,698,373,348,525,2697,0,2697,능동로34길
2018,3,A,골목상권,1000138,2325,1144,1181,95,848,419,254,283,426,39,364,218,153,175,195,56,484,201,101,108,231,1835,0,1835,능동로19길
2018,3,A,골목상권,1000137,3630,1719,1911,212,1365,750,360,387,556,112,573,400,189,200,245,100,792,350,171,187,311,2490,0,2490,능동로13길
2018,3,A,골목상권,1000136,2130,1061,1069,254,345,384,308,364,475,137,161,206,158,176,223,117,184,178,150,188,252,986,0,986,긴고랑로9길
2018,3,A,골목상권,1000135,4141,2086,2055,408,654,880,601,705,893,228,316,459,318,344,421,180,338,421,283,361,472,2085,18,2067,긴고랑로8길
2018,3,A,골목상권,1000134,4618,2266,2352,627,663,717,775,818,1018,319,323,366,394,393,471,308,340,351,381,425,547,2156,34,2122,긴고랑로7길
2018,3,A,골목상권,1000133,4183,2002,2181,534,665,763,629,699,893,278,319,376,309,314,406,256,346,387,320,385,487,1995,0,1995,긴고랑로20길
2018,3,A,골목상권,1000132,4306,2040,2266,581,687,834,700,669,835,269,335,410,350,317,359,312,352,424,350,352,476,2026,0,2026,광나루로52길
2018,3,A,골목상권,1000131,3920,1961,1959,427,697,794,623,545,834,212,346,423,319,292,369,215,351,371,304,253,465,1952,0,1952,광나루로40길
2018,3,A,골목상권,1000130,685,333,352,100,101,98,92,126,168,49,50,51,46,65,72,51,51,47,46,61,96,314,0,314,광나루로37길
2018,3,A,골목상권,1000129,2660,1298,1362,334,406,492,427,425,576,160,208,238,226,216,250,174,198,254,201,209,326,1357,0,1357,광나루로36길
2018,3,A,골목상권,1000128,1256,675,581,85,417,213,158,145,238,43,236,124,98,70,104,42,181,89,60,75,134,804,0,804,광나루로24길
2018,3,A,골목상권,1000127,2710,1315,1395,117,1397,624,220,167,185,54,601,338,133,95,94,63,796,286,87,72,91,2269,42,2227,광나루로12길
2018,3,A,골목상권,1000126,2147,990,1157,203,292,349,304,397,602,88,132,169,154,204,243,115,160,180,150,193,359,1033,701,332,한림말길
2018,3,A,골목상권,1000125,927,441,486,113,133,180,153,118,230,56,58,86,83,56,102,57,75,94,70,62,128,487,57,430,한림말3길
2018,3,A,골목상권,1000124,2678,1370,1308,314,425,366,397,511,665,167,232,201,198,272,300,147,193,165,199,239,365,1221,0,1221,청계천로10나길
2018,3,A,골목상권,1000123,1974,956,1018,200,258,299,322,320,575,111,133,149,169,149,245,89,125,150,153,171,330,984,0,984,장터길
2018,3,A,골목상권,1000122,2720,1411,1309,308,422,344,444,506,696,163,225,189,237,259,338,145,197,155,207,247,358,1270,0,1270,용답중앙길
2018,3,A,골목상권,1000121,3094,1553,1541,317,470,474,480,578,775,160,225,247,255,311,355,157,245,227,225,267,420,1620,0,1620,용답29길
2018,3,A,골목상권,1000120,2031,1034,997,265,340,376,344,297,409,137,171,190,175,163,198,128,169,186,169,134,211,964,168,796,왕십리로6길
2018,3,A,골목상권,1000119,2900,1383,1517,318,505,513,456,436,672,148,225,266,235,219,290,170,280,247,221,217,382,1469,93,1376,왕십리로31길
2018,3,A,골목상권,1000118,2849,1432,1417,341,571,421,435,504,577,183,274,216,221,277,261,158,297,205,214,227,316,1447,0,1447,왕십리로26길
2018,3,A,골목상권,1000117,2438,1142,1296,314,464,381,390,392,497,149,210,199,188,185,211,165,254,182,202,207,286,1170,0,1170,왕십리로21길
2018,3,A,골목상권,1000116,1810,941,869,213,306,302,271,319,399,128,153,144,139,170,207,85,153,158,132,149,192,883,76,807,왕십리로14길
2018,3,A,골목상권,1000115,1533,819,714,141,312,340,214,243,283,86,153,190,115,139,136,55,159,150,99,104,147,825,0,825,아차산로5길
2018,3,A,골목상권,1000114,435,260,175,4,146,168,54,34,29,1,58,109,45,29,18,3,88,59,9,5,11,410,0,410,아차산로15길
2018,3,A,골목상권,1000113,351,206,145,39,42,60,67,75,68,19,24,31,44,46,42,20,18,29,23,29,26,190,0,190,아차산로11길
2018,3,A,골목상권,1000112,2681,1438,1243,277,452,393,375,548,636,140,246,215,213,305,319,137,206,178,162,243,317,1389,0,1389,송정4가길
2018,3,A,골목상권,1000111,1302,701,601,147,199,185,207,247,317,80,110,100,127,134,150,67,89,85,80,113,167,658,0,658,송정12라길
2018,3,A,골목상권,1000110,628,362,266,69,116,85,109,132,117,33,62,48,64,86,69,36,54,37,45,46,48,363,0,363,성수일로6길
2018,3,A,골목상권,1000109,1283,695,588,111,287,238,172,220,255,60,133,145,96,123,138,51,154,93,76,97,117,753,26,727,성수이로7길
2018,3,A,골목상권,1000108,265,152,113,34,37,22,52,61,59,18,19,17,32,40,26,16,18,5,20,21,33,144,0,144,성수이로18길
2018,3,A,골목상권,1000107,3207,1672,1535,388,533,417,493,702,674,200,294,227,245,406,300,188,239,190,248,296,374,1554,0,1554,성덕정길
2018,3,A,골목상권,1000106,3554,1882,1672,388,468,491,551,744,912,199,249,269,308,429,428,189,219,222,243,315,484,1798,0,1798,성덕정17길
2018,3,A,골목상권,1000105,1873,930,943,238,296,377,298,293,371,115,160,189,160,144,162,123,136,188,138,149,209,912,56,856,서울숲2길
2018,3,A,골목상권,1000104,1131,578,553,130,200,219,197,178,207,65,102,112,106,94,99,65,98,107,91,84,108,602,0,602,상원길
2018,3,A,골목상권,1000103,2422,1221,1201,335,406,453,372,410,446,172,204,235,202,205,203,163,202,218,170,205,243,1119,440,679,상원12길
2018,3,A,골목상권,1000102,2366,1324,1042,155,926,311,211,255,508,74,592,190,119,123,226,81,334,121,92,132,282,1599,0,1599,사근동길
2018,3,A,골목상권,1000101,2281,1146,1135,349,393,333,364,372,470,187,211,171,181,182,214,162,182,162,183,190,256,1010,249,761,무학봉길
2018,3,A,골목상권,1000100,1010,473,537,76,231,156,142,180,225,34,108,80,73,94,84,42,123,76,69,86,141,595,0,595,무학봉28길
2018,3,A,골목상권,1000099,1776,873,903,176,309,315,280,297,399,96,143,157,152,150,175,80,166,158,128,147,224,934,104,830,무학로6길
2018,3,A,골목상권,1000098,2224,1066,1158,269,256,334,381,380,604,127,115,174,198,195,257,142,141,160,183,185,347,1171,0,1171,무수막길
2018,3,A,골목상권,1000097,5851,2748,3103,963,732,1480,982,807,887,489,359,652,486,363,399,474,373,828,496,444,488,2362,0,2362,매봉길
2018,3,A,골목상권,1000096,1209,560,649,71,575,214,76,111,162,35,251,102,38,54,80,36,324,112,38,57,82,885,0,885,마조로1길
2018,3,A,골목상권,1000095,2537,1252,1285,298,366,325,347,452,749,154,176,156,184,235,347,144,190,169,163,217,402,1275,299,976,마조로16길
2018,3,A,골목상권,1000094,943,467,476,169,134,154,158,158,170,89,64,81,76,78,79,80,70,73,82,80,91,354,36,318,마장로39길
2018,3,A,골목상권,1000093,1877,931,946,236,307,303,266,302,463,131,153,150,145,147,205,105,154,153,121,155,258,889,0,889,마장로27길
2018,3,A,골목상권,1000092,1638,805,833,234,239,321,289,258,297,109,102,159,142,153,140,125,137,162,147,105,157,861,86,775,뚝섬로5길
2018,3,A,골목상권,1000091,2918,1571,1347,309,435,385,455,653,681,160,236,220,252,379,324,149,199,165,203,274,357,1513,0,1513,둘레9길
2018,3,A,골목상권,1000090,3345,1653,1692,449,459,458,517,594,868,248,234,244,256,291,380,201,225,214,261,303,488,1430,110,1320,금호산길
2018,3,A,골목상권,1000089,2323,1157,1166,291,353,310,330,399,640,162,198,167,164,197,269,129,155,143,166,202,371,1040,0,1040,금호산2길
2018,3,A,골목상권,1000088,2620,1363,1257,221,430,347,386,512,724,117,235,198,209,262,342,104,195,149,177,250,382,1440,14,1426,고산자로6길
2018,3,A,골목상권,1000087,5659,2727,2932,874,761,952,952,863,1257,469,386,467,478,398,529,405,375,485,474,465,728,2673,9,2664,후암로28길
2018,3,A,골목상권,1000086,2918,1397,1521,392,422,546,459,416,683,202,201,277,226,213,278,190,221,269,233,203,405,1396,49,1347,효창원로39길
2018,3,A,골목상권,1000085,2232,981,1251,184,257,355,344,354,738,93,136,160,160,154,278,91,121,195,184,200,460,1309,0,1309,회나무로13길
2018,3,A,골목상권,1000084,563,250,313,42,100,144,89,71,117,18,36,73,42,29,52,24,64,71,47,42,65,355,0,355,한남대로20길
2018,3,A,골목상권,1000083,127,102,25,3,7,15,24,35,43,2,5,11,17,34,33,1,2,4,7,1,10,119,0,119,한강대로88길
2018,3,A,골목상권,1000082,740,398,342,57,61,100,96,133,293,33,37,55,57,80,136,24,24,45,39,53,157,430,0,430,한강대로7길
2018,3,A,골목상권,1000081,904,460,444,77,118,154,114,169,272,47,60,83,58,89,123,30,58,71,56,80,149,536,0,536,한강대로62길
2018,3,A,골목상권,1000080,632,316,316,34,83,126,97,71,221,20,43,67,52,49,85,14,40,59,45,22,136,439,0,439,한강대로52길
2018,3,A,골목상권,1000079,1556,739,817,109,252,517,234,191,253,59,97,228,123,98,134,50,155,289,111,93,119,998,0,998,한강대로43길
2018,3,A,골목상권,1000078,493,260,233,34,61,67,80,82,169,18,37,42,46,42,75,16,24,25,34,40,94,282,0,282,한강대로15길
2018,3,A,골목상권,1000077,2565,1413,1152,245,338,388,409,520,665,133,163,197,250,336,334,112,175,191,159,184,331,1547,0,1547,한강대로104길
2018,3,A,골목상권,1000076,2541,1298,1243,279,404,387,403,462,606,152,221,219,212,237,257,127,183,168,191,225,349,1305,0,1305,청파로73길
2018,3,A,골목상권,1000075,4244,2147,2097,533,756,735,647,686,887,278,404,415,328,327,395,255,352,320,319,359,492,1969,9,1960,청파로71길
2018,3,A,골목상권,1000074,3049,1446,1603,345,711,644,440,403,506,187,261,339,221,207,231,158,450,305,219,196,275,1641,15,1626,청파로47나길
2018,3,A,골목상권,1000073,1608,626,982,132,530,274,192,172,308,61,141,117,81,86,140,71,389,157,111,86,168,1046,0,1046,청파로47길
2018,3,A,골목상권,1000072,2763,1344,1419,298,417,459,431,456,702,158,229,240,213,203,301,140,188,219,218,253,401,1315,0,1315,장문로45길
2018,3,A,골목상권,1000071,2356,1034,1322,131,248,416,388,404,769,62,95,205,202,188,282,69,153,211,186,216,487,1631,0,1631,이태원로54길
2018,3,A,골목상권,1000070,657,325,332,55,101,127,104,82,188,28,52,72,51,42,80,27,49,55,53,40,108,349,0,349,이태원로27길
2018,3,A,골목상권,1000069,1901,911,990,192,196,233,289,343,648,103,101,128,157,172,250,89,95,105,132,171,398,955,253,702,이촌로22길
2018,3,A,골목상권,1000068,981,473,508,74,177,170,163,158,239,37,66,90,86,86,108,37,111,80,77,72,131,576,0,576,원효로89길
2018,3,A,골목상권,1000067,2332,1165,1167,237,390,487,328,327,563,124,198,268,180,164,231,113,192,219,148,163,332,1212,0,1212,원효로53길
2018,3,A,골목상권,1000066,1442,701,741,195,172,205,253,210,407,86,95,112,140,95,173,109,77,93,113,115,234,663,0,663,원효로41길
2018,3,A,골목상권,1000065,1859,907,952,264,319,299,286,281,410,131,158,156,142,137,183,133,161,143,144,144,227,821,38,783,원효로19길
2018,3,A,골목상권,1000064,2349,1176,1173,218,406,404,359,380,582,117,236,223,182,178,240,101,170,181,177,202,342,1281,0,1281,우사단로4길
2018,3,A,골목상권,1000063,1217,625,592,107,164,259,213,179,295,55,89,144,119,87,131,52,75,115,94,92,164,712,47,665,우사단로14길
2018,3,A,골목상권,1000062,2677,1419,1258,226,414,500,417,445,675,128,253,291,228,237,282,98,161,209,189,208,393,1521,0,1521,우사단로10길
2018,3,A,골목상권,1000061,2730,1334,1396,377,361,453,431,399,709,200,185,249,216,182,302,177,176,204,215,217,407,1259,0,1259,신흥로20길
2018,3,A,골목상권,1000060,2247,1076,1171,232,317,426,301,365,606,117,162,223,138,164,272,115,155,203,163,201,334,1119,0,1119,소월로20길
2018,3,A,골목상권,1000059,2504,1192,1312,293,304,303,399,444,761,150,149,159,204,227,303,143,155,144,195,217,458,1242,0,1242,서빙고로71길
2018,3,A,골목상권,1000058,4100,1945,2155,612,602,1070,691,527,598,302,225,504,359,250,305,310,377,566,332,277,293,2027,296,1731,백범로90길
2018,3,A,골목상권,1000057,4057,1912,2145,602,645,823,673,552,762,314,271,416,328,254,329,288,374,407,345,298,433,1811,17,1794,백범로79길
2018,3,A,골목상권,1000056,3230,1723,1507,283,446,450,489,564,998,146,243,246,265,330,493,137,203,204,224,234,505,1943,0,1943,두텁바위로1길
2018,3,A,골목상권,1000055,1430,679,751,136,263,263,191,237,340,69,130,135,90,110,145,67,133,128,101,127,195,736,0,736,대사관로34길
2018,3,A,골목상권,1000054,839,428,411,94,142,167,122,108,206,48,91,83,64,56,86,46,51,84,58,52,120,454,0,454,녹사평대로46길
2018,3,A,골목상권,1000053,756,354,402,98,118,133,121,90,196,41,53,73,65,39,83,57,65,60,56,51,113,385,0,385,녹사평대로40나길
2018,3,A,골목상권,1000052,537,271,266,43,86,123,69,65,151,26,47,62,39,30,67,17,39,61,30,35,84,301,0,301,녹사평대로32길
2018,3,A,골목상권,1000051,965,465,500,81,160,199,130,144,251,46,86,111,56,71,95,35,74,88,74,73,156,527,0,527,녹사평대로26길
2018,3,A,골목상권,1000050,413,207,206,43,49,69,78,59,115,24,26,35,38,38,46,19,23,34,40,21,69,213,0,213,녹사평대로11길
2018,3,A,골목상권,1000049,3389,1705,1684,357,505,410,583,651,883,187,262,206,312,351,387,170,243,204,271,300,496,1785,0,1785,퇴계로90길
2018,3,A,골목상권,1000048,1496,763,733,86,139,148,192,241,690,34,57,91,99,126,356,52,82,57,93,115,334,1026,0,1026,퇴계로8길
2018,3,A,골목상권,1000047,1142,591,551,97,184,130,163,203,365,55,104,71,95,105,161,42,80,59,68,98,204,618,0,618,퇴계로56길
2018,3,A,골목상권,1000046,619,320,299,77,136,103,86,67,150,41,62,57,52,35,73,36,74,46,34,32,77,364,0,364,퇴계로46길
2018,3,A,골목상권,1000045,712,348,364,89,90,130,115,90,198,45,51,71,54,44,83,44,39,59,61,46,115,416,0,416,퇴계로18길
2018,3,A,골목상권,1000044,924,444,480,83,104,115,151,148,323,49,56,62,83,71,123,34,48,53,68,77,200,479,108,371,퇴계로12길
2018,3,A,골목상권,1000043,2051,962,1089,215,284,256,328,393,575,97,138,139,163,205,220,118,146,117,165,188,355,1078,0,1078,청구로1길
2018,3,A,골목상권,1000042,1798,894,904,198,309,282,253,315,441,106,144,154,127,157,206,92,165,128,126,158,235,902,0,902,청구로17길
2018,3,A,골목상권,1000041,1511,754,757,155,278,238,235,238,367,79,143,119,128,116,169,76,135,119,107,122,198,798,0,798,장충단로8길
2018,3,A,골목상권,1000040,112,66,46,32,12,27,21,11,9,22,5,15,11,7,6,10,7,12,10,4,3,48,0,48,삼일대로4길
2018,3,A,골목상권,1000039,532,37,495,0,7,49,114,106,256,0,1,4,10,15,7,0,6,45,104,91,249,25,0,25,명동길
2018,3,A,골목상권,1000038,699,331,368,82,140,131,106,84,156,40,62,70,55,44,60,42,78,61,51,40,96,352,0,352,동호로8길
2018,3,A,골목상권,1000037,2165,1024,1141,291,366,357,356,333,462,151,175,183,163,153,199,140,191,174,193,180,263,983,0,983,동호로20길
2018,3,A,골목상권,1000036,1867,900,967,177,262,232,304,316,576,98,130,116,148,174,234,79,132,116,156,142,342,953,0,953,동호로15길
2018,3,A,골목상권,1000035,4663,2287,2376,539,731,767,771,730,1125,295,384,407,375,350,476,244,347,360,396,380,649,2040,103,1937,동호로11길
2018,3,A,골목상권,1000034,2034,969,1065,223,402,434,295,295,385,115,179,202,145,147,181,108,223,232,150,148,204,1104,0,1104,동호로10길
2018,3,A,골목상권,1000033,895,506,389,49,103,88,136,226,293,16,58,51,91,131,159,33,45,37,45,95,134,592,0,592,다산로39길
2018,3,A,골목상권,1000032,1452,697,755,193,247,222,222,239,329,90,116,106,115,124,146,103,131,116,107,115,183,649,225,424,다산로38길
2018,3,A,골목상권,1000031,2080,1022,1058,231,293,260,347,410,539,121,146,139,187,205,224,110,147,121,160,205,315,969,155,814,다산로36길
2018,3,A,골목상권,1000030,3605,1802,1803,340,621,481,576,678,909,178,312,281,302,341,388,162,309,200,274,337,521,1830,0,1830,다산로33길
2018,3,A,골목상권,1000029,973,489,484,68,217,265,118,132,173,35,107,131,66,76,74,33,110,134,52,56,99,557,0,557,난계로21길
2018,3,A,골목상권,1000028,3342,1574,1768,270,731,723,488,519,611,128,282,343,252,274,295,142,449,380,236,245,316,1937,47,1890,난계로11길
2018,3,A,골목상권,1000027,710,321,389,131,87,91,149,94,158,61,43,42,62,49,64,70,44,49,87,45,94,318,0,318,필운대로1길
2018,3,A,골목상권,1000026,1869,928,941,318,403,186,230,262,470,188,214,93,101,121,211,130,189,93,129,141,259,923,0,923,평창길
2018,3,A,골목상권,1000025,906,431,475,119,101,99,190,125,272,65,42,54,95,60,115,54,59,45,95,65,157,439,0,439,통일로12길
2018,3,A,골목상권,1000024,2377,1201,1176,284,375,268,381,507,562,134,197,149,197,263,261,150,178,119,184,244,301,1043,63,980,창신길
2018,3,A,골목상권,1000023,1318,702,616,91,162,126,183,318,438,47,99,72,90,178,216,44,63,54,93,140,222,803,0,803,창신5길
2018,3,A,골목상권,1000022,849,442,407,77,108,96,124,194,250,40,59,55,75,94,119,37,49,41,49,100,131,419,0,419,창신2길
2018,3,A,골목상권,1000021,917,419,498,67,186,113,154,126,271,36,93,53,74,57,106,31,93,60,80,69,165,639,0,639,창경궁로35길
2018,3,A,골목상권,1000020,2375,1193,1182,247,312,300,389,456,671,128,157,170,218,227,293,119,155,130,171,229,378,1191,0,1191,지봉로8길
2018,3,A,골목상권,1000019,3650,1897,1753,316,484,471,539,814,1026,164,237,268,277,446,505,152,247,203,262,368,521,2027,60,1967,종로65길
2018,3,A,골목상권,1000018,457,240,217,16,130,130,57,52,72,4,58,74,36,29,39,12,72,56,21,23,33,368,0,368,종로58가길
2018,3,A,골목상권,1000017,46,34,12,2,2,4,8,11,19,0,2,3,8,8,13,2,0,1,0,3,6,39,0,39,종로24길
2018,3,A,골목상권,1000016,701,321,380,107,79,113,116,86,200,57,39,50,54,37,84,50,40,63,62,49,116,348,0,348,자하문로7길
2018,3,A,골목상권,1000015,1663,822,841,204,351,308,227,232,341,103,172,156,105,122,164,101,179,152,122,110,177,892,0,892,이화장길
2018,3,A,골목상권,1000014,470,253,217,43,73,79,70,87,118,28,42,47,41,43,52,15,31,32,29,44,66,255,0,255,율곡로16길
2018,3,A,골목상권,1000013,262,153,109,8,24,29,42,55,104,5,14,18,31,35,50,3,10,11,11,20,54,166,0,166,율곡로10길
2018,3,A,골목상권,1000012,2577,1158,1419,461,279,430,510,381,516,222,127,196,229,169,215,239,152,234,281,212,301,1077,111,966,옥인길
2018,3,A,골목상권,1000011,924,481,443,90,126,105,143,187,273,49,73,56,77,107,119,41,53,49,66,80,154,523,0,523,숭인동길
2018,3,A,골목상권,1000010,940,447,493,75,325,144,112,109,175,39,156,74,59,46,73,36,169,70,53,63,102,588,0,588,성균관로5길
2018,3,A,골목상권,1000009,768,349,419,72,74,118,90,130,284,30,34,54,47,58,126,42,40,64,43,72,158,413,0,413,삼청로5길
2018,3,A,골목상권,1000008,675,326,349,100,79,107,119,101,169,61,38,56,59,41,71,39,41,51,60,60,98,322,0,322,북촌로5나길
2018,3,A,골목상권,1000007,471,218,253,61,61,64,57,71,157,37,24,29,30,31,67,24,37,35,27,40,90,215,0,215,북촌로5길
2018,3,A,골목상권,1000006,675,312,363,61,69,76,105,128,236,33,37,38,55,60,89,28,32,38,50,68,147,368,0,368,북촌로11길
2018,3,A,골목상권,1000005,1702,835,867,238,241,245,292,303,383,127,143,112,136,135,182,111,98,133,156,168,201,723,0,723,백석동길
2018,3,A,골목상권,1000004,1457,715,742,138,481,194,148,161,335,64,243,117,79,67,145,74,238,77,69,94,190,885,0,885,명륜길
2018,3,A,골목상권,1000003,1195,671,524,105,173,207,215,195,300,54,98,135,119,118,147,51,75,72,96,77,153,801,0,801,돈화문로11가길
2018,3,A,골목상권,1000002,804,368,436,16,343,235,78,45,87,10,105,109,47,35,62,6,238,126,31,10,25,736,8,728,난계로27길
2018,3,A,골목상권,1000001,1811,842,969,244,214,238,331,280,504,117,102,115,149,135,224,127,112,123,182,145,280,789,0,789,계동길
2018,2,U,관광특구,1001496,24,16,8,5,2,2,5,5,5,4,1,1,2,4,4,1,1,1,3,1,1,14,0,14,강남 마이스 관광특구
2018,2,U,관광특구,1001495,7011,3304,3707,719,1186,1749,1008,931,1418,370,505,776,510,451,692,349,681,973,498,480,726,3892,55,3837,잠실 관광특구
2018,2,U,관광특구,1001494,1918,1262,656,50,204,196,222,448,798,24,141,139,159,312,487,26,63,57,63,136,311,1476,184,1292,종로?청계 관광특구
2018,2,U,관광특구,1001493,2010,1012,998,170,342,405,281,362,450,79,149,216,149,178,241,91,193,189,132,184,209,1123,23,1100,동대문패션타운 관광특구
2018,2,U,관광특구,1001492,1135,408,727,12,54,128,202,249,490,2,22,63,67,104,150,10,32,65,135,145,340,520,0,520,명동 남대문 북창동 다동 무교동 관광특구
2018,2,U,관광특구,1001491,5430,2608,2822,393,717,1039,841,859,1581,205,367,549,436,414,637,188,350,490,405,445,944,3398,0,3398,이태원 관광특구
2018,2,R,전통시장,1001490,3200,1598,1602,461,411,480,490,509,849,266,209,246,259,226,392,195,202,234,231,283,457,1314,172,1142,길동복조리시장
2018,2,R,전통시장,1001489,599,306,293,92,88,71,99,112,137,48,53,32,45,64,64,44,35,39,54,48,73,256,99,157,둔촌역전통시장
2018,2,R,전통시장,1001488,946,488,458,106,128,170,146,163,233,45,60,98,74,87,124,61,68,72,72,76,109,487,31,456,성내골목시장
2018,2,R,전통시장,1001487,142,72,70,2,9,20,25,34,52,1,5,6,15,20,25,1,4,14,10,14,27,118,0,118,천호시장
2018,2,R,전통시장,1001486,183,93,90,11,10,24,38,39,61,4,3,15,21,23,27,7,7,9,17,16,34,108,0,108,동서울시장
2018,2,R,전통시장,1001485,365,196,169,33,63,43,44,85,97,14,39,26,29,42,46,19,24,17,15,43,51,190,0,190,고분다리골목시장
2018,2,R,전통시장,1001484,790,398,392,139,107,147,138,118,141,65,63,79,73,51,67,74,44,68,65,67,74,315,0,315,양지골목시장
2018,2,R,전통시장,1001483,902,469,433,75,158,174,152,149,194,44,73,96,90,70,96,31,85,78,62,79,98,505,0,505,암사종합시장
2018,2,R,전통시장,1001482,323,168,155,35,35,38,49,76,90,25,21,19,27,40,36,10,14,19,22,36,54,162,0,162,고덕전통시장
2018,2,R,전통시장,1001481,2008,997,1011,410,241,270,364,321,402,206,131,125,194,151,190,204,110,145,170,170,212,695,521,174,명일골목시장
2018,2,R,전통시장,1001480,2410,1175,1235,210,393,522,330,360,595,114,190,246,172,177,276,96,203,276,158,183,319,1298,0,1298,새마을시장
2018,2,R,전통시장,1001479,845,421,424,106,135,135,141,159,169,47,67,66,76,84,81,59,68,69,65,75,88,416,0,416,석촌시장
2018,2,R,전통시장,1001478,5273,2520,2753,662,867,1123,746,840,1035,352,409,559,365,369,466,310,458,564,381,471,569,2544,113,2431,방이시장
2018,2,R,전통시장,1001477,966,506,460,110,109,107,145,186,309,44,65,62,81,106,148,66,44,45,64,80,161,459,0,459,마천시장
2018,2,R,전통시장,1001476,2332,1160,1172,239,293,325,366,418,691,122,155,181,185,209,308,117,138,144,181,209,383,1135,0,1135,풍납시장
2018,2,R,전통시장,1001475,4,2,2,0,2,0,0,0,2,0,1,0,0,0,1,0,1,0,0,0,1,4,0,4,강남개포시장
2018,2,R,전통시장,1001474,229,107,122,58,22,39,51,37,22,35,7,16,23,16,10,23,15,23,28,21,12,86,75,11,도곡시장
2018,2,R,전통시장,1001473,161,81,80,23,21,21,16,24,56,15,8,11,9,11,27,8,13,10,7,13,29,53,53,0,청담삼익시장
2018,2,R,전통시장,1001472,86,37,49,10,4,16,18,7,31,3,2,7,7,4,14,7,2,9,11,3,17,45,0,45,논현종합시장
2018,2,R,전통시장,1001471,1192,566,626,91,218,304,201,157,221,43,106,143,101,74,99,48,112,161,100,83,122,717,0,717,영동전통시장
2018,2,R,전통시장,1001470,285,133,152,38,36,54,43,33,81,21,14,28,21,15,34,17,22,26,22,18,47,107,107,0,강남시장_강남
2018,2,R,전통시장,1001469,100,59,41,8,17,18,18,15,24,5,12,10,9,10,13,3,5,8,9,5,11,66,0,66,양재시장
2018,2,R,전통시장,1001468,198,95,103,36,29,19,37,33,44,19,15,8,17,15,21,17,14,11,20,18,23,80,0,80,남부종합시장
2018,2,R,전통시장,1001467,60,24,36,9,4,13,7,7,20,4,1,3,3,5,8,5,3,10,4,2,12,24,0,24,우림시장
2018,2,R,전통시장,1001466,657,307,350,59,99,72,94,111,222,29,43,36,48,58,93,30,56,36,46,53,129,307,44,263,미성동도깨비시장
2018,2,R,전통시장,1001465,54,23,31,4,8,4,6,7,25,2,2,1,4,5,9,2,6,3,2,2,16,38,0,38,신신림시장
2018,2,R,전통시장,1001464,173,103,70,9,15,15,23,38,73,6,11,9,14,22,41,3,4,6,9,16,32,119,0,119,삼성동시장
2018,2,R,전통시장,1001463,57,32,25,5,16,17,4,4,11,3,5,12,3,2,7,2,11,5,1,2,4,45,0,45,신림중앙시장
2018,2,R,전통시장,1001462,585,308,277,40,122,134,65,100,124,14,66,78,34,53,63,26,56,56,31,47,61,370,0,370,강남골목시장
2018,2,R,전통시장,1001461,3,2,1,0,0,0,2,0,1,0,0,0,1,0,1,0,0,0,1,0,0,1,0,1,신림종합시장
2018,2,R,전통시장,1001460,2258,1121,1137,221,430,407,336,366,498,120,193,216,175,191,226,101,237,191,161,175,272,1316,0,1316,관악신사시장
2018,2,R,전통시장,1001459,421,242,179,37,77,58,51,75,123,20,41,32,32,46,71,17,36,26,19,29,52,266,0,266,신원시장
2018,2,R,전통시장,1001458,1476,725,751,112,273,313,209,219,350,64,110,169,102,120,160,48,163,144,107,99,190,944,0,944,인헌시장
2018,2,R,전통시장,1001457,450,223,227,20,192,120,46,40,32,6,89,64,26,21,17,14,103,56,20,19,15,341,0,341,봉천중앙시장
2018,2,R,전통시장,1001456,14,5,9,1,3,1,2,4,3,1,1,0,1,2,0,0,2,1,1,2,3,8,0,8,봉천현대시장
2018,2,R,전통시장,1001455,99,49,50,1,42,23,4,8,21,0,19,14,2,4,10,1,23,9,2,4,11,74,0,74,봉일시장
2018,2,R,전통시장,1001454,406,187,219,15,140,66,37,58,90,5,50,36,20,37,39,10,90,30,17,21,51,315,0,315,봉천제일종합시장
2018,2,R,전통시장,1001453,650,306,344,44,242,159,69,55,81,21,95,85,38,26,41,23,147,74,31,29,40,456,0,456,낙성대시장
2018,2,R,전통시장,1001452,629,291,338,39,174,147,65,57,147,19,55,81,38,34,64,20,119,66,27,23,83,419,0,419,중부시장
2018,2,R,전통시장,1001451,8,5,3,0,4,0,0,3,1,0,3,0,0,1,1,0,1,0,0,2,0,2,0,2,사당시장
2018,2,R,전통시장,1001450,550,232,318,46,107,80,72,79,166,22,40,36,30,38,66,24,67,44,42,41,100,301,0,301,남성역골목시장
2018,2,R,전통시장,1001449,586,288,298,32,100,103,79,85,187,16,47,51,48,44,82,16,53,52,31,41,105,356,0,356,남성사계시장
2018,2,R,전통시장,1001448,1055,497,558,154,160,138,163,167,273,80,86,69,78,82,102,74,74,69,85,85,171,486,0,486,흑석시장
2018,2,R,전통시장,1001447,1917,947,970,154,273,294,268,314,614,79,143,173,142,146,264,75,130,121,126,168,350,1067,0,1067,상도4동도깨비골목시장
2018,2,R,전통시장,1001446,164,76,88,10,53,26,21,32,22,5,16,16,9,17,13,5,37,10,12,15,9,99,0,99,성대시장
2018,2,R,전통시장,1001445,57,28,29,1,8,6,9,11,22,0,5,3,7,5,8,1,3,3,2,6,14,40,0,40,영도시장
2018,2,R,전통시장,1001444,1614,774,840,127,317,251,215,233,471,75,155,134,102,118,190,52,162,117,113,115,281,941,0,941,상도전통시장
2018,2,R,전통시장,1001443,120,47,73,7,24,23,17,9,40,4,7,10,7,2,17,3,17,13,10,7,23,70,70,0,강남시장_동작
2018,2,R,전통시장,1001442,16,8,8,0,4,1,3,5,3,0,1,1,1,3,2,0,3,0,2,2,1,10,0,10,신노량진시장
2018,2,R,전통시장,1001441,430,234,196,28,82,68,66,74,112,16,50,41,44,38,45,12,32,27,22,36,67,260,0,260,본동인정시장
2018,2,R,전통시장,1001440,152,95,57,4,59,33,13,15,28,1,38,26,10,10,10,3,21,7,3,5,18,118,0,118,노량진중앙시장
2018,2,R,전통시장,1001439,418,203,215,32,53,49,61,83,140,19,30,30,28,35,61,13,23,19,33,48,79,221,0,221,대림중앙시장
2018,2,R,전통시장,1001438,330,163,167,29,35,43,36,62,125,16,19,23,19,32,54,13,16,20,17,30,71,161,0,161,우리시장
2018,2,R,전통시장,1001437,124,61,63,16,19,13,17,18,41,7,7,6,7,9,25,9,12,7,10,9,16,51,51,0,영진시장A동
2018,2,R,전통시장,1001436,105,50,55,14,8,7,25,16,35,10,3,3,12,6,16,4,5,4,13,10,19,52,0,52,사러가시장
2018,2,R,전통시장,1001435,120,54,66,24,12,15,25,19,25,12,5,6,13,10,8,12,7,9,12,9,17,43,0,43,대신시장
2018,2,R,전통시장,1001433,733,381,352,74,114,153,107,95,190,40,55,93,57,57,79,34,59,60,50,38,111,402,124,278,영일시장
2018,2,R,전통시장,1001432,77,35,42,5,35,12,3,7,15,2,16,8,1,3,5,3,19,4,2,4,10,55,0,55,도림시장
2018,2,R,전통시장,1001431,299,161,138,25,46,39,46,52,91,16,19,25,28,33,40,9,27,14,18,19,51,167,0,167,영등포청과시장
2018,2,R,전통시장,1001430,2304,1428,876,82,317,426,358,421,700,52,138,259,254,308,417,30,179,167,104,113,283,1769,498,1271,영등포전통시장
2018,2,R,전통시장,1001429,421,206,215,46,45,68,71,70,121,24,26,41,37,34,44,22,19,27,34,36,77,191,0,191,은행나무시장
2018,2,R,전통시장,1001428,296,156,140,24,29,27,64,49,103,18,12,15,30,29,52,6,17,12,34,20,51,177,0,177,박미시장
2018,2,R,전통시장,1001427,2580,1236,1344,295,349,342,353,505,736,152,159,179,165,244,337,143,190,163,188,261,399,1304,0,1304,현대시장
2018,2,R,전통시장,1001426,8,5,3,0,1,1,0,2,4,0,1,0,0,2,2,0,0,1,0,0,2,6,0,6,대명시장
2018,2,R,전통시장,1001425,41,23,18,6,1,12,6,4,12,4,0,8,3,2,6,2,1,4,3,2,6,17,0,17,푸른터시장
2018,2,R,전통시장,1001424,1697,854,843,184,224,194,255,410,430,87,109,107,126,230,195,97,115,87,129,180,235,842,0,842,남문시장
2018,2,R,전통시장,1001423,91,47,44,0,35,23,14,9,10,0,6,16,11,7,7,0,29,7,3,2,3,80,0,80,독산동 우시장
2018,2,R,전통시장,1001422,161,87,74,8,14,20,20,35,64,5,8,11,16,21,26,3,6,9,4,14,38,95,0,95,오류시장
2018,2,R,전통시장,1001421,371,171,200,49,59,56,59,66,82,23,25,36,23,30,34,26,34,20,36,36,48,157,0,157,개봉중앙시장
2018,2,R,전통시장,1001420,626,311,315,79,69,77,94,108,199,42,27,47,49,59,87,37,42,30,45,49,112,274,60,214,고척근린시장
2018,2,R,전통시장,1001419,268,141,127,25,33,22,37,55,96,11,15,14,22,35,44,14,18,8,15,20,52,155,0,155,가리봉시장
2018,2,R,전통시장,1001418,656,367,289,64,49,68,104,147,224,26,25,37,67,97,115,38,24,31,37,50,109,391,0,391,남구로시장
2018,2,R,전통시장,1001417,131,71,60,13,13,11,17,32,45,3,7,6,12,21,22,10,6,5,5,11,23,80,0,80,구로시장
2018,2,R,전통시장,1001416,164,72,92,0,84,41,19,8,12,0,24,18,12,8,10,0,60,23,7,0,2,150,0,150,공항시장
2018,2,R,전통시장,1001415,592,293,299,69,80,75,96,108,164,31,42,35,56,56,73,38,38,40,40,52,91,265,91,174,방신전통시장
2018,2,R,전통시장,1001414,526,257,269,90,69,87,85,91,104,47,32,40,35,53,50,43,37,47,50,38,54,233,0,233,송화골목시장
2018,2,R,전통시장,1001413,1187,542,645,148,176,236,172,165,290,74,75,120,84,71,118,74,101,116,88,94,172,588,27,561,까치산시장
2018,2,R,전통시장,1001412,350,156,194,48,40,78,55,38,91,23,14,36,26,14,43,25,26,42,29,24,48,170,0,170,화곡본동시장
2018,2,R,전통시장,1001411,1913,916,997,216,247,301,276,341,532,109,133,145,140,167,222,107,114,156,136,174,310,864,0,864,남부골목시장
2018,2,R,전통시장,1001409,1024,501,523,176,126,187,153,168,214,76,64,106,78,75,102,100,62,81,75,93,112,429,0,429,화곡중앙골목시장
2018,2,R,전통시장,1001408,73,40,33,13,12,13,13,7,15,6,9,6,8,4,7,7,3,7,5,3,8,39,0,39,신월중앙시장
2018,2,R,전통시장,1001407,3,2,1,0,0,0,0,2,1,0,0,0,0,2,0,0,0,0,0,0,1,3,0,3,등마루시장
2018,2,R,전통시장,1001406,265,157,108,25,28,28,39,68,77,13,15,14,30,49,36,12,13,14,9,19,41,165,0,165,신정3동골목시장
2018,2,R,전통시장,1001405,477,243,234,63,56,74,84,64,136,34,27,44,41,35,62,29,29,30,43,29,74,220,0,220,신정2동골목시장
2018,2,R,전통시장,1001404,168,70,98,20,16,15,23,34,60,6,4,7,11,16,26,14,12,8,12,18,34,85,0,85,신정제일시장
2018,2,R,전통시장,1001403,122,60,62,13,23,12,17,23,34,6,13,6,11,10,14,7,10,6,6,13,20,45,0,45,신월7동골목시장
2018,2,R,전통시장,1001402,176,98,78,18,21,17,28,37,55,12,16,11,14,21,24,6,5,6,14,16,31,85,0,85,신월6동골목시장
2018,2,R,전통시장,1001401,62,30,32,16,4,17,15,3,7,9,2,6,8,2,3,7,2,11,7,1,4,22,22,0,신곡종합시장
2018,2,R,전통시장,1001400,336,186,150,31,41,25,49,78,112,17,21,14,28,50,56,14,20,11,21,28,56,186,0,186,신월3동골목시장
2018,2,R,전통시장,1001399,358,169,189,65,33,49,57,51,103,33,16,24,29,25,42,32,17,25,28,26,61,129,0,129,경창시장
2018,2,R,전통시장,1001398,1695,860,835,221,197,227,255,329,466,117,99,121,124,177,222,104,98,106,131,152,244,773,44,729,월정로시장
2018,2,R,전통시장,1001397,1202,596,606,174,151,146,218,218,295,76,87,70,124,106,133,98,64,76,94,112,162,565,0,565,신영시장
2018,2,R,전통시장,1001396,1160,585,575,156,216,125,186,232,245,90,132,58,83,111,111,66,84,67,103,121,134,452,47,405,목4동시장
2018,2,R,전통시장,1001395,1170,595,575,141,188,236,187,179,239,71,84,143,107,85,105,70,104,93,80,94,134,572,107,465,목3동시장
2018,2,R,전통시장,1001394,1173,584,589,92,164,236,149,189,343,44,78,127,75,93,167,48,86,109,74,96,176,695,69,626,목2동시장
2018,2,R,전통시장,1001392,39,22,17,5,7,8,5,4,10,4,4,3,3,2,6,1,3,5,2,2,4,20,0,20,동진시장
2018,2,R,전통시장,1001391,808,372,436,125,114,149,132,109,179,61,47,66,67,50,81,64,67,83,65,59,98,360,0,360,망원월드컵시장
2018,2,R,전통시장,1001390,2038,959,1079,227,264,407,345,296,499,123,130,194,166,142,204,104,134,213,179,154,295,1073,0,1073,망원시장
2018,2,R,전통시장,1001389,90,39,51,10,14,26,12,11,17,5,7,13,5,5,4,5,7,13,7,6,13,41,41,0,합정시장
2018,2,R,전통시장,1001388,245,105,140,33,30,61,31,34,56,17,12,24,16,13,23,16,18,37,15,21,33,119,119,0,영진시장
2018,2,R,전통시장,1001387,27,20,7,1,5,9,2,3,7,1,4,7,1,3,4,0,1,2,1,0,3,25,0,25,서교시장
2018,2,R,전통시장,1001386,68,30,38,7,7,16,9,7,22,3,5,7,4,3,8,4,2,9,5,4,14,34,0,34,신수시장
2018,2,R,전통시장,1001385,409,194,215,49,59,43,70,50,138,28,28,23,35,24,56,21,31,20,35,26,82,214,0,214,아현시장
2018,2,R,전통시장,1001384,12,5,7,3,0,0,0,2,7,1,0,0,0,2,2,2,0,0,0,0,5,7,0,7,마포시장
2018,2,R,전통시장,1001383,12,7,5,0,3,1,1,5,2,0,2,0,1,3,1,0,1,1,0,2,1,5,0,5,공덕시장
2018,2,R,전통시장,1001382,156,72,84,12,15,29,22,26,52,9,9,8,14,12,20,3,6,21,8,14,32,68,68,0,백련시장
2018,2,R,전통시장,1001381,407,205,202,20,40,31,45,78,193,8,20,19,27,47,84,12,20,12,18,31,109,247,0,247,모래내시장
2018,2,R,전통시장,1001380,512,254,258,61,64,63,81,91,152,30,38,34,41,51,60,31,26,29,40,40,92,250,0,250,포방터시장
2018,2,R,전통시장,1001379,314,153,161,31,41,30,43,71,98,16,16,20,23,40,38,15,25,10,20,31,60,157,42,115,인왕시장
2018,2,R,전통시장,1001378,129,70,59,7,26,15,18,24,39,6,16,10,8,11,19,1,10,5,10,13,20,72,0,72,아현가구거리상점가
2018,2,R,전통시장,1001377,354,179,175,26,49,34,60,69,116,11,26,21,38,35,48,15,23,13,22,34,68,224,0,224,영천시장
2018,2,R,전통시장,1001376,118,54,64,4,9,12,10,25,58,1,5,8,5,11,24,3,4,4,5,14,34,71,0,71,수일시장
2018,2,R,전통시장,1001375,159,73,86,25,21,19,22,32,40,13,9,9,12,12,18,12,12,10,10,20,22,66,0,66,증산종합시장
2018,2,R,전통시장,1001374,635,314,321,70,65,84,85,118,213,37,40,40,46,66,85,33,25,44,39,52,128,309,0,309,대림골목시장
2018,2,R,전통시장,1001373,219,115,104,42,27,31,39,32,48,21,14,17,22,19,22,21,13,14,17,13,26,86,0,86,신응암시장
2018,2,R,전통시장,1001372,16,10,6,2,2,0,4,2,6,2,1,0,2,2,3,0,1,0,2,0,3,8,0,8,녹번시장
2018,2,R,전통시장,1001371,489,243,246,64,61,81,91,71,121,29,35,42,50,39,48,35,26,39,41,32,73,242,0,242,대조시장
2018,2,R,전통시장,1001370,11,8,3,0,0,0,2,5,4,0,0,0,0,5,3,0,0,0,2,0,1,11,0,11,역촌중앙시장
2018,2,R,전통시장,1001369,153,80,73,11,55,41,11,12,23,5,26,23,10,5,11,6,29,18,1,7,12,111,0,111,갈현시장
2018,2,R,전통시장,1001368,258,126,132,25,25,32,33,42,101,15,11,19,19,19,43,10,14,13,14,23,58,127,0,127,연서시장
2018,2,R,전통시장,1001367,1866,910,956,223,308,179,308,345,503,113,148,98,158,170,223,110,160,81,150,175,280,842,129,713,상계중앙시장
2018,2,R,전통시장,1001365,1566,779,787,163,332,300,185,235,351,74,157,164,96,117,171,89,175,136,89,118,180,782,0,782,공릉동도깨비시장
2018,2,R,전통시장,1001364,1005,505,500,108,153,98,157,200,289,57,92,53,79,98,126,51,61,45,78,102,163,472,0,472,방학동도깨비시장
2018,2,R,전통시장,1001363,726,353,373,64,120,107,100,99,236,33,52,62,48,45,113,31,68,45,52,54,123,370,0,370,쌍문역골목시장
2018,2,R,전통시장,1001362,375,175,200,45,63,47,63,55,102,21,30,20,32,27,45,24,33,27,31,28,57,180,0,180,백운시장
2018,2,R,전통시장,1001361,174,88,86,10,35,20,22,37,50,1,20,14,7,21,25,9,15,6,15,16,25,83,0,83,신도봉시장
2018,2,R,전통시장,1001360,1245,605,640,135,164,163,184,220,379,69,80,85,90,119,162,66,84,78,94,101,217,608,0,608,창동골목시장
2018,2,R,전통시장,1001359,2324,1117,1207,304,343,354,379,431,513,140,166,178,193,198,242,164,177,176,186,233,271,969,0,969,창동신창시장
2018,2,R,전통시장,1001358,65,35,30,4,6,7,10,7,31,3,3,4,8,2,15,1,3,3,2,5,16,30,0,30,수유북부시장
2018,2,R,전통시장,1001357,1477,707,770,214,215,233,209,244,362,117,105,129,92,122,142,97,110,104,117,122,220,629,0,629,장미원골목시장
2018,2,R,전통시장,1001356,49,29,20,6,11,4,8,12,8,5,7,2,6,7,2,1,4,2,2,5,6,19,0,19,수유중앙시장
2018,2,R,전통시장,1001355,727,381,346,60,110,97,110,150,200,32,43,57,67,87,95,28,67,40,43,63,105,422,0,422,강북종합시장
2018,2,R,전통시장,1001354,1685,827,858,231,227,212,277,302,436,114,124,117,137,152,183,117,103,95,140,150,253,719,0,719,우이시장
2018,2,R,전통시장,1001353,633,304,329,57,100,91,92,115,178,27,47,46,47,55,82,30,53,45,45,60,96,315,86,229,수유전통시장
2018,2,R,전통시장,1001352,1167,571,596,157,174,189,216,168,263,76,86,95,116,84,114,81,88,94,100,84,149,537,101,436,번동북부골목시장
2018,2,R,전통시장,1001351,146,71,75,12,17,19,21,26,51,6,9,11,11,12,22,6,8,8,10,14,29,76,0,76,솔샘시장
2018,2,R,전통시장,1001350,235,124,111,18,22,37,44,51,63,7,9,17,28,31,32,11,13,20,16,20,31,141,0,141,숭인시장
2018,2,R,전통시장,1001349,1528,761,767,135,261,197,242,268,425,73,123,111,129,127,198,62,138,86,113,141,227,856,0,856,방천골목시장
2018,2,R,전통시장,1001348,29,15,14,5,2,3,2,3,14,2,2,1,2,1,7,3,0,2,0,2,7,14,0,14,동북시장
2018,2,R,전통시장,1001347,1865,958,907,201,260,228,282,349,545,101,146,129,151,188,243,100,114,99,131,161,302,908,0,908,석관황금시장
2018,2,R,전통시장,1001346,166,96,70,16,26,19,30,30,45,10,16,12,21,17,20,6,10,7,9,13,25,90,0,90,석관시장
2018,2,R,전통시장,1001345,83,43,40,6,9,11,9,17,31,5,3,6,7,10,12,1,6,5,2,7,19,50,0,50,새석관시장
2018,2,R,전통시장,1001344,32,17,15,7,3,2,5,6,9,5,1,1,2,3,5,2,2,1,3,3,4,13,0,13,번동시장
2018,2,R,전통시장,1001343,1425,698,727,188,166,170,205,254,442,96,89,90,112,117,194,92,77,80,93,137,248,597,0,597,장위전통시장
2018,2,R,전통시장,1001342,236,112,124,34,17,34,35,42,74,19,8,20,16,20,29,15,9,14,19,22,45,116,0,116,밤나무골시장
2018,2,R,전통시장,1001341,15,13,2,0,2,1,3,3,6,0,2,1,3,2,5,0,0,0,0,1,1,15,0,15,길음시장
2018,2,R,전통시장,1001340,1390,703,687,163,243,204,181,213,386,87,134,114,96,99,173,76,109,90,85,114,213,639,0,639,정릉시장
2018,2,R,전통시장,1001339,1066,518,548,185,134,162,204,157,224,100,61,91,104,72,90,85,73,71,100,85,134,428,136,292,정릉아리랑시장
2018,2,R,전통시장,1001338,220,99,121,21,31,39,19,25,85,10,14,22,12,10,31,11,17,17,7,15,54,116,0,116,돈암제일시장
2018,2,R,전통시장,1001337,108,54,54,16,12,10,24,19,27,8,9,5,10,10,12,8,3,5,14,9,15,49,0,49,유영시장
2018,2,R,전통시장,1001336,2134,1113,1021,222,263,291,290,438,630,115,139,170,158,233,298,107,124,121,132,205,332,1073,41,1032,우림골목시장
2018,2,R,전통시장,1001335,1422,718,704,240,167,259,232,191,333,122,90,131,132,84,159,118,77,128,100,107,174,575,0,575,묵1동도깨비시장
2018,2,R,전통시장,1001334,958,490,468,115,127,131,120,204,261,57,66,77,60,102,128,58,61,54,60,102,133,435,0,435,태능시장
2018,2,R,전통시장,1001333,1895,953,942,236,285,261,307,355,451,128,141,147,154,176,207,108,144,114,153,179,244,905,0,905,중화제일시장
2018,2,R,전통시장,1001332,1918,953,965,176,303,289,265,346,539,86,165,162,128,169,243,90,138,127,137,177,296,963,0,963,사가정시장
2018,2,R,전통시장,1001331,1310,695,615,176,176,172,226,235,325,101,102,93,128,117,154,75,74,79,98,118,171,633,0,633,면목골목시장
2018,2,R,전통시장,1001330,2112,1046,1066,234,302,287,295,416,578,113,154,160,160,208,251,121,148,127,135,208,327,1040,0,1040,동원시장
2018,2,R,전통시장,1001329,1578,812,766,143,278,344,222,262,329,73,133,195,114,142,155,70,145,149,108,120,174,894,0,894,동부골목시장
2018,2,R,전통시장,1001328,70,32,38,13,8,4,11,18,16,4,4,2,5,10,7,9,4,2,6,8,9,29,0,29,이문제일시장
2018,2,R,전통시장,1001327,230,118,112,18,30,23,28,46,85,12,15,8,17,28,38,6,15,15,11,18,47,106,0,106,이경시장
2018,2,R,전통시장,1001326,1205,511,694,74,501,205,108,103,214,23,206,100,44,48,90,51,295,105,64,55,124,930,0,930,회기시장
2018,2,R,전통시장,1001325,62,44,18,2,4,5,11,15,25,1,0,5,9,12,17,1,4,0,2,3,8,50,0,50,청량리청과물시장
2018,2,R,전통시장,1001324,240,115,125,40,19,24,55,33,69,21,9,14,25,12,34,19,10,10,30,21,35,113,0,113,전곡시장
2018,2,R,전통시장,1001323,437,204,233,57,59,64,68,74,115,22,29,31,34,34,54,35,30,33,34,40,61,205,0,205,답십리시장
2018,2,R,전통시장,1001321,330,167,163,32,30,37,46,57,128,20,13,25,29,32,48,12,17,12,17,25,80,176,0,176,답십리현대시장
2018,2,R,전통시장,1001320,84,49,35,5,10,4,17,18,30,3,8,4,12,9,13,2,2,0,5,9,17,51,0,51,전농로터리시장
2018,2,R,전통시장,1001319,97,55,42,0,8,15,11,16,47,0,4,8,9,9,25,0,4,7,2,7,22,52,0,52,청량리종합시장
2018,2,R,전통시장,1001318,173,137,36,1,7,12,18,48,87,1,5,9,17,41,64,0,2,3,1,7,23,146,0,146,청량리전통시장
2018,2,R,전통시장,1001317,180,89,91,26,32,19,17,42,44,19,18,11,7,14,20,7,14,8,10,28,24,78,0,78,청량리농수산물시장
2018,2,R,전통시장,1001316,2166,1152,1014,129,270,288,301,394,784,77,142,164,177,217,375,52,128,124,124,177,409,1422,0,1422,서울약령시장
2018,2,R,전통시장,1001315,3,3,0,0,0,0,0,3,0,0,0,0,0,3,0,0,0,0,0,0,0,3,0,3,동서시장
2018,2,R,전통시장,1001314,9,4,5,0,0,0,1,1,7,0,0,0,1,1,2,0,0,0,0,0,5,7,0,7,경동시장
2018,2,R,전통시장,1001313,483,254,229,37,83,85,69,62,147,22,40,46,41,33,72,15,43,39,28,29,75,302,0,302,청량리수산시장
2018,2,R,전통시장,1001312,21,14,7,1,2,1,3,3,11,0,1,1,2,3,7,1,1,0,1,0,4,13,0,13,용두시장
2018,2,R,전통시장,1001311,1,1,0,0,0,0,0,0,1,0,0,0,0,0,1,0,0,0,0,0,0,1,0,1,동부청과시장
2018,2,R,전통시장,1001310,160,83,77,23,32,25,18,22,40,10,16,16,8,13,20,13,16,9,10,9,20,75,0,75,구의시장
2018,2,R,전통시장,1001309,79,35,44,3,29,15,5,7,20,2,12,7,0,6,8,1,17,8,5,1,12,54,0,54,조양시장
2018,2,R,전통시장,1001308,975,502,473,76,143,115,146,187,308,44,75,68,81,100,134,32,68,47,65,87,174,541,0,541,영동교골목시장
2018,2,R,전통시장,1001307,363,192,171,32,50,47,42,76,116,17,29,23,23,40,60,15,21,24,19,36,56,196,0,196,능동로골목시장
2018,2,R,전통시장,1001306,216,104,112,9,21,36,26,49,75,7,12,19,13,26,27,2,9,17,13,23,48,138,0,138,노룬산골목시장
2018,2,R,전통시장,1001305,64,34,30,15,7,14,9,11,8,8,3,8,5,5,5,7,4,6,4,6,3,21,0,21,자양종합시장
2018,2,R,전통시장,1001304,2017,969,1048,253,328,386,291,323,436,139,161,194,144,144,187,114,167,192,147,179,249,944,0,944,자양골목시장
2018,2,R,전통시장,1001303,92,42,50,11,10,13,12,16,30,6,4,8,6,5,13,5,6,5,6,11,17,40,0,40,신성골목시장
2018,2,R,전통시장,1001302,473,247,226,55,74,75,72,100,97,34,38,34,39,57,45,21,36,41,33,43,52,220,0,220,면곡골목시장
2018,2,R,전통시장,1001301,818,424,394,114,121,118,116,164,185,56,63,75,55,82,93,58,58,43,61,82,92,361,0,361,중곡제일시장
2018,2,R,전통시장,1001300,951,411,540,51,379,209,102,77,133,29,124,111,49,41,57,22,255,98,53,36,76,689,0,689,화양제일골목시장
2018,2,R,전통시장,1001299,12,10,2,0,5,2,1,1,3,0,4,2,1,1,2,0,1,0,0,0,1,11,0,11,한아름시장
2018,2,R,전통시장,1001298,2014,1014,1000,223,289,278,318,385,521,114,149,151,159,194,247,109,140,127,159,191,274,967,0,967,성동용답상가시장
2018,2,R,전통시장,1001297,580,320,260,56,84,73,77,130,160,31,53,47,45,68,76,25,31,26,32,62,84,302,77,225,뚝도시장
2018,2,R,전통시장,1001296,253,130,123,20,24,33,39,50,87,12,13,18,24,29,34,8,11,15,15,21,53,142,0,142,금남시장
2018,2,R,전통시장,1001295,1531,781,750,150,321,208,218,298,336,83,146,120,113,156,163,67,175,88,105,142,173,858,0,858,행당시장
2018,2,R,전통시장,1001294,332,181,151,39,40,34,57,49,113,25,23,18,35,29,51,14,17,16,22,20,62,178,1,177,마장축산물시장
2018,2,R,전통시장,1001293,5,2,3,0,0,0,1,1,3,0,0,0,0,1,1,0,0,0,1,0,2,4,0,4,보광시장
2018,2,R,전통시장,1001292,43,19,24,2,5,9,9,3,15,1,3,3,7,0,5,1,2,6,2,3,10,28,0,28,이태원제일시장
2018,2,R,전통시장,1001291,63,30,33,7,5,13,7,15,16,4,1,7,6,7,5,3,4,6,1,8,11,31,0,31,이태원시장
2018,2,R,전통시장,1001290,102,59,43,9,12,13,18,21,29,2,10,8,11,12,16,7,2,5,7,9,13,56,4,52,이촌종합시장
2018,2,R,전통시장,1001289,408,211,197,38,59,71,55,62,123,16,33,48,32,34,48,22,26,23,23,28,75,223,0,223,용문전통시장
2018,2,R,전통시장,1001288,35,20,15,2,2,3,3,7,18,1,2,1,2,5,9,1,0,2,1,2,9,21,0,21,만리시장
2018,2,R,전통시장,1001287,105,56,49,6,10,20,9,23,37,0,8,11,6,14,17,6,2,9,3,9,20,64,0,64,신흥시장
2018,2,R,전통시장,1001286,286,146,140,22,46,46,30,65,77,9,27,27,18,32,33,13,19,19,12,33,44,157,83,74,후암시장
2018,2,R,전통시장,1001285,79,62,17,4,3,8,16,22,26,2,2,5,12,21,20,2,1,3,4,1,6,74,0,74,합동(새벽)시장
2018,2,R,전통시장,1001284,1017,540,477,73,117,112,127,205,383,42,65,68,68,115,182,31,52,44,59,90,201,584,0,584,서울중앙시장
2018,2,R,전통시장,1001283,815,438,377,74,100,101,123,172,245,37,68,55,74,88,116,37,32,46,49,84,129,410,0,410,백학시장
2018,2,R,전통시장,1001282,950,452,498,115,139,135,137,147,277,65,64,56,72,75,120,50,75,79,65,72,157,486,0,486,약수시장
2018,2,R,전통시장,1001281,1,1,0,0,0,0,1,0,0,0,0,0,1,0,0,0,0,0,0,0,0,1,0,1,청평화시장
2018,2,R,전통시장,1001279,51,25,26,2,7,6,2,16,18,2,4,1,2,7,9,0,3,5,0,9,9,31,23,8,동평화시장
2018,2,R,전통시장,1001277,285,188,97,11,30,35,25,65,119,7,17,19,18,47,80,4,13,16,7,18,39,206,0,206,방산종합시장
2018,2,R,전통시장,1001276,4,4,0,0,0,2,0,0,2,0,0,2,0,0,2,0,0,0,0,0,0,4,0,4,평화시장
2018,2,R,전통시장,1001275,145,82,63,7,16,12,15,33,62,4,7,6,11,22,32,3,9,6,4,11,30,90,0,90,인현시장
2018,2,R,전통시장,1001274,287,194,93,9,19,26,31,73,129,8,10,15,21,57,83,1,9,11,10,16,46,221,0,221,신중부시장
2018,2,R,전통시장,1001273,86,51,35,0,3,8,13,24,38,0,1,6,8,15,21,0,2,2,5,9,17,69,0,69,남대문시장
2018,2,R,전통시장,1001272,14,12,2,0,1,2,1,5,5,0,1,2,1,4,4,0,0,0,0,1,1,11,0,11,신설종합시장
2018,2,R,전통시장,1001271,789,444,345,30,197,134,93,120,215,16,97,69,55,81,126,14,100,65,38,39,89,604,64,540,동묘시장
2018,2,R,전통시장,1001270,385,198,187,31,36,38,64,67,149,12,20,26,38,41,61,19,16,12,26,26,88,238,0,238,창신골목시장
2018,2,R,전통시장,1001269,65,36,29,4,10,7,13,9,22,2,6,7,4,6,11,2,4,0,9,3,11,36,0,36,동문시장
2018,2,R,전통시장,1001268,176,91,85,16,25,13,30,35,57,6,15,10,14,19,27,10,10,3,16,16,30,88,0,88,충신시장
2018,2,R,전통시장,1001267,110,78,32,1,8,7,15,32,47,1,4,5,14,21,33,0,4,2,1,11,14,89,0,89,종로신진시장
2018,2,R,전통시장,1001266,2,2,0,0,0,0,1,1,0,0,0,0,1,1,0,0,0,0,0,0,0,2,0,2,동대문종합시장
2018,2,R,전통시장,1001265,60,30,30,1,8,3,5,20,23,1,5,1,2,12,9,0,3,2,3,8,14,46,0,46,광장시장
2018,2,R,전통시장,1001264,711,315,396,91,96,93,114,115,202,43,38,40,51,59,84,48,58,53,63,56,118,330,43,287,통인시장
2018,2,D,발달상권,1001263,242,150,92,3,42,41,36,44,76,1,16,25,20,31,57,2,26,16,16,13,19,197,0,197,서울 노원구 노원역_3
2018,2,D,발달상권,1001262,17,14,3,0,1,0,3,4,9,0,1,0,3,4,6,0,0,0,0,0,3,15,0,15,서울 노원구 노원역_2
2018,2,D,발달상권,1001261,699,313,386,111,93,92,105,144,154,46,43,41,47,69,67,65,50,51,58,75,87,279,277,2,서울 노원구 노원역_1
2018,2,D,발달상권,1001260,578,361,217,25,95,105,116,123,114,11,40,70,78,87,75,14,55,35,38,36,39,474,0,474,창동역
2018,2,D,발달상권,1001259,721,404,317,46,146,119,99,128,183,22,67,64,60,82,109,24,79,55,39,46,74,492,0,492,서울 강북구 수유역_3
2018,2,D,발달상권,1001258,181,77,104,26,18,52,49,25,11,10,7,24,21,11,4,16,11,28,28,14,7,103,0,103,등나무근린공원 주변
2018,2,D,발달상권,1001257,2100,1054,1046,117,344,412,341,372,514,55,147,229,184,201,238,62,197,183,157,171,276,1405,0,1405,서울 강북구 수유역_2
2018,2,D,발달상권,1001256,781,386,395,59,170,159,116,123,154,32,73,86,60,63,72,27,97,73,56,60,82,446,0,446,서울 강북구 수유역_1
2018,2,D,발달상권,1001255,101,61,40,3,27,12,18,20,21,2,14,6,11,12,16,1,13,6,7,8,5,82,0,82,서울 은평구 연신내역_3
2018,2,D,발달상권,1001254,1079,533,546,98,203,191,176,174,237,50,89,102,98,89,105,48,114,89,78,85,132,614,0,614,서울 은평구 연신내역_2
2018,2,D,발달상권,1001253,221,99,122,15,50,43,39,30,44,10,21,21,15,9,23,5,29,22,24,21,21,148,0,148,서울 은평구 연신내역_1
2018,2,D,발달상권,1001252,466,255,211,28,76,69,54,95,144,14,45,40,28,54,74,14,31,29,26,41,70,266,0,266,서울 성북구 미아삼거리역_2
2018,2,D,발달상권,1001251,380,208,172,23,44,51,66,67,129,16,25,27,41,35,64,7,19,24,25,32,65,225,0,225,서울 강북구 미아삼거리역_1
2018,2,D,발달상권,1001250,768,330,438,54,229,260,84,63,78,22,74,126,38,31,39,32,155,134,46,32,39,544,174,370,서울 은평구 불광역_3
2018,2,D,발달상권,1001249,657,333,324,38,165,144,91,80,139,19,84,75,43,42,70,19,81,69,48,38,69,438,0,438,서울 은평구 불광역_2
2018,2,D,발달상권,1001248,557,276,281,36,106,107,60,101,147,21,48,56,31,50,70,15,58,51,29,51,77,341,0,341,서울 은평구 불광역_1
2018,2,D,발달상권,1001247,96,47,49,8,10,12,12,19,35,3,7,5,7,9,16,5,3,7,5,10,19,58,0,58,미아사거리_2
2018,2,D,발달상권,1001246,935,455,480,140,168,153,165,140,169,78,68,73,84,66,86,62,100,80,81,74,83,418,243,175,미아사거리_1
2018,2,D,발달상권,1001245,1078,493,585,71,261,237,153,160,196,33,100,106,75,91,88,38,161,131,78,69,108,743,0,743,서울 성북구 성신여대입구역
2018,2,D,발달상권,1001244,368,167,201,28,132,58,40,30,80,8,50,30,24,16,39,20,82,28,16,14,41,255,0,255,경희대학교
2018,2,D,발달상권,1001243,365,179,186,25,162,54,22,35,67,12,77,29,14,18,29,13,85,25,8,17,38,253,0,253,서울 성북구 안암역
2018,2,D,발달상권,1001242,647,301,346,35,215,119,66,80,132,19,88,56,35,43,60,16,127,63,31,37,72,445,0,445,혜화역 대학로_3
2018,2,D,발달상권,1001241,804,397,407,62,299,146,82,90,125,32,140,82,46,41,56,30,159,64,36,49,69,534,0,534,혜화역 대학로_2
2018,2,D,발달상권,1001240,479,225,254,42,111,84,65,66,111,23,54,36,34,33,45,19,57,48,31,33,66,292,0,292,혜화역 대학로_1
2018,2,D,발달상권,1001239,1444,654,790,209,397,326,269,161,82,105,142,148,136,85,38,104,255,178,133,76,44,854,103,751,디지털미디어시티
2018,2,D,발달상권,1001238,2842,1420,1422,280,404,354,355,528,921,123,185,182,180,281,469,157,219,172,175,247,452,1374,703,671,서울 동대문구 청량리역
2018,2,D,발달상권,1001237,307,140,167,33,52,64,51,44,63,19,27,34,18,14,28,14,25,30,33,30,35,177,0,177,서울 종로구 경복궁역_2
2018,2,D,발달상권,1001236,275,127,148,27,33,32,39,50,94,15,19,15,14,23,41,12,14,17,25,27,53,149,0,149,서울 종로구 안국역_2
2018,2,D,발달상권,1001235,109,45,64,10,8,14,20,14,43,4,5,4,9,8,15,6,3,10,11,6,28,65,0,65,서울 종로구 안국역_1
2018,2,D,발달상권,1001234,615,298,317,60,75,91,103,96,190,33,38,49,52,42,84,27,37,42,51,54,106,312,0,312,서울 종로구 경복궁역_1
2018,2,D,발달상권,1001233,155,122,33,7,12,12,19,50,55,3,9,10,15,41,44,4,3,2,4,9,11,119,0,119,서울 종로구 종로3가역_3
2018,2,D,발달상권,1001232,2308,1578,730,46,87,132,245,572,1226,27,56,81,177,451,786,19,31,51,68,121,440,2004,0,2004,서울 종로구 종로3가역_2
2018,2,D,발달상권,1001231,379,239,140,10,74,89,53,63,90,4,38,49,40,47,61,6,36,40,13,16,29,306,0,306,서울 동대문구 신설동역_2
2018,2,D,발달상권,1001230,802,435,367,74,77,117,110,121,303,48,43,58,62,72,152,26,34,59,48,49,151,498,150,348,인사동
2018,2,D,발달상권,1001229,282,168,114,17,42,35,37,53,98,10,27,23,24,38,46,7,15,12,13,15,52,190,0,190,서울 종로구 종로5가역_4
2018,2,D,발달상권,1001228,710,431,279,37,43,61,107,160,302,22,27,38,68,107,169,15,16,23,39,53,133,503,0,503,서울 종로구 종로5가역_3
2018,2,D,발달상권,1001227,525,299,226,40,63,80,87,102,153,23,39,50,43,61,83,17,24,30,44,41,70,359,29,330,종로구청
2018,2,D,발달상권,1001226,2058,1026,1032,189,518,422,227,282,420,90,246,209,121,142,218,99,272,213,106,140,202,1235,0,1235,서울 종로구 종로5가역_2
2018,2,D,발달상권,1001225,425,263,162,9,116,99,51,75,75,6,43,63,36,59,56,3,73,36,15,16,19,359,0,359,신설동역
2018,2,D,발달상권,1001224,286,168,118,9,69,57,32,50,69,3,25,30,18,39,53,6,44,27,14,11,16,243,0,243,서울 동대문구 신설동역_1
2018,2,D,발달상권,1001223,2557,1134,1423,375,289,445,445,362,641,192,125,180,184,171,282,183,164,265,261,191,359,1252,117,1135,서울 종로구 광화문역_2
2018,2,D,발달상권,1001222,867,422,445,109,132,106,123,158,239,54,72,60,63,74,99,55,60,46,60,84,140,345,243,102,동묘앞역
2018,2,D,발달상권,1001221,4436,2178,2258,566,760,1076,761,577,696,303,336,541,392,280,326,263,424,535,369,297,370,2341,640,1701,장안동사거리
2018,2,D,발달상권,1001220,577,380,197,13,48,60,54,143,259,7,28,42,39,105,159,6,20,18,15,38,100,439,0,439,서울 종로구 동대문역_2
2018,2,D,발달상권,1001219,128,66,62,9,21,13,13,28,44,3,12,4,7,16,24,6,9,9,6,12,20,68,0,68,서울 종로구 동대문역_1
2018,2,D,발달상권,1001218,32,16,16,1,2,5,4,4,16,0,0,3,2,2,9,1,2,2,2,2,7,26,0,26,동대문시장_2
2018,2,D,발달상권,1001217,24,5,19,0,0,0,3,3,18,0,0,0,2,0,3,0,0,0,1,3,15,21,0,21,서울 종로구 종로5가역_1
2018,2,D,발달상권,1001216,175,137,38,5,33,20,22,41,54,2,26,14,17,36,42,3,7,6,5,5,12,156,0,156,서울 종로구 종로3가역_1
2018,2,D,발달상권,1001215,13,8,5,1,1,0,3,5,3,0,0,0,2,4,2,1,1,0,1,1,1,10,0,10,서울 종로구 광화문역_1
2018,2,D,발달상권,1001214,3,2,1,0,0,1,1,1,0,0,0,0,1,1,0,0,0,1,0,0,0,3,0,3,종각역
2018,2,D,발달상권,1001213,153,111,42,4,46,33,19,20,31,2,35,25,13,13,23,2,11,8,6,7,8,129,0,129,종각역 젊음의 거리
2018,2,D,발달상권,1001212,1427,701,726,327,131,313,260,173,223,158,57,137,143,97,109,169,74,176,117,76,114,543,0,543,서대문구 서대문역_1
2018,2,D,발달상권,1001211,28,16,12,0,4,9,2,5,8,0,0,8,1,4,3,0,4,1,1,1,5,26,0,26,동대문시장_1
2018,2,D,발달상권,1001210,1012,447,565,168,110,308,204,106,116,64,45,146,86,49,57,104,65,162,118,57,59,543,78,465,시청역_2
2018,2,D,발달상권,1001209,80,49,31,6,1,7,12,20,34,2,1,5,7,12,22,4,0,2,5,8,12,57,0,57,서울시청
2018,2,D,발달상권,1001208,506,325,181,5,35,27,63,119,257,2,17,16,49,87,154,3,18,11,14,32,103,404,80,324,서울 중구 을지로3가역_2
2018,2,D,발달상권,1001207,298,149,149,13,61,69,37,50,68,7,20,34,22,27,39,6,41,35,15,23,29,212,0,212,서울 중구 신당역_2
2018,2,D,발달상권,1001206,869,433,436,59,195,207,107,142,159,29,75,113,60,73,83,30,120,94,47,69,76,581,0,581,서대문구 서대문역_2
2018,2,D,발달상권,1001205,430,267,163,11,43,52,53,100,171,4,26,33,31,68,105,7,17,19,22,32,66,314,0,314,동대문역사문화공원역
2018,2,D,발달상권,1001204,228,153,75,5,22,27,31,46,97,1,11,16,20,36,69,4,11,11,11,10,28,184,0,184,서울 중구 을지로3가역_1
2018,2,D,발달상권,1001203,144,83,61,4,19,22,26,35,38,0,8,14,17,22,22,4,11,8,9,13,16,112,0,112,명동거리
2018,2,D,발달상권,1001202,1,1,0,0,0,1,0,0,0,0,0,1,0,0,0,0,0,0,0,0,0,1,0,1,롯데백화점
2018,2,D,발달상권,1001201,883,486,397,76,104,113,128,201,261,33,58,71,74,116,134,43,46,42,54,85,127,513,0,513,서울 중구 신당역_1
2018,2,D,발달상권,1001200,244,154,90,2,18,37,34,51,102,0,8,30,23,30,63,2,10,7,11,21,39,217,0,217,북창동
2018,2,D,발달상권,1001199,1446,777,669,124,182,189,179,269,503,65,90,103,108,154,257,59,92,86,71,115,246,764,159,605,서울 중구 충무로역_2
2018,2,D,발달상권,1001198,2163,1073,1090,149,439,396,247,364,568,77,224,199,129,177,267,72,215,197,118,187,301,1420,21,1399,서울 강서구 송정역
2018,2,D,발달상권,1001197,1404,732,672,133,246,314,211,227,273,71,97,164,116,135,149,62,149,150,95,92,124,800,0,800,장한평역_2
2018,2,D,발달상권,1001196,352,185,167,57,31,84,74,42,64,35,14,37,45,22,32,22,17,47,29,20,32,157,0,157,시청역_1
2018,2,D,발달상권,1001195,532,247,285,41,165,83,71,75,97,14,72,38,41,39,43,27,93,45,30,36,54,331,0,331,왕십리역_2
2018,2,D,발달상권,1001194,102,54,48,2,20,30,21,19,10,2,8,16,13,9,6,0,12,14,8,10,4,77,0,77,서울 강서구 발산역
2018,2,D,발달상권,1001193,197,132,65,10,25,29,34,64,35,7,14,17,28,46,20,3,11,12,6,18,15,137,0,137,장한평역_1
2018,2,D,발달상권,1001192,762,377,385,44,111,112,91,140,264,21,48,64,55,73,116,23,63,48,36,67,148,511,0,511,서울 중구 충무로역_1
2018,2,D,발달상권,1001190,1204,861,343,30,201,262,249,278,184,14,81,165,204,248,149,16,120,97,45,30,35,1021,0,1021,장한평역
2018,2,D,발달상권,1001189,1247,589,658,118,133,178,189,216,413,55,57,78,99,109,191,63,76,100,90,107,222,709,0,709,서울 중구 명동역
2018,2,D,발달상권,1001188,301,159,142,37,75,36,39,35,79,16,38,19,26,24,36,21,37,17,13,11,43,200,100,100,장충동 족발거리
2018,2,D,발달상권,1001187,957,437,520,36,550,174,42,46,109,11,236,98,23,24,45,25,314,76,19,22,64,794,0,794,한양시장
2018,2,D,발달상권,1001186,1603,518,1085,54,657,194,182,168,348,21,98,84,94,80,141,33,559,110,88,88,207,1286,70,1216,서울 서대문구 이대역
2018,2,D,발달상권,1001185,2694,1375,1319,115,1127,476,243,266,467,60,541,266,133,154,221,55,586,210,110,112,246,2056,60,1996,서울 서대문구 신촌역
2018,2,D,발달상권,1001184,190,87,103,11,36,57,39,29,18,5,14,28,19,13,8,6,22,29,20,16,10,142,0,142,서울 마포구 홍대입구역_3
2018,2,D,발달상권,1001183,511,252,259,61,84,109,75,52,130,34,47,48,43,20,60,27,37,61,32,32,70,256,0,256,서울 마포구 홍대입구역_2
2018,2,D,발달상권,1001182,4789,2292,2497,380,1209,1134,652,500,914,202,559,541,333,241,416,178,650,593,319,259,498,3034,129,2905,홍익대학교 주변
2018,2,D,발달상권,1001181,1757,803,954,137,468,422,188,222,320,74,186,195,94,105,149,63,282,227,94,117,171,1085,0,1085,서울 광진구 군자역
2018,2,D,발달상권,1001180,1142,584,558,58,341,261,147,98,237,32,160,133,83,58,118,26,181,128,64,40,119,863,0,863,신촌역
2018,2,D,발달상권,1001179,2973,1459,1514,316,613,705,443,410,486,160,240,357,255,218,229,156,373,348,188,192,257,1849,103,1746,강서구청
2018,2,D,발달상권,1001178,668,332,336,58,124,158,113,72,143,33,51,88,60,36,64,25,73,70,53,36,79,403,0,403,서울 마포구 홍대입구역_1
2018,2,D,발달상권,1001177,53,29,24,6,6,7,13,4,17,5,2,2,10,2,8,1,4,5,3,2,9,23,0,23,서울 중구 약수역_2
2018,2,D,발달상권,1001176,10,6,4,0,0,3,2,1,4,0,0,2,1,1,2,0,0,1,1,0,2,7,0,7,서울 중구 약수역_1
2018,2,D,발달상권,1001175,2716,1360,1356,574,402,319,491,505,425,322,222,149,207,249,211,252,180,170,284,256,214,890,432,458,서울 강동구 고덕역
2018,2,D,발달상권,1001174,1237,558,679,117,239,431,157,131,162,58,75,209,86,64,66,59,164,222,71,67,96,683,384,299,등촌역
2018,2,D,발달상권,1001173,2013,1008,1005,280,274,285,348,319,507,145,139,156,167,153,248,135,135,129,181,166,259,997,0,997,서울 강동구 명일역
2018,2,D,발달상권,1001172,563,327,236,61,112,86,80,106,118,38,63,45,50,68,63,23,49,41,30,38,55,301,85,216,어린이대공원역
2018,2,D,발달상권,1001171,27,15,12,1,5,0,3,10,8,0,3,0,3,5,4,1,2,0,0,5,4,18,0,18,서울 마포구 공덕역_2
2018,2,D,발달상권,1001170,48,35,13,0,3,4,14,13,14,0,2,1,12,10,10,0,1,3,2,3,4,37,0,37,공덕역
2018,2,D,발달상권,1001169,474,273,201,27,73,53,85,100,136,13,40,32,56,66,66,14,33,21,29,34,70,310,0,310,서울 용산구 숙대입구역
2018,2,D,발달상권,1001168,242,110,132,8,76,78,35,24,21,5,21,40,20,16,8,3,55,38,15,8,13,191,0,191,남영역
2018,2,D,발달상권,1001167,604,285,319,81,126,88,102,125,82,42,62,41,41,58,41,39,64,47,61,67,41,238,0,238,서울 마포구 공덕역_1
2018,2,D,발달상권,1001166,3470,1557,1913,496,407,927,717,452,471,233,152,434,309,219,210,263,255,493,408,233,261,1837,395,1442,서울 마포구 마포역_2
2018,2,D,발달상권,1001165,1999,903,1096,100,760,434,199,171,335,49,313,201,98,90,152,51,447,233,101,81,183,1440,0,1440,서울 광진구 건대입구역_2
2018,2,D,발달상권,1001164,882,457,425,81,129,155,146,138,233,47,71,82,76,74,107,34,58,73,70,64,126,509,0,509,서울 마포구 마포역_1
2018,2,D,발달상권,1001163,4596,2226,2370,305,777,1121,732,755,906,153,312,523,402,421,415,152,465,598,330,334,491,2910,395,2515,서울 강동구 천호역_2
2018,2,D,발달상권,1001162,1047,511,536,67,220,194,135,168,263,30,92,101,74,83,131,37,128,93,61,85,132,633,0,633,서울 광진구 건대입구역_1
2018,2,D,발달상권,1001161,544,229,315,21,13,9,24,27,450,12,3,1,9,12,192,9,10,8,15,15,258,296,0,296,건대입구역
2018,2,D,발달상권,1001160,1891,850,1041,112,457,489,279,249,305,53,162,236,144,113,142,59,295,253,135,136,163,1252,0,1252,서울 광진구 구의역
2018,2,D,발달상권,1001159,292,141,151,20,43,64,48,40,77,8,19,35,26,16,37,12,24,29,22,24,40,170,0,170,서울 강동구 천호역
2018,2,D,발달상권,1001158,696,310,386,17,285,216,71,39,68,12,82,118,40,24,34,5,203,98,31,15,34,553,0,553,당산역_2
2018,2,D,발달상권,1001157,384,190,194,27,72,69,63,71,82,9,35,43,33,34,36,18,37,26,30,37,46,214,0,214,서울 강동구 천호역_1
2018,2,D,발달상권,1001156,3074,1506,1568,145,837,764,430,461,437,65,298,392,253,259,239,80,539,372,177,202,198,2184,0,2184,서울 강동구 길동역
2018,2,D,발달상권,1001155,610,351,259,38,93,149,103,71,156,17,56,93,69,42,74,21,37,56,34,29,82,367,46,321,용산 전자상가_5
2018,2,D,발달상권,1001154,332,177,155,67,25,67,68,41,64,31,14,36,44,25,27,36,11,31,24,16,37,165,0,165,용산 전자상가_4
2018,2,D,발달상권,1001153,1050,472,578,62,298,360,107,105,118,30,111,166,57,52,56,32,187,194,50,53,62,688,113,575,당산역_1
2018,2,D,발달상권,1001152,193,86,107,25,25,31,12,30,70,12,11,9,5,13,36,13,14,22,7,17,34,66,62,4,서울 광진구 강변역
2018,2,D,발달상권,1001151,253,124,129,24,32,64,24,44,65,11,16,35,14,21,27,13,16,29,10,23,38,125,70,55,용산 전자상가_3
2018,2,D,발달상권,1001150,893,494,399,57,170,171,143,146,206,33,101,98,75,82,105,24,69,73,68,64,101,584,0,584,서울 용산구 이태원역
2018,2,D,발달상권,1001149,166,87,79,10,26,18,24,25,63,6,16,10,12,14,29,4,10,8,12,11,34,110,0,110,한남오거리
2018,2,D,발달상권,1001148,62,35,27,3,13,17,13,10,6,1,3,7,11,7,6,2,10,10,2,3,0,56,0,56,목동사거리
2018,2,D,발달상권,1001147,177,94,83,28,27,30,26,30,36,18,15,12,16,17,16,10,12,18,10,13,20,67,0,67,용산 전자상가_2
2018,2,D,발달상권,1001146,113,50,63,13,12,23,23,10,32,5,5,7,16,2,15,8,7,16,7,8,17,57,0,57,용산구청
2018,2,D,발달상권,1001145,1460,680,780,132,278,445,253,208,144,58,112,202,135,96,77,74,166,243,118,112,67,843,0,843,용산 전자상가_1
2018,2,D,발달상권,1001144,696,354,342,23,120,224,129,96,104,12,58,110,64,54,56,11,62,114,65,42,48,556,0,556,국회의사당역_2
2018,2,D,발달상권,1001143,390,197,193,30,24,51,56,77,152,16,11,34,38,41,57,14,13,17,18,36,95,307,0,307,서울 용산구 신용산역
2018,2,D,발달상권,1001142,103,56,47,1,35,50,13,3,1,1,20,26,7,2,0,0,15,24,6,1,1,92,0,92,국회의사당역_1
2018,2,D,발달상권,1001141,1306,624,682,184,162,249,257,160,294,83,70,128,133,81,129,101,92,121,124,79,165,663,244,419,압구정 로데오거리_2
2018,2,D,발달상권,1001140,1878,853,1025,234,293,378,335,223,415,124,145,144,155,108,177,110,148,234,180,115,238,992,0,992,서울 강남구 압구정역
2018,2,D,발달상권,1001139,1278,665,613,68,231,246,183,205,345,34,111,126,104,125,165,34,120,120,79,80,180,888,0,888,서울 영등포구 영등포구청역
2018,2,D,발달상권,1001138,579,271,308,88,64,82,87,70,188,41,33,38,41,30,88,47,31,44,46,40,100,236,0,236,압구정 로데오거리_1
2018,2,D,발달상권,1001137,791,419,372,99,118,106,139,132,197,61,68,55,70,71,94,38,50,51,69,61,103,375,12,363,서울 강동구 둔촌동역
2018,2,D,발달상권,1001136,871,433,438,214,98,114,193,118,134,114,48,49,100,52,70,100,50,65,93,66,64,272,103,169,오목교역
2018,2,D,발달상권,1001135,3844,1780,2064,463,618,777,702,506,778,237,281,334,344,250,334,226,337,443,358,256,444,2163,0,2163,신사동 가로수길
2018,2,D,발달상권,1001134,17,14,3,1,2,3,3,6,2,0,2,3,3,4,2,1,0,0,0,2,0,14,0,14,서울 영등포구 여의도역_2
2018,2,D,발달상권,1001133,888,394,494,55,71,104,166,147,345,22,40,44,79,65,144,33,31,60,87,82,201,595,0,595,청담사거리_3
2018,2,D,발달상권,1001132,503,273,230,28,100,99,71,65,140,13,48,61,45,39,67,15,52,38,26,26,73,316,0,316,영등포유통상가
2018,2,D,발달상권,1001131,1050,493,557,166,150,226,197,149,162,88,67,97,95,72,74,78,83,129,102,77,88,479,346,133,청담역_2
2018,2,D,발달상권,1001130,198,98,100,29,23,35,28,29,54,10,16,15,14,14,29,19,7,20,14,15,25,71,0,71,청담역_1
2018,2,D,발달상권,1001129,357,174,183,47,45,59,57,52,97,20,27,29,27,24,47,27,18,30,30,28,50,135,0,135,청담사거리_2
2018,2,D,발달상권,1001128,254,114,140,36,36,49,63,32,38,14,13,21,33,16,17,22,23,28,30,16,21,143,0,143,청담사거리_1
2018,2,D,발달상권,1001127,1376,662,714,253,152,184,235,217,335,133,67,76,105,117,164,120,85,108,130,100,171,505,462,43,서울 영등포구 여의도역_1
2018,2,D,발달상권,1001126,288,147,141,24,51,34,47,48,84,15,28,18,27,24,35,9,23,16,20,24,49,158,0,158,서울 양천구 신정네거리역_2
2018,2,D,발달상권,1001125,456,230,226,65,72,68,81,75,95,41,37,37,36,36,43,24,35,31,45,39,52,173,116,57,학동사거리_2
2018,2,D,발달상권,1001124,1435,931,504,48,82,139,214,358,594,22,48,95,147,266,353,26,34,44,67,92,241,1128,0,1128,서울 영등포구 영등포시장역
2018,2,D,발달상권,1001123,428,214,214,37,73,91,78,55,94,22,30,44,43,32,43,15,43,47,35,23,51,271,46,225,학동사거리_1
2018,2,D,발달상권,1001122,1412,669,743,206,154,183,209,231,429,106,76,78,104,111,194,100,78,105,105,120,235,585,116,469,여의도 시범아파트앞
2018,2,D,발달상권,1001121,486,298,188,11,133,104,66,85,87,7,59,58,47,66,61,4,74,46,19,19,26,418,0,418,영등포역_3
2018,2,D,발달상권,1001120,272,123,149,20,61,80,37,22,52,11,28,39,16,9,20,9,33,41,21,13,32,178,24,154,도산공원사거리_1
2018,2,D,발달상권,1001119,751,547,204,17,144,105,133,196,156,9,58,76,120,168,116,8,86,29,13,28,40,694,0,694,영등포역_2
2018,2,D,발달상권,1001118,1493,741,752,225,148,222,234,256,408,116,76,107,121,131,190,109,72,115,113,125,218,711,573,138,문래동 주민센터
2018,2,D,발달상권,1001117,1000,439,561,68,188,293,161,105,185,34,71,126,77,49,82,34,117,167,84,56,103,631,0,631,강남구 신사역_2
2018,2,D,발달상권,1001116,325,178,147,12,130,97,34,33,19,7,54,57,21,23,16,5,76,40,13,10,3,279,0,279,영등포역_1
2018,2,D,발달상권,1001115,742,376,366,32,58,128,180,130,214,17,22,67,92,83,95,15,36,61,88,47,119,557,0,557,서울 강남구 강남구청역_2
2018,2,D,발달상권,1001114,779,422,357,45,143,181,141,114,155,26,66,100,84,68,78,19,77,81,57,46,77,532,0,532,강남구 신사역_1
2018,2,D,발달상권,1001113,9,6,3,0,1,2,1,2,3,0,1,2,1,2,0,0,0,0,0,0,3,9,0,9,서울 동작구 노량진1동_1
2018,2,D,발달상권,1001112,120,65,55,3,28,32,23,16,18,3,14,15,13,9,11,0,14,17,10,7,7,91,0,91,서울 강남구 학동역_3
2018,2,D,발달상권,1001111,620,313,307,53,123,167,96,95,86,27,63,80,40,57,46,26,60,87,56,38,40,398,92,306,서울 강남구 강남구청역_1
2018,2,D,발달상권,1001110,1765,834,931,242,233,250,220,295,525,122,109,114,87,140,262,120,124,136,133,155,263,614,212,402,잠실역
2018,2,D,발달상권,1001109,1895,947,948,143,332,476,352,273,319,75,153,228,179,151,161,68,179,248,173,122,158,1206,10,1196,강남구 논현역_4
2018,2,D,발달상권,1001108,494,209,285,25,81,180,85,61,62,13,35,75,31,28,27,12,46,105,54,33,35,346,0,346,학동역
2018,2,D,발달상권,1001107,1418,765,653,90,266,353,224,229,256,46,140,187,133,122,137,44,126,166,91,107,119,930,0,930,방이동 먹자골목
2018,2,D,발달상권,1001106,93,46,47,4,16,39,16,9,9,2,5,20,8,7,4,2,11,19,8,2,5,70,0,70,서울 강남구 학동역_2
2018,2,D,발달상권,1001105,1025,506,519,38,505,196,93,72,121,16,222,123,58,34,53,22,283,73,35,38,68,843,0,843,서울 동작구 노량진역
2018,2,D,발달상권,1001104,60,46,14,0,10,14,8,12,16,0,9,9,8,7,13,0,1,5,0,5,3,46,0,46,삼성역_3
2018,2,D,발달상권,1001103,24,16,8,5,2,2,5,5,5,4,1,1,2,4,4,1,1,1,3,1,1,14,0,14,코엑스
2018,2,D,발달상권,1001102,894,410,484,75,170,227,159,102,161,34,75,104,73,54,70,41,95,123,86,48,91,540,0,540,서울 강남구 학동역_1
2018,2,D,발달상권,1001101,3065,1386,1679,369,468,705,608,387,528,186,210,299,286,188,217,183,258,406,322,199,311,1842,141,1701,선정릉역_2
2018,2,D,발달상권,1001100,66,24,42,4,10,15,11,12,14,2,3,2,6,5,6,2,7,13,5,7,8,37,0,37,강남구 논현역_3
2018,2,D,발달상권,1001099,686,356,330,62,131,164,110,108,111,33,64,92,49,66,52,29,67,72,61,42,59,397,0,397,포스코사거리_2
2018,2,D,발달상권,1001098,2033,989,1044,203,339,457,373,290,371,111,160,195,201,149,173,92,179,262,172,141,198,1167,79,1088,포스코사거리_1
2018,2,D,발달상권,1001096,2775,1345,1430,535,353,623,475,409,380,262,159,315,233,189,187,273,194,308,242,220,193,984,547,437,신도림역
2018,2,D,발달상권,1001095,3907,1856,2051,257,802,1081,634,444,689,136,341,509,329,228,313,121,461,572,305,216,376,2487,0,2487,강남구 논현역_2
2018,2,D,발달상권,1001094,647,289,358,79,134,142,102,95,95,41,58,56,46,40,48,38,76,86,56,55,47,335,0,335,선정릉역_1
2018,2,D,발달상권,1001093,2787,1350,1437,242,464,679,467,391,544,125,211,329,240,189,256,117,253,350,227,202,288,1695,0,1695,신천역
2018,2,D,발달상권,1001092,1946,1006,940,94,369,486,336,294,367,46,170,229,204,179,178,48,199,257,132,115,189,1374,0,1374,강남구 논현역_1
2018,2,D,발달상권,1001091,9,6,3,0,1,2,1,1,4,0,0,2,1,0,3,0,1,0,0,1,1,5,0,5,삼성역_2
2018,2,D,발달상권,1001090,616,296,320,38,105,176,105,85,107,23,48,72,57,41,55,15,57,104,48,44,52,410,0,410,삼정역_2
2018,2,D,발달상권,1001089,90,40,50,6,13,21,12,15,23,3,4,13,3,6,11,3,9,8,9,9,12,48,0,48,삼정역_1
2018,2,D,발달상권,1001088,1418,700,718,188,273,336,233,194,194,110,107,166,118,102,97,78,166,170,115,92,97,802,0,802,삼성역_1
2018,2,D,발달상권,1001087,2154,1052,1102,130,427,643,365,262,327,66,187,317,206,124,152,64,240,326,159,138,175,1376,0,1376,서울 강남구 선릉역_2
2018,2,D,발달상권,1001085,3061,1569,1492,156,701,924,440,387,453,79,328,474,247,215,226,77,373,450,193,172,227,2162,44,2118,서울 서초구 강남역
2018,2,D,발달상권,1001084,680,336,344,41,89,211,160,88,91,24,43,96,76,53,44,17,46,115,84,35,47,499,0,499,서울 강남구 선릉역_1
2018,2,D,발달상권,1001083,605,302,303,83,87,159,87,76,113,46,39,78,39,40,60,37,48,81,48,36,53,298,0,298,서울 송파구 석촌역_2
2018,2,D,발달상권,1001082,4200,1900,2300,423,768,1162,864,509,474,204,295,477,414,281,229,219,473,685,450,228,245,2649,114,2535,선릉역_2
2018,2,D,발달상권,1001081,1045,512,533,77,226,278,145,146,173,38,107,132,75,75,85,39,119,146,70,71,88,654,0,654,서울 강남구 역삼역_2
2018,2,D,발달상권,1001080,192,83,109,21,32,43,43,22,31,12,9,18,21,8,15,9,23,25,22,14,16,106,0,106,서울 송파구 석촌역_1
2018,2,D,발달상권,1001079,3,2,1,0,0,1,0,1,1,0,0,1,0,1,0,0,0,0,0,0,1,2,0,2,석촌역
2018,2,D,발달상권,1001078,2534,1163,1371,299,406,456,483,373,517,138,152,208,236,193,236,161,254,248,247,180,281,1397,456,941,서울 강남구 강남역_2
2018,2,D,발달상권,1001077,1317,578,739,269,154,270,339,147,138,106,64,107,151,86,64,163,90,163,188,61,74,595,282,313,선릉역_1
2018,2,D,발달상권,1001076,687,333,354,111,95,180,107,95,99,58,35,87,60,47,46,53,60,93,47,48,53,308,169,139,구로역
2018,2,D,발달상권,1001075,412,280,132,308,23,42,16,12,11,218,11,25,8,11,7,90,12,17,8,1,4,92,0,92,역삼역_2
2018,2,D,발달상권,1001074,2603,1233,1370,246,672,733,418,298,236,119,233,353,233,183,112,127,439,380,185,115,124,1809,0,1809,대림역_2
2018,2,D,발달상권,1001073,5477,2804,2673,333,1039,1487,1009,732,877,173,444,777,565,431,414,160,595,710,444,301,463,3873,59,3814,서울 강남구 역삼역_1
2018,2,D,발달상권,1001072,1241,597,644,115,259,286,180,157,244,53,93,136,103,88,124,62,166,150,77,69,120,806,34,772,신대방삼거리역
2018,2,D,발달상권,1001071,2103,1000,1103,383,324,272,429,357,338,197,157,132,183,183,148,186,167,140,246,174,190,927,0,927,서울 강남구 한티역
2018,2,D,발달상권,1001070,389,208,181,98,47,37,96,68,43,71,24,17,38,40,18,27,23,20,58,28,25,133,89,44,은마아파트입구사거리_4
2018,2,D,발달상권,1001069,309,158,151,52,52,34,58,55,58,27,26,20,22,31,32,25,26,14,36,24,26,132,0,132,은마아파트입구사거리_3
2018,2,D,발달상권,1001068,18,9,9,0,3,1,2,6,6,0,1,0,2,2,4,0,2,1,0,4,2,9,0,9,은마아파트입구사거리_2
2018,2,D,발달상권,1001067,3768,1818,1950,232,893,1141,564,380,558,111,321,591,329,195,271,121,572,550,235,185,287,2714,0,2714,오류동역
2018,2,D,발달상권,1001066,2372,1097,1275,160,604,738,348,258,264,81,244,339,180,129,124,79,360,399,168,129,140,1654,103,1551,서울 강남구 강남역
2018,2,D,발달상권,1001065,142,75,67,25,25,14,27,30,21,16,15,9,14,14,7,9,10,5,13,16,14,48,0,48,은마아파트입구사거리_1
2018,2,D,발달상권,1001064,1769,807,962,71,632,601,231,123,111,36,201,307,129,80,54,35,431,294,102,43,57,1477,0,1477,대림역_1
2018,2,D,발달상권,1001063,444,222,222,60,77,71,81,58,97,31,36,38,37,35,45,29,41,33,44,23,52,252,40,212,교대역_4
2018,2,D,발달상권,1001062,2684,1278,1406,463,357,561,495,367,441,210,183,253,249,174,209,253,174,308,246,193,232,1190,144,1046,서울 강남구 강남역_1
2018,2,D,발달상권,1001061,2564,1228,1336,604,272,368,539,351,430,296,131,162,260,186,193,308,141,206,279,165,237,950,477,473,방배동카페골목
2018,2,D,발달상권,1001059,19,8,11,3,0,5,1,5,5,0,0,2,0,3,3,3,0,3,1,2,2,10,0,10,교대역_3
2018,2,D,발달상권,1001058,2822,1364,1458,289,539,806,454,333,401,134,265,400,228,149,188,155,274,406,226,184,213,1615,14,1601,역삼역_1
2018,2,D,발달상권,1001057,1640,773,867,171,284,378,283,239,285,84,137,171,143,110,128,87,147,207,140,129,157,942,285,657,교대역_2
2018,2,D,발달상권,1001056,543,290,253,34,75,129,85,106,114,16,26,58,50,75,65,18,49,71,35,31,49,382,0,382,서울 송파구 가락시장역
2018,2,D,발달상권,1001055,55,31,24,6,11,7,3,14,14,4,9,3,1,6,8,2,2,4,2,8,6,25,0,25,서울 서초구 서초역
2018,2,D,발달상권,1001054,614,285,329,192,70,59,137,92,64,90,34,22,58,51,30,102,36,37,79,41,34,194,104,90,서울 강남구 대치역_2
2018,2,D,발달상권,1001053,509,254,255,157,54,34,140,67,57,81,28,14,65,40,26,76,26,20,75,27,31,144,144,0,서울 강남구 대치역_1
2018,2,D,발달상권,1001052,2078,921,1157,126,503,685,328,213,223,68,192,318,145,101,97,58,311,367,183,112,126,1555,256,1299,뱅뱅사거리_2
2018,2,D,발달상권,1001051,5111,2424,2687,897,599,833,846,591,1345,441,289,382,409,282,621,456,310,451,437,309,724,2002,402,1600,보라매공원
2018,2,D,발달상권,1001050,2575,1287,1288,248,501,530,356,434,506,127,250,250,190,216,254,121,251,280,166,218,252,1314,197,1117,교대역_1
2018,2,D,발달상권,1001049,2664,1337,1327,294,346,364,381,514,765,155,188,198,196,253,347,139,158,166,185,261,418,1225,0,1225,개봉동 현대아파트 인근
2018,2,D,발달상권,1001048,1679,716,963,91,477,627,254,123,107,45,159,290,114,53,55,46,318,337,140,70,52,1288,1,1287,뱅뱅사거리
2018,2,D,발달상권,1001047,1092,559,533,117,220,329,163,123,140,58,101,175,90,66,69,59,119,154,73,57,71,674,0,674,뱅뱅사거리_1
2018,2,D,발달상권,1001046,3040,1532,1508,109,1155,943,359,214,260,62,497,520,216,108,129,47,658,423,143,106,131,2486,86,2400,서울 관악구 신림역_4
2018,2,D,발달상권,1001045,1159,540,619,84,240,214,156,170,295,42,102,104,82,81,129,42,138,110,74,89,166,668,0,668,동작구 총신대입구역_1
2018,2,D,발달상권,1001044,1857,870,987,210,288,472,302,243,342,97,134,221,139,120,159,113,154,251,163,123,183,970,0,970,양재역_3
2018,2,D,발달상권,1001043,1783,762,1021,335,259,325,403,250,211,142,87,137,174,132,90,193,172,188,229,118,121,847,18,829,동작구 총신대입구역_2
2018,2,D,발달상권,1001042,465,218,247,43,94,124,73,40,91,24,36,53,42,20,43,19,58,71,31,20,48,285,0,285,서울 서초구 남부터미널역_3
2018,2,D,발달상권,1001041,1554,723,831,121,140,249,233,229,582,55,59,113,134,132,230,66,81,136,99,97,352,943,514,429,서울 강남구 수서역
2018,2,D,발달상권,1001040,1024,549,475,20,430,296,102,77,99,10,189,174,71,51,54,10,241,122,31,26,45,881,0,881,서울 관악구 신림역_3
2018,2,D,발달상권,1001039,1694,831,863,93,340,498,330,253,180,50,110,233,174,161,103,43,230,265,156,92,77,1316,0,1316,서울 서초구 남부터미널역_2
2018,2,D,발달상권,1001038,133,74,59,12,8,23,19,28,43,5,6,11,14,17,21,7,2,12,5,11,22,79,0,79,구로디지탈1단지
2018,2,D,발달상권,1001037,1684,754,930,237,333,330,307,233,244,105,142,142,149,109,107,132,191,188,158,124,137,861,132,729,양재역
2018,2,D,발달상권,1001036,374,203,171,48,60,79,70,52,65,30,35,44,38,26,30,18,25,35,32,26,35,188,0,188,문정역
2018,2,D,발달상권,1001035,578,296,282,74,118,99,86,96,105,45,54,52,45,47,53,29,64,47,41,49,52,290,0,290,매봉역
2018,2,D,발달상권,1001034,1224,590,634,156,175,261,232,167,233,83,75,125,121,82,104,73,100,136,111,85,129,647,0,647,서울 서초구 방배역
2018,2,D,발달상권,1001033,1234,593,641,191,187,206,187,220,243,104,94,90,86,99,120,87,93,116,101,121,123,494,0,494,서울 서초구 남부터미널역_1
2018,2,D,발달상권,1001032,1667,891,776,82,598,393,169,164,261,50,319,232,94,65,131,32,279,161,75,99,130,1140,0,1140,서울 관악구 신림역_2
2018,2,D,발달상권,1001031,687,289,398,17,304,200,68,49,49,8,98,96,37,25,25,9,206,104,31,24,24,576,0,576,서울 관악구 신림역_1
2018,2,D,발달상권,1001030,895,421,474,100,163,203,139,129,161,51,66,97,70,64,73,49,97,106,69,65,88,473,0,473,양재역_2
2018,2,D,발달상권,1001029,10,7,3,0,2,0,2,5,1,0,2,0,2,3,0,0,0,0,0,2,1,5,0,5,양재역_1
2018,2,D,발달상권,1001028,521,270,251,18,188,143,58,48,66,12,84,75,41,26,32,6,104,68,17,22,34,410,0,410,서울 관악구 서울대입구역_2
2018,2,D,발달상권,1001027,1570,889,681,26,412,375,251,273,233,12,137,211,176,210,143,14,275,164,75,63,90,1415,30,1385,가산디지털단지역_3
2018,2,D,발달상권,1001026,369,212,157,19,52,31,53,98,116,15,27,21,29,66,54,4,25,10,24,32,62,241,0,241,구로디지털단지역
2018,2,D,발달상권,1001025,6550,3021,3529,232,2954,1643,585,513,623,106,1167,828,309,283,328,126,1787,815,276,230,295,5251,0,5251,서울 관악구 서울대입구역_1
2018,2,D,발달상권,1001024,937,442,495,152,158,145,167,150,165,71,69,69,77,69,87,81,89,76,90,81,78,410,83,327,관악구 사당역_1
2018,2,D,발달상권,1001023,606,328,278,49,132,134,87,72,132,25,66,78,55,44,60,24,66,56,32,28,72,356,163,193,가산디지털단지역_2
2018,2,D,발달상권,1001022,944,448,496,39,250,220,105,122,208,22,96,112,49,66,103,17,154,108,56,56,105,639,0,639,관악구 사당역_2
2018,2,D,발달상권,1001021,24,15,9,0,4,6,3,5,6,0,0,2,3,5,5,0,4,4,0,0,1,22,0,22,가산디지털단지역_1
2018,2,D,발달상권,1001019,92,51,41,8,16,32,17,11,8,3,10,16,12,6,4,5,6,16,5,5,4,57,0,57,포이사거리_1
2018,2,D,발달상권,1001018,1838,1000,838,169,294,453,336,291,295,87,137,253,202,160,161,82,157,200,134,131,134,1134,0,1134,포이사거리_2
2018,2,D,발달상권,1001017,292,139,153,10,75,96,36,26,49,4,23,55,19,11,27,6,52,41,17,15,22,224,0,224,관악구 사당역_3
2018,2,D,발달상권,1001016,1645,1006,639,95,694,344,189,125,198,54,430,238,125,70,89,41,264,106,64,55,109,1279,0,1279,서울 관악구 대학동_1
2018,2,D,발달상권,1001015,1220,672,548,58,227,335,203,195,202,29,113,203,117,119,91,29,114,132,86,76,111,878,0,878,서울 금천구 독산1동_1
2018,2,D,발달상권,1001013,1694,823,871,470,166,250,341,203,264,255,80,111,175,92,110,215,86,139,166,111,154,536,0,536,양재 화물트럭터미널앞_2
2018,2,D,발달상권,1001012,3,3,0,0,0,0,0,2,1,0,0,0,0,2,1,0,0,0,0,0,0,3,0,3,양재 화물트럭터미널앞_1
2018,2,D,발달상권,1001011,1570,823,747,110,171,217,244,308,520,61,82,115,146,181,238,49,89,102,98,127,282,1020,0,1020,서울 금천구 시흥1동_4
2018,2,A,골목상권,1001010,3137,1574,1563,334,416,532,509,595,751,173,208,290,264,291,348,161,208,242,245,304,403,1622,0,1622,풍성로37가길
2018,2,A,골목상권,1001009,4084,2059,2025,426,595,724,612,709,1018,219,281,398,333,361,467,207,314,326,279,348,551,2066,38,2028,천호옛길
2018,2,A,골목상권,1001008,2271,1106,1165,185,423,473,311,349,530,92,182,268,161,160,243,93,241,205,150,189,287,1225,0,1225,천호옛14길
2018,2,A,골목상권,1001007,2285,1148,1137,318,310,289,343,440,585,164,160,148,183,224,269,154,150,141,160,216,316,1000,0,1000,천호대로219길
2018,2,A,골목상권,1001006,4809,2382,2427,763,696,750,722,868,1010,391,360,385,360,405,481,372,336,365,362,463,529,1818,653,1165,천호대로197길
2018,2,A,골목상권,1001005,2800,1381,1419,366,365,522,405,463,679,185,187,280,195,217,317,181,178,242,210,246,362,1270,98,1172,천호대로187길
2018,2,A,골목상권,1001004,4193,2136,2057,510,632,878,631,685,857,270,322,477,337,317,413,240,310,401,294,368,444,1938,305,1633,천호대로170길
2018,2,A,골목상권,1001003,2667,1335,1332,355,390,458,388,463,613,183,199,224,213,220,296,172,191,234,175,243,317,1146,119,1027,천호대로162길
2018,2,A,골목상권,1001002,4526,2183,2343,647,658,713,672,758,1078,344,317,362,332,354,474,303,341,351,340,404,604,1847,137,1710,천중로51길
2018,2,A,골목상권,1001001,6577,3215,3362,931,967,1116,1001,1090,1472,473,478,596,502,473,693,458,489,520,499,617,779,2736,438,2298,천중로39길
2018,2,A,골목상권,1001000,1808,878,930,179,279,374,258,310,408,99,127,189,142,131,190,80,152,185,116,179,218,883,0,883,진황도로47길
2018,2,A,골목상권,1000999,7597,3829,3768,808,1057,1546,1057,1229,1900,408,505,818,582,605,911,400,552,728,475,624,989,3814,685,3129,진황도로27길
2018,2,A,골목상권,1000998,3223,1584,1639,338,420,596,487,591,791,170,205,316,251,297,345,168,215,280,236,294,446,1662,124,1538,올림픽로98길
2018,2,A,골목상권,1000997,2045,1050,995,206,251,267,316,403,602,111,128,146,172,216,277,95,123,121,144,187,325,1066,0,1066,올림픽로80길
2018,2,A,골목상권,1000996,1822,957,865,122,184,212,285,424,595,59,93,124,156,245,280,63,91,88,129,179,315,1114,74,1040,올림픽로78길
2018,2,A,골목상권,1000995,2628,1332,1296,276,372,508,382,456,634,138,171,283,208,226,306,138,201,225,174,230,328,1294,0,1294,올림픽로77길
2018,2,A,골목상권,1000994,2539,1295,1244,209,347,418,341,489,735,110,180,234,183,247,341,99,167,184,158,242,394,1368,0,1368,올림픽로71길
2018,2,A,골목상권,1000993,1581,759,822,258,196,312,265,208,342,134,95,142,132,106,150,124,101,170,133,102,192,684,47,637,올림픽로48길
2018,2,A,골목상권,1000992,3604,1806,1798,724,424,590,625,492,749,385,213,309,305,244,350,339,211,281,320,248,399,1357,656,701,양재대로96길
2018,2,A,골목상권,1000991,3605,1774,1831,489,550,627,548,641,750,277,287,328,268,293,321,212,263,299,280,348,429,1535,145,1390,양재대로95길
2018,2,A,골목상권,1000990,4078,2002,2076,636,614,595,645,724,864,356,323,306,313,346,358,280,291,289,332,378,506,1652,389,1263,양재대로91길
2018,2,A,골목상권,1000989,5020,2474,2546,683,747,782,699,903,1206,343,382,419,357,416,557,340,365,363,342,487,649,2105,189,1916,양재대로133길
2018,2,A,골목상권,1000988,4440,2233,2207,566,663,702,698,800,1011,300,355,383,342,379,474,266,308,319,356,421,537,1936,109,1827,양재대로124길
2018,2,A,골목상권,1000987,1515,738,777,197,245,262,217,252,342,104,109,140,116,117,152,93,136,122,101,135,190,664,138,526,양재대로116길
2018,2,A,골목상권,1000986,4784,2303,2481,530,784,1085,674,751,960,266,388,545,341,314,449,264,396,540,333,437,511,2377,109,2268,양재대로101길
2018,2,A,골목상권,1000985,7147,3602,3545,1004,1001,1198,1110,1226,1608,522,534,628,572,611,735,482,467,570,538,615,873,3150,291,2859,암사길
2018,2,A,골목상권,1000984,4743,2346,2397,807,665,782,829,744,916,453,331,391,394,351,426,354,334,391,435,393,490,1823,43,1780,성안로3길
2018,2,A,골목상권,1000983,3384,1645,1739,605,458,537,551,521,712,298,234,250,291,239,333,307,224,287,260,282,379,1297,458,839,성내로5길
2018,2,A,골목상권,1000982,1307,661,646,196,221,177,177,274,262,102,127,82,89,134,127,94,94,95,88,140,135,522,0,522,상일로5길
2018,2,A,골목상권,1000981,1938,962,976,248,261,368,315,270,476,131,131,197,156,132,215,117,130,171,159,138,261,968,284,684,상암로5길
2018,2,A,골목상권,1000980,3028,1458,1570,463,437,439,474,521,694,232,226,225,230,230,315,231,211,214,244,291,379,1205,372,833,상암로51길
2018,2,A,골목상권,1000979,3262,1638,1624,423,467,686,500,555,631,210,219,347,271,284,307,213,248,339,229,271,324,1632,115,1517,상암로4길
2018,2,A,골목상권,1000978,3734,1826,1908,515,520,727,548,633,791,264,264,357,264,306,371,251,256,370,284,327,420,1610,351,1259,상암로14길
2018,2,A,골목상권,1000977,2750,1389,1361,400,433,403,415,481,618,225,220,214,213,249,268,175,213,189,202,232,350,1241,110,1131,명일로13길
2018,2,A,골목상권,1000976,2931,1497,1434,400,422,346,437,588,738,211,225,196,223,297,345,189,197,150,214,291,393,1269,0,1269,동남로85길
2018,2,A,골목상권,1000975,1746,943,803,198,238,204,242,397,467,111,138,122,128,218,226,87,100,82,114,179,241,842,0,842,동남로82길
2018,2,A,골목상권,1000974,2573,1258,1315,528,335,281,459,458,512,283,179,147,210,227,212,245,156,134,249,231,300,1029,0,1029,동남로65길
2018,2,A,골목상권,1000973,4377,2223,2154,513,595,667,685,856,1061,265,311,353,374,424,496,248,284,314,311,432,565,2209,109,2100,구천면로42길
2018,2,A,골목상권,1000972,5413,2707,2706,699,729,893,817,990,1285,364,376,484,428,460,595,335,353,409,389,530,690,2425,322,2103,구천면로41길
2018,2,A,골목상권,1000971,2633,1363,1270,323,387,357,391,526,649,177,188,201,210,278,309,146,199,156,181,248,340,1210,0,1210,구천면로36길
2018,2,A,골목상권,1000970,1617,825,792,314,203,255,278,254,313,163,113,125,149,133,142,151,90,130,129,121,171,629,0,629,고덕로61길
2018,2,A,골목상권,1000969,1544,765,779,315,179,273,214,242,321,153,105,134,114,113,146,162,74,139,100,129,175,553,136,417,고덕로25길
2018,2,A,골목상권,1000968,2085,1042,1043,304,299,372,350,345,415,165,147,197,182,155,196,139,152,175,168,190,219,997,57,940,고덕로10길
2018,2,A,골목상권,1000967,4254,2165,2089,787,594,583,729,735,826,482,317,303,348,340,375,305,277,280,381,395,451,1615,260,1355,강동대로53길
2018,2,A,골목상권,1000966,1958,960,998,214,228,301,267,347,601,118,117,164,146,147,268,96,111,137,121,200,333,933,0,933,풍성로25길
2018,2,A,골목상권,1000965,2596,1314,1282,515,377,366,443,428,467,269,198,199,217,203,228,246,179,167,226,225,239,997,85,912,오금로46길
2018,2,A,골목상권,1000964,2928,1443,1485,385,527,600,439,452,525,201,254,328,205,206,249,184,273,272,234,246,276,1303,51,1252,오금로36길
2018,2,A,골목상권,1000963,4804,2306,2498,493,764,1169,701,713,964,251,373,604,356,293,429,242,391,565,345,420,535,2490,23,2467,오금로11길
2018,2,A,골목상권,1000962,2686,1303,1383,424,430,328,422,524,558,213,226,153,192,255,264,211,204,175,230,269,294,1014,412,602,양재대로72길
2018,2,A,골목상권,1000961,1542,730,812,255,232,254,235,265,301,130,105,123,111,120,141,125,127,131,124,145,160,608,21,587,양재대로71길
2018,2,A,골목상권,1000960,2653,1360,1293,372,409,503,406,456,507,190,214,251,211,240,254,182,195,252,195,216,253,1159,9,1150,양재대로64길
2018,2,A,골목상권,1000959,1567,813,754,224,207,342,265,236,293,128,104,179,136,127,139,96,103,163,129,109,154,743,282,461,양재대로62길
2018,2,A,골목상권,1000958,2186,1171,1015,223,349,350,369,459,436,123,185,187,202,243,231,100,164,163,167,216,205,1151,0,1151,송파대로30길
2018,2,A,골목상권,1000957,3323,1678,1645,481,520,725,498,516,583,267,272,377,255,235,272,214,248,348,243,281,311,1388,304,1084,송이로36길
2018,2,A,골목상권,1000956,5258,2611,2647,771,868,1063,816,892,848,389,443,564,402,419,394,382,425,499,414,473,454,2250,258,1992,송이로32길
2018,2,A,골목상권,1000955,4387,2158,2229,577,734,937,672,640,827,309,367,462,332,297,391,268,367,475,340,343,436,2007,40,1967,송이로23길
2018,2,A,골목상권,1000954,6532,3085,3447,750,1185,1573,1034,916,1074,412,513,749,504,416,491,338,672,824,530,500,583,3502,0,3502,삼전로13길
2018,2,A,골목상권,1000953,8413,4113,4300,1239,1277,1579,1277,1360,1681,682,631,792,618,608,782,557,646,787,659,752,899,3562,206,3356,백제고분로50길
2018,2,A,골목상권,1000952,3247,1550,1697,436,544,731,477,498,561,219,270,357,225,224,255,217,274,374,252,274,306,1492,17,1475,백제고분로46길
2018,2,A,골목상권,1000951,4683,2245,2438,596,763,1156,678,680,810,291,358,553,348,307,388,305,405,603,330,373,422,2190,252,1938,백제고분로45길
2018,2,A,골목상권,1000950,4198,1994,2204,464,759,1087,583,627,678,254,336,519,272,299,314,210,423,568,311,328,364,2098,0,2098,백제고분로42길
2018,2,A,골목상권,1000949,3359,1551,1808,363,627,844,491,460,574,202,248,403,243,193,262,161,379,441,248,267,312,1721,0,1721,백제고분로39길
2018,2,A,골목상권,1000948,7769,3800,3969,1063,1144,1762,1260,1117,1423,575,549,904,613,534,625,488,595,858,647,583,798,3649,18,3631,백제고분로34길
2018,2,A,골목상권,1000947,6224,2957,3267,670,1123,1615,984,822,1010,344,500,779,501,375,458,326,623,836,483,447,552,3323,0,3323,백제고분로33길
2018,2,A,골목상권,1000946,6452,3081,3371,975,945,1431,1097,909,1095,509,453,696,532,399,492,466,492,735,565,510,603,2981,36,2945,백제고분로32길
2018,2,A,골목상권,1000945,6308,2906,3402,854,986,1451,1048,885,1084,411,438,686,504,390,477,443,548,765,544,495,607,3108,0,3108,백제고분로31길
2018,2,A,골목상권,1000944,6845,3282,3563,915,1058,1602,1164,1016,1090,460,515,774,587,451,495,455,543,828,577,565,595,3335,0,3335,백제고분로22길
2018,2,A,골목상권,1000943,2515,1252,1263,244,426,650,424,379,392,133,201,314,224,205,175,111,225,336,200,174,217,1373,0,1373,백제고분로21길
2018,2,A,골목상권,1000942,4081,2104,1977,552,458,519,646,775,1131,285,249,280,348,421,521,267,209,239,298,354,610,1934,88,1846,마천로51길
2018,2,A,골목상권,1000941,3563,1698,1865,638,532,573,610,573,637,316,249,289,281,276,287,322,283,284,329,297,350,1323,377,946,동남로20길
2018,2,A,골목상권,1000940,3298,1667,1631,428,350,396,528,641,955,213,202,215,288,333,416,215,148,181,240,308,539,1640,0,1640,거마로20길
2018,2,A,골목상권,1000939,2544,1202,1342,557,321,464,530,327,345,319,137,180,247,155,164,238,184,284,283,172,181,983,634,349,학동로77길
2018,2,A,골목상권,1000938,1579,715,864,130,318,427,279,157,268,70,137,190,133,72,113,60,181,237,146,85,155,973,0,973,학동로6길
2018,2,A,골목상권,1000937,1021,475,546,169,149,192,185,136,190,70,83,87,80,64,91,99,66,105,105,72,99,444,126,318,학동로56길
2018,2,A,골목상권,1000936,1529,712,817,165,284,412,264,165,239,76,129,197,138,73,99,89,155,215,126,92,140,837,102,735,학동로38길
2018,2,A,골목상권,1000935,442,215,227,39,71,103,62,52,115,27,40,48,30,23,47,12,31,55,32,29,68,235,0,235,테헤란로81길
2018,2,A,골목상권,1000934,3430,1662,1768,539,648,547,518,537,641,289,333,256,247,240,297,250,315,291,271,297,344,1550,0,1550,일원로9길
2018,2,A,골목상권,1000933,2351,1163,1188,433,367,358,395,361,437,235,194,181,183,170,200,198,173,177,212,191,237,983,82,901,일원로3길
2018,2,A,골목상권,1000932,2320,1165,1155,314,348,285,396,400,577,186,210,141,181,193,254,128,138,144,215,207,323,1089,0,1089,영동대로65길
2018,2,A,골목상권,1000931,2643,1310,1333,448,373,471,478,392,481,267,204,227,210,182,220,181,169,244,268,210,261,1043,479,564,영동대로112길
2018,2,A,골목상권,1000930,3503,1737,1766,365,622,928,630,484,474,178,283,463,335,261,217,187,339,465,295,223,257,2022,181,1841,언주로81길
2018,2,A,골목상권,1000929,1028,476,552,156,161,231,193,124,163,82,73,94,96,60,71,74,88,137,97,64,92,505,64,441,압구정로2길
2018,2,A,골목상권,1000928,1690,849,841,263,224,218,280,300,405,141,126,120,128,155,179,122,98,98,152,145,226,730,34,696,선릉로18길
2018,2,A,골목상권,1000927,1980,866,1114,222,360,446,342,268,342,111,130,187,172,122,144,111,230,259,170,146,198,1079,0,1079,선릉로146길
2018,2,A,골목상권,1000926,1559,675,884,193,278,352,264,188,284,102,97,149,125,88,114,91,181,203,139,100,170,798,108,690,선릉로133길
2018,2,A,골목상권,1000925,2081,952,1129,399,307,373,391,277,334,212,121,147,179,145,148,187,186,226,212,132,186,854,119,735,선릉로132길
2018,2,A,골목상권,1000924,859,403,456,80,134,227,162,112,144,43,72,99,80,49,60,37,62,128,82,63,84,473,0,473,선릉로121길
2018,2,A,골목상권,1000923,2488,1214,1274,410,417,438,514,362,347,234,203,213,214,190,160,176,214,225,300,172,187,1146,235,911,삼성로75길
2018,2,A,골목상권,1000922,3430,1676,1754,632,600,525,718,502,453,375,295,257,313,241,195,257,305,268,405,261,258,1545,0,1545,삼성로69길
2018,2,A,골목상권,1000921,3107,1649,1458,825,402,188,807,560,325,542,226,90,342,303,146,283,176,98,465,257,179,1003,713,290,삼성로64길
2018,2,A,골목상권,1000920,4313,2044,2269,725,755,646,864,772,551,407,348,308,368,371,242,318,407,338,496,401,309,2048,18,2030,삼성로63길
2018,2,A,골목상권,1000919,1688,872,816,489,215,92,437,308,147,303,105,41,179,177,67,186,110,51,258,131,80,515,389,126,삼성로57길
2018,2,A,골목상권,1000918,1257,554,703,170,241,277,196,166,207,82,108,106,96,79,83,88,133,171,100,87,124,652,25,627,삼성로147길
2018,2,A,골목상권,1000917,2812,1294,1518,528,385,576,548,342,433,296,190,225,243,160,180,232,195,351,305,182,253,1262,131,1131,삼성로115길
2018,2,A,골목상권,1000916,1486,674,812,150,245,423,283,152,233,79,106,172,143,78,96,71,139,251,140,74,137,891,0,891,봉은사로68길
2018,2,A,골목상권,1000915,1553,691,862,218,280,355,286,179,235,123,113,151,118,93,93,95,167,204,168,86,142,797,0,797,봉은사로57길
2018,2,A,골목상권,1000914,3313,1562,1751,513,481,712,606,418,583,271,229,322,280,197,263,242,252,390,326,221,320,1517,330,1187,봉은사로43길
2018,2,A,골목상권,1000913,1236,575,661,105,227,371,214,139,180,51,106,160,109,65,84,54,121,211,105,74,96,747,0,747,봉은사로29길
2018,2,A,골목상권,1000912,2209,1055,1154,413,308,358,369,336,425,208,163,159,172,158,195,205,145,199,197,178,230,812,148,664,봉은사로109길
2018,2,A,골목상권,1000911,1920,892,1028,267,313,343,339,304,354,153,135,167,147,134,156,114,178,176,192,170,198,817,161,656,도산대로89길
2018,2,A,골목상권,1000910,929,416,513,157,141,124,152,134,221,73,62,53,66,59,103,84,79,71,86,75,118,364,0,364,도산대로81길
2018,2,A,골목상권,1000909,2236,1029,1207,308,301,483,345,294,505,164,139,200,173,132,221,144,162,283,172,162,284,997,381,616,도산대로50길
2018,2,A,골목상권,1000908,1029,474,555,90,181,315,169,109,165,50,79,148,88,43,66,40,102,167,81,66,99,640,0,640,도산대로38길
2018,2,A,골목상권,1000907,908,422,486,68,167,221,170,94,188,31,69,106,82,42,92,37,98,115,88,52,96,537,30,507,도산대로30길
2018,2,A,골목상권,1000906,1529,665,864,180,286,347,266,190,260,86,121,152,122,72,112,94,165,195,144,118,148,818,31,787,도산대로23길
2018,2,A,골목상권,1000905,692,307,385,85,128,160,119,74,126,37,47,74,53,36,60,48,81,86,66,38,66,363,0,363,도산대로15길
2018,2,A,골목상권,1000904,5992,2768,3224,726,1014,1395,1032,780,1045,366,454,625,488,370,465,360,560,770,544,410,580,3076,0,3076,도곡로37길
2018,2,A,골목상권,1000903,3621,1793,1828,570,551,652,630,592,626,304,289,341,299,291,269,266,262,311,331,301,357,1619,0,1619,논현로8길
2018,2,A,골목상권,1000902,2557,1235,1322,320,408,607,427,348,447,166,189,281,221,170,208,154,219,326,206,178,239,1273,221,1052,논현로63길
2018,2,A,골목상권,1000901,78,44,34,10,8,14,8,13,25,6,5,8,5,5,15,4,3,6,3,8,10,36,0,36,논현로28길
2018,2,A,골목상권,1000900,1242,570,672,124,213,196,200,213,296,62,103,79,100,91,135,62,110,117,100,122,161,645,0,645,논현로26길
2018,2,A,골목상권,1000899,428,190,238,52,65,107,63,57,84,27,27,45,28,25,38,25,38,62,35,32,46,207,0,207,논현로159길
2018,2,A,골목상권,1000898,1328,630,698,142,194,316,215,174,287,71,83,149,109,84,134,71,111,167,106,90,153,656,0,656,논현로139길
2018,2,A,골목상권,1000897,2087,986,1101,123,372,539,449,274,330,65,175,244,218,146,138,58,197,295,231,128,192,1503,0,1503,논현로123길
2018,2,A,골목상권,1000896,3211,1527,1684,243,676,906,487,392,507,107,306,426,267,191,230,136,370,480,220,201,277,1926,54,1872,논현로115길
2018,2,A,골목상권,1000895,1578,791,787,270,212,268,303,267,258,147,114,134,138,138,120,123,98,134,165,129,138,655,0,655,논현로10길
2018,2,A,골목상권,1000894,2106,923,1183,144,399,728,338,212,285,63,162,307,163,97,131,81,237,421,175,115,154,1358,0,1358,논현로106길
2018,2,A,골목상권,1000893,3548,1700,1848,723,467,566,658,571,563,342,232,274,314,279,259,381,235,292,344,292,304,1326,791,535,남부순환로365길
2018,2,A,골목상권,1000892,31,23,8,0,3,6,5,7,10,0,2,6,5,5,5,0,1,0,0,2,5,26,0,26,개포로82길
2018,2,A,골목상권,1000891,2065,997,1068,365,323,318,400,355,304,183,163,161,181,176,133,182,160,157,219,179,171,824,105,719,개포로28길
2018,2,A,골목상권,1000890,2369,1154,1215,326,392,443,389,410,409,158,191,234,208,173,190,168,201,209,181,237,219,1064,0,1064,개포로20길
2018,2,A,골목상권,1000889,3656,1778,1878,590,526,609,646,614,671,306,258,302,308,302,302,284,268,307,338,312,369,1581,80,1501,개포로17길
2018,2,A,골목상권,1000888,1873,867,1006,184,305,459,277,293,355,101,133,214,133,131,155,83,172,245,144,162,200,973,550,423,강남대로140길
2018,2,A,골목상권,1000887,1237,558,679,139,172,248,219,176,283,65,75,99,99,78,142,74,97,149,120,98,141,553,0,553,강남대로136길
2018,2,A,골목상권,1000886,1495,640,855,115,323,436,242,152,227,62,128,175,122,58,95,53,195,261,120,94,132,906,17,889,강남대로118길
2018,2,A,골목상권,1000885,2615,1286,1329,450,349,481,479,339,517,230,176,231,244,158,247,220,173,250,235,181,270,1097,144,953,서초중앙로8길
2018,2,A,골목상권,1000884,2688,1235,1453,537,379,370,494,451,457,235,175,162,217,230,216,302,204,208,277,221,241,1014,150,864,방배중앙로21길
2018,2,A,골목상권,1000883,2076,1010,1066,394,241,422,397,284,338,211,112,179,209,140,159,183,129,243,188,144,179,893,337,556,효령로72길
2018,2,A,골목상권,1000882,1580,766,814,267,198,300,262,241,312,146,95,147,126,115,137,121,103,153,136,126,175,631,306,325,효령로34길
2018,2,A,골목상권,1000881,1784,827,957,219,251,362,307,256,389,110,119,174,139,117,168,109,132,188,168,139,221,903,0,903,효령로31길
2018,2,A,골목상권,1000880,4565,2109,2456,685,772,885,752,643,828,359,364,393,339,284,370,326,408,492,413,359,458,1980,141,1839,효령로23길
2018,2,A,골목상권,1000879,3966,1863,2103,585,600,704,633,564,880,307,268,332,304,255,397,278,332,372,329,309,483,1807,0,1807,청두곶길
2018,2,A,골목상권,1000878,3998,1941,2057,211,899,1181,639,467,601,108,402,572,352,243,264,103,497,609,287,224,337,2711,0,2711,주흥길
2018,2,A,골목상권,1000877,2622,1220,1402,186,479,742,468,276,471,98,203,339,251,141,188,88,276,403,217,135,283,1668,0,1668,주흥15길
2018,2,A,골목상권,1000876,2078,1049,1029,284,321,449,367,314,343,143,171,222,189,161,163,141,150,227,178,153,180,952,0,952,언남길
2018,2,A,골목상권,1000875,2620,1261,1359,309,445,582,428,339,517,158,208,290,207,164,234,151,237,292,221,175,283,1352,86,1266,신반포로45길
2018,2,A,골목상권,1000874,3259,1580,1679,376,462,497,451,550,923,199,223,253,233,244,428,177,239,244,218,306,495,1355,0,1355,서초대로8길
2018,2,A,골목상권,1000873,1735,841,894,378,217,272,358,257,253,201,107,113,174,129,117,177,110,159,184,128,136,593,475,118,서초대로64길
2018,2,A,골목상권,1000872,3437,1581,1856,523,510,613,537,515,739,250,241,287,241,233,329,273,269,326,296,282,410,1440,118,1322,서초대로4길
2018,2,A,골목상권,1000871,1267,593,674,189,196,253,187,198,244,96,90,120,89,83,115,93,106,133,98,115,129,532,0,532,서초대로25길
2018,2,A,골목상권,1000870,2659,1252,1407,385,346,475,472,405,576,197,168,218,231,196,242,188,178,257,241,209,334,1268,119,1149,서초대로23길
2018,2,A,골목상권,1000869,3302,1509,1793,493,517,669,550,449,624,233,246,292,257,216,265,260,271,377,293,233,359,1493,0,1493,서초대로15길
2018,2,A,골목상권,1000868,1264,555,709,55,291,348,196,143,231,27,117,149,99,63,100,28,174,199,97,80,131,832,0,832,사평대로57길
2018,2,A,골목상권,1000867,133,50,83,17,28,16,20,18,34,6,13,6,6,6,13,11,15,10,14,12,21,62,0,62,사평대로26길
2018,2,A,골목상권,1000866,1519,698,821,299,191,232,300,224,273,162,87,97,129,102,121,137,104,135,171,122,152,592,83,509,사평대로22길
2018,2,A,골목상권,1000865,1067,524,543,149,180,227,163,151,197,76,94,114,86,69,85,73,86,113,77,82,112,538,38,500,사임당로17길
2018,2,A,골목상권,1000864,1013,470,543,237,122,140,204,141,169,113,64,60,98,66,69,124,58,80,106,75,100,384,0,384,방배로42길
2018,2,A,골목상권,1000863,1755,818,937,341,239,224,343,279,329,163,113,96,155,141,150,178,126,128,188,138,179,668,0,668,방배로35길
2018,2,A,골목상권,1000862,1624,742,882,200,268,407,252,191,306,113,103,186,116,84,140,87,165,221,136,107,166,828,0,828,방배로18길
2018,2,A,골목상권,1000861,1649,798,851,267,259,240,267,282,334,143,138,125,118,134,140,124,121,115,149,148,194,692,78,614,반포대로9길
2018,2,A,골목상권,1000860,2775,1336,1439,335,438,586,395,418,603,172,213,304,183,189,275,163,225,282,212,229,328,1276,78,1198,바우뫼로39길
2018,2,A,골목상권,1000859,1494,748,746,210,213,326,266,199,280,105,113,177,141,90,122,105,100,149,125,109,158,680,0,680,마방로2길
2018,2,A,골목상권,1000858,1197,537,660,165,211,240,183,170,228,85,78,101,100,65,108,80,133,139,83,105,120,591,0,591,방배천로4안길
2018,2,A,골목상권,1000857,2065,1042,1023,303,281,494,389,267,331,148,150,258,202,129,155,155,131,236,187,138,176,959,0,959,동산로19길
2018,2,A,골목상권,1000856,3496,1728,1768,534,517,731,555,530,629,301,257,368,275,248,279,233,260,363,280,282,350,1499,32,1467,동산로10길
2018,2,A,골목상권,1000855,1640,746,894,289,195,271,311,238,336,147,87,120,134,119,139,142,108,151,177,119,197,728,0,728,동광로39길
2018,2,A,골목상권,1000854,3335,1540,1795,582,500,562,632,524,535,284,237,271,277,242,229,298,263,291,355,282,306,1428,0,1428,동광로1길
2018,2,A,골목상권,1000853,1330,597,733,247,186,186,257,182,272,98,81,88,121,88,121,149,105,98,136,94,151,537,0,537,동광로12길
2018,2,A,골목상권,1000852,1855,902,953,172,282,397,350,265,389,88,149,194,169,129,173,84,133,203,181,136,216,1054,159,895,논현로27길
2018,2,A,골목상권,1000851,3181,1530,1651,524,443,658,601,495,460,254,224,333,284,246,189,270,219,325,317,249,271,1367,0,1367,논현로1길
2018,2,A,골목상권,1000850,1580,772,808,276,209,356,284,199,256,135,100,180,141,101,115,141,109,176,143,98,141,729,0,729,남부순환로339길
2018,2,A,골목상권,1000849,2492,1227,1265,336,374,360,394,449,579,180,189,176,191,225,266,156,185,184,203,224,313,1105,225,880,남부순환로325길
2018,2,A,골목상권,1000848,1704,828,876,330,266,270,307,261,270,183,132,123,144,117,129,147,134,147,163,144,141,649,97,552,남부순환로317길
2018,2,A,골목상권,1000847,1998,955,1043,423,221,303,365,277,409,219,109,137,171,138,181,204,112,166,194,139,228,725,49,676,고무래로8길
2018,2,A,골목상권,1000846,3675,1820,1855,465,589,890,546,523,662,235,291,454,289,240,311,230,298,436,257,283,351,1829,94,1735,강남대로8길
2018,2,A,골목상권,1000845,2632,1248,1384,263,432,707,352,362,516,137,199,370,163,164,215,126,233,337,189,198,301,1364,0,1364,강남대로34길
2018,2,A,골목상권,1000844,1073,527,546,119,165,259,151,149,230,67,76,128,82,62,112,52,89,131,69,87,118,529,0,529,강남대로23길
2018,2,A,골목상권,1000843,709,388,321,36,54,81,144,143,251,26,22,41,87,93,119,10,32,40,57,50,132,517,0,517,소담길
2018,2,A,골목상권,1000842,1378,700,678,156,158,197,190,258,419,80,75,117,112,130,186,76,83,80,78,128,233,657,154,503,원신길
2018,2,A,골목상권,1000841,1830,912,918,193,205,204,274,336,618,90,113,123,148,178,260,103,92,81,126,158,358,902,0,902,양지길
2018,2,A,골목상권,1000840,1607,814,793,124,271,307,260,248,397,65,141,181,150,108,169,59,130,126,110,140,228,917,282,635,양산길
2018,2,A,골목상권,1000839,2619,1628,991,65,846,681,409,263,355,31,481,473,300,182,161,34,365,208,109,81,194,2158,0,2158,호암로24길
2018,2,A,골목상권,1000838,3090,1982,1108,136,955,742,492,342,423,78,574,528,384,210,208,58,381,214,108,132,215,2300,0,2300,호암로20길
2018,2,A,골목상권,1000837,4851,2393,2458,319,1496,1293,563,453,727,163,671,709,309,212,329,156,825,584,254,241,398,3267,0,3267,행운길
2018,2,A,골목상권,1000836,3330,1687,1643,270,724,647,399,461,829,145,340,351,216,244,391,125,384,296,183,217,438,2010,0,2010,행운1길
2018,2,A,골목상권,1000835,4207,2066,2141,506,532,576,620,704,1269,258,300,310,333,344,521,248,232,266,287,360,748,2073,381,1692,청림3길
2018,2,A,골목상권,1000834,3440,1627,1813,200,1189,777,354,355,565,100,491,418,185,156,277,100,698,359,169,199,288,2405,23,2382,청룡길
2018,2,A,골목상권,1000833,1867,902,965,200,512,367,235,199,354,99,222,203,121,94,163,101,290,164,114,105,191,1130,0,1130,청룡8길
2018,2,A,골목상권,1000832,3178,1554,1624,298,697,606,441,398,738,156,319,316,247,203,313,142,378,290,194,195,425,1745,154,1591,중앙길
2018,2,A,골목상권,1000831,4397,2220,2177,493,736,773,640,756,999,260,335,431,336,395,463,233,401,342,304,361,536,2374,49,2325,조원중앙로2길
2018,2,A,골목상권,1000830,1778,872,906,138,479,413,236,187,325,68,199,230,138,90,147,70,280,183,98,97,178,1156,0,1156,조원로18길
2018,2,A,골목상권,1000829,1761,907,854,150,284,344,255,298,430,82,125,189,142,164,205,68,159,155,113,134,225,997,0,997,조원로10길
2018,2,A,골목상권,1000828,1755,870,885,143,412,404,217,189,390,72,192,223,125,88,170,71,220,181,92,101,220,1060,0,1060,장군봉2길
2018,2,A,골목상권,1000827,877,413,464,87,129,142,100,128,291,51,55,67,56,66,118,36,74,75,44,62,173,537,30,507,장군봉1길
2018,2,A,골목상권,1000826,3077,1477,1600,357,489,604,483,447,697,175,246,297,237,214,308,182,243,307,246,233,389,1427,0,1427,인헌길
2018,2,A,골목상권,1000825,1515,744,771,284,168,266,263,209,325,140,92,135,139,106,132,144,76,131,124,103,193,587,0,587,은천로25길
2018,2,A,골목상권,1000824,4542,2197,2345,355,1110,916,527,615,1019,192,472,480,283,303,467,163,638,436,244,312,552,2635,81,2554,양녕로6길
2018,2,A,골목상권,1000823,2808,1384,1424,198,606,541,344,398,721,96,275,318,203,180,312,102,331,223,141,218,409,1706,0,1706,신원로3길
2018,2,A,골목상권,1000822,1821,906,915,128,460,414,250,200,369,76,197,223,130,105,175,52,263,191,120,95,194,1163,0,1163,신사로20길
2018,2,A,골목상권,1000821,1919,926,993,56,821,522,182,143,195,31,353,288,94,74,86,25,468,234,88,69,109,1514,0,1514,신림로65길
2018,2,A,골목상권,1000820,1642,883,759,45,608,481,190,151,167,28,277,270,123,100,85,17,331,211,67,51,82,1341,0,1341,신림로64길
2018,2,A,골목상권,1000819,2582,1355,1227,200,634,539,339,389,481,106,326,334,186,182,221,94,308,205,153,207,260,1484,0,1484,신림로48길
2018,2,A,골목상권,1000818,1961,1033,928,180,424,389,283,266,419,102,226,226,167,128,184,78,198,163,116,138,235,1118,0,1118,신림로38길
2018,2,A,골목상권,1000817,2999,1768,1231,231,823,688,432,357,468,128,459,460,278,215,228,103,364,228,154,142,240,2046,58,1988,신림로28길
2018,2,A,골목상권,1000816,4689,2787,1902,330,1312,1032,641,607,767,177,765,698,426,361,360,153,547,334,215,246,407,3141,0,3141,신림로11길
2018,2,A,골목상권,1000815,4077,2084,1993,122,1498,1224,486,297,450,60,689,685,292,162,196,62,809,539,194,135,254,3294,0,3294,신림동길
2018,2,A,골목상권,1000814,3137,1480,1657,217,816,896,314,394,500,101,335,474,163,159,248,116,481,422,151,235,252,1821,20,1801,승방길
2018,2,A,골목상권,1000813,4120,2721,1399,215,1448,1077,546,332,502,124,959,772,412,215,239,91,489,305,134,117,263,3178,0,3178,서림7길
2018,2,A,골목상권,1000812,4001,1971,2030,419,719,744,566,559,994,218,344,391,313,265,440,201,375,353,253,294,554,2090,457,1633,봉천로33길
2018,2,A,골목상권,1000811,3831,1920,1911,517,687,643,541,537,906,291,357,348,279,252,393,226,330,295,262,285,513,1826,0,1826,봉천로13길
2018,2,A,골목상권,1000810,4146,2256,1890,390,971,849,574,565,797,199,536,526,336,296,363,191,435,323,238,269,434,2406,0,2406,복은길
2018,2,A,골목상권,1000809,1339,649,690,202,191,174,204,237,331,99,93,102,99,111,145,103,98,72,105,126,186,598,0,598,법원단지길
2018,2,A,골목상권,1000808,5261,2645,2616,765,829,689,845,953,1180,420,443,361,427,449,545,345,386,328,418,504,635,2146,0,2146,법원단지9길
2018,2,A,골목상권,1000807,4106,2019,2087,602,610,633,641,696,924,298,304,336,320,332,429,304,306,297,321,364,495,1792,213,1579,미성5길
2018,2,A,골목상권,1000806,1770,1112,658,102,574,367,262,187,278,50,366,256,191,123,126,52,208,111,71,64,152,1308,0,1308,대학길
2018,2,A,골목상권,1000805,2968,2069,899,160,842,613,529,406,418,82,579,454,411,314,229,78,263,159,118,92,189,2330,0,2330,대학14길
2018,2,A,골목상권,1000804,1805,893,912,187,323,306,286,277,426,92,159,166,136,136,204,95,164,140,150,141,222,980,0,980,당곡길
2018,2,A,골목상권,1000803,1961,922,1039,241,370,404,268,258,420,110,165,208,129,116,194,131,205,196,139,142,226,936,150,786,남현길
2018,2,A,골목상권,1000802,1600,743,857,108,361,425,200,193,313,50,149,209,102,91,142,58,212,216,98,102,171,993,28,965,남현3길
2018,2,A,골목상권,1000801,2822,1342,1480,248,572,675,365,380,582,130,230,367,193,165,257,118,342,308,172,215,325,1529,0,1529,남현2길
2018,2,A,골목상권,1000800,1689,781,908,168,383,310,239,224,365,83,173,145,120,107,153,85,210,165,119,117,212,913,45,868,남부순환로248길
2018,2,A,골목상권,1000799,1926,989,937,175,479,420,260,197,395,92,251,233,134,97,182,83,228,187,126,100,213,1213,23,1190,남부순환로234길
2018,2,A,골목상권,1000798,2629,1297,1332,275,596,459,378,407,514,141,284,251,183,196,242,134,312,208,195,211,272,1373,153,1220,남부순환로172길
2018,2,A,골목상권,1000797,3934,1978,1956,437,806,687,599,659,746,229,392,389,292,334,342,208,414,298,307,325,404,2068,0,2068,남부순환로161길
2018,2,A,골목상권,1000796,3364,1668,1696,342,767,654,503,479,619,177,360,359,259,222,291,165,407,295,244,257,328,1834,0,1834,남부순환로151길
2018,2,A,골목상권,1000795,3516,1731,1785,398,680,727,499,517,695,188,315,397,268,257,306,210,365,330,231,260,389,1856,273,1583,남부순환로142길
2018,2,A,골목상권,1000794,2591,1334,1257,301,301,267,443,429,850,154,166,152,236,226,400,147,135,115,207,203,450,1319,0,1319,난향길
2018,2,A,골목상권,1000793,2396,1189,1207,390,320,322,388,402,574,189,162,172,192,203,271,201,158,150,196,199,303,1025,0,1025,난우길
2018,2,A,골목상권,1000792,1829,857,972,142,460,400,230,215,382,76,191,205,118,99,168,66,269,195,112,116,214,1149,0,1149,난곡로74길
2018,2,A,골목상권,1000791,2583,1315,1268,336,378,395,394,493,587,188,191,209,209,241,277,148,187,186,185,252,310,1144,0,1144,난곡로34길
2018,2,A,골목상권,1000790,3319,1680,1639,371,507,414,504,646,877,187,249,253,280,323,388,184,258,161,224,323,489,1641,0,1641,난곡로26길
2018,2,A,골목상권,1000789,2516,1327,1189,306,288,336,391,437,758,167,173,185,222,230,350,139,115,151,169,207,408,1180,0,1180,난곡로24길
2018,2,A,골목상권,1000788,5272,2609,2663,523,1501,1271,679,498,800,252,690,694,370,238,365,271,811,577,309,260,435,3303,0,3303,낙성대역길
2018,2,A,골목상권,1000787,5482,2745,2737,813,720,887,900,886,1276,420,381,471,484,408,581,393,339,416,416,478,695,2312,0,2312,국회단지길
2018,2,A,골목상권,1000786,2983,1485,1498,424,320,316,522,488,913,219,162,163,288,246,407,205,158,153,234,242,506,1414,0,1414,구암길
2018,2,A,골목상권,1000785,4370,2131,2239,396,1045,1010,577,498,844,184,510,529,312,224,372,212,535,481,265,274,472,2536,0,2536,관천로22길
2018,2,A,골목상권,1000784,4588,2306,2282,557,945,815,692,706,873,281,462,469,371,327,396,276,483,346,321,379,477,2364,0,2364,관천로15길
2018,2,A,골목상권,1000783,2773,1385,1388,445,402,437,433,421,635,217,217,231,211,214,295,228,185,206,222,207,340,1028,289,739,관악로30길
2018,2,A,골목상권,1000782,3084,1521,1563,496,414,441,507,510,716,250,218,220,258,241,334,246,196,221,249,269,382,1096,165,931,관악로28길
2018,2,A,골목상권,1000781,1415,668,747,102,530,294,141,121,227,51,237,145,75,63,97,51,293,149,66,58,130,968,0,968,관악로14길
2018,2,A,골목상권,1000780,4466,2225,2241,496,1291,897,584,473,725,251,596,509,321,229,319,245,695,388,263,244,406,2649,117,2532,관악로10길
2018,2,A,골목상권,1000779,2024,1032,992,192,625,301,230,253,423,102,365,156,117,119,173,90,260,145,113,134,250,1182,230,952,흑석로9길
2018,2,A,골목상권,1000778,669,329,340,83,138,95,97,100,156,37,65,61,50,47,69,46,73,34,47,53,87,328,0,328,흑석로13길
2018,2,A,골목상권,1000777,2342,1235,1107,164,448,388,290,398,654,99,246,233,174,199,284,65,202,155,116,199,370,1356,0,1356,장승배기로27길
2018,2,A,골목상권,1000776,2471,1259,1212,190,360,341,333,475,772,92,186,206,177,251,347,98,174,135,156,224,425,1333,0,1333,장승배기로19길
2018,2,A,골목상권,1000775,385,204,181,37,74,48,54,70,102,19,41,30,25,39,50,18,33,18,29,31,52,213,22,191,장승배기로10길
2018,2,A,골목상권,1000774,2881,1328,1553,682,437,373,628,407,354,281,183,188,302,214,160,401,254,185,326,193,194,1121,173,948,여의대방로46길
2018,2,A,골목상권,1000773,2874,1361,1513,405,503,560,467,397,542,206,216,272,221,194,252,199,287,288,246,203,290,1437,74,1363,여의대방로24길
2018,2,A,골목상권,1000772,3175,1550,1625,351,722,615,458,439,590,192,317,324,216,225,276,159,405,291,242,214,314,1693,0,1693,여의대방로22카길
2018,2,A,골목상권,1000771,2470,1188,1282,376,335,405,416,382,556,197,156,196,209,188,242,179,179,209,207,194,314,1076,198,878,여의대방로22나길
2018,2,A,골목상권,1000770,2361,1162,1199,263,451,480,347,356,464,150,203,250,182,171,206,113,248,230,165,185,258,1231,178,1053,여의대방로22길
2018,2,A,골목상권,1000769,1774,865,909,286,247,278,308,287,368,152,119,138,156,134,166,134,128,140,152,153,202,703,141,562,양녕로26길
2018,2,A,골목상권,1000768,3934,1897,2037,440,566,589,625,667,1047,228,280,306,300,332,451,212,286,283,325,335,596,2220,0,2220,신대방길
2018,2,A,골목상권,1000767,2095,1025,1070,276,327,341,342,326,483,145,177,170,174,166,193,131,150,171,168,160,290,968,0,968,성대로29길
2018,2,A,골목상권,1000766,1099,547,552,93,227,232,134,172,241,47,111,113,73,95,108,46,116,119,61,77,133,676,0,676,성대로1길
2018,2,A,골목상권,1000765,623,292,331,64,102,62,85,111,199,26,51,33,44,61,77,38,51,29,41,50,122,328,0,328,서달로8가길
2018,2,A,골목상권,1000764,358,184,174,31,48,54,41,54,130,14,25,29,28,31,57,17,23,25,13,23,73,223,0,223,서달로15길
2018,2,A,골목상권,1000763,377,175,202,36,62,47,37,78,117,13,30,23,22,36,51,23,32,24,15,42,66,201,0,201,서달로14길
2018,2,A,골목상권,1000762,1796,865,931,184,283,254,257,314,504,94,140,130,139,156,206,90,143,124,118,158,298,889,0,889,서달로10길
2018,2,A,골목상권,1000761,2889,1400,1489,356,843,564,386,287,453,178,403,278,199,138,204,178,440,286,187,149,249,1631,133,1498,상도로62길
2018,2,A,골목상권,1000760,2302,1211,1091,225,700,396,280,269,432,122,413,217,141,120,198,103,287,179,139,149,234,1274,272,1002,상도로61길
2018,2,A,골목상권,1000759,3957,2003,1954,484,1193,588,488,456,748,242,685,303,232,210,331,242,508,285,256,246,417,2138,49,2089,상도로47길
2018,2,A,골목상권,1000758,1317,622,695,168,344,248,168,141,248,77,156,126,90,65,108,91,188,122,78,76,140,706,0,706,상도로37길
2018,2,A,골목상권,1000757,3868,1888,1980,350,816,813,514,551,824,169,412,422,267,266,352,181,404,391,247,285,472,2128,0,2128,상도로15길
2018,2,A,골목상권,1000756,2590,1229,1361,252,458,522,388,394,576,130,214,261,196,184,244,122,244,261,192,210,332,1275,0,1275,사당로8길
2018,2,A,골목상권,1000755,1036,492,544,64,211,255,141,118,247,41,99,123,80,48,101,23,112,132,61,70,146,634,0,634,사당로30길
2018,2,A,골목상권,1000754,3135,1519,1616,465,478,560,513,449,670,256,209,291,251,211,301,209,269,269,262,238,369,1518,232,1286,사당로2차길
2018,2,A,골목상권,1000753,2554,1214,1340,240,475,472,350,433,584,117,237,231,173,212,244,123,238,241,177,221,340,1353,0,1353,사당로29길
2018,2,A,골목상권,1000752,2885,1393,1492,269,611,651,340,389,625,142,285,346,157,180,283,127,326,305,183,209,342,1584,0,1584,사당로26길
2018,2,A,골목상권,1000751,1017,511,506,115,146,152,158,166,280,62,76,84,87,79,123,53,70,68,71,87,157,475,0,475,사당로23나길
2018,2,A,골목상권,1000750,1533,735,798,310,186,282,250,225,280,167,79,124,130,108,127,143,107,158,120,117,153,509,505,4,사당로23길
2018,2,A,골목상권,1000749,2665,1268,1397,264,519,560,373,353,596,124,249,297,190,152,256,140,270,263,183,201,340,1415,0,1415,사당로20길
2018,2,A,골목상권,1000748,3406,1638,1768,369,476,612,523,489,937,189,222,323,276,226,402,180,254,289,247,263,535,1655,68,1587,사당로16길
2018,2,A,골목상권,1000747,2218,1069,1149,232,458,399,315,300,514,114,213,202,164,143,233,118,245,197,151,157,281,1092,0,1092,사당로16가길
2018,2,A,골목상권,1000746,3580,1838,1742,516,686,623,476,496,783,276,388,369,244,211,350,240,298,254,232,285,433,1679,589,1090,만양로8길
2018,2,A,골목상권,1000745,923,565,358,34,367,208,89,74,151,20,244,143,64,34,60,14,123,65,25,40,91,715,0,715,만양로14길
2018,2,A,골목상권,1000744,1955,992,963,188,342,339,244,344,498,102,186,186,130,169,219,86,156,153,114,175,279,993,140,853,등용로14길
2018,2,A,골목상권,1000743,3409,1635,1774,205,854,771,388,466,725,110,376,380,213,218,338,95,478,391,175,248,387,2048,65,1983,동작대로7길
2018,2,A,골목상권,1000742,2426,1208,1218,287,320,407,366,392,654,154,162,221,194,185,292,133,158,186,172,207,362,1079,24,1055,동작대로35길
2018,2,A,골목상권,1000741,2605,1228,1377,219,406,456,383,398,743,121,185,234,185,170,333,98,221,222,198,228,410,1391,19,1372,동작대로33길
2018,2,A,골목상권,1000740,858,428,430,96,140,138,107,125,252,52,77,72,55,57,115,44,63,66,52,68,137,346,146,200,동작대로29길
2018,2,A,골목상권,1000739,2385,1112,1273,178,457,512,343,330,565,92,191,223,186,155,265,86,266,289,157,175,300,1459,0,1459,동작대로17길
2018,2,A,골목상권,1000738,3514,1583,1931,479,777,681,535,461,581,253,319,287,256,210,258,226,458,394,279,251,323,1740,0,1740,대방동2길
2018,2,A,골목상권,1000737,4219,2085,2134,762,757,711,772,571,646,402,368,364,380,291,280,360,389,347,392,280,366,1928,0,1928,대방동27길
2018,2,A,골목상권,1000736,3275,1655,1620,318,543,456,447,677,834,164,274,272,237,328,380,154,269,184,210,349,454,1620,18,1602,노량진로6길
2018,2,A,골목상권,1000735,3970,1897,2073,514,684,809,558,531,874,256,307,418,289,245,382,258,377,391,269,286,492,1986,0,1986,국사봉길
2018,2,A,골목상권,1000734,1387,630,757,138,336,333,196,148,236,78,130,152,86,75,109,60,206,181,110,73,127,795,0,795,국사봉2길
2018,2,A,골목상권,1000733,3356,1591,1765,334,558,645,500,505,814,164,262,327,247,232,359,170,296,318,253,273,455,1825,0,1825,국사봉1길
2018,2,A,골목상권,1000732,2614,1361,1253,215,340,460,353,496,750,110,191,246,190,252,372,105,149,214,163,244,378,1457,69,1388,영신로9길
2018,2,A,골목상권,1000731,2588,1321,1267,183,534,477,388,402,604,91,251,282,213,215,269,92,283,195,175,187,335,1658,15,1643,영등포로84길
2018,2,A,골목상권,1000730,2263,1159,1104,211,372,360,334,389,597,117,178,211,190,208,255,94,194,149,144,181,342,1271,0,1271,영등포로80길
2018,2,A,골목상권,1000729,1639,867,772,129,271,349,232,246,412,59,149,206,136,128,189,70,122,143,96,118,223,965,22,943,영등포로62길
2018,2,A,골목상권,1000728,1194,702,492,78,244,250,160,185,277,40,129,151,101,121,160,38,115,99,59,64,117,848,0,848,영등포로35길
2018,2,A,골목상권,1000727,1895,1049,846,138,344,417,261,300,435,71,173,256,156,178,215,67,171,161,105,122,220,1187,0,1187,영등포로27길
2018,2,A,골목상권,1000726,1741,881,860,126,358,312,218,294,433,63,167,171,131,152,197,63,191,141,87,142,236,1041,0,1041,영등포로25길
2018,2,A,골목상권,1000725,2322,1165,1157,226,316,443,376,379,582,104,156,252,192,202,259,122,160,191,184,177,323,1231,408,823,여의대방로61길
2018,2,A,골목상권,1000724,3543,1777,1766,425,515,525,533,639,906,231,264,286,272,312,412,194,251,239,261,327,494,1619,742,877,여의대방로43나길
2018,2,A,골목상권,1000723,369,173,196,27,74,66,42,61,99,15,30,32,21,30,45,12,44,34,21,31,54,219,0,219,여의대방로39길
2018,2,A,골목상권,1000722,1480,766,714,175,206,200,246,237,416,95,111,110,130,120,200,80,95,90,116,117,216,718,0,718,여의대방로35길
2018,2,A,골목상권,1000721,4052,2062,1990,583,657,1082,609,509,612,301,303,596,312,254,296,282,354,486,297,255,316,1830,627,1203,양평로28길
2018,2,A,골목상권,1000720,1570,772,798,202,264,490,252,157,205,108,103,263,139,76,83,94,161,227,113,81,122,828,163,665,양평로22라길
2018,2,A,골목상권,1000719,2980,1505,1475,549,442,583,507,409,490,281,222,305,262,216,219,268,220,278,245,193,271,1138,521,617,양평로19길
2018,2,A,골목상권,1000718,3034,1509,1525,319,365,412,464,540,934,167,175,223,236,280,428,152,190,189,228,260,506,1479,0,1479,신길로60길
2018,2,A,골목상권,1000717,2773,1398,1375,307,365,314,420,540,827,157,192,183,222,284,360,150,173,131,198,256,467,1305,84,1221,신길로42길
2018,2,A,골목상권,1000716,4050,1975,2075,501,549,467,657,743,1133,271,278,249,330,355,492,230,271,218,327,388,641,1923,245,1678,신길로42가길
2018,2,A,골목상권,1000715,2022,1025,997,237,264,225,313,408,575,125,149,126,161,208,256,112,115,99,152,200,319,1060,0,1060,신길로39길
2018,2,A,골목상권,1000714,2423,1169,1254,218,370,313,347,459,716,109,203,169,165,216,307,109,167,144,182,243,409,1245,0,1245,신길로17길
2018,2,A,골목상권,1000713,939,485,454,128,100,146,149,148,268,73,50,79,88,70,125,55,50,67,61,78,143,416,0,416,선유서로28길
2018,2,A,골목상권,1000712,3372,1759,1613,383,530,816,521,456,666,197,261,453,300,250,298,186,269,363,221,206,368,1779,592,1187,선유서로25길
2018,2,A,골목상권,1000711,1323,679,644,120,126,137,187,249,504,62,81,82,109,134,211,58,45,55,78,115,293,742,0,742,선유서로24길
2018,2,A,골목상권,1000710,2914,1445,1469,206,684,773,364,354,533,111,269,407,197,208,253,95,415,366,167,146,280,1861,17,1844,선유로55길
2018,2,A,골목상권,1000709,90,87,3,75,4,4,2,1,4,75,3,3,2,0,4,0,1,1,0,1,0,8,0,8,디지털로74길
2018,2,A,골목상권,1000708,1478,714,764,136,144,163,259,281,495,77,75,76,127,149,210,59,69,87,132,132,285,868,0,868,디지털로57길
2018,2,A,골목상권,1000707,1399,681,718,145,122,138,222,256,516,74,67,71,107,127,235,71,55,67,115,129,281,745,0,745,디지털로37길
2018,2,A,골목상권,1000706,1691,832,859,194,249,227,252,268,501,97,136,122,132,124,221,97,113,105,120,144,280,839,0,839,도신로62길
2018,2,A,골목상권,1000705,773,390,383,83,95,101,112,132,250,40,56,58,56,63,117,43,39,43,56,69,133,407,0,407,도신로60길
2018,2,A,골목상권,1000704,1632,840,792,204,212,238,275,295,408,119,113,130,138,155,185,85,99,108,137,140,223,744,84,660,도신로29길
2018,2,A,골목상권,1000703,3667,1839,1828,325,673,761,527,579,802,181,301,400,282,297,378,144,372,361,245,282,424,1888,12,1876,도신로15길
2018,2,A,골목상권,1000702,2531,1235,1296,243,444,472,345,417,610,108,213,258,163,203,290,135,231,214,182,214,320,1369,0,1369,도림천로21길
2018,2,A,골목상권,1000701,834,423,411,124,109,107,128,166,200,56,61,60,65,83,98,68,48,47,63,83,102,366,0,366,도림로63길
2018,2,A,골목상권,1000700,347,192,155,15,43,54,33,55,147,9,26,27,25,32,73,6,17,27,8,23,74,208,0,208,도림로147길
2018,2,A,골목상권,1000699,2239,1157,1082,236,272,300,352,421,658,127,149,164,191,226,300,109,123,136,161,195,358,1114,0,1114,도림로112길
2018,2,A,골목상권,1000698,3090,1526,1564,308,491,400,474,516,901,163,231,219,240,267,406,145,260,181,234,249,495,1650,0,1650,대림로8길
2018,2,A,골목상권,1000697,1053,511,542,102,130,132,144,213,332,51,57,79,66,107,151,51,73,53,78,106,181,564,0,564,대림로7길
2018,2,A,골목상권,1000696,2383,1254,1129,346,346,300,401,480,510,189,194,166,207,254,244,157,152,134,194,226,266,1032,58,974,대림로44길
2018,2,A,골목상권,1000695,2848,1462,1386,405,406,327,445,571,694,216,216,189,219,288,334,189,190,138,226,283,360,1213,134,1079,대림로34길
2018,2,A,골목상권,1000694,2403,1241,1162,241,286,329,424,470,653,134,137,183,235,249,303,107,149,146,189,221,350,1263,172,1091,대림로31길
2018,2,A,골목상권,1000693,1916,993,923,152,243,267,315,374,565,81,127,159,167,204,255,71,116,108,148,170,310,1151,0,1151,대림로29길
2018,2,A,골목상권,1000692,4375,2227,2148,529,627,499,673,834,1213,286,334,272,335,437,563,243,293,227,338,397,650,1915,790,1125,대림로22길
2018,2,A,골목상권,1000691,2120,1063,1057,127,531,487,256,282,437,63,243,271,137,147,202,64,288,216,119,135,235,1325,0,1325,당산로46길
2018,2,A,골목상권,1000690,1796,824,972,136,580,502,194,179,205,61,225,275,93,80,90,75,355,227,101,99,115,1252,0,1252,당산로38길
2018,2,A,골목상권,1000689,1346,632,714,134,185,249,186,211,381,63,78,121,100,115,155,71,107,128,86,96,226,779,580,199,당산로37길
2018,2,A,골목상권,1000688,977,510,467,101,175,253,136,122,190,59,84,132,74,69,92,42,91,121,62,53,98,567,90,477,당산로31길
2018,2,A,골목상권,1000687,2583,1554,1029,112,748,925,285,213,300,57,389,615,200,139,154,55,359,310,85,74,146,2030,272,1758,국회대로56길
2018,2,A,골목상권,1000686,141,107,34,1,6,8,19,36,71,0,3,5,18,29,52,1,3,3,1,7,19,125,0,125,경인로90길
2018,2,A,골목상권,1000685,141,78,63,8,8,20,24,21,60,3,5,14,17,13,26,5,3,6,7,8,34,70,0,70,경인로80길
2018,2,A,골목상권,1000684,275,166,109,7,45,45,31,54,93,3,31,27,21,37,47,4,14,18,10,17,46,200,0,200,경인로77길
2018,2,A,골목상권,1000683,1954,997,957,229,282,215,299,377,552,125,151,123,155,194,249,104,131,92,144,183,303,905,0,905,가마산로61길
2018,2,A,골목상권,1000682,3815,1960,1855,464,593,571,566,746,875,237,318,326,275,377,427,227,275,245,291,369,448,1844,19,1825,시흥대로94길
2018,2,A,골목상권,1000681,5975,3040,2935,736,897,834,890,1217,1401,405,476,453,445,596,665,331,421,381,445,621,736,2667,67,2600,시흥대로84길
2018,2,A,골목상권,1000680,2649,1348,1301,318,371,352,403,514,691,171,191,204,214,252,316,147,180,148,189,262,375,1253,0,1253,시흥대로68길
2018,2,A,골목상권,1000679,1625,807,818,178,213,303,250,285,396,89,103,161,128,140,186,89,110,142,122,145,210,817,388,429,시흥대로63길
2018,2,A,골목상권,1000678,3023,1519,1504,367,417,381,455,621,782,190,235,206,233,309,346,177,182,175,222,312,436,1442,0,1442,시흥대로62가길
2018,2,A,골목상권,1000677,1975,1007,968,289,249,303,303,350,481,141,131,168,168,179,220,148,118,135,135,171,261,834,72,762,시흥대로36길
2018,2,A,골목상권,1000676,3545,1764,1781,510,488,507,521,596,923,261,253,280,266,285,419,249,235,227,255,311,504,1350,208,1142,시흥대로22길
2018,2,A,골목상권,1000675,1825,1010,815,151,426,435,227,288,298,74,236,267,130,154,149,77,190,168,97,134,149,1157,31,1126,시흥대로153길
2018,2,A,골목상권,1000674,4840,2435,2405,592,708,780,720,878,1162,290,362,431,370,440,542,302,346,349,350,438,620,2214,345,1869,시흥대로150길
2018,2,A,골목상권,1000673,2213,1216,997,155,503,404,282,404,465,72,242,247,165,241,249,83,261,157,117,163,216,1490,0,1490,시흥대로141길
2018,2,A,골목상권,1000672,590,316,274,69,51,76,94,120,180,39,33,45,48,62,89,30,18,31,46,58,91,306,24,282,시흥대로138길
2018,2,A,골목상권,1000671,3306,1645,1661,381,514,441,493,689,788,199,253,233,249,355,356,182,261,208,244,334,432,1536,35,1501,시흥대로120길
2018,2,A,골목상권,1000670,1084,573,511,81,147,189,152,210,305,39,77,112,83,119,143,42,70,77,69,91,162,654,0,654,벚꽃로56길
2018,2,A,골목상권,1000669,821,469,352,70,170,221,147,116,97,39,88,142,87,67,46,31,82,79,60,49,51,536,51,485,범안로17길
2018,2,A,골목상권,1000668,1285,740,545,70,396,451,166,97,105,32,198,289,109,58,54,38,198,162,57,39,51,995,149,846,범안로11길
2018,2,A,골목상권,1000667,3193,1625,1568,318,496,495,486,611,787,156,257,280,263,296,373,162,239,215,223,315,414,1589,33,1556,문성로5길
2018,2,A,골목상권,1000666,661,316,345,85,94,89,108,138,147,38,53,46,51,68,60,47,41,43,57,70,87,306,0,306,독산로85길
2018,2,A,골목상권,1000665,3365,1691,1674,441,484,426,510,665,839,212,256,237,254,341,391,229,228,189,256,324,448,1494,56,1438,독산로78다길
2018,2,A,골목상권,1000664,2642,1339,1303,264,318,316,461,606,677,132,161,173,224,346,303,132,157,143,237,260,374,1458,0,1458,독산로70길
2018,2,A,골목상권,1000663,2306,1172,1134,273,331,295,357,499,551,137,181,157,189,256,252,136,150,138,168,243,299,1064,0,1064,독산로64길
2018,2,A,골목상권,1000662,2157,1094,1063,320,310,302,314,388,523,172,167,156,156,186,257,148,143,146,158,202,266,772,248,524,독산로50길
2018,2,A,골목상권,1000661,2650,1309,1341,385,332,388,412,494,639,188,184,207,207,233,290,197,148,181,205,261,349,1152,67,1085,독산로40길
2018,2,A,골목상권,1000660,1904,986,918,195,311,313,294,383,408,106,147,188,145,207,193,89,164,125,149,176,215,1002,13,989,독산로108길
2018,2,A,골목상권,1000659,2305,1359,946,93,665,526,295,366,360,44,333,347,202,226,207,49,332,179,93,140,153,1751,0,1751,남부순환로112길
2018,2,A,골목상권,1000658,4345,2196,2149,559,576,475,696,828,1211,279,315,260,360,437,545,280,261,215,336,391,666,2011,0,2011,금하로24길
2018,2,A,골목상권,1000657,1959,995,964,264,265,248,343,362,477,132,130,151,173,190,219,132,135,97,170,172,258,949,0,949,금하로1길
2018,2,A,골목상권,1000656,1724,842,882,204,247,248,257,309,459,92,119,137,126,154,214,112,128,111,131,155,245,822,115,707,금하로14길
2018,2,A,골목상권,1000655,3279,1894,1385,264,783,928,434,404,466,143,421,580,271,237,242,121,362,348,163,167,224,2144,216,1928,가산로5길
2018,2,A,골목상권,1000654,1042,662,380,61,272,341,144,125,99,24,161,239,108,79,51,37,111,102,36,46,48,765,0,765,가산로3길
2018,2,A,골목상권,1000653,1074,552,522,142,172,166,156,175,263,79,92,86,87,84,124,63,80,80,69,91,139,451,181,270,중앙로1길
2018,2,A,골목상권,1000652,1604,808,796,227,215,252,222,263,425,117,121,131,128,121,190,110,94,121,94,142,235,634,98,536,중앙로15길
2018,2,A,골목상권,1000651,853,481,372,45,102,69,110,247,280,21,56,38,70,144,152,24,46,31,40,103,128,526,0,526,우마길
2018,2,A,골목상권,1000650,2092,1056,1036,259,268,263,296,336,670,142,147,154,155,173,285,117,121,109,141,163,385,1048,0,1048,오류로8길
2018,2,A,골목상권,1000649,537,271,266,53,62,58,78,112,174,17,37,28,44,61,84,36,25,30,34,51,90,263,0,263,신도림로13길
2018,2,A,골목상권,1000648,2631,1277,1354,344,408,601,336,371,571,179,181,295,171,178,273,165,227,306,165,193,298,1239,307,932,새말로18길
2018,2,A,골목상권,1000647,1418,718,700,188,165,261,219,201,384,112,73,127,126,102,178,76,92,134,93,99,206,588,63,525,부일로1길
2018,2,A,골목상권,1000646,1561,751,810,223,220,223,248,249,398,106,117,105,130,121,172,117,103,118,118,128,226,689,9,680,부일로15길
2018,2,A,골목상권,1000645,2696,1385,1311,428,389,336,447,475,621,242,222,174,208,231,308,186,167,162,239,244,313,1081,0,1081,부일로11길
2018,2,A,골목상권,1000644,1529,820,709,40,464,570,213,127,115,18,185,341,131,84,61,22,279,229,82,43,54,1308,0,1308,디지털로32길
2018,2,A,골목상권,1000643,4753,2615,2138,103,1722,1843,508,260,317,52,787,1119,340,152,165,51,935,724,168,108,152,4114,95,4019,디지털로32가길
2018,2,A,골목상권,1000642,1261,679,582,137,118,151,203,243,409,65,63,87,120,146,198,72,55,64,83,97,211,656,0,656,디지털로27길
2018,2,A,골목상권,1000641,1447,744,703,162,178,172,220,295,420,83,97,101,125,157,181,79,81,71,95,138,239,709,0,709,도림로6길
2018,2,A,골목상권,1000640,2186,1041,1145,279,269,298,346,380,614,139,141,149,176,177,259,140,128,149,170,203,355,975,0,975,도림로12길
2018,2,A,골목상권,1000639,1293,613,680,204,123,223,184,159,400,95,60,114,90,59,195,109,63,109,94,100,205,483,451,32,남부순환로97길
2018,2,A,골목상권,1000638,2809,1367,1442,298,318,364,421,540,868,147,169,184,209,251,407,151,149,180,212,289,461,1324,0,1324,구로중앙로8길
2018,2,A,골목상권,1000637,713,363,350,67,53,80,102,129,282,38,25,38,63,65,134,29,28,42,39,64,148,372,0,372,구로중앙로7길
2018,2,A,골목상권,1000636,893,489,404,103,129,119,140,151,251,50,84,71,82,84,118,53,45,48,58,67,133,423,0,423,구로중앙로42길
2018,2,A,골목상권,1000635,1147,590,557,114,170,138,165,227,333,56,101,85,82,115,151,58,69,53,83,112,182,566,21,545,구로중앙로34길
2018,2,A,골목상권,1000634,3346,1668,1678,390,522,589,526,583,736,180,221,322,284,311,350,210,301,267,242,272,386,1736,324,1412,구로중앙로28길
2018,2,A,골목상권,1000633,896,426,470,110,101,110,142,167,266,54,42,57,70,88,115,56,59,53,72,79,151,444,0,444,구로중앙로19길
2018,2,A,골목상권,1000632,6191,3121,3070,694,804,729,954,1198,1812,367,493,392,491,562,816,327,311,337,463,636,996,2720,0,2720,구로동로8길
2018,2,A,골목상권,1000631,2664,1421,1243,272,321,294,420,533,824,155,200,163,235,287,381,117,121,131,185,246,443,1322,0,1322,구로동로7길
2018,2,A,골목상권,1000630,1960,955,1005,230,232,216,319,377,586,112,109,107,169,205,253,118,123,109,150,172,333,928,0,928,구로동로42길
2018,2,A,골목상권,1000629,2490,1296,1194,319,312,294,406,483,676,163,168,169,226,263,307,156,144,125,180,220,369,1188,0,1188,구로동로41길
2018,2,A,골목상권,1000628,1944,957,987,219,220,196,288,403,618,104,125,107,144,212,265,115,95,89,144,191,353,960,0,960,구로동로38길
2018,2,A,골목상권,1000627,2057,1039,1018,213,246,220,360,377,641,113,127,122,180,206,291,100,119,98,180,171,350,1133,42,1091,구로동로28길
2018,2,A,골목상권,1000626,990,507,483,97,108,103,129,212,341,48,68,59,63,109,160,49,40,44,66,103,181,528,0,528,구로동로15길
2018,2,A,골목상권,1000625,2092,923,1169,178,607,540,258,214,295,80,204,261,137,105,136,98,403,279,121,109,159,1358,109,1249,공원로6가길
2018,2,A,골목상권,1000624,3162,1575,1587,523,402,469,514,557,697,269,209,239,257,277,324,254,193,230,257,280,373,1251,635,616,고척로52길
2018,2,A,골목상권,1000623,4435,2203,2232,643,659,538,716,834,1045,316,354,278,351,418,486,327,305,260,365,416,559,1935,0,1935,고척로27다길
2018,2,A,골목상권,1000622,2536,1309,1227,331,343,350,386,470,656,167,199,183,196,257,307,164,144,167,190,213,349,1165,0,1165,고척로27길
2018,2,A,골목상권,1000621,2639,1362,1277,372,328,339,430,483,687,195,188,180,230,252,317,177,140,159,200,231,370,1231,0,1231,고척로21나길
2018,2,A,골목상권,1000620,1920,948,972,264,295,261,283,348,469,114,151,135,151,176,221,150,144,126,132,172,248,810,321,489,경인로47길
2018,2,A,골목상권,1000619,3083,1587,1496,320,390,349,442,612,970,166,195,192,248,317,469,154,195,157,194,295,501,1502,0,1502,경인로35길
2018,2,A,골목상권,1000618,1861,972,889,177,225,218,295,410,536,83,122,122,180,216,249,94,103,96,115,194,287,1037,0,1037,경인로31길
2018,2,A,골목상권,1000617,3456,1730,1726,433,453,517,537,572,944,209,241,272,288,273,447,224,212,245,249,299,497,1528,0,1528,경인로15길
2018,2,A,골목상권,1000616,3013,1474,1539,425,405,484,500,492,707,209,210,261,258,239,297,216,195,223,242,253,410,1290,248,1042,개봉로3길
2018,2,A,골목상권,1000615,2232,1061,1171,377,248,400,369,318,520,174,123,202,183,146,233,203,125,198,186,172,287,947,0,947,개봉로2길
2018,2,A,골목상권,1000614,2453,1207,1246,292,275,472,373,347,694,131,134,251,207,162,322,161,141,221,166,185,372,1085,357,728,개봉로23가길
2018,2,A,골목상권,1000613,3691,1758,1933,604,448,619,538,561,921,296,220,283,274,244,441,308,228,336,264,317,480,1324,788,536,개봉로20길
2018,2,A,골목상권,1000612,2205,1097,1108,314,275,357,367,340,552,159,143,193,182,165,255,155,132,164,185,175,297,911,134,777,개봉로1길
2018,2,A,골목상권,1000611,3378,1697,1681,447,468,562,489,561,851,222,264,282,251,285,393,225,204,280,238,276,458,1514,185,1329,개봉로17다길
2018,2,A,골목상권,1000610,5784,2842,2942,864,837,894,933,999,1257,455,428,450,479,479,551,409,409,444,454,520,706,2319,0,2319,개봉로17길
2018,2,A,골목상권,1000609,5332,2598,2734,769,760,786,847,899,1271,400,380,396,422,426,574,369,380,390,425,473,697,2157,0,2157,개봉로11길
2018,2,A,골목상권,1000608,4219,2035,2184,501,843,1047,597,544,687,280,320,539,295,278,323,221,523,508,302,266,364,2266,479,1787,화곡로64길
2018,2,A,골목상권,1000607,2611,1269,1342,393,405,437,408,495,473,210,212,207,185,239,216,183,193,230,223,256,257,986,414,572,화곡로59길
2018,2,A,골목상권,1000606,3242,1628,1614,441,495,686,506,499,615,237,224,381,266,225,295,204,271,305,240,274,320,1579,41,1538,화곡로44나길
2018,2,A,골목상권,1000605,4006,1923,2083,391,642,744,528,665,1036,205,322,381,248,291,476,186,320,363,280,374,560,1904,21,1883,화곡로31길
2018,2,A,골목상권,1000604,3376,1682,1694,480,457,601,507,556,775,245,226,312,279,258,362,235,231,289,228,298,413,1478,92,1386,화곡로20길
2018,2,A,골목상권,1000603,3391,1633,1758,532,495,529,567,532,736,283,249,259,268,255,319,249,246,270,299,277,417,1376,115,1261,화곡로13길
2018,2,A,골목상권,1000602,3597,1832,1765,427,516,490,498,644,1022,230,269,273,270,302,488,197,247,217,228,342,534,1631,22,1609,초원로16길
2018,2,A,골목상권,1000601,4978,2445,2533,930,706,950,871,695,826,490,357,492,439,314,353,440,349,458,432,381,473,2022,93,1929,초록마을로8길
2018,2,A,골목상권,1000600,2617,1343,1274,205,490,707,457,314,444,92,242,401,257,166,185,113,248,306,200,148,259,1651,0,1651,초록마을로3길
2018,2,A,골목상권,1000599,2479,1298,1181,171,471,711,365,340,421,80,218,397,222,176,205,91,253,314,143,164,216,1529,43,1486,월정로20길
2018,2,A,골목상권,1000598,5192,2464,2728,1198,715,675,1063,787,754,557,341,320,494,394,358,641,374,355,569,393,396,1812,481,1331,우장산로6길
2018,2,A,골목상권,1000597,2749,1423,1326,697,322,486,599,328,317,393,159,242,304,177,148,304,163,244,295,151,169,1008,322,686,양천로73가길
2018,2,A,골목상권,1000596,6680,3255,3425,1722,777,894,1448,939,900,830,417,403,725,461,419,892,360,491,723,478,481,2061,1944,117,양천로71길
2018,2,A,골목상권,1000595,1254,636,618,148,236,318,164,171,217,86,99,177,91,85,98,62,137,141,73,86,119,596,0,596,양천로49길
2018,2,A,골목상권,1000594,2020,977,1043,420,225,353,355,290,377,207,122,167,175,147,159,213,103,186,180,143,218,717,237,480,양천로26길
2018,2,A,골목상권,1000593,3845,1967,1878,580,501,691,545,579,949,325,267,355,295,273,452,255,234,336,250,306,497,1572,452,1120,양천로24길
2018,2,A,골목상권,1000592,2930,1463,1467,487,369,477,493,471,633,251,193,245,249,235,290,236,176,232,244,236,343,1183,216,967,양천로24가길
2018,2,A,골목상권,1000591,4261,2101,2160,732,555,628,663,696,987,377,281,324,351,315,453,355,274,304,312,381,534,1558,552,1006,양천로14길
2018,2,A,골목상권,1000590,2373,1230,1143,307,310,375,466,381,534,167,145,207,257,205,249,140,165,168,209,176,285,1140,0,1140,방화대로6라길
2018,2,A,골목상권,1000589,2467,1264,1203,304,380,412,317,429,625,164,182,253,165,209,291,140,198,159,152,220,334,1195,44,1151,방화대로21길
2018,2,A,골목상권,1000588,1454,686,768,175,216,278,194,236,355,92,103,138,96,101,156,83,113,140,98,135,199,633,49,584,등촌로5길
2018,2,A,골목상권,1000587,2953,1418,1535,408,489,775,435,384,462,212,225,394,209,164,214,196,264,381,226,220,248,1353,0,1353,등촌로55길
2018,2,A,골목상권,1000586,2131,1056,1075,319,347,338,290,360,477,162,199,161,139,163,232,157,148,177,151,197,245,793,236,557,등촌로51길
2018,2,A,골목상권,1000585,3372,1697,1675,560,501,625,520,545,621,295,267,336,264,265,270,265,234,289,256,280,351,1337,101,1236,등촌로39길
2018,2,A,골목상권,1000584,3994,1962,2032,549,555,817,613,635,825,285,283,431,292,304,367,264,272,386,321,331,458,1686,159,1527,등촌로13길
2018,2,A,골목상권,1000583,4091,2132,1959,609,536,815,693,637,801,315,269,449,385,342,372,294,267,366,308,295,429,1941,110,1831,남부순환로11길
2018,2,A,골목상권,1000582,4358,2102,2256,790,584,822,757,587,818,416,275,421,381,267,342,374,309,401,376,320,476,1747,0,1747,까치산로4길
2018,2,A,골목상권,1000581,2358,1138,1220,245,319,434,334,408,618,107,177,236,170,179,269,138,142,198,164,229,349,1068,106,962,국회대로7길
2018,2,A,골목상권,1000580,3046,1558,1488,346,514,527,437,462,760,174,277,281,244,217,365,172,237,246,193,245,395,1575,0,1575,공항대로8길
2018,2,A,골목상권,1000579,2035,1011,1024,377,273,407,378,264,336,192,147,192,201,127,152,185,126,215,177,137,184,802,339,463,공항대로61길
2018,2,A,골목상권,1000578,3098,1521,1577,490,506,584,461,491,566,278,240,282,214,239,268,212,266,302,247,252,298,1306,471,835,공항대로59다길
2018,2,A,골목상권,1000577,2231,1037,1194,184,472,619,310,290,356,98,176,299,155,145,164,86,296,320,155,145,192,1303,0,1303,공항대로59길
2018,2,A,골목상권,1000576,1739,872,867,276,261,315,250,276,361,154,133,167,121,132,165,122,128,148,129,144,196,738,0,738,공항대로55길
2018,2,A,골목상권,1000575,1108,554,554,223,138,170,219,173,185,111,78,89,100,89,87,112,60,81,119,84,98,412,18,394,공항대로42길
2018,2,A,골목상권,1000574,395,189,206,66,64,81,65,64,55,35,30,42,33,29,20,31,34,39,32,35,35,174,0,174,공항대로38길
2018,2,A,골목상권,1000573,2016,1003,1013,179,299,412,286,344,496,97,167,209,146,151,233,82,132,203,140,193,263,1026,0,1026,곰달래로60길
2018,2,A,골목상권,1000572,3725,1830,1895,589,502,591,663,593,787,299,258,319,320,298,336,290,244,272,343,295,451,1526,102,1424,곰달래로53길
2018,2,A,골목상권,1000571,4136,2004,2132,712,553,727,755,630,759,334,290,374,375,291,340,378,263,353,380,339,419,1660,20,1640,곰달래로47길
2018,2,A,골목상권,1000570,3178,1520,1658,658,401,587,583,400,549,343,194,273,288,170,252,315,207,314,295,230,297,1220,21,1199,곰달래로31길
2018,2,A,골목상권,1000569,3052,1441,1611,403,389,552,495,478,735,188,190,270,261,209,323,215,199,282,234,269,412,1419,0,1419,곰달래로25길
2018,2,A,골목상권,1000568,2463,1237,1226,196,662,494,307,327,477,92,293,292,171,168,221,104,369,202,136,159,256,1522,30,1492,개화동로25길
2018,2,A,골목상권,1000567,3932,1953,1979,464,461,523,576,755,1153,237,246,280,295,367,528,227,215,243,281,388,625,1920,0,1920,개화동로23길
2018,2,A,골목상권,1000566,3447,1700,1747,441,444,654,542,485,881,226,206,350,280,219,419,215,238,304,262,266,462,1579,145,1434,강서로8길
2018,2,A,골목상권,1000565,2791,1373,1418,408,341,545,438,433,626,210,167,294,229,196,277,198,174,251,209,237,349,1227,58,1169,강서로5라길
2018,2,A,골목상권,1000564,2960,1468,1492,213,645,827,403,330,542,101,271,455,226,155,260,112,374,372,177,175,282,1850,346,1504,강서로5나길
2018,2,A,골목상권,1000563,2040,1027,1013,161,353,514,299,262,451,89,143,270,172,129,224,72,210,244,127,133,227,1188,557,631,강서로5가길
2018,2,A,골목상권,1000562,3684,1736,1948,812,568,441,697,625,541,376,275,224,321,304,236,436,293,217,376,321,305,1300,130,1170,강서로47라길
2018,2,A,골목상권,1000561,4248,2043,2205,937,555,543,844,695,674,431,275,281,399,370,287,506,280,262,445,325,387,1555,488,1067,강서로47길
2018,2,A,골목상권,1000560,2725,1322,1403,422,392,474,427,403,607,219,182,248,224,178,271,203,210,226,203,225,336,1122,147,975,강서로45다길
2018,2,A,골목상권,1000559,917,442,475,175,119,144,163,127,189,79,50,74,79,60,100,96,69,70,84,67,89,361,101,260,강서로45길
2018,2,A,골목상권,1000558,3898,1872,2026,455,578,704,557,687,917,232,266,362,275,319,418,223,312,342,282,368,499,1815,37,1778,강서로35길
2018,2,A,골목상권,1000557,3110,1513,1597,394,490,772,448,439,567,199,229,400,224,192,269,195,261,372,224,247,298,1455,93,1362,강서로29길
2018,2,A,골목상권,1000556,6917,3353,3564,974,979,1367,1077,1017,1503,500,464,718,544,471,656,474,515,649,533,546,847,2932,15,2917,강서로18길
2018,2,A,골목상권,1000555,3222,1621,1601,353,506,681,442,520,720,190,258,361,244,231,337,163,248,320,198,289,383,1415,129,1286,강서로17가길
2018,2,A,골목상권,1000554,5492,2711,2781,586,772,1090,816,935,1293,282,400,572,429,480,548,304,372,518,387,455,745,2808,76,2732,강서로15길
2018,2,A,골목상권,1000553,2940,1471,1469,421,427,550,444,472,626,225,219,287,233,220,287,196,208,263,211,252,339,1232,0,1232,가로공원로80길
2018,2,A,골목상권,1000552,3248,1566,1682,428,448,667,511,485,709,211,222,352,248,220,313,217,226,315,263,265,396,1428,158,1270,가로공원로76가길
2018,2,A,골목상권,1000551,1484,730,754,199,174,208,226,282,395,102,88,109,105,136,190,97,86,99,121,146,205,697,33,664,화곡로4길
2018,2,A,골목상권,1000550,3249,1623,1626,639,428,494,520,545,623,345,227,238,255,267,291,294,201,256,265,278,332,1206,409,797,화곡로3길
2018,2,A,골목상권,1000549,3331,1637,1694,430,425,463,456,599,958,208,228,263,238,273,427,222,197,200,218,326,531,1411,0,1411,지양로7길
2018,2,A,골목상권,1000548,3785,1876,1909,589,479,552,584,647,934,317,245,280,280,320,434,272,234,272,304,327,500,1533,206,1327,중앙로55길
2018,2,A,골목상권,1000547,4179,2052,2127,737,525,660,663,628,966,347,274,353,320,312,446,390,251,307,343,316,520,1554,275,1279,중앙로51길
2018,2,A,골목상권,1000546,1844,951,893,202,222,234,286,376,524,109,122,136,152,177,255,93,100,98,134,199,269,859,0,859,중앙로47길
2018,2,A,골목상권,1000545,1966,950,1016,275,270,279,314,341,487,148,129,135,166,149,223,127,141,144,148,192,264,889,61,828,중앙로45길
2018,2,A,골목상권,1000544,901,443,458,160,107,100,172,132,230,91,50,51,79,74,98,69,57,49,93,58,132,403,0,403,중앙로36길
2018,2,A,골목상권,1000543,1082,533,549,227,137,120,204,185,209,114,75,58,92,105,89,113,62,62,112,80,120,443,68,375,중앙로32길
2018,2,A,골목상권,1000542,2426,1259,1167,249,261,322,416,457,721,128,138,186,233,242,332,121,123,136,183,215,389,1283,43,1240,중앙로25길
2018,2,A,골목상권,1000541,3366,1655,1711,522,442,539,556,514,793,263,225,274,283,243,367,259,217,265,273,271,426,1433,96,1337,은행정로7길
2018,2,A,골목상권,1000540,777,429,348,124,72,88,132,143,218,69,40,54,65,88,113,55,32,34,67,55,105,390,0,390,은행정로5길
2018,2,A,골목상권,1000539,4036,1984,2052,801,440,651,634,634,876,412,226,299,325,318,404,389,214,352,309,316,472,1475,812,663,오목로5길
2018,2,A,골목상권,1000538,3622,1798,1824,725,408,587,629,548,725,371,218,284,323,262,340,354,190,303,306,286,385,1273,525,748,오목로3길
2018,2,A,골목상권,1000537,3606,1787,1819,397,569,562,556,613,909,218,274,307,277,295,416,179,295,255,279,318,493,1654,0,1654,오목로30길
2018,2,A,골목상권,1000536,4445,2228,2217,615,658,859,721,663,929,308,338,448,365,321,448,307,320,411,356,342,481,2060,0,2060,오목로23길
2018,2,A,골목상권,1000535,1953,987,966,369,222,346,322,291,403,193,128,176,157,135,198,176,94,170,165,156,205,682,571,111,신월로20길
2018,2,A,골목상권,1000534,5612,2767,2845,968,737,745,911,962,1289,518,378,366,450,475,580,450,359,379,461,487,709,1981,632,1349,신월로15길
2018,2,A,골목상권,1000533,2425,1175,1250,430,357,311,448,401,478,225,188,146,207,208,201,205,169,165,241,193,277,982,36,946,신목로6길
2018,2,A,골목상권,1000532,2171,1080,1091,535,314,196,462,376,288,275,169,86,215,205,130,260,145,110,247,171,158,696,117,579,신목로5길
2018,2,A,골목상권,1000531,2079,1022,1057,362,359,184,357,440,377,186,197,96,162,213,168,176,162,88,195,227,209,731,158,573,신목로2길
2018,2,A,골목상권,1000530,1379,672,707,186,202,264,190,216,321,107,104,131,102,96,132,79,98,133,88,120,189,631,0,631,목동중앙서로8가길
2018,2,A,골목상권,1000529,3752,1845,1907,584,582,620,638,622,706,314,301,329,304,291,306,270,281,291,334,331,400,1621,0,1621,목동중앙서로7길
2018,2,A,골목상권,1000528,2134,973,1161,251,320,412,307,345,499,127,158,196,145,149,198,124,162,216,162,196,301,1034,181,853,목동중앙북로8길
2018,2,A,골목상권,1000527,3509,1696,1813,428,573,926,486,459,637,221,252,470,246,213,294,207,321,456,240,246,343,1671,0,1671,목동중앙북로16길
2018,2,A,골목상권,1000526,2931,1444,1487,500,454,428,470,519,560,281,247,215,202,249,250,219,207,213,268,270,310,1137,0,1137,목동중앙본로7길
2018,2,A,골목상권,1000525,2436,1173,1263,544,347,296,451,409,389,270,179,141,204,211,168,274,168,155,247,198,221,862,56,806,목동중앙로3길
2018,2,A,골목상권,1000524,1078,552,526,168,163,255,154,155,183,91,69,135,78,87,92,77,94,120,76,68,91,530,0,530,목동중앙로13나길
2018,2,A,골목상권,1000523,2692,1358,1334,492,427,395,447,459,472,281,244,182,215,218,218,211,183,213,232,241,254,994,208,786,목동중앙남로3가길
2018,2,A,골목상권,1000522,3482,1643,1839,562,573,558,586,577,626,280,280,250,283,245,305,282,293,308,303,332,321,1403,130,1273,목동로9길
2018,2,A,골목상권,1000521,2275,1070,1205,351,329,366,376,372,481,171,158,168,178,179,216,180,171,198,198,193,265,956,36,920,목동로19길
2018,2,A,골목상권,1000520,1560,751,809,383,197,159,356,269,196,193,97,76,167,136,82,190,100,83,189,133,114,533,142,391,목동동로8길
2018,2,A,골목상권,1000519,2276,1095,1181,499,309,242,452,376,398,258,148,112,201,199,177,241,161,130,251,177,221,798,273,525,목동동로12길
2018,2,A,골목상권,1000518,1264,609,655,264,181,161,234,190,234,121,88,82,108,105,105,143,93,79,126,85,129,423,189,234,목동남로4길
2018,2,A,골목상권,1000517,1867,905,962,490,205,231,402,266,273,239,100,113,186,139,128,251,105,118,216,127,145,574,543,31,남부순환로88길
2018,2,A,골목상권,1000516,705,357,348,84,83,95,84,155,204,44,47,59,34,78,95,40,36,36,50,77,109,324,96,228,남부순환로79길
2018,2,A,골목상권,1000515,4941,2440,2501,566,707,610,735,922,1401,267,387,321,386,469,610,299,320,289,349,453,791,2178,0,2178,남부순환로70길
2018,2,A,골목상권,1000514,2094,1082,1012,301,287,304,315,384,503,165,147,181,167,188,234,136,140,123,148,196,269,1009,0,1009,남부순환로58길
2018,2,A,골목상권,1000513,2422,1339,1083,221,268,314,398,503,718,112,142,196,238,288,363,109,126,118,160,215,355,1328,91,1237,남부순환로40길
2018,2,A,골목상권,1000512,3669,1805,1864,447,539,578,531,674,900,213,275,324,253,320,420,234,264,254,278,354,480,1614,48,1566,남부순환로33길
2018,2,A,골목상권,1000511,3757,1940,1817,391,559,491,546,743,1027,208,293,266,290,386,497,183,266,225,256,357,530,1718,186,1532,곰달래로5길
2018,2,A,골목상권,1000510,3850,2005,1845,480,510,501,624,769,966,253,281,275,324,419,453,227,229,226,300,350,513,1775,277,1498,곰달래로3길
2018,2,A,골목상권,1000509,3176,1630,1546,482,406,489,522,564,713,244,205,267,286,286,342,238,201,222,236,278,371,1342,101,1241,곰달래로2길
2018,2,A,골목상권,1000508,3433,1763,1670,452,417,581,556,601,826,227,238,303,289,309,397,225,179,278,267,292,429,1645,14,1631,곰달래로10길
2018,2,A,골목상권,1000507,2356,1293,1063,217,303,247,394,498,697,110,159,149,235,302,338,107,144,98,159,196,359,1315,0,1315,가로공원로58길
2018,2,A,골목상권,1000506,3035,1454,1581,351,483,405,512,573,711,165,242,211,241,280,315,186,241,194,271,293,396,1390,50,1340,효창원로93길
2018,2,A,골목상권,1000505,2638,1272,1366,653,266,394,632,338,355,316,126,172,328,171,159,337,140,222,304,167,196,962,837,125,토정로37길
2018,2,A,골목상권,1000504,1621,721,900,154,292,380,278,196,321,79,121,168,128,89,136,75,171,212,150,107,185,864,0,864,월드컵로8길
2018,2,A,골목상권,1000503,1846,838,1008,209,335,455,267,256,324,106,135,208,120,126,143,103,200,247,147,130,181,965,0,965,월드컵로7길
2018,2,A,골목상권,1000502,3860,1728,2132,455,757,766,652,520,710,223,276,340,325,249,315,232,481,426,327,271,395,2078,155,1923,월드컵로36길
2018,2,A,골목상권,1000501,3111,1491,1620,490,468,546,561,412,634,244,225,263,279,213,267,246,243,283,282,199,367,1311,278,1033,월드컵로25길
2018,2,A,골목상권,1000500,1661,774,887,169,307,309,271,222,383,84,146,152,135,110,147,85,161,157,136,112,236,878,0,878,월드컵로19길
2018,2,A,골목상권,1000499,2475,1143,1332,302,434,535,406,340,458,154,187,245,184,172,201,148,247,290,222,168,257,1218,31,1187,월드컵로16길
2018,2,A,골목상권,1000498,2412,1118,1294,259,424,548,366,311,504,130,184,254,188,153,209,129,240,294,178,158,295,1295,18,1277,월드컵로11길
2018,2,A,골목상권,1000497,4125,1929,2196,474,669,696,718,692,876,237,300,307,338,346,401,237,369,389,380,346,475,1996,16,1980,월드컵로10길
2018,2,A,골목상권,1000496,1774,837,937,145,357,428,248,254,342,73,158,218,124,120,144,72,199,210,124,134,198,988,0,988,와우산로3길
2018,2,A,골목상권,1000495,804,373,431,77,146,184,139,98,160,38,63,87,71,42,72,39,83,97,68,56,88,454,48,406,와우산로29길
2018,2,A,골목상권,1000494,512,240,272,24,197,126,52,44,69,14,91,60,24,22,29,10,106,66,28,22,40,357,0,357,와우산로29가길
2018,2,A,골목상권,1000493,1341,623,718,117,202,311,210,190,311,69,91,155,110,77,121,48,111,156,100,113,190,714,12,702,양화진길
2018,2,A,골목상권,1000492,2672,1223,1449,325,474,557,441,339,536,151,206,268,218,153,227,174,268,289,223,186,309,1280,35,1245,양화로1길
2018,2,A,골목상권,1000491,755,326,429,79,142,182,116,82,154,40,55,78,50,38,65,39,87,104,66,44,89,400,0,400,양화로11길
2018,2,A,골목상권,1000490,535,257,278,41,60,58,66,106,204,19,27,34,41,49,87,22,33,24,25,57,117,333,0,333,신촌로30길
2018,2,A,골목상권,1000489,245,131,114,16,27,31,31,64,76,7,13,17,19,39,36,9,14,14,12,25,40,157,0,157,신촌로28가길
2018,2,A,골목상권,1000488,1931,931,1000,105,564,445,235,218,364,58,277,227,114,99,156,47,287,218,121,119,208,1315,0,1315,신촌로12길
2018,2,A,골목상권,1000487,2839,1419,1420,323,416,338,437,501,824,173,219,184,227,256,360,150,197,154,210,245,464,1481,22,1459,숭문길
2018,2,A,골목상권,1000486,525,249,276,81,58,119,90,57,120,36,29,62,51,24,47,45,29,57,39,33,73,239,208,31,숭문8길
2018,2,A,골목상권,1000485,1036,474,562,100,197,242,126,149,222,52,78,123,66,66,89,48,119,119,60,83,133,540,0,540,성지3길
2018,2,A,골목상권,1000484,3288,1597,1691,436,486,573,555,520,718,221,227,282,283,259,325,215,259,291,272,261,393,1590,0,1590,성산로4길
2018,2,A,골목상권,1000483,1188,538,650,86,252,317,157,170,206,49,104,143,78,81,83,37,148,174,79,89,123,679,0,679,성미산로32길
2018,2,A,골목상권,1000482,3191,1489,1702,468,470,606,612,433,602,255,220,273,276,203,262,213,250,333,336,230,340,1458,0,1458,성미산로1길
2018,2,A,골목상권,1000481,3705,1787,1918,511,538,722,684,517,733,280,262,346,331,253,315,231,276,376,353,264,418,1674,0,1674,성미산로11길
2018,2,A,골목상권,1000480,1706,827,879,243,235,299,303,227,399,122,112,140,165,114,174,121,123,159,138,113,225,830,250,580,백범로16길
2018,2,A,골목상권,1000479,5435,2623,2812,916,708,965,967,790,1089,443,354,446,504,391,485,473,354,519,463,399,604,2259,620,1639,방울내로9안길
2018,2,A,골목상권,1000478,2040,1008,1032,296,328,292,358,319,447,163,162,156,186,154,187,133,166,136,172,165,260,913,86,827,모래내로7길
2018,2,A,골목상권,1000477,2881,1469,1412,354,518,583,430,391,605,187,229,319,243,219,272,167,289,264,187,172,333,1584,0,1584,매봉산로2길
2018,2,A,골목상권,1000476,4436,2110,2326,603,662,898,723,641,909,310,315,431,356,307,391,293,347,467,367,334,518,2115,162,1953,망원로2길
2018,2,A,골목상권,1000475,2222,1048,1174,345,333,326,398,328,492,164,149,170,199,165,201,181,184,156,199,163,291,956,174,782,망원로11길
2018,2,A,골목상권,1000474,2738,1312,1426,302,452,510,449,395,630,161,183,267,238,199,264,141,269,243,211,196,366,1473,33,1440,만리재옛길
2018,2,A,골목상권,1000473,833,388,445,98,131,188,119,117,180,51,64,90,59,56,68,47,67,98,60,61,112,415,191,224,마포대로4길
2018,2,A,골목상권,1000472,2124,1028,1096,272,330,459,362,318,383,138,153,205,190,167,175,134,177,254,172,151,208,1173,215,958,마포대로20길
2018,2,A,골목상권,1000471,857,393,464,72,154,276,132,80,143,42,52,127,66,43,63,30,102,149,66,37,80,578,43,535,마포대로12길
2018,2,A,골목상권,1000470,1196,595,601,65,300,305,154,126,246,38,147,153,88,72,97,27,153,152,66,54,149,775,0,775,동교로38길
2018,2,A,골목상권,1000469,2490,1136,1354,259,544,584,380,257,466,121,251,260,174,118,212,138,293,324,206,139,254,1393,0,1393,동교로27길
2018,2,A,골목상권,1000468,1289,576,713,115,293,299,179,174,229,49,125,128,88,81,105,66,168,171,91,93,124,702,0,702,동교로25길
2018,2,A,골목상권,1000467,1819,847,972,206,278,409,360,266,300,100,131,199,172,122,123,106,147,210,188,144,177,968,74,894,동교로19길
2018,2,A,골목상권,1000466,1855,865,990,221,339,423,338,229,305,120,143,193,169,107,133,101,196,230,169,122,172,983,0,983,동교로17길
2018,2,A,골목상권,1000465,1368,619,749,137,272,328,198,184,249,70,115,144,92,88,110,67,157,184,106,96,139,723,92,631,독막로8길
2018,2,A,골목상권,1000464,2824,1379,1445,373,389,467,454,439,702,185,207,239,229,218,301,188,182,228,225,221,401,1299,108,1191,독막로32길
2018,2,A,골목상권,1000463,1047,496,551,170,144,201,197,132,203,92,66,90,89,65,94,78,78,111,108,67,109,455,135,320,독막로22길
2018,2,A,골목상권,1000462,1077,467,610,126,215,238,158,142,198,62,72,99,73,79,82,64,143,139,85,63,116,646,145,501,도화길
2018,2,A,골목상권,1000461,3711,1766,1945,599,397,600,607,611,897,306,201,280,310,296,373,293,196,320,297,315,524,1593,949,644,도화4길
2018,2,A,골목상권,1000460,1478,704,774,83,434,191,183,231,356,34,186,94,97,123,170,49,248,97,86,108,186,1018,0,1018,대흥로28길
2018,2,A,골목상권,1000459,3474,1774,1700,269,797,543,453,539,873,150,432,284,248,298,362,119,365,259,205,241,511,2103,0,2103,대흥로21길
2018,2,A,골목상권,1000458,2038,1088,950,240,518,283,315,287,395,130,322,156,158,157,165,110,196,127,157,130,230,1104,73,1031,광성로6길
2018,2,A,골목상권,1000457,3331,1544,1787,498,415,462,559,494,903,243,204,232,268,234,363,255,211,230,291,260,540,1384,25,1359,홍제내길
2018,2,A,골목상권,1000456,1081,555,526,122,139,147,145,185,343,67,77,79,83,97,152,55,62,68,62,88,191,491,37,454,홍연길
2018,2,A,골목상권,1000455,1591,807,784,182,229,188,236,283,473,106,117,101,133,127,223,76,112,87,103,156,250,743,50,693,통일로39길
2018,2,A,골목상권,1000454,1614,734,880,146,193,201,245,307,522,69,93,99,119,136,218,77,100,102,126,171,304,864,17,847,통일로37길
2018,2,A,골목상권,1000453,293,158,135,21,36,41,30,46,119,12,21,21,18,29,57,9,15,20,12,17,62,198,0,198,통일로11길
2018,2,A,골목상권,1000452,700,372,328,35,115,176,78,116,180,19,59,87,48,71,88,16,56,89,30,45,92,481,109,372,충정로6길
2018,2,A,골목상권,1000451,507,250,257,30,83,125,72,61,136,16,41,57,41,32,63,14,42,68,31,29,73,309,0,309,충정로4길
2018,2,A,골목상권,1000450,3095,1529,1566,381,498,461,463,497,795,202,250,252,237,242,346,179,248,209,226,255,449,1443,11,1432,증가로6길
2018,2,A,골목상권,1000449,5200,2510,2690,721,726,758,820,877,1298,361,357,395,396,424,577,360,369,363,424,453,721,2343,0,2343,증가로23나길
2018,2,A,골목상권,1000448,3598,1782,1816,581,651,463,627,572,704,295,344,250,309,271,313,286,307,213,318,301,391,1506,22,1484,증가로20가길
2018,2,A,골목상권,1000447,3890,1907,1983,389,741,544,566,637,1013,195,350,297,289,310,466,194,391,247,277,327,547,2149,0,2149,증가로10길
2018,2,A,골목상권,1000446,3849,1882,1967,472,466,638,634,620,1019,235,229,321,331,287,479,237,237,317,303,333,540,1826,0,1826,응암로1길
2018,2,A,골목상권,1000445,3282,1790,1492,248,1365,638,322,272,437,141,821,361,155,120,192,107,544,277,167,152,245,2257,0,2257,연희로10길
2018,2,A,골목상권,1000444,786,443,343,54,120,104,122,171,215,30,66,63,70,104,110,24,54,41,52,67,105,471,0,471,신촌로37길
2018,2,A,골목상권,1000443,3696,1790,1906,511,453,603,548,577,1004,248,237,306,279,272,448,263,216,297,269,305,556,1531,270,1261,수색로8길
2018,2,A,골목상권,1000442,2433,1166,1267,244,353,298,334,430,774,126,181,156,171,211,321,118,172,142,163,219,453,1188,0,1188,세무서길
2018,2,A,골목상권,1000441,1452,710,742,163,201,192,231,228,437,82,109,102,119,123,175,81,92,90,112,105,262,702,0,702,세무서2길
2018,2,A,골목상권,1000440,1119,539,580,157,130,122,173,169,368,82,55,58,86,101,157,75,75,64,87,68,211,516,124,392,세검정로1길
2018,2,A,골목상권,1000439,3533,1695,1838,322,528,458,555,632,1038,166,262,263,264,312,428,156,266,195,291,320,610,1882,0,1882,북아현로4길
2018,2,A,골목상권,1000438,10768,5158,5610,2506,1105,1589,2085,1455,2028,1230,555,695,1079,714,885,1276,550,894,1006,741,1143,3696,3660,36,모래내로15길
2018,2,A,골목상권,1000437,2428,1168,1260,308,565,365,339,336,515,160,273,186,157,163,229,148,292,179,182,173,286,1315,0,1315,명지대길
2018,2,A,골목상권,1000436,4205,1958,2247,669,550,643,717,577,1049,319,247,330,364,283,415,350,303,313,353,294,634,1973,285,1688,독립문로8길
2018,2,A,골목상권,1000435,2783,1368,1415,370,373,390,455,409,786,193,187,195,245,218,330,177,186,195,210,191,456,1329,0,1329,가재울로6길
2018,2,A,골목상권,1000434,5809,2892,2917,682,930,972,811,1047,1367,356,474,548,414,480,620,326,456,424,397,567,747,2648,21,2627,통일로92길
2018,2,A,골목상권,1000433,1790,861,929,224,282,308,290,249,437,110,131,166,146,121,187,114,151,142,144,128,250,835,38,797,통일로87길
2018,2,A,골목상권,1000432,4468,2136,2332,543,671,733,668,746,1107,280,348,377,313,338,480,263,323,356,355,408,627,2024,24,2000,통일로78길
2018,2,A,골목상권,1000431,1759,840,919,236,239,254,280,286,464,122,113,132,143,135,195,114,126,122,137,151,269,739,0,739,통일로69길
2018,2,A,골목상권,1000430,4204,2027,2177,688,546,653,717,681,919,354,269,316,357,326,405,334,277,337,360,355,514,1678,38,1640,진흥로1길
2018,2,A,골목상권,1000429,5798,2823,2975,670,777,930,909,962,1550,344,392,491,484,453,659,326,385,439,425,509,891,2840,0,2840,진흥로12길
2018,2,A,골목상권,1000428,831,433,398,118,98,114,124,139,238,60,61,61,74,69,108,58,37,53,50,70,130,349,109,240,증산서길
2018,2,A,골목상권,1000427,2755,1333,1422,377,364,403,424,457,730,190,178,209,215,208,333,187,186,194,209,249,397,1152,37,1115,증산로9길
2018,2,A,골목상권,1000426,2760,1336,1424,373,346,335,422,463,821,184,185,161,211,218,377,189,161,174,211,245,444,1224,80,1144,증산로5길
2018,2,A,골목상권,1000425,5299,2571,2728,724,771,885,831,830,1258,368,393,461,412,375,562,356,378,424,419,455,696,2271,156,2115,증산로21길
2018,2,A,골목상권,1000424,2071,992,1079,259,280,319,317,325,571,127,136,166,163,150,250,132,144,153,154,175,321,934,59,875,증산로17길
2018,2,A,골목상권,1000423,2536,1264,1272,321,305,368,414,422,706,167,153,190,225,216,313,154,152,178,189,206,393,1159,152,1007,증산로15길
2018,2,A,골목상권,1000422,2004,1013,991,210,268,238,286,414,588,104,135,126,152,213,283,106,133,112,134,201,305,931,0,931,증산로13길
2018,2,A,골목상권,1000421,2858,1400,1458,483,356,424,501,445,649,259,176,204,262,211,288,224,180,220,239,234,361,1198,0,1198,응암로34길
2018,2,A,골목상권,1000420,1894,910,984,226,229,218,288,340,593,113,128,106,152,166,245,113,101,112,136,174,348,917,20,897,응암로22길
2018,2,A,골목상권,1000419,2556,1293,1263,349,301,404,431,406,665,188,166,205,227,225,282,161,135,199,204,181,383,1151,0,1151,응암로14길
2018,2,A,골목상권,1000418,1783,874,909,181,262,304,287,266,483,95,126,162,142,139,210,86,136,142,145,127,273,953,0,953,응암로13길
2018,2,A,골목상권,1000417,1520,761,759,176,191,149,228,275,501,95,106,83,121,126,230,81,85,66,107,149,271,736,0,736,응암로12길
2018,2,A,골목상권,1000416,3481,1677,1804,623,443,675,630,435,675,322,220,314,321,203,297,301,223,361,309,232,378,1555,104,1451,은평로8길
2018,2,A,골목상권,1000415,2341,1089,1252,365,308,382,403,354,529,185,147,188,196,158,215,180,161,194,207,196,314,1003,0,1003,은평로3길
2018,2,A,골목상권,1000414,300,146,154,26,40,33,47,65,89,15,24,16,24,32,35,11,16,17,23,33,54,141,0,141,은평로20길
2018,2,A,골목상권,1000413,3208,1531,1677,478,371,490,548,516,805,238,183,245,252,248,365,240,188,245,296,268,440,1374,0,1374,은평로13길
2018,2,A,골목상권,1000412,2925,1440,1485,455,366,406,504,482,712,253,187,218,254,225,303,202,179,188,250,257,409,1226,64,1162,은평로10길
2018,2,A,골목상권,1000411,2880,1350,1530,478,408,464,495,460,575,236,171,243,235,212,253,242,237,221,260,248,322,1178,60,1118,연서로5길
2018,2,A,골목상권,1000410,4012,1952,2060,496,498,535,680,695,1108,249,256,267,359,328,493,247,242,268,321,367,615,1889,44,1845,연서로41길
2018,2,A,골목상권,1000409,3671,1725,1946,636,505,637,587,544,762,311,242,296,301,249,326,325,263,341,286,295,436,1508,29,1479,연서로3길
2018,2,A,골목상권,1000408,2920,1377,1543,376,391,466,399,481,807,183,196,246,201,215,336,193,195,220,198,266,471,1303,0,1303,연서로34길
2018,2,A,골목상권,1000407,2119,1035,1084,212,286,288,288,349,696,108,148,163,141,164,311,104,138,125,147,185,385,1011,0,1011,연서로33길
2018,2,A,골목상권,1000406,1037,484,553,116,176,209,159,150,227,60,71,108,76,68,101,56,105,101,83,82,126,504,0,504,연서로29길
2018,2,A,골목상권,1000405,3677,1748,1929,384,651,653,541,568,880,179,312,340,266,265,386,205,339,313,275,303,494,1925,28,1897,연서로28길
2018,2,A,골목상권,1000404,2995,1394,1601,354,458,462,492,506,723,174,210,237,234,234,305,180,248,225,258,272,418,1441,0,1441,연서로27길
2018,2,A,골목상권,1000403,4329,2041,2288,707,600,715,758,635,914,351,285,363,357,285,400,356,315,352,401,350,514,1788,0,1788,연서로21길
2018,2,A,골목상권,1000402,2300,1098,1202,315,337,348,376,409,515,150,159,179,177,195,238,165,178,169,199,214,277,992,0,992,연서로17길
2018,2,A,골목상권,1000401,4580,2136,2444,665,611,681,779,767,1077,324,283,332,376,349,472,341,328,349,403,418,605,1954,19,1935,연서로16길
2018,2,A,골목상권,1000400,3940,1864,2076,594,579,594,666,648,859,292,267,306,312,308,379,302,312,288,354,340,480,1595,0,1595,연서로13길
2018,2,A,골목상권,1000399,3864,1843,2021,664,533,655,629,606,777,331,249,328,291,290,354,333,284,327,338,316,423,1464,31,1433,연서로11길
2018,2,A,골목상권,1000398,5655,2722,2933,800,732,904,950,908,1361,387,360,466,485,432,592,413,372,438,465,476,769,2550,0,2550,역말로9길
2018,2,A,골목상권,1000397,1163,580,583,123,145,123,181,219,372,70,74,68,98,116,154,53,71,55,83,103,218,573,24,549,수색로18길
2018,2,A,골목상권,1000396,2686,1257,1429,303,375,405,400,451,752,146,179,194,204,228,306,157,196,211,196,223,446,1335,0,1335,서오릉로8길
2018,2,A,골목상권,1000395,3943,1890,2053,602,530,567,623,640,981,289,278,298,300,286,439,313,252,269,323,354,542,1559,246,1313,서오릉로21길
2018,2,A,골목상권,1000394,5224,2531,2693,617,682,792,857,865,1411,305,346,422,444,431,583,312,336,370,413,434,828,2629,36,2593,불광천길
2018,2,A,골목상권,1000393,2585,1243,1342,394,338,366,448,436,603,216,175,165,222,194,271,178,163,201,226,242,332,1034,18,1016,갈현로7길
2018,2,A,골목상권,1000392,3092,1515,1577,354,421,368,490,570,889,188,240,192,239,276,380,166,181,176,251,294,509,1485,0,1485,갈현로41길
2018,2,A,골목상권,1000391,3815,1860,1955,638,589,556,615,629,788,334,307,295,273,291,360,304,282,261,342,338,428,1577,193,1384,갈현로33길
2018,2,A,골목상권,1000390,2472,1188,1284,406,334,412,420,397,503,198,160,214,201,203,212,208,174,198,219,194,291,959,160,799,갈현로1길
2018,2,A,골목상권,1000389,3590,1800,1790,489,480,457,540,651,973,274,254,258,254,324,436,215,226,199,286,327,537,1611,0,1611,가좌로7길
2018,2,A,골목상권,1000388,3857,1937,1920,471,521,430,627,660,1148,230,293,251,319,329,515,241,228,179,308,331,633,1857,0,1857,한글비석로44길
2018,2,A,골목상권,1000387,2414,1219,1195,258,346,300,315,453,742,129,189,177,159,229,336,129,157,123,156,224,406,1181,0,1181,한글비석로24길
2018,2,A,골목상권,1000386,1820,933,887,320,252,201,309,320,418,156,134,101,159,170,213,164,118,100,150,150,205,703,439,264,한글비석로22길
2018,2,A,골목상권,1000385,2356,1204,1152,292,306,296,388,371,703,152,162,164,202,197,327,140,144,132,186,174,376,1089,254,835,석계로1길
2018,2,A,골목상권,1000384,2563,1334,1229,298,355,324,387,450,749,166,183,188,202,242,353,132,172,136,185,208,396,1298,0,1298,상계로9가길
2018,2,A,골목상권,1000383,1205,606,599,200,182,183,202,206,232,103,97,94,99,96,117,97,85,89,103,110,115,451,186,265,상계로1길
2018,2,A,골목상권,1000382,3506,1729,1777,416,621,410,521,643,895,212,308,239,261,310,399,204,313,171,260,333,496,1637,253,1384,상계로12길
2018,2,A,골목상권,1000381,2535,1242,1293,326,411,318,331,453,696,173,215,160,162,217,315,153,196,158,169,236,381,1048,75,973,동일로242길
2018,2,A,골목상권,1000380,2869,1502,1367,266,907,409,309,379,599,132,485,224,172,198,291,134,422,185,137,181,308,1726,62,1664,동일로192길
2018,2,A,골목상권,1000379,3635,1832,1803,542,543,590,547,584,829,284,273,309,299,265,402,258,270,281,248,319,427,1497,427,1070,동일로173가길
2018,2,A,골목상권,1000378,1538,760,778,259,334,162,221,273,289,139,177,79,96,127,142,120,157,83,125,146,147,677,17,660,공릉로58길
2018,2,A,골목상권,1000377,2291,1096,1195,319,364,314,349,448,497,160,179,162,158,203,234,159,185,152,191,245,263,955,326,629,해등로16길
2018,2,A,골목상권,1000376,2317,1163,1154,331,328,280,338,438,602,178,180,145,156,233,271,153,148,135,182,205,331,1034,65,969,우이천로4다길
2018,2,A,골목상권,1000375,3028,1453,1575,495,389,429,507,477,731,245,200,213,246,229,320,250,189,216,261,248,411,1237,265,972,우이천로32길
2018,2,A,골목상권,1000374,3585,1840,1745,387,497,391,550,712,1048,217,268,211,297,352,495,170,229,180,253,360,553,1677,0,1677,시루봉로23길
2018,2,A,골목상권,1000373,987,460,527,135,179,133,150,137,253,79,55,66,74,68,118,56,124,67,76,69,135,506,0,506,삼양로144길
2018,2,A,골목상권,1000372,2183,1093,1090,241,313,254,337,458,580,120,163,137,176,236,261,121,150,117,161,222,319,1027,34,993,방학로6가길
2018,2,A,골목상권,1000371,3775,1897,1878,504,509,533,517,676,1036,273,257,297,275,330,465,231,252,236,242,346,571,1713,40,1673,방학로5길
2018,2,A,골목상권,1000370,3880,1924,1956,819,506,443,712,675,725,411,279,226,321,336,351,408,227,217,391,339,374,1199,1093,106,방학로15길
2018,2,A,골목상권,1000369,1983,980,1003,279,267,265,309,373,490,145,146,143,146,181,219,134,121,122,163,192,271,822,0,822,방학로10길
2018,2,A,골목상권,1000368,1732,894,838,173,234,206,253,321,545,88,131,110,142,169,254,85,103,96,111,152,291,775,173,602,도봉산길
2018,2,A,골목상권,1000367,386,199,187,20,47,53,48,87,131,11,27,32,29,47,53,9,20,21,19,40,78,213,0,213,도봉산4길
2018,2,A,골목상권,1000366,1991,1013,978,230,249,237,276,354,645,118,141,144,144,171,295,112,108,93,132,183,350,879,0,879,도봉로181길
2018,2,A,골목상권,1000365,3042,1536,1506,313,313,436,444,537,999,163,149,243,244,261,476,150,164,193,200,276,523,1465,251,1214,도봉로169나길
2018,2,A,골목상권,1000364,1410,761,649,138,164,166,204,283,455,59,90,96,127,160,229,79,74,70,77,123,226,719,0,719,도봉로156길
2018,2,A,골목상권,1000363,709,380,329,46,92,84,68,164,255,24,60,51,39,87,119,22,32,33,29,77,136,385,0,385,도봉로152가길
2018,2,A,골목상권,1000362,3529,1736,1793,408,478,437,503,680,1023,206,237,211,273,355,454,202,241,226,230,325,569,1767,0,1767,도봉로147길
2018,2,A,골목상권,1000361,1783,882,901,207,256,209,262,339,510,111,129,106,133,158,245,96,127,103,129,181,265,779,89,690,도봉로143길
2018,2,A,골목상권,1000360,4907,2347,2560,445,791,728,770,890,1283,206,386,373,389,430,563,239,405,355,381,460,720,2558,155,2403,도봉로114길
2018,2,A,골목상권,1000359,2322,1139,1183,268,342,399,348,359,606,131,179,206,180,171,272,137,163,193,168,188,334,1111,179,932,도봉로109길
2018,2,A,골목상권,1000358,2876,1448,1428,301,389,355,452,501,878,147,200,186,238,258,419,154,189,169,214,243,459,1386,0,1386,도당로29길
2018,2,A,골목상권,1000357,3945,2041,1904,487,530,425,643,696,1164,261,280,229,341,392,538,226,250,196,302,304,626,1842,0,1842,도당로19길
2018,2,A,골목상권,1000356,3533,1781,1752,524,490,447,555,660,857,279,262,247,270,336,387,245,228,200,285,324,470,1523,0,1523,도당로13바길
2018,2,A,골목상권,1000355,1647,853,794,162,209,203,258,330,485,93,110,118,137,165,230,69,99,85,121,165,255,779,0,779,도당로13가길
2018,2,A,골목상권,1000354,2402,1183,1219,330,356,329,337,437,613,171,180,178,173,206,275,159,176,151,164,231,338,1090,0,1090,덕릉로60길
2018,2,A,골목상권,1000353,1901,943,958,269,257,275,279,344,477,150,122,137,144,157,233,119,135,138,135,187,244,760,380,380,노해로63다길
2018,2,A,골목상권,1000352,1805,878,927,149,325,341,256,315,419,81,135,174,134,150,204,68,190,167,122,165,215,984,124,860,노해로60길
2018,2,A,골목상권,1000351,1744,848,896,132,358,306,229,301,418,75,167,170,113,149,174,57,191,136,116,152,244,1011,0,1011,한천로140길
2018,2,A,골목상권,1000350,1554,733,821,137,300,254,204,241,418,62,139,129,107,105,191,75,161,125,97,136,227,844,0,844,한천로139가길
2018,2,A,골목상권,1000349,1800,874,926,187,333,325,283,251,421,93,156,168,138,120,199,94,177,157,145,131,222,992,0,992,한천로132길
2018,2,A,골목상권,1000348,3180,1606,1574,384,501,458,529,557,751,227,259,230,268,289,333,157,242,228,261,268,418,1599,0,1599,한천로130길
2018,2,A,골목상권,1000347,2175,1067,1108,231,329,330,346,370,569,119,145,175,191,202,235,112,184,155,155,168,334,1186,0,1186,한천로124나길
2018,2,A,골목상권,1000346,2969,1433,1536,522,398,372,503,490,684,270,196,184,240,211,332,252,202,188,263,279,352,1034,587,447,한천로109길
2018,2,A,골목상권,1000345,2706,1365,1341,363,333,321,435,505,749,185,170,181,223,253,353,178,163,140,212,252,396,1270,0,1270,인수봉로79길
2018,2,A,골목상권,1000344,3897,1864,2033,564,507,554,529,661,1082,263,261,299,250,305,486,301,246,255,279,356,596,1546,329,1217,인수봉로72길
2018,2,A,골목상권,1000343,1891,905,986,269,281,241,300,311,489,134,141,129,160,133,208,135,140,112,140,178,281,828,0,828,인수봉로56길
2018,2,A,골목상권,1000342,2093,1048,1045,172,358,390,356,356,461,90,161,209,186,189,213,82,197,181,170,167,248,1215,29,1186,오패산로67길
2018,2,A,골목상권,1000341,2865,1419,1446,351,398,375,409,496,836,184,218,207,218,225,367,167,180,168,191,271,469,1269,0,1269,오패산로52길
2018,2,A,골목상권,1000340,1436,697,739,201,221,190,224,218,382,105,108,99,114,105,166,96,113,91,110,113,216,662,0,662,오패산로30길
2018,2,A,골목상권,1000339,3320,1621,1699,335,612,544,485,516,828,170,272,293,264,251,371,165,340,251,221,265,457,1769,20,1749,수유로12길
2018,2,A,골목상권,1000338,2969,1459,1510,374,427,427,451,543,747,189,209,228,228,258,347,185,218,199,223,285,400,1308,0,1308,솔샘로65길
2018,2,A,골목상권,1000337,2322,1073,1249,280,335,340,394,412,561,147,154,182,186,166,238,133,181,158,208,246,323,1082,0,1082,솔매로50길
2018,2,A,골목상권,1000336,2055,991,1064,212,328,273,294,380,568,120,136,142,150,187,256,92,192,131,144,193,312,1056,0,1056,솔매로45길
2018,2,A,골목상권,1000335,3265,1604,1661,354,480,458,472,608,893,185,246,254,234,294,391,169,234,204,238,314,502,1572,0,1572,솔매로41길
2018,2,A,골목상권,1000334,3217,1592,1625,469,425,416,493,552,862,254,213,227,250,259,389,215,212,189,243,293,473,1395,0,1395,삼양로93길
2018,2,A,골목상권,1000333,3107,1592,1515,399,394,447,443,532,892,209,229,241,236,270,407,190,165,206,207,262,485,1373,0,1373,삼양로77길
2018,2,A,골목상권,1000332,3738,1844,1894,430,523,557,563,680,985,226,251,293,293,346,435,204,272,264,270,334,550,1778,0,1778,삼양로54길
2018,2,A,골목상권,1000331,4241,2140,2101,448,559,478,616,830,1310,231,289,270,334,446,570,217,270,208,282,384,740,2078,0,2078,삼양로41길
2018,2,A,골목상권,1000330,1338,660,678,297,138,216,283,194,210,157,72,100,140,97,94,140,66,116,143,97,116,481,388,93,삼양로27길
2018,2,A,골목상권,1000329,2913,1451,1462,273,303,347,402,565,1023,132,162,194,212,284,467,141,141,153,190,281,556,1540,90,1450,삼양로24길
2018,2,A,골목상권,1000328,2154,1095,1059,245,320,220,318,426,625,130,184,122,169,213,277,115,136,98,149,213,348,1040,0,1040,삼양로20길
2018,2,A,골목상권,1000327,3903,1898,2005,408,678,679,535,660,943,210,339,356,266,308,419,198,339,323,269,352,524,1835,0,1835,삼각산로28길
2018,2,A,골목상권,1000326,2328,1151,1177,216,430,366,338,419,559,107,223,201,173,208,239,109,207,165,165,211,320,1175,0,1175,도봉로99길
2018,2,A,골목상권,1000325,245,125,120,16,25,43,43,51,67,8,13,25,26,28,25,8,12,18,17,23,42,147,0,147,도봉로8길
2018,2,A,골목상권,1000324,3422,1536,1886,304,703,555,468,543,849,128,227,294,236,264,387,176,476,261,232,279,462,1997,86,1911,도봉로76길
2018,2,A,골목상권,1000323,1670,822,848,166,238,251,207,280,528,91,112,143,106,132,238,75,126,108,101,148,290,861,0,861,도봉로67길
2018,2,A,골목상권,1000322,3389,1643,1746,379,534,524,549,559,844,185,246,284,286,247,395,194,288,240,263,312,449,1699,0,1699,도봉로45길
2018,2,A,골목상권,1000321,3009,1497,1512,343,365,431,448,562,860,178,181,255,228,271,384,165,184,176,220,291,476,1358,0,1358,도봉로18길
2018,2,A,골목상권,1000320,1686,844,842,170,249,213,233,322,499,86,145,124,118,154,217,84,104,89,115,168,282,801,0,801,도봉로13길
2018,2,A,골목상권,1000319,2351,1125,1226,176,479,418,346,356,576,86,214,220,178,165,262,90,265,198,168,191,314,1330,0,1330,덕릉로41길
2018,2,A,골목상권,1000318,2163,1086,1077,303,313,309,351,371,516,170,141,153,194,187,241,133,172,156,157,184,275,931,0,931,덕릉로40길
2018,2,A,골목상권,1000317,2631,1282,1349,320,353,381,401,454,722,173,195,203,197,212,302,147,158,178,204,242,420,1177,0,1177,노해로33길
2018,2,A,골목상권,1000316,1393,677,716,202,188,196,235,239,333,101,99,109,120,95,153,101,89,87,115,144,180,593,0,593,노해로23길
2018,2,A,골목상권,1000315,2605,1301,1304,291,417,366,407,468,656,143,210,208,219,229,292,148,207,158,188,239,364,1201,0,1201,노해로17길
2018,2,A,골목상권,1000314,2120,1084,1036,251,281,310,373,397,508,130,140,170,195,211,238,121,141,140,178,186,270,1085,0,1085,화랑로40길
2018,2,A,골목상권,1000313,3324,1654,1670,363,521,423,517,575,925,201,264,218,274,282,415,162,257,205,243,293,510,1641,0,1641,화랑로32길
2018,2,A,골목상권,1000312,2863,1453,1410,362,347,417,474,460,803,198,166,224,265,236,364,164,181,193,209,224,439,1280,41,1239,화랑로1길
2018,2,A,골목상권,1000311,2341,1193,1148,291,298,259,365,444,684,155,163,138,189,224,324,136,135,121,176,220,360,1018,0,1018,화랑로19길
2018,2,A,골목상권,1000310,1348,682,666,140,295,194,190,217,312,70,161,108,106,105,132,70,134,86,84,112,180,685,0,685,화랑로14길
2018,2,A,골목상권,1000309,1293,575,718,139,334,193,155,183,289,68,109,99,75,89,135,71,225,94,80,94,154,689,0,689,화랑로13길
2018,2,A,골목상권,1000308,2204,1089,1115,259,328,299,326,419,573,127,172,151,171,197,271,132,156,148,155,222,302,1003,115,888,한천로76길
2018,2,A,골목상권,1000307,1192,602,590,263,128,154,227,200,220,122,73,81,110,110,106,141,55,73,117,90,114,430,207,223,한천로101가길
2018,2,A,골목상권,1000306,1284,572,712,127,314,247,175,182,239,57,142,108,85,86,94,70,172,139,90,96,145,750,0,750,창경궁로43길
2018,2,A,골목상권,1000305,2609,1313,1296,268,466,425,413,420,617,139,237,241,221,203,272,129,229,184,192,217,345,1314,0,1314,지봉로20길
2018,2,A,골목상권,1000304,2331,1272,1059,226,731,420,252,256,446,105,448,251,135,141,192,121,283,169,117,115,254,1414,85,1329,종암로5길
2018,2,A,골목상권,1000303,2241,1107,1134,391,247,413,354,318,518,199,139,204,181,163,221,192,108,209,173,155,297,919,454,465,종암로24가길
2018,2,A,골목상권,1000302,1731,849,882,290,265,272,298,255,351,149,133,131,155,125,156,141,132,141,143,130,195,727,212,515,종암로21길
2018,2,A,골목상권,1000301,1896,930,966,261,282,272,301,317,463,123,157,143,144,154,209,138,125,129,157,163,254,820,163,657,종암로19길
2018,2,A,골목상권,1000300,3308,1591,1717,364,413,408,460,569,1094,221,211,209,210,284,456,143,202,199,250,285,638,1787,83,1704,종암로16길
2018,2,A,골목상권,1000299,1819,957,862,202,393,257,226,261,480,113,231,147,123,139,204,89,162,110,103,122,276,990,65,925,정릉로8길
2018,2,A,골목상권,1000298,3481,1714,1767,515,443,477,547,546,953,278,240,254,256,275,411,237,203,223,291,271,542,1470,0,1470,정릉로27길
2018,2,A,골목상권,1000297,1890,924,966,285,193,240,343,290,539,148,104,117,171,146,238,137,89,123,172,144,301,836,0,836,정릉로26길
2018,2,A,골목상권,1000296,290,162,128,15,39,25,47,76,88,4,23,13,29,45,48,11,16,12,18,31,40,176,0,176,장위로50길
2018,2,A,골목상권,1000295,2071,959,1112,215,457,282,265,309,543,103,166,152,144,158,236,112,291,130,121,151,307,1114,269,845,장월로1길
2018,2,A,골목상권,1000294,984,491,493,155,132,163,183,137,214,78,74,79,91,69,100,77,58,84,92,68,114,435,0,435,인촌로6길
2018,2,A,골목상권,1000293,1491,644,847,120,497,254,174,165,281,59,177,123,79,83,123,61,320,131,95,82,158,924,0,924,인촌로5길
2018,2,A,골목상권,1000292,705,406,299,45,282,113,71,70,124,21,168,74,44,38,61,24,114,39,27,32,63,506,0,506,인촌로24길
2018,2,A,골목상권,1000291,994,495,499,64,537,132,67,63,131,35,268,75,34,32,51,29,269,57,33,31,80,763,0,763,개운사길
2018,2,A,골목상권,1000290,1033,505,528,77,228,181,137,158,252,35,103,93,79,83,112,42,125,88,58,75,140,626,0,626,인촌로1길
2018,2,A,골목상권,1000289,1628,818,810,147,536,243,221,185,296,80,291,117,108,90,132,67,245,126,113,95,164,978,0,978,인촌로17가길
2018,2,A,골목상권,1000288,3012,1452,1560,327,601,400,432,485,767,145,261,217,236,245,348,182,340,183,196,240,419,1482,0,1482,오패산로4길
2018,2,A,골목상권,1000287,3356,1646,1710,460,394,445,474,562,1021,224,206,245,258,257,456,236,188,200,216,305,565,1450,345,1105,오패산로3길
2018,2,A,골목상권,1000286,1679,830,849,165,215,203,253,311,532,83,115,100,131,162,239,82,100,103,122,149,293,830,0,830,오패산로19길
2018,2,A,골목상권,1000285,2238,1110,1128,251,428,384,375,351,449,133,220,207,191,176,183,118,208,177,184,175,266,1153,0,1153,안암로5길
2018,2,A,골목상권,1000284,3122,1373,1749,279,831,641,376,364,631,139,317,298,173,177,269,140,514,343,203,187,362,1808,0,1808,아리랑로4길
2018,2,A,골목상권,1000283,1897,943,954,253,316,261,251,292,524,135,169,135,122,156,226,118,147,126,129,136,298,833,0,833,솔샘로6길
2018,2,A,골목상권,1000282,1629,795,834,276,229,251,279,260,334,144,117,122,135,129,148,132,112,129,144,131,186,634,96,538,성북로8길
2018,2,A,골목상권,1000281,780,372,408,87,94,99,122,124,254,43,44,52,64,65,104,44,50,47,58,59,150,390,0,390,삼양로8길
2018,2,A,골목상권,1000280,1805,914,891,237,268,249,274,307,470,125,149,140,141,154,205,112,119,109,133,153,265,871,0,871,삼선교로16가길
2018,2,A,골목상권,1000279,2234,1113,1121,222,423,331,328,354,576,114,227,179,172,168,253,108,196,152,156,186,323,1161,0,1161,삼선교로10다길
2018,2,A,골목상권,1000278,2364,1112,1252,258,501,382,324,336,563,132,249,192,154,145,240,126,252,190,170,191,323,1212,0,1212,삼선교로10길
2018,2,A,골목상권,1000277,1284,443,841,70,503,301,127,105,178,31,106,134,54,42,76,39,397,167,73,63,102,915,0,915,보문로32길
2018,2,A,골목상권,1000276,2899,1321,1578,342,618,529,416,384,610,176,263,253,200,179,250,166,355,276,216,205,360,1565,0,1565,보문로31길
2018,2,A,골목상권,1000275,1306,626,680,119,387,215,159,170,256,65,186,116,78,86,95,54,201,99,81,84,161,779,0,779,보문로26길
2018,2,A,골목상권,1000274,2554,1233,1321,242,426,387,416,450,633,127,202,209,206,204,285,115,224,178,210,246,348,1333,0,1333,보문로13길
2018,2,A,골목상권,1000273,2972,1462,1510,442,408,435,468,475,744,234,210,222,246,228,322,208,198,213,222,247,422,1243,0,1243,보국문로16길
2018,2,A,골목상권,1000272,278,132,146,28,35,35,36,52,92,16,17,18,18,27,36,12,18,17,18,25,56,145,0,145,동소문로6길
2018,2,A,골목상권,1000271,385,197,188,37,61,43,57,64,123,22,31,25,31,31,57,15,30,18,26,33,66,216,0,216,동소문로2길
2018,2,A,골목상권,1000270,2304,923,1381,149,700,409,295,239,512,63,200,182,145,111,222,86,500,227,150,128,290,1548,0,1548,동소문로26가길
2018,2,A,골목상권,1000269,1078,459,619,124,278,195,149,128,204,65,96,91,68,58,81,59,182,104,81,70,123,604,0,604,동소문로15길
2018,2,A,골목상권,1000268,2933,1327,1606,472,555,403,462,445,596,232,229,189,213,209,255,240,326,214,249,236,341,1302,394,908,동소문로13길
2018,2,A,골목상권,1000267,1343,685,658,145,164,162,171,264,437,76,89,85,100,134,201,69,75,77,71,130,236,630,0,630,돌곶이로8길
2018,2,A,골목상권,1000266,1932,985,947,266,239,264,311,342,510,148,124,154,154,175,230,118,115,110,157,167,280,838,0,838,돌곶이로41길
2018,2,A,골목상권,1000265,1116,607,509,130,136,133,180,222,315,72,68,69,102,130,166,58,68,64,78,92,149,526,96,430,돌곶이로28길
2018,2,A,골목상권,1000264,2985,1508,1477,331,370,349,468,572,895,168,207,185,240,297,411,163,163,164,228,275,484,1368,0,1368,돌곶이로27길
2018,2,A,골목상권,1000263,1174,588,586,139,187,160,178,207,303,67,88,93,86,99,155,72,99,67,92,108,148,605,0,605,돌곶이로22길
2018,2,A,골목상권,1000262,1412,687,725,186,188,171,215,253,399,104,80,81,110,133,179,82,108,90,105,120,220,631,0,631,돌곶이로14길
2018,2,A,골목상권,1000261,282,145,137,15,22,27,33,44,141,8,11,16,19,25,66,7,11,11,14,19,75,176,0,176,길음로7길
2018,2,A,골목상권,1000260,2621,1324,1297,306,350,385,438,490,652,159,174,205,232,252,302,147,176,180,206,238,350,1279,81,1198,중랑천로10길
2018,2,A,골목상권,1000259,3344,1730,1614,421,473,440,490,673,847,213,268,242,267,335,405,208,205,198,223,338,442,1522,103,1419,용마산로94길
2018,2,A,골목상권,1000258,2007,1052,955,173,233,236,289,450,626,86,120,137,159,248,302,87,113,99,130,202,324,1189,0,1189,용마산로118길
2018,2,A,골목상권,1000257,2403,1212,1191,304,333,282,341,481,662,148,172,149,175,250,318,156,161,133,166,231,344,1098,69,1029,용마산로112길
2018,2,A,골목상권,1000256,3091,1554,1537,449,436,429,497,557,723,224,226,226,233,315,330,225,210,203,264,242,393,1398,0,1398,용마산로100길
2018,2,A,골목상권,1000255,2665,1313,1352,589,325,433,461,410,447,299,172,222,224,206,190,290,153,211,237,204,257,967,485,482,신내로7가길
2018,2,A,골목상권,1000254,3221,1600,1621,309,494,580,506,537,795,171,240,308,281,248,352,138,254,272,225,289,443,1766,0,1766,사가정로54길
2018,2,A,골목상권,1000253,3139,1544,1595,432,430,456,464,565,792,213,226,223,240,261,381,219,204,233,224,304,411,1333,531,802,사가정로42길
2018,2,A,골목상권,1000252,3830,1870,1960,682,504,553,621,678,792,346,269,280,311,319,345,336,235,273,310,359,447,1426,361,1065,봉화산로56길
2018,2,A,골목상권,1000251,4672,2476,2196,441,604,699,707,972,1249,243,314,389,391,529,610,198,290,310,316,443,639,2407,0,2407,봉화산로4길
2018,2,A,골목상권,1000250,3175,1595,1580,419,501,541,452,546,716,222,248,283,237,278,327,197,253,258,215,268,389,1496,0,1496,봉화산로30길
2018,2,A,골목상권,1000249,2006,974,1032,169,376,447,259,315,440,78,157,237,134,151,217,91,219,210,125,164,223,1099,0,1099,봉우재로33길
2018,2,A,골목상권,1000248,5435,2713,2722,646,797,851,799,1006,1336,325,398,478,417,499,596,321,399,373,382,507,740,2634,21,2613,면목로78길
2018,2,A,골목상권,1000247,2806,1432,1374,311,425,395,426,600,649,164,234,218,217,294,305,147,191,177,209,306,344,1343,0,1343,면목로56길
2018,2,A,골목상권,1000246,1986,1014,972,283,285,307,338,363,410,143,142,156,182,193,198,140,143,151,156,170,212,932,0,932,면목로55길
2018,2,A,골목상권,1000245,2892,1457,1435,290,341,489,488,514,770,172,152,264,270,243,356,118,189,225,218,271,414,1607,0,1607,면목로49길
2018,2,A,골목상권,1000244,3102,1496,1606,362,483,551,478,540,688,189,224,286,245,247,305,173,259,265,233,293,383,1518,0,1518,면목로48길
2018,2,A,골목상권,1000243,1387,698,689,120,225,206,231,244,361,54,112,107,129,131,165,66,113,99,102,113,196,750,0,750,면목로45길
2018,2,A,골목상권,1000242,2677,1363,1314,395,367,388,446,454,627,209,188,201,233,253,279,186,179,187,213,201,348,1223,0,1223,면목로33길
2018,2,A,골목상권,1000241,1940,985,955,261,265,312,336,330,436,143,142,162,177,163,198,118,123,150,159,167,238,888,0,888,면목로21길
2018,2,A,골목상권,1000240,1475,782,693,180,191,163,234,279,428,86,109,94,128,143,222,94,82,69,106,136,206,742,0,742,망우로73길
2018,2,A,골목상권,1000239,2331,1208,1123,277,338,331,325,476,584,148,188,183,166,234,289,129,150,148,159,242,295,1140,0,1140,망우로68길
2018,2,A,골목상권,1000238,3704,1862,1842,474,530,710,548,644,798,243,253,401,269,325,371,231,277,309,279,319,427,1839,0,1839,동일로163길
2018,2,A,골목상권,1000237,2700,1345,1355,253,458,510,392,458,629,129,208,281,217,234,276,124,250,229,175,224,353,1471,0,1471,동일로157길
2018,2,A,골목상권,1000236,2979,1466,1513,430,434,508,465,505,637,226,212,262,235,250,281,204,222,246,230,255,356,1341,0,1341,동일로149길
2018,2,A,골목상권,1000235,2409,1252,1157,308,362,425,326,421,567,179,199,224,188,210,252,129,163,201,138,211,315,1065,0,1065,동일로140길
2018,2,A,골목상권,1000234,2828,1457,1371,226,353,370,420,622,837,115,173,201,226,340,402,111,180,169,194,282,435,1543,0,1543,동일로139길
2018,2,A,골목상권,1000233,1880,970,910,249,285,289,269,371,417,136,154,152,143,185,200,113,131,137,126,186,217,830,104,726,동일로139가길
2018,2,A,골목상권,1000232,3425,1635,1790,481,536,551,470,630,757,223,275,268,240,292,337,258,261,283,230,338,420,1511,0,1511,동일로130길
2018,2,A,골목상권,1000231,2702,1361,1341,253,402,375,372,587,713,144,205,203,176,303,330,109,197,172,196,284,383,1414,0,1414,동일로123길
2018,2,A,골목상권,1000230,4311,2107,2204,394,752,848,608,775,934,214,347,426,317,367,436,180,405,422,291,408,498,2358,0,2358,동일로112길
2018,2,A,골목상권,1000229,3074,1518,1556,466,414,372,544,583,695,207,210,197,281,301,322,259,204,175,263,282,373,1383,145,1238,동일로101길
2018,2,A,골목상권,1000228,5085,2589,2496,616,760,797,701,985,1226,324,380,444,356,492,593,292,380,353,345,493,633,2339,56,2283,동일로100길
2018,2,A,골목상권,1000227,1999,985,1014,260,296,313,309,386,435,135,137,172,150,198,193,125,159,141,159,188,242,922,18,904,답십리로75길
2018,2,A,골목상권,1000226,4127,1983,2144,471,612,780,618,611,1035,231,306,387,315,281,463,240,306,393,303,330,572,1989,363,1626,공릉로2길
2018,2,A,골목상권,1000225,1426,710,716,298,184,199,256,213,276,155,105,100,125,101,124,143,79,99,131,112,152,566,126,440,공릉로12가길
2018,2,A,골목상권,1000224,5164,2595,2569,653,807,878,794,951,1081,331,428,459,410,464,503,322,379,419,384,487,578,2334,113,2221,겸재로54길
2018,2,A,골목상권,1000223,4233,2089,2144,423,614,671,703,789,1033,214,290,354,347,404,480,209,324,317,356,385,553,2362,0,2362,겸재로36길
2018,2,A,골목상권,1000222,2304,1178,1126,228,352,383,346,437,558,119,180,202,194,224,259,109,172,181,152,213,299,1233,200,1033,겸재로29길
2018,2,A,골목상권,1000221,3365,1678,1687,306,607,519,504,581,848,154,314,277,272,299,362,152,293,242,232,282,486,1850,0,1850,휘경로3길
2018,2,A,골목상권,1000220,1298,656,642,105,368,213,159,171,282,49,175,129,92,87,124,56,193,84,67,84,158,781,0,781,휘경로2길
2018,2,A,골목상권,1000219,2537,1245,1292,220,304,360,434,419,800,100,165,201,234,224,321,120,139,159,200,195,479,1492,0,1492,휘경로23길
2018,2,A,골목상권,1000218,2003,1041,962,143,315,260,307,396,582,70,175,142,178,206,270,73,140,118,129,190,312,1101,0,1101,휘경로14길
2018,2,A,골목상권,1000217,2256,1095,1161,401,263,297,404,369,522,202,123,162,187,185,236,199,140,135,217,184,286,878,428,450,한천로46길
2018,2,A,골목상권,1000216,1830,926,904,178,234,210,289,352,567,88,127,111,156,188,256,90,107,99,133,164,311,982,0,982,한천로40길
2018,2,A,골목상권,1000215,861,425,436,130,118,115,153,157,188,69,55,51,81,79,90,61,63,64,72,78,98,372,0,372,한천로33길
2018,2,A,골목상권,1000214,3195,1665,1530,339,370,428,508,653,897,178,194,227,280,357,429,161,176,201,228,296,468,1694,44,1650,한천로14길
2018,2,A,골목상권,1000213,2800,1441,1359,412,428,517,480,399,564,216,222,271,253,196,283,196,206,246,227,203,281,1239,413,826,천호대로97길
2018,2,A,골목상권,1000212,2398,1251,1147,292,378,381,365,432,550,154,209,216,186,206,280,138,169,165,179,226,270,1020,92,928,천호대로77길
2018,2,A,골목상권,1000211,2557,1344,1213,231,379,379,333,427,808,117,208,220,196,220,383,114,171,159,137,207,425,1308,0,1308,천호대로45길
2018,2,A,골목상권,1000210,2849,1424,1425,241,573,580,429,429,597,124,254,321,237,230,258,117,319,259,192,199,339,1687,34,1653,천호대로17길
2018,2,A,골목상권,1000209,235,133,102,27,26,25,41,56,60,13,14,13,27,35,31,14,12,12,14,21,29,126,0,126,천호대로12길
2018,2,A,골목상권,1000208,1377,699,678,123,751,160,92,86,165,49,398,92,46,39,75,74,353,68,46,47,90,1037,0,1037,천장산로7길
2018,2,A,골목상권,1000207,992,544,448,61,204,151,135,146,295,36,108,99,83,84,134,25,96,52,52,62,161,626,0,626,제기로5길
2018,2,A,골목상권,1000206,3176,1619,1557,280,318,333,425,541,1279,134,177,207,227,287,587,146,141,126,198,254,692,1832,0,1832,제기로21길
2018,2,A,골목상권,1000205,1470,756,714,106,183,141,241,324,475,60,101,73,133,174,215,46,82,68,108,150,260,865,0,865,전농로4길
2018,2,A,골목상권,1000204,1744,872,872,214,255,193,284,333,465,115,131,104,139,167,216,99,124,89,145,166,249,828,0,828,전농로3길
2018,2,A,골목상권,1000203,2023,1002,1021,244,283,226,293,392,585,121,162,127,148,192,252,123,121,99,145,200,333,982,0,982,전농로29길
2018,2,A,골목상권,1000202,2328,1163,1165,316,349,414,337,394,518,167,181,206,167,188,254,149,168,208,170,206,264,968,165,803,장한로8길
2018,2,A,골목상권,1000201,2077,1043,1034,290,293,363,315,350,466,156,144,194,165,168,216,134,149,169,150,182,250,903,297,606,장한로5길
2018,2,A,골목상권,1000200,916,497,419,99,113,151,153,175,225,54,61,84,87,96,115,45,52,67,66,79,110,485,25,460,장한로27길
2018,2,A,골목상권,1000199,998,497,501,128,141,131,149,173,276,61,78,67,75,90,126,67,63,64,74,83,150,446,0,446,장한로27가길
2018,2,A,골목상권,1000198,2637,1301,1336,495,293,380,513,363,593,257,153,173,267,176,275,238,140,207,246,187,318,979,285,694,장한로26길
2018,2,A,골목상권,1000197,1372,676,696,190,210,261,221,197,293,91,97,133,119,90,146,99,113,128,102,107,147,645,315,330,장한로26가길
2018,2,A,골목상권,1000196,567,287,280,76,78,109,81,104,119,42,46,57,40,47,55,34,32,52,41,57,64,257,0,257,장한로25길
2018,2,A,골목상권,1000195,1436,736,700,239,163,232,241,195,366,128,85,122,132,98,171,111,78,110,109,97,195,534,141,393,장한로14길
2018,2,A,골목상권,1000194,3536,1798,1738,397,582,484,517,582,974,206,290,280,274,302,446,191,292,204,243,280,528,1760,0,1760,이문로42길
2018,2,A,골목상권,1000193,3487,1795,1692,352,388,480,509,667,1091,175,221,265,289,366,479,177,167,215,220,301,612,1921,309,1612,왕산로43길
2018,2,A,골목상권,1000192,521,255,266,28,59,52,53,88,241,13,28,28,29,49,108,15,31,24,24,39,133,324,0,324,왕산로33길
2018,2,A,골목상권,1000191,1088,572,516,72,177,156,142,195,346,34,88,82,91,112,165,38,89,74,51,83,181,637,0,637,왕산로32길
2018,2,A,골목상권,1000190,1589,837,752,100,184,175,194,293,643,57,102,99,122,168,289,43,82,76,72,125,354,924,0,924,약령시로17길
2018,2,A,골목상권,1000189,2404,1214,1190,380,304,429,390,352,549,205,147,218,207,186,251,175,157,211,183,166,298,1096,113,983,서울시립대로4길
2018,2,A,골목상권,1000188,4087,2086,2001,454,1061,646,450,533,943,240,570,375,252,251,398,214,491,271,198,282,545,2278,0,2278,서울시립대로29길
2018,2,A,골목상권,1000187,3454,1697,1757,408,583,381,512,685,885,214,292,214,262,326,389,194,291,167,250,359,496,1502,441,1061,서울시립대로16길
2018,2,A,골목상권,1000186,1838,901,937,245,253,274,300,324,442,119,138,133,155,167,189,126,115,141,145,157,253,862,152,710,사가정로2길
2018,2,A,골목상권,1000185,1981,960,1021,314,276,273,314,348,456,151,140,147,152,156,214,163,136,126,162,192,242,755,147,608,사가정로23가길
2018,2,A,골목상권,1000184,2017,977,1040,205,268,260,262,409,613,97,137,136,136,201,270,108,131,124,126,208,343,999,0,999,사가정로13길
2018,2,A,골목상권,1000183,1206,700,506,107,331,209,135,172,252,53,215,136,80,95,121,54,116,73,55,77,131,746,0,746,무학로45길
2018,2,A,골목상권,1000182,1361,697,664,148,176,193,195,269,380,69,110,106,109,126,177,79,66,87,86,143,203,629,0,629,무학로16길
2018,2,A,골목상권,1000181,540,281,259,66,86,78,64,86,160,35,46,42,34,41,83,31,40,36,30,45,77,239,108,131,망우로21길
2018,2,A,골목상권,1000180,1552,770,782,165,544,214,181,166,282,81,268,117,97,81,126,84,276,97,84,85,156,951,0,951,망우로18길
2018,2,A,골목상권,1000179,2562,1335,1227,231,847,341,259,316,568,117,481,199,138,141,259,114,366,142,121,175,309,1532,0,1532,망우로18가길
2018,2,A,골목상권,1000178,1160,580,580,150,171,228,176,195,240,76,90,110,98,90,116,74,81,118,78,105,124,529,22,507,답십리로72길
2018,2,A,골목상권,1000177,1791,946,845,309,199,311,291,269,412,172,108,165,157,133,211,137,91,146,134,136,201,705,272,433,답십리로69길
2018,2,A,골목상권,1000176,3339,1718,1621,387,472,753,576,564,587,221,240,409,300,277,271,166,232,344,276,287,316,1632,0,1632,답십리로68길
2018,2,A,골목상권,1000175,2880,1435,1445,355,372,449,457,551,696,174,193,245,238,278,307,181,179,204,219,273,389,1386,33,1353,답십리로64길
2018,2,A,골목상권,1000174,1449,741,708,173,207,193,222,260,394,83,112,115,116,130,185,90,95,78,106,130,209,679,0,679,답십리로63길
2018,2,A,골목상권,1000173,1754,911,843,203,247,227,252,333,492,109,134,127,137,172,232,94,113,100,115,161,260,801,142,659,답십리로60길
2018,2,A,골목상권,1000172,3728,1856,1872,439,466,475,588,681,1079,213,262,263,306,339,473,226,204,212,282,342,606,1738,455,1283,답십리로56길
2018,2,A,골목상권,1000171,2160,1074,1086,270,338,314,326,368,544,160,167,147,169,182,249,110,171,167,157,186,295,1032,89,943,답십리로23길
2018,2,A,골목상권,1000170,217,128,89,19,31,28,37,35,67,12,15,17,23,21,40,7,16,11,14,14,27,115,0,115,난계로30길
2018,2,A,골목상권,1000169,1228,628,600,114,407,170,155,141,241,49,216,100,82,68,113,65,191,70,73,73,128,773,0,773,경희대로4길
2018,2,A,골목상권,1000168,581,279,302,35,228,106,55,56,101,19,103,50,26,33,48,16,125,56,29,23,53,409,0,409,경희대로3길
2018,2,A,골목상권,1000167,3386,1624,1762,500,504,569,524,554,735,250,250,280,260,257,327,250,254,289,264,297,408,1376,22,1354,천호대로129길
2018,2,A,골목상권,1000166,3034,1474,1560,440,482,523,460,541,588,233,239,261,229,249,263,207,243,262,231,292,325,1305,0,1305,천호대로123길
2018,2,A,골목상권,1000165,3593,1681,1912,405,676,739,521,567,685,207,279,348,255,272,320,198,397,391,266,295,365,1774,217,1557,천호대로109길
2018,2,A,골목상권,1000164,3749,1884,1865,557,562,542,588,687,813,285,312,265,303,343,376,272,250,277,285,344,437,1639,152,1487,자양번영로3길
2018,2,A,골목상권,1000163,2763,1326,1437,382,372,450,389,498,672,196,175,214,187,239,315,186,197,236,202,259,357,1175,0,1175,자양로53길
2018,2,A,골목상권,1000162,4604,2227,2377,661,638,724,697,781,1103,349,333,368,337,354,486,312,305,356,360,427,617,1950,16,1934,자양로50길
2018,2,A,골목상권,1000161,2625,1254,1371,304,397,461,400,481,582,169,189,216,197,224,259,135,208,245,203,257,323,1168,0,1168,자양로45길
2018,2,A,골목상권,1000160,3062,1458,1604,364,609,557,510,498,524,188,263,275,251,241,240,176,346,282,259,257,284,1482,59,1423,자양로26길
2018,2,A,골목상권,1000159,1887,865,1022,197,345,317,275,307,446,97,153,138,125,154,198,100,192,179,150,153,248,964,0,964,자양로15길
2018,2,A,골목상권,1000158,3902,1897,2005,408,613,732,577,682,890,193,302,387,291,326,398,215,311,345,286,356,492,2058,0,2058,자양로11길
2018,2,A,골목상권,1000157,3931,1905,2026,642,608,779,610,593,699,345,295,370,300,277,318,297,313,409,310,316,381,1720,40,1680,용마산로3길
2018,2,A,골목상권,1000156,5416,2689,2727,696,879,980,771,1000,1090,353,449,518,372,487,510,343,430,462,399,513,580,2366,38,2328,용마산로21길
2018,2,A,골목상권,1000155,1782,866,916,272,253,365,268,269,355,147,123,173,132,123,168,125,130,192,136,146,187,732,198,534,아차산로78길
2018,2,A,골목상권,1000154,2928,1390,1538,552,442,456,531,423,524,267,217,217,248,201,240,285,225,239,283,222,284,1206,68,1138,아차산로65길
2018,2,A,골목상권,1000153,2925,1362,1563,243,624,667,396,402,593,128,296,324,203,159,252,115,328,343,193,243,341,1543,0,1543,아차산로55길
2018,2,A,골목상권,1000152,1774,825,949,170,447,410,215,262,270,84,187,199,101,131,123,86,260,211,114,131,147,988,0,988,아차산로51길
2018,2,A,골목상권,1000151,3059,1513,1546,390,547,551,460,495,616,205,281,267,240,249,271,185,266,284,220,246,345,1427,46,1381,아차산로40길
2018,2,A,골목상권,1000150,4173,2081,2092,409,603,740,600,790,1031,200,320,399,303,387,472,209,283,341,297,403,559,2146,0,2146,면목로17길
2018,2,A,골목상권,1000149,3001,1521,1480,406,512,498,441,518,626,223,257,268,213,252,308,183,255,230,228,266,318,1312,0,1312,뚝섬로64길
2018,2,A,골목상권,1000148,3517,1692,1825,590,506,641,593,513,674,303,246,317,272,244,310,287,260,324,321,269,364,1431,33,1398,뚝섬로58길
2018,2,A,골목상권,1000147,3555,1750,1805,631,502,659,641,567,555,327,259,329,305,273,257,304,243,330,336,294,298,1418,30,1388,뚝섬로54길
2018,2,A,골목상권,1000146,3660,1772,1888,488,561,688,601,595,727,254,267,329,306,285,331,234,294,359,295,310,396,1679,0,1679,뚝섬로48길
2018,2,A,골목상권,1000145,2990,1514,1476,319,408,515,446,567,735,158,219,284,226,291,336,161,189,231,220,276,399,1461,0,1461,뚝섬로24길
2018,2,A,골목상권,1000144,1882,919,963,205,254,296,280,347,500,95,125,153,149,179,218,110,129,143,131,168,282,976,85,891,뚝섬로23길
2018,2,A,골목상권,1000143,2959,1431,1528,229,900,630,352,344,504,117,391,328,191,172,232,112,509,302,161,172,272,1831,170,1661,동일로24길
2018,2,A,골목상권,1000142,1891,974,917,158,319,338,268,347,461,78,159,187,142,194,214,80,160,151,126,153,247,1066,0,1066,동일로18길
2018,2,A,골목상권,1000141,3043,1493,1550,650,401,487,550,504,451,332,203,224,267,247,220,318,198,263,283,257,231,1068,393,675,능동로4길
2018,2,A,골목상권,1000140,3677,1829,1848,355,445,523,521,741,1092,167,233,266,283,374,506,188,212,257,238,367,586,1903,207,1696,능동로3길
2018,2,A,골목상권,1000139,5130,2375,2755,580,921,1278,750,654,947,304,386,580,377,306,422,276,535,698,373,348,525,2697,0,2697,능동로34길
2018,2,A,골목상권,1000138,2325,1144,1181,95,848,419,254,283,426,39,364,218,153,175,195,56,484,201,101,108,231,1835,0,1835,능동로19길
2018,2,A,골목상권,1000137,3630,1719,1911,212,1365,750,360,387,556,112,573,400,189,200,245,100,792,350,171,187,311,2490,0,2490,능동로13길
2018,2,A,골목상권,1000136,2130,1061,1069,254,345,384,308,364,475,137,161,206,158,176,223,117,184,178,150,188,252,986,0,986,긴고랑로9길
2018,2,A,골목상권,1000135,4141,2086,2055,408,654,880,601,705,893,228,316,459,318,344,421,180,338,421,283,361,472,2085,18,2067,긴고랑로8길
2018,2,A,골목상권,1000134,4618,2266,2352,627,663,717,775,818,1018,319,323,366,394,393,471,308,340,351,381,425,547,2156,34,2122,긴고랑로7길
2018,2,A,골목상권,1000133,4183,2002,2181,534,665,763,629,699,893,278,319,376,309,314,406,256,346,387,320,385,487,1995,0,1995,긴고랑로20길
2018,2,A,골목상권,1000132,4306,2040,2266,581,687,834,700,669,835,269,335,410,350,317,359,312,352,424,350,352,476,2026,0,2026,광나루로52길
2018,2,A,골목상권,1000131,3920,1961,1959,427,697,794,623,545,834,212,346,423,319,292,369,215,351,371,304,253,465,1952,0,1952,광나루로40길
2018,2,A,골목상권,1000130,685,333,352,100,101,98,92,126,168,49,50,51,46,65,72,51,51,47,46,61,96,314,0,314,광나루로37길
2018,2,A,골목상권,1000129,2660,1298,1362,334,406,492,427,425,576,160,208,238,226,216,250,174,198,254,201,209,326,1357,0,1357,광나루로36길
2018,2,A,골목상권,1000128,1256,675,581,85,417,213,158,145,238,43,236,124,98,70,104,42,181,89,60,75,134,804,0,804,광나루로24길
2018,2,A,골목상권,1000127,2710,1315,1395,117,1397,624,220,167,185,54,601,338,133,95,94,63,796,286,87,72,91,2269,42,2227,광나루로12길
2018,2,A,골목상권,1000126,2147,990,1157,203,292,349,304,397,602,88,132,169,154,204,243,115,160,180,150,193,359,1033,701,332,한림말길
2018,2,A,골목상권,1000125,927,441,486,113,133,180,153,118,230,56,58,86,83,56,102,57,75,94,70,62,128,487,57,430,한림말3길
2018,2,A,골목상권,1000124,2678,1370,1308,314,425,366,397,511,665,167,232,201,198,272,300,147,193,165,199,239,365,1221,0,1221,청계천로10나길
2018,2,A,골목상권,1000123,1974,956,1018,200,258,299,322,320,575,111,133,149,169,149,245,89,125,150,153,171,330,984,0,984,장터길
2018,2,A,골목상권,1000122,2720,1411,1309,308,422,344,444,506,696,163,225,189,237,259,338,145,197,155,207,247,358,1270,0,1270,용답중앙길
2018,2,A,골목상권,1000121,3094,1553,1541,317,470,474,480,578,775,160,225,247,255,311,355,157,245,227,225,267,420,1620,0,1620,용답29길
2018,2,A,골목상권,1000120,2031,1034,997,265,340,376,344,297,409,137,171,190,175,163,198,128,169,186,169,134,211,964,168,796,왕십리로6길
2018,2,A,골목상권,1000119,2900,1383,1517,318,505,513,456,436,672,148,225,266,235,219,290,170,280,247,221,217,382,1469,93,1376,왕십리로31길
2018,2,A,골목상권,1000118,2849,1432,1417,341,571,421,435,504,577,183,274,216,221,277,261,158,297,205,214,227,316,1447,0,1447,왕십리로26길
2018,2,A,골목상권,1000117,2438,1142,1296,314,464,381,390,392,497,149,210,199,188,185,211,165,254,182,202,207,286,1170,0,1170,왕십리로21길
2018,2,A,골목상권,1000116,1810,941,869,213,306,302,271,319,399,128,153,144,139,170,207,85,153,158,132,149,192,883,76,807,왕십리로14길
2018,2,A,골목상권,1000115,1533,819,714,141,312,340,214,243,283,86,153,190,115,139,136,55,159,150,99,104,147,825,0,825,아차산로5길
2018,2,A,골목상권,1000114,435,260,175,4,146,168,54,34,29,1,58,109,45,29,18,3,88,59,9,5,11,410,0,410,아차산로15길
2018,2,A,골목상권,1000113,351,206,145,39,42,60,67,75,68,19,24,31,44,46,42,20,18,29,23,29,26,190,0,190,아차산로11길
2018,2,A,골목상권,1000112,2681,1438,1243,277,452,393,375,548,636,140,246,215,213,305,319,137,206,178,162,243,317,1389,0,1389,송정4가길
2018,2,A,골목상권,1000111,1302,701,601,147,199,185,207,247,317,80,110,100,127,134,150,67,89,85,80,113,167,658,0,658,송정12라길
2018,2,A,골목상권,1000110,628,362,266,69,116,85,109,132,117,33,62,48,64,86,69,36,54,37,45,46,48,363,0,363,성수일로6길
2018,2,A,골목상권,1000109,1283,695,588,111,287,238,172,220,255,60,133,145,96,123,138,51,154,93,76,97,117,753,26,727,성수이로7길
2018,2,A,골목상권,1000108,265,152,113,34,37,22,52,61,59,18,19,17,32,40,26,16,18,5,20,21,33,144,0,144,성수이로18길
2018,2,A,골목상권,1000107,3207,1672,1535,388,533,417,493,702,674,200,294,227,245,406,300,188,239,190,248,296,374,1554,0,1554,성덕정길
2018,2,A,골목상권,1000106,3554,1882,1672,388,468,491,551,744,912,199,249,269,308,429,428,189,219,222,243,315,484,1798,0,1798,성덕정17길
2018,2,A,골목상권,1000105,1873,930,943,238,296,377,298,293,371,115,160,189,160,144,162,123,136,188,138,149,209,912,56,856,서울숲2길
2018,2,A,골목상권,1000104,1131,578,553,130,200,219,197,178,207,65,102,112,106,94,99,65,98,107,91,84,108,602,0,602,상원길
2018,2,A,골목상권,1000103,2422,1221,1201,335,406,453,372,410,446,172,204,235,202,205,203,163,202,218,170,205,243,1119,440,679,상원12길
2018,2,A,골목상권,1000102,2366,1324,1042,155,926,311,211,255,508,74,592,190,119,123,226,81,334,121,92,132,282,1599,0,1599,사근동길
2018,2,A,골목상권,1000101,2281,1146,1135,349,393,333,364,372,470,187,211,171,181,182,214,162,182,162,183,190,256,1010,249,761,무학봉길
2018,2,A,골목상권,1000100,1010,473,537,76,231,156,142,180,225,34,108,80,73,94,84,42,123,76,69,86,141,595,0,595,무학봉28길
2018,2,A,골목상권,1000099,1776,873,903,176,309,315,280,297,399,96,143,157,152,150,175,80,166,158,128,147,224,934,104,830,무학로6길
2018,2,A,골목상권,1000098,2224,1066,1158,269,256,334,381,380,604,127,115,174,198,195,257,142,141,160,183,185,347,1171,0,1171,무수막길
2018,2,A,골목상권,1000097,5851,2748,3103,963,732,1480,982,807,887,489,359,652,486,363,399,474,373,828,496,444,488,2362,0,2362,매봉길
2018,2,A,골목상권,1000096,1209,560,649,71,575,214,76,111,162,35,251,102,38,54,80,36,324,112,38,57,82,885,0,885,마조로1길
2018,2,A,골목상권,1000095,2537,1252,1285,298,366,325,347,452,749,154,176,156,184,235,347,144,190,169,163,217,402,1275,299,976,마조로16길
2018,2,A,골목상권,1000094,943,467,476,169,134,154,158,158,170,89,64,81,76,78,79,80,70,73,82,80,91,354,36,318,마장로39길
2018,2,A,골목상권,1000093,1877,931,946,236,307,303,266,302,463,131,153,150,145,147,205,105,154,153,121,155,258,889,0,889,마장로27길
2018,2,A,골목상권,1000092,1638,805,833,234,239,321,289,258,297,109,102,159,142,153,140,125,137,162,147,105,157,861,86,775,뚝섬로5길
2018,2,A,골목상권,1000091,2918,1571,1347,309,435,385,455,653,681,160,236,220,252,379,324,149,199,165,203,274,357,1513,0,1513,둘레9길
2018,2,A,골목상권,1000090,3345,1653,1692,449,459,458,517,594,868,248,234,244,256,291,380,201,225,214,261,303,488,1430,110,1320,금호산길
2018,2,A,골목상권,1000089,2323,1157,1166,291,353,310,330,399,640,162,198,167,164,197,269,129,155,143,166,202,371,1040,0,1040,금호산2길
2018,2,A,골목상권,1000088,2620,1363,1257,221,430,347,386,512,724,117,235,198,209,262,342,104,195,149,177,250,382,1440,14,1426,고산자로6길
2018,2,A,골목상권,1000087,5659,2727,2932,874,761,952,952,863,1257,469,386,467,478,398,529,405,375,485,474,465,728,2673,9,2664,후암로28길
2018,2,A,골목상권,1000086,2918,1397,1521,392,422,546,459,416,683,202,201,277,226,213,278,190,221,269,233,203,405,1396,49,1347,효창원로39길
2018,2,A,골목상권,1000085,2232,981,1251,184,257,355,344,354,738,93,136,160,160,154,278,91,121,195,184,200,460,1309,0,1309,회나무로13길
2018,2,A,골목상권,1000084,563,250,313,42,100,144,89,71,117,18,36,73,42,29,52,24,64,71,47,42,65,355,0,355,한남대로20길
2018,2,A,골목상권,1000083,127,102,25,3,7,15,24,35,43,2,5,11,17,34,33,1,2,4,7,1,10,119,0,119,한강대로88길
2018,2,A,골목상권,1000082,740,398,342,57,61,100,96,133,293,33,37,55,57,80,136,24,24,45,39,53,157,430,0,430,한강대로7길
2018,2,A,골목상권,1000081,904,460,444,77,118,154,114,169,272,47,60,83,58,89,123,30,58,71,56,80,149,536,0,536,한강대로62길
2018,2,A,골목상권,1000080,632,316,316,34,83,126,97,71,221,20,43,67,52,49,85,14,40,59,45,22,136,439,0,439,한강대로52길
2018,2,A,골목상권,1000079,1556,739,817,109,252,517,234,191,253,59,97,228,123,98,134,50,155,289,111,93,119,998,0,998,한강대로43길
2018,2,A,골목상권,1000078,493,260,233,34,61,67,80,82,169,18,37,42,46,42,75,16,24,25,34,40,94,282,0,282,한강대로15길
2018,2,A,골목상권,1000077,2565,1413,1152,245,338,388,409,520,665,133,163,197,250,336,334,112,175,191,159,184,331,1547,0,1547,한강대로104길
2018,2,A,골목상권,1000076,2541,1298,1243,279,404,387,403,462,606,152,221,219,212,237,257,127,183,168,191,225,349,1305,0,1305,청파로73길
2018,2,A,골목상권,1000075,4244,2147,2097,533,756,735,647,686,887,278,404,415,328,327,395,255,352,320,319,359,492,1969,9,1960,청파로71길
2018,2,A,골목상권,1000074,3049,1446,1603,345,711,644,440,403,506,187,261,339,221,207,231,158,450,305,219,196,275,1641,15,1626,청파로47나길
2018,2,A,골목상권,1000073,1608,626,982,132,530,274,192,172,308,61,141,117,81,86,140,71,389,157,111,86,168,1046,0,1046,청파로47길
2018,2,A,골목상권,1000072,2763,1344,1419,298,417,459,431,456,702,158,229,240,213,203,301,140,188,219,218,253,401,1315,0,1315,장문로45길
2018,2,A,골목상권,1000071,2356,1034,1322,131,248,416,388,404,769,62,95,205,202,188,282,69,153,211,186,216,487,1631,0,1631,이태원로54길
2018,2,A,골목상권,1000070,657,325,332,55,101,127,104,82,188,28,52,72,51,42,80,27,49,55,53,40,108,349,0,349,이태원로27길
2018,2,A,골목상권,1000069,1901,911,990,192,196,233,289,343,648,103,101,128,157,172,250,89,95,105,132,171,398,955,253,702,이촌로22길
2018,2,A,골목상권,1000068,981,473,508,74,177,170,163,158,239,37,66,90,86,86,108,37,111,80,77,72,131,576,0,576,원효로89길
2018,2,A,골목상권,1000067,2332,1165,1167,237,390,487,328,327,563,124,198,268,180,164,231,113,192,219,148,163,332,1212,0,1212,원효로53길
2018,2,A,골목상권,1000066,1442,701,741,195,172,205,253,210,407,86,95,112,140,95,173,109,77,93,113,115,234,663,0,663,원효로41길
2018,2,A,골목상권,1000065,1859,907,952,264,319,299,286,281,410,131,158,156,142,137,183,133,161,143,144,144,227,821,38,783,원효로19길
2018,2,A,골목상권,1000064,2349,1176,1173,218,406,404,359,380,582,117,236,223,182,178,240,101,170,181,177,202,342,1281,0,1281,우사단로4길
2018,2,A,골목상권,1000063,1217,625,592,107,164,259,213,179,295,55,89,144,119,87,131,52,75,115,94,92,164,712,47,665,우사단로14길
2018,2,A,골목상권,1000062,2677,1419,1258,226,414,500,417,445,675,128,253,291,228,237,282,98,161,209,189,208,393,1521,0,1521,우사단로10길
2018,2,A,골목상권,1000061,2730,1334,1396,377,361,453,431,399,709,200,185,249,216,182,302,177,176,204,215,217,407,1259,0,1259,신흥로20길
2018,2,A,골목상권,1000060,2247,1076,1171,232,317,426,301,365,606,117,162,223,138,164,272,115,155,203,163,201,334,1119,0,1119,소월로20길
2018,2,A,골목상권,1000059,2504,1192,1312,293,304,303,399,444,761,150,149,159,204,227,303,143,155,144,195,217,458,1242,0,1242,서빙고로71길
2018,2,A,골목상권,1000058,4100,1945,2155,612,602,1070,691,527,598,302,225,504,359,250,305,310,377,566,332,277,293,2027,296,1731,백범로90길
2018,2,A,골목상권,1000057,4057,1912,2145,602,645,823,673,552,762,314,271,416,328,254,329,288,374,407,345,298,433,1811,17,1794,백범로79길
2018,2,A,골목상권,1000056,3230,1723,1507,283,446,450,489,564,998,146,243,246,265,330,493,137,203,204,224,234,505,1943,0,1943,두텁바위로1길
2018,2,A,골목상권,1000055,1430,679,751,136,263,263,191,237,340,69,130,135,90,110,145,67,133,128,101,127,195,736,0,736,대사관로34길
2018,2,A,골목상권,1000054,839,428,411,94,142,167,122,108,206,48,91,83,64,56,86,46,51,84,58,52,120,454,0,454,녹사평대로46길
2018,2,A,골목상권,1000053,756,354,402,98,118,133,121,90,196,41,53,73,65,39,83,57,65,60,56,51,113,385,0,385,녹사평대로40나길
2018,2,A,골목상권,1000052,537,271,266,43,86,123,69,65,151,26,47,62,39,30,67,17,39,61,30,35,84,301,0,301,녹사평대로32길
2018,2,A,골목상권,1000051,965,465,500,81,160,199,130,144,251,46,86,111,56,71,95,35,74,88,74,73,156,527,0,527,녹사평대로26길
2018,2,A,골목상권,1000050,413,207,206,43,49,69,78,59,115,24,26,35,38,38,46,19,23,34,40,21,69,213,0,213,녹사평대로11길
2018,2,A,골목상권,1000049,3389,1705,1684,357,505,410,583,651,883,187,262,206,312,351,387,170,243,204,271,300,496,1785,0,1785,퇴계로90길
2018,2,A,골목상권,1000048,1496,763,733,86,139,148,192,241,690,34,57,91,99,126,356,52,82,57,93,115,334,1026,0,1026,퇴계로8길
2018,2,A,골목상권,1000047,1142,591,551,97,184,130,163,203,365,55,104,71,95,105,161,42,80,59,68,98,204,618,0,618,퇴계로56길
2018,2,A,골목상권,1000046,619,320,299,77,136,103,86,67,150,41,62,57,52,35,73,36,74,46,34,32,77,364,0,364,퇴계로46길
2018,2,A,골목상권,1000045,712,348,364,89,90,130,115,90,198,45,51,71,54,44,83,44,39,59,61,46,115,416,0,416,퇴계로18길
2018,2,A,골목상권,1000044,924,444,480,83,104,115,151,148,323,49,56,62,83,71,123,34,48,53,68,77,200,479,108,371,퇴계로12길
2018,2,A,골목상권,1000043,2051,962,1089,215,284,256,328,393,575,97,138,139,163,205,220,118,146,117,165,188,355,1078,0,1078,청구로1길
2018,2,A,골목상권,1000042,1798,894,904,198,309,282,253,315,441,106,144,154,127,157,206,92,165,128,126,158,235,902,0,902,청구로17길
2018,2,A,골목상권,1000041,1511,754,757,155,278,238,235,238,367,79,143,119,128,116,169,76,135,119,107,122,198,798,0,798,장충단로8길
2018,2,A,골목상권,1000040,112,66,46,32,12,27,21,11,9,22,5,15,11,7,6,10,7,12,10,4,3,48,0,48,삼일대로4길
2018,2,A,골목상권,1000039,532,37,495,0,7,49,114,106,256,0,1,4,10,15,7,0,6,45,104,91,249,25,0,25,명동길
2018,2,A,골목상권,1000038,699,331,368,82,140,131,106,84,156,40,62,70,55,44,60,42,78,61,51,40,96,352,0,352,동호로8길
2018,2,A,골목상권,1000037,2165,1024,1141,291,366,357,356,333,462,151,175,183,163,153,199,140,191,174,193,180,263,983,0,983,동호로20길
2018,2,A,골목상권,1000036,1867,900,967,177,262,232,304,316,576,98,130,116,148,174,234,79,132,116,156,142,342,953,0,953,동호로15길
2018,2,A,골목상권,1000035,4663,2287,2376,539,731,767,771,730,1125,295,384,407,375,350,476,244,347,360,396,380,649,2040,103,1937,동호로11길
2018,2,A,골목상권,1000034,2034,969,1065,223,402,434,295,295,385,115,179,202,145,147,181,108,223,232,150,148,204,1104,0,1104,동호로10길
2018,2,A,골목상권,1000033,895,506,389,49,103,88,136,226,293,16,58,51,91,131,159,33,45,37,45,95,134,592,0,592,다산로39길
2018,2,A,골목상권,1000032,1452,697,755,193,247,222,222,239,329,90,116,106,115,124,146,103,131,116,107,115,183,649,225,424,다산로38길
2018,2,A,골목상권,1000031,2080,1022,1058,231,293,260,347,410,539,121,146,139,187,205,224,110,147,121,160,205,315,969,155,814,다산로36길
2018,2,A,골목상권,1000030,3605,1802,1803,340,621,481,576,678,909,178,312,281,302,341,388,162,309,200,274,337,521,1830,0,1830,다산로33길
2018,2,A,골목상권,1000029,973,489,484,68,217,265,118,132,173,35,107,131,66,76,74,33,110,134,52,56,99,557,0,557,난계로21길
2018,2,A,골목상권,1000028,3342,1574,1768,270,731,723,488,519,611,128,282,343,252,274,295,142,449,380,236,245,316,1937,47,1890,난계로11길
2018,2,A,골목상권,1000027,710,321,389,131,87,91,149,94,158,61,43,42,62,49,64,70,44,49,87,45,94,318,0,318,필운대로1길
2018,2,A,골목상권,1000026,1869,928,941,318,403,186,230,262,470,188,214,93,101,121,211,130,189,93,129,141,259,923,0,923,평창길
2018,2,A,골목상권,1000025,906,431,475,119,101,99,190,125,272,65,42,54,95,60,115,54,59,45,95,65,157,439,0,439,통일로12길
2018,2,A,골목상권,1000024,2377,1201,1176,284,375,268,381,507,562,134,197,149,197,263,261,150,178,119,184,244,301,1043,63,980,창신길
2018,2,A,골목상권,1000023,1318,702,616,91,162,126,183,318,438,47,99,72,90,178,216,44,63,54,93,140,222,803,0,803,창신5길
2018,2,A,골목상권,1000022,849,442,407,77,108,96,124,194,250,40,59,55,75,94,119,37,49,41,49,100,131,419,0,419,창신2길
2018,2,A,골목상권,1000021,917,419,498,67,186,113,154,126,271,36,93,53,74,57,106,31,93,60,80,69,165,639,0,639,창경궁로35길
2018,2,A,골목상권,1000020,2375,1193,1182,247,312,300,389,456,671,128,157,170,218,227,293,119,155,130,171,229,378,1191,0,1191,지봉로8길
2018,2,A,골목상권,1000019,3650,1897,1753,316,484,471,539,814,1026,164,237,268,277,446,505,152,247,203,262,368,521,2027,60,1967,종로65길
2018,2,A,골목상권,1000018,457,240,217,16,130,130,57,52,72,4,58,74,36,29,39,12,72,56,21,23,33,368,0,368,종로58가길
2018,2,A,골목상권,1000017,46,34,12,2,2,4,8,11,19,0,2,3,8,8,13,2,0,1,0,3,6,39,0,39,종로24길
2018,2,A,골목상권,1000016,701,321,380,107,79,113,116,86,200,57,39,50,54,37,84,50,40,63,62,49,116,348,0,348,자하문로7길
2018,2,A,골목상권,1000015,1663,822,841,204,351,308,227,232,341,103,172,156,105,122,164,101,179,152,122,110,177,892,0,892,이화장길
2018,2,A,골목상권,1000014,470,253,217,43,73,79,70,87,118,28,42,47,41,43,52,15,31,32,29,44,66,255,0,255,율곡로16길
2018,2,A,골목상권,1000013,262,153,109,8,24,29,42,55,104,5,14,18,31,35,50,3,10,11,11,20,54,166,0,166,율곡로10길
2018,2,A,골목상권,1000012,2577,1158,1419,461,279,430,510,381,516,222,127,196,229,169,215,239,152,234,281,212,301,1077,111,966,옥인길
2018,2,A,골목상권,1000011,924,481,443,90,126,105,143,187,273,49,73,56,77,107,119,41,53,49,66,80,154,523,0,523,숭인동길
2018,2,A,골목상권,1000010,940,447,493,75,325,144,112,109,175,39,156,74,59,46,73,36,169,70,53,63,102,588,0,588,성균관로5길
2018,2,A,골목상권,1000009,768,349,419,72,74,118,90,130,284,30,34,54,47,58,126,42,40,64,43,72,158,413,0,413,삼청로5길
2018,2,A,골목상권,1000008,675,326,349,100,79,107,119,101,169,61,38,56,59,41,71,39,41,51,60,60,98,322,0,322,북촌로5나길
2018,2,A,골목상권,1000007,471,218,253,61,61,64,57,71,157,37,24,29,30,31,67,24,37,35,27,40,90,215,0,215,북촌로5길
2018,2,A,골목상권,1000006,675,312,363,61,69,76,105,128,236,33,37,38,55,60,89,28,32,38,50,68,147,368,0,368,북촌로11길
2018,2,A,골목상권,1000005,1702,835,867,238,241,245,292,303,383,127,143,112,136,135,182,111,98,133,156,168,201,723,0,723,백석동길
2018,2,A,골목상권,1000004,1457,715,742,138,481,194,148,161,335,64,243,117,79,67,145,74,238,77,69,94,190,885,0,885,명륜길
2018,2,A,골목상권,1000003,1195,671,524,105,173,207,215,195,300,54,98,135,119,118,147,51,75,72,96,77,153,801,0,801,돈화문로11가길
2018,2,A,골목상권,1000002,804,368,436,16,343,235,78,45,87,10,105,109,47,35,62,6,238,126,31,10,25,736,8,728,난계로27길
2018,2,A,골목상권,1000001,1811,842,969,244,214,238,331,280,504,117,102,115,149,135,224,127,112,123,182,145,280,789,0,789,계동길
2018,1,U,관광특구,1001496,21,15,6,5,1,3,3,4,5,4,0,2,2,3,4,1,1,1,1,1,1,13,0,13,강남 마이스 관광특구
2018,1,U,관광특구,1001495,9129,4450,4679,1171,1412,1898,1328,1447,1873,624,662,865,672,693,934,547,750,1033,656,754,939,4511,210,4301,잠실 관광특구
2018,1,U,관광특구,1001494,2716,1652,1064,142,315,294,355,630,980,75,193,181,227,421,555,67,122,113,128,209,425,1911,283,1628,종로?청계 관광특구
2018,1,U,관광특구,1001493,1665,873,792,160,272,305,217,302,409,78,137,167,119,164,208,82,135,138,98,138,201,915,90,825,동대문패션타운 관광특구
2018,1,U,관광특구,1001492,660,245,415,25,47,71,136,112,269,8,26,44,39,36,92,17,21,27,97,76,177,296,0,296,명동 남대문 북창동 다동 무교동 관광특구
2018,1,U,관광특구,1001491,6710,3211,3499,561,894,1250,1046,1121,1838,280,439,646,536,549,761,281,455,604,510,572,1077,3978,26,3952,이태원 관광특구
2018,1,R,전통시장,1001490,3445,1709,1736,537,447,561,533,548,819,305,222,281,280,236,385,232,225,280,253,312,434,1393,387,1006,길동복조리시장
2018,1,R,전통시장,1001489,597,301,296,97,87,82,104,113,114,51,55,33,46,66,50,46,32,49,58,47,64,250,95,155,둔촌역전통시장
2018,1,R,전통시장,1001488,1048,549,499,124,143,180,167,197,237,58,77,105,84,105,120,66,66,75,83,92,117,511,64,447,성내골목시장
2018,1,R,전통시장,1001487,150,77,73,7,8,21,28,35,51,3,4,8,18,22,22,4,4,13,10,13,29,118,0,118,천호시장
2018,1,R,전통시장,1001486,241,112,129,15,14,29,50,48,85,6,3,16,31,26,30,9,11,13,19,22,55,136,0,136,동서울시장
2018,1,R,전통시장,1001485,366,201,165,41,53,47,52,78,95,19,32,26,34,47,43,22,21,21,18,31,52,190,6,184,고분다리골목시장
2018,1,R,전통시장,1001484,732,371,361,133,106,124,133,108,128,61,62,66,72,48,62,72,44,58,61,60,66,278,8,270,양지골목시장
2018,1,R,전통시장,1001483,986,522,464,104,157,201,155,162,207,64,81,115,88,77,97,40,76,86,67,85,110,524,0,524,암사종합시장
2018,1,R,전통시장,1001482,312,163,149,34,32,49,47,64,86,23,22,27,25,32,34,11,10,22,22,32,52,157,0,157,고덕전통시장
2018,1,R,전통시장,1001481,2077,1009,1068,435,270,278,391,324,379,213,144,128,193,150,181,222,126,150,198,174,198,724,554,170,명일골목시장
2018,1,R,전통시장,1001480,2310,1136,1174,232,356,463,343,360,556,122,170,228,185,175,256,110,186,235,158,185,300,1184,0,1184,새마을시장
2018,1,R,전통시장,1001479,857,444,413,122,135,135,138,171,156,62,69,67,75,95,76,60,66,68,63,76,80,413,0,413,석촌시장
2018,1,R,전통시장,1001478,5279,2545,2734,746,839,1060,802,849,983,406,378,530,390,393,448,340,461,530,412,456,535,2445,61,2384,방이시장
2018,1,R,전통시장,1001477,1027,531,496,139,132,117,148,209,282,57,80,60,87,111,136,82,52,57,61,98,146,467,0,467,마천시장
2018,1,R,전통시장,1001476,2340,1134,1206,269,303,360,373,393,642,122,156,186,183,190,297,147,147,174,190,203,345,1123,0,1123,풍납시장
2018,1,R,전통시장,1001475,5,3,2,1,1,0,1,1,1,1,1,0,0,1,0,0,0,0,1,0,1,4,0,4,강남개포시장
2018,1,R,전통시장,1001474,220,96,124,57,28,28,57,29,21,29,12,8,24,15,8,28,16,20,33,14,13,80,70,10,도곡시장
2018,1,R,전통시장,1001473,144,68,76,18,18,20,12,23,53,8,8,9,7,9,27,10,10,11,5,14,26,50,50,0,청담삼익시장
2018,1,R,전통시장,1001472,85,33,52,14,2,19,15,7,28,5,0,8,5,3,12,9,2,11,10,4,16,43,0,43,논현종합시장
2018,1,R,전통시장,1001471,1200,564,636,115,214,311,196,155,209,57,97,145,103,68,94,58,117,166,93,87,115,683,0,683,영동전통시장
2018,1,R,전통시장,1001470,289,134,155,44,32,50,50,29,84,24,16,24,22,13,35,20,16,26,28,16,49,108,108,0,강남시장_강남
2018,1,R,전통시장,1001469,83,47,36,8,18,9,17,9,22,5,11,4,8,7,12,3,7,5,9,2,10,50,0,50,양재시장
2018,1,R,전통시장,1001468,185,95,90,38,24,16,38,26,43,25,12,7,20,10,21,13,12,9,18,16,22,75,0,75,남부종합시장
2018,1,R,전통시장,1001467,56,23,33,9,8,10,6,8,15,6,2,2,3,4,6,3,6,8,3,4,9,21,0,21,우림시장
2018,1,R,전통시장,1001466,665,312,353,69,101,73,107,107,208,31,47,35,60,53,86,38,54,38,47,54,122,305,48,257,미성동도깨비시장
2018,1,R,전통시장,1001465,122,59,63,11,10,16,11,19,55,4,5,9,5,15,21,7,5,7,6,4,34,78,0,78,신신림시장
2018,1,R,전통시장,1001464,150,85,65,9,18,16,24,27,56,6,11,10,16,15,27,3,7,6,8,12,29,98,0,98,삼성동시장
2018,1,R,전통시장,1001463,58,35,23,6,15,18,4,6,9,3,10,11,3,2,6,3,5,7,1,4,3,41,0,41,신림중앙시장
2018,1,R,전통시장,1001462,597,307,290,57,133,130,76,82,119,23,70,76,41,45,52,34,63,54,35,37,67,354,0,354,강남골목시장
2018,1,R,전통시장,1001461,3,2,1,0,0,0,2,0,1,0,0,0,1,0,1,0,0,0,1,0,0,1,0,1,신림종합시장
2018,1,R,전통시장,1001460,2234,1140,1094,242,397,375,360,368,492,131,189,216,190,203,211,111,208,159,170,165,281,1255,0,1255,관악신사시장
2018,1,R,전통시장,1001459,399,224,175,43,74,48,63,66,105,25,41,27,40,37,54,18,33,21,23,29,51,242,0,242,신원시장
2018,1,R,전통시장,1001458,1465,731,734,121,277,307,216,208,336,71,121,163,115,112,149,50,156,144,101,96,187,915,0,915,인헌시장
2018,1,R,전통시장,1001457,313,149,164,23,109,86,43,28,24,9,48,39,25,14,14,14,61,47,18,14,10,237,0,237,봉천중앙시장
2018,1,R,전통시장,1001456,12,4,8,1,1,0,2,4,4,1,0,0,1,2,0,0,1,0,1,2,4,7,0,7,봉천현대시장
2018,1,R,전통시장,1001455,120,63,57,2,52,23,8,15,20,0,30,11,3,8,11,2,22,12,5,7,9,84,0,84,봉일시장
2018,1,R,전통시장,1001454,387,173,214,28,95,55,54,66,89,14,32,29,22,37,39,14,63,26,32,29,50,268,0,268,봉천제일종합시장
2018,1,R,전통시장,1001453,641,298,343,52,226,145,72,55,91,18,91,82,43,24,40,34,135,63,29,31,51,423,0,423,낙성대시장
2018,1,R,전통시장,1001452,562,268,294,46,143,118,63,59,133,22,59,60,38,32,57,24,84,58,25,27,76,359,0,359,중부시장
2018,1,R,전통시장,1001451,16,11,5,3,4,0,3,5,1,2,3,0,2,3,1,1,1,0,1,2,0,3,0,3,사당시장
2018,1,R,전통시장,1001450,561,243,318,63,101,99,74,72,152,35,36,45,30,35,62,28,65,54,44,37,90,290,0,290,남성역골목시장
2018,1,R,전통시장,1001449,552,278,274,32,93,100,78,78,171,16,36,49,53,45,79,16,57,51,25,33,92,331,0,331,남성사계시장
2018,1,R,전통시장,1001448,1033,481,552,142,160,133,169,156,273,77,81,66,83,73,101,65,79,67,86,83,172,472,150,322,흑석시장
2018,1,R,전통시장,1001447,1938,943,995,184,265,290,292,311,596,92,132,169,151,146,253,92,133,121,141,165,343,1049,0,1049,상도4동도깨비골목시장
2018,1,R,전통시장,1001446,143,67,76,13,42,21,15,32,20,6,18,10,6,17,10,7,24,11,9,15,10,78,0,78,성대시장
2018,1,R,전통시장,1001445,61,32,29,1,10,7,10,11,22,0,6,3,8,6,9,1,4,4,2,5,13,38,0,38,영도시장
2018,1,R,전통시장,1001444,1652,791,861,147,309,270,238,236,452,82,148,146,109,119,187,65,161,124,129,117,265,949,24,925,상도전통시장
2018,1,R,전통시장,1001443,134,59,75,12,23,26,15,14,44,7,9,10,8,4,21,5,14,16,7,10,23,77,77,0,강남시장_동작
2018,1,R,전통시장,1001442,19,11,8,1,3,2,4,7,2,0,1,2,2,5,1,1,2,0,2,2,1,13,0,13,신노량진시장
2018,1,R,전통시장,1001441,444,232,212,31,80,76,71,72,114,14,50,45,42,40,41,17,30,31,29,32,73,261,0,261,본동인정시장
2018,1,R,전통시장,1001440,155,95,60,8,53,27,16,17,34,5,32,20,12,11,15,3,21,7,4,6,19,113,0,113,노량진중앙시장
2018,1,R,전통시장,1001439,406,192,214,33,44,42,65,84,138,20,25,23,29,35,60,13,19,19,36,49,78,213,0,213,대림중앙시장
2018,1,R,전통시장,1001438,365,176,189,33,54,38,51,68,121,15,27,19,27,32,56,18,27,19,24,36,65,166,0,166,우리시장
2018,1,R,전통시장,1001437,131,66,65,18,14,14,21,21,43,9,5,8,12,10,22,9,9,6,9,11,21,58,58,0,영진시장A동
2018,1,R,전통시장,1001436,110,48,62,14,13,8,24,15,36,8,7,5,10,4,14,6,6,3,14,11,22,52,0,52,사러가시장
2018,1,R,전통시장,1001435,238,109,129,42,23,27,41,37,68,17,13,13,21,15,30,25,10,14,20,22,38,90,90,0,대신시장
2018,1,R,전통시장,1001433,718,371,347,72,108,145,112,103,178,38,51,90,62,60,70,34,57,55,50,43,108,393,117,276,영일시장
2018,1,R,전통시장,1001432,62,27,35,9,14,6,10,7,16,4,8,3,4,3,5,5,6,3,6,4,11,31,0,31,도림시장
2018,1,R,전통시장,1001431,291,158,133,30,38,33,49,52,89,16,22,19,29,34,38,14,16,14,20,18,51,150,0,150,영등포청과시장
2018,1,R,전통시장,1001430,2236,1339,897,106,294,422,357,412,645,64,131,238,251,297,358,42,163,184,106,115,287,1621,397,1224,영등포전통시장
2018,1,R,전통시장,1001429,424,210,214,59,46,67,72,70,110,34,25,40,33,34,44,25,21,27,39,36,66,181,0,181,은행나무시장
2018,1,R,전통시장,1001428,295,157,138,29,27,28,64,49,98,21,11,18,28,33,46,8,16,10,36,16,52,179,0,179,박미시장
2018,1,R,전통시장,1001427,2974,1421,1553,364,437,396,425,556,796,180,202,196,214,258,371,184,235,200,211,298,425,1424,8,1416,현대시장
2018,1,R,전통시장,1001426,7,5,2,0,1,1,0,2,3,0,1,0,0,2,2,0,0,1,0,0,1,5,0,5,대명시장
2018,1,R,전통시장,1001425,45,25,20,7,2,15,8,4,9,6,0,8,5,2,4,1,2,7,3,2,5,19,0,19,푸른터시장
2018,1,R,전통시장,1001424,1780,888,892,214,242,236,274,408,406,101,114,137,134,227,175,113,128,99,140,181,231,868,22,846,남문시장
2018,1,R,전통시장,1001423,90,45,45,3,33,20,15,10,9,1,9,14,11,6,4,2,24,6,4,4,5,78,0,78,독산동 우시장
2018,1,R,전통시장,1001422,156,84,72,8,19,21,19,32,57,5,11,14,14,18,22,3,8,7,5,14,35,93,0,93,오류시장
2018,1,R,전통시장,1001421,372,177,195,57,59,54,63,64,75,26,30,34,25,28,34,31,29,20,38,36,41,155,0,155,개봉중앙시장
2018,1,R,전통시장,1001420,663,329,334,85,83,85,97,125,188,51,39,50,44,62,83,34,44,35,53,63,105,285,60,225,고척근린시장
2018,1,R,전통시장,1001419,449,161,288,25,39,41,95,114,135,13,23,16,21,42,46,12,16,25,74,72,89,175,0,175,가리봉시장
2018,1,R,전통시장,1001418,701,386,315,79,63,86,120,135,218,32,26,53,75,87,113,47,37,33,45,48,105,398,0,398,남구로시장
2018,1,R,전통시장,1001417,137,71,66,18,11,12,24,30,42,3,6,8,15,20,19,15,5,4,9,10,23,81,0,81,구로시장
2018,1,R,전통시장,1001416,177,79,98,8,85,36,21,14,13,5,25,13,15,13,8,3,60,23,6,1,5,150,0,150,공항시장
2018,1,R,전통시장,1001415,593,294,299,76,82,79,99,110,147,30,41,41,58,52,72,46,41,38,41,58,75,267,99,168,방신전통시장
2018,1,R,전통시장,1001414,535,248,287,86,83,84,87,85,110,44,36,36,34,48,50,42,47,48,53,37,60,239,0,239,송화골목시장
2018,1,R,전통시장,1001413,1100,475,625,148,156,222,170,144,260,72,61,106,80,56,100,76,95,116,90,88,160,525,73,452,까치산시장
2018,1,R,전통시장,1001412,339,142,197,46,46,75,50,39,83,22,17,33,19,17,34,24,29,42,31,22,49,167,0,167,화곡본동시장
2018,1,R,전통시장,1001411,2044,974,1070,274,273,341,290,344,522,144,139,167,142,168,214,130,134,174,148,176,308,913,0,913,남부골목시장
2018,1,R,전통시장,1001409,1079,529,550,192,142,223,155,163,204,84,68,126,82,75,94,108,74,97,73,88,110,452,0,452,화곡중앙골목시장
2018,1,R,전통시장,1001408,79,44,35,16,7,18,16,6,16,8,5,10,8,4,9,8,2,8,8,2,7,37,0,37,신월중앙시장
2018,1,R,전통시장,1001407,3,2,1,0,0,0,1,1,1,0,0,0,1,1,0,0,0,0,0,0,1,3,0,3,등마루시장
2018,1,R,전통시장,1001406,280,160,120,29,28,25,52,63,83,13,16,10,35,45,41,16,12,15,17,18,42,176,0,176,신정3동골목시장
2018,1,R,전통시장,1001405,500,250,250,79,58,70,97,62,134,38,31,40,48,34,59,41,27,30,49,28,75,223,0,223,신정2동골목시장
2018,1,R,전통시장,1001404,178,80,98,25,17,19,23,41,53,7,8,7,12,20,26,18,9,12,11,21,27,85,0,85,신정제일시장
2018,1,R,전통시장,1001403,134,66,68,12,31,11,21,29,30,5,18,4,15,10,14,7,13,7,6,19,16,49,0,49,신월7동골목시장
2018,1,R,전통시장,1001402,171,96,75,18,22,15,27,40,49,13,16,9,14,22,22,5,6,6,13,18,27,83,0,83,신월6동골목시장
2018,1,R,전통시장,1001401,67,35,32,12,7,18,13,5,12,6,4,9,7,4,5,6,3,9,6,1,7,29,24,5,신곡종합시장
2018,1,R,전통시장,1001400,349,196,153,41,33,42,56,72,105,26,14,25,34,46,51,15,19,17,22,26,54,182,0,182,신월3동골목시장
2018,1,R,전통시장,1001399,378,177,201,66,41,50,66,49,106,33,19,24,35,23,43,33,22,26,31,26,63,137,46,91,경창시장
2018,1,R,전통시장,1001398,1676,861,815,234,192,229,287,308,426,122,97,127,146,169,200,112,95,102,141,139,226,765,46,719,월정로시장
2018,1,R,전통시장,1001397,1243,612,631,190,143,164,221,228,297,83,78,78,125,109,139,107,65,86,96,119,158,572,0,572,신영시장
2018,1,R,전통시장,1001396,1134,577,557,175,188,126,205,217,223,91,118,61,99,105,103,84,70,65,106,112,120,453,62,391,목4동시장
2018,1,R,전통시장,1001395,1188,593,595,172,180,225,187,183,241,80,86,130,102,88,107,92,94,95,85,95,134,542,99,443,목3동시장
2018,1,R,전통시장,1001394,1209,589,620,117,156,221,171,204,340,52,70,124,83,102,158,65,86,97,88,102,182,678,29,649,목2동시장
2018,1,R,전통시장,1001392,39,18,21,7,8,10,2,5,7,3,6,2,1,2,4,4,2,8,1,3,3,18,0,18,동진시장
2018,1,R,전통시장,1001391,805,375,430,135,106,148,137,111,168,66,46,72,64,50,77,69,60,76,73,61,91,353,25,328,망원월드컵시장
2018,1,R,전통시장,1001390,2001,957,1044,218,278,403,343,292,467,119,135,191,184,132,196,99,143,212,159,160,271,1046,43,1003,망원시장
2018,1,R,전통시장,1001389,92,40,52,12,14,20,12,9,25,6,4,10,6,5,9,6,10,10,6,4,16,43,43,0,합정시장
2018,1,R,전통시장,1001388,209,89,120,21,30,42,26,35,55,12,12,18,11,12,24,9,18,24,15,23,31,105,6,99,영진시장
2018,1,R,전통시장,1001387,28,20,8,1,5,10,4,4,4,1,3,8,2,4,2,0,2,2,2,0,2,27,0,27,서교시장
2018,1,R,전통시장,1001386,66,34,32,7,7,16,6,9,21,3,5,10,3,5,8,4,2,6,3,4,13,33,10,23,신수시장
2018,1,R,전통시장,1001385,450,209,241,63,59,56,77,57,138,35,26,30,36,28,54,28,33,26,41,29,84,227,0,227,아현시장
2018,1,R,전통시장,1001384,15,7,8,4,0,0,1,3,7,2,0,0,1,2,2,2,0,0,0,1,5,8,0,8,마포시장
2018,1,R,전통시장,1001383,12,8,4,1,2,1,1,6,1,1,1,0,1,4,1,0,1,1,0,2,0,6,0,6,공덕시장
2018,1,R,전통시장,1001382,151,69,82,14,15,26,18,29,49,10,8,9,10,14,18,4,7,17,8,15,31,67,67,0,백련시장
2018,1,R,전통시장,1001381,735,376,359,31,47,53,102,145,357,11,27,32,54,89,163,20,20,21,48,56,194,501,0,501,모래내시장
2018,1,R,전통시장,1001380,519,255,264,62,64,70,84,94,145,31,39,38,39,51,57,31,25,32,45,43,88,250,0,250,포방터시장
2018,1,R,전통시장,1001379,320,159,161,32,41,41,45,64,97,17,18,29,22,33,40,15,23,12,23,31,57,160,51,109,인왕시장
2018,1,R,전통시장,1001378,148,80,68,12,27,24,22,27,36,9,17,13,12,12,17,3,10,11,10,15,19,72,0,72,아현가구거리상점가
2018,1,R,전통시장,1001377,381,193,188,42,56,33,66,72,112,21,32,21,40,34,45,21,24,12,26,38,67,221,0,221,영천시장
2018,1,R,전통시장,1001376,117,54,63,3,9,14,11,23,57,1,3,9,8,9,24,2,6,5,3,14,33,72,0,72,수일시장
2018,1,R,전통시장,1001375,143,65,78,22,22,13,24,28,34,11,10,8,11,9,16,11,12,5,13,19,18,58,0,58,증산종합시장
2018,1,R,전통시장,1001374,638,321,317,93,65,83,100,108,189,57,34,40,50,63,77,36,31,43,50,45,112,301,0,301,대림골목시장
2018,1,R,전통시장,1001373,217,115,102,37,28,40,35,33,44,20,15,26,18,17,19,17,13,14,17,16,25,92,38,54,신응암시장
2018,1,R,전통시장,1001372,30,15,15,6,2,0,6,3,13,3,1,0,2,2,7,3,1,0,4,1,6,14,0,14,녹번시장
2018,1,R,전통시장,1001371,516,249,267,76,64,90,101,73,112,36,32,49,51,34,47,40,32,41,50,39,65,252,25,227,대조시장
2018,1,R,전통시장,1001370,10,7,3,0,0,0,2,6,2,0,0,0,0,6,1,0,0,0,2,0,1,10,0,10,역촌중앙시장
2018,1,R,전통시장,1001369,60,32,28,6,14,7,5,14,14,3,10,3,4,4,8,3,4,4,1,10,6,25,0,25,갈현시장
2018,1,R,전통시장,1001368,266,128,138,26,32,40,29,52,87,14,12,24,16,26,36,12,20,16,13,26,51,130,0,130,연서시장
2018,1,R,전통시장,1001367,1868,896,972,242,298,200,303,360,465,116,148,108,150,169,205,126,150,92,153,191,260,822,129,693,상계중앙시장
2018,1,R,전통시장,1001365,1452,713,739,185,271,272,192,230,302,81,134,140,92,120,146,104,137,132,100,110,156,676,46,630,공릉동도깨비시장
2018,1,R,전통시장,1001364,1043,520,523,131,155,108,181,192,276,64,98,57,94,88,119,67,57,51,87,104,157,475,0,475,방학동도깨비시장
2018,1,R,전통시장,1001363,738,368,370,70,93,129,110,105,231,37,50,69,55,48,109,33,43,60,55,57,122,364,8,356,쌍문역골목시장
2018,1,R,전통시장,1001362,358,162,196,53,51,45,61,56,92,27,24,20,27,29,35,26,27,25,34,27,57,151,0,151,백운시장
2018,1,R,전통시장,1001361,185,100,85,15,38,17,27,41,47,5,22,12,11,25,25,10,16,5,16,16,22,84,0,84,신도봉시장
2018,1,R,전통시장,1001360,1282,634,648,164,162,175,187,226,368,80,85,90,97,121,161,84,77,85,90,105,207,599,11,588,창동골목시장
2018,1,R,전통시장,1001359,2287,1103,1184,333,344,345,397,394,474,165,170,163,198,183,224,168,174,182,199,211,250,944,26,918,창동신창시장
2018,1,R,전통시장,1001358,59,31,28,2,6,9,6,7,29,2,4,5,5,2,13,0,2,4,1,5,16,26,0,26,수유북부시장
2018,1,R,전통시장,1001357,1383,671,712,207,184,224,197,222,349,115,96,123,90,105,142,92,88,101,107,117,207,615,20,595,장미원골목시장
2018,1,R,전통시장,1001356,37,23,14,3,5,6,5,11,7,3,4,3,5,7,1,0,1,3,0,4,6,16,0,16,수유중앙시장
2018,1,R,전통시장,1001355,711,372,339,70,114,94,106,139,188,39,45,54,63,80,91,31,69,40,43,59,97,397,14,383,강북종합시장
2018,1,R,전통시장,1001354,1624,800,824,251,207,207,274,278,407,131,111,115,131,145,167,120,96,92,143,133,240,711,0,711,우이시장
2018,1,R,전통시장,1001353,614,291,323,69,96,93,86,112,158,35,44,42,41,54,75,34,52,51,45,58,83,290,85,205,수유전통시장
2018,1,R,전통시장,1001352,1063,523,540,159,136,177,197,143,251,74,67,91,104,69,118,85,69,86,93,74,133,472,95,377,번동북부골목시장
2018,1,R,전통시장,1001351,142,70,72,14,22,11,20,28,47,9,12,5,12,13,19,5,10,6,8,15,28,69,0,69,솔샘시장
2018,1,R,전통시장,1001350,258,141,117,24,28,43,45,53,65,11,12,26,25,35,32,13,16,17,20,18,33,148,0,148,숭인시장
2018,1,R,전통시장,1001349,1515,747,768,160,236,200,253,272,394,89,109,113,132,129,175,71,127,87,121,143,219,814,0,814,방천골목시장
2018,1,R,전통시장,1001348,30,16,14,4,1,5,2,3,15,1,1,3,1,2,8,3,0,2,1,1,7,16,0,16,동북시장
2018,1,R,전통시장,1001347,1915,966,949,231,258,241,328,335,522,117,134,132,180,168,235,114,124,109,148,167,287,894,0,894,석관황금시장
2018,1,R,전통시장,1001346,165,97,68,22,23,14,30,36,40,17,14,9,20,19,18,5,9,5,10,17,22,85,0,85,석관시장
2018,1,R,전통시장,1001345,89,45,44,7,13,8,11,18,32,3,5,5,8,10,14,4,8,3,3,8,18,47,43,4,새석관시장
2018,1,R,전통시장,1001344,33,18,15,7,3,4,5,6,8,5,1,2,2,3,5,2,2,2,3,3,3,13,0,13,번동시장
2018,1,R,전통시장,1001343,1600,789,811,231,196,207,243,287,436,126,99,113,133,127,191,105,97,94,110,160,245,678,17,661,장위전통시장
2018,1,R,전통시장,1001342,241,121,120,33,21,33,42,41,71,17,12,21,20,19,32,16,9,12,22,22,39,116,0,116,밤나무골시장
2018,1,R,전통시장,1001341,10,8,2,0,3,0,4,2,1,0,2,0,4,1,1,0,1,0,0,1,0,9,0,9,길음시장
2018,1,R,전통시장,1001340,1304,663,641,169,219,193,179,201,343,93,119,109,94,96,152,76,100,84,85,105,191,576,0,576,정릉시장
2018,1,R,전통시장,1001339,1061,516,545,194,131,162,202,154,218,104,66,83,106,68,89,90,65,79,96,86,129,423,186,237,정릉아리랑시장
2018,1,R,전통시장,1001338,239,109,130,25,37,42,19,33,83,12,20,22,13,15,27,13,17,20,6,18,56,120,0,120,돈암제일시장
2018,1,R,전통시장,1001337,135,66,69,27,17,18,25,14,34,14,12,7,11,6,16,13,5,11,14,8,18,59,0,59,유영시장
2018,1,R,전통시장,1001336,2150,1121,1029,240,268,289,326,441,586,118,151,170,174,234,274,122,117,119,152,207,312,1068,38,1030,우림골목시장
2018,1,R,전통시장,1001335,915,453,462,142,114,165,146,134,214,66,60,83,73,65,106,76,54,82,73,69,108,365,57,308,묵1동도깨비시장
2018,1,R,전통시장,1001334,977,487,490,133,128,135,140,214,227,61,63,77,73,107,106,72,65,58,67,107,121,443,0,443,태능시장
2018,1,R,전통시장,1001333,1859,930,929,266,254,251,313,341,434,144,128,136,159,159,204,122,126,115,154,182,230,870,0,870,중화제일시장
2018,1,R,전통시장,1001332,1959,965,994,198,327,269,289,356,520,98,165,154,137,174,237,100,162,115,152,182,283,986,0,986,사가정시장
2018,1,R,전통시장,1001331,1427,737,690,173,201,196,257,240,360,101,105,112,137,118,164,72,96,84,120,122,196,694,0,694,면목골목시장
2018,1,R,전통시장,1001330,2175,1084,1091,261,314,312,306,423,559,138,155,166,166,215,244,123,159,146,140,208,315,1039,0,1039,동원시장
2018,1,R,전통시장,1001329,1413,741,672,159,239,281,205,237,292,83,125,146,111,140,136,76,114,135,94,97,156,779,0,779,동부골목시장
2018,1,R,전통시장,1001328,71,34,37,12,6,6,15,14,18,3,4,4,8,8,7,9,2,2,7,6,11,30,0,30,이문제일시장
2018,1,R,전통시장,1001327,253,130,123,23,34,32,28,52,84,15,18,14,17,30,36,8,16,18,11,22,48,119,0,119,이경시장
2018,1,R,전통시장,1001326,1157,512,645,83,413,183,130,129,219,33,175,92,55,61,96,50,238,91,75,68,123,818,24,794,회기시장
2018,1,R,전통시장,1001325,46,33,13,0,1,3,6,18,18,0,0,2,6,14,11,0,1,1,0,4,7,44,0,44,청량리청과물시장
2018,1,R,전통시장,1001324,235,118,117,32,29,24,48,40,62,17,15,15,22,18,31,15,14,9,26,22,31,113,0,113,전곡시장
2018,1,R,전통시장,1001323,463,213,250,80,63,60,75,76,109,33,29,28,36,39,48,47,34,32,39,37,61,203,0,203,답십리시장
2018,1,R,전통시장,1001321,353,179,174,36,38,39,52,58,130,20,18,27,30,31,53,16,20,12,22,27,77,184,0,184,답십리현대시장
2018,1,R,전통시장,1001320,98,57,41,6,12,9,16,21,34,4,8,7,10,11,17,2,4,2,6,10,17,55,0,55,전농로터리시장
2018,1,R,전통시장,1001319,108,58,50,2,11,16,10,23,46,1,6,11,5,13,22,1,5,5,5,10,24,57,0,57,청량리종합시장
2018,1,R,전통시장,1001318,175,131,44,5,12,15,18,46,79,1,8,7,16,37,62,4,4,8,2,9,17,135,0,135,청량리전통시장
2018,1,R,전통시장,1001317,174,81,93,27,31,23,17,35,41,20,17,9,6,12,17,7,14,14,11,23,24,72,0,72,청량리농수산물시장
2018,1,R,전통시장,1001316,2181,1134,1047,155,317,289,299,392,729,90,173,169,167,207,328,65,144,120,132,185,401,1392,0,1392,서울약령시장
2018,1,R,전통시장,1001315,2,2,0,0,0,0,0,2,0,0,0,0,0,2,0,0,0,0,0,0,0,2,0,2,동서시장
2018,1,R,전통시장,1001314,11,6,5,0,0,0,1,3,7,0,0,0,1,3,2,0,0,0,0,0,5,8,0,8,경동시장
2018,1,R,전통시장,1001313,471,239,232,37,76,85,62,69,142,17,34,47,37,39,65,20,42,38,25,30,77,282,0,282,청량리수산시장
2018,1,R,전통시장,1001312,24,16,8,1,4,1,4,5,9,0,3,1,3,4,5,1,1,0,1,1,4,16,0,16,용두시장
2018,1,R,전통시장,1001310,157,84,73,23,26,23,23,22,40,10,14,15,12,12,21,13,12,8,11,10,19,74,0,74,구의시장
2018,1,R,전통시장,1001309,85,41,44,6,31,11,8,8,21,3,17,6,3,4,8,3,14,5,5,4,13,55,0,55,조양시장
2018,1,R,전통시장,1001308,1250,616,634,117,177,177,197,225,357,64,89,94,103,117,149,53,88,83,94,108,208,653,0,653,영동교골목시장
2018,1,R,전통시장,1001307,388,200,188,41,53,53,54,80,107,21,25,28,24,45,57,20,28,25,30,35,50,205,0,205,능동로골목시장
2018,1,R,전통시장,1001306,340,180,160,21,49,45,45,84,96,18,27,28,22,44,41,3,22,17,23,40,55,195,0,195,노룬산골목시장
2018,1,R,전통시장,1001305,65,36,29,14,6,16,9,11,9,7,3,8,6,5,7,7,3,8,3,6,2,25,0,25,자양종합시장
2018,1,R,전통시장,1001304,1990,974,1016,272,309,364,311,332,402,137,157,188,161,155,176,135,152,176,150,177,226,914,0,914,자양골목시장
2018,1,R,전통시장,1001303,108,55,53,14,16,17,14,18,29,9,8,10,8,7,13,5,8,7,6,11,16,49,0,49,신성골목시장
2018,1,R,전통시장,1001302,461,235,226,59,61,83,74,84,100,35,30,35,40,48,47,24,31,48,34,36,53,211,0,211,면곡골목시장
2018,1,R,전통시장,1001301,851,432,419,121,123,142,113,164,188,65,61,82,50,85,89,56,62,60,63,79,99,380,0,380,중곡제일시장
2018,1,R,전통시장,1001300,969,408,561,65,348,219,93,99,145,31,119,108,46,45,59,34,229,111,47,54,86,641,0,641,화양제일골목시장
2018,1,R,전통시장,1001299,21,11,10,0,11,3,1,3,3,0,6,0,1,2,2,0,5,3,0,1,1,19,0,19,한아름시장
2018,1,R,전통시장,1001298,2075,1036,1039,239,315,310,347,392,472,117,156,171,175,196,221,122,159,139,172,196,251,993,0,993,성동용답상가시장
2018,1,R,전통시장,1001297,599,324,275,66,83,70,82,144,154,37,51,42,44,77,73,29,32,28,38,67,81,303,81,222,뚝도시장
2018,1,R,전통시장,1001296,276,140,136,16,37,42,37,55,89,10,18,23,21,32,36,6,19,19,16,23,53,158,0,158,금남시장
2018,1,R,전통시장,1001295,1525,760,765,161,299,219,222,289,335,79,137,128,101,163,152,82,162,91,121,126,183,815,0,815,행당시장
2018,1,R,전통시장,1001294,360,205,155,41,46,39,62,62,110,27,27,24,36,39,52,14,19,15,26,23,58,193,1,192,마장축산물시장
2018,1,R,전통시장,1001293,9,6,3,0,0,1,2,2,4,0,0,1,1,2,2,0,0,0,1,0,2,7,0,7,보광시장
2018,1,R,전통시장,1001292,37,15,22,2,4,8,6,5,12,1,1,3,5,1,4,1,3,5,1,4,8,24,0,24,이태원제일시장
2018,1,R,전통시장,1001291,64,31,33,10,2,11,8,14,19,6,0,5,6,6,8,4,2,6,2,8,11,34,25,9,이태원시장
2018,1,R,전통시장,1001290,105,58,47,11,13,14,17,22,28,2,10,8,9,13,16,9,3,6,8,9,12,54,32,22,이촌종합시장
2018,1,R,전통시장,1001289,431,219,212,43,67,70,61,67,123,19,34,48,35,33,50,24,33,22,26,34,73,233,0,233,용문전통시장
2018,1,R,전통시장,1001288,36,20,16,2,3,1,4,12,14,1,2,0,3,6,8,1,1,1,1,6,6,21,0,21,만리시장
2018,1,R,전통시장,1001287,126,62,64,9,17,19,12,24,45,2,9,9,8,15,19,7,8,10,4,9,26,74,0,74,신흥시장
2018,1,R,전통시장,1001286,294,148,146,26,56,41,32,58,81,12,30,23,21,29,33,14,26,18,11,29,48,156,26,130,후암시장
2018,1,R,전통시장,1001285,65,43,22,6,5,13,12,12,17,3,3,5,9,11,12,3,2,8,3,1,5,54,0,54,합동(새벽)시장
2018,1,R,전통시장,1001284,1111,597,514,99,142,140,141,202,387,55,82,86,73,112,189,44,60,54,68,90,198,598,0,598,서울중앙시장
2018,1,R,전통시장,1001283,890,472,418,93,98,126,143,173,257,50,62,65,87,91,117,43,36,61,56,82,140,444,0,444,백학시장
2018,1,R,전통시장,1001282,1072,522,550,134,174,161,169,163,271,75,83,73,95,82,114,59,91,88,74,81,157,537,0,537,약수시장
2018,1,R,전통시장,1001281,2,1,1,1,0,0,1,0,0,0,0,0,1,0,0,1,0,0,0,0,0,1,0,1,청평화시장
2018,1,R,전통시장,1001279,68,32,36,6,8,7,8,21,18,4,4,2,5,10,7,2,4,5,3,11,11,42,32,10,동평화시장
2018,1,R,전통시장,1001277,308,196,112,21,35,46,36,65,105,13,22,29,24,40,68,8,13,17,12,25,37,205,27,178,방산종합시장
2018,1,R,전통시장,1001275,152,81,71,10,16,17,13,36,60,4,8,7,8,23,31,6,8,10,5,13,29,83,39,44,인현시장
2018,1,R,전통시장,1001274,290,189,101,13,20,27,41,69,120,10,11,13,26,55,74,3,9,14,15,14,46,209,0,209,신중부시장
2018,1,R,전통시장,1001273,96,54,42,2,8,10,14,25,37,0,5,7,8,15,19,2,3,3,6,10,18,68,0,68,남대문시장
2018,1,R,전통시장,1001272,16,12,4,0,1,1,2,5,7,0,1,1,2,4,4,0,0,0,0,1,3,13,0,13,신설종합시장
2018,1,R,전통시장,1001271,818,473,345,37,179,133,104,133,232,19,92,72,65,88,137,18,87,61,39,45,95,612,63,549,동묘시장
2018,1,R,전통시장,1001270,422,221,201,38,44,45,64,80,151,17,31,29,33,48,63,21,13,16,31,32,88,252,0,252,창신골목시장
2018,1,R,전통시장,1001269,66,36,30,5,6,12,13,9,21,2,4,9,4,7,10,3,2,3,9,2,11,35,32,3,동문시장
2018,1,R,전통시장,1001268,171,82,89,20,22,8,34,29,58,7,12,4,18,14,27,13,10,4,16,15,31,86,0,86,충신시장
2018,1,R,전통시장,1001267,114,75,39,2,9,8,17,32,46,1,5,5,14,21,29,1,4,3,3,11,17,89,0,89,종로신진시장
2018,1,R,전통시장,1001266,4,4,0,0,1,0,1,2,0,0,1,0,1,2,0,0,0,0,0,0,0,4,0,4,동대문종합시장
2018,1,R,전통시장,1001265,57,28,29,3,7,2,4,19,22,2,4,0,1,12,9,1,3,2,3,7,13,43,0,43,광장시장
2018,1,R,전통시장,1001264,750,349,401,102,94,97,127,112,218,56,44,40,65,55,89,46,50,57,62,57,129,357,43,314,통인시장
2018,1,D,발달상권,1001263,314,181,133,23,53,50,59,57,72,10,21,32,33,39,46,13,32,18,26,18,26,217,0,217,서울 노원구 노원역_3
2018,1,D,발달상권,1001262,20,20,0,0,1,2,6,5,6,0,1,2,6,5,6,0,0,0,0,0,0,20,0,20,서울 노원구 노원역_2
2018,1,D,발달상권,1001261,711,315,396,121,96,93,112,141,148,52,44,41,47,66,65,69,52,52,65,75,83,275,273,2,서울 노원구 노원역_1
2018,1,D,발달상권,1001260,531,325,206,32,91,94,99,116,99,16,37,57,70,77,68,16,54,37,29,39,31,416,0,416,창동역
2018,1,D,발달상권,1001259,684,376,308,46,125,123,102,127,161,19,56,60,63,87,91,27,69,63,39,40,70,440,0,440,서울 강북구 수유역_3
2018,1,D,발달상권,1001258,178,79,99,26,21,54,48,18,11,8,12,27,21,7,4,18,9,27,27,11,7,98,0,98,등나무근린공원 주변
2018,1,D,발달상권,1001257,2079,1040,1039,135,345,371,356,354,518,72,150,210,183,193,232,63,195,161,173,161,286,1333,0,1333,서울 강북구 수유역_2
2018,1,D,발달상권,1001256,741,366,375,72,152,151,105,118,143,32,69,75,61,64,65,40,83,76,44,54,78,406,21,385,서울 강북구 수유역_1
2018,1,D,발달상권,1001255,79,49,30,5,21,9,13,13,18,2,12,4,9,9,13,3,9,5,4,4,5,61,0,61,서울 은평구 연신내역_3
2018,1,D,발달상권,1001254,1088,546,542,99,205,220,177,166,221,55,93,124,95,80,99,44,112,96,82,86,122,617,0,617,서울 은평구 연신내역_2
2018,1,D,발달상권,1001253,249,109,140,23,55,49,37,44,41,12,23,22,14,20,18,11,32,27,23,24,23,154,0,154,서울 은평구 연신내역_1
2018,1,D,발달상권,1001252,485,257,228,27,87,69,48,111,143,15,45,36,27,62,72,12,42,33,21,49,71,274,0,274,서울 성북구 미아삼거리역_2
2018,1,D,발달상권,1001251,384,212,172,27,45,47,70,75,120,18,30,24,44,34,62,9,15,23,26,41,58,231,0,231,서울 강북구 미아삼거리역_1
2018,1,D,발달상권,1001250,749,316,433,73,203,245,88,60,80,34,65,110,44,28,35,39,138,135,44,32,45,508,61,447,서울 은평구 불광역_3
2018,1,D,발달상권,1001249,675,345,330,57,163,143,89,95,128,23,85,77,47,49,64,34,78,66,42,46,64,432,0,432,서울 은평구 불광역_2
2018,1,D,발달상권,1001248,589,285,304,47,112,98,74,101,157,27,44,57,35,48,74,20,68,41,39,53,83,337,26,311,서울 은평구 불광역_1
2018,1,D,발달상권,1001247,98,53,45,11,11,15,13,18,30,5,8,9,8,9,14,6,3,6,5,9,16,53,0,53,미아사거리_2
2018,1,D,발달상권,1001246,900,447,453,148,128,172,179,123,150,85,51,85,88,60,78,63,77,87,91,63,72,402,250,152,미아사거리_1
2018,1,D,발달상권,1001245,1038,472,566,80,244,224,162,147,181,46,92,93,85,78,78,34,152,131,77,69,103,673,0,673,서울 성북구 성신여대입구역
2018,1,D,발달상권,1001244,365,173,192,32,123,66,38,34,72,16,46,36,25,17,33,16,77,30,13,17,39,242,0,242,경희대학교
2018,1,D,발달상권,1001243,360,165,195,33,147,52,21,39,68,19,63,24,12,16,31,14,84,28,9,23,37,242,0,242,서울 성북구 안암역
2018,1,D,발달상권,1001242,635,290,345,39,205,105,74,84,128,18,91,44,39,40,58,21,114,61,35,44,70,429,0,429,혜화역 대학로_3
2018,1,D,발달상권,1001241,792,384,408,70,281,149,97,82,113,32,129,77,54,37,55,38,152,72,43,45,58,523,19,504,혜화역 대학로_2
2018,1,D,발달상권,1001240,503,223,280,44,122,98,67,63,109,23,52,41,29,34,44,21,70,57,38,29,65,305,0,305,혜화역 대학로_1
2018,1,D,발달상권,1001239,1016,477,539,222,185,181,219,140,69,109,74,81,109,72,32,113,111,100,110,68,37,473,110,363,디지털미디어시티
2018,1,D,발달상권,1001238,2859,1420,1439,321,410,376,374,501,877,134,194,202,192,270,428,187,216,174,182,231,449,1374,730,644,서울 동대문구 청량리역
2018,1,D,발달상권,1001237,307,139,168,40,52,59,52,39,65,20,31,30,15,16,27,20,21,29,37,23,38,170,0,170,서울 종로구 경복궁역_2
2018,1,D,발달상권,1001236,304,142,162,34,41,36,42,64,87,20,23,19,14,29,37,14,18,17,28,35,50,154,0,154,서울 종로구 안국역_2
2018,1,D,발달상권,1001235,134,60,74,16,11,19,23,17,48,10,6,7,11,10,16,6,5,12,12,7,32,76,0,76,서울 종로구 안국역_1
2018,1,D,발달상권,1001234,640,306,334,63,85,96,113,107,176,38,34,50,57,52,75,25,51,46,56,55,101,315,0,315,서울 종로구 경복궁역_1
2018,1,D,발달상권,1001233,158,118,40,7,15,14,22,53,47,2,11,9,18,42,36,5,4,5,4,11,11,115,0,115,서울 종로구 종로3가역_3
2018,1,D,발달상권,1001232,2424,1617,807,89,108,165,294,619,1149,48,70,106,204,480,709,41,38,59,90,139,440,2047,0,2047,서울 종로구 종로3가역_2
2018,1,D,발달상권,1001231,360,221,139,14,76,86,45,53,86,7,42,43,33,40,56,7,34,43,12,13,30,294,0,294,서울 동대문구 신설동역_2
2018,1,D,발달상권,1001230,800,442,358,84,70,121,118,118,289,51,38,63,73,71,146,33,32,58,45,47,143,481,223,258,인사동
2018,1,D,발달상권,1001229,285,163,122,17,40,39,33,55,101,10,19,27,23,37,47,7,21,12,10,18,54,180,0,180,서울 종로구 종로5가역_4
2018,1,D,발달상권,1001228,755,459,296,40,64,79,119,156,297,21,44,49,75,109,161,19,20,30,44,47,136,534,0,534,서울 종로구 종로5가역_3
2018,1,D,발달상권,1001227,607,336,271,48,87,81,106,119,166,28,50,45,55,65,93,20,37,36,51,54,73,397,136,261,종로구청
2018,1,D,발달상권,1001226,1990,988,1002,221,461,381,235,274,418,107,214,193,122,152,200,114,247,188,113,122,218,1135,0,1135,서울 종로구 종로5가역_2
2018,1,D,발달상권,1001225,403,247,156,16,115,84,58,63,67,7,48,53,42,46,51,9,67,31,16,17,16,320,0,320,신설동역
2018,1,D,발달상권,1001224,178,134,44,8,16,28,13,44,69,7,10,16,9,36,56,1,6,12,4,8,13,137,0,137,서울 동대문구 신설동역_1
2018,1,D,발달상권,1001223,2529,1132,1397,348,315,405,418,376,667,177,131,162,177,182,303,171,184,243,241,194,364,1234,679,555,서울 종로구 광화문역_2
2018,1,D,발달상권,1001222,898,434,464,129,135,115,135,167,217,62,72,65,66,82,87,67,63,50,69,85,130,355,250,105,동묘앞역
2018,1,D,발달상권,1001221,4009,1994,2015,509,707,943,698,530,622,264,333,484,367,260,286,245,374,459,331,270,336,2100,234,1866,장안동사거리
2018,1,D,발달상권,1001220,647,410,237,21,55,80,73,168,250,13,29,51,50,119,148,8,26,29,23,49,102,468,0,468,서울 종로구 동대문역_2
2018,1,D,발달상권,1001219,146,73,73,21,20,15,18,31,41,11,8,5,10,18,21,10,12,10,8,13,20,72,0,72,서울 종로구 동대문역_1
2018,1,D,발달상권,1001218,29,14,15,1,1,6,3,7,11,0,0,3,2,5,4,1,1,3,1,2,7,24,0,24,동대문시장_2
2018,1,D,발달상권,1001217,27,7,20,1,2,0,3,4,17,1,0,0,2,0,4,0,2,0,1,4,13,22,0,22,서울 종로구 종로5가역_1
2018,1,D,발달상권,1001216,172,130,42,10,37,13,22,48,42,6,31,8,16,38,31,4,6,5,6,10,11,142,0,142,서울 종로구 종로3가역_1
2018,1,D,발달상권,1001215,11,7,4,0,0,0,4,2,5,0,0,0,3,2,2,0,0,0,1,0,3,8,0,8,서울 종로구 광화문역_1
2018,1,D,발달상권,1001214,6,2,4,1,1,2,1,1,0,0,0,1,1,0,0,1,1,1,0,1,0,4,0,4,종각역
2018,1,D,발달상권,1001213,130,93,37,8,39,22,16,16,29,4,32,16,10,11,20,4,7,6,6,5,9,108,0,108,종각역 젊음의 거리
2018,1,D,발달상권,1001212,565,297,268,105,61,94,107,101,97,55,31,42,55,61,53,50,30,52,52,40,44,249,0,249,서대문구 서대문역_1
2018,1,D,발달상권,1001210,853,373,480,141,111,238,160,98,105,61,41,104,69,45,53,80,70,134,91,53,52,438,14,424,시청역_2
2018,1,D,발달상권,1001209,22,12,10,2,1,3,4,6,6,0,1,1,3,3,4,2,0,2,1,3,2,15,0,15,서울시청
2018,1,D,발달상권,1001208,524,328,196,14,35,36,74,114,251,8,19,17,53,84,147,6,16,19,21,30,104,406,62,344,서울 중구 을지로3가역_2
2018,1,D,발달상권,1001207,324,167,157,14,66,75,41,56,72,8,24,39,24,35,37,6,42,36,17,21,35,217,0,217,서울 중구 신당역_2
2018,1,D,발달상권,1001206,875,432,443,75,187,195,117,152,149,39,71,108,62,85,67,36,116,87,55,67,82,542,0,542,서대문구 서대문역_2
2018,1,D,발달상권,1001205,367,225,142,18,42,39,56,85,127,7,23,23,33,60,79,11,19,16,23,25,48,261,12,249,동대문역사문화공원역
2018,1,D,발달상권,1001204,236,157,79,11,23,17,32,51,102,4,12,10,20,40,71,7,11,7,12,11,31,175,0,175,서울 중구 을지로3가역_1
2018,1,D,발달상권,1001203,42,20,22,2,3,6,9,3,19,1,1,4,5,2,7,1,2,2,4,1,12,24,0,24,명동거리
2018,1,D,발달상권,1001202,1,1,0,0,0,1,0,0,0,0,0,1,0,0,0,0,0,0,0,0,0,1,0,1,롯데백화점
2018,1,D,발달상권,1001201,930,496,434,85,126,117,141,202,259,41,73,69,78,108,127,44,53,48,63,94,132,534,51,483,서울 중구 신당역_1
2018,1,D,발달상권,1001200,51,29,22,3,10,9,6,4,19,2,4,8,4,2,9,1,6,1,2,2,10,33,0,33,북창동
2018,1,D,발달상권,1001199,704,393,311,44,91,109,93,147,220,21,44,57,63,90,118,23,47,52,30,57,102,468,163,305,서울 중구 충무로역_2
2018,1,D,발달상권,1001198,2150,1037,1113,167,425,380,260,385,533,87,182,201,139,185,243,80,243,179,121,200,290,1345,38,1307,서울 강서구 송정역
2018,1,D,발달상권,1001197,1357,714,643,149,226,279,226,215,262,82,93,149,120,127,143,67,133,130,106,88,119,739,52,687,장한평역_2
2018,1,D,발달상권,1001196,87,40,47,25,18,15,9,7,13,13,6,4,7,3,7,12,12,11,2,4,6,33,0,33,시청역_1
2018,1,D,발달상권,1001195,435,202,233,48,81,77,68,74,87,16,38,38,35,41,34,32,43,39,33,33,53,235,0,235,왕십리역_2
2018,1,D,발달상권,1001194,92,45,47,2,18,30,18,15,9,2,8,12,10,7,6,0,10,18,8,8,3,71,0,71,서울 강서구 발산역
2018,1,D,발달상권,1001193,214,132,82,13,31,27,41,58,44,9,21,15,29,36,22,4,10,12,12,22,22,133,24,109,장한평역_1
2018,1,D,발달상권,1001192,814,396,418,57,112,109,101,155,280,27,53,60,59,75,122,30,59,49,42,80,158,507,0,507,서울 중구 충무로역_1
2018,1,D,발달상권,1001190,1308,911,397,73,197,256,287,309,186,41,86,167,220,269,128,32,111,89,67,40,58,990,0,990,장한평역
2018,1,D,발달상권,1001189,358,146,212,42,50,43,52,56,115,18,23,21,26,23,35,24,27,22,26,33,80,163,3,160,서울 중구 명동역
2018,1,D,발달상권,1001188,302,159,143,29,77,43,39,38,76,15,40,22,27,23,32,14,37,21,12,15,44,195,29,166,장충동 족발거리
2018,1,D,발달상권,1001187,994,479,515,47,530,170,56,67,124,23,245,94,30,34,53,24,285,76,26,33,71,767,0,767,한양시장
2018,1,D,발달상권,1001186,1263,462,801,64,381,151,180,149,338,27,67,70,92,68,138,37,314,81,88,81,200,933,53,880,서울 서대문구 이대역
2018,1,D,발달상권,1001185,2656,1322,1334,157,996,472,286,292,453,82,454,246,165,160,215,75,542,226,121,132,238,1900,68,1832,서울 서대문구 신촌역
2018,1,D,발달상권,1001184,184,79,105,9,45,57,35,19,19,4,15,26,17,8,9,5,30,31,18,11,10,139,0,139,서울 마포구 홍대입구역_3
2018,1,D,발달상권,1001183,522,244,278,59,91,100,75,59,138,26,46,44,43,23,62,33,45,56,32,36,76,265,0,265,서울 마포구 홍대입구역_2
2018,1,D,발달상권,1001182,4995,2375,2620,451,1173,1216,724,525,906,241,537,578,378,242,399,210,636,638,346,283,507,3057,116,2941,홍익대학교 주변
2018,1,D,발달상권,1001181,1665,776,889,162,417,392,176,229,289,90,174,179,89,108,136,72,243,213,87,121,153,996,0,996,서울 광진구 군자역
2018,1,D,발달상권,1001180,1194,597,597,79,364,259,164,111,217,44,161,125,96,68,103,35,203,134,68,43,114,860,19,841,신촌역
2018,1,D,발달상권,1001179,2840,1397,1443,327,566,655,439,418,435,169,215,328,267,219,199,158,351,327,172,199,236,1691,112,1579,강서구청
2018,1,D,발달상권,1001178,690,331,359,74,135,164,111,70,136,34,54,94,53,35,61,40,81,70,58,35,75,398,0,398,서울 마포구 홍대입구역_1
2018,1,D,발달상권,1001177,63,31,32,9,9,8,11,6,20,5,3,3,8,3,9,4,6,5,3,3,11,28,0,28,서울 중구 약수역_2
2018,1,D,발달상권,1001176,12,6,6,0,1,3,3,2,3,0,0,2,2,0,2,0,1,1,1,2,1,9,0,9,서울 중구 약수역_1
2018,1,D,발달상권,1001175,1907,946,961,387,308,224,338,381,269,210,168,111,134,188,135,177,140,113,204,193,134,661,445,216,서울 강동구 고덕역
2018,1,D,발달상권,1001174,1059,487,572,135,198,307,138,126,155,74,63,148,73,62,67,61,135,159,65,64,88,550,25,525,등촌역
2018,1,D,발달상권,1001173,2185,1081,1104,318,290,343,381,339,514,164,143,183,192,153,246,154,147,160,189,186,268,1060,7,1053,서울 강동구 명일역
2018,1,D,발달상권,1001172,544,302,242,72,102,76,92,107,95,41,49,48,50,68,46,31,53,28,42,39,49,264,92,172,어린이대공원역
2018,1,D,발달상권,1001171,24,13,11,1,3,1,3,8,8,0,2,1,2,5,3,1,1,0,1,3,5,17,0,17,서울 마포구 공덕역_2
2018,1,D,발달상권,1001170,434,215,219,54,66,55,68,92,99,21,37,24,33,43,57,33,29,31,35,49,42,185,146,39,공덕역
2018,1,D,발달상권,1001169,586,325,261,52,79,98,108,108,141,31,40,53,68,64,69,21,39,45,40,44,72,350,0,350,서울 용산구 숙대입구역
2018,1,D,발달상권,1001168,198,98,100,10,46,71,26,20,25,4,20,41,11,11,11,6,26,30,15,9,14,143,0,143,남영역
2018,1,D,발달상권,1001167,535,250,285,77,113,91,86,112,56,44,50,42,39,51,24,33,63,49,47,61,32,209,0,209,서울 마포구 공덕역_1
2018,1,D,발달상권,1001166,3525,1599,1926,564,431,891,722,441,476,279,160,410,326,213,211,285,271,481,396,228,265,1809,585,1224,서울 마포구 마포역_2
2018,1,D,발달상권,1001165,2111,974,1137,150,763,425,225,197,351,79,303,213,115,103,161,71,460,212,110,94,190,1439,0,1439,서울 광진구 건대입구역_2
2018,1,D,발달상권,1001164,851,425,426,86,102,181,122,133,227,44,48,96,68,66,103,42,54,85,54,67,124,490,0,490,서울 마포구 마포역_1
2018,1,D,발달상권,1001163,4159,2028,2131,358,612,978,722,687,802,177,256,468,393,362,372,181,356,510,329,325,430,2513,759,1754,서울 강동구 천호역_2
2018,1,D,발달상권,1001162,1091,536,555,90,215,214,159,160,253,42,82,119,84,81,128,48,133,95,75,79,125,642,0,642,서울 광진구 건대입구역_1
2018,1,D,발달상권,1001161,580,245,335,37,22,24,31,31,435,19,9,7,14,15,181,18,13,17,17,16,254,310,0,310,건대입구역
2018,1,D,발달상권,1001160,1907,876,1031,134,449,475,304,241,304,69,169,225,165,112,136,65,280,250,139,129,168,1230,0,1230,서울 광진구 구의역
2018,1,D,발달상권,1001159,287,134,153,27,37,56,47,44,76,14,16,24,25,17,38,13,21,32,22,27,38,152,0,152,서울 강동구 천호역
2018,1,D,발달상권,1001158,573,235,338,36,208,148,61,47,73,18,53,62,34,29,39,18,155,86,27,18,34,440,0,440,당산역_2
2018,1,D,발달상권,1001157,334,162,172,34,61,40,55,68,76,15,33,20,31,33,30,19,28,20,24,35,46,179,0,179,서울 강동구 천호역_1
2018,1,D,발달상권,1001156,2962,1455,1507,220,771,684,455,437,395,107,274,345,274,243,212,113,497,339,181,194,183,1991,0,1991,서울 강동구 길동역
2018,1,D,발달상권,1001155,593,341,252,42,92,130,105,76,148,22,52,82,70,47,68,20,40,48,35,29,80,349,27,322,용산 전자상가_5
2018,1,D,발달상권,1001154,161,95,66,16,13,26,32,24,50,8,9,16,24,17,21,8,4,10,8,7,29,102,0,102,용산 전자상가_4
2018,1,D,발달상권,1001153,988,467,521,65,273,312,110,111,117,35,103,150,65,59,55,30,170,162,45,52,62,630,109,521,당산역_1
2018,1,D,발달상권,1001152,208,96,112,27,37,31,16,32,65,14,18,13,5,13,33,13,19,18,11,19,32,73,71,2,서울 광진구 강변역
2018,1,D,발달상권,1001151,265,141,124,28,38,61,30,44,64,17,22,35,15,20,32,11,16,26,15,24,32,131,89,42,용산 전자상가_3
2018,1,D,발달상권,1001150,937,491,446,63,170,181,153,160,210,34,89,98,79,94,97,29,81,83,74,66,113,601,0,601,서울 용산구 이태원역
2018,1,D,발달상권,1001149,168,89,79,8,35,15,22,30,58,4,24,7,10,15,29,4,11,8,12,15,29,113,0,113,한남오거리
2018,1,D,발달상권,1001148,74,42,32,5,13,17,17,13,9,2,3,6,13,10,8,3,10,11,4,3,1,62,0,62,목동사거리
2018,1,D,발달상권,1001147,161,88,73,26,21,34,22,27,31,19,12,14,14,14,15,7,9,20,8,13,16,67,0,67,용산 전자상가_2
2018,1,D,발달상권,1001146,119,52,67,19,13,25,20,11,31,6,6,11,13,3,13,13,7,14,7,8,18,58,0,58,용산구청
2018,1,D,발달상권,1001145,686,364,322,98,117,179,114,94,84,41,59,95,62,55,52,57,58,84,52,39,32,365,0,365,용산 전자상가_1
2018,1,D,발달상권,1001144,653,335,318,43,109,190,119,96,96,25,48,93,66,54,49,18,61,97,53,42,47,495,40,455,국회의사당역_2
2018,1,D,발달상권,1001143,394,201,193,28,34,47,55,86,144,19,17,30,37,44,54,9,17,17,18,42,90,297,0,297,서울 용산구 신용산역
2018,1,D,발달상권,1001141,1326,636,690,200,164,257,258,166,281,93,80,124,132,83,124,107,84,133,126,83,157,666,238,428,압구정 로데오거리_2
2018,1,D,발달상권,1001140,1933,880,1053,253,312,387,327,238,416,136,141,153,161,111,178,117,171,234,166,127,238,995,37,958,서울 강남구 압구정역
2018,1,D,발달상권,1001139,1343,681,662,92,255,254,186,218,338,44,122,122,102,126,165,48,133,132,84,92,173,907,0,907,서울 영등포구 영등포구청역
2018,1,D,발달상권,1001138,565,262,303,86,62,78,93,74,172,41,27,32,46,34,82,45,35,46,47,40,90,244,0,244,압구정 로데오거리_1
2018,1,D,발달상권,1001137,791,427,364,106,121,123,131,125,185,58,76,64,74,72,83,48,45,59,57,53,102,374,18,356,서울 강동구 둔촌동역
2018,1,D,발달상권,1001136,877,432,445,210,115,110,182,126,134,112,49,51,96,56,68,98,66,59,86,70,66,272,236,36,오목교역
2018,1,D,발달상권,1001135,3866,1792,2074,527,577,794,721,488,759,266,248,349,359,242,328,261,329,445,362,246,431,2096,89,2007,신사동 가로수길
2018,1,D,발달상권,1001134,16,12,4,3,2,1,2,6,2,2,1,1,2,4,2,1,1,0,0,2,0,10,0,10,서울 영등포구 여의도역_2
2018,1,D,발달상권,1001133,923,405,518,68,75,124,180,149,327,31,38,58,81,62,135,37,37,66,99,87,192,601,0,601,청담사거리_3
2018,1,D,발달상권,1001132,435,248,187,40,57,64,83,60,131,22,31,38,55,37,65,18,26,26,28,23,66,232,0,232,영등포유통상가
2018,1,D,발달상권,1001131,1051,483,568,185,143,220,212,147,144,95,67,90,96,71,64,90,76,130,116,76,80,471,347,124,청담역_2
2018,1,D,발달상권,1001130,219,106,113,45,31,28,35,36,44,19,21,13,17,15,21,26,10,15,18,21,23,73,0,73,청담역_1
2018,1,D,발달상권,1001129,419,207,212,61,55,70,70,69,94,29,28,33,33,35,49,32,27,37,37,34,45,156,0,156,청담사거리_2
2018,1,D,발달상권,1001128,232,104,128,36,34,46,55,25,36,14,11,22,30,12,15,22,23,24,25,13,21,119,0,119,청담사거리_1
2018,1,D,발달상권,1001127,2543,1219,1324,396,340,361,392,449,605,204,158,153,178,218,308,192,182,208,214,231,297,968,920,48,서울 영등포구 여의도역_1
2018,1,D,발달상권,1001126,284,139,145,28,54,29,38,52,83,17,27,17,21,23,34,11,27,12,17,29,49,148,0,148,서울 양천구 신정네거리역_2
2018,1,D,발달상권,1001125,454,231,223,70,68,80,82,71,83,43,38,41,34,33,42,27,30,39,48,38,41,179,111,68,학동사거리_2
2018,1,D,발달상권,1001124,1399,872,527,53,102,138,217,344,545,27,60,82,145,244,314,26,42,56,72,100,231,1068,0,1068,서울 영등포구 영등포시장역
2018,1,D,발달상권,1001123,457,218,239,47,70,92,92,59,97,27,23,41,52,31,44,20,47,51,40,28,53,265,55,210,학동사거리_1
2018,1,D,발달상권,1001122,1453,708,745,208,155,229,209,234,418,114,82,101,105,115,191,94,73,128,104,119,227,613,125,488,여의도 시범아파트앞
2018,1,D,발달상권,1001121,406,240,166,19,101,95,53,62,76,11,38,53,36,48,54,8,63,42,17,14,22,327,0,327,영등포역_3
2018,1,D,발달상권,1001120,258,113,145,24,58,73,33,25,45,13,22,33,15,11,19,11,36,40,18,14,26,158,24,134,도산공원사거리_1
2018,1,D,발달상권,1001119,661,469,192,23,93,94,125,171,155,11,30,65,116,139,108,12,63,29,9,32,47,574,0,574,영등포역_2
2018,1,D,발달상권,1001118,1521,753,768,239,154,230,226,267,405,121,82,108,117,137,188,118,72,122,109,130,217,730,579,151,문래동 주민센터
2018,1,D,발달상권,1001117,1023,458,565,86,197,272,171,116,181,47,80,115,83,57,76,39,117,157,88,59,105,617,0,617,강남구 신사역_2
2018,1,D,발달상권,1001116,246,131,115,18,90,77,25,21,15,8,41,44,15,14,9,10,49,33,10,7,6,208,0,208,영등포역_1
2018,1,D,발달상권,1001115,736,384,352,36,59,136,163,130,212,18,26,74,82,91,93,18,33,62,81,39,119,535,0,535,서울 강남구 강남구청역_2
2018,1,D,발달상권,1001114,780,421,359,56,128,171,151,114,160,32,64,91,92,61,81,24,64,80,59,53,79,506,0,506,강남구 신사역_1
2018,1,D,발달상권,1001113,18,14,4,0,1,3,4,4,6,0,1,3,4,4,2,0,0,0,0,0,4,16,0,16,서울 동작구 노량진1동_1
2018,1,D,발달상권,1001112,122,60,62,6,20,27,22,21,26,4,9,12,11,12,12,2,11,15,11,9,14,77,0,77,서울 강남구 학동역_3
2018,1,D,발달상권,1001111,743,364,379,73,124,204,149,107,86,38,63,91,68,63,41,35,61,113,81,44,45,455,44,411,서울 강남구 강남구청역_1
2018,1,D,발달상권,1001110,3223,1539,1684,543,436,614,517,505,608,276,224,287,220,243,289,267,212,327,297,262,319,1238,1238,0,잠실역
2018,1,D,발달상권,1001109,1907,932,975,177,327,488,336,276,303,87,153,226,167,154,145,90,174,262,169,122,158,1158,19,1139,강남구 논현역_4
2018,1,D,발달상권,1001108,464,188,276,35,79,151,80,62,57,23,32,55,27,28,23,12,47,96,53,34,34,314,0,314,학동역
2018,1,D,발달상권,1001107,1449,778,671,120,264,336,236,247,246,62,128,184,135,136,133,58,136,152,101,111,113,889,0,889,방이동 먹자골목
2018,1,D,발달상권,1001106,125,66,59,13,25,38,21,12,16,7,7,24,12,8,8,6,18,14,9,4,8,83,0,83,서울 강남구 학동역_2
2018,1,D,발달상권,1001105,982,484,498,50,454,179,106,70,123,22,205,101,66,34,56,28,249,78,40,36,67,762,0,762,서울 동작구 노량진역
2018,1,D,발달상권,1001104,52,36,16,1,12,9,6,8,16,0,9,6,5,4,12,1,3,3,1,4,4,36,0,36,삼성역_3
2018,1,D,발달상권,1001103,21,15,6,5,1,3,3,4,5,4,0,2,2,3,4,1,1,1,1,1,1,13,0,13,코엑스
2018,1,D,발달상권,1001102,901,398,503,83,169,230,152,96,171,41,61,102,75,43,76,42,108,128,77,53,95,526,0,526,서울 강남구 학동역_1
2018,1,D,발달상권,1001101,3034,1397,1637,400,429,723,594,391,497,209,196,315,277,196,204,191,233,408,317,195,293,1782,13,1769,선정릉역_2
2018,1,D,발달상권,1001100,83,30,53,5,17,19,14,13,15,2,5,2,9,6,6,3,12,17,5,7,9,44,0,44,강남구 논현역_3
2018,1,D,발달상권,1001099,708,359,349,79,134,151,127,111,106,45,55,83,62,64,50,34,79,68,65,47,56,385,21,364,포스코사거리_2
2018,1,D,발달상권,1001098,2102,1009,1093,252,320,490,382,301,357,130,148,212,202,154,163,122,172,278,180,147,194,1170,39,1131,포스코사거리_1
2018,1,D,발달상권,1001096,4912,2329,2583,835,756,1085,778,826,632,419,335,519,364,375,317,416,421,566,414,451,315,1840,1142,698,신도림역
2018,1,D,발달상권,1001095,3919,1886,2033,352,738,1068,637,453,671,187,314,511,332,243,299,165,424,557,305,210,372,2395,0,2395,강남구 논현역_2
2018,1,D,발달상권,1001094,634,286,348,91,124,117,112,98,92,46,52,48,49,45,46,45,72,69,63,53,46,309,20,289,선정릉역_1
2018,1,D,발달상권,1001093,2847,1366,1481,295,475,678,458,426,515,150,217,327,248,195,229,145,258,351,210,231,286,1625,151,1474,신천역
2018,1,D,발달상권,1001092,1995,1039,956,132,367,509,362,285,340,69,170,249,218,162,171,63,197,260,144,123,169,1350,21,1329,강남구 논현역_1
2018,1,D,발달상권,1001091,9,6,3,0,1,2,1,2,3,0,0,2,1,1,2,0,1,0,0,1,1,5,0,5,삼성역_2
2018,1,D,발달상권,1001090,588,287,301,47,87,172,107,80,95,23,45,69,62,39,49,24,42,103,45,41,46,371,0,371,삼정역_2
2018,1,D,발달상권,1001089,90,41,49,4,15,25,8,18,20,0,5,15,3,8,10,4,10,10,5,10,10,49,0,49,삼정역_1
2018,1,D,발달상권,1001088,1327,675,652,180,232,324,229,169,193,97,102,176,112,91,97,83,130,148,117,78,96,723,0,723,삼성역_1
2018,1,D,발달상권,1001087,2105,1019,1086,144,449,603,337,259,313,79,190,295,191,118,146,65,259,308,146,141,167,1327,0,1327,서울 강남구 선릉역_2
2018,1,D,발달상권,1001085,2971,1511,1460,184,653,900,419,377,438,95,298,467,237,196,218,89,355,433,182,181,220,2040,28,2012,서울 서초구 강남역
2018,1,D,발달상권,1001084,695,357,338,64,97,182,182,88,82,36,45,88,96,51,41,28,52,94,86,37,41,482,1,481,서울 강남구 선릉역_1
2018,1,D,발달상권,1001083,594,284,310,98,88,147,92,73,96,52,38,69,43,37,45,46,50,78,49,36,51,276,5,271,서울 송파구 석촌역_2
2018,1,D,발달상권,1001082,4081,1854,2227,488,705,1120,836,481,451,222,279,481,403,252,217,266,426,639,433,229,234,2484,114,2370,선릉역_2
2018,1,D,발달상권,1001081,965,471,494,80,191,241,145,146,162,48,79,110,80,73,81,32,112,131,65,73,81,589,0,589,서울 강남구 역삼역_2
2018,1,D,발달상권,1001080,200,86,114,21,31,49,39,24,36,13,10,18,21,9,15,8,21,31,18,15,21,107,0,107,서울 송파구 석촌역_1
2018,1,D,발달상권,1001079,7,3,4,0,3,1,1,1,1,0,2,0,0,1,0,0,1,1,1,0,1,4,0,4,석촌역
2018,1,D,발달상권,1001078,2000,914,1086,205,323,367,397,279,429,90,123,172,185,149,195,115,200,195,212,130,234,1135,339,796,서울 강남구 강남역_2
2018,1,D,발달상권,1001077,1236,526,710,260,145,247,320,137,127,104,58,95,139,73,57,156,87,152,181,64,70,558,272,286,선릉역_1
2018,1,D,발달상권,1001076,695,341,354,115,103,176,104,97,100,61,37,84,62,48,49,54,66,92,42,49,51,313,168,145,구로역
2018,1,D,발달상권,1001075,620,377,243,325,53,81,82,41,38,225,24,42,48,24,14,100,29,39,34,17,24,197,8,189,역삼역_2
2018,1,D,발달상권,1001074,2531,1216,1315,250,627,733,410,280,231,128,211,366,231,171,109,122,416,367,179,109,122,1691,0,1691,대림역_2
2018,1,D,발달상권,1001073,5343,2735,2608,418,962,1373,1054,702,834,215,401,717,596,399,407,203,561,656,458,303,427,3620,14,3606,서울 강남구 역삼역_1
2018,1,D,발달상권,1001072,1205,579,626,116,245,267,191,165,221,53,101,119,106,93,107,63,144,148,85,72,114,737,37,700,신대방삼거리역
2018,1,D,발달상권,1001071,2153,1012,1141,407,341,280,453,347,325,218,155,139,187,173,140,189,186,141,266,174,185,955,0,955,서울 강남구 한티역
2018,1,D,발달상권,1001070,362,194,168,98,37,30,95,63,39,70,19,14,37,35,19,28,18,16,58,28,20,128,93,35,은마아파트입구사거리_4
2018,1,D,발달상권,1001069,325,164,161,63,54,34,70,51,53,35,26,20,29,28,26,28,28,14,41,23,27,138,16,122,은마아파트입구사거리_3
2018,1,D,발달상권,1001068,196,91,105,55,37,34,30,15,25,27,17,18,11,6,12,28,20,16,19,9,13,55,0,55,은마아파트입구사거리_2
2018,1,D,발달상권,1001067,3645,1760,1885,298,831,1054,534,390,538,143,311,544,311,196,255,155,520,510,223,194,283,2444,34,2410,오류동역
2018,1,D,발달상권,1001066,2424,1147,1277,205,577,729,363,253,297,119,246,333,196,118,135,86,331,396,167,135,162,1595,358,1237,서울 강남구 강남역
2018,1,D,발달상권,1001065,225,116,109,53,32,23,51,37,29,30,20,15,24,18,9,23,12,8,27,19,20,77,0,77,은마아파트입구사거리_1
2018,1,D,발달상권,1001064,1696,793,903,109,588,550,243,95,111,56,182,291,139,70,55,53,406,259,104,25,56,1328,44,1284,대림역_1
2018,1,D,발달상권,1001063,1411,692,719,287,216,155,270,205,278,139,110,79,119,105,140,148,106,76,151,100,138,551,40,511,교대역_4
2018,1,D,발달상권,1001062,1368,626,742,199,203,341,233,186,206,81,100,148,116,88,93,118,103,193,117,98,113,709,83,626,서울 강남구 강남역_1
2018,1,D,발달상권,1001061,2675,1283,1392,639,291,400,573,359,413,316,148,175,284,183,177,323,143,225,289,176,236,1010,507,503,방배동카페골목
2018,1,D,발달상권,1001059,17,8,9,1,0,6,1,4,5,0,0,2,1,2,3,1,0,4,0,2,2,9,0,9,교대역_3
2018,1,D,발달상권,1001058,2799,1342,1457,328,500,798,453,332,388,159,249,401,213,135,185,169,251,397,240,197,203,1546,46,1500,역삼역_1
2018,1,D,발달상권,1001057,1524,709,815,174,268,330,274,218,260,86,121,152,132,102,116,88,147,178,142,116,144,854,262,592,교대역_2
2018,1,D,발달상권,1001056,507,281,226,31,77,109,76,102,112,15,29,52,48,74,63,16,48,57,28,28,49,347,0,347,서울 송파구 가락시장역
2018,1,D,발달상권,1001055,58,32,26,8,10,7,7,10,16,4,6,5,5,4,8,4,4,2,2,6,8,26,0,26,서울 서초구 서초역
2018,1,D,발달상권,1001054,401,194,207,123,52,51,90,54,31,61,28,20,43,29,13,62,24,31,47,25,18,132,107,25,서울 강남구 대치역_2
2018,1,D,발달상권,1001053,506,258,248,159,49,37,140,72,49,82,25,17,69,39,26,77,24,20,71,33,23,149,149,0,서울 강남구 대치역_1
2018,1,D,발달상권,1001052,1770,790,980,155,414,564,281,176,180,77,152,267,137,76,81,78,262,297,144,100,99,1240,153,1087,뱅뱅사거리_2
2018,1,D,발달상권,1001051,5211,2488,2723,909,674,850,845,640,1293,447,337,389,409,295,611,462,337,461,436,345,682,2073,431,1642,보라매공원
2018,1,D,발달상권,1001050,2608,1276,1332,286,498,512,379,446,487,135,243,246,194,227,231,151,255,266,185,219,256,1273,202,1071,교대역_1
2018,1,D,발달상권,1001049,2759,1395,1364,338,342,401,410,513,755,182,191,215,206,260,341,156,151,186,204,253,414,1254,13,1241,개봉동 현대아파트 인근
2018,1,D,발달상권,1001048,1383,599,784,111,368,459,241,119,85,61,126,197,122,51,42,50,242,262,119,68,43,987,31,956,뱅뱅사거리
2018,1,D,발달상권,1001047,1096,566,530,138,218,312,177,123,128,71,98,172,105,60,60,67,120,140,72,63,68,632,24,608,뱅뱅사거리_1
2018,1,D,발달상권,1001046,2992,1472,1520,150,1102,937,351,208,244,86,459,509,190,108,120,64,643,428,161,100,124,2361,181,2180,서울 관악구 신림역_4
2018,1,D,발달상권,1001045,1122,524,598,97,242,222,156,137,268,44,101,110,83,67,119,53,141,112,73,70,149,627,0,627,동작구 총신대입구역_1
2018,1,D,발달상권,1001044,1940,934,1006,247,311,462,316,257,347,124,152,218,146,125,169,123,159,244,170,132,178,978,79,899,양재역_3
2018,1,D,발달상권,1001043,1769,778,991,364,219,350,417,217,202,162,77,156,178,121,84,202,142,194,239,96,118,822,19,803,동작구 총신대입구역_2
2018,1,D,발달상권,1001042,453,220,233,51,90,113,68,42,89,29,42,46,41,19,43,22,48,67,27,23,46,268,0,268,서울 서초구 남부터미널역_3
2018,1,D,발달상권,1001041,1670,786,884,171,165,283,260,254,537,88,71,132,147,147,201,83,94,151,113,107,336,963,571,392,서울 강남구 수서역
2018,1,D,발달상권,1001040,855,462,393,23,326,222,102,75,107,10,140,140,62,53,57,13,186,82,40,22,50,718,0,718,서울 관악구 신림역_3
2018,1,D,발달상권,1001039,1481,755,726,100,277,419,299,229,157,59,98,201,158,151,88,41,179,218,141,78,69,1091,0,1091,서울 서초구 남부터미널역_2
2018,1,D,발달상권,1001038,134,69,65,14,13,28,14,31,34,6,8,14,7,19,15,8,5,14,7,12,19,73,0,73,구로디지탈1단지
2018,1,D,발달상권,1001037,1653,732,921,252,295,342,282,225,257,109,132,142,135,97,117,143,163,200,147,128,140,837,173,664,양재역
2018,1,D,발달상권,1001036,379,199,180,58,53,75,67,63,63,37,26,40,38,31,27,21,27,35,29,32,36,182,0,182,문정역
2018,1,D,발달상권,1001035,535,264,271,71,106,85,99,86,88,37,47,38,55,46,41,34,59,47,44,40,47,268,0,268,매봉역
2018,1,D,발달상권,1001034,1217,597,620,163,182,263,228,167,214,87,77,129,125,86,93,76,105,134,103,81,121,633,17,616,서울 서초구 방배역
2018,1,D,발달상권,1001033,1301,626,675,229,196,217,202,219,238,123,90,98,97,98,120,106,106,119,105,121,118,512,0,512,서울 서초구 남부터미널역_1
2018,1,D,발달상권,1001032,1567,825,742,98,518,352,180,173,246,54,266,201,95,83,126,44,252,151,85,90,120,1017,0,1017,서울 관악구 신림역_2
2018,1,D,발달상권,1001031,499,230,269,19,185,141,61,49,44,9,71,74,32,23,21,10,114,67,29,26,23,401,0,401,서울 관악구 신림역_1
2018,1,D,발달상권,1001030,854,412,442,110,146,186,138,119,155,58,64,86,71,62,71,52,82,100,67,57,84,441,0,441,양재역_2
2018,1,D,발달상권,1001029,11,6,5,0,3,0,2,4,2,0,2,0,2,1,1,0,1,0,0,3,1,5,0,5,양재역_1
2018,1,D,발달상권,1001028,470,252,218,21,162,109,50,49,79,11,76,62,36,27,40,10,86,47,14,22,39,339,0,339,서울 관악구 서울대입구역_2
2018,1,D,발달상권,1001027,1474,802,672,51,383,368,224,238,210,20,123,212,151,173,123,31,260,156,73,65,87,1258,247,1011,가산디지털단지역_3
2018,1,D,발달상권,1001026,366,212,154,25,34,33,55,99,120,19,17,26,30,65,55,6,17,7,25,34,65,236,0,236,구로디지털단지역
2018,1,D,발달상권,1001025,6011,2828,3183,304,2524,1475,600,539,569,148,1048,724,323,298,287,156,1476,751,277,241,282,4646,21,4625,서울 관악구 서울대입구역_1
2018,1,D,발달상권,1001024,903,434,469,132,156,158,147,149,161,61,77,72,75,67,82,71,79,86,72,82,79,392,142,250,관악구 사당역_1
2018,1,D,발달상권,1001023,470,248,222,44,70,107,61,62,126,22,35,63,39,31,58,22,35,44,22,31,68,221,147,74,가산디지털단지역_2
2018,1,D,발달상권,1001022,938,430,508,51,237,206,114,130,200,28,89,96,53,69,95,23,148,110,61,61,105,608,0,608,관악구 사당역_2
2018,1,D,발달상권,1001021,30,19,11,2,3,6,6,7,6,1,0,3,5,5,5,1,3,3,1,2,1,24,0,24,가산디지털단지역_1
2018,1,D,발달상권,1001019,76,45,31,10,14,22,15,8,7,6,9,11,11,3,5,4,5,11,4,5,2,45,0,45,포이사거리_1
2018,1,D,발달상권,1001018,1763,974,789,172,292,417,332,280,270,102,148,229,198,164,133,70,144,188,134,116,137,1073,11,1062,포이사거리_2
2018,1,D,발달상권,1001017,301,136,165,13,90,77,37,34,50,5,35,39,18,15,24,8,55,38,19,19,26,207,111,96,관악구 사당역_3
2018,1,D,발달상권,1001016,1571,962,609,116,620,321,180,131,203,62,380,230,121,73,96,54,240,91,59,58,107,1168,0,1168,서울 관악구 대학동_1
2018,1,D,발달상권,1001015,1061,587,474,60,167,257,210,186,181,28,83,155,128,113,80,32,84,102,82,73,101,767,7,760,서울 금천구 독산1동_1
2018,1,D,발달상권,1001013,1823,872,951,511,186,287,379,198,262,268,86,122,205,86,105,243,100,165,174,112,157,586,0,586,양재 화물트럭터미널앞_2
2018,1,D,발달상권,1001012,2,2,0,0,0,0,0,1,1,0,0,0,0,1,1,0,0,0,0,0,0,2,0,2,양재 화물트럭터미널앞_1
2018,1,D,발달상권,1001011,1614,843,771,132,182,229,267,306,498,70,91,117,161,179,225,62,91,112,106,127,273,1009,31,978,서울 금천구 시흥1동_4
2018,1,A,골목상권,1001010,3324,1689,1635,410,463,596,554,594,707,213,234,321,303,299,319,197,229,275,251,295,388,1653,35,1618,풍성로37가길
2018,1,A,골목상권,1001009,4022,2015,2007,485,585,697,628,696,931,234,293,378,342,348,420,251,292,319,286,348,511,1967,82,1885,천호옛길
2018,1,A,골목상권,1001008,2108,1035,1073,203,331,361,298,383,532,100,169,181,150,188,247,103,162,180,148,195,285,1016,0,1016,천호옛14길
2018,1,A,골목상권,1001007,2379,1201,1178,351,337,300,358,489,544,184,178,155,189,252,243,167,159,145,169,237,301,1025,0,1025,천호대로219길
2018,1,A,골목상권,1001006,5074,2527,2547,782,783,800,782,908,1019,406,395,419,389,438,480,376,388,381,393,470,539,1942,690,1252,천호대로197길
2018,1,A,골목상권,1001005,2894,1420,1474,423,405,535,402,493,636,215,206,284,189,235,291,208,199,251,213,258,345,1265,101,1164,천호대로187길
2018,1,A,골목상권,1001004,4471,2219,2252,612,683,941,667,712,856,307,345,489,333,337,408,305,338,452,334,375,448,1956,320,1636,천호대로170길
2018,1,A,골목상권,1001003,2701,1363,1338,389,398,444,415,479,576,208,198,233,226,227,271,181,200,211,189,252,305,1154,372,782,천호대로162길
2018,1,A,골목상권,1001002,4625,2243,2382,699,670,763,667,775,1051,358,335,387,328,357,478,341,335,376,339,418,573,1867,209,1658,천중로51길
2018,1,A,골목상권,1001001,6968,3429,3539,1059,1018,1194,1092,1192,1413,551,505,629,544,541,659,508,513,565,548,651,754,2809,529,2280,천중로39길
2018,1,A,골목상권,1001000,1752,857,895,199,268,372,258,290,365,103,120,195,134,135,170,96,148,177,124,155,195,834,0,834,진황도로47길
2018,1,A,골목상권,1000999,7306,3666,3640,857,1017,1372,1091,1203,1766,433,479,738,590,586,840,424,538,634,501,617,926,3549,879,2670,진황도로27길
2018,1,A,골목상권,1000998,3373,1659,1714,401,413,606,540,630,783,203,206,326,272,314,338,198,207,280,268,316,445,1684,144,1540,올림픽로98길
2018,1,A,골목상권,1000997,2085,1077,1008,250,263,258,344,413,557,138,147,137,180,224,251,112,116,121,164,189,306,1057,0,1057,올림픽로80길
2018,1,A,골목상권,1000996,1952,1026,926,172,196,243,318,430,593,82,100,140,182,240,282,90,96,103,136,190,311,1161,75,1086,올림픽로78길
2018,1,A,골목상권,1000995,2558,1304,1254,293,350,467,388,484,576,148,169,263,213,245,266,145,181,204,175,239,310,1219,7,1212,올림픽로77길
2018,1,A,골목상권,1000994,2582,1295,1287,244,343,425,382,480,708,130,182,230,203,236,314,114,161,195,179,244,394,1330,0,1330,올림픽로71길
2018,1,A,골목상권,1000993,1525,727,798,257,209,282,264,211,302,136,104,127,124,106,130,121,105,155,140,105,172,630,93,537,올림픽로48길
2018,1,A,골목상권,1000992,3684,1842,1842,733,451,644,634,503,719,391,237,322,314,239,339,342,214,322,320,264,380,1392,741,651,양재대로96길
2018,1,A,골목상권,1000991,3528,1733,1795,500,560,622,532,621,693,270,287,325,270,277,304,230,273,297,262,344,389,1512,194,1318,양재대로95길
2018,1,A,골목상권,1000990,4388,2151,2237,745,609,685,721,771,857,407,322,351,351,364,356,338,287,334,370,407,501,1782,477,1305,양재대로91길
2018,1,A,골목상권,1000989,5337,2641,2696,763,785,831,769,967,1222,390,411,438,393,448,561,373,374,393,376,519,661,2188,359,1829,양재대로133길
2018,1,A,골목상권,1000988,4561,2290,2271,661,700,766,703,832,899,349,380,391,355,397,418,312,320,375,348,435,481,1915,161,1754,양재대로124길
2018,1,A,골목상권,1000987,1560,749,811,217,259,277,237,260,310,114,124,142,121,112,136,103,135,135,116,148,174,667,149,518,양재대로116길
2018,1,A,골목상권,1000986,4954,2441,2513,627,753,1114,733,783,944,338,370,574,370,342,447,289,383,540,363,441,497,2353,168,2185,양재대로101길
2018,1,A,골목상권,1000985,7098,3557,3541,1075,1000,1187,1088,1235,1513,555,517,631,558,613,683,520,483,556,530,622,830,3055,112,2943,암사길
2018,1,A,골목상권,1000984,4877,2410,2467,845,713,817,859,787,856,463,352,407,415,366,407,382,361,410,444,421,449,1895,60,1835,성안로3길
2018,1,A,골목상권,1000983,3742,1805,1937,717,518,609,634,576,688,361,265,275,319,268,317,356,253,334,315,308,371,1396,818,578,성내로5길
2018,1,A,골목상권,1000982,1392,709,683,227,229,191,197,296,252,115,139,91,96,139,129,112,90,100,101,157,123,550,0,550,상일로5길
2018,1,A,골목상권,1000981,1976,979,997,274,259,390,323,286,444,139,128,213,161,136,202,135,131,177,162,150,242,948,287,661,상암로5길
2018,1,A,골목상권,1000980,3219,1547,1672,550,473,438,531,548,679,275,239,215,251,250,317,275,234,223,280,298,362,1255,360,895,상암로51길
2018,1,A,골목상권,1000979,3364,1674,1690,482,452,739,554,552,585,240,216,373,286,275,284,242,236,366,268,277,301,1629,66,1563,상암로4길
2018,1,A,골목상권,1000978,4321,2106,2215,661,595,815,643,715,892,321,291,425,315,335,419,340,304,390,328,380,473,1760,552,1208,상암로14길
2018,1,A,골목상권,1000977,2663,1369,1294,406,426,391,400,470,570,235,226,203,210,237,258,171,200,188,190,233,312,1210,166,1044,명일로13길
2018,1,A,골목상권,1000976,3015,1559,1456,470,441,358,457,577,712,253,244,202,237,289,334,217,197,156,220,288,378,1257,0,1257,동남로85길
2018,1,A,골목상권,1000975,1878,1009,869,236,269,225,282,423,443,126,152,131,157,227,216,110,117,94,125,196,227,879,0,879,동남로82길
2018,1,A,골목상권,1000974,2730,1338,1392,531,368,319,512,477,523,281,195,173,234,234,221,250,173,146,278,243,302,1102,0,1102,동남로65길
2018,1,A,골목상권,1000973,4572,2374,2198,626,591,708,739,886,1022,333,308,383,404,463,483,293,283,325,335,423,539,2233,120,2113,구천면로42길
2018,1,A,골목상권,1000972,5445,2744,2701,761,721,893,879,984,1207,396,383,476,471,466,552,365,338,417,408,518,655,2399,356,2043,구천면로41길
2018,1,A,골목상권,1000971,2728,1407,1321,339,397,396,414,544,638,189,196,225,212,283,302,150,201,171,202,261,336,1257,0,1257,구천면로36길
2018,1,A,골목상권,1000970,1489,751,738,290,182,251,240,238,288,150,98,128,131,115,129,140,84,123,109,123,159,589,0,589,고덕로61길
2018,1,A,골목상권,1000969,1578,792,786,326,192,269,242,237,312,158,107,136,122,119,150,168,85,133,120,118,162,573,163,410,고덕로25길
2018,1,A,골목상권,1000968,2195,1089,1106,347,295,417,379,349,408,185,148,209,197,157,193,162,147,208,182,192,215,1001,79,922,고덕로10길
2018,1,A,골목상권,1000967,4187,2137,2050,792,567,621,717,731,759,480,303,327,343,339,345,312,264,294,374,392,414,1599,294,1305,강동대로53길
2018,1,A,골목상권,1000966,1810,896,914,210,226,273,245,348,508,118,115,144,139,152,228,92,111,129,106,196,280,837,0,837,풍성로25길
2018,1,A,골목상권,1000965,2763,1374,1389,581,393,414,464,445,466,308,207,204,223,207,225,273,186,210,241,238,241,1007,159,848,오금로46길
2018,1,A,골목상권,1000964,2906,1422,1484,435,519,527,467,468,490,219,253,273,226,213,238,216,266,254,241,255,252,1210,69,1141,오금로36길
2018,1,A,골목상권,1000963,4959,2357,2602,577,766,1187,744,795,890,296,369,595,368,346,383,281,397,592,376,449,507,2440,22,2418,오금로11길
2018,1,A,골목상권,1000962,2839,1381,1458,457,475,359,469,538,541,228,247,176,209,262,259,229,228,183,260,276,282,1073,435,638,양재대로72길
2018,1,A,골목상권,1000961,1574,744,830,265,232,271,237,255,314,133,110,130,102,120,149,132,122,141,135,135,165,641,41,600,양재대로71길
2018,1,A,골목상권,1000960,2627,1327,1300,397,401,477,424,445,483,196,204,237,228,219,243,201,197,240,196,226,240,1107,15,1092,양재대로64길
2018,1,A,골목상권,1000959,1599,822,777,248,212,340,276,238,285,145,102,176,139,126,134,103,110,164,137,112,151,728,262,466,양재대로62길
2018,1,A,골목상권,1000958,2907,1485,1422,393,456,451,486,567,554,208,223,237,252,284,281,185,233,214,234,283,273,1341,0,1341,송파대로30길
2018,1,A,골목상권,1000957,3206,1584,1622,498,486,614,510,516,582,269,242,302,258,238,275,229,244,312,252,278,307,1325,341,984,송이로36길
2018,1,A,골목상권,1000956,5195,2562,2633,829,849,1023,842,859,793,425,439,524,408,403,363,404,410,499,434,456,430,2209,294,1915,송이로32길
2018,1,A,골목상권,1000955,4697,2341,2356,690,769,935,730,736,837,374,384,476,350,356,401,316,385,459,380,380,436,2060,70,1990,송이로23길
2018,1,A,골목상권,1000954,6571,3093,3478,874,1142,1511,1050,957,1037,460,519,716,491,438,469,414,623,795,559,519,568,3344,12,3332,삼전로13길
2018,1,A,골목상권,1000953,8662,4261,4401,1338,1351,1644,1333,1385,1611,737,678,816,641,631,758,601,673,828,692,754,853,3628,99,3529,백제고분로50길
2018,1,A,골목상권,1000952,3205,1536,1669,504,497,680,521,477,526,255,241,329,243,228,240,249,256,351,278,249,286,1450,31,1419,백제고분로46길
2018,1,A,골목상권,1000951,4828,2323,2505,700,807,1114,713,703,791,350,385,540,355,327,366,350,422,574,358,376,425,2203,275,1928,백제고분로45길
2018,1,A,골목상권,1000950,4256,2040,2216,526,775,1028,637,613,677,282,347,495,303,285,328,244,428,533,334,328,349,2057,15,2042,백제고분로42길
2018,1,A,골목상권,1000949,3382,1567,1815,453,585,800,491,469,584,260,228,378,237,199,265,193,357,422,254,270,319,1650,0,1650,백제고분로39길
2018,1,A,골목상권,1000948,7936,3889,4047,1193,1182,1726,1325,1149,1361,640,587,877,647,542,596,553,595,849,678,607,765,3602,71,3531,백제고분로34길
2018,1,A,골목상권,1000947,6085,2885,3200,777,1056,1510,926,830,986,405,470,733,465,382,430,372,586,777,461,448,556,3016,12,3004,백제고분로33길
2018,1,A,골목상권,1000946,6684,3213,3471,1106,1002,1432,1154,934,1056,573,474,722,554,426,464,533,528,710,600,508,592,2980,60,2920,백제고분로32길
2018,1,A,골목상권,1000945,6411,2945,3466,966,977,1433,1120,877,1038,484,442,649,531,390,449,482,535,784,589,487,589,3027,9,3018,백제고분로31길
2018,1,A,골목상권,1000944,7026,3340,3686,1064,1086,1607,1202,998,1069,553,502,750,594,449,492,511,584,857,608,549,577,3268,15,3253,백제고분로22길
2018,1,A,골목상권,1000943,2463,1200,1263,279,401,606,416,384,377,149,182,287,214,201,167,130,219,319,202,183,210,1274,0,1274,백제고분로21길
2018,1,A,골목상권,1000942,4565,2309,2256,662,586,629,727,825,1136,326,292,341,389,440,521,336,294,288,338,385,615,2180,134,2046,마천로51길
2018,1,A,골목상권,1000941,3485,1655,1830,649,515,577,616,552,576,320,239,290,282,265,259,329,276,287,334,287,317,1303,432,871,동남로20길
2018,1,A,골목상권,1000940,3365,1702,1663,474,364,429,542,645,911,249,210,226,290,335,392,225,154,203,252,310,519,1632,0,1632,거마로20길
2018,1,A,골목상권,1000939,2519,1209,1310,558,320,453,542,310,336,321,147,177,258,151,155,237,173,276,284,159,181,991,670,321,학동로77길
2018,1,A,골목상권,1000938,1622,706,916,164,309,436,276,161,276,81,120,175,128,78,124,83,189,261,148,83,152,953,0,953,학동로6길
2018,1,A,골목상권,1000937,1023,490,533,182,162,187,181,128,183,91,91,87,80,56,85,91,71,100,101,72,98,432,131,301,학동로56길
2018,1,A,골목상권,1000936,1502,676,826,174,270,386,255,168,249,82,110,182,132,76,94,92,160,204,123,92,155,787,106,681,학동로38길
2018,1,A,골목상권,1000935,423,202,221,39,62,94,64,60,104,24,28,51,31,25,43,15,34,43,33,35,61,221,0,221,테헤란로81길
2018,1,A,골목상권,1000934,3339,1629,1710,569,606,557,522,518,567,315,305,259,257,237,256,254,301,298,265,281,311,1485,0,1485,일원로9길
2018,1,A,골목상권,1000933,2317,1152,1165,437,360,383,376,361,400,241,188,186,188,162,187,196,172,197,188,199,213,955,93,862,일원로3길
2018,1,A,골목상권,1000932,2521,1259,1262,395,370,320,414,440,582,233,207,161,176,224,258,162,163,159,238,216,324,1138,0,1138,영동대로65길
2018,1,A,골목상권,1000931,2002,978,1024,351,298,348,380,269,356,196,159,167,168,123,165,155,139,181,212,146,191,818,280,538,영동대로112길
2018,1,A,골목상권,1000930,3419,1639,1780,427,598,862,603,474,455,194,266,417,313,241,208,233,332,445,290,233,247,1869,249,1620,언주로81길
2018,1,A,골목상권,1000929,1025,458,567,156,174,222,190,124,159,77,75,86,92,58,70,79,99,136,98,66,89,500,62,438,압구정로2길
2018,1,A,골목상권,1000928,1668,847,821,264,254,231,262,296,361,150,143,121,122,153,158,114,111,110,140,143,203,713,23,690,선릉로18길
2018,1,A,골목상권,1000927,2080,974,1106,272,357,459,381,262,349,144,150,219,187,125,149,128,207,240,194,137,200,1084,0,1084,선릉로146길
2018,1,A,골목상권,1000926,1558,693,865,215,264,337,276,192,274,110,97,143,128,96,119,105,167,194,148,96,155,777,107,670,선릉로133길
2018,1,A,골목상권,1000925,2075,934,1141,388,327,380,376,279,325,207,127,141,178,138,143,181,200,239,198,141,182,875,119,756,선릉로132길
2018,1,A,골목상권,1000924,830,377,453,99,135,194,156,101,145,51,68,81,76,44,57,48,67,113,80,57,88,413,0,413,선릉로121길
2018,1,A,골목상권,1000923,2528,1236,1292,446,422,476,502,329,353,258,208,218,207,171,174,188,214,258,295,158,179,1165,263,902,삼성로75길
2018,1,A,골목상권,1000922,3343,1611,1732,626,555,531,723,466,442,350,269,261,318,223,190,276,286,270,405,243,252,1500,11,1489,삼성로69길
2018,1,A,골목상권,1000921,3264,1706,1558,853,471,245,827,544,324,541,251,115,358,297,144,312,220,130,469,247,180,1091,747,344,삼성로64길
2018,1,A,골목상권,1000920,4151,1958,2193,729,711,641,870,678,522,398,336,292,375,333,224,331,375,349,495,345,298,1958,46,1912,삼성로63길
2018,1,A,골목상권,1000919,1733,906,827,519,201,126,425,312,150,322,100,46,183,183,72,197,101,80,242,129,78,541,448,93,삼성로57길
2018,1,A,골목상권,1000918,1210,539,671,186,203,259,198,159,205,90,84,101,95,79,90,96,119,158,103,80,115,601,25,576,삼성로147길
2018,1,A,골목상권,1000917,2842,1326,1516,559,385,588,547,326,437,312,191,236,243,152,192,247,194,352,304,174,245,1244,139,1105,삼성로115길
2018,1,A,골목상권,1000916,1476,666,810,200,214,410,275,151,226,106,91,168,136,73,92,94,123,242,139,78,134,835,0,835,봉은사로68길
2018,1,A,골목상권,1000915,1557,697,860,234,265,352,297,184,225,133,113,144,120,93,94,101,152,208,177,91,131,796,0,796,봉은사로57길
2018,1,A,골목상권,1000914,3197,1508,1689,554,459,658,611,368,547,309,199,294,282,179,245,245,260,364,329,189,302,1403,335,1068,봉은사로43길
2018,1,A,골목상권,1000913,1248,566,682,136,213,348,228,144,179,69,95,144,107,70,81,67,118,204,121,74,98,715,0,715,봉은사로29길
2018,1,A,골목상권,1000912,2221,1067,1154,442,297,363,361,339,419,230,147,169,163,162,196,212,150,194,198,177,223,810,163,647,봉은사로109길
2018,1,A,골목상권,1000911,1986,930,1056,305,318,351,362,293,357,162,150,167,159,127,165,143,168,184,203,166,192,837,182,655,도산대로89길
2018,1,A,골목상권,1000910,1294,613,681,227,188,192,206,176,305,117,89,85,90,82,150,110,99,107,116,94,155,498,0,498,도산대로81길
2018,1,A,골목상권,1000909,2425,1123,1302,361,337,534,370,315,508,190,151,230,181,150,221,171,186,304,189,165,287,1071,479,592,도산대로50길
2018,1,A,골목상권,1000908,1019,457,562,95,183,308,163,110,160,49,71,143,86,41,67,46,112,165,77,69,93,627,0,627,도산대로38길
2018,1,A,골목상권,1000907,941,442,499,81,173,219,175,107,186,44,79,92,84,52,91,37,94,127,91,55,95,514,25,489,도산대로30길
2018,1,A,골목상권,1000906,1527,665,862,196,306,320,261,198,246,90,130,134,117,81,113,106,176,186,144,117,133,796,30,766,도산대로23길
2018,1,A,골목상권,1000905,740,323,417,98,136,177,127,83,119,45,55,74,52,46,51,53,81,103,75,37,68,390,0,390,도산대로15길
2018,1,A,골목상권,1000904,5633,2601,3032,760,880,1316,985,710,982,386,392,602,459,339,423,374,488,714,526,371,559,2821,70,2751,도곡로37길
2018,1,A,골목상권,1000903,3380,1667,1713,571,531,620,608,511,539,293,269,323,285,257,240,278,262,297,323,254,299,1503,20,1483,논현로8길
2018,1,A,골목상권,1000902,2679,1270,1409,392,411,620,462,353,441,205,187,269,234,168,207,187,224,351,228,185,234,1287,256,1031,논현로63길
2018,1,A,골목상권,1000901,86,48,38,15,10,12,13,14,22,8,7,7,6,5,15,7,3,5,7,9,7,43,0,43,논현로28길
2018,1,A,골목상권,1000900,1244,576,668,138,204,210,213,201,278,70,92,89,107,85,133,68,112,121,106,116,145,645,10,635,논현로26길
2018,1,A,골목상권,1000899,442,197,245,69,71,86,70,60,86,41,26,36,33,24,37,28,45,50,37,36,49,205,0,205,논현로159길
2018,1,A,골목상권,1000898,1433,676,757,176,218,311,242,176,310,90,100,145,122,81,138,86,118,166,120,95,172,694,3,691,논현로139길
2018,1,A,골목상권,1000897,2114,1012,1102,150,357,543,447,289,328,82,164,247,226,148,145,68,193,296,221,141,183,1461,0,1461,논현로123길
2018,1,A,골목상권,1000896,3295,1557,1738,309,667,881,495,433,510,148,296,397,271,208,237,161,371,484,224,225,273,1872,60,1812,논현로115길
2018,1,A,골목상권,1000895,1541,758,783,281,218,263,322,235,222,144,98,141,148,124,103,137,120,122,174,111,119,650,7,643,논현로10길
2018,1,A,골목상권,1000894,1985,881,1104,180,351,662,335,191,266,86,139,289,163,82,122,94,212,373,172,109,144,1220,16,1204,논현로106길
2018,1,A,골목상권,1000893,3653,1775,1878,772,505,609,699,551,517,398,247,290,331,279,230,374,258,319,368,272,287,1360,845,515,남부순환로365길
2018,1,A,골목상권,1000892,38,28,10,0,5,12,8,7,6,0,2,10,7,5,4,0,3,2,1,2,2,28,0,28,개포로82길
2018,1,A,골목상권,1000891,1947,952,995,390,289,307,411,300,250,195,149,150,189,148,121,195,140,157,222,152,129,777,28,749,개포로28길
2018,1,A,골목상권,1000890,2307,1127,1180,322,418,424,404,400,339,164,210,217,200,178,158,158,208,207,204,222,181,1055,18,1037,개포로20길
2018,1,A,골목상권,1000889,3620,1767,1853,641,523,612,655,579,610,338,261,302,298,287,281,303,262,310,357,292,329,1550,90,1460,개포로17길
2018,1,A,골목상권,1000888,1557,726,831,155,279,375,212,259,277,83,124,183,106,108,122,72,155,192,106,151,155,810,502,308,강남대로140길
2018,1,A,골목상권,1000887,1195,542,653,137,177,248,204,169,260,74,74,98,97,70,129,63,103,150,107,99,131,542,0,542,강남대로136길
2018,1,A,골목상권,1000886,1459,641,818,121,304,418,237,163,216,61,126,181,119,63,91,60,178,237,118,100,125,885,17,868,강남대로118길
2018,1,A,골목상권,1000885,2731,1327,1404,508,373,519,478,339,514,251,184,255,234,158,245,257,189,264,244,181,269,1129,140,989,서초중앙로8길
2018,1,A,골목상권,1000884,2736,1285,1451,553,386,385,529,453,430,255,170,190,232,231,207,298,216,195,297,222,223,1057,159,898,방배중앙로21길
2018,1,A,골목상권,1000883,2143,1069,1074,426,255,410,445,276,331,228,125,179,237,133,167,198,130,231,208,143,164,921,235,686,효령로72길
2018,1,A,골목상권,1000882,1528,751,777,247,200,290,257,236,298,138,96,149,122,107,139,109,104,141,135,129,159,610,324,286,효령로34길
2018,1,A,골목상권,1000881,1852,866,986,268,251,396,327,239,371,140,112,186,163,108,157,128,139,210,164,131,214,916,22,894,효령로31길
2018,1,A,골목상권,1000880,4316,2001,2315,721,688,834,718,609,746,381,311,380,316,281,332,340,377,454,402,328,414,1830,289,1541,효령로23길
2018,1,A,골목상권,1000879,4087,1938,2149,645,631,690,679,587,855,331,299,330,319,271,388,314,332,360,360,316,467,1802,51,1751,청두곶길
2018,1,A,골목상권,1000878,4069,1953,2116,281,883,1153,677,471,604,142,393,554,368,230,266,139,490,599,309,241,338,2683,19,2664,주흥길
2018,1,A,골목상권,1000877,2697,1280,1417,240,462,748,465,316,466,121,206,347,261,155,190,119,256,401,204,161,276,1649,52,1597,주흥15길
2018,1,A,골목상권,1000876,2022,1004,1018,314,315,394,380,287,332,160,163,180,198,152,151,154,152,214,182,135,181,918,14,904,언남길
2018,1,A,골목상권,1000875,2673,1265,1408,334,425,578,457,354,525,182,180,268,219,172,244,152,245,310,238,182,281,1332,103,1229,신반포로45길
2018,1,A,골목상권,1000874,4032,1966,2066,550,604,601,628,652,997,301,307,312,303,290,453,249,297,289,325,362,544,1636,0,1636,서초대로8길
2018,1,A,골목상권,1000873,1784,863,921,400,228,296,370,254,236,210,110,121,188,119,115,190,118,175,182,135,121,629,502,127,서초대로64길
2018,1,A,골목상권,1000872,3467,1613,1854,539,542,615,543,508,720,267,248,304,240,227,327,272,294,311,303,281,393,1430,180,1250,서초대로4길
2018,1,A,골목상권,1000871,1241,580,661,197,199,244,189,178,234,106,95,116,82,74,107,91,104,128,107,104,127,528,0,528,서초대로25길
2018,1,A,골목상권,1000870,2741,1274,1467,424,374,528,458,391,566,215,176,242,215,184,242,209,198,286,243,207,324,1275,314,961,서초대로23길
2018,1,A,골목상권,1000869,3693,1685,2008,618,576,725,628,506,640,289,276,306,304,232,278,329,300,419,324,274,362,1629,23,1606,서초대로15길
2018,1,A,골목상권,1000868,1243,544,699,83,263,341,195,148,213,39,103,151,92,66,93,44,160,190,103,82,120,782,0,782,사평대로57길
2018,1,A,골목상권,1000867,295,127,168,52,50,40,45,37,71,22,19,17,19,15,35,30,31,23,26,22,36,114,0,114,사평대로26길
2018,1,A,골목상권,1000866,1620,746,874,333,203,262,316,249,257,172,101,105,133,115,120,161,102,157,183,134,137,620,27,593,사평대로22길
2018,1,A,골목상권,1000865,1098,522,576,173,178,238,171,146,192,84,86,111,89,65,87,89,92,127,82,81,105,535,59,476,사임당로17길
2018,1,A,골목상권,1000864,973,452,521,227,130,142,191,130,153,107,62,65,95,60,63,120,68,77,96,70,90,364,0,364,방배로42길
2018,1,A,골목상권,1000863,1820,839,981,353,259,247,360,292,309,161,117,107,158,150,146,192,142,140,202,142,163,717,9,708,방배로35길
2018,1,A,골목상권,1000862,1674,777,897,229,287,387,255,206,310,123,116,185,122,95,136,106,171,202,133,111,174,808,17,791,방배로18길
2018,1,A,골목상권,1000861,1695,817,878,280,263,237,282,292,341,156,135,120,125,130,151,124,128,117,157,162,190,681,9,672,반포대로9길
2018,1,A,골목상권,1000860,2798,1358,1440,382,425,585,416,399,591,202,211,295,198,183,269,180,214,290,218,216,322,1261,178,1083,바우뫼로39길
2018,1,A,골목상권,1000859,1487,742,745,233,205,335,260,198,256,115,106,172,142,97,110,118,99,163,118,101,146,666,60,606,마방로2길
2018,1,A,골목상권,1000858,1158,544,614,176,205,220,175,169,213,97,87,94,94,73,99,79,118,126,81,96,114,548,0,548,방배천로4안길
2018,1,A,골목상권,1000857,1984,1000,984,297,281,463,381,274,288,149,153,244,192,138,124,148,128,219,189,136,164,910,29,881,동산로19길
2018,1,A,골목상권,1000856,3320,1646,1674,521,516,678,566,468,571,299,250,340,278,221,258,222,266,338,288,247,313,1450,27,1423,동산로10길
2018,1,A,골목상권,1000855,1674,777,897,312,211,260,321,243,327,163,94,117,143,125,135,149,117,143,178,118,192,712,6,706,동광로39길
2018,1,A,골목상권,1000854,3414,1610,1804,627,506,595,659,520,507,324,240,301,295,242,208,303,266,294,364,278,299,1440,32,1408,동광로1길
2018,1,A,골목상권,1000853,1363,611,752,286,189,195,253,190,250,118,84,93,110,97,109,168,105,102,143,93,141,538,14,524,동광로12길
2018,1,A,골목상권,1000852,1814,859,955,196,267,400,357,239,355,97,123,198,176,112,153,99,144,202,181,127,202,1009,146,863,논현로27길
2018,1,A,골목상권,1000851,3132,1522,1610,555,448,621,581,495,432,268,225,313,298,233,185,287,223,308,283,262,247,1328,89,1239,논현로1길
2018,1,A,골목상권,1000850,1473,700,773,249,203,361,265,163,232,121,92,178,130,77,102,128,111,183,135,86,130,695,63,632,남부순환로339길
2018,1,A,골목상권,1000849,2641,1286,1355,406,397,380,438,449,571,210,181,187,224,220,264,196,216,193,214,229,307,1132,232,900,남부순환로325길
2018,1,A,골목상권,1000848,1733,844,889,338,281,269,330,253,262,181,146,115,154,122,126,157,135,154,176,131,136,663,170,493,남부순환로317길
2018,1,A,골목상권,1000847,2017,954,1063,434,230,317,371,285,380,225,111,138,179,134,167,209,119,179,192,151,213,740,270,470,고무래로8길
2018,1,A,골목상권,1000846,3589,1769,1820,481,596,835,568,530,579,257,277,415,292,253,275,224,319,420,276,277,304,1758,53,1705,강남대로8길
2018,1,A,골목상권,1000845,2617,1246,1371,325,427,658,397,335,475,165,197,353,189,149,193,160,230,305,208,186,282,1301,109,1192,강남대로34길
2018,1,A,골목상권,1000844,1184,567,617,146,190,263,180,160,245,82,85,124,88,71,117,64,105,139,92,89,128,558,43,515,강남대로23길
2018,1,A,골목상권,1000843,749,409,340,49,54,92,164,144,246,33,23,45,104,90,114,16,31,47,60,54,132,526,0,526,소담길
2018,1,A,골목상권,1000842,1392,693,699,162,187,223,177,257,386,83,88,127,99,131,165,79,99,96,78,126,221,659,148,511,원신길
2018,1,A,골목상권,1000841,1840,908,932,201,220,228,282,324,585,95,118,126,159,166,244,106,102,102,123,158,341,906,0,906,양지길
2018,1,A,골목상권,1000840,1605,810,795,151,262,297,266,247,382,85,141,172,146,104,162,66,121,125,120,143,220,898,277,621,양산길
2018,1,A,골목상권,1000839,2374,1483,891,94,717,594,393,238,338,49,416,407,296,161,154,45,301,187,97,77,184,1881,0,1881,호암로24길
2018,1,A,골목상권,1000838,2863,1761,1102,166,789,670,486,329,423,91,466,456,360,189,199,75,323,214,126,140,224,1998,0,1998,호암로20길
2018,1,A,골목상권,1000837,4902,2444,2458,364,1463,1291,583,465,736,192,681,700,328,207,336,172,782,591,255,258,400,3228,0,3228,행운길
2018,1,A,골목상권,1000836,3192,1620,1572,299,649,574,420,463,787,160,317,312,227,248,356,139,332,262,193,215,431,1858,19,1839,행운1길
2018,1,A,골목상권,1000835,4351,2152,2199,558,581,633,635,709,1235,280,324,360,335,346,507,278,257,273,300,363,728,2163,407,1756,청림3길
2018,1,A,골목상권,1000834,3445,1649,1796,229,1088,788,403,379,558,117,469,411,204,182,266,112,619,377,199,197,292,2339,51,2288,청룡길
2018,1,A,골목상권,1000833,1635,812,823,214,349,317,224,188,343,108,177,166,110,92,159,106,172,151,114,96,184,906,0,906,청룡8길
2018,1,A,골목상권,1000832,3089,1521,1568,354,657,532,456,386,704,181,319,294,241,197,289,173,338,238,215,189,415,1642,51,1591,중앙길
2018,1,A,골목상권,1000831,4334,2224,2110,527,697,743,646,765,956,278,343,430,336,403,434,249,354,313,310,362,522,2303,54,2249,조원중앙로2길
2018,1,A,골목상권,1000830,1795,915,880,165,484,418,234,179,315,91,220,246,139,73,146,74,264,172,95,106,169,1138,0,1138,조원로18길
2018,1,A,골목상권,1000829,1400,723,677,111,252,287,198,233,319,49,128,161,102,127,156,62,124,126,96,106,163,831,0,831,조원로10길
2018,1,A,골목상권,1000828,1741,858,883,162,383,384,201,214,397,87,179,207,115,94,176,75,204,177,86,120,221,998,0,998,장군봉2길
2018,1,A,골목상권,1000827,918,449,469,114,125,152,113,145,269,67,60,77,66,71,108,47,65,75,47,74,161,541,54,487,장군봉1길
2018,1,A,골목상권,1000826,3061,1483,1578,399,503,598,503,411,647,207,251,300,242,193,290,192,252,298,261,218,357,1400,26,1374,인헌길
2018,1,A,골목상권,1000825,1544,760,784,304,184,278,260,213,305,147,102,145,133,111,122,157,82,133,127,102,183,607,13,594,은천로25길
2018,1,A,골목상권,1000824,4690,2294,2396,444,1063,928,584,646,1025,225,486,492,313,321,457,219,577,436,271,325,568,2625,95,2530,양녕로6길
2018,1,A,골목상권,1000823,2760,1377,1383,216,570,513,359,417,685,100,263,301,216,202,295,116,307,212,143,215,390,1626,0,1626,신원로3길
2018,1,A,골목상권,1000822,1851,944,907,161,450,397,271,225,347,85,232,213,138,117,159,76,218,184,133,108,188,1113,0,1113,신사로20길
2018,1,A,골목상권,1000821,1845,870,975,82,719,513,191,157,183,38,297,276,98,76,85,44,422,237,93,81,98,1409,23,1386,신림로65길
2018,1,A,골목상권,1000820,1608,848,760,62,581,456,182,143,184,31,251,270,112,93,91,31,330,186,70,50,93,1246,0,1246,신림로64길
2018,1,A,골목상권,1000819,2518,1320,1198,232,592,532,338,374,450,124,307,322,192,171,204,108,285,210,146,203,246,1400,0,1400,신림로48길
2018,1,A,골목상권,1000818,1982,1020,962,201,415,414,271,264,417,110,207,238,159,120,186,91,208,176,112,144,231,1090,0,1090,신림로38길
2018,1,A,골목상권,1000817,3311,1883,1428,303,822,748,470,424,544,152,455,487,284,236,269,151,367,261,186,188,275,2065,40,2025,신림로28길
2018,1,A,골목상권,1000816,4171,2454,1717,313,1161,928,628,494,647,158,671,615,429,292,289,155,490,313,199,202,358,2797,0,2797,신림로11길
2018,1,A,골목상권,1000815,3882,1974,1908,175,1349,1092,477,327,462,89,621,607,287,177,193,86,728,485,190,150,269,2998,0,2998,신림동길
2018,1,A,골목상권,1000814,3009,1431,1578,244,824,780,320,372,469,116,342,422,155,161,235,128,482,358,165,211,234,1730,94,1636,승방길
2018,1,A,골목상권,1000813,4025,2604,1421,250,1391,1021,525,341,497,142,886,741,393,205,237,108,505,280,132,136,260,2981,0,2981,서림7길
2018,1,A,골목상권,1000812,3820,1906,1914,423,680,686,566,537,928,227,324,371,309,256,419,196,356,315,257,281,509,1992,480,1512,봉천로33길
2018,1,A,골목상권,1000811,3736,1865,1871,526,626,620,545,544,875,294,325,328,276,249,393,232,301,292,269,295,482,1731,15,1716,봉천로13길
2018,1,A,골목상권,1000810,4305,2301,2004,442,1004,904,606,557,792,221,550,539,350,285,356,221,454,365,256,272,436,2466,0,2466,복은길
2018,1,A,골목상권,1000809,1407,685,722,217,225,195,230,242,298,105,110,115,108,113,134,112,115,80,122,129,164,619,0,619,법원단지길
2018,1,A,골목상권,1000808,5447,2757,2690,839,885,729,895,952,1147,457,489,377,458,448,528,382,396,352,437,504,619,2224,17,2207,법원단지9길
2018,1,A,골목상권,1000807,4132,2067,2065,612,669,622,633,728,868,310,357,334,308,357,401,302,312,288,325,371,467,1826,303,1523,미성5길
2018,1,A,골목상권,1000806,1716,1025,691,118,505,382,250,189,272,63,301,248,178,115,120,55,204,134,72,74,152,1213,0,1213,대학길
2018,1,A,골목상권,1000805,2871,1953,918,197,770,597,517,373,417,107,511,439,397,276,223,90,259,158,120,97,194,2132,14,2118,대학14길
2018,1,A,골목상권,1000804,1863,919,944,211,354,337,290,264,407,98,177,177,141,133,193,113,177,160,149,131,214,1007,0,1007,당곡길
2018,1,A,골목상권,1000803,1971,934,1037,246,404,392,275,247,407,126,171,188,141,118,190,120,233,204,134,129,217,934,199,735,남현길
2018,1,A,골목상권,1000802,1567,709,858,109,369,418,189,192,290,48,156,195,95,86,129,61,213,223,94,106,161,962,29,933,남현3길
2018,1,A,골목상권,1000801,2843,1377,1466,288,630,635,370,391,529,139,280,332,205,184,237,149,350,303,165,207,292,1517,20,1497,남현2길
2018,1,A,골목상권,1000800,1684,790,894,175,365,310,246,234,354,87,162,150,114,117,160,88,203,160,132,117,194,887,66,821,남부순환로248길
2018,1,A,골목상권,1000799,1987,1030,957,185,497,433,272,215,385,93,271,238,143,104,181,92,226,195,129,111,204,1227,21,1206,남부순환로234길
2018,1,A,골목상권,1000798,2500,1289,1211,278,531,444,384,372,491,147,293,251,189,177,232,131,238,193,195,195,259,1304,18,1286,남부순환로172길
2018,1,A,골목상권,1000797,3941,1988,1953,491,778,644,650,661,717,262,368,385,306,341,326,229,410,259,344,320,391,2001,9,1992,남부순환로161길
2018,1,A,골목상권,1000796,3389,1683,1706,386,720,667,508,492,616,203,347,360,254,224,295,183,373,307,254,268,321,1786,26,1760,남부순환로151길
2018,1,A,골목상권,1000795,3251,1628,1623,383,600,649,472,516,631,186,294,363,249,261,275,197,306,286,223,255,356,1698,28,1670,남부순환로142길
2018,1,A,골목상권,1000794,2699,1405,1294,316,359,290,456,445,833,162,197,161,252,247,386,154,162,129,204,198,447,1382,0,1382,난향길
2018,1,A,골목상권,1000793,2495,1254,1241,398,362,350,433,410,542,199,197,187,209,206,256,199,165,163,224,204,286,1073,11,1062,난우길
2018,1,A,골목상권,1000792,1861,868,993,186,447,376,246,232,374,96,191,188,123,104,166,90,256,188,123,128,208,1109,0,1109,난곡로74길
2018,1,A,골목상권,1000791,2659,1353,1306,360,433,397,422,488,559,193,220,215,228,237,260,167,213,182,194,251,299,1194,0,1194,난곡로34길
2018,1,A,골목상권,1000790,3417,1753,1664,417,550,447,530,641,832,212,282,279,286,333,361,205,268,168,244,308,471,1690,0,1690,난곡로26길
2018,1,A,골목상권,1000789,2509,1315,1194,326,319,327,403,425,709,175,183,192,221,216,328,151,136,135,182,209,381,1181,0,1181,난곡로24길
2018,1,A,골목상권,1000788,5268,2685,2583,575,1484,1230,701,507,771,285,748,661,388,250,353,290,736,569,313,257,418,3242,0,3242,낙성대역길
2018,1,A,골목상권,1000787,5607,2786,2821,840,809,913,940,890,1215,423,418,492,503,404,546,417,391,421,437,486,669,2423,32,2391,국회단지길
2018,1,A,골목상권,1000786,3115,1558,1557,478,361,340,549,523,864,251,189,172,294,270,382,227,172,168,255,253,482,1444,30,1414,구암길
2018,1,A,골목상권,1000785,4303,2124,2179,426,984,1001,552,520,820,200,478,539,298,243,366,226,506,462,254,277,454,2465,162,2303,관천로22길
2018,1,A,골목상권,1000784,4588,2331,2257,632,890,809,718,687,852,336,452,465,364,330,384,296,438,344,354,357,468,2267,10,2257,관천로15길
2018,1,A,골목상권,1000783,1943,987,956,319,291,329,314,280,410,167,161,170,161,140,188,152,130,159,153,140,222,788,488,300,관악로30길
2018,1,A,골목상권,1000782,1548,768,780,254,213,254,246,243,338,130,107,127,131,117,156,124,106,127,115,126,182,591,369,222,관악로28길
2018,1,A,골목상권,1000781,1317,645,672,103,445,256,149,131,233,52,213,134,76,73,97,51,232,122,73,58,136,857,51,806,관악로14길
2018,1,A,골목상권,1000780,4505,2266,2239,542,1234,868,618,504,739,281,597,501,328,241,318,261,637,367,290,263,421,2567,200,2367,관악로10길
2018,1,A,골목상권,1000779,1932,969,963,204,552,279,231,249,417,102,322,141,120,109,175,102,230,138,111,140,242,1057,19,1038,흑석로9길
2018,1,A,골목상권,1000778,555,290,265,71,109,74,78,88,135,36,65,46,45,38,60,35,44,28,33,50,75,264,1,263,흑석로13길
2018,1,A,골목상권,1000777,2412,1241,1171,206,468,391,333,375,639,120,252,228,179,179,283,86,216,163,154,196,356,1324,0,1324,장승배기로27길
2018,1,A,골목상권,1000776,2578,1333,1245,235,415,339,375,478,736,123,231,195,206,249,329,112,184,144,169,229,407,1354,0,1354,장승배기로19길
2018,1,A,골목상권,1000775,386,204,182,40,61,55,62,72,96,20,35,32,30,39,48,20,26,23,32,33,48,219,20,199,장승배기로10길
2018,1,A,골목상권,1000774,3269,1502,1767,822,507,402,727,446,365,353,215,189,340,247,158,469,292,213,387,199,207,1239,214,1025,여의대방로46길
2018,1,A,골목상권,1000773,2830,1342,1488,441,471,553,461,384,520,232,191,264,225,192,238,209,280,289,236,192,282,1371,244,1127,여의대방로24길
2018,1,A,골목상권,1000772,2896,1443,1453,376,565,552,437,404,562,201,266,293,208,212,263,175,299,259,229,192,299,1429,0,1429,여의대방로22카길
2018,1,A,골목상권,1000771,2578,1247,1331,410,372,416,452,384,544,212,185,198,224,191,237,198,187,218,228,193,307,1131,221,910,여의대방로22나길
2018,1,A,골목상권,1000770,2289,1141,1148,291,427,453,353,330,435,167,200,240,186,155,193,124,227,213,167,175,242,1143,181,962,여의대방로22길
2018,1,A,골목상권,1000769,1923,947,976,333,272,307,336,298,377,185,130,151,175,134,172,148,142,156,161,164,205,748,141,607,양녕로26길
2018,1,A,골목상권,1000768,4027,1953,2074,496,581,619,677,665,989,265,283,328,322,327,428,231,298,291,355,338,561,2201,0,2201,신대방길
2018,1,A,골목상권,1000767,2263,1129,1134,314,346,376,386,360,481,175,193,191,192,184,194,139,153,185,194,176,287,1011,0,1011,성대로29길
2018,1,A,골목상권,1000766,1007,511,496,97,200,196,131,175,208,51,108,100,71,86,95,46,92,96,60,89,113,578,0,578,성대로1길
2018,1,A,골목상권,1000765,695,332,363,65,120,89,94,126,201,25,62,44,52,66,83,40,58,45,42,60,118,391,0,391,서달로8가길
2018,1,A,골목상권,1000764,364,187,177,39,44,59,49,58,115,19,22,29,31,31,55,20,22,30,18,27,60,217,0,217,서달로15길
2018,1,A,골목상권,1000763,382,181,201,45,66,44,51,64,112,17,34,19,31,33,47,28,32,25,20,31,65,197,0,197,서달로14길
2018,1,A,골목상권,1000762,2866,1390,1476,306,469,426,438,481,746,150,252,217,226,238,307,156,217,209,212,243,439,1345,0,1345,서달로10길
2018,1,A,골목상권,1000761,2845,1345,1500,397,793,538,392,285,440,184,370,268,200,128,195,213,423,270,192,157,245,1575,134,1441,상도로62길
2018,1,A,골목상권,1000760,2245,1184,1061,256,645,401,291,257,395,145,384,221,140,115,179,111,261,180,151,142,216,1210,379,831,상도로61길
2018,1,A,골목상권,1000759,4087,2075,2012,542,1111,700,482,510,742,285,634,345,235,241,335,257,477,355,247,269,407,2119,120,1999,상도로47길
2018,1,A,골목상권,1000758,1330,622,708,188,345,247,171,149,230,82,160,122,90,64,104,106,185,125,81,85,126,694,0,694,상도로37길
2018,1,A,골목상권,1000757,3791,1844,1947,393,735,797,536,545,785,202,376,401,271,251,343,191,359,396,265,294,442,1983,31,1952,상도로15길
2018,1,A,골목상권,1000756,2574,1234,1340,283,460,497,393,385,556,154,216,249,198,177,240,129,244,248,195,208,316,1258,0,1258,사당로8길
2018,1,A,골목상권,1000755,1039,496,543,81,207,258,153,122,218,48,98,112,93,53,92,33,109,146,60,69,126,615,0,615,사당로30길
2018,1,A,골목상권,1000754,3370,1627,1743,530,517,624,553,465,681,280,234,302,282,216,313,250,283,322,271,249,368,1580,236,1344,사당로2차길
2018,1,A,골목상권,1000753,2621,1243,1378,284,458,501,362,446,570,138,218,239,178,221,249,146,240,262,184,225,321,1351,8,1343,사당로29길
2018,1,A,골목상권,1000752,2870,1356,1514,285,602,631,337,401,614,153,260,317,165,177,284,132,342,314,172,224,330,1489,26,1463,사당로26길
2018,1,A,골목상권,1000751,1057,541,516,130,142,170,162,164,289,69,79,97,87,82,127,61,63,73,75,82,162,503,0,503,사당로23나길
2018,1,A,골목상권,1000750,1249,594,655,250,169,210,216,167,237,128,76,92,108,82,108,122,93,118,108,85,129,432,411,21,사당로23길
2018,1,A,골목상권,1000749,2627,1244,1383,309,456,518,396,377,571,149,224,273,201,155,242,160,232,245,195,222,329,1323,0,1323,사당로20길
2018,1,A,골목상권,1000748,3517,1704,1813,429,482,639,548,513,906,210,236,345,285,249,379,219,246,294,263,264,527,1668,75,1593,사당로16길
2018,1,A,골목상권,1000747,2126,1027,1099,269,396,385,321,286,469,137,191,185,172,138,204,132,205,200,149,148,265,1004,34,970,사당로16가길
2018,1,A,골목상권,1000746,3709,1902,1807,570,710,629,533,492,775,310,404,357,266,227,338,260,306,272,267,265,437,1691,622,1069,만양로8길
2018,1,A,골목상권,1000745,873,533,340,46,309,194,84,79,161,27,212,134,59,36,65,19,97,60,25,43,96,629,0,629,만양로14길
2018,1,A,골목상권,1000744,2010,1006,1004,216,370,345,256,348,475,116,192,194,129,174,201,100,178,151,127,174,274,977,160,817,등용로14길
2018,1,A,골목상권,1000743,3286,1589,1697,240,774,720,385,465,702,139,349,349,212,216,324,101,425,371,173,249,378,1901,65,1836,동작대로7길
2018,1,A,골목상권,1000742,2560,1299,1261,337,341,440,387,433,622,193,170,243,207,204,282,144,171,197,180,229,340,1117,23,1094,동작대로35길
2018,1,A,골목상권,1000741,2623,1233,1390,252,418,468,387,396,702,138,207,232,184,161,311,114,211,236,203,235,391,1325,20,1305,동작대로33길
2018,1,A,골목상권,1000740,853,420,433,104,142,135,107,125,240,53,79,66,52,59,111,51,63,69,55,66,129,350,141,209,동작대로29길
2018,1,A,골목상권,1000739,2402,1114,1288,216,458,494,351,349,534,106,196,219,186,152,255,110,262,275,165,197,279,1396,0,1396,동작대로17길
2018,1,A,골목상권,1000738,3329,1515,1814,527,646,619,532,440,565,268,282,267,236,203,259,259,364,352,296,237,306,1485,47,1438,대방동2길
2018,1,A,골목상권,1000737,4189,2069,2120,795,743,704,789,546,612,401,362,367,401,281,257,394,381,337,388,265,355,1884,26,1858,대방동27길
2018,1,A,골목상권,1000736,3319,1661,1658,363,579,433,495,645,804,184,289,244,266,314,364,179,290,189,229,331,440,1586,18,1568,노량진로6길
2018,1,A,골목상권,1000735,3922,1886,2036,528,638,808,557,527,864,266,296,425,286,231,382,262,342,383,271,296,482,1903,15,1888,국사봉길
2018,1,A,골목상권,1000734,1230,576,654,144,269,276,169,144,228,77,108,133,77,74,107,67,161,143,92,70,121,674,0,674,국사봉2길
2018,1,A,골목상권,1000733,3307,1553,1754,361,585,600,496,494,771,181,255,315,249,226,327,180,330,285,247,268,444,1746,44,1702,국사봉1길
2018,1,A,골목상권,1000732,2734,1394,1340,264,389,514,371,494,702,132,207,267,204,250,334,132,182,247,167,244,368,1478,75,1403,영신로9길
2018,1,A,골목상권,1000731,2500,1281,1219,210,469,421,386,422,592,108,228,245,216,210,274,102,241,176,170,212,318,1511,52,1459,영등포로84길
2018,1,A,골목상권,1000730,2211,1112,1099,219,355,381,332,381,543,116,168,217,179,197,235,103,187,164,153,184,308,1191,0,1191,영등포로80길
2018,1,A,골목상권,1000729,1658,878,780,155,270,362,249,252,370,76,143,215,136,130,178,79,127,147,113,122,192,937,23,914,영등포로62길
2018,1,A,골목상권,1000728,1186,683,503,99,233,226,162,194,272,55,121,133,98,129,147,44,112,93,64,65,125,792,0,792,영등포로35길
2018,1,A,골목상권,1000727,1846,1037,809,177,277,380,279,298,435,96,142,228,177,177,217,81,135,152,102,121,218,1080,0,1080,영등포로27길
2018,1,A,골목상권,1000726,1678,827,851,169,312,276,235,286,400,79,132,159,128,148,181,90,180,117,107,138,219,940,0,940,영등포로25길
2018,1,A,골목상권,1000725,2355,1192,1163,249,311,479,389,366,561,121,158,271,201,187,254,128,153,208,188,179,307,1233,364,869,여의대방로61길
2018,1,A,골목상권,1000724,3533,1765,1768,454,502,540,568,630,839,249,246,293,295,306,376,205,256,247,273,324,463,1637,555,1082,여의대방로43나길
2018,1,A,골목상권,1000723,400,195,205,31,59,71,56,81,102,20,25,39,28,39,44,11,34,32,28,42,58,231,0,231,여의대방로39길
2018,1,A,골목상권,1000722,1565,804,761,205,216,216,251,249,428,106,118,114,132,129,205,99,98,102,119,120,223,740,25,715,여의대방로35길
2018,1,A,골목상권,1000721,3867,1973,1894,573,611,948,604,545,586,295,271,531,316,283,277,278,340,417,288,262,309,1653,715,938,양평로28길
2018,1,A,골목상권,1000720,1568,781,787,200,262,482,265,162,197,112,103,264,136,83,83,88,159,218,129,79,114,833,194,639,양평로22라길
2018,1,A,골목상권,1000719,3326,1650,1676,592,502,631,548,463,590,307,242,312,286,226,277,285,260,319,262,237,313,1278,653,625,양평로19길
2018,1,A,골목상권,1000718,3082,1535,1547,330,380,433,492,537,910,172,180,229,250,286,418,158,200,204,242,251,492,1534,0,1534,신길로60길
2018,1,A,골목상권,1000717,3059,1541,1518,368,465,409,469,560,788,191,228,234,251,287,350,177,237,175,218,273,438,1434,85,1349,신길로42길
2018,1,A,골목상권,1000716,4792,2367,2425,658,651,586,818,880,1199,347,330,319,409,439,523,311,321,267,409,441,676,2215,264,1951,신길로42가길
2018,1,A,골목상권,1000715,2078,1055,1023,257,264,236,361,398,562,133,146,132,179,207,258,124,118,104,182,191,304,1080,0,1080,신길로39길
2018,1,A,골목상권,1000714,2430,1173,1257,258,365,310,370,467,660,134,192,166,169,227,285,124,173,144,201,240,375,1165,28,1137,신길로17길
2018,1,A,골목상권,1000713,1117,579,538,156,117,185,165,183,311,96,64,97,90,87,145,60,53,88,75,96,166,486,35,451,선유서로28길
2018,1,A,골목상권,1000712,2929,1532,1397,371,423,602,491,399,643,201,219,326,283,205,298,170,204,276,208,194,345,1478,621,857,선유서로25길
2018,1,A,골목상권,1000711,1385,707,678,134,131,174,187,278,481,64,79,103,104,156,201,70,52,71,83,122,280,770,0,770,선유서로24길
2018,1,A,골목상권,1000710,2808,1432,1376,255,632,679,358,374,510,142,272,356,208,216,238,113,360,323,150,158,272,1738,33,1705,선유로55길
2018,1,A,골목상권,1000709,117,86,31,51,16,14,9,14,13,49,10,7,7,6,7,2,6,7,2,8,6,46,0,46,디지털로74길
2018,1,A,골목상권,1000708,1580,769,811,161,161,195,272,309,482,88,80,92,143,164,202,73,81,103,129,145,280,910,0,910,디지털로57길
2018,1,A,골목상권,1000707,1525,760,765,171,148,164,269,253,520,88,81,89,136,128,238,83,67,75,133,125,282,789,0,789,디지털로37길
2018,1,A,골목상권,1000706,1548,744,804,185,221,206,242,257,437,91,124,108,126,109,186,94,97,98,116,148,251,750,0,750,도신로62길
2018,1,A,골목상권,1000705,761,385,376,92,84,91,119,142,233,45,47,48,62,70,113,47,37,43,57,72,120,377,0,377,도신로60길
2018,1,A,골목상권,1000704,1711,869,842,242,248,245,307,292,377,136,133,121,154,147,178,106,115,124,153,145,199,747,87,660,도신로29길
2018,1,A,골목상권,1000703,3703,1860,1843,384,651,785,538,592,753,207,309,403,290,302,349,177,342,382,248,290,404,1872,14,1858,도신로15길
2018,1,A,골목상권,1000702,2242,1111,1131,257,346,385,287,393,574,126,177,201,149,176,282,131,169,184,138,217,292,1121,31,1090,도림천로21길
2018,1,A,골목상권,1000701,1350,700,650,192,198,160,216,266,318,103,109,88,106,142,152,89,89,72,110,124,166,599,0,599,도림로63길
2018,1,A,골목상권,1000700,384,199,185,23,54,55,40,60,152,12,28,25,28,33,73,11,26,30,12,27,79,223,0,223,도림로147길
2018,1,A,골목상권,1000699,2288,1167,1121,270,285,293,401,409,630,132,149,165,216,212,293,138,136,128,185,197,337,1117,25,1092,도림로112길
2018,1,A,골목상권,1000698,3110,1536,1574,356,452,418,498,522,864,189,219,225,249,261,393,167,233,193,249,261,471,1586,23,1563,대림로8길
2018,1,A,골목상권,1000697,1097,523,574,122,135,148,150,216,326,57,57,89,62,111,147,65,78,59,88,105,179,553,0,553,대림로7길
2018,1,A,골목상권,1000696,2420,1262,1158,383,356,310,429,466,476,207,199,163,216,247,230,176,157,147,213,219,246,1041,17,1024,대림로44길
2018,1,A,골목상권,1000695,2892,1500,1392,419,413,355,474,554,677,220,222,204,250,282,322,199,191,151,224,272,355,1215,144,1071,대림로34길
2018,1,A,골목상권,1000694,2496,1279,1217,276,321,364,450,481,604,147,162,204,229,251,286,129,159,160,221,230,318,1271,159,1112,대림로31길
2018,1,A,골목상권,1000693,2034,1068,966,196,281,332,319,380,526,109,142,196,172,209,240,87,139,136,147,171,286,1178,0,1178,대림로29길
2018,1,A,골목상권,1000692,4441,2257,2184,560,614,547,708,872,1140,295,317,297,368,443,537,265,297,250,340,429,603,1933,799,1134,대림로22길
2018,1,A,골목상권,1000691,2070,1019,1051,162,471,434,264,296,443,78,219,234,130,152,206,84,252,200,134,144,237,1209,22,1187,당산로46길
2018,1,A,골목상권,1000690,1618,783,835,143,490,431,197,152,205,70,207,248,97,68,93,73,283,183,100,84,112,1069,0,1069,당산로38길
2018,1,A,골목상권,1000689,1368,636,732,158,174,248,198,205,385,71,81,115,104,110,155,87,93,133,94,95,230,779,188,591,당산로37길
2018,1,A,골목상권,1000688,866,451,415,107,146,167,141,112,193,60,64,93,82,64,88,47,82,74,59,48,105,481,63,418,당산로31길
2018,1,A,골목상권,1000687,2430,1450,980,133,673,820,272,236,296,66,360,538,188,142,156,67,313,282,84,94,140,1791,38,1753,국회대로56길
2018,1,A,골목상권,1000686,163,122,41,4,13,14,18,36,78,1,8,11,15,29,58,3,5,3,3,7,20,135,0,135,경인로90길
2018,1,A,골목상권,1000685,149,85,64,10,9,21,22,25,62,5,6,16,13,17,28,5,3,5,9,8,34,78,0,78,경인로80길
2018,1,A,골목상권,1000684,282,167,115,9,40,50,33,55,95,4,25,30,23,38,47,5,15,20,10,17,48,200,0,200,경인로77길
2018,1,A,골목상권,1000683,2010,1033,977,253,297,229,337,401,493,135,165,126,172,220,215,118,132,103,165,181,278,930,0,930,가마산로61길
2018,1,A,골목상권,1000682,4024,2034,1990,516,622,615,634,794,843,273,312,348,301,393,407,243,310,267,333,401,436,1922,35,1887,시흥대로94길
2018,1,A,골목상권,1000681,6166,3119,3047,843,928,885,964,1187,1359,455,481,471,477,591,644,388,447,414,487,596,715,2732,104,2628,시흥대로84길
2018,1,A,골목상권,1000680,2619,1348,1271,350,347,371,398,497,656,199,174,207,215,238,315,151,173,164,183,259,341,1200,4,1196,시흥대로68길
2018,1,A,골목상권,1000679,1620,799,821,191,215,304,261,268,381,89,107,161,131,129,182,102,108,143,130,139,199,800,382,418,시흥대로63길
2018,1,A,골목상권,1000678,3211,1589,1622,435,438,429,532,613,764,221,246,223,271,296,332,214,192,206,261,317,432,1499,51,1448,시흥대로62가길
2018,1,A,골목상권,1000677,1982,1019,963,315,266,292,334,330,445,160,140,162,178,171,208,155,126,130,156,159,237,819,51,768,시흥대로36길
2018,1,A,골목상권,1000676,3575,1796,1779,537,491,537,508,611,891,273,258,284,272,296,413,264,233,253,236,315,478,1376,197,1179,시흥대로22길
2018,1,A,골목상권,1000675,2003,1096,907,194,408,453,265,354,329,102,215,269,145,198,167,92,193,184,120,156,162,1171,80,1091,시흥대로153길
2018,1,A,골목상권,1000674,4925,2508,2417,671,708,746,777,907,1116,334,374,402,410,458,530,337,334,344,367,449,586,2172,660,1512,시흥대로150길
2018,1,A,골목상권,1000673,2299,1239,1060,203,440,409,344,440,463,93,203,237,213,250,243,110,237,172,131,190,220,1453,0,1453,시흥대로141길
2018,1,A,골목상권,1000672,620,319,301,78,55,82,97,116,192,40,32,45,52,56,94,38,23,37,45,60,98,325,24,301,시흥대로138길
2018,1,A,골목상권,1000671,3345,1678,1667,417,488,446,532,691,771,209,243,233,283,359,351,208,245,213,249,332,420,1519,71,1448,시흥대로120길
2018,1,A,골목상권,1000670,1124,580,544,102,135,171,181,226,309,49,74,100,99,122,136,53,61,71,82,104,173,640,0,640,벚꽃로56길
2018,1,A,골목상권,1000669,1594,848,746,201,280,347,274,221,271,96,144,204,153,121,130,105,136,143,121,100,141,792,319,473,범안로17길
2018,1,A,골목상권,1000668,1271,712,559,96,349,429,167,104,126,41,161,273,112,62,63,55,188,156,55,42,63,910,134,776,범안로11길
2018,1,A,골목상권,1000667,3156,1589,1567,356,486,465,504,606,739,171,249,270,257,297,345,185,237,195,247,309,394,1533,55,1478,문성로5길
2018,1,A,골목상권,1000666,669,318,351,85,84,104,125,126,145,42,41,56,62,59,58,43,43,48,63,67,87,311,12,299,독산로85길
2018,1,A,골목상권,1000665,3461,1741,1720,491,485,461,545,686,793,232,256,256,266,367,364,259,229,205,279,319,429,1526,82,1444,독산로78다길
2018,1,A,골목상권,1000664,2698,1372,1326,288,338,323,497,599,653,137,175,176,250,329,305,151,163,147,247,270,348,1454,0,1454,독산로70길
2018,1,A,골목상권,1000663,2491,1273,1218,343,359,312,428,516,533,181,191,175,216,270,240,162,168,137,212,246,293,1105,15,1090,독산로64길
2018,1,A,골목상권,1000662,2412,1204,1208,357,354,347,352,467,535,190,180,176,173,219,266,167,174,171,179,248,269,881,333,548,독산로50길
2018,1,A,골목상권,1000661,2588,1290,1298,385,338,370,418,480,597,195,181,197,208,231,278,190,157,173,210,249,319,1130,36,1094,독산로40길
2018,1,A,골목상권,1000660,1985,1047,938,246,321,331,322,390,375,140,166,195,159,208,179,106,155,136,163,182,196,1008,15,993,독산로108길
2018,1,A,골목상권,1000659,2212,1292,920,127,545,497,316,383,344,58,265,321,217,232,199,69,280,176,99,151,145,1598,12,1586,남부순환로112길
2018,1,A,골목상권,1000658,4425,2247,2178,606,589,518,720,853,1139,309,314,296,365,452,511,297,275,222,355,401,628,2055,24,2031,금하로24길
2018,1,A,골목상권,1000657,2112,1087,1025,302,298,282,393,366,471,149,144,180,193,203,218,153,154,102,200,163,253,1003,0,1003,금하로1길
2018,1,A,골목상권,1000656,1778,864,914,224,248,247,283,315,461,99,116,135,139,158,217,125,132,112,144,157,244,837,29,808,금하로14길
2018,1,A,골목상권,1000655,3259,1867,1392,312,740,859,438,418,492,163,381,556,270,245,252,149,359,303,168,173,240,2069,321,1748,가산로5길
2018,1,A,골목상권,1000654,980,600,380,57,252,316,156,105,94,25,140,214,113,59,49,32,112,102,43,46,45,722,0,722,가산로3길
2018,1,A,골목상권,1000653,1213,622,591,180,196,201,185,190,261,97,97,107,96,101,124,83,99,94,89,89,137,507,190,317,중앙로1길
2018,1,A,골목상권,1000652,1581,788,793,243,220,226,231,277,384,120,122,121,123,127,175,123,98,105,108,150,209,629,119,510,중앙로15길
2018,1,A,골목상권,1000651,959,532,427,62,123,92,131,276,275,34,63,51,85,157,142,28,60,41,46,119,133,572,0,572,우마길
2018,1,A,골목상권,1000650,2215,1129,1086,301,290,311,298,363,652,163,160,177,157,180,292,138,130,134,141,183,360,1084,0,1084,오류로8길
2018,1,A,골목상권,1000649,554,278,276,62,67,67,86,106,166,24,36,31,50,58,79,38,31,36,36,48,87,259,0,259,신도림로13길
2018,1,A,골목상권,1000648,2758,1354,1404,380,425,619,372,398,564,209,195,306,185,183,276,171,230,313,187,215,288,1272,343,929,새말로18길
2018,1,A,골목상권,1000647,1456,750,706,187,177,274,219,232,367,111,82,143,123,119,172,76,95,131,96,113,195,612,63,549,부일로1길
2018,1,A,골목상권,1000646,1585,781,804,243,215,224,274,232,397,119,115,117,137,114,179,124,100,107,137,118,218,691,10,681,부일로15길
2018,1,A,골목상권,1000645,2718,1394,1324,459,408,351,490,454,556,256,220,190,224,238,266,203,188,161,266,216,290,1072,36,1036,부일로11길
2018,1,A,골목상권,1000644,1525,803,722,55,482,530,219,129,110,29,200,301,134,82,57,26,282,229,85,47,53,1239,0,1239,디지털로32길
2018,1,A,골목상권,1000643,4546,2494,2052,177,1590,1713,496,240,330,99,734,1028,334,127,172,78,856,685,162,113,158,3779,100,3679,디지털로32가길
2018,1,A,골목상권,1000642,1367,722,645,169,119,197,228,240,414,84,68,109,131,136,194,85,51,88,97,104,220,699,0,699,디지털로27길
2018,1,A,골목상권,1000641,1589,804,785,192,210,223,237,316,411,92,110,126,135,170,171,100,100,97,102,146,240,769,4,765,도림로6길
2018,1,A,골목상권,1000640,2350,1146,1204,327,290,351,387,402,593,166,155,177,194,196,258,161,135,174,193,206,335,1019,24,995,도림로12길
2018,1,A,골목상권,1000639,1296,608,688,201,143,234,176,173,369,91,66,115,83,69,184,110,77,119,93,104,185,497,454,43,남부순환로97길
2018,1,A,골목상권,1000638,3023,1483,1540,354,375,414,451,577,852,182,200,197,234,280,390,172,175,217,217,297,462,1397,252,1145,구로중앙로8길
2018,1,A,골목상권,1000637,754,376,378,71,67,98,109,139,270,40,34,51,66,66,119,31,33,47,43,73,151,393,0,393,구로중앙로7길
2018,1,A,골목상권,1000636,916,508,408,117,133,131,140,160,235,63,83,82,85,83,112,54,50,49,55,77,123,431,0,431,구로중앙로42길
2018,1,A,골목상권,1000635,1216,610,606,136,176,146,201,246,311,67,102,80,95,124,142,69,74,66,106,122,169,567,43,524,구로중앙로34길
2018,1,A,골목상권,1000634,3336,1647,1689,443,494,594,576,558,671,210,215,310,306,294,312,233,279,284,270,264,359,1669,182,1487,구로중앙로28길
2018,1,A,골목상권,1000633,880,436,444,107,114,105,142,164,248,53,50,60,72,92,109,54,64,45,70,72,139,421,9,412,구로중앙로19길
2018,1,A,골목상권,1000632,6422,3211,3211,797,849,840,992,1195,1749,423,494,433,512,566,783,374,355,407,480,629,966,2794,0,2794,구로동로8길
2018,1,A,골목상권,1000631,2804,1500,1304,329,337,328,459,558,793,188,200,180,264,283,385,141,137,148,195,275,408,1359,4,1355,구로동로7길
2018,1,A,골목상권,1000630,1973,970,1003,269,221,255,349,338,541,137,114,121,180,176,242,132,107,134,169,162,299,904,0,904,구로동로42길
2018,1,A,골목상권,1000629,2571,1332,1239,323,340,321,434,508,645,167,177,174,243,270,301,156,163,147,191,238,344,1210,0,1210,구로동로41길
2018,1,A,골목상권,1000628,2204,1085,1119,289,277,272,336,415,615,140,147,156,167,213,262,149,130,116,169,202,353,1087,19,1068,구로동로38길
2018,1,A,골목상권,1000627,2149,1079,1070,256,247,252,398,385,611,137,122,142,194,212,272,119,125,110,204,173,339,1138,43,1095,구로동로28길
2018,1,A,골목상권,1000626,1019,534,485,111,123,113,142,225,305,59,76,68,66,123,142,52,47,45,76,102,163,522,0,522,구로동로15길
2018,1,A,골목상권,1000625,2024,912,1112,221,514,512,272,210,295,90,176,253,145,104,144,131,338,259,127,106,151,1253,296,957,공원로6가길
2018,1,A,골목상권,1000624,3217,1579,1638,532,437,468,525,577,678,263,217,248,261,277,313,269,220,220,264,300,365,1276,683,593,고척로52길
2018,1,A,골목상권,1000623,4443,2194,2249,666,673,544,758,829,973,326,352,283,367,422,444,340,321,261,391,407,529,1934,39,1895,고척로27다길
2018,1,A,골목상권,1000622,2604,1334,1270,368,359,354,429,457,637,198,194,197,213,242,290,170,165,157,216,215,347,1165,0,1165,고척로27길
2018,1,A,골목상권,1000621,2635,1366,1269,398,330,353,436,454,664,217,182,196,227,243,301,181,148,157,209,211,363,1214,0,1214,고척로21나길
2018,1,A,골목상권,1000620,2100,1050,1050,298,325,298,324,360,495,139,167,154,166,184,240,159,158,144,158,176,255,871,452,419,경인로47길
2018,1,A,골목상권,1000619,3107,1588,1519,366,389,365,470,618,899,193,196,192,262,326,419,173,193,173,208,292,480,1482,0,1482,경인로35길
2018,1,A,골목상권,1000618,2002,1048,954,216,238,244,345,412,547,105,128,142,198,227,248,111,110,102,147,185,299,1072,0,1072,경인로31길
2018,1,A,골목상권,1000617,3649,1847,1802,495,475,588,583,604,904,251,248,307,323,301,417,244,227,281,260,303,487,1605,65,1540,경인로15길
2018,1,A,골목상권,1000616,3121,1527,1594,477,393,532,512,525,682,230,200,284,262,255,296,247,193,248,250,270,386,1340,43,1297,개봉로3길
2018,1,A,골목상권,1000615,2383,1136,1247,417,290,417,390,357,512,203,150,209,190,157,227,214,140,208,200,200,285,989,0,989,개봉로2길
2018,1,A,골목상권,1000614,2276,1097,1179,310,237,405,336,348,640,137,124,201,180,163,292,173,113,204,156,185,348,972,521,451,개봉로23가길
2018,1,A,골목상권,1000613,3697,1784,1913,609,491,616,531,586,864,319,240,281,268,260,416,290,251,335,263,326,448,1347,809,538,개봉로20길
2018,1,A,골목상권,1000612,2232,1125,1107,346,293,367,376,347,503,173,152,212,182,174,232,173,141,155,194,173,271,909,161,748,개봉로1길
2018,1,A,골목상권,1000611,3524,1779,1745,510,488,611,518,577,820,263,262,317,258,284,395,247,226,294,260,293,425,1574,71,1503,개봉로17다길
2018,1,A,골목상권,1000610,5849,2877,2972,927,858,944,934,987,1199,476,435,488,478,463,537,451,423,456,456,524,662,2351,78,2273,개봉로17길
2018,1,A,골목상권,1000609,5282,2613,2669,833,753,810,875,844,1167,449,382,420,430,391,541,384,371,390,445,453,626,2111,37,2074,개봉로11길
2018,1,A,골목상권,1000608,3889,1881,2008,475,775,812,575,577,675,261,286,434,289,294,317,214,489,378,286,283,358,1993,568,1425,화곡로64길
2018,1,A,골목상권,1000607,2333,1133,1200,378,371,380,353,444,407,194,193,175,161,220,190,184,178,205,192,224,217,885,424,461,화곡로59길
2018,1,A,골목상권,1000606,3186,1596,1590,451,481,685,533,467,569,244,218,384,286,206,258,207,263,301,247,261,311,1521,52,1469,화곡로44나길
2018,1,A,골목상권,1000605,4002,1934,2068,425,657,765,540,656,959,226,347,392,250,288,431,199,310,373,290,368,528,1891,23,1868,화곡로31길
2018,1,A,골목상권,1000604,3416,1683,1733,533,462,641,516,532,732,276,233,332,253,251,338,257,229,309,263,281,394,1453,69,1384,화곡로20길
2018,1,A,골목상권,1000603,3286,1595,1691,542,501,479,588,511,665,287,253,237,279,234,305,255,248,242,309,277,360,1331,130,1201,화곡로13길
2018,1,A,골목상권,1000602,3688,1883,1805,498,530,528,538,650,944,262,277,286,293,317,448,236,253,242,245,333,496,1633,21,1612,초원로16길
2018,1,A,골목상권,1000601,4951,2451,2500,944,698,976,884,667,782,505,349,510,451,310,326,439,349,466,433,357,456,2014,39,1975,초록마을로8길
2018,1,A,골목상권,1000600,2519,1287,1232,217,455,651,449,331,416,109,217,372,250,165,174,108,238,279,199,166,242,1528,23,1505,초록마을로3길
2018,1,A,골목상권,1000599,2201,1184,1017,189,386,632,335,321,338,86,191,366,202,175,164,103,195,266,133,146,174,1321,161,1160,월정로20길
2018,1,A,골목상권,1000598,5841,2774,3067,1393,786,793,1219,864,786,653,363,374,586,427,371,740,423,419,633,437,415,2027,674,1353,우장산로6길
2018,1,A,골목상권,1000597,2795,1440,1355,735,327,482,611,329,311,418,156,230,319,176,141,317,171,252,292,153,170,1025,451,574,양천로73가길
2018,1,A,골목상권,1000596,7357,3599,3758,1889,897,1015,1595,1040,921,920,478,459,810,509,423,969,419,556,785,531,498,2334,2231,103,양천로71길
2018,1,A,골목상권,1000595,1104,573,531,153,216,227,142,161,205,88,104,121,77,86,97,65,112,106,65,75,108,476,23,453,양천로49길
2018,1,A,골목상권,1000594,2239,1080,1159,479,248,426,381,315,390,237,132,198,186,157,170,242,116,228,195,158,220,807,255,552,양천로26길
2018,1,A,골목상권,1000593,3832,1947,1885,614,499,672,559,618,870,341,259,343,297,277,430,273,240,329,262,341,440,1571,472,1099,양천로24길
2018,1,A,골목상권,1000592,2889,1428,1461,500,362,459,519,444,605,254,186,246,253,216,273,246,176,213,266,228,332,1150,224,926,양천로24가길
2018,1,A,골목상권,1000591,4408,2175,2233,792,577,664,699,733,943,400,289,351,364,338,433,392,288,313,335,395,510,1594,521,1073,양천로14길
2018,1,A,골목상권,1000590,2440,1265,1175,352,314,447,472,368,487,188,152,241,259,194,231,164,162,206,213,174,256,1147,6,1141,방화대로6라길
2018,1,A,골목상권,1000589,2393,1213,1180,308,357,360,336,431,601,155,173,215,179,207,284,153,184,145,157,224,317,1152,49,1103,방화대로21길
2018,1,A,골목상권,1000588,1534,717,817,204,241,296,195,248,350,98,113,156,96,107,147,106,128,140,99,141,203,663,50,613,등촌로5길
2018,1,A,골목상권,1000587,2773,1343,1430,401,491,719,412,349,401,215,213,384,197,150,184,186,278,335,215,199,217,1264,90,1174,등촌로55길
2018,1,A,골목상권,1000586,2154,1082,1072,364,346,340,309,367,428,185,198,172,150,170,207,179,148,168,159,197,221,783,246,537,등촌로51길
2018,1,A,골목상권,1000585,3287,1690,1597,570,492,600,519,529,577,315,265,338,264,256,252,255,227,262,255,273,325,1299,97,1202,등촌로39길
2018,1,A,골목상권,1000584,3962,1956,2006,567,565,783,636,629,782,298,303,409,306,296,344,269,262,374,330,333,438,1700,27,1673,등촌로13길
2018,1,A,골목상권,1000583,4017,2063,1954,624,539,792,707,616,739,330,261,431,382,326,333,294,278,361,325,290,406,1894,49,1845,남부순환로11길
2018,1,A,골목상권,1000582,4517,2179,2338,854,596,879,784,592,812,448,273,443,400,276,339,406,323,436,384,316,473,1823,28,1795,까치산로4길
2018,1,A,골목상권,1000581,2356,1153,1203,277,347,434,346,384,568,125,177,249,173,175,254,152,170,185,173,209,314,1039,100,939,국회대로7길
2018,1,A,골목상권,1000580,3012,1530,1482,364,509,535,456,443,705,188,261,286,257,207,331,176,248,249,199,236,374,1534,11,1523,공항대로8길
2018,1,A,골목상권,1000579,2036,1018,1018,384,265,408,383,286,310,206,133,205,194,144,136,178,132,203,189,142,174,814,414,400,공항대로61길
2018,1,A,골목상권,1000578,2839,1408,1431,541,379,437,450,475,557,293,193,202,225,232,263,248,186,235,225,243,294,1065,533,532,공항대로59다길
2018,1,A,골목상권,1000577,2139,982,1157,203,440,568,326,281,321,97,168,282,159,136,140,106,272,286,167,145,181,1221,0,1221,공항대로59길
2018,1,A,골목상권,1000576,1466,734,732,233,229,268,207,231,298,129,117,149,96,110,133,104,112,119,111,121,165,653,4,649,공항대로55길
2018,1,A,골목상권,1000575,1114,538,576,238,139,173,230,164,170,108,70,87,112,79,82,130,69,86,118,85,88,417,19,398,공항대로42길
2018,1,A,골목상권,1000574,444,216,228,82,70,98,70,65,59,42,42,48,34,29,21,40,28,50,36,36,38,194,0,194,공항대로38길
2018,1,A,골목상권,1000573,2063,1028,1035,202,325,441,289,330,476,112,169,228,144,154,221,90,156,213,145,176,255,1057,14,1043,곰달래로60길
2018,1,A,골목상권,1000572,3764,1874,1890,668,495,626,689,557,729,355,255,331,333,282,318,313,240,295,356,275,411,1555,96,1459,곰달래로53길
2018,1,A,골목상권,1000571,4238,2060,2178,762,561,775,793,611,736,364,277,406,387,289,337,398,284,369,406,322,399,1714,83,1631,곰달래로47길
2018,1,A,골목상권,1000570,3447,1676,1771,716,414,694,636,429,558,373,199,344,308,195,257,343,215,350,328,234,301,1331,47,1284,곰달래로31길
2018,1,A,골목상권,1000569,3027,1447,1580,433,372,545,509,498,670,212,183,272,275,218,287,221,189,273,234,280,383,1369,30,1339,곰달래로25길
2018,1,A,골목상권,1000568,2441,1235,1206,222,625,462,312,334,486,104,287,269,168,175,232,118,338,193,144,159,254,1414,44,1370,개화동로25길
2018,1,A,골목상권,1000567,3953,1946,2007,485,524,544,589,753,1058,254,280,273,288,372,479,231,244,271,301,381,579,1915,33,1882,개화동로23길
2018,1,A,골목상권,1000566,3350,1655,1695,449,440,638,517,488,818,220,210,335,273,223,394,229,230,303,244,265,424,1503,201,1302,강서로8길
2018,1,A,골목상권,1000565,2909,1444,1465,438,373,603,449,459,587,235,182,324,233,202,268,203,191,279,216,257,319,1273,105,1168,강서로5라길
2018,1,A,골목상권,1000564,2975,1470,1505,277,630,809,410,337,512,141,259,454,220,151,245,136,371,355,190,186,267,1760,346,1414,강서로5나길
2018,1,A,골목상권,1000563,1832,935,897,181,307,410,283,250,401,96,134,218,162,126,199,85,173,192,121,124,202,1020,100,920,강서로5가길
2018,1,A,골목상권,1000562,3813,1802,2011,870,551,492,757,622,521,402,263,249,350,315,223,468,288,243,407,307,298,1350,185,1165,강서로47라길
2018,1,A,골목상권,1000561,4319,2071,2248,942,597,568,859,694,659,434,301,283,409,368,276,508,296,285,450,326,383,1589,543,1046,강서로47길
2018,1,A,골목상권,1000560,2783,1352,1431,450,390,520,450,410,563,226,192,281,224,179,250,224,198,239,226,231,313,1148,157,991,강서로45다길
2018,1,A,골목상권,1000559,1009,494,515,197,135,159,184,143,191,88,62,79,98,64,103,109,73,80,86,79,88,391,136,255,강서로45길
2018,1,A,골목상권,1000558,3847,1860,1987,478,586,698,565,687,833,244,272,367,266,336,375,234,314,331,299,351,458,1763,37,1726,강서로35길
2018,1,A,골목상권,1000557,3275,1588,1687,474,551,804,449,461,536,241,258,424,219,203,243,233,293,380,230,258,293,1487,180,1307,강서로29길
2018,1,A,골목상권,1000556,6906,3349,3557,1061,971,1365,1106,985,1418,543,463,706,549,465,623,518,508,659,557,520,795,2897,109,2788,강서로18길
2018,1,A,골목상권,1000555,3258,1639,1619,373,511,646,474,554,700,198,251,352,251,253,334,175,260,294,223,301,366,1413,138,1275,강서로17가길
2018,1,A,골목상권,1000554,5623,2803,2820,679,807,1111,838,970,1218,329,420,597,432,500,525,350,387,514,406,470,693,2776,177,2599,강서로15길
2018,1,A,골목상권,1000553,3079,1545,1534,463,452,583,465,481,635,247,236,304,246,228,284,216,216,279,219,253,351,1260,48,1212,가로공원로80길
2018,1,A,골목상권,1000552,3223,1565,1658,464,465,628,506,502,658,235,226,326,255,222,301,229,239,302,251,280,357,1404,108,1296,가로공원로76가길
2018,1,A,골목상권,1000551,1634,817,817,240,208,236,246,321,383,128,106,121,118,156,188,112,102,115,128,165,195,736,124,612,화곡로4길
2018,1,A,골목상권,1000550,3523,1759,1764,729,531,547,582,530,604,381,273,271,293,263,278,348,258,276,289,267,326,1318,473,845,화곡로3길
2018,1,A,골목상권,1000549,3552,1751,1801,512,439,513,529,614,945,255,229,292,283,270,422,257,210,221,246,344,523,1479,0,1479,지양로7길
2018,1,A,골목상권,1000548,4189,2106,2083,677,555,629,681,739,908,361,299,326,340,368,412,316,256,303,341,371,496,1655,311,1344,중앙로55길
2018,1,A,골목상권,1000547,4554,2244,2310,831,595,732,726,692,978,401,310,372,359,342,460,430,285,360,367,350,518,1671,496,1175,중앙로51길
2018,1,A,골목상권,1000546,2177,1137,1040,255,275,293,357,453,544,138,154,167,192,231,255,117,121,126,165,222,289,1059,27,1032,중앙로47길
2018,1,A,골목상권,1000545,2098,1027,1071,315,288,309,355,369,462,161,145,164,176,166,215,154,143,145,179,203,247,967,111,856,중앙로45길
2018,1,A,골목상권,1000544,922,453,469,171,106,103,187,136,219,97,48,53,90,70,95,74,58,50,97,66,124,398,11,387,중앙로36길
2018,1,A,골목상권,1000543,1089,537,552,242,151,125,197,172,202,122,79,65,88,98,85,120,72,60,109,74,117,412,70,342,중앙로32길
2018,1,A,골목상권,1000542,2678,1382,1296,330,313,346,465,508,716,181,162,188,254,262,335,149,151,158,211,246,381,1358,42,1316,중앙로25길
2018,1,A,골목상권,1000541,3283,1615,1668,532,425,538,544,515,729,273,222,270,267,245,338,259,203,268,277,270,391,1367,117,1250,은행정로7길
2018,1,A,골목상권,1000540,787,424,363,121,80,104,139,132,211,69,45,59,70,73,108,52,35,45,69,59,103,390,0,390,은행정로5길
2018,1,A,골목상권,1000539,4115,2022,2093,856,452,698,664,619,826,447,233,323,336,305,378,409,219,375,328,314,448,1493,726,767,오목로5길
2018,1,A,골목상권,1000538,3779,1870,1909,783,435,609,638,573,741,403,229,296,326,267,349,380,206,313,312,306,392,1294,686,608,오목로3길
2018,1,A,골목상권,1000537,3617,1788,1829,449,530,593,573,624,848,237,258,324,280,295,394,212,272,269,293,329,454,1617,24,1593,오목로30길
2018,1,A,골목상권,1000536,4542,2279,2263,671,642,884,768,707,870,343,326,462,376,347,425,328,316,422,392,360,445,2077,41,2036,오목로23길
2018,1,A,골목상권,1000535,2040,1039,1001,390,245,341,359,309,396,204,138,173,179,145,200,186,107,168,180,164,196,748,588,160,신월로20길
2018,1,A,골목상권,1000534,5773,2848,2925,1026,770,809,933,1000,1235,546,397,406,455,489,555,480,373,403,478,511,680,2035,680,1355,신월로15길
2018,1,A,골목상권,1000533,2439,1204,1235,466,332,314,450,414,463,257,172,153,206,216,200,209,160,161,244,198,263,981,83,898,신목로6길
2018,1,A,골목상권,1000532,2207,1100,1107,548,310,224,478,379,268,279,171,104,211,208,127,269,139,120,267,171,141,705,250,455,신목로5길
2018,1,A,골목상권,1000531,2114,1024,1090,379,350,204,387,440,354,198,181,98,175,217,155,181,169,106,212,223,199,746,255,491,신목로2길
2018,1,A,골목상권,1000530,1386,676,710,210,197,269,212,201,297,117,101,129,105,100,124,93,96,140,107,101,173,620,26,594,목동중앙서로8가길
2018,1,A,골목상권,1000529,3682,1829,1853,593,574,599,665,598,653,320,305,315,320,288,281,273,269,284,345,310,372,1565,34,1531,목동중앙서로7길
2018,1,A,골목상권,1000528,2164,1009,1155,318,312,398,331,342,463,162,157,191,164,143,192,156,155,207,167,199,271,1000,8,992,목동중앙북로8길
2018,1,A,골목상권,1000527,3354,1651,1703,435,574,828,486,468,563,240,267,422,235,225,262,195,307,406,251,243,301,1576,63,1513,목동중앙북로16길
2018,1,A,골목상권,1000526,2972,1487,1485,557,449,456,500,500,510,331,236,217,237,243,223,226,213,239,263,257,287,1139,77,1062,목동중앙본로7길
2018,1,A,골목상권,1000525,2454,1210,1244,581,342,289,484,405,353,293,187,138,221,218,153,288,155,151,263,187,200,859,86,773,목동중앙로3길
2018,1,A,골목상권,1000524,1098,575,523,173,169,247,174,147,188,105,73,138,88,81,90,68,96,109,86,66,98,535,48,487,목동중앙로13나길
2018,1,A,골목상권,1000523,2710,1371,1339,520,429,402,458,439,462,309,234,188,217,209,214,211,195,214,241,230,248,984,233,751,목동중앙남로3가길
2018,1,A,골목상권,1000522,3502,1671,1831,616,553,569,624,547,593,324,256,264,290,254,283,292,297,305,334,293,310,1376,140,1236,목동로9길
2018,1,A,골목상권,1000521,2349,1094,1255,396,332,401,383,347,490,175,155,196,180,171,217,221,177,205,203,176,273,953,60,893,목동로19길
2018,1,A,골목상권,1000520,975,449,526,231,117,110,228,159,130,107,51,53,101,88,49,124,66,57,127,71,81,369,133,236,목동동로8길
2018,1,A,골목상권,1000519,2306,1100,1206,523,325,261,458,361,378,250,159,125,208,184,174,273,166,136,250,177,204,817,361,456,목동동로12길
2018,1,A,골목상권,1000518,1269,614,655,267,183,152,238,196,233,130,86,81,110,101,106,137,97,71,128,95,127,424,167,257,목동남로4길
2018,1,A,골목상권,1000517,1738,848,890,456,195,220,383,258,226,224,99,108,179,125,113,232,96,112,204,133,113,547,511,36,남부순환로88길
2018,1,A,골목상권,1000516,792,417,375,96,88,111,114,182,201,47,53,69,59,92,97,49,35,42,55,90,104,396,97,299,남부순환로79길
2018,1,A,골목상권,1000515,4861,2432,2429,651,691,612,745,932,1230,319,384,337,371,479,542,332,307,275,374,453,688,2080,0,2080,남부순환로70길
2018,1,A,골목상권,1000514,2170,1092,1078,338,313,323,333,382,481,175,157,189,161,179,231,163,156,134,172,203,250,1004,24,980,남부순환로58길
2018,1,A,골목상권,1000513,2503,1350,1153,283,282,335,416,517,670,142,138,203,250,295,322,141,144,132,166,222,348,1319,16,1303,남부순환로40길
2018,1,A,골목상권,1000512,3817,1890,1927,520,549,602,572,693,881,252,281,339,275,334,409,268,268,263,297,359,472,1634,108,1526,남부순환로33길
2018,1,A,골목상권,1000511,3859,1974,1885,470,563,506,574,790,956,242,285,281,288,417,461,228,278,225,286,373,495,1710,222,1488,곰달래로5길
2018,1,A,골목상권,1000510,3945,2055,1890,570,513,531,679,754,898,296,295,277,363,396,428,274,218,254,316,358,470,1774,371,1403,곰달래로3길
2018,1,A,골목상권,1000509,3816,1949,1867,606,494,580,634,680,822,310,260,306,342,339,392,296,234,274,292,341,430,1568,219,1349,곰달래로2길
2018,1,A,골목상권,1000508,3439,1747,1692,483,428,574,568,602,784,243,218,308,289,311,378,240,210,266,279,291,406,1603,71,1532,곰달래로10길
2018,1,A,골목상권,1000507,2401,1286,1115,284,299,276,411,484,647,137,157,167,236,283,306,147,142,109,175,201,341,1289,0,1289,가로공원로58길
2018,1,A,골목상권,1000506,3499,1689,1810,432,586,471,612,623,775,213,272,268,293,301,342,219,314,203,319,322,433,1571,72,1499,효창원로93길
2018,1,A,골목상권,1000505,2809,1364,1445,656,307,452,617,372,405,321,143,211,320,181,188,335,164,241,297,191,217,1118,1037,81,토정로37길
2018,1,A,골목상권,1000504,1636,728,908,172,289,383,277,202,313,87,125,172,123,87,134,85,164,211,154,115,179,850,29,821,월드컵로8길
2018,1,A,골목상권,1000503,1888,858,1030,251,357,438,275,248,319,121,151,202,124,126,134,130,206,236,151,122,185,938,18,920,월드컵로7길
2018,1,A,골목상권,1000502,3857,1737,2120,505,719,773,680,505,675,248,269,341,337,249,293,257,450,432,343,256,382,2002,140,1862,월드컵로36길
2018,1,A,골목상권,1000501,3152,1522,1630,545,457,571,575,405,599,272,221,277,295,203,254,273,236,294,280,202,345,1306,324,982,월드컵로25길
2018,1,A,골목상권,1000500,1703,789,914,183,314,339,277,223,367,88,146,165,132,112,146,95,168,174,145,111,221,892,0,892,월드컵로19길
2018,1,A,골목상권,1000499,2529,1176,1353,343,424,561,427,335,439,170,192,255,196,173,190,173,232,306,231,162,249,1266,36,1230,월드컵로16길
2018,1,A,골목상권,1000498,2405,1115,1290,294,426,512,375,335,463,154,168,237,196,162,198,140,258,275,179,173,265,1265,21,1244,월드컵로11길
2018,1,A,골목상권,1000497,4164,1919,2245,550,643,740,702,691,838,269,272,321,327,343,387,281,371,419,375,348,451,2001,41,1960,월드컵로10길
2018,1,A,골목상권,1000496,1803,857,946,156,372,444,264,238,329,71,182,233,124,112,135,85,190,211,140,126,194,992,0,992,와우산로3길
2018,1,A,골목상권,1000495,818,394,424,90,150,172,153,98,155,47,71,82,76,47,71,43,79,90,77,51,84,443,47,396,와우산로29길
2018,1,A,골목상권,1000494,511,239,272,39,192,113,56,42,69,17,90,58,20,22,32,22,102,55,36,20,37,338,0,338,와우산로29가길
2018,1,A,골목상권,1000493,1340,640,700,130,224,305,200,200,281,74,101,168,104,82,111,56,123,137,96,118,170,705,59,646,양화진길
2018,1,A,골목상권,1000492,2733,1260,1473,383,489,573,461,323,504,183,211,265,229,153,219,200,278,308,232,170,285,1257,62,1195,양화로1길
2018,1,A,골목상권,1000491,732,316,416,72,139,172,119,82,148,34,51,83,50,40,58,38,88,89,69,42,90,370,0,370,양화로11길
2018,1,A,골목상권,1000490,605,296,309,60,83,67,79,117,199,29,40,37,48,59,83,31,43,30,31,58,116,366,0,366,신촌로30길
2018,1,A,골목상권,1000489,389,211,178,31,41,56,54,81,126,15,20,36,29,50,61,16,21,20,25,31,65,237,0,237,신촌로28가길
2018,1,A,골목상권,1000488,1921,924,997,145,541,410,246,215,364,77,251,207,125,112,152,68,290,203,121,103,212,1254,0,1254,신촌로12길
2018,1,A,골목상권,1000487,2806,1381,1425,352,400,331,438,488,797,178,221,174,220,249,339,174,179,157,218,239,458,1431,86,1345,숭문길
2018,1,A,골목상권,1000486,591,289,302,103,70,129,98,71,120,46,37,70,58,30,48,57,33,59,40,41,72,280,205,75,숭문8길
2018,1,A,골목상권,1000485,1043,477,566,109,209,236,139,131,219,56,86,120,68,59,88,53,123,116,71,72,131,533,0,533,성지3길
2018,1,A,골목상권,1000484,3363,1644,1719,450,535,574,543,532,729,230,254,297,282,254,327,220,281,277,261,278,402,1617,37,1580,성산로4길
2018,1,A,골목상권,1000483,1206,554,652,115,252,308,158,166,207,61,100,143,89,77,84,54,152,165,69,89,123,675,8,667,성미산로32길
2018,1,A,골목상권,1000482,3203,1502,1701,528,481,584,613,420,577,287,223,262,282,193,255,241,258,322,331,227,322,1427,79,1348,성미산로1길
2018,1,A,골목상권,1000481,3755,1799,1956,551,559,725,683,526,711,298,261,346,336,253,305,253,298,379,347,273,406,1678,72,1606,성미산로11길
2018,1,A,골목상권,1000480,1710,825,885,242,250,314,293,243,368,122,120,142,155,122,164,120,130,172,138,121,204,840,261,579,백범로16길
2018,1,A,골목상권,1000479,5569,2714,2855,981,731,1028,1006,759,1064,478,374,483,522,385,472,503,357,545,484,374,592,2344,729,1615,방울내로9안길
2018,1,A,골목상권,1000478,1963,972,991,289,317,306,356,283,412,153,153,165,186,134,181,136,164,141,170,149,231,881,92,789,모래내로7길
2018,1,A,골목상권,1000477,2934,1459,1475,384,556,565,452,388,589,202,251,301,242,210,253,182,305,264,210,178,336,1568,22,1546,매봉산로2길
2018,1,A,골목상권,1000476,4632,2210,2422,677,689,916,760,700,890,347,336,435,380,326,386,330,353,481,380,374,504,2144,121,2023,망원로2길
2018,1,A,골목상권,1000475,2336,1100,1236,367,350,361,425,323,510,178,154,190,211,156,211,189,196,171,214,167,299,991,177,814,망원로11길
2018,1,A,골목상권,1000474,2663,1296,1367,342,365,495,472,378,611,174,161,257,245,192,267,168,204,238,227,186,344,1329,22,1307,만리재옛길
2018,1,A,골목상권,1000473,869,399,470,120,157,173,124,127,168,63,65,90,56,58,67,57,92,83,68,69,101,424,196,228,마포대로4길
2018,1,A,골목상권,1000472,2116,1040,1076,276,335,437,379,311,378,144,148,216,197,162,173,132,187,221,182,149,205,1137,318,819,마포대로20길
2018,1,A,골목상권,1000471,455,215,240,74,50,82,74,63,112,35,21,43,36,35,45,39,29,39,38,28,67,218,42,176,마포대로12길
2018,1,A,골목상권,1000470,1362,639,723,109,295,332,191,158,277,56,130,155,104,80,114,53,165,177,87,78,163,821,0,821,동교로38길
2018,1,A,골목상권,1000469,2549,1166,1383,289,532,609,394,255,470,147,227,281,176,117,218,142,305,328,218,138,252,1381,10,1371,동교로27길
2018,1,A,골목상권,1000468,1329,598,731,133,308,313,184,169,222,63,128,138,90,80,99,70,180,175,94,89,123,703,22,681,동교로25길
2018,1,A,골목상권,1000467,1867,871,996,233,290,406,386,244,308,106,145,191,185,122,122,127,145,215,201,122,186,985,60,925,동교로19길
2018,1,A,골목상권,1000466,1854,866,988,236,317,431,332,234,304,133,135,189,172,108,129,103,182,242,160,126,175,945,40,905,동교로17길
2018,1,A,골목상권,1000465,1379,632,747,162,264,337,202,185,229,82,115,153,100,86,96,80,149,184,102,99,133,707,110,597,독막로8길
2018,1,A,골목상권,1000464,2847,1384,1463,407,404,476,452,435,673,205,202,251,222,214,290,202,202,225,230,221,383,1291,119,1172,독막로32길
2018,1,A,골목상권,1000463,1051,502,549,175,158,198,208,126,186,93,68,97,101,59,84,82,90,101,107,67,102,462,137,325,독막로22길
2018,1,A,골목상권,1000462,1035,466,569,142,200,227,166,122,178,71,74,103,78,68,72,71,126,124,88,54,106,580,148,432,도화길
2018,1,A,골목상권,1000461,3907,1858,2049,648,450,625,664,623,897,324,226,302,331,301,374,324,224,323,333,322,523,1670,1013,657,도화4길
2018,1,A,골목상권,1000460,1536,736,800,106,399,224,209,236,362,42,173,112,105,132,172,64,226,112,104,104,190,1009,0,1009,대흥로28길
2018,1,A,골목상권,1000459,3624,1829,1795,337,786,575,499,548,879,185,405,299,270,302,368,152,381,276,229,246,511,2124,19,2105,대흥로21길
2018,1,A,골목상권,1000458,2054,1078,976,264,482,307,326,291,384,145,286,165,168,152,162,119,196,142,158,139,222,1073,7,1066,광성로6길
2018,1,A,골목상권,1000457,3363,1567,1796,518,428,515,561,484,857,252,215,260,275,222,343,266,213,255,286,262,514,1404,27,1377,홍제내길
2018,1,A,골목상권,1000456,1133,590,543,151,144,152,180,188,318,89,74,81,101,106,139,62,70,71,79,82,179,508,37,471,홍연길
2018,1,A,골목상권,1000455,1627,820,807,199,237,200,264,286,441,109,130,109,129,136,207,90,107,91,135,150,234,753,97,656,통일로39길
2018,1,A,골목상권,1000454,1577,719,858,154,194,176,256,307,490,68,91,93,124,138,205,86,103,83,132,169,285,828,18,810,통일로37길
2018,1,A,골목상권,1000453,299,162,137,28,43,41,39,43,105,16,22,21,23,29,51,12,21,20,16,14,54,193,0,193,통일로11길
2018,1,A,골목상권,1000452,695,387,308,44,117,136,96,126,176,23,62,77,64,78,83,21,55,59,32,48,93,456,101,355,충정로6길
2018,1,A,골목상권,1000451,720,351,369,89,107,136,117,102,169,42,56,60,63,49,81,47,51,76,54,53,88,370,0,370,충정로4길
2018,1,A,골목상권,1000450,3186,1571,1615,452,469,499,492,504,770,233,240,268,254,239,337,219,229,231,238,265,433,1441,23,1418,증가로6길
2018,1,A,골목상권,1000449,5247,2523,2724,767,754,797,813,885,1231,388,378,399,400,426,532,379,376,398,413,459,699,2301,42,2259,증가로23나길
2018,1,A,골목상권,1000448,3545,1762,1783,615,615,460,634,563,658,323,308,243,322,265,301,292,307,217,312,298,357,1465,35,1430,증가로20가길
2018,1,A,골목상권,1000447,3833,1883,1950,432,674,531,607,623,966,213,318,296,301,326,429,219,356,235,306,297,537,2049,18,2031,증가로10길
2018,1,A,골목상권,1000446,3833,1848,1985,521,459,661,625,606,961,257,223,331,325,268,444,264,236,330,300,338,517,1767,0,1767,응암로1길
2018,1,A,골목상권,1000445,3231,1730,1501,296,1230,621,359,265,460,156,724,344,176,126,204,140,506,277,183,139,256,2082,19,2063,연희로10길
2018,1,A,골목상권,1000444,762,408,354,56,129,117,117,148,195,25,72,65,63,86,97,31,57,52,54,62,98,441,0,441,신촌로37길
2018,1,A,골목상권,1000443,3779,1825,1954,572,461,637,566,574,969,272,238,316,295,271,433,300,223,321,271,303,536,1559,274,1285,수색로8길
2018,1,A,골목상권,1000442,2814,1339,1475,343,409,337,416,456,853,173,203,180,209,220,354,170,206,157,207,236,499,1337,0,1337,세무서길
2018,1,A,골목상권,1000441,1521,749,772,176,204,194,262,229,456,92,112,98,140,115,192,84,92,96,122,114,264,731,0,731,세무서2길
2018,1,A,골목상권,1000440,1165,556,609,175,132,134,192,188,344,85,57,63,101,107,143,90,75,71,91,81,201,534,138,396,세검정로1길
2018,1,A,골목상권,1000439,3582,1724,1858,362,535,472,596,624,993,187,268,269,289,313,398,175,267,203,307,311,595,1865,0,1865,북아현로4길
2018,1,A,골목상권,1000438,11074,5349,5725,2553,1318,1823,2045,1481,1854,1261,657,867,1038,712,814,1292,661,956,1007,769,1040,3827,3567,260,모래내로15길
2018,1,A,골목상권,1000437,2376,1150,1226,312,524,335,339,357,509,164,250,172,160,171,233,148,274,163,179,186,276,1250,10,1240,명지대길
2018,1,A,골목상권,1000436,4159,1957,2202,620,574,655,713,585,1012,289,287,340,364,264,413,331,287,315,349,321,599,1972,336,1636,독립문로8길
2018,1,A,골목상권,1000435,2787,1358,1429,395,369,395,480,409,739,196,177,196,262,212,315,199,192,199,218,197,424,1289,0,1289,가재울로6길
2018,1,A,골목상권,1000434,5780,2911,2869,738,931,935,843,1048,1285,392,481,527,438,474,599,346,450,408,405,574,686,2589,64,2525,통일로92길
2018,1,A,골목상권,1000433,1852,882,970,235,290,315,316,266,430,119,131,163,160,121,188,116,159,152,156,145,242,853,16,837,통일로87길
2018,1,A,골목상권,1000432,4520,2169,2351,607,661,748,691,764,1049,302,335,386,332,341,473,305,326,362,359,423,576,2006,57,1949,통일로78길
2018,1,A,골목상권,1000431,1844,873,971,262,252,272,295,303,460,130,118,145,146,136,198,132,134,127,149,167,262,769,0,769,통일로69길
2018,1,A,골목상권,1000430,4307,2080,2227,710,591,711,743,652,900,364,290,332,377,312,405,346,301,379,366,340,495,1691,74,1617,진흥로1길
2018,1,A,골목상권,1000429,5845,2850,2995,781,754,945,951,944,1470,404,382,507,493,445,619,377,372,438,458,499,851,2748,30,2718,진흥로12길
2018,1,A,골목상권,1000428,1035,555,480,164,139,153,153,167,259,94,81,84,94,85,117,70,58,69,59,82,142,434,101,333,증산서길
2018,1,A,골목상권,1000427,2851,1385,1466,438,384,427,468,453,681,207,191,221,232,210,324,231,193,206,236,243,357,1181,41,1140,증산로9길
2018,1,A,골목상권,1000426,2838,1355,1483,384,355,355,466,478,800,183,177,170,237,229,359,201,178,185,229,249,441,1269,180,1089,증산로5길
2018,1,A,골목상권,1000425,5290,2572,2718,791,752,895,861,799,1192,412,382,465,419,367,527,379,370,430,442,432,665,2235,177,2058,증산로21길
2018,1,A,골목상권,1000424,2096,1012,1084,298,288,318,333,322,537,144,143,164,160,160,241,154,145,154,173,162,296,908,74,834,증산로17길
2018,1,A,골목상권,1000423,2597,1293,1304,366,314,363,435,426,693,182,164,193,235,208,311,184,150,170,200,218,382,1176,144,1032,증산로15길
2018,1,A,골목상권,1000422,2018,1037,981,235,264,252,308,418,541,118,144,135,159,219,262,117,120,117,149,199,279,915,0,915,증산로13길
2018,1,A,골목상권,1000421,2806,1349,1457,493,348,459,501,397,608,263,166,227,248,185,260,230,182,232,253,212,348,1160,61,1099,응암로34길
2018,1,A,골목상권,1000420,1795,886,909,221,222,216,277,314,545,119,126,114,150,145,232,102,96,102,127,169,313,858,3,855,응암로22길
2018,1,A,골목상권,1000419,1951,968,983,241,251,257,317,352,533,123,133,132,171,185,224,118,118,125,146,167,309,929,0,929,응암로14길
2018,1,A,골목상권,1000418,1672,823,849,177,223,317,275,256,424,99,100,170,135,131,188,78,123,147,140,125,236,865,9,856,응암로13길
2018,1,A,골목상권,1000417,1528,761,767,184,191,173,229,280,471,100,103,92,120,134,212,84,88,81,109,146,259,724,0,724,응암로12길
2018,1,A,골목상권,1000416,3496,1680,1816,625,473,681,642,429,646,325,228,331,330,198,268,300,245,350,312,231,378,1541,115,1426,은평로8길
2018,1,A,골목상권,1000415,2418,1094,1324,397,318,401,428,349,525,198,140,186,205,147,218,199,178,215,223,202,307,1027,26,1001,은평로3길
2018,1,A,골목상권,1000414,435,213,222,37,64,50,78,88,118,21,35,24,42,42,49,16,29,26,36,46,69,220,5,215,은평로20길
2018,1,A,골목상권,1000413,3253,1538,1715,497,388,513,579,519,757,248,177,256,277,243,337,249,211,257,302,276,420,1395,0,1395,은평로13길
2018,1,A,골목상권,1000412,3037,1490,1547,475,389,434,549,477,713,259,196,229,272,223,311,216,193,205,277,254,402,1275,8,1267,은평로10길
2018,1,A,골목상권,1000411,2753,1306,1447,483,383,452,461,441,533,244,170,228,229,204,231,239,213,224,232,237,302,1086,79,1007,연서로5길
2018,1,A,골목상권,1000410,4012,1952,2060,545,500,537,693,722,1015,263,269,272,359,330,459,282,231,265,334,392,556,1855,6,1849,연서로41길
2018,1,A,골목상권,1000409,3694,1762,1932,660,521,670,605,535,703,335,260,321,298,242,306,325,261,349,307,293,397,1485,47,1438,연서로3길
2018,1,A,골목상권,1000408,2911,1377,1534,398,395,423,453,482,760,196,204,217,230,215,315,202,191,206,223,267,445,1285,0,1285,연서로34길
2018,1,A,골목상권,1000407,2091,1049,1042,223,293,295,297,366,617,118,159,164,152,184,272,105,134,131,145,182,345,985,0,985,연서로33길
2018,1,A,골목상권,1000406,1049,503,546,124,170,212,149,162,232,61,82,109,71,75,105,63,88,103,78,87,127,501,0,501,연서로29길
2018,1,A,골목상권,1000405,3676,1751,1925,445,628,629,572,565,837,209,298,320,277,269,378,236,330,309,295,296,459,1854,26,1828,연서로28길
2018,1,A,골목상권,1000404,3012,1417,1595,387,447,471,500,499,708,200,207,240,243,230,297,187,240,231,257,269,411,1414,18,1396,연서로27길
2018,1,A,골목상권,1000403,4420,2104,2316,760,596,713,807,653,891,381,290,380,371,294,388,379,306,333,436,359,503,1805,34,1771,연서로21길
2018,1,A,골목상권,1000402,2344,1135,1209,337,340,348,398,416,505,160,168,183,197,196,231,177,172,165,201,220,274,1008,18,990,연서로17길
2018,1,A,골목상권,1000401,4676,2228,2448,739,590,697,786,800,1064,376,283,340,389,370,470,363,307,357,397,430,594,1955,40,1915,연서로16길
2018,1,A,골목상권,1000400,3898,1844,2054,636,553,582,699,611,817,312,240,299,332,304,357,324,313,283,367,307,460,1562,44,1518,연서로13길
2018,1,A,골목상권,1000399,3875,1850,2025,726,509,650,665,587,738,356,248,329,317,269,331,370,261,321,348,318,407,1428,77,1351,연서로11길
2018,1,A,골목상권,1000398,5759,2769,2990,849,755,927,977,912,1339,412,363,480,498,437,579,437,392,447,479,475,760,2596,9,2587,역말로9길
2018,1,A,골목상권,1000397,2246,1144,1102,265,296,252,361,423,649,148,162,143,198,227,266,117,134,109,163,196,383,1081,23,1058,수색로18길
2018,1,A,골목상권,1000396,2743,1312,1431,341,374,417,447,451,713,164,185,211,236,217,299,177,189,206,211,234,414,1295,0,1295,서오릉로8길
2018,1,A,골목상권,1000395,3885,1880,2005,628,536,580,619,634,888,313,288,291,295,292,401,315,248,289,324,342,487,1505,258,1247,서오릉로21길
2018,1,A,골목상권,1000394,5189,2538,2651,675,695,790,876,856,1297,341,350,429,456,423,539,334,345,361,420,433,758,2558,47,2511,불광천길
2018,1,A,골목상권,1000393,2691,1308,1383,445,351,382,482,440,591,246,176,182,241,195,268,199,175,200,241,245,323,1083,12,1071,갈현로7길
2018,1,A,골목상권,1000392,3186,1565,1621,421,437,387,511,572,858,237,235,205,251,270,367,184,202,182,260,302,491,1501,0,1501,갈현로41길
2018,1,A,골목상권,1000391,3676,1805,1871,652,566,516,607,610,725,339,293,273,277,288,335,313,273,243,330,322,390,1518,189,1329,갈현로33길
2018,1,A,골목상권,1000390,2446,1182,1264,421,317,393,436,393,486,208,150,212,216,199,197,213,167,181,220,194,289,966,187,779,갈현로1길
2018,1,A,골목상권,1000389,3666,1813,1853,522,512,466,589,641,936,279,263,250,292,309,420,243,249,216,297,332,516,1623,118,1505,가좌로7길
2018,1,A,골목상권,1000388,4061,2001,2060,548,544,481,682,680,1126,268,286,272,343,337,495,280,258,209,339,343,631,1912,30,1882,한글비석로44길
2018,1,A,골목상권,1000387,2412,1232,1180,291,340,297,336,439,709,156,185,176,163,223,329,135,155,121,173,216,380,1136,0,1136,한글비석로24길
2018,1,A,골목상권,1000386,1773,899,874,316,260,197,304,309,387,165,129,102,150,157,196,151,131,95,154,152,191,672,430,242,한글비석로22길
2018,1,A,골목상권,1000385,2595,1317,1278,336,357,332,395,429,746,182,190,171,205,223,346,154,167,161,190,206,400,1144,258,886,석계로1길
2018,1,A,골목상권,1000384,2575,1331,1244,341,349,341,386,441,717,188,195,187,205,227,329,153,154,154,181,214,388,1262,0,1262,상계로9가길
2018,1,A,골목상권,1000383,1230,615,615,223,185,193,223,195,211,115,98,96,106,91,109,108,87,97,117,104,102,453,310,143,상계로1길
2018,1,A,골목상권,1000382,3530,1745,1785,458,609,447,564,605,847,235,309,255,277,293,376,223,300,192,287,312,471,1602,249,1353,상계로12길
2018,1,A,골목상권,1000381,2021,993,1028,297,310,264,273,376,501,150,162,134,134,184,229,147,148,130,139,192,272,853,86,767,동일로242길
2018,1,A,골목상권,1000380,2750,1421,1329,305,772,401,309,416,547,151,409,218,167,212,264,154,363,183,142,204,283,1539,76,1463,동일로192길
2018,1,A,골목상권,1000379,3728,1873,1855,587,542,641,551,589,818,297,275,335,310,271,385,290,267,306,241,318,433,1517,407,1110,동일로173가길
2018,1,A,골목상권,1000378,1506,748,758,288,304,152,229,263,270,155,159,78,100,126,130,133,145,74,129,137,140,620,14,606,공릉로58길
2018,1,A,골목상권,1000377,2229,1079,1150,318,365,302,346,439,459,166,180,149,155,211,218,152,185,153,191,228,241,902,331,571,해등로16길
2018,1,A,골목상권,1000376,2364,1196,1168,361,336,277,381,423,586,192,185,147,180,225,267,169,151,130,201,198,319,1035,27,1008,우이천로4다길
2018,1,A,골목상권,1000375,3112,1497,1615,532,413,438,557,495,677,255,210,223,266,247,296,277,203,215,291,248,381,1247,194,1053,우이천로32길
2018,1,A,골목상권,1000374,3577,1850,1727,420,492,418,571,690,986,230,261,229,305,353,472,190,231,189,266,337,514,1652,0,1652,시루봉로23길
2018,1,A,골목상권,1000373,967,456,511,148,142,130,158,137,252,95,45,65,71,69,111,53,97,65,87,68,141,466,0,466,삼양로144길
2018,1,A,골목상권,1000372,2209,1094,1115,274,322,282,353,443,535,127,173,157,180,221,236,147,149,125,173,222,299,1004,38,966,방학로6가길
2018,1,A,골목상권,1000371,3893,1958,1935,561,526,568,568,657,1013,300,278,311,299,316,454,261,248,257,269,341,559,1709,45,1664,방학로5길
2018,1,A,골목상권,1000370,3905,1936,1969,832,526,452,728,679,688,420,287,227,328,336,338,412,239,225,400,343,350,1245,1116,129,방학로15길
2018,1,A,골목상권,1000369,1934,967,967,281,283,245,331,354,440,142,164,135,159,173,194,139,119,110,172,181,246,800,10,790,방학로10길
2018,1,A,골목상권,1000368,1789,905,884,200,225,234,269,331,530,97,118,126,151,166,247,103,107,108,118,165,283,796,191,605,도봉산길
2018,1,A,골목상권,1000367,374,191,183,24,54,51,46,81,118,13,29,30,29,41,49,11,25,21,17,40,69,205,0,205,도봉산4길
2018,1,A,골목상권,1000366,2042,1022,1020,278,240,272,301,344,607,143,126,159,154,164,276,135,114,113,147,180,331,890,14,876,도봉로181길
2018,1,A,골목상권,1000365,3066,1552,1514,337,336,436,444,556,957,174,176,233,234,280,455,163,160,203,210,276,502,1447,275,1172,도봉로169나길
2018,1,A,골목상권,1000364,1413,760,653,153,175,180,216,274,415,71,98,102,128,155,206,82,77,78,88,119,209,697,0,697,도봉로156길
2018,1,A,골목상권,1000363,706,364,342,68,89,94,75,158,222,33,52,53,41,87,98,35,37,41,34,71,124,370,0,370,도봉로152가길
2018,1,A,골목상권,1000362,3584,1751,1833,458,493,444,556,679,954,233,232,231,298,339,418,225,261,213,258,340,536,1774,0,1774,도봉로147길
2018,1,A,골목상권,1000361,1799,886,913,229,263,232,260,339,476,118,130,121,123,165,229,111,133,111,137,174,247,771,87,684,도봉로143길
2018,1,A,골목상권,1000360,5036,2433,2603,525,774,751,843,902,1241,252,389,400,430,428,534,273,385,351,413,474,707,2550,181,2369,도봉로114길
2018,1,A,골목상권,1000359,2699,1313,1386,391,357,451,419,396,685,198,176,230,216,194,299,193,181,221,203,202,386,1219,103,1116,도봉로109길
2018,1,A,골목상권,1000358,2856,1420,1436,327,384,333,492,487,833,165,188,176,247,253,391,162,196,157,245,234,442,1355,5,1350,도당로29길
2018,1,A,골목상권,1000357,3942,2041,1901,543,515,460,695,672,1057,276,277,243,371,375,499,267,238,217,324,297,558,1814,0,1814,도당로19길
2018,1,A,골목상권,1000356,3551,1832,1719,554,490,484,575,635,813,299,279,275,287,322,370,255,211,209,288,313,443,1515,9,1506,도당로13바길
2018,1,A,골목상권,1000355,1737,899,838,188,246,226,261,359,457,110,130,127,143,179,210,78,116,99,118,180,247,818,0,818,도당로13가길
2018,1,A,골목상권,1000354,2707,1339,1368,408,397,368,421,457,656,213,205,198,207,219,297,195,192,170,214,238,359,1173,0,1173,덕릉로60길
2018,1,A,골목상권,1000353,1920,934,986,284,262,274,304,357,439,156,124,135,143,165,211,128,138,139,161,192,228,753,390,363,노해로63다길
2018,1,A,골목상권,1000352,1812,890,922,184,319,326,262,315,406,99,139,174,145,143,190,85,180,152,117,172,216,924,44,880,노해로60길
2018,1,A,골목상권,1000351,1689,822,867,163,294,298,252,295,387,88,138,160,131,136,169,75,156,138,121,159,218,940,8,932,한천로140길
2018,1,A,골목상권,1000350,1518,702,816,123,273,249,215,239,419,54,126,129,108,104,181,69,147,120,107,135,238,789,0,789,한천로139가길
2018,1,A,골목상권,1000349,1727,868,859,194,270,308,294,272,389,106,131,167,144,130,190,88,139,141,150,142,199,901,0,901,한천로132길
2018,1,A,골목상권,1000348,3125,1554,1571,428,451,433,527,545,741,237,238,214,269,275,321,191,213,219,258,270,420,1479,23,1456,한천로130길
2018,1,A,골목상권,1000347,2121,1045,1076,248,287,317,348,342,579,130,133,169,190,182,241,118,154,148,158,160,338,1114,131,983,한천로124나길
2018,1,A,골목상권,1000346,3053,1483,1570,557,422,412,502,511,649,299,208,191,252,238,295,258,214,221,250,273,354,1073,627,446,한천로109길
2018,1,A,골목상권,1000345,2760,1409,1351,382,341,350,444,502,741,195,182,191,228,258,355,187,159,159,216,244,386,1279,23,1256,인수봉로79길
2018,1,A,골목상권,1000344,4216,2015,2201,608,605,565,602,734,1102,292,312,299,283,337,492,316,293,266,319,397,610,1650,469,1181,인수봉로72길
2018,1,A,골목상권,1000343,1915,909,1006,282,277,236,324,320,476,136,139,122,166,134,212,146,138,114,158,186,264,836,0,836,인수봉로56길
2018,1,A,골목상권,1000342,2065,1014,1051,191,349,392,366,326,441,99,161,200,189,160,205,92,188,192,177,166,236,1147,4,1143,오패산로67길
2018,1,A,골목상권,1000341,3006,1480,1526,381,420,393,475,492,845,210,219,213,247,218,373,171,201,180,228,274,472,1320,0,1320,오패산로52길
2018,1,A,골목상권,1000340,1369,678,691,203,162,196,225,205,378,113,82,101,115,99,168,90,80,95,110,106,210,590,0,590,오패산로30길
2018,1,A,골목상권,1000339,3395,1663,1732,394,591,576,497,524,813,211,276,315,256,243,362,183,315,261,241,281,451,1705,83,1622,수유로12길
2018,1,A,골목상권,1000338,2908,1420,1488,376,418,433,450,534,697,192,199,235,219,249,326,184,219,198,231,285,371,1296,0,1296,솔샘로65길
2018,1,A,골목상권,1000337,2125,1030,1095,298,315,301,363,335,513,156,146,162,178,158,230,142,169,139,185,177,283,1018,0,1018,솔매로50길
2018,1,A,골목상권,1000336,2080,1009,1071,237,326,298,315,372,532,130,145,150,153,190,241,107,181,148,162,182,291,1025,7,1018,솔매로45길
2018,1,A,골목상권,1000335,3348,1620,1728,393,502,454,516,630,853,199,249,256,259,287,370,194,253,198,257,343,483,1581,8,1573,솔매로41길
2018,1,A,골목상권,1000334,3150,1560,1590,482,436,396,507,532,797,258,217,222,249,253,361,224,219,174,258,279,436,1330,0,1330,삼양로93길
2018,1,A,골목상권,1000333,3254,1640,1614,467,430,447,494,559,857,245,245,233,262,267,388,222,185,214,232,292,469,1392,7,1385,삼양로77길
2018,1,A,골목상권,1000332,3785,1845,1940,482,534,565,580,670,954,249,256,295,297,340,408,233,278,270,283,330,546,1741,0,1741,삼양로54길
2018,1,A,골목상권,1000331,4380,2205,2175,519,579,521,676,823,1262,275,296,290,361,433,550,244,283,231,315,390,712,2101,32,2069,삼양로41길
2018,1,A,골목상권,1000330,1347,654,693,305,141,215,300,187,199,150,76,106,152,92,78,155,65,109,148,95,121,502,397,105,삼양로27길
2018,1,A,골목상권,1000329,3424,1705,1719,355,397,426,517,637,1092,178,213,230,268,318,498,177,184,196,249,319,594,1702,243,1459,삼양로24길
2018,1,A,골목상권,1000328,2194,1105,1089,257,342,228,337,428,602,132,196,130,174,210,263,125,146,98,163,218,339,1047,0,1047,삼양로20길
2018,1,A,골목상권,1000327,3829,1869,1960,449,616,672,552,664,876,238,317,359,256,310,389,211,299,313,296,354,487,1712,58,1654,삼각산로28길
2018,1,A,골목상권,1000326,2252,1105,1147,244,381,372,342,392,521,129,208,197,166,185,220,115,173,175,176,207,301,1078,0,1078,도봉로99길
2018,1,A,골목상권,1000325,247,123,124,19,25,41,58,41,63,10,12,23,35,22,21,9,13,18,23,19,42,142,0,142,도봉로8길
2018,1,A,골목상권,1000324,3460,1585,1875,350,676,578,487,548,821,144,254,293,257,267,370,206,422,285,230,281,451,1960,417,1543,도봉로76길
2018,1,A,골목상권,1000323,1633,787,846,199,205,250,216,289,474,102,94,129,110,135,217,97,111,121,106,154,257,806,0,806,도봉로67길
2018,1,A,골목상권,1000322,3368,1620,1748,438,469,537,564,546,814,223,202,286,293,236,380,215,267,251,271,310,434,1591,33,1558,도봉로45길
2018,1,A,골목상권,1000321,3115,1562,1553,367,398,443,493,569,845,197,198,258,250,279,380,170,200,185,243,290,465,1392,48,1344,도봉로18길
2018,1,A,골목상권,1000320,1776,898,878,207,242,242,255,346,484,108,133,137,130,174,216,99,109,105,125,172,268,831,0,831,도봉로13길
2018,1,A,골목상권,1000319,2309,1123,1186,220,457,391,339,348,554,106,213,217,168,167,252,114,244,174,171,181,302,1244,0,1244,덕릉로41길
2018,1,A,골목상권,1000318,2056,1042,1014,309,275,308,338,355,471,167,123,150,197,181,224,142,152,158,141,174,247,874,0,874,덕릉로40길
2018,1,A,골목상권,1000317,2520,1206,1314,312,355,359,366,443,685,165,191,192,167,206,285,147,164,167,199,237,400,1125,0,1125,노해로33길
2018,1,A,골목상권,1000316,1357,640,717,208,180,207,238,223,301,93,87,109,118,96,137,115,93,98,120,127,164,577,0,577,노해로23길
2018,1,A,골목상권,1000315,2665,1321,1344,340,401,390,446,452,636,172,205,212,232,218,282,168,196,178,214,234,354,1194,0,1194,노해로17길
2018,1,A,골목상권,1000314,2109,1083,1026,268,282,321,371,386,481,151,145,164,191,202,230,117,137,157,180,184,251,1054,0,1054,화랑로40길
2018,1,A,골목상권,1000313,3426,1697,1729,430,537,436,561,561,901,233,269,220,301,274,400,197,268,216,260,287,501,1642,0,1642,화랑로32길
2018,1,A,골목상권,1000312,2736,1375,1361,379,314,388,463,446,746,197,159,201,259,231,328,182,155,187,204,215,418,1235,83,1152,화랑로1길
2018,1,A,골목상권,1000311,2405,1215,1190,322,315,299,380,444,645,164,176,155,198,226,296,158,139,144,182,218,349,1032,11,1021,화랑로19길
2018,1,A,골목상권,1000310,1398,706,692,182,275,191,211,237,302,94,142,105,121,118,126,88,133,86,90,119,176,680,0,680,화랑로14길
2018,1,A,골목상권,1000309,1202,535,667,137,307,180,156,170,252,63,103,95,78,86,110,74,204,85,78,84,142,642,43,599,화랑로13길
2018,1,A,골목상권,1000308,1859,932,927,227,299,285,282,329,437,112,152,146,152,160,210,115,147,139,130,169,227,853,1,852,한천로76길
2018,1,A,골목상권,1000307,1444,727,717,318,155,183,303,211,274,144,85,92,154,117,135,174,70,91,149,94,139,539,219,320,한천로101가길
2018,1,A,골목상권,1000306,1270,558,712,142,305,232,183,177,231,69,139,95,83,86,86,73,166,137,100,91,145,726,0,726,창경궁로43길
2018,1,A,골목상권,1000305,2675,1349,1326,325,478,428,425,422,597,169,244,238,220,203,275,156,234,190,205,219,322,1307,0,1307,지봉로20길
2018,1,A,골목상권,1000304,2476,1339,1137,281,698,422,293,274,508,136,431,249,149,139,235,145,267,173,144,135,273,1391,159,1232,종암로5길
2018,1,A,골목상권,1000303,2215,1107,1108,389,275,384,371,318,478,203,147,200,187,158,212,186,128,184,184,160,266,918,453,465,종암로24가길
2018,1,A,골목상권,1000302,1714,834,880,319,248,259,306,253,329,159,124,123,160,123,145,160,124,136,146,130,184,717,303,414,종암로21길
2018,1,A,골목상권,1000301,1767,864,903,258,276,254,293,272,414,129,149,132,142,129,183,129,127,122,151,143,231,754,185,569,종암로19길
2018,1,A,골목상권,1000300,3394,1637,1757,401,460,403,492,578,1060,238,235,205,226,296,437,163,225,198,266,282,623,1769,85,1684,종암로16길
2018,1,A,골목상권,1000299,1781,894,887,214,331,281,218,286,451,105,179,155,120,147,188,109,152,126,98,139,263,915,68,847,정릉로8길
2018,1,A,골목상권,1000298,3624,1791,1833,583,477,500,587,552,925,316,257,271,276,271,400,267,220,229,311,281,525,1518,0,1518,정릉로27길
2018,1,A,골목상권,1000297,1969,965,1004,314,207,271,352,318,507,169,109,125,183,157,222,145,98,146,169,161,285,873,0,873,정릉로26길
2018,1,A,골목상권,1000296,1686,885,801,163,242,201,245,330,505,81,124,109,138,179,254,82,118,92,107,151,251,780,0,780,장위로50길
2018,1,A,골목상권,1000295,2069,957,1112,238,433,277,289,314,518,110,154,150,161,157,225,128,279,127,128,157,293,1064,275,789,장월로1길
2018,1,A,골목상권,1000294,1008,495,513,159,142,182,171,141,213,79,77,84,85,72,98,80,65,98,86,69,115,444,0,444,인촌로6길
2018,1,A,골목상권,1000293,1461,644,817,140,440,245,192,180,264,71,157,113,94,89,120,69,283,132,98,91,144,853,0,853,인촌로5길
2018,1,A,골목상권,1000292,675,387,288,55,247,115,62,78,118,28,133,78,38,46,64,27,114,37,24,32,54,459,0,459,인촌로24길
2018,1,A,골목상권,1000291,1081,549,532,99,537,138,83,76,148,48,279,81,44,36,61,51,258,57,39,40,87,801,0,801,개운사길
2018,1,A,골목상권,1000290,1107,543,564,100,236,185,165,164,257,49,100,100,95,87,112,51,136,85,70,77,145,623,0,623,인촌로1길
2018,1,A,골목상권,1000289,1613,797,816,167,500,243,236,177,290,90,268,113,111,90,125,77,232,130,125,87,165,927,0,927,인촌로17가길
2018,1,A,골목상권,1000288,2995,1442,1553,368,567,419,448,469,724,168,235,224,244,240,331,200,332,195,204,229,393,1415,0,1415,오패산로4길
2018,1,A,골목상권,1000287,3447,1704,1743,472,443,460,489,583,1000,229,239,250,261,272,453,243,204,210,228,311,547,1464,347,1117,오패산로3길
2018,1,A,골목상권,1000286,1724,864,860,182,218,218,260,338,508,97,121,111,142,168,225,85,97,107,118,170,283,847,0,847,오패산로19길
2018,1,A,골목상권,1000285,2214,1102,1112,268,425,384,366,327,444,140,220,205,188,163,186,128,205,179,178,164,258,1113,26,1087,안암로5길
2018,1,A,골목상권,1000284,2954,1319,1635,304,777,558,385,343,587,151,312,264,180,162,250,153,465,294,205,181,337,1688,14,1674,아리랑로4길
2018,1,A,골목상권,1000283,1879,920,959,265,280,265,269,309,491,131,142,142,137,164,204,134,138,123,132,145,287,810,15,795,솔샘로6길
2018,1,A,골목상권,1000282,1624,808,816,278,249,214,304,260,319,148,140,94,147,132,147,130,109,120,157,128,172,636,135,501,성북로8길
2018,1,A,골목상권,1000281,1095,537,558,115,144,129,160,195,352,52,82,73,83,102,145,63,62,56,77,93,207,531,1,530,삼양로8길
2018,1,A,골목상권,1000280,1956,988,968,283,299,272,316,319,467,147,162,150,167,159,203,136,137,122,149,160,264,925,0,925,삼선교로16가길
2018,1,A,골목상권,1000279,2256,1128,1128,254,398,336,346,368,554,133,217,176,180,179,243,121,181,160,166,189,311,1139,0,1139,삼선교로10다길
2018,1,A,골목상권,1000278,2301,1081,1220,293,438,389,330,333,518,151,213,191,160,139,227,142,225,198,170,194,291,1141,0,1141,삼선교로10길
2018,1,A,골목상권,1000277,1265,457,808,100,445,292,135,111,182,42,105,124,60,48,78,58,340,168,75,63,104,854,0,854,보문로32길
2018,1,A,골목상권,1000276,2911,1339,1572,371,623,491,445,387,594,192,272,226,226,180,243,179,351,265,219,207,351,1510,26,1484,보문로31길
2018,1,A,골목상권,1000275,1276,611,665,129,329,217,177,168,256,68,155,118,83,87,100,61,174,99,94,81,156,714,0,714,보문로26길
2018,1,A,골목상권,1000274,2537,1232,1305,283,399,398,444,415,598,151,189,211,212,197,272,132,210,187,232,218,326,1294,0,1294,보문로13길
2018,1,A,골목상권,1000273,3011,1472,1539,470,413,450,502,471,705,239,215,226,265,217,310,231,198,224,237,254,395,1246,0,1246,보국문로16길
2018,1,A,골목상권,1000272,296,138,158,31,43,37,39,53,93,15,23,15,21,27,37,16,20,22,18,26,56,154,0,154,동소문로6길
2018,1,A,골목상권,1000271,403,208,195,37,61,51,65,68,121,21,27,34,34,36,56,16,34,17,31,32,65,224,0,224,동소문로2길
2018,1,A,골목상권,1000270,2238,902,1336,180,624,371,309,244,510,76,196,154,161,101,214,104,428,217,148,143,296,1455,0,1455,동소문로26가길
2018,1,A,골목상권,1000269,1149,499,650,149,269,207,175,136,213,79,94,98,84,61,83,70,175,109,91,75,130,617,0,617,동소문로15길
2018,1,A,골목상권,1000268,2799,1294,1505,459,501,400,443,429,567,241,221,188,196,204,244,218,280,212,247,225,323,1217,432,785,동소문로13길
2018,1,A,골목상권,1000267,1358,690,668,166,184,164,182,268,394,86,95,91,103,140,175,80,89,73,79,128,219,628,0,628,돌곶이로8길
2018,1,A,골목상권,1000266,1987,1015,972,311,255,281,320,342,478,174,131,153,159,175,223,137,124,128,161,167,255,822,0,822,돌곶이로41길
2018,1,A,골목상권,1000265,1660,895,765,187,225,239,277,300,432,103,117,129,171,163,212,84,108,110,106,137,220,762,135,627,돌곶이로28길
2018,1,A,골목상권,1000264,3203,1627,1576,408,420,393,525,590,867,219,221,220,264,313,390,189,199,173,261,277,477,1458,0,1458,돌곶이로27길
2018,1,A,골목상권,1000263,1150,583,567,159,170,175,158,214,274,80,87,100,79,105,132,79,83,75,79,109,142,549,0,549,돌곶이로22길
2018,1,A,골목상권,1000262,1410,701,709,209,182,170,234,256,359,111,82,92,126,129,161,98,100,78,108,127,198,619,0,619,돌곶이로14길
2018,1,A,골목상권,1000261,301,150,151,17,23,35,42,51,133,7,12,18,23,29,61,10,11,17,19,22,72,181,0,181,길음로7길
2018,1,A,골목상권,1000260,2779,1405,1374,352,388,433,482,493,631,189,184,244,253,257,278,163,204,189,229,236,353,1336,129,1207,중랑천로10길
2018,1,A,골목상권,1000259,3357,1749,1608,453,471,453,533,663,784,231,257,250,294,336,381,222,214,203,239,327,403,1517,64,1453,용마산로94길
2018,1,A,골목상권,1000258,2032,1076,956,186,251,256,313,450,576,101,131,153,172,244,275,85,120,103,141,206,301,1174,0,1174,용마산로118길
2018,1,A,골목상권,1000257,2717,1362,1355,374,370,364,400,528,681,183,189,188,197,274,331,191,181,176,203,254,350,1191,183,1008,용마산로112길
2018,1,A,골목상권,1000256,3222,1651,1571,529,451,444,529,581,688,273,236,241,258,319,324,256,215,203,271,262,364,1424,0,1424,용마산로100길
2018,1,A,골목상권,1000255,2615,1279,1336,578,319,414,477,389,438,296,162,206,228,195,192,282,157,208,249,194,246,954,463,491,신내로7가길
2018,1,A,골목상권,1000254,3176,1575,1601,358,494,557,503,520,744,199,241,297,271,232,335,159,253,260,232,288,409,1677,0,1677,사가정로54길
2018,1,A,골목상권,1000253,3288,1623,1665,499,465,490,500,595,739,259,231,244,251,289,349,240,234,246,249,306,390,1383,571,812,사가정로42길
2018,1,A,골목상권,1000252,5388,2656,2732,954,752,820,883,898,1081,486,394,434,448,417,477,468,358,386,435,481,604,2044,466,1578,봉화산로56길
2018,1,A,골목상권,1000251,4594,2425,2169,475,601,695,727,924,1172,255,312,389,397,506,566,220,289,306,330,418,606,2326,0,2326,봉화산로4길
2018,1,A,골목상권,1000250,3152,1596,1556,448,455,548,457,548,696,227,234,300,229,287,319,221,221,248,228,261,377,1447,0,1447,봉화산로30길
2018,1,A,골목상권,1000249,1958,970,988,191,323,374,280,340,450,91,154,199,149,163,214,100,169,175,131,177,236,1003,0,1003,봉우재로33길
2018,1,A,골목상권,1000248,5499,2753,2746,701,809,876,860,988,1265,367,414,487,447,472,566,334,395,389,413,516,699,2627,23,2604,면목로78길
2018,1,A,골목상권,1000247,2893,1476,1417,350,479,388,474,576,626,189,263,210,253,274,287,161,216,178,221,302,339,1342,41,1301,면목로56길
2018,1,A,골목상권,1000246,2019,1015,1004,308,274,312,371,364,390,150,140,163,184,190,188,158,134,149,187,174,202,927,27,900,면목로55길
2018,1,A,골목상권,1000245,2939,1467,1472,309,363,523,514,504,726,175,159,280,287,246,320,134,204,243,227,258,406,1593,0,1593,면목로49길
2018,1,A,골목상권,1000244,3586,1722,1864,450,608,618,564,609,737,225,279,318,290,293,317,225,329,300,274,316,420,1716,6,1710,면목로48길
2018,1,A,골목상권,1000243,1504,769,735,161,228,263,245,246,361,78,118,144,138,130,161,83,110,119,107,116,200,771,0,771,면목로45길
2018,1,A,골목상권,1000242,2756,1376,1380,454,373,381,483,450,615,231,184,198,248,235,280,223,189,183,235,215,335,1234,0,1234,면목로33길
2018,1,A,골목상권,1000241,1892,954,938,257,276,296,308,346,409,139,142,149,172,171,181,118,134,147,136,175,228,871,0,871,면목로21길
2018,1,A,골목상권,1000240,1527,793,734,215,217,179,244,269,403,107,119,104,129,136,198,108,98,75,115,133,205,733,0,733,망우로73길
2018,1,A,골목상권,1000239,2448,1277,1171,327,360,332,386,496,547,169,209,176,202,247,274,158,151,156,184,249,273,1179,23,1156,망우로68길
2018,1,A,골목상권,1000238,3829,1943,1886,498,578,693,590,684,786,265,284,392,285,353,364,233,294,301,305,331,422,1875,20,1855,동일로163길
2018,1,A,골목상권,1000237,2558,1267,1291,274,409,454,398,426,597,135,191,252,227,200,262,139,218,202,171,226,335,1323,0,1323,동일로157길
2018,1,A,골목상권,1000236,2930,1478,1452,457,402,496,460,498,617,257,188,273,240,251,269,200,214,223,220,247,348,1313,80,1233,동일로149길
2018,1,A,골목상권,1000235,2450,1272,1178,331,361,417,342,460,539,182,200,227,188,229,246,149,161,190,154,231,293,1061,16,1045,동일로140길
2018,1,A,골목상권,1000234,2949,1496,1453,272,394,392,470,637,784,136,177,217,250,343,373,136,217,175,220,294,411,1568,0,1568,동일로139길
2018,1,A,골목상권,1000233,1898,978,920,262,283,280,286,374,413,148,151,144,161,188,186,114,132,136,125,186,227,847,163,684,동일로139가길
2018,1,A,골목상권,1000232,3511,1683,1828,493,537,603,491,635,752,230,275,302,251,291,334,263,262,301,240,344,418,1519,0,1519,동일로130길
2018,1,A,골목상권,1000231,2629,1338,1291,293,361,329,405,571,670,165,187,164,209,298,315,128,174,165,196,273,355,1331,0,1331,동일로123길
2018,1,A,골목상권,1000230,4468,2186,2282,445,803,884,646,749,941,240,377,456,340,350,423,205,426,428,306,399,518,2405,9,2396,동일로112길
2018,1,A,골목상권,1000229,3156,1570,1586,511,417,418,561,571,678,231,211,227,295,299,307,280,206,191,266,272,371,1405,150,1255,동일로101길
2018,1,A,골목상권,1000228,5488,2791,2697,722,836,900,802,1022,1206,385,421,508,401,510,566,337,415,392,401,512,640,2470,72,2398,동일로100길
2018,1,A,골목상권,1000227,2245,1119,1126,334,341,337,367,432,434,180,158,187,180,214,200,154,183,150,187,218,234,982,18,964,답십리로75길
2018,1,A,골목상권,1000226,5204,2520,2684,693,799,930,796,783,1203,341,411,446,405,353,564,352,388,484,391,430,639,2389,611,1778,공릉로2길
2018,1,A,골목상권,1000225,1269,634,635,246,171,186,219,206,241,132,93,92,108,101,108,114,78,94,111,105,133,516,37,479,공릉로12가길
2018,1,A,골목상권,1000224,5222,2618,2604,693,826,871,864,960,1008,361,427,461,431,475,463,332,399,410,433,485,545,2352,17,2335,겸재로54길
2018,1,A,골목상권,1000223,4533,2253,2280,564,616,713,799,788,1053,293,296,369,396,398,501,271,320,344,403,390,552,2378,36,2342,겸재로36길
2018,1,A,골목상권,1000222,2354,1195,1159,257,369,391,372,445,520,136,178,198,202,242,239,121,191,193,170,203,281,1220,25,1195,겸재로29길
2018,1,A,골목상권,1000221,3583,1786,1797,356,686,558,552,595,836,177,353,308,293,297,358,179,333,250,259,298,478,1937,0,1937,휘경로3길
2018,1,A,골목상권,1000220,1260,623,637,127,326,198,173,163,273,58,149,122,92,82,120,69,177,76,81,81,153,737,0,737,휘경로2길
2018,1,A,골목상권,1000219,2614,1305,1309,253,327,362,452,448,772,120,180,210,246,229,320,133,147,152,206,219,452,1499,0,1499,휘경로23길
2018,1,A,골목상권,1000218,2080,1076,1004,189,311,289,343,396,552,94,173,152,203,207,247,95,138,137,140,189,305,1108,0,1108,휘경로14길
2018,1,A,골목상권,1000217,2436,1205,1231,454,292,314,458,378,540,235,142,174,220,191,243,219,150,140,238,187,297,940,467,473,한천로46길
2018,1,A,골목상권,1000216,1827,917,910,210,238,216,298,359,506,99,127,113,156,194,228,111,111,103,142,165,278,952,0,952,한천로40길
2018,1,A,골목상권,1000215,794,392,402,122,119,106,138,149,160,59,56,57,69,71,80,63,63,49,69,78,80,347,0,347,한천로33길
2018,1,A,골목상권,1000214,3309,1714,1595,367,435,444,552,659,852,183,228,240,305,358,400,184,207,204,247,301,452,1715,60,1655,한천로14길
2018,1,A,골목상권,1000213,2837,1428,1409,460,442,529,457,411,538,239,227,256,236,198,272,221,215,273,221,213,266,1225,501,724,천호대로97길
2018,1,A,골목상권,1000212,2370,1237,1133,319,370,393,348,432,508,178,197,211,188,211,252,141,173,182,160,221,256,998,93,905,천호대로77길
2018,1,A,골목상권,1000211,2466,1280,1186,230,366,312,326,448,784,119,204,176,189,232,360,111,162,136,137,216,424,1215,10,1205,천호대로45길
2018,1,A,골목상권,1000210,2848,1431,1417,274,576,582,433,427,556,131,258,334,237,224,247,143,318,248,196,203,309,1624,32,1592,천호대로17길
2018,1,A,골목상권,1000209,310,170,140,36,36,26,47,64,101,17,14,9,34,45,51,19,22,17,13,19,50,173,0,173,천호대로12길
2018,1,A,골목상권,1000208,1346,696,650,116,673,176,108,97,176,57,368,88,57,46,80,59,305,88,51,51,96,965,0,965,천장산로7길
2018,1,A,골목상권,1000207,1017,548,469,75,172,176,153,149,292,39,94,107,94,84,130,36,78,69,59,65,162,617,0,617,제기로5길
2018,1,A,골목상권,1000206,3219,1622,1597,310,344,363,442,558,1202,145,192,217,236,289,543,165,152,146,206,269,659,1800,0,1800,제기로21길
2018,1,A,골목상권,1000205,1550,814,736,130,192,168,271,308,481,77,105,93,152,168,219,53,87,75,119,140,262,889,0,889,전농로4길
2018,1,A,골목상권,1000204,1913,956,957,270,273,244,310,332,484,138,134,130,155,183,216,132,139,114,155,149,268,882,0,882,전농로3길
2018,1,A,골목상권,1000203,2213,1109,1104,299,327,256,349,399,583,142,192,142,178,205,250,157,135,114,171,194,333,1067,0,1067,전농로29길
2018,1,A,골목상권,1000202,2299,1148,1151,329,345,424,343,390,468,176,170,212,180,181,229,153,175,212,163,209,239,952,283,669,장한로8길
2018,1,A,골목상권,1000201,2144,1079,1065,323,309,375,321,353,463,167,164,197,166,173,212,156,145,178,155,180,251,917,317,600,장한로5길
2018,1,A,골목상권,1000200,1054,559,495,127,139,167,177,201,243,73,70,100,96,99,121,54,69,67,81,102,122,542,31,511,장한로27길
2018,1,A,골목상권,1000199,1089,552,537,152,145,146,167,186,293,75,75,76,86,101,139,77,70,70,81,85,154,497,0,497,장한로27가길
2018,1,A,골목상권,1000198,2692,1345,1347,508,298,429,489,383,585,272,159,210,246,185,273,236,139,219,243,198,312,1009,271,738,장한로26길
2018,1,A,골목상권,1000197,1217,610,607,162,189,242,182,179,263,81,89,123,101,82,134,81,100,119,81,97,129,580,76,504,장한로26가길
2018,1,A,골목상권,1000196,700,357,343,94,102,123,118,127,136,57,55,64,54,63,64,37,47,59,64,64,72,301,17,284,장한로25길
2018,1,A,골목상권,1000195,1446,726,720,247,179,225,245,205,345,127,98,111,130,105,155,120,81,114,115,100,190,539,240,299,장한로14길
2018,1,A,골목상권,1000194,3552,1811,1741,421,578,501,532,601,919,210,298,297,276,317,413,211,280,204,256,284,506,1742,0,1742,이문로42길
2018,1,A,골목상권,1000193,3523,1798,1725,386,403,517,525,649,1043,187,230,280,303,345,453,199,173,237,222,304,590,1890,298,1592,왕산로43길
2018,1,A,골목상권,1000192,537,269,268,42,62,61,60,90,222,17,33,31,36,47,105,25,29,30,24,43,117,305,0,305,왕산로33길
2018,1,A,골목상권,1000191,1078,557,521,96,168,139,154,197,324,47,83,68,97,106,156,49,85,71,57,91,168,615,0,615,왕산로32길
2018,1,A,골목상권,1000190,1576,811,765,137,198,214,194,285,548,82,100,117,115,153,244,55,98,97,79,132,304,870,0,870,약령시로17길
2018,1,A,골목상권,1000189,2245,1140,1105,372,302,370,395,312,494,195,152,184,211,167,231,177,150,186,184,145,263,1004,117,887,서울시립대로4길
2018,1,A,골목상권,1000188,4422,2240,2182,523,1129,690,499,581,1000,263,612,394,264,274,433,260,517,296,235,307,567,2332,1,2331,서울시립대로29길
2018,1,A,골목상권,1000187,3413,1694,1719,456,525,383,545,672,832,235,263,237,268,329,362,221,262,146,277,343,470,1442,441,1001,서울시립대로16길
2018,1,A,골목상권,1000186,1899,958,941,280,255,297,333,304,430,138,136,149,176,168,191,142,119,148,157,136,239,880,143,737,사가정로2길
2018,1,A,골목상권,1000185,1735,870,865,249,274,265,237,349,361,131,131,156,114,173,165,118,143,109,123,176,196,685,153,532,사가정로23가길
2018,1,A,골목상권,1000184,1996,994,1002,220,248,266,290,399,573,118,135,148,148,191,254,102,113,118,142,208,319,995,145,850,사가정로13길
2018,1,A,골목상권,1000183,2075,1138,937,228,447,318,278,332,472,117,271,203,154,175,218,111,176,115,124,157,254,1083,0,1083,무학로45길
2018,1,A,골목상권,1000182,1236,636,600,169,167,168,179,232,321,92,92,91,96,117,148,77,75,77,83,115,173,572,0,572,무학로16길
2018,1,A,골목상권,1000181,569,303,266,75,72,80,74,97,171,45,41,43,39,51,84,30,31,37,35,46,87,242,108,134,망우로21길
2018,1,A,골목상권,1000180,1477,717,760,190,434,232,187,155,279,86,220,122,97,75,117,104,214,110,90,80,162,840,0,840,망우로18길
2018,1,A,골목상권,1000179,2585,1335,1250,271,771,345,311,341,546,143,426,194,159,159,254,128,345,151,152,182,292,1448,0,1448,망우로18가길
2018,1,A,골목상권,1000178,1248,621,627,183,198,226,205,204,232,95,99,107,108,96,116,88,99,119,97,108,116,562,19,543,답십리로72길
2018,1,A,골목상권,1000177,1910,1001,909,334,232,307,318,302,417,173,140,158,173,153,204,161,92,149,145,149,213,765,239,526,답십리로69길
2018,1,A,골목상권,1000176,3319,1689,1630,420,503,720,546,571,559,229,261,380,274,274,271,191,242,340,272,297,288,1576,77,1499,답십리로68길
2018,1,A,골목상권,1000175,2909,1441,1468,402,389,445,485,540,648,196,198,247,254,254,292,206,191,198,231,286,356,1390,33,1357,답십리로64길
2018,1,A,골목상권,1000174,1438,729,709,186,210,192,225,261,364,88,116,111,117,131,166,98,94,81,108,130,198,645,0,645,답십리로63길
2018,1,A,골목상권,1000173,2043,1037,1006,257,316,254,300,383,533,130,166,135,158,202,246,127,150,119,142,181,287,860,226,634,답십리로60길
2018,1,A,골목상권,1000172,3879,1912,1967,490,511,506,623,698,1051,239,284,257,325,343,464,251,227,249,298,355,587,1777,480,1297,답십리로56길
2018,1,A,골목상권,1000171,2164,1072,1092,298,338,310,332,376,510,170,174,153,157,188,230,128,164,157,175,188,280,1029,79,950,답십리로23길
2018,1,A,골목상권,1000170,247,149,98,37,32,35,41,38,64,23,15,23,26,22,40,14,17,12,15,16,24,117,0,117,난계로30길
2018,1,A,골목상권,1000169,1272,638,634,142,386,182,169,149,244,65,197,102,87,74,113,77,189,80,82,75,131,778,0,778,경희대로4길
2018,1,A,골목상권,1000168,602,295,307,54,228,102,53,59,106,28,106,52,27,32,50,26,122,50,26,27,56,406,0,406,경희대로3길
2018,1,A,골목상권,1000167,3432,1647,1785,523,536,576,550,557,690,270,265,284,258,258,312,253,271,292,292,299,378,1389,21,1368,천호대로129길
2018,1,A,골목상권,1000166,3090,1512,1578,464,499,532,474,557,564,245,260,257,226,271,253,219,239,275,248,286,311,1309,0,1309,천호대로123길
2018,1,A,골목상권,1000165,3601,1731,1870,445,623,769,543,562,659,230,290,372,262,262,315,215,333,397,281,300,344,1734,16,1718,천호대로109길
2018,1,A,골목상권,1000164,4202,2127,2075,673,674,615,695,732,813,344,361,318,357,366,381,329,313,297,338,366,432,1824,165,1659,자양번영로3길
2018,1,A,골목상권,1000163,2789,1352,1437,419,407,453,400,505,605,211,196,223,192,245,285,208,211,230,208,260,320,1177,0,1177,자양로53길
2018,1,A,골목상권,1000162,4697,2294,2403,696,659,773,738,787,1044,370,344,408,353,354,465,326,315,365,385,433,579,1986,41,1945,자양로50길
2018,1,A,골목상권,1000161,2701,1293,1408,353,432,478,426,455,557,191,199,227,216,206,254,162,233,251,210,249,303,1205,0,1205,자양로45길
2018,1,A,골목상권,1000160,3146,1488,1658,424,604,591,550,489,488,222,267,285,264,232,218,202,337,306,286,257,270,1506,102,1404,자양로26길
2018,1,A,골목상권,1000159,1923,906,1017,244,354,317,293,293,422,122,169,134,157,142,182,122,185,183,136,151,240,917,0,917,자양로15길
2018,1,A,골목상권,1000158,3960,1920,2040,440,635,745,623,697,820,215,308,398,304,329,366,225,327,347,319,368,454,2047,0,2047,자양로11길
2018,1,A,골목상권,1000157,3907,1909,1998,670,603,781,603,599,651,342,316,376,287,287,301,328,287,405,316,312,350,1703,88,1615,용마산로3길
2018,1,A,골목상권,1000156,5387,2693,2694,756,877,959,840,966,989,388,447,512,407,475,464,368,430,447,433,491,525,2349,61,2288,용마산로21길
2018,1,A,골목상권,1000155,1758,834,924,285,271,312,284,281,325,150,126,148,127,133,150,135,145,164,157,148,175,715,196,519,아차산로78길
2018,1,A,골목상권,1000154,2961,1432,1529,552,441,473,541,435,519,279,225,227,263,204,234,273,216,246,278,231,285,1257,130,1127,아차산로65길
2018,1,A,골목상권,1000153,2940,1391,1549,293,608,654,417,401,567,156,282,337,208,167,241,137,326,317,209,234,326,1519,0,1519,아차산로55길
2018,1,A,골목상권,1000152,1709,809,900,207,373,390,230,249,260,107,172,175,113,121,121,100,201,215,117,128,139,884,4,880,아차산로51길
2018,1,A,골목상권,1000151,3173,1583,1590,422,601,559,510,477,604,226,293,294,263,239,268,196,308,265,247,238,336,1469,53,1416,아차산로40길
2018,1,A,골목상권,1000150,4168,2097,2071,467,611,744,625,794,927,221,319,408,318,397,434,246,292,336,307,397,493,2089,0,2089,면목로17길
2018,1,A,골목상권,1000149,2984,1495,1489,439,483,499,444,513,606,239,229,272,219,246,290,200,254,227,225,267,316,1310,0,1310,뚝섬로64길
2018,1,A,골목상권,1000148,3578,1715,1863,645,527,633,627,528,618,325,260,310,296,241,283,320,267,323,331,287,335,1440,60,1380,뚝섬로58길
2018,1,A,골목상권,1000147,3643,1786,1857,655,540,673,634,573,568,335,275,334,304,274,264,320,265,339,330,299,304,1463,13,1450,뚝섬로54길
2018,1,A,골목상권,1000146,3497,1705,1792,507,536,644,587,554,669,244,272,312,306,266,305,263,264,332,281,288,364,1593,0,1593,뚝섬로48길
2018,1,A,골목상권,1000145,2974,1514,1460,348,426,495,488,552,665,171,226,280,253,280,304,177,200,215,235,272,361,1465,0,1465,뚝섬로24길
2018,1,A,골목상권,1000144,2126,1023,1103,233,301,367,321,372,532,107,160,179,172,172,233,126,141,188,149,200,299,1072,2,1070,뚝섬로23길
2018,1,A,골목상권,1000143,3076,1473,1603,310,842,621,441,366,496,159,361,321,225,179,228,151,481,300,216,187,268,1820,197,1623,동일로24길
2018,1,A,골목상권,1000142,1971,1009,962,200,346,362,284,366,413,98,179,189,161,195,187,102,167,173,123,171,226,1102,39,1063,동일로18길
2018,1,A,골목상권,1000141,3137,1528,1609,682,455,530,570,497,403,332,230,240,279,248,199,350,225,290,291,249,204,1129,413,716,능동로4길
2018,1,A,골목상권,1000140,3757,1877,1880,410,442,550,564,766,1025,198,230,275,309,390,475,212,212,275,255,376,550,1935,362,1573,능동로3길
2018,1,A,골목상권,1000139,5162,2392,2770,666,931,1242,772,612,939,360,377,562,385,290,418,306,554,680,387,322,521,2641,26,2615,능동로34길
2018,1,A,골목상권,1000138,2065,999,1066,138,682,377,247,241,380,63,293,195,143,139,166,75,389,182,104,102,214,1545,0,1545,능동로19길
2018,1,A,골목상권,1000137,3674,1750,1924,274,1217,809,403,406,565,151,514,420,200,208,257,123,703,389,203,198,308,2407,0,2407,능동로13길
2018,1,A,골목상권,1000136,2138,1068,1070,283,334,351,342,380,448,153,169,180,168,190,208,130,165,171,174,190,240,978,0,978,긴고랑로9길
2018,1,A,골목상권,1000135,4078,2065,2013,434,664,800,623,710,847,244,324,426,331,349,391,190,340,374,292,361,456,2028,32,1996,긴고랑로8길
2018,1,A,골목상권,1000134,4939,2419,2520,731,698,792,886,867,965,381,332,407,448,423,428,350,366,385,438,444,537,2288,55,2233,긴고랑로7길
2018,1,A,골목상권,1000133,4237,2022,2215,596,668,761,663,719,830,304,318,373,314,336,377,292,350,388,349,383,453,2017,10,2007,긴고랑로20길
2018,1,A,골목상권,1000132,4365,2062,2303,635,701,817,715,672,825,284,351,402,349,322,354,351,350,415,366,350,471,1996,0,1996,광나루로52길
2018,1,A,골목상권,1000131,3765,1874,1891,479,631,723,624,536,772,240,319,372,309,287,347,239,312,351,315,249,425,1811,29,1782,광나루로40길
2018,1,A,골목상권,1000130,679,323,356,109,98,97,106,121,148,48,48,53,54,58,62,61,50,44,52,63,86,312,0,312,광나루로37길
2018,1,A,골목상권,1000129,2616,1269,1347,359,394,460,446,410,547,184,196,214,237,208,230,175,198,246,209,202,317,1319,42,1277,광나루로36길
2018,1,A,골목상권,1000128,1259,682,577,102,378,201,168,162,248,53,226,117,99,78,109,49,152,84,69,84,139,781,0,781,광나루로24길
2018,1,A,골목상권,1000127,1696,821,875,131,777,360,151,133,144,60,344,206,74,70,67,71,433,154,77,63,77,1261,1,1260,광나루로12길
2018,1,A,골목상권,1000126,2218,1030,1188,228,301,359,336,410,584,98,141,174,171,209,237,130,160,185,165,201,347,1049,753,296,한림말길
2018,1,A,골목상권,1000125,939,443,496,133,133,182,150,111,230,69,55,88,80,48,103,64,78,94,70,63,127,483,54,429,한림말3길
2018,1,A,골목상권,1000124,2782,1419,1363,371,446,380,451,474,660,190,251,207,225,256,290,181,195,173,226,218,370,1243,0,1243,청계천로10나길
2018,1,A,골목상권,1000123,1964,968,996,210,258,311,341,312,532,116,129,164,182,152,225,94,129,147,159,160,307,984,7,977,장터길
2018,1,A,골목상권,1000122,2860,1478,1382,359,446,402,479,505,669,189,231,222,244,274,318,170,215,180,235,231,351,1310,0,1310,용답중앙길
2018,1,A,골목상권,1000121,3238,1634,1604,389,496,518,513,589,733,189,238,270,286,318,333,200,258,248,227,271,400,1635,0,1635,용답29길
2018,1,A,골목상권,1000120,2088,1088,1000,290,349,352,358,329,410,153,186,187,192,175,195,137,163,165,166,154,215,956,184,772,왕십리로6길
2018,1,A,골목상권,1000119,3290,1580,1710,404,553,532,543,514,744,196,247,275,279,250,333,208,306,257,264,264,411,1554,44,1510,왕십리로31길
2018,1,A,골목상권,1000118,2886,1457,1429,402,521,434,473,471,585,212,272,214,234,258,267,190,249,220,239,213,318,1361,0,1361,왕십리로26길
2018,1,A,골목상권,1000117,2403,1159,1244,319,417,374,388,406,499,152,203,196,192,201,215,167,214,178,196,205,284,1136,8,1128,왕십리로21길
2018,1,A,골목상권,1000116,1918,1004,914,256,316,332,309,322,383,155,152,161,156,172,208,101,164,171,153,150,175,920,79,841,왕십리로14길
2018,1,A,골목상권,1000115,2178,1120,1058,297,383,400,327,381,390,169,180,220,170,202,179,128,203,180,157,179,211,995,11,984,아차산로5길
2018,1,A,골목상권,1000114,406,244,162,12,115,151,66,30,32,5,53,100,47,20,19,7,62,51,19,10,13,350,0,350,아차산로15길
2018,1,A,골목상권,1000113,407,237,170,50,54,68,78,84,73,27,30,32,51,55,42,23,24,36,27,29,31,212,0,212,아차산로11길
2018,1,A,골목상권,1000112,2790,1493,1297,350,456,400,422,562,600,180,242,223,237,313,298,170,214,177,185,249,302,1361,0,1361,송정4가길
2018,1,A,골목상권,1000111,1248,676,572,145,198,187,196,238,284,85,109,99,121,125,137,60,89,88,75,113,147,606,0,606,송정12라길
2018,1,A,골목상권,1000110,387,223,164,49,55,53,81,78,71,22,26,28,52,59,36,27,29,25,29,19,35,213,0,213,성수일로6길
2018,1,A,골목상권,1000109,1323,715,608,120,280,247,188,236,252,64,126,141,108,141,135,56,154,106,80,95,117,762,26,736,성수이로7길
2018,1,A,골목상권,1000108,271,144,127,41,36,23,50,64,57,20,19,15,28,39,23,21,17,8,22,25,34,134,0,134,성수이로18길
2018,1,A,골목상권,1000107,3343,1724,1619,462,546,446,546,700,643,235,300,250,266,390,283,227,246,196,280,310,360,1551,0,1551,성덕정길
2018,1,A,골목상권,1000106,3689,1945,1744,458,532,523,595,722,859,229,292,278,331,424,391,229,240,245,264,298,468,1825,0,1825,성덕정17길
2018,1,A,골목상권,1000105,2228,1120,1108,280,346,399,390,364,449,143,178,200,205,189,205,137,168,199,185,175,244,1132,60,1072,서울숲2길
2018,1,A,골목상권,1000104,1272,634,638,166,227,248,222,191,218,90,106,122,114,97,105,76,121,126,108,94,113,636,0,636,상원길
2018,1,A,골목상권,1000103,2447,1228,1219,359,395,455,389,412,437,188,185,250,206,205,194,171,210,205,183,207,243,1132,447,685,상원12길
2018,1,A,골목상권,1000102,2223,1228,995,198,841,279,219,243,443,97,533,166,117,119,196,101,308,113,102,124,247,1362,0,1362,사근동길
2018,1,A,골목상권,1000101,2350,1167,1183,379,381,343,373,357,517,202,197,175,185,175,233,177,184,168,188,182,284,1008,245,763,무학봉길
2018,1,A,골목상권,1000100,1045,496,549,110,211,149,162,172,241,53,108,70,89,86,90,57,103,79,73,86,151,592,0,592,무학봉28길
2018,1,A,골목상권,1000099,1806,891,915,202,302,299,287,308,408,111,142,140,161,153,184,91,160,159,126,155,224,907,37,870,무학로6길
2018,1,A,골목상권,1000098,2307,1104,1203,280,283,345,414,395,590,134,124,192,208,197,249,146,159,153,206,198,341,1204,100,1104,무수막길
2018,1,A,골목상권,1000097,5968,2862,3106,961,803,1550,946,867,841,491,401,710,470,405,385,470,402,840,476,462,456,2466,99,2367,매봉길
2018,1,A,골목상권,1000096,1197,579,618,100,504,205,106,110,172,53,226,113,47,54,86,47,278,92,59,56,86,809,44,765,마조로1길
2018,1,A,골목상권,1000095,2607,1317,1290,324,390,337,387,455,714,181,190,174,200,242,330,143,200,163,187,213,384,1278,312,966,마조로16길
2018,1,A,골목상권,1000094,993,487,506,184,156,140,166,174,173,94,73,70,81,86,83,90,83,70,85,88,90,370,66,304,마장로39길
2018,1,A,골목상권,1000093,1926,962,964,253,309,322,282,304,456,134,162,168,147,152,199,119,147,154,135,152,257,906,0,906,마장로27길
2018,1,A,골목상권,1000092,1848,912,936,272,285,339,324,290,338,135,124,167,156,169,161,137,161,172,168,121,177,932,87,845,뚝섬로5길
2018,1,A,골목상권,1000091,2974,1590,1384,343,442,412,501,629,647,183,237,220,276,371,303,160,205,192,225,258,344,1520,0,1520,둘레9길
2018,1,A,골목상권,1000090,3522,1750,1772,514,490,477,579,606,856,285,250,265,273,314,363,229,240,212,306,292,493,1457,112,1345,금호산길
2018,1,A,골목상권,1000089,2365,1178,1187,339,350,324,366,382,604,182,195,166,195,180,260,157,155,158,171,202,344,1027,17,1010,금호산2길
2018,1,A,골목상권,1000088,3092,1588,1504,335,510,405,481,588,773,176,279,221,254,303,355,159,231,184,227,285,418,1599,25,1574,고산자로6길
2018,1,A,골목상권,1000087,5653,2741,2912,918,715,939,966,885,1230,488,368,477,473,416,519,430,347,462,493,469,711,2659,88,2571,후암로28길
2018,1,A,골목상권,1000086,2999,1419,1580,439,436,557,475,429,663,217,206,265,242,217,272,222,230,292,233,212,391,1380,82,1298,효창원로39길
2018,1,A,골목상권,1000085,2274,1009,1265,202,263,360,347,377,725,106,136,169,157,157,284,96,127,191,190,220,441,1296,28,1268,회나무로13길
2018,1,A,골목상권,1000084,693,311,382,73,115,160,118,79,148,37,39,79,61,32,63,36,76,81,57,47,85,410,0,410,한남대로20길
2018,1,A,골목상권,1000083,107,79,28,2,11,9,20,29,36,1,4,4,16,28,26,1,7,5,4,1,10,98,0,98,한강대로88길
2018,1,A,골목상권,1000082,766,406,360,61,55,111,103,142,294,35,35,65,65,76,130,26,20,46,38,66,164,442,0,442,한강대로7길
2018,1,A,골목상권,1000081,803,412,391,78,95,129,113,149,239,41,55,65,60,82,109,37,40,64,53,67,130,464,0,464,한강대로62길
2018,1,A,골목상권,1000080,626,295,331,48,73,118,86,77,224,28,35,61,45,48,78,20,38,57,41,29,146,406,0,406,한강대로52길
2018,1,A,골목상권,1000079,1394,677,717,109,230,418,216,176,245,54,93,193,120,89,128,55,137,225,96,87,117,866,0,866,한강대로43길
2018,1,A,골목상권,1000078,497,266,231,41,57,82,77,83,157,25,37,50,43,44,67,16,20,32,34,39,90,272,0,272,한강대로15길
2018,1,A,골목상권,1000077,2749,1481,1268,305,388,408,444,556,648,169,179,201,277,335,320,136,209,207,167,221,328,1613,16,1597,한강대로104길
2018,1,A,골목상권,1000076,2781,1427,1354,342,449,456,456,477,601,184,240,252,238,246,267,158,209,204,218,231,334,1419,0,1419,청파로73길
2018,1,A,골목상권,1000075,4281,2140,2141,567,770,688,720,678,858,297,405,357,365,332,384,270,365,331,355,346,474,1971,47,1924,청파로71길
2018,1,A,골목상권,1000074,3023,1425,1598,398,688,617,459,364,497,207,258,325,230,185,220,191,430,292,229,179,277,1568,26,1542,청파로47나길
2018,1,A,골목상권,1000073,1590,650,940,141,492,284,192,180,301,64,137,137,89,95,128,77,355,147,103,85,173,996,0,996,청파로47길
2018,1,A,골목상권,1000072,2861,1391,1470,347,435,442,459,482,696,178,238,230,235,209,301,169,197,212,224,273,395,1367,0,1367,장문로45길
2018,1,A,골목상권,1000071,2447,1079,1368,157,246,426,416,436,766,76,101,200,217,197,288,81,145,226,199,239,478,1613,43,1570,이태원로54길
2018,1,A,골목상권,1000070,731,353,378,74,107,128,127,97,198,36,54,70,58,47,88,38,53,58,69,50,110,370,0,370,이태원로27길
2018,1,A,골목상권,1000069,2003,949,1054,211,212,257,336,362,625,107,106,133,178,187,238,104,106,124,158,175,387,1012,278,734,이촌로22길
2018,1,A,골목상권,1000068,960,469,491,86,186,150,157,147,234,44,84,78,77,82,104,42,102,72,80,65,130,517,0,517,원효로89길
2018,1,A,골목상권,1000067,2102,1055,1047,246,306,368,334,301,547,126,163,209,181,150,226,120,143,159,153,151,321,1033,0,1033,원효로53길
2018,1,A,골목상권,1000066,1440,679,761,213,165,214,251,203,394,92,86,118,128,89,166,121,79,96,123,114,228,658,0,658,원효로41길
2018,1,A,골목상권,1000065,1985,976,1009,304,316,329,319,307,410,159,155,158,165,162,177,145,161,171,154,145,233,871,73,798,원효로19길
2018,1,A,골목상권,1000064,2421,1198,1223,260,412,391,396,384,578,136,240,214,196,183,229,124,172,177,200,201,349,1289,0,1289,우사단로4길
2018,1,A,골목상권,1000063,1370,702,668,140,183,300,246,186,315,72,99,165,135,92,139,68,84,135,111,94,176,782,50,732,우사단로14길
2018,1,A,골목상권,1000062,2805,1457,1348,281,425,509,455,461,674,156,246,292,256,229,278,125,179,217,199,232,396,1551,0,1551,우사단로10길
2018,1,A,골목상권,1000061,2795,1375,1420,390,375,443,459,416,712,215,184,245,234,202,295,175,191,198,225,214,417,1271,0,1271,신흥로20길
2018,1,A,골목상권,1000060,2307,1110,1197,259,343,398,344,371,592,128,176,212,161,172,261,131,167,186,183,199,331,1137,9,1128,소월로20길
2018,1,A,골목상권,1000059,2669,1273,1396,333,320,364,442,465,745,160,167,193,232,229,292,173,153,171,210,236,453,1289,0,1289,서빙고로71길
2018,1,A,골목상권,1000058,3817,1832,1985,575,579,967,623,479,594,288,238,459,317,232,298,287,341,508,306,247,296,1893,307,1586,백범로90길
2018,1,A,골목상권,1000057,3999,1885,2114,639,606,766,697,532,759,328,263,380,341,250,323,311,343,386,356,282,436,1751,28,1723,백범로79길
2018,1,A,골목상권,1000056,3316,1744,1572,328,460,466,532,563,967,179,244,247,282,315,477,149,216,219,250,248,490,1930,0,1930,두텁바위로1길
2018,1,A,골목상권,1000055,1472,676,796,170,250,281,208,235,328,89,111,140,92,102,142,81,139,141,116,133,186,742,0,742,대사관로34길
2018,1,A,골목상권,1000054,857,430,427,101,145,166,119,110,216,56,84,80,68,56,86,45,61,86,51,54,130,447,0,447,녹사평대로46길
2018,1,A,골목상권,1000053,755,361,394,105,107,135,127,88,193,48,48,73,69,42,81,57,59,62,58,46,112,375,0,375,녹사평대로40나길
2018,1,A,골목상권,1000052,511,262,249,40,82,124,65,78,122,24,44,62,40,35,57,16,38,62,25,43,65,271,0,271,녹사평대로32길
2018,1,A,골목상권,1000051,980,460,520,81,150,201,130,164,254,40,77,107,59,86,91,41,73,94,71,78,163,524,0,524,녹사평대로26길
2018,1,A,골목상권,1000050,448,229,219,66,49,75,82,63,113,34,29,36,46,35,49,32,20,39,36,28,64,206,0,206,녹사평대로11길
2018,1,A,골목상권,1000049,3619,1824,1795,421,559,452,643,673,871,212,291,237,358,359,367,209,268,215,285,314,504,1849,0,1849,퇴계로90길
2018,1,A,골목상권,1000048,1642,841,801,112,160,175,225,274,696,45,75,96,119,146,360,67,85,79,106,128,336,1086,37,1049,퇴계로8길
2018,1,A,골목상권,1000047,1233,629,604,118,184,160,194,203,374,66,97,82,114,99,171,52,87,78,80,104,203,647,0,647,퇴계로56길
2018,1,A,골목상권,1000046,892,446,446,111,171,146,129,120,215,61,82,88,69,55,91,50,89,58,60,65,124,474,116,358,퇴계로46길
2018,1,A,골목상권,1000045,231,111,120,32,23,33,31,38,74,18,14,19,17,12,31,14,9,14,14,26,43,137,0,137,퇴계로18길
2018,1,A,골목상권,1000044,953,459,494,107,115,126,165,143,297,58,61,69,86,67,118,49,54,57,79,76,179,482,172,310,퇴계로12길
2018,1,A,골목상권,1000043,2137,1026,1111,245,308,264,373,401,546,122,145,137,191,214,217,123,163,127,182,187,329,1098,0,1098,청구로1길
2018,1,A,골목상권,1000042,1821,927,894,230,302,299,270,306,414,122,146,162,141,158,198,108,156,137,129,148,216,906,27,879,청구로17길
2018,1,A,골목상권,1000041,1559,770,789,180,278,233,252,244,372,95,152,112,137,117,157,85,126,121,115,127,215,809,0,809,장충단로8길
2018,1,A,골목상권,1000040,100,48,52,32,11,20,24,4,9,19,2,12,11,1,3,13,9,8,13,3,6,39,0,39,삼일대로4길
2018,1,A,골목상권,1000039,308,49,259,6,10,22,81,51,138,3,5,10,9,3,19,3,5,12,72,48,119,51,0,51,명동길
2018,1,A,골목상권,1000038,715,340,375,97,134,124,104,106,150,47,61,62,57,49,64,50,73,62,47,57,86,345,0,345,동호로8길
2018,1,A,골목상권,1000037,2288,1080,1208,325,377,356,395,366,469,163,182,177,190,164,204,162,195,179,205,202,265,1028,17,1011,동호로20길
2018,1,A,골목상권,1000036,2007,982,1025,208,281,274,340,330,574,117,146,135,171,170,243,91,135,139,169,160,331,1010,0,1010,동호로15길
2018,1,A,골목상권,1000035,5001,2454,2547,647,780,849,853,762,1110,346,410,454,410,362,472,301,370,395,443,400,638,2149,165,1984,동호로11길
2018,1,A,골목상권,1000034,2115,1027,1088,232,423,429,323,318,390,129,196,200,156,165,181,103,227,229,167,153,209,1120,20,1100,동호로10길
2018,1,A,골목상권,1000033,892,484,408,58,111,101,132,215,275,23,58,60,74,127,142,35,53,41,58,88,133,561,0,561,다산로39길
2018,1,A,골목상권,1000032,1524,736,788,206,246,243,250,257,322,99,123,117,124,136,137,107,123,126,126,121,185,683,241,442,다산로38길
2018,1,A,골목상권,1000031,2328,1178,1150,273,326,332,398,445,554,149,171,179,213,230,236,124,155,153,185,215,318,1094,183,911,다산로36길
2018,1,A,골목상권,1000030,3858,1984,1874,412,631,535,656,692,932,207,347,308,354,353,415,205,284,227,302,339,517,1966,0,1966,다산로33길
2018,1,A,골목상권,1000029,835,426,409,77,169,182,108,118,181,42,84,96,57,70,77,35,85,86,51,48,104,457,0,457,난계로21길
2018,1,A,골목상권,1000028,3325,1589,1736,303,675,679,523,527,618,146,268,324,274,284,293,157,407,355,249,243,325,1880,60,1820,난계로11길
2018,1,A,골목상권,1000027,703,334,369,125,87,83,148,104,156,64,40,40,63,56,71,61,47,43,85,48,85,318,0,318,필운대로1길
2018,1,A,골목상권,1000026,1899,934,965,317,366,221,246,281,468,189,186,111,109,128,211,128,180,110,137,153,257,877,0,877,평창길
2018,1,A,골목상권,1000025,901,425,476,117,106,114,186,110,268,58,49,57,95,57,109,59,57,57,91,53,159,429,0,429,통일로12길
2018,1,A,골목상권,1000024,2432,1218,1214,324,367,283,427,480,551,164,182,158,216,249,249,160,185,125,211,231,302,1067,65,1002,창신길
2018,1,A,골목상권,1000023,1421,753,668,132,182,134,241,301,431,69,108,74,128,169,205,63,74,60,113,132,226,831,0,831,창신5길
2018,1,A,골목상권,1000022,863,445,418,83,109,103,128,191,249,49,55,60,71,96,114,34,54,43,57,95,135,434,0,434,창신2길
2018,1,A,골목상권,1000021,942,418,524,81,178,125,157,136,265,41,83,57,76,62,99,40,95,68,81,74,166,624,0,624,창경궁로35길
2018,1,A,골목상권,1000020,2468,1238,1230,272,354,320,418,447,657,138,181,174,229,216,300,134,173,146,189,231,357,1231,0,1231,지봉로8길
2018,1,A,골목상권,1000019,3892,1992,1900,379,511,503,653,826,1020,194,256,274,339,439,490,185,255,229,314,387,530,2066,112,1954,종로65길
2018,1,A,골목상권,1000018,444,223,221,23,122,111,58,50,80,7,52,57,38,26,43,16,70,54,20,24,37,341,0,341,종로58가길
2018,1,A,골목상권,1000017,50,37,13,3,1,6,8,9,23,0,1,5,8,7,16,3,0,1,0,2,7,40,0,40,종로24길
2018,1,A,골목상권,1000016,693,315,378,107,86,99,115,95,191,60,45,44,50,38,78,47,41,55,65,57,113,340,0,340,자하문로7길
2018,1,A,골목상권,1000015,1714,848,866,210,361,318,243,251,331,107,166,167,118,135,155,103,195,151,125,116,176,907,0,907,이화장길
2018,1,A,골목상권,1000014,486,271,215,58,72,81,82,80,113,39,45,47,51,40,49,19,27,34,31,40,64,259,0,259,율곡로16길
2018,1,A,골목상권,1000013,299,169,130,20,27,35,60,52,105,11,14,23,41,30,50,9,13,12,19,22,55,182,0,182,율곡로10길
2018,1,A,골목상권,1000012,2470,1105,1365,454,285,425,491,334,481,217,142,189,215,146,196,237,143,236,276,188,285,1035,12,1023,옥인길
2018,1,A,골목상권,1000011,920,476,444,88,129,100,147,183,273,48,76,55,76,105,116,40,53,45,71,78,157,509,0,509,숭인동길
2018,1,A,골목상권,1000010,948,449,499,80,298,159,120,118,173,42,138,85,59,55,70,38,160,74,61,63,103,572,0,572,성균관로5길
2018,1,A,골목상권,1000009,743,337,406,78,77,102,92,128,266,36,32,50,44,58,117,42,45,52,48,70,149,399,0,399,삼청로5길
2018,1,A,골목상권,1000008,727,343,384,109,100,106,127,110,175,63,53,46,64,40,77,46,47,60,63,70,98,341,0,341,북촌로5나길
2018,1,A,골목상권,1000007,474,218,256,68,61,56,70,71,148,41,20,26,38,34,59,27,41,30,32,37,89,218,0,218,북촌로5길
2018,1,A,골목상권,1000006,711,335,376,70,87,82,110,130,232,41,44,43,57,56,94,29,43,39,53,74,138,386,0,386,북촌로11길
2018,1,A,골목상권,1000005,1768,861,907,261,254,261,320,300,372,133,147,127,148,135,171,128,107,134,172,165,201,744,8,736,백석동길
2018,1,A,골목상권,1000004,1471,750,721,145,434,196,173,182,341,73,242,114,92,84,145,72,192,82,81,98,196,853,24,829,명륜길
2018,1,A,골목상권,1000003,1084,610,474,107,146,178,202,184,267,60,85,111,115,114,125,47,61,67,87,70,142,685,9,676,돈화문로11가길
2018,1,A,골목상권,1000002,738,334,404,26,313,226,65,38,70,10,109,112,36,27,40,16,204,114,29,11,30,638,6,632,난계로27길
2018,1,A,골목상권,1000001,1827,853,974,263,215,254,321,282,492,123,97,135,152,135,211,140,118,119,169,147,281,795,0,795,계동길
2019,4,U,관광특구,1001496,24,16,8,6,2,2,3,5,6,4,1,1,1,5,4,2,1,1,2,0,2,13,0,13,강남 마이스 관광특구
2019,4,U,관광특구,1001495,8221,3708,4513,822,1679,2063,1139,997,1521,425,639,903,511,500,730,397,1040,1160,628,497,791,4837,0,4837,잠실 관광특구
2019,4,U,관광특구,1001494,1924,1274,650,49,195,200,209,450,821,28,135,135,145,320,511,21,60,65,64,130,310,1503,0,1503,종로?청계 관광특구
2019,4,U,관광특구,1001493,2427,1146,1281,169,505,563,362,369,459,72,193,273,183,191,234,97,312,290,179,178,225,1529,0,1529,동대문패션타운 관광특구
2019,4,U,관광특구,1001492,1104,401,703,15,51,113,181,239,505,3,25,59,61,90,163,12,26,54,120,149,342,510,0,510,명동 남대문 북창동 다동 무교동 관광특구
2019,4,U,관광특구,1001491,5176,2462,2714,366,699,927,795,843,1546,192,354,496,390,404,626,174,345,431,405,439,920,3299,0,3299,이태원 관광특구
2019,4,R,전통시장,1001490,3097,1540,1557,440,373,448,489,491,856,246,203,220,263,221,387,194,170,228,226,270,469,1287,0,1287,길동복조리시장
2019,4,R,전통시장,1001489,595,304,291,81,102,62,87,126,137,42,61,33,38,68,62,39,41,29,49,58,75,251,0,251,둔촌역전통시장
2019,4,R,전통시장,1001488,1023,527,496,115,140,164,169,167,268,49,72,89,93,89,135,66,68,75,76,78,133,528,0,528,성내골목시장
2019,4,R,전통시장,1001487,90,52,38,1,7,6,19,25,32,0,5,0,12,18,17,1,2,6,7,7,15,80,0,80,천호시장
2019,4,R,전통시장,1001486,170,94,76,13,14,14,26,44,59,6,9,9,16,26,28,7,5,5,10,18,31,106,0,106,동서울시장
2019,4,R,전통시장,1001485,343,190,153,30,59,31,38,79,106,14,34,23,24,45,50,16,25,8,14,34,56,180,0,180,고분다리골목시장
2019,4,R,전통시장,1001484,842,434,408,130,127,184,141,118,142,67,73,102,72,49,71,63,54,82,69,69,71,359,0,359,양지골목시장
2019,4,R,전통시장,1001483,800,414,386,64,140,166,126,126,178,32,60,94,77,65,86,32,80,72,49,61,92,473,0,473,암사종합시장
2019,4,R,전통시장,1001482,288,143,145,20,37,29,45,63,94,10,23,16,25,33,36,10,14,13,20,30,58,144,0,144,고덕전통시장
2019,4,R,전통시장,1001481,1952,976,976,400,237,244,364,295,412,198,129,127,178,151,193,202,108,117,186,144,219,686,0,686,명일골목시장
2019,4,R,전통시장,1001480,2314,1133,1181,188,381,521,302,333,589,98,189,260,170,155,261,90,192,261,132,178,328,1292,0,1292,새마을시장
2019,4,R,전통시장,1001479,803,398,405,96,129,148,106,155,169,41,65,71,57,82,82,55,64,77,49,73,87,411,0,411,석촌시장
2019,4,R,전통시장,1001478,5119,2459,2660,605,840,1077,748,763,1086,336,390,537,370,327,499,269,450,540,378,436,587,2551,0,2551,방이시장
2019,4,R,전통시장,1001477,947,511,436,112,97,107,140,178,313,46,59,73,78,107,148,66,38,34,62,71,165,455,0,455,마천시장
2019,4,R,전통시장,1001476,2104,1049,1055,202,248,266,313,389,686,109,131,152,159,191,307,93,117,114,154,198,379,1046,0,1046,풍납시장
2019,4,R,전통시장,1001475,7,2,5,3,4,0,0,0,0,1,1,0,0,0,0,2,3,0,0,0,0,7,0,7,강남개포시장
2019,4,R,전통시장,1001474,241,111,130,73,19,34,59,35,21,38,7,14,24,17,11,35,12,20,35,18,10,83,0,83,도곡시장
2019,4,R,전통시장,1001473,171,79,92,32,24,18,18,32,47,18,8,7,10,15,21,14,16,11,8,17,26,56,0,56,청담삼익시장
2019,4,R,전통시장,1001472,85,35,50,10,4,17,21,7,26,4,1,5,10,4,11,6,3,12,11,3,15,45,0,45,논현종합시장
2019,4,R,전통시장,1001471,1169,563,606,82,219,306,185,163,214,35,107,150,84,87,100,47,112,156,101,76,114,724,0,724,영동전통시장
2019,4,R,전통시장,1001470,260,119,141,32,28,51,41,27,81,17,11,27,20,13,31,15,17,24,21,14,50,104,0,104,강남시장_강남
2019,4,R,전통시장,1001469,104,58,46,6,23,16,15,18,26,4,16,5,8,9,16,2,7,11,7,9,10,64,0,64,양재시장
2019,4,R,전통시장,1001468,147,69,78,27,21,15,26,25,33,14,9,6,11,13,16,13,12,9,15,12,17,61,0,61,남부종합시장
2019,4,R,전통시장,1001467,79,34,45,16,7,17,11,8,20,5,4,7,5,4,9,11,3,10,6,4,11,30,0,30,우림시장
2019,4,R,전통시장,1001466,627,286,341,50,97,68,84,108,220,24,40,32,44,52,94,26,57,36,40,56,126,307,0,307,미성동도깨비시장
2019,4,R,전통시장,1001465,52,28,24,3,6,4,6,10,23,2,4,1,4,8,9,1,2,3,2,2,14,36,0,36,신신림시장
2019,4,R,전통시장,1001464,162,98,64,8,16,20,18,29,71,5,12,13,12,18,38,3,4,7,6,11,33,111,0,111,삼성동시장
2019,4,R,전통시장,1001463,62,40,22,5,24,10,7,5,11,2,13,8,7,3,7,3,11,2,0,2,4,51,0,51,신림중앙시장
2019,4,R,전통시장,1001462,574,287,287,44,119,122,61,96,132,14,52,72,33,51,65,30,67,50,28,45,67,364,0,364,강남골목시장
2019,4,R,전통시장,1001461,5,3,2,0,0,0,2,2,1,0,0,0,1,1,1,0,0,0,1,1,0,2,0,2,신림종합시장
2019,4,R,전통시장,1001460,2203,1105,1098,194,468,368,329,339,505,116,212,205,175,170,227,78,256,163,154,169,278,1327,0,1327,관악신사시장
2019,4,R,전통시장,1001459,441,262,179,31,84,69,48,87,122,19,44,40,30,58,71,12,40,29,18,29,51,294,0,294,신원시장
2019,4,R,전통시장,1001458,1451,709,742,94,313,296,198,188,362,50,137,157,93,109,163,44,176,139,105,79,199,951,0,951,인헌시장
2019,4,R,전통시장,1001457,441,213,228,17,198,121,33,40,32,7,85,67,18,22,14,10,113,54,15,18,18,342,0,342,봉천중앙시장
2019,4,R,전통시장,1001456,15,5,10,0,4,0,1,6,4,0,2,0,0,3,0,0,2,0,1,3,4,9,0,9,봉천현대시장
2019,4,R,전통시장,1001455,101,54,47,4,41,20,6,6,24,1,24,12,3,3,11,3,17,8,3,3,13,72,0,72,봉일시장
2019,4,R,전통시장,1001454,496,223,273,21,223,82,33,56,81,7,77,46,16,40,37,14,146,36,17,16,44,408,0,408,봉천제일종합시장
2019,4,R,전통시장,1001453,568,266,302,35,230,136,48,48,71,14,95,74,27,20,36,21,135,62,21,28,35,420,0,420,낙성대시장
2019,4,R,전통시장,1001452,647,303,344,40,191,136,83,50,147,23,69,76,44,26,65,17,122,60,39,24,82,429,0,429,중부시장
2019,4,R,전통시장,1001451,8,5,3,0,3,1,0,3,1,0,2,1,0,1,1,0,1,0,0,2,0,3,0,3,사당시장
2019,4,R,전통시장,1001450,536,239,297,35,107,79,66,81,168,18,42,41,27,42,69,17,65,38,39,39,99,301,0,301,남성역골목시장
2019,4,R,전통시장,1001449,572,276,296,33,91,96,85,82,185,18,35,49,50,44,80,15,56,47,35,38,105,357,0,357,남성사계시장
2019,4,R,전통시장,1001448,1009,468,541,139,148,125,159,171,267,70,78,59,82,79,100,69,70,66,77,92,167,468,0,468,흑석시장
2019,4,R,전통시장,1001447,1866,917,949,149,249,290,256,301,621,80,128,176,125,144,264,69,121,114,131,157,357,1082,0,1082,상도4동도깨비골목시장
2019,4,R,전통시장,1001446,177,84,93,10,50,46,15,32,24,5,14,25,7,19,14,5,36,21,8,13,10,108,0,108,성대시장
2019,4,R,전통시장,1001445,61,26,35,1,6,6,12,11,25,0,2,2,8,5,9,1,4,4,4,6,16,46,0,46,영도시장
2019,4,R,전통시장,1001444,1602,767,835,118,345,223,203,229,484,63,181,118,93,119,193,55,164,105,110,110,291,963,0,963,상도전통시장
2019,4,R,전통시장,1001443,108,41,67,4,22,20,11,13,38,3,5,8,4,5,16,1,17,12,7,8,22,64,0,64,강남시장_동작
2019,4,R,전통시장,1001442,15,6,9,0,4,1,3,5,2,0,1,1,1,2,1,0,3,0,2,3,1,9,0,9,신노량진시장
2019,4,R,전통시장,1001441,406,226,180,23,73,64,55,76,115,10,45,39,39,40,53,13,28,25,16,36,62,258,0,258,본동인정시장
2019,4,R,전통시장,1001440,638,318,320,72,118,106,88,82,172,34,68,60,43,43,70,38,50,46,45,39,102,324,0,324,노량진중앙시장
2019,4,R,전통시장,1001439,355,167,188,30,29,36,52,70,138,16,20,20,24,32,55,14,9,16,28,38,83,186,0,186,대림중앙시장
2019,4,R,전통시장,1001438,321,158,163,33,45,37,35,60,111,18,29,19,15,29,48,15,16,18,20,31,63,163,0,163,우리시장
2019,4,R,전통시장,1001437,117,57,60,15,22,11,15,23,31,7,10,5,7,12,16,8,12,6,8,11,15,49,0,49,영진시장A동
2019,4,R,전통시장,1001436,86,38,48,11,7,4,16,17,31,6,4,1,7,7,13,5,3,3,9,10,18,41,0,41,사러가시장
2019,4,R,전통시장,1001433,673,340,333,68,110,135,102,93,165,32,52,83,54,56,63,36,58,52,48,37,102,369,0,369,영일시장
2019,4,R,전통시장,1001432,73,36,37,5,25,13,7,8,15,2,14,8,2,5,5,3,11,5,5,3,10,53,0,53,도림시장
2019,4,R,전통시장,1001431,278,156,122,21,42,35,39,48,93,13,21,22,24,31,45,8,21,13,15,17,48,157,0,157,영등포청과시장
2019,4,R,전통시장,1001430,2354,1463,891,77,308,462,344,442,721,50,143,277,242,318,433,27,165,185,102,124,288,1843,0,1843,영등포전통시장
2019,4,R,전통시장,1001429,439,212,227,58,49,67,71,72,122,26,24,38,34,41,49,32,25,29,37,31,73,204,0,204,은행나무시장
2019,4,R,전통시장,1001428,285,145,140,15,31,30,51,54,104,11,16,13,25,29,51,4,15,17,26,25,53,178,0,178,박미시장
2019,4,R,전통시장,1001427,2140,1036,1104,204,299,240,285,416,696,102,145,127,148,213,301,102,154,113,137,203,395,1170,0,1170,현대시장
2019,4,R,전통시장,1001426,10,5,5,0,2,0,1,2,5,0,1,0,0,2,2,0,1,0,1,0,3,7,0,7,대명시장
2019,4,R,전통시장,1001425,43,25,18,5,1,13,7,4,13,4,1,8,4,2,6,1,0,5,3,2,7,19,0,19,푸른터시장
2019,4,R,전통시장,1001424,1563,780,783,160,200,170,199,385,449,80,107,91,96,199,207,80,93,79,103,186,242,797,0,797,남문시장
2019,4,R,전통시장,1001423,84,49,35,0,34,22,10,11,7,0,12,15,9,9,4,0,22,7,1,2,3,79,0,79,독산동 우시장
2019,4,R,전통시장,1001422,156,81,75,10,15,13,20,35,63,6,10,6,15,20,24,4,5,7,5,15,39,96,0,96,오류시장
2019,4,R,전통시장,1001421,361,155,206,40,60,47,58,65,91,14,24,28,25,30,34,26,36,19,33,35,57,146,0,146,개봉중앙시장
2019,4,R,전통시장,1001420,618,304,314,63,72,73,89,111,210,34,29,40,46,58,97,29,43,33,43,53,113,289,0,289,고척근린시장
2019,4,R,전통시장,1001419,244,129,115,22,38,27,25,51,81,8,20,17,13,33,38,14,18,10,12,18,43,164,0,164,가리봉시장
2019,4,R,전통시장,1001418,631,351,280,57,51,62,89,150,222,20,25,36,50,104,116,37,26,26,39,46,106,382,0,382,남구로시장
2019,4,R,전통시장,1001417,126,64,62,6,11,15,14,35,45,1,6,6,7,23,21,5,5,9,7,12,24,83,0,83,구로시장
2019,4,R,전통시장,1001416,167,83,84,1,76,45,17,14,14,1,26,26,13,9,8,0,50,19,4,5,6,155,0,155,공항시장
2019,4,R,전통시장,1001415,584,304,280,65,89,70,86,112,162,31,53,37,49,59,75,34,36,33,37,53,87,267,0,267,방신전통시장
2019,4,R,전통시장,1001414,614,295,319,109,88,97,102,104,114,54,41,45,43,61,51,55,47,52,59,43,63,277,0,277,송화골목시장
2019,4,R,전통시장,1001413,1108,507,601,134,166,201,168,154,285,66,70,103,83,68,117,68,96,98,85,86,168,564,0,564,까치산시장
2019,4,R,전통시장,1001412,338,150,188,41,51,68,49,37,92,22,17,30,25,13,43,19,34,38,24,24,49,174,0,174,화곡본동시장
2019,4,R,전통시장,1001411,1961,950,1011,210,265,309,283,341,553,112,143,153,147,160,235,98,122,156,136,181,318,913,0,913,남부골목시장
2019,4,R,전통시장,1001409,976,475,501,143,119,177,151,157,229,57,52,100,79,77,110,86,67,77,72,80,119,433,0,433,화곡중앙골목시장
2019,4,R,전통시장,1001408,72,43,29,8,18,11,12,10,13,5,10,9,6,7,6,3,8,2,6,3,7,41,0,41,신월중앙시장
2019,4,R,전통시장,1001407,3,2,1,0,0,0,0,2,1,0,0,0,0,2,0,0,0,0,0,0,1,3,0,3,등마루시장
2019,4,R,전통시장,1001406,255,159,96,19,27,23,39,64,83,10,16,11,30,45,47,9,11,12,9,19,36,176,0,176,신정3동골목시장
2019,4,R,전통시장,1001405,484,248,236,64,60,63,90,75,132,34,31,37,43,42,61,30,29,26,47,33,71,227,0,227,신정2동골목시장
2019,4,R,전통시장,1001404,182,85,97,23,18,19,27,31,64,9,7,9,15,16,29,14,11,10,12,15,35,96,0,96,신정제일시장
2019,4,R,전통시장,1001403,142,71,71,18,28,18,15,26,37,7,13,11,12,11,17,11,15,7,3,15,20,52,0,52,신월7동골목시장
2019,4,R,전통시장,1001402,163,92,71,17,19,12,26,31,58,10,14,8,15,18,27,7,5,4,11,13,31,79,0,79,신월6동골목시장
2019,4,R,전통시장,1001401,59,30,29,14,6,14,14,3,8,8,4,5,7,2,4,6,2,9,7,1,4,22,0,22,신곡종합시장
2019,4,R,전통시장,1001400,332,188,144,29,40,25,49,71,118,14,20,17,32,42,63,15,20,8,17,29,55,187,0,187,신월3동골목시장
2019,4,R,전통시장,1001399,364,178,186,65,38,40,56,60,105,35,18,19,33,29,44,30,20,21,23,31,61,134,0,134,경창시장
2019,4,R,전통시장,1001398,1581,819,762,189,177,201,231,313,470,101,95,107,116,170,230,88,82,94,115,143,240,761,0,761,월정로시장
2019,4,R,전통시장,1001397,1172,578,594,155,156,116,213,209,323,68,85,61,113,105,146,87,71,55,100,104,177,565,0,565,신영시장
2019,4,R,전통시장,1001396,1170,583,587,157,210,129,166,234,274,90,124,61,75,109,124,67,86,68,91,125,150,466,0,466,목4동시장
2019,4,R,전통시장,1001395,1215,590,625,148,193,278,174,172,250,75,79,149,101,80,106,73,114,129,73,92,144,617,0,617,목3동시장
2019,4,R,전통시장,1001394,1298,623,675,90,245,281,140,184,358,39,97,150,72,101,164,51,148,131,68,83,194,811,0,811,목2동시장
2019,4,R,전통시장,1001392,27,15,12,2,4,6,4,4,7,1,3,1,3,2,5,1,1,5,1,2,2,16,0,16,동진시장
2019,4,R,전통시장,1001391,589,262,327,91,94,86,102,76,140,46,40,37,47,33,59,45,54,49,55,43,81,269,0,269,망원월드컵시장
2019,4,R,전통시장,1001390,1614,758,856,148,219,310,257,237,443,82,104,144,126,118,184,66,115,166,131,119,259,888,0,888,망원시장
2019,4,R,전통시장,1001389,71,27,44,7,12,24,9,6,13,4,6,7,5,2,3,3,6,17,4,4,10,37,0,37,합정시장
2019,4,R,전통시장,1001388,197,90,107,30,28,47,26,21,45,16,15,18,15,9,17,14,13,29,11,12,28,99,0,99,영진시장
2019,4,R,전통시장,1001387,17,13,4,1,4,5,0,1,6,1,4,4,0,1,3,0,0,1,0,0,3,15,0,15,서교시장
2019,4,R,전통시장,1001386,45,16,29,4,5,13,7,3,13,1,4,2,5,1,3,3,1,11,2,2,10,27,0,27,신수시장
2019,4,R,전통시장,1001385,310,145,165,38,49,34,61,30,98,19,23,16,33,14,40,19,26,18,28,16,58,176,0,176,아현시장
2019,4,R,전통시장,1001384,7,3,4,3,0,0,0,2,2,1,0,0,0,2,0,2,0,0,0,0,2,3,0,3,마포시장
2019,4,R,전통시장,1001383,10,6,4,0,2,2,1,3,2,0,1,1,1,2,1,0,1,1,0,1,1,4,0,4,공덕시장
2019,4,R,전통시장,1001382,143,61,82,10,17,18,24,20,54,5,9,4,12,8,23,5,8,14,12,12,31,69,0,69,백련시장
2019,4,R,전통시장,1001381,309,156,153,15,28,25,32,65,144,6,15,15,18,42,60,9,13,10,14,23,84,187,0,187,모래내시장
2019,4,R,전통시장,1001380,498,251,247,54,65,60,72,83,164,27,36,36,36,50,66,27,29,24,36,33,98,245,0,245,포방터시장
2019,4,R,전통시장,1001379,273,130,143,20,36,25,34,57,101,12,14,13,18,31,42,8,22,12,16,26,59,153,0,153,인왕시장
2019,4,R,전통시장,1001378,117,63,54,6,20,14,20,19,38,5,12,9,10,9,18,1,8,5,10,10,20,69,0,69,아현가구거리상점가
2019,4,R,전통시장,1001377,362,194,168,28,60,30,60,66,118,16,32,20,38,35,53,12,28,10,22,31,65,233,0,233,영천시장
2019,4,R,전통시장,1001376,108,51,57,3,10,9,10,16,60,1,4,8,6,5,27,2,6,1,4,11,33,69,0,69,수일시장
2019,4,R,전통시장,1001375,156,66,90,29,18,15,25,29,40,15,5,7,13,11,15,14,13,8,12,18,25,69,0,69,증산종합시장
2019,4,R,전통시장,1001374,568,282,286,65,61,72,80,111,179,34,37,37,42,64,68,31,24,35,38,47,111,288,0,288,대림골목시장
2019,4,R,전통시장,1001373,198,99,99,37,23,25,39,27,47,18,11,15,20,15,20,19,12,10,19,12,27,79,0,79,신응암시장
2019,4,R,전통시장,1001372,20,12,8,4,2,0,4,3,7,4,1,0,2,2,3,0,1,0,2,1,4,10,0,10,녹번시장
2019,4,R,전통시장,1001371,500,247,253,49,79,87,74,79,132,25,45,47,40,34,56,24,34,40,34,45,76,258,0,258,대조시장
2019,4,R,전통시장,1001370,9,6,3,0,0,0,2,4,3,0,0,0,0,4,2,0,0,0,2,0,1,9,0,9,역촌중앙시장
2019,4,R,전통시장,1001369,187,81,106,9,71,54,16,13,24,4,25,26,12,4,10,5,46,28,4,9,14,143,0,143,갈현시장
2019,4,R,전통시장,1001368,243,118,125,22,27,28,28,44,94,12,13,17,15,21,40,10,14,11,13,23,54,121,0,121,연서시장
2019,4,R,전통시장,1001367,1833,911,922,207,298,167,290,355,516,108,152,95,152,172,232,99,146,72,138,183,284,861,0,861,상계중앙시장
2019,4,R,전통시장,1001365,1498,764,734,151,324,274,176,227,346,71,154,144,97,115,183,80,170,130,79,112,163,792,0,792,공릉동도깨비시장
2019,4,R,전통시장,1001364,1035,519,516,117,155,112,143,194,314,61,91,57,71,96,143,56,64,55,72,98,171,478,0,478,방학동도깨비시장
2019,4,R,전통시장,1001363,728,363,365,65,122,108,91,113,229,32,60,61,49,50,111,33,62,47,42,63,118,387,0,387,쌍문역골목시장
2019,4,R,전통시장,1001362,379,181,198,48,60,45,69,52,105,25,31,21,34,26,44,23,29,24,35,26,61,184,0,184,백운시장
2019,4,R,전통시장,1001361,174,86,88,10,26,20,21,40,57,3,12,14,10,21,26,7,14,6,11,19,31,84,0,84,신도봉시장
2019,4,R,전통시장,1001360,1212,601,611,136,140,149,179,220,388,75,76,73,98,114,165,61,64,76,81,106,223,618,0,618,창동골목시장
2019,4,R,전통시장,1001359,2247,1114,1133,282,321,328,353,424,539,142,160,169,193,200,250,140,161,159,160,224,289,965,0,965,창동신창시장
2019,4,R,전통시장,1001358,58,32,26,2,8,3,9,7,29,2,6,1,6,4,13,0,2,2,3,3,16,27,0,27,수유북부시장
2019,4,R,전통시장,1001357,1482,720,762,204,209,209,213,257,390,107,108,113,100,128,164,97,101,96,113,129,226,644,0,644,장미원골목시장
2019,4,R,전통시장,1001356,42,25,17,3,8,4,7,10,10,3,6,2,4,6,4,0,2,2,3,4,6,18,0,18,수유중앙시장
2019,4,R,전통시장,1001355,764,407,357,61,125,103,105,147,223,33,59,61,62,84,108,28,66,42,43,63,115,456,0,456,강북종합시장
2019,4,R,전통시장,1001354,1607,793,814,223,209,178,266,287,444,111,117,102,134,137,192,112,92,76,132,150,252,719,0,719,우이시장
2019,4,R,전통시장,1001353,610,305,305,57,103,76,78,115,181,27,53,40,45,54,86,30,50,36,33,61,95,313,0,313,수유전통시장
2019,4,R,전통시장,1001352,1136,558,578,141,181,179,209,158,268,76,88,92,105,78,119,65,93,87,104,80,149,535,0,535,번동북부골목시장
2019,4,R,전통시장,1001351,145,75,70,15,14,24,17,21,54,6,9,16,9,9,26,9,5,8,8,12,28,74,0,74,솔샘시장
2019,4,R,전통시장,1001350,235,126,109,14,26,33,43,50,69,8,15,13,28,34,28,6,11,20,15,16,41,146,0,146,숭인시장
2019,4,R,전통시장,1001349,1375,699,676,91,245,169,204,255,411,53,120,99,113,121,193,38,125,70,91,134,218,820,0,820,방천골목시장
2019,4,R,전통시장,1001348,26,15,11,2,2,3,2,3,14,1,2,3,1,1,7,1,0,0,1,2,7,15,0,15,동북시장
2019,4,R,전통시장,1001347,1807,939,868,183,241,208,266,324,585,91,142,122,143,176,265,92,99,86,123,148,320,910,0,910,석관황금시장
2019,4,R,전통시장,1001346,157,87,70,13,22,14,24,30,54,8,13,8,18,16,24,5,9,6,6,14,30,85,0,85,석관시장
2019,4,R,전통시장,1001345,73,38,35,2,11,5,12,16,27,2,5,3,9,9,10,0,6,2,3,7,17,47,0,47,새석관시장
2019,4,R,전통시장,1001344,22,12,10,7,0,2,5,1,7,5,0,1,2,0,4,2,0,1,3,1,3,9,0,9,번동시장
2019,4,R,전통시장,1001343,853,413,440,104,84,96,128,170,271,52,43,49,74,79,116,52,41,47,54,91,155,391,0,391,장위전통시장
2019,4,R,전통시장,1001342,228,107,121,28,19,32,31,44,74,16,7,19,13,24,28,12,12,13,18,20,46,112,0,112,밤나무골시장
2019,4,R,전통시장,1001341,30,25,5,2,3,3,6,7,9,0,3,2,6,6,8,2,0,1,0,1,1,28,0,28,길음시장
2019,4,R,전통시장,1001340,1409,708,701,160,243,199,179,204,424,89,127,106,101,94,191,71,116,93,78,110,233,663,0,663,정릉시장
2019,4,R,전통시장,1001339,1061,506,555,172,140,156,211,151,231,85,67,84,105,70,95,87,73,72,106,81,136,439,0,439,정릉아리랑시장
2019,4,R,전통시장,1001338,200,83,117,17,32,35,21,21,74,8,12,18,9,9,27,9,20,17,12,12,47,114,0,114,돈암제일시장
2019,4,R,전통시장,1001337,109,57,52,17,9,13,20,23,27,10,6,7,10,11,13,7,3,6,10,12,14,51,0,51,유영시장
2019,4,R,전통시장,1001336,2080,1075,1005,186,289,271,260,418,656,98,153,155,144,226,299,88,136,116,116,192,357,1098,0,1098,우림골목시장
2019,4,R,전통시장,1001335,1454,729,725,256,171,237,245,202,343,125,96,115,136,95,162,131,75,122,109,107,181,598,0,598,묵1동도깨비시장
2019,4,R,전통시장,1001334,934,480,454,102,147,121,102,190,272,51,74,67,54,103,131,51,73,54,48,87,141,446,0,446,태능시장
2019,4,R,전통시장,1001333,1850,934,916,206,292,253,293,348,458,112,149,132,156,178,207,94,143,121,137,170,251,916,0,916,중화제일시장
2019,4,R,전통시장,1001332,1871,926,945,138,307,275,257,339,555,71,164,153,127,163,248,67,143,122,130,176,307,995,0,995,사가정시장
2019,4,R,전통시장,1001331,1249,667,582,153,176,140,207,230,343,86,101,70,120,123,167,67,75,70,87,107,176,630,0,630,면목골목시장
2019,4,R,전통시장,1001330,2009,998,1011,196,287,271,268,371,616,93,145,156,142,189,273,103,142,115,126,182,343,1021,0,1021,동원시장
2019,4,R,전통시장,1001329,1458,752,706,134,227,291,206,258,342,67,104,160,115,144,162,67,123,131,91,114,180,855,0,855,동부골목시장
2019,4,R,전통시장,1001328,75,34,41,11,13,5,12,16,18,4,6,1,7,9,7,7,7,4,5,7,11,33,0,33,이문제일시장
2019,4,R,전통시장,1001327,242,132,110,15,29,23,32,45,98,8,16,12,18,30,48,7,13,11,14,15,50,130,0,130,이경시장
2019,4,R,전통시장,1001326,1231,527,704,72,544,210,108,95,202,29,216,106,50,41,85,43,328,104,58,54,117,964,0,964,회기시장
2019,4,R,전통시장,1001325,59,42,17,2,4,4,12,13,24,1,1,3,10,11,16,1,3,1,2,2,8,47,0,47,청량리청과물시장
2019,4,R,전통시장,1001324,228,112,116,32,17,24,43,34,78,16,7,15,23,13,38,16,10,9,20,21,40,114,0,114,전곡시장
2019,4,R,전통시장,1001323,442,213,229,48,71,60,69,68,126,19,36,30,35,37,56,29,35,30,34,31,70,210,0,210,답십리시장
2019,4,R,전통시장,1001321,295,152,143,19,33,29,34,59,121,11,15,20,22,35,49,8,18,9,12,24,72,174,0,174,답십리현대시장
2019,4,R,전통시장,1001320,93,57,36,4,10,7,16,23,33,3,7,5,12,13,17,1,3,2,4,10,16,56,0,56,전농로터리시장
2019,4,R,전통시장,1001319,93,48,45,0,8,13,10,13,49,0,4,6,7,9,22,0,4,7,3,4,27,49,0,49,청량리종합시장
2019,4,R,전통시장,1001318,166,128,38,1,12,11,13,42,87,1,8,7,11,34,67,0,4,4,2,8,20,136,0,136,청량리전통시장
2019,4,R,전통시장,1001317,171,82,89,21,28,17,13,39,53,15,15,10,7,12,23,6,13,7,6,27,30,81,0,81,청량리농수산물시장
2019,4,R,전통시장,1001316,2075,1126,949,110,249,249,290,363,814,56,143,148,166,215,398,54,106,101,124,148,416,1399,0,1399,서울약령시장
2019,4,R,전통시장,1001315,3,3,0,0,0,0,0,3,0,0,0,0,0,3,0,0,0,0,0,0,0,3,0,3,동서시장
2019,4,R,전통시장,1001314,9,5,4,0,0,0,1,1,7,0,0,0,1,1,3,0,0,0,0,0,4,7,0,7,경동시장
2019,4,R,전통시장,1001313,454,236,218,27,77,90,58,65,137,14,33,50,32,36,71,13,44,40,26,29,66,306,0,306,청량리수산시장
2019,4,R,전통시장,1001312,23,15,8,1,2,2,3,5,10,0,2,1,2,4,6,1,0,1,1,1,4,15,0,15,용두시장
2019,4,R,전통시장,1001310,140,71,69,22,28,25,17,21,27,10,12,16,7,13,13,12,16,9,10,8,14,63,0,63,구의시장
2019,4,R,전통시장,1001309,68,34,34,3,19,13,7,8,18,2,8,7,2,8,7,1,11,6,5,0,11,46,0,46,조양시장
2019,4,R,전통시장,1001308,893,443,450,78,119,89,133,173,301,39,56,50,72,94,132,39,63,39,61,79,169,500,0,500,영동교골목시장
2019,4,R,전통시장,1001307,352,186,166,24,48,46,33,73,128,13,25,22,18,43,65,11,23,24,15,30,63,195,0,195,능동로골목시장
2019,4,R,전통시장,1001306,168,81,87,11,17,15,24,38,63,9,10,7,10,21,24,2,7,8,14,17,39,101,0,101,노룬산골목시장
2019,4,R,전통시장,1001305,61,31,30,15,6,12,10,12,6,5,2,9,6,5,4,10,4,3,4,7,2,20,0,20,자양종합시장
2019,4,R,전통시장,1001304,1953,951,1002,229,332,349,293,313,437,122,174,177,148,136,194,107,158,172,145,177,243,944,0,944,자양골목시장
2019,4,R,전통시장,1001303,88,40,48,7,12,13,11,18,27,4,6,8,5,7,10,3,6,5,6,11,17,42,0,42,신성골목시장
2019,4,R,전통시장,1001302,447,249,198,40,64,77,54,107,105,25,36,39,33,65,51,15,28,38,21,42,54,228,0,228,면곡골목시장
2019,4,R,전통시장,1001301,793,399,394,98,126,128,101,154,186,48,66,74,50,73,88,50,60,54,51,81,98,356,0,356,중곡제일시장
2019,4,R,전통시장,1001300,935,403,532,39,385,192,92,90,137,17,137,98,44,44,63,22,248,94,48,46,74,692,0,692,화양제일골목시장
2019,4,R,전통시장,1001299,17,15,2,0,7,4,2,2,2,0,6,3,2,2,2,0,1,1,0,0,0,17,0,17,한아름시장
2019,4,R,전통시장,1001298,1894,970,924,197,241,234,293,366,563,105,134,126,142,197,266,92,107,108,151,169,297,940,0,940,성동용답상가시장
2019,4,R,전통시장,1001297,576,313,263,50,90,65,83,126,162,26,55,36,48,67,81,24,35,29,35,59,81,314,0,314,뚝도시장
2019,4,R,전통시장,1001296,214,107,107,9,16,26,33,43,87,4,10,15,19,24,35,5,6,11,14,19,52,133,0,133,금남시장
2019,4,R,전통시장,1001295,1536,755,781,128,394,234,200,259,321,72,178,123,103,129,150,56,216,111,97,130,171,921,0,921,행당시장
2019,4,R,전통시장,1001294,320,179,141,39,34,31,58,52,106,24,17,19,35,32,52,15,17,12,23,20,54,177,0,177,마장축산물시장
2019,4,R,전통시장,1001293,4,1,3,0,0,0,1,0,3,0,0,0,0,0,1,0,0,0,1,0,2,3,0,3,보광시장
2019,4,R,전통시장,1001292,42,20,22,2,11,5,6,4,14,1,6,3,4,2,4,1,5,2,2,2,10,26,0,26,이태원제일시장
2019,4,R,전통시장,1001291,65,31,34,9,7,10,4,15,20,7,2,4,3,7,8,2,5,6,1,8,12,32,0,32,이태원시장
2019,4,R,전통시장,1001290,101,55,46,9,14,11,16,23,28,2,10,8,8,11,16,7,4,3,8,12,12,55,0,55,이촌종합시장
2019,4,R,전통시장,1001289,396,196,200,34,63,57,53,55,134,20,30,36,25,30,55,14,33,21,28,25,79,225,0,225,용문전통시장
2019,4,R,전통시장,1001288,31,18,13,2,3,0,2,8,16,1,2,0,1,5,9,1,1,0,1,3,7,17,0,17,만리시장
2019,4,R,전통시장,1001287,87,47,40,6,8,16,11,15,31,0,7,9,7,10,14,6,1,7,4,5,17,55,0,55,신흥시장
2019,4,R,전통시장,1001286,284,157,127,23,44,46,36,55,80,9,28,27,23,32,38,14,16,19,13,23,42,165,0,165,후암시장
2019,4,R,전통시장,1001285,90,71,19,4,6,6,17,23,34,3,5,5,11,21,26,1,1,1,6,2,8,80,0,80,합동(새벽)시장
2019,4,R,전통시장,1001284,994,535,459,68,125,107,115,188,391,42,70,63,63,111,186,26,55,44,52,77,205,582,0,582,서울중앙시장
2019,4,R,전통시장,1001283,818,427,391,77,99,84,120,180,258,41,58,50,65,94,119,36,41,34,55,86,139,409,0,409,백학시장
2019,4,R,전통시장,1001282,918,434,484,113,130,132,132,140,271,65,58,56,63,74,118,48,72,76,69,66,153,490,0,490,약수시장
2019,4,R,전통시장,1001281,1,1,0,0,0,0,0,1,0,0,0,0,0,1,0,0,0,0,0,0,0,1,0,1,청평화시장
2019,4,R,전통시장,1001279,56,26,30,3,6,9,2,14,22,3,4,1,1,7,10,0,2,8,1,7,12,37,0,37,동평화시장
2019,4,R,전통시장,1001277,290,197,93,6,33,40,28,59,124,4,21,25,19,40,88,2,12,15,9,19,36,226,0,226,방산종합시장
2019,4,R,전통시장,1001276,4,3,1,0,0,2,1,0,1,0,0,2,0,0,1,0,0,0,1,0,0,4,0,4,평화시장
2019,4,R,전통시장,1001275,151,89,62,12,18,16,14,31,60,7,10,8,10,22,32,5,8,8,4,9,28,87,0,87,인현시장
2019,4,R,전통시장,1001274,277,192,85,7,21,14,30,79,126,6,10,9,24,60,83,1,11,5,6,19,43,219,0,219,신중부시장
2019,4,R,전통시장,1001273,72,44,28,0,4,6,11,17,34,0,2,5,8,12,17,0,2,1,3,5,17,60,0,60,남대문시장
2019,4,R,전통시장,1001272,10,9,1,0,0,2,1,4,3,0,0,2,1,3,3,0,0,0,0,1,0,9,0,9,신설종합시장
2019,4,R,전통시장,1001271,739,397,342,25,193,138,84,110,189,14,75,79,51,70,108,11,118,59,33,40,81,571,0,571,동묘시장
2019,4,R,전통시장,1001270,345,174,171,22,33,28,50,69,143,7,20,19,29,41,58,15,13,9,21,28,85,221,0,221,창신골목시장
2019,4,R,전통시장,1001269,67,36,31,3,10,12,9,11,22,1,6,10,3,7,9,2,4,2,6,4,13,39,0,39,동문시장
2019,4,R,전통시장,1001268,150,84,66,14,17,10,26,30,53,7,12,8,13,16,28,7,5,2,13,14,25,75,0,75,충신시장
2019,4,R,전통시장,1001267,109,80,29,1,6,4,14,30,54,1,3,4,11,21,40,0,3,0,3,9,14,94,0,94,종로신진시장
2019,4,R,전통시장,1001266,2,2,0,0,0,0,1,1,0,0,0,0,1,1,0,0,0,0,0,0,0,2,0,2,동대문종합시장
2019,4,R,전통시장,1001265,63,32,31,1,7,7,5,10,33,1,5,4,2,6,14,0,2,3,3,4,19,45,0,45,광장시장
2019,4,R,전통시장,1001264,663,298,365,76,78,86,105,104,214,37,33,40,47,54,87,39,45,46,58,50,127,324,0,324,통인시장
2019,4,D,발달상권,1001263,257,153,104,4,58,52,37,45,61,0,26,31,22,27,47,4,32,21,15,18,14,208,0,208,서울 노원구 노원역_3
2019,4,D,발달상권,1001262,17,15,2,0,0,1,4,5,7,0,0,1,4,5,5,0,0,0,0,0,2,16,0,16,서울 노원구 노원역_2
2019,4,D,발달상권,1001261,676,309,367,101,90,98,87,146,154,48,46,44,43,63,65,53,44,54,44,83,89,278,0,278,서울 노원구 노원역_1
2019,4,D,발달상권,1001260,446,290,156,19,114,60,83,89,81,10,46,43,62,67,62,9,68,17,21,22,19,393,0,393,창동역
2019,4,D,발달상권,1001259,743,424,319,47,156,124,96,133,187,23,78,69,56,86,112,24,78,55,40,47,75,521,0,521,서울 강북구 수유역_3
2019,4,D,발달상권,1001258,185,82,103,27,22,38,55,29,14,10,9,17,27,12,7,17,13,21,28,17,7,105,0,105,등나무근린공원 주변
2019,4,D,발달상권,1001257,2074,1008,1066,124,361,361,335,344,549,59,151,174,187,188,249,65,210,187,148,156,300,1404,0,1404,서울 강북구 수유역_2
2019,4,D,발달상권,1001256,790,397,393,60,182,132,132,124,160,34,78,73,68,66,78,26,104,59,64,58,82,456,0,456,서울 강북구 수유역_1
2019,4,D,발달상권,1001255,116,73,43,2,28,15,19,23,29,2,14,6,13,16,22,0,14,9,6,7,7,98,0,98,서울 은평구 연신내역_3
2019,4,D,발달상권,1001254,1021,499,522,81,224,176,151,150,239,38,105,91,78,83,104,43,119,85,73,67,135,596,0,596,서울 은평구 연신내역_2
2019,4,D,발달상권,1001253,203,82,121,14,66,28,30,30,35,7,26,12,6,15,16,7,40,16,24,15,19,126,0,126,서울 은평구 연신내역_1
2019,4,D,발달상권,1001252,911,465,446,137,120,188,125,139,202,64,66,98,64,74,99,73,54,90,61,65,103,441,0,441,서울 성북구 미아삼거리역_2
2019,4,D,발달상권,1001251,355,200,155,22,30,54,54,65,130,17,20,28,36,35,64,5,10,26,18,30,66,211,0,211,서울 강북구 미아삼거리역_1
2019,4,D,발달상권,1001250,784,330,454,46,258,233,95,54,98,21,82,106,48,28,45,25,176,127,47,26,53,571,0,571,서울 은평구 불광역_3
2019,4,D,발달상권,1001249,731,354,377,46,203,168,98,87,129,18,101,83,48,40,64,28,102,85,50,47,65,502,0,502,서울 은평구 불광역_2
2019,4,D,발달상권,1001248,536,279,257,38,86,90,67,86,169,25,40,54,34,48,78,13,46,36,33,38,91,333,0,333,서울 은평구 불광역_1
2019,4,D,발달상권,1001247,86,44,42,7,9,12,9,16,33,2,7,8,4,7,16,5,2,4,5,9,17,54,0,54,미아사거리_2
2019,4,D,발달상권,1001246,890,447,443,131,158,130,155,147,169,79,66,68,74,72,88,52,92,62,81,75,81,425,0,425,미아사거리_1
2019,4,D,발달상권,1001245,1105,509,596,65,309,227,129,159,216,34,114,106,68,89,98,31,195,121,61,70,118,788,0,788,서울 성북구 성신여대입구역
2019,4,D,발달상권,1001244,373,166,207,46,132,53,33,37,72,13,62,23,15,20,33,33,70,30,18,17,39,261,0,261,경희대학교
2019,4,D,발달상권,1001242,629,301,328,31,210,114,66,79,129,19,87,53,34,50,58,12,123,61,32,29,71,435,0,435,혜화역 대학로_3
2019,4,D,발달상권,1001241,791,384,407,65,302,133,70,90,131,31,132,75,42,44,60,34,170,58,28,46,71,544,0,544,혜화역 대학로_2
2019,4,D,발달상권,1001240,489,225,264,42,106,88,71,67,115,22,49,31,42,32,49,20,57,57,29,35,66,305,0,305,혜화역 대학로_1
2019,4,D,발달상권,1001239,1416,623,793,176,430,280,255,152,123,89,147,127,125,77,58,87,283,153,130,75,65,874,0,874,디지털미디어시티
2019,4,D,발달상권,1001238,2678,1349,1329,243,392,330,311,484,918,112,174,173,159,256,475,131,218,157,152,228,443,1340,0,1340,서울 동대문구 청량리역
2019,4,D,발달상권,1001237,279,129,150,31,50,61,39,36,62,16,22,38,16,14,23,15,28,23,23,22,39,165,0,165,서울 종로구 경복궁역_2
2019,4,D,발달상권,1001236,277,134,143,28,38,25,36,55,95,19,19,13,14,24,45,9,19,12,22,31,50,150,0,150,서울 종로구 안국역_2
2019,4,D,발달상권,1001235,115,43,72,16,11,13,27,9,39,8,2,4,11,3,15,8,9,9,16,6,24,66,0,66,서울 종로구 안국역_1
2019,4,D,발달상권,1001234,584,292,292,55,80,75,93,101,180,31,46,41,44,48,82,24,34,34,49,53,98,309,0,309,서울 종로구 경복궁역_1
2019,4,D,발달상권,1001233,130,102,28,6,9,7,11,41,56,2,7,6,9,37,41,4,2,1,2,4,15,101,0,101,서울 종로구 종로3가역_3
2019,4,D,발달상권,1001232,2101,1459,642,24,71,114,205,510,1177,14,49,67,159,409,761,10,22,47,46,101,416,1880,0,1880,서울 종로구 종로3가역_2
2019,4,D,발달상권,1001231,420,256,164,18,92,86,58,72,94,9,38,49,43,53,64,9,54,37,15,19,30,339,0,339,서울 동대문구 신설동역_2
2019,4,D,발달상권,1001230,797,422,375,62,74,102,125,140,294,39,42,44,68,83,146,23,32,58,57,57,148,519,0,519,인사동
2019,4,D,발달상권,1001229,276,159,117,15,42,33,35,51,100,9,27,20,21,37,45,6,15,13,14,14,55,183,0,183,서울 종로구 종로5가역_4
2019,4,D,발달상권,1001228,736,425,311,40,76,78,85,168,289,25,35,48,51,107,159,15,41,30,34,61,130,529,0,529,서울 종로구 종로5가역_3
2019,4,D,발달상권,1001227,608,332,276,53,80,85,92,121,177,32,38,45,45,74,98,21,42,40,47,47,79,406,0,406,종로구청
2019,4,D,발달상권,1001226,2188,1099,1089,199,595,451,235,275,433,88,277,230,124,153,227,111,318,221,111,122,206,1380,0,1380,서울 종로구 종로5가역_2
2019,4,D,발달상권,1001225,450,266,184,17,119,91,58,76,89,6,44,49,43,58,66,11,75,42,15,18,23,385,0,385,신설동역
2019,4,D,발달상권,1001224,291,172,119,9,75,61,42,40,64,5,27,29,30,28,53,4,48,32,12,12,11,257,0,257,서울 동대문구 신설동역_1
2019,4,D,발달상권,1001223,2941,1300,1641,410,389,503,457,447,735,198,170,211,187,199,335,212,219,292,270,248,400,1467,0,1467,서울 종로구 광화문역_2
2019,4,D,발달상권,1001222,833,397,436,93,113,114,115,152,246,42,58,68,56,70,103,51,55,46,59,82,143,334,0,334,동묘앞역
2019,4,D,발달상권,1001221,4119,2026,2093,472,818,981,703,512,633,244,342,515,364,262,299,228,476,466,339,250,334,2340,0,2340,장안동사거리
2019,4,D,발달상권,1001220,582,380,202,18,36,52,48,158,270,12,21,30,32,114,171,6,15,22,16,44,99,447,0,447,서울 종로구 동대문역_2
2019,4,D,발달상권,1001219,120,60,60,10,19,13,12,25,41,3,12,4,5,12,24,7,7,9,7,13,17,62,0,62,서울 종로구 동대문역_1
2019,4,D,발달상권,1001218,20,11,9,1,0,1,4,5,9,1,0,1,2,2,5,0,0,0,2,3,4,16,0,16,동대문시장_2
2019,4,D,발달상권,1001217,24,8,16,0,2,1,2,4,15,0,2,0,0,2,4,0,0,1,2,2,11,19,0,19,서울 종로구 종로5가역_1
2019,4,D,발달상권,1001216,209,168,41,4,46,26,26,52,55,3,32,23,21,45,44,1,14,3,5,7,11,193,0,193,서울 종로구 종로3가역_1
2019,4,D,발달상권,1001215,15,8,7,4,2,0,3,4,2,1,1,0,1,4,1,3,1,0,2,0,1,7,0,7,서울 종로구 광화문역_1
2019,4,D,발달상권,1001214,3,2,1,0,0,1,1,1,0,0,0,0,1,1,0,0,0,1,0,0,0,3,0,3,종각역
2019,4,D,발달상권,1001213,161,114,47,3,36,40,21,25,36,1,24,28,15,16,30,2,12,12,6,9,6,138,0,138,종각역 젊음의 거리
2019,4,D,발달상권,1001212,1449,708,741,350,107,315,298,166,213,181,48,126,160,91,102,169,59,189,138,75,111,540,0,540,서대문구 서대문역_1
2019,4,D,발달상권,1001211,21,8,13,0,8,3,2,3,5,0,1,2,2,1,2,0,7,1,0,2,3,21,0,21,동대문시장_1
2019,4,D,발달상권,1001210,1091,472,619,183,121,293,240,129,125,74,42,133,107,57,59,109,79,160,133,72,66,571,0,571,시청역_2
2019,4,D,발달상권,1001209,66,40,26,5,1,6,6,18,30,1,1,5,3,10,20,4,0,1,3,8,10,49,0,49,서울시청
2019,4,D,발달상권,1001208,469,291,178,5,27,29,52,111,245,2,19,15,39,80,136,3,8,14,13,31,109,373,0,373,서울 중구 을지로3가역_2
2019,4,D,발달상권,1001207,336,164,172,16,73,91,40,44,72,6,25,49,20,23,41,10,48,42,20,21,31,238,0,238,서울 중구 신당역_2
2019,4,D,발달상권,1001206,875,433,442,57,222,174,102,145,175,27,90,93,60,72,91,30,132,81,42,73,84,598,0,598,서대문구 서대문역_2
2019,4,D,발달상권,1001205,406,244,162,9,38,49,43,93,174,3,19,32,23,65,102,6,19,17,20,28,72,300,0,300,동대문역사문화공원역
2019,4,D,발달상권,1001204,396,238,158,6,71,82,56,62,119,4,28,44,38,44,80,2,43,38,18,18,39,337,0,337,서울 중구 을지로3가역_1
2019,4,D,발달상권,1001203,138,84,54,5,17,17,21,35,43,1,8,13,13,21,28,4,9,4,8,14,15,107,0,107,명동거리
2019,4,D,발달상권,1001202,1,1,0,0,0,0,0,0,1,0,0,0,0,0,1,0,0,0,0,0,0,1,0,1,롯데백화점
2019,4,D,발달상권,1001201,871,481,390,62,110,109,119,207,264,28,62,60,73,123,135,34,48,49,46,84,129,511,0,511,서울 중구 신당역_1
2019,4,D,발달상권,1001200,261,167,94,2,21,40,35,50,113,0,11,31,28,27,70,2,10,9,7,23,43,237,0,237,북창동
2019,4,D,발달상권,1001199,1378,736,642,95,173,165,174,247,524,47,86,93,105,145,260,48,87,72,69,102,264,770,0,770,서울 중구 충무로역_2
2019,4,D,발달상권,1001198,2266,1122,1144,145,478,418,269,358,598,71,230,221,145,176,279,74,248,197,124,182,319,1513,0,1513,서울 강서구 송정역
2019,4,D,발달상권,1001197,1390,720,670,125,267,292,210,241,255,62,112,154,113,144,135,63,155,138,97,97,120,812,0,812,장한평역_2
2019,4,D,발달상권,1001196,323,167,156,43,26,80,70,40,64,22,12,35,45,23,30,21,14,45,25,17,34,156,0,156,시청역_1
2019,4,D,발달상권,1001195,633,291,342,47,226,106,87,73,94,25,90,46,44,44,42,22,136,60,43,29,52,428,0,428,왕십리역_2
2019,4,D,발달상권,1001194,104,48,56,1,22,28,18,17,18,0,9,16,7,5,11,1,13,12,11,12,7,85,0,85,서울 강서구 발산역
2019,4,D,발달상권,1001193,227,154,73,10,23,31,42,61,60,5,14,18,32,49,36,5,9,13,10,12,24,165,0,165,장한평역_1
2019,4,D,발달상권,1001192,787,387,400,37,143,117,98,129,263,21,60,64,59,69,114,16,83,53,39,60,149,545,0,545,서울 중구 충무로역_1
2019,4,D,발달상권,1001191,1,1,0,0,0,1,0,0,0,0,0,1,0,0,0,0,0,0,0,0,0,1,0,1,왕십리역_1
2019,4,D,발달상권,1001190,1450,987,463,50,317,291,290,291,211,26,128,183,231,251,168,24,189,108,59,40,43,1203,0,1203,장한평역
2019,4,D,발달상권,1001189,1251,592,659,119,149,157,178,212,436,57,66,71,92,99,207,62,83,86,86,113,229,708,0,708,서울 중구 명동역
2019,4,D,발달상권,1001188,306,159,147,33,83,30,48,37,75,18,37,15,31,23,35,15,46,15,17,14,40,203,0,203,장충동 족발거리
2019,4,D,발달상권,1001187,1011,470,541,41,592,174,42,46,116,15,272,88,23,25,47,26,320,86,19,21,69,844,0,844,한양시장
2019,4,D,발달상권,1001186,1962,606,1356,61,917,255,184,200,345,18,169,106,88,91,134,43,748,149,96,109,211,1604,0,1604,서울 서대문구 이대역
2019,4,D,발달상권,1001185,2661,1353,1308,99,1161,479,225,263,434,55,540,286,125,149,198,44,621,193,100,114,236,2083,0,2083,서울 서대문구 신촌역
2019,4,D,발달상권,1001184,153,74,79,6,33,43,26,27,18,3,9,23,14,16,9,3,24,20,12,11,9,113,0,113,서울 마포구 홍대입구역_3
2019,4,D,발달상권,1001183,395,195,200,46,60,73,58,44,114,23,34,35,30,21,52,23,26,38,28,23,62,206,0,206,서울 마포구 홍대입구역_2
2019,4,D,발달상권,1001182,3885,1770,2115,330,987,834,549,417,768,167,414,389,276,199,325,163,573,445,273,218,443,2504,0,2504,홍익대학교 주변
2019,4,D,발달상권,1001181,1755,800,955,131,499,390,197,217,321,74,202,173,93,110,148,57,297,217,104,107,173,1127,0,1127,서울 광진구 군자역
2019,4,D,발달상권,1001180,938,457,481,47,301,213,105,83,189,24,133,108,59,44,89,23,168,105,46,39,100,716,0,716,신촌역
2019,4,D,발달상권,1001179,3194,1524,1670,291,749,753,481,415,505,148,286,367,272,220,231,143,463,386,209,195,274,2087,0,2087,강서구청
2019,4,D,발달상권,1001178,496,244,252,41,93,102,87,46,127,21,42,53,45,21,62,20,51,49,42,25,65,307,0,307,서울 마포구 홍대입구역_1
2019,4,D,발달상권,1001177,52,25,27,6,7,6,7,6,20,4,2,2,5,4,8,2,5,4,2,2,12,23,0,23,서울 중구 약수역_2
2019,4,D,발달상권,1001176,6,3,3,0,0,2,1,0,3,0,0,1,0,0,2,0,0,1,1,0,1,4,0,4,서울 중구 약수역_1
2019,4,D,발달상권,1001175,2863,1401,1462,583,469,354,507,486,464,342,214,163,218,231,233,241,255,191,289,255,231,1057,0,1057,서울 강동구 고덕역
2019,4,D,발달상권,1001174,1309,591,718,101,298,443,161,133,173,50,103,214,81,68,75,51,195,229,80,65,98,758,0,758,등촌역
2019,4,D,발달상권,1001173,1943,971,972,272,253,251,339,331,497,139,129,139,159,162,243,133,124,112,180,169,254,963,0,963,서울 강동구 명일역
2019,4,D,발달상권,1001172,823,401,422,58,303,161,76,109,116,35,111,80,45,63,67,23,192,81,31,46,49,554,0,554,어린이대공원역
2019,4,D,발달상권,1001171,16,8,8,0,2,0,2,6,6,0,0,0,2,3,3,0,2,0,0,3,3,11,0,11,서울 마포구 공덕역_2
2019,4,D,발달상권,1001170,346,172,174,42,49,42,48,80,85,20,25,20,23,39,45,22,24,22,25,41,40,135,0,135,공덕역
2019,4,D,발달상권,1001169,496,293,203,27,75,58,87,110,139,13,39,36,61,75,69,14,36,22,26,35,70,340,0,340,서울 용산구 숙대입구역
2019,4,D,발달상권,1001168,243,101,142,4,79,76,35,25,24,2,24,27,21,15,12,2,55,49,14,10,12,201,0,201,남영역
2019,4,D,발달상권,1001167,484,227,257,55,110,69,67,110,73,27,54,30,27,50,39,28,56,39,40,60,34,198,0,198,서울 마포구 공덕역_1
2019,4,D,발달상권,1001166,2945,1321,1624,456,359,748,613,382,387,219,136,332,272,190,172,237,223,416,341,192,215,1532,0,1532,서울 마포구 마포역_2
2019,4,D,발달상권,1001165,2003,929,1074,80,817,428,191,157,330,37,349,216,97,81,149,43,468,212,94,76,181,1492,0,1492,서울 광진구 건대입구역_2
2019,4,D,발달상권,1001164,690,347,343,73,110,120,110,99,178,39,52,56,60,59,81,34,58,64,50,40,97,419,0,419,서울 마포구 마포역_1
2019,4,D,발달상권,1001163,4782,2250,2532,281,938,1135,713,723,992,146,352,529,374,388,461,135,586,606,339,335,531,3141,0,3141,서울 강동구 천호역_2
2019,4,D,발달상권,1001162,933,448,485,56,208,149,130,145,245,24,88,73,69,76,118,32,120,76,61,69,127,577,0,577,서울 광진구 건대입구역_1
2019,4,D,발달상권,1001161,525,218,307,20,11,5,25,29,435,10,4,0,11,12,181,10,7,5,14,17,254,297,0,297,건대입구역
2019,4,D,발달상권,1001160,1865,851,1014,99,500,442,284,237,303,52,189,206,147,117,140,47,311,236,137,120,163,1275,0,1275,서울 광진구 구의역
2019,4,D,발달상권,1001159,282,134,148,21,39,50,43,40,89,8,17,27,23,19,40,13,22,23,20,21,49,171,0,171,서울 강동구 천호역
2019,4,D,발달상권,1001158,712,321,391,20,280,229,65,43,75,15,80,123,40,24,39,5,200,106,25,19,36,562,0,562,당산역_2
2019,4,D,발달상권,1001157,279,147,132,26,61,60,46,46,40,10,34,35,23,26,19,16,27,25,23,20,21,162,0,162,서울 강동구 천호역_1
2019,4,D,발달상권,1001156,3407,1627,1780,162,1040,872,418,434,481,79,372,449,235,231,261,83,668,423,183,203,220,2521,0,2521,서울 강동구 길동역
2019,4,D,발달상권,1001155,624,361,263,37,94,158,107,81,147,18,57,91,75,53,67,19,37,67,32,28,80,387,0,387,용산 전자상가_5
2019,4,D,발달상권,1001154,332,171,161,64,27,58,70,45,68,26,14,31,45,30,25,38,13,27,25,15,43,169,0,169,용산 전자상가_4
2019,4,D,발달상권,1001153,1051,475,576,61,311,343,115,109,112,32,108,164,63,55,53,29,203,179,52,54,59,722,0,722,당산역_1
2019,4,D,발달상권,1001152,198,97,101,26,25,22,23,29,73,14,13,7,10,12,41,12,12,15,13,17,32,66,0,66,서울 광진구 강변역
2019,4,D,발달상권,1001151,251,125,126,17,31,77,23,38,65,8,15,40,14,19,29,9,16,37,9,19,36,137,0,137,용산 전자상가_3
2019,4,D,발달상권,1001150,797,437,360,45,143,136,120,138,215,24,85,79,67,73,109,21,58,57,53,65,106,525,0,525,서울 용산구 이태원역
2019,4,D,발달상권,1001149,147,74,73,6,33,21,20,18,49,3,16,12,9,13,21,3,17,9,11,5,28,107,0,107,한남오거리
2019,4,D,발달상권,1001148,83,42,41,4,10,18,14,15,22,2,2,4,10,12,12,2,8,14,4,3,10,74,0,74,목동사거리
2019,4,D,발달상권,1001147,177,95,82,28,22,27,28,30,42,19,13,13,14,17,19,9,9,14,14,13,23,65,0,65,용산 전자상가_2
2019,4,D,발달상권,1001146,121,55,66,14,21,21,22,9,34,5,9,8,15,3,15,9,12,13,7,6,19,64,0,64,용산구청
2019,4,D,발달상권,1001145,1472,704,768,111,295,428,255,223,160,57,118,207,141,92,89,54,177,221,114,131,71,877,0,877,용산 전자상가_1
2019,4,D,발달상권,1001144,800,406,394,31,136,279,141,109,104,13,62,142,69,67,53,18,74,137,72,42,51,650,0,650,국회의사당역_2
2019,4,D,발달상권,1001143,371,179,192,29,32,37,52,65,156,14,16,23,35,30,61,15,16,14,17,35,95,300,0,300,서울 용산구 신용산역
2019,4,D,발달상권,1001142,215,97,118,4,66,95,29,14,7,2,25,42,18,7,3,2,41,53,11,7,4,187,0,187,국회의사당역_1
2019,4,D,발달상권,1001141,1270,610,660,169,169,220,247,179,286,84,67,115,128,91,125,85,102,105,119,88,161,658,0,658,압구정 로데오거리_2
2019,4,D,발달상권,1001140,1825,826,999,237,283,341,322,220,422,118,136,154,132,107,179,119,147,187,190,113,243,948,0,948,서울 강남구 압구정역
2019,4,D,발달상권,1001139,1291,658,633,69,256,265,172,190,339,36,120,133,99,111,159,33,136,132,73,79,180,931,0,931,서울 영등포구 영등포구청역
2019,4,D,발달상권,1001138,612,281,331,82,79,94,89,82,186,39,39,41,39,38,85,43,40,53,50,44,101,257,0,257,압구정 로데오거리_1
2019,4,D,발달상권,1001137,770,414,356,83,107,104,116,146,214,49,61,57,60,81,106,34,46,47,56,65,108,374,0,374,서울 강동구 둔촌동역
2019,4,D,발달상권,1001136,860,410,450,224,83,103,196,110,144,112,34,39,104,48,73,112,49,64,92,62,71,268,0,268,오목교역
2019,4,D,발달상권,1001135,3791,1759,2032,460,589,743,695,511,793,239,263,325,330,265,337,221,326,418,365,246,456,2126,0,2126,신사동 가로수길
2019,4,D,발달상권,1001134,18,14,4,0,3,2,4,6,3,0,2,2,4,4,2,0,1,0,0,2,1,14,0,14,서울 영등포구 여의도역_2
2019,4,D,발달상권,1001133,917,418,499,55,78,115,168,147,354,24,35,58,81,70,150,31,43,57,87,77,204,627,0,627,청담사거리_3
2019,4,D,발달상권,1001132,515,287,228,28,114,87,73,75,138,15,52,60,47,45,68,13,62,27,26,30,70,336,0,336,영등포유통상가
2019,4,D,발달상권,1001131,1126,516,610,180,147,246,211,168,174,94,64,96,100,85,77,86,83,150,111,83,97,520,0,520,청담역_2
2019,4,D,발달상권,1001130,197,102,95,36,19,31,33,26,52,17,13,13,18,15,26,19,6,18,15,11,26,70,0,70,청담역_1
2019,4,D,발달상권,1001129,367,178,189,59,45,54,62,48,99,28,24,25,32,21,48,31,21,29,30,27,51,129,0,129,청담사거리_2
2019,4,D,발달상권,1001128,266,125,141,34,33,50,64,41,44,15,15,22,32,21,20,19,18,28,32,20,24,146,0,146,청담사거리_1
2019,4,D,발달상권,1001127,2565,1207,1358,418,297,322,412,441,675,207,144,125,187,220,324,211,153,197,225,221,351,948,0,948,서울 영등포구 여의도역_1
2019,4,D,발달상권,1001126,241,120,121,21,45,26,43,39,67,13,28,12,22,20,25,8,17,14,21,19,42,125,0,125,서울 양천구 신정네거리역_2
2019,4,D,발달상권,1001125,427,216,211,68,59,64,79,61,96,41,30,35,34,31,45,27,29,29,45,30,51,168,0,168,학동사거리_2
2019,4,D,발달상권,1001124,1742,1113,629,62,208,277,213,373,609,32,106,178,150,288,359,30,102,99,63,85,250,1397,0,1397,서울 영등포구 영등포시장역
2019,4,D,발달상권,1001123,424,202,222,45,83,76,72,62,86,24,30,35,40,37,36,21,53,41,32,25,50,252,0,252,학동사거리_1
2019,4,D,발달상권,1001122,1441,676,765,215,149,195,218,240,424,108,66,86,107,118,191,107,83,109,111,122,233,597,0,597,여의도 시범아파트앞
2019,4,D,발달상권,1001121,456,281,175,12,133,103,51,70,87,5,66,60,35,53,62,7,67,43,16,17,25,406,0,406,영등포역_3
2019,4,D,발달상권,1001120,374,168,206,38,68,94,58,42,74,15,29,43,32,18,31,23,39,51,26,24,43,223,0,223,도산공원사거리_1
2019,4,D,발달상권,1001119,816,582,234,16,164,134,145,202,155,8,67,95,123,171,118,8,97,39,22,31,37,753,0,753,영등포역_2
2019,4,D,발달상권,1001118,1475,727,748,222,128,210,228,255,432,108,73,97,113,132,204,114,55,113,115,123,228,725,0,725,문래동 주민센터
2019,4,D,발달상권,1001117,929,404,525,53,211,244,130,108,183,28,82,97,63,52,82,25,129,147,67,56,101,602,0,602,강남구 신사역_2
2019,4,D,발달상권,1001116,438,242,196,7,196,126,36,38,35,3,77,85,23,28,26,4,119,41,13,10,9,395,0,395,영등포역_1
2019,4,D,발달상권,1001115,780,380,400,33,59,150,181,131,226,17,25,63,97,77,101,16,34,87,84,54,125,595,0,595,서울 강남구 강남구청역_2
2019,4,D,발달상권,1001114,794,416,378,52,157,187,138,109,151,26,69,98,86,61,76,26,88,89,52,48,75,537,0,537,강남구 신사역_1
2019,4,D,발달상권,1001113,14,11,3,0,0,2,2,5,5,0,0,2,2,5,2,0,0,0,0,0,3,14,0,14,서울 동작구 노량진1동_1
2019,4,D,발달상권,1001112,106,61,45,4,27,27,18,17,13,3,13,17,11,10,7,1,14,10,7,7,6,78,0,78,서울 강남구 학동역_3
2019,4,D,발달상권,1001111,509,246,263,41,118,130,82,60,78,20,54,64,33,39,36,21,64,66,49,21,42,340,0,340,서울 강남구 강남구청역_1
2019,4,D,발달상권,1001110,2461,1168,1293,382,309,307,340,417,706,193,157,124,143,187,364,189,152,183,197,230,342,837,0,837,잠실역
2019,4,D,발달상권,1001109,1848,950,898,133,340,463,323,270,319,72,157,244,170,143,164,61,183,219,153,127,155,1201,0,1201,강남구 논현역_4
2019,4,D,발달상권,1001108,485,206,279,24,82,158,95,61,65,14,35,67,36,26,28,10,47,91,59,35,37,348,0,348,학동역
2019,4,D,발달상권,1001107,1428,763,665,79,288,345,198,235,283,40,135,190,113,130,155,39,153,155,85,105,128,982,0,982,방이동 먹자골목
2019,4,D,발달상권,1001106,148,69,79,5,25,69,24,12,13,1,10,32,13,8,5,4,15,37,11,4,8,121,0,121,서울 강남구 학동역_2
2019,4,D,발달상권,1001105,1255,627,628,52,660,269,102,76,96,20,288,177,60,40,42,32,372,92,42,36,54,1078,0,1078,서울 동작구 노량진역
2019,4,D,발달상권,1001104,76,59,17,0,19,13,8,14,22,0,16,10,8,10,15,0,3,3,0,4,7,60,0,60,삼성역_3
2019,4,D,발달상권,1001103,24,16,8,6,2,2,3,5,6,4,1,1,1,5,4,2,1,1,2,0,2,13,0,13,코엑스
2019,4,D,발달상권,1001102,877,417,460,61,195,211,149,102,159,24,99,100,76,52,66,37,96,111,73,50,93,538,0,538,서울 강남구 학동역_1
2019,4,D,발달상권,1001101,3054,1394,1660,355,478,672,598,411,540,179,224,293,272,204,222,176,254,379,326,207,318,1868,0,1868,선정릉역_2
2019,4,D,발달상권,1001100,68,26,42,6,14,14,8,10,16,2,5,4,4,4,7,4,9,10,4,6,9,35,0,35,강남구 논현역_3
2019,4,D,발달상권,1001099,679,346,333,60,137,157,108,107,110,32,68,75,60,57,54,28,69,82,48,50,56,396,0,396,포스코사거리_2
2019,4,D,발달상권,1001098,2126,1066,1060,225,369,435,391,306,400,126,177,207,214,150,192,99,192,228,177,156,208,1228,0,1228,포스코사거리_1
2019,4,D,발달상권,1001096,5094,2436,2658,849,755,1195,848,753,694,413,342,581,410,343,347,436,413,614,438,410,347,2066,0,2066,신도림역
2019,4,D,발달상권,1001095,3912,1882,2030,246,888,1018,618,448,694,123,397,496,324,222,320,123,491,522,294,226,374,2552,0,2552,강남구 논현역_2
2019,4,D,발달상권,1001094,644,287,357,82,130,150,102,89,91,35,60,63,46,35,48,47,70,87,56,54,43,345,0,345,선정릉역_1
2019,4,D,발달상권,1001093,3124,1496,1628,220,656,766,497,418,567,114,275,373,253,212,269,106,381,393,244,206,298,2076,0,2076,신천역
2019,4,D,발달상권,1001092,1934,977,957,85,406,439,328,301,375,36,179,205,197,177,183,49,227,234,131,124,192,1394,0,1394,강남구 논현역_1
2019,4,D,발달상권,1001091,5,3,2,0,0,2,1,0,2,0,0,1,1,0,1,0,0,1,0,0,1,3,0,3,삼성역_2
2019,4,D,발달상권,1001090,595,286,309,40,106,154,102,90,103,26,49,77,41,41,52,14,57,77,61,49,51,404,0,404,삼정역_2
2019,4,D,발달상권,1001089,80,31,49,4,15,17,12,13,19,1,5,8,3,6,8,3,10,9,9,7,11,47,0,47,삼정역_1
2019,4,D,발달상권,1001088,1547,751,796,198,315,358,276,192,208,122,126,169,130,100,104,76,189,189,146,92,104,929,0,929,삼성역_1
2019,4,D,발달상권,1001087,2149,1048,1101,120,495,583,351,259,341,56,223,295,194,125,155,64,272,288,157,134,186,1410,0,1410,서울 강남구 선릉역_2
2019,4,D,발달상권,1001086,2,1,1,0,0,1,1,0,0,0,0,1,0,0,0,0,0,0,1,0,0,2,0,2,고속터미널역
2019,4,D,발달상권,1001085,3191,1613,1578,185,799,922,458,360,467,78,370,481,252,198,234,107,429,441,206,162,233,2329,0,2329,서울 서초구 강남역
2019,4,D,발달상권,1001084,663,319,344,32,93,215,152,89,82,18,40,108,70,48,35,14,53,107,82,41,47,508,0,508,서울 강남구 선릉역_1
2019,4,D,발달상권,1001083,571,299,272,66,92,144,89,73,107,40,46,77,38,41,57,26,46,67,51,32,50,301,0,301,서울 송파구 석촌역_2
2019,4,D,발달상권,1001082,4194,1916,2278,428,768,1078,905,514,501,211,314,451,433,265,242,217,454,627,472,249,259,2721,0,2721,선릉역_2
2019,4,D,발달상권,1001081,1089,545,544,69,238,307,157,138,180,30,117,152,79,74,93,39,121,155,78,64,87,710,0,710,서울 강남구 역삼역_2
2019,4,D,발달상권,1001080,191,87,104,16,42,35,37,30,31,11,12,17,20,10,17,5,30,18,17,20,14,107,0,107,서울 송파구 석촌역_1
2019,4,D,발달상권,1001079,3,2,1,0,0,1,0,1,1,0,0,1,0,1,0,0,0,0,0,0,1,2,0,2,석촌역
2019,4,D,발달상권,1001078,2804,1328,1476,384,524,583,555,380,378,190,200,272,278,196,192,194,324,311,277,184,186,1523,0,1523,서울 강남구 강남역_2
2019,4,D,발달상권,1001077,1393,624,769,308,154,246,385,150,150,125,64,107,171,88,69,183,90,139,214,62,81,638,0,638,선릉역_1
2019,4,D,발달상권,1001076,667,324,343,102,99,169,97,100,100,51,45,82,58,45,43,51,54,87,39,55,57,301,0,301,구로역
2019,4,D,발달상권,1001075,398,278,120,261,34,51,16,20,16,187,20,34,9,17,11,74,14,17,7,3,5,126,0,126,역삼역_2
2019,4,D,발달상권,1001074,2660,1246,1414,233,780,669,424,298,256,127,257,318,230,186,128,106,523,351,194,112,128,1900,0,1900,대림역_2
2019,4,D,발달상권,1001073,5614,2906,2708,306,1183,1511,975,737,902,158,541,805,527,438,437,148,642,706,448,299,465,4033,0,4033,서울 강남구 역삼역_1
2019,4,D,발달상권,1001072,1194,568,626,114,247,284,170,143,236,51,82,139,91,85,120,63,165,145,79,58,116,806,0,806,신대방삼거리역
2019,4,D,발달상권,1001071,2019,947,1072,376,313,250,405,343,332,196,148,117,168,176,142,180,165,133,237,167,190,908,0,908,서울 강남구 한티역
2019,4,D,발달상권,1001070,355,190,165,84,46,27,90,62,46,57,28,11,41,33,20,27,18,16,49,29,26,119,0,119,은마아파트입구사거리_4
2019,4,D,발달상권,1001069,283,138,145,50,48,30,50,52,53,25,28,15,17,27,26,25,20,15,33,25,27,127,0,127,은마아파트입구사거리_3
2019,4,D,발달상권,1001068,15,9,6,0,2,2,2,4,5,0,1,1,2,1,4,0,1,1,0,3,1,9,0,9,은마아파트입구사거리_2
2019,4,D,발달상권,1001067,4454,2116,2338,269,1296,1208,678,402,601,139,495,604,366,224,288,130,801,604,312,178,313,3376,0,3376,오류동역
2019,4,D,발달상권,1001066,2502,1136,1366,257,672,689,350,264,270,131,242,337,179,126,121,126,430,352,171,138,149,1827,0,1827,서울 강남구 강남역
2019,4,D,발달상권,1001065,88,43,45,13,17,6,15,27,10,7,8,2,7,15,4,6,9,4,8,12,6,32,0,32,은마아파트입구사거리_1
2019,4,D,발달상권,1001064,1862,798,1064,82,720,577,242,136,105,35,215,282,132,86,48,47,505,295,110,50,57,1564,0,1564,대림역_1
2019,4,D,발달상권,1001063,1427,699,728,281,200,162,249,244,291,134,106,76,109,134,140,147,94,86,140,110,151,552,0,552,교대역_4
2019,4,D,발달상권,1001062,3386,1617,1769,608,469,795,581,426,507,299,223,364,280,213,238,309,246,431,301,213,269,1502,0,1502,서울 강남구 강남역_1
2019,4,D,발달상권,1001061,2628,1247,1381,616,275,358,547,385,447,315,120,157,251,201,203,301,155,201,296,184,244,981,0,981,방배동카페골목
2019,4,D,발달상권,1001059,23,10,13,4,2,5,2,6,4,1,2,1,0,3,3,3,0,4,2,3,1,11,0,11,교대역_3
2019,4,D,발달상권,1001058,2799,1354,1445,265,589,727,480,348,390,132,268,373,227,169,185,133,321,354,253,179,205,1668,0,1668,역삼역_1
2019,4,D,발달상권,1001057,1739,838,901,200,330,379,282,233,315,109,163,177,142,108,139,91,167,202,140,125,176,1015,0,1015,교대역_2
2019,4,D,발달상권,1001056,524,281,243,32,70,118,91,105,108,15,30,52,48,74,62,17,40,66,43,31,46,386,0,386,서울 송파구 가락시장역
2019,4,D,발달상권,1001055,53,30,23,5,12,5,4,15,12,3,10,2,2,6,7,2,2,3,2,9,5,24,0,24,서울 서초구 서초역
2019,4,D,발달상권,1001054,614,295,319,194,69,53,151,92,55,93,35,23,65,50,29,101,34,30,86,42,26,200,0,200,서울 강남구 대치역_2
2019,4,D,발달상권,1001053,513,264,249,172,46,33,153,68,41,100,20,12,76,38,18,72,26,21,77,30,23,146,0,146,서울 강남구 대치역_1
2019,4,D,발달상권,1001052,2352,1012,1340,133,616,799,365,202,237,72,229,355,159,90,107,61,387,444,206,112,130,1763,0,1763,뱅뱅사거리_2
2019,4,D,발달상권,1001051,5055,2389,2666,834,639,786,821,606,1369,404,300,376,390,284,635,430,339,410,431,322,734,2045,0,2045,보라매공원
2019,4,D,발달상권,1001050,2605,1299,1306,251,511,530,343,419,551,115,253,268,174,214,275,136,258,262,169,205,276,1370,0,1370,교대역_1
2019,4,D,발달상권,1001049,2624,1299,1325,295,323,357,361,498,790,154,171,196,190,244,344,141,152,161,171,254,446,1235,0,1235,개봉동 현대아파트 인근
2019,4,D,발달상권,1001048,1913,832,1081,104,564,723,270,133,119,50,188,349,124,62,59,54,376,374,146,71,60,1496,0,1496,뱅뱅사거리
2019,4,D,발달상권,1001047,1035,536,499,97,223,301,151,117,146,49,108,156,86,66,71,48,115,145,65,51,75,664,0,664,뱅뱅사거리_1
2019,4,D,발달상권,1001046,3164,1615,1549,103,1258,928,376,222,277,62,552,508,222,122,149,41,706,420,154,100,128,2632,0,2632,서울 관악구 신림역_4
2019,4,D,발달상권,1001045,1141,547,594,88,226,195,169,160,303,38,103,100,92,76,138,50,123,95,77,84,165,681,0,681,동작구 총신대입구역_1
2019,4,D,발달상권,1001044,1816,882,934,194,326,424,304,217,351,93,156,209,144,112,168,101,170,215,160,105,183,977,0,977,양재역_3
2019,4,D,발달상권,1001043,2035,857,1178,363,347,416,410,299,200,153,117,186,170,148,83,210,230,230,240,151,117,993,0,993,동작구 총신대입구역_2
2019,4,D,발달상권,1001042,479,212,267,47,98,103,80,55,96,22,40,42,40,25,43,25,58,61,40,30,53,285,0,285,서울 서초구 남부터미널역_3
2019,4,D,발달상권,1001041,1471,676,795,105,146,216,199,220,585,46,63,98,111,122,236,59,83,118,88,98,349,945,0,945,서울 강남구 수서역
2019,4,D,발달상권,1001040,1371,717,654,27,631,429,106,77,101,11,279,249,64,55,59,16,352,180,42,22,42,1194,0,1194,서울 관악구 신림역_3
2019,4,D,발달상권,1001039,2229,1039,1190,99,581,699,369,276,205,42,185,330,198,170,114,57,396,369,171,106,91,1808,0,1808,서울 서초구 남부터미널역_2
2019,4,D,발달상권,1001038,121,62,59,6,9,22,17,20,47,2,7,11,9,13,20,4,2,11,8,7,27,67,0,67,구로디지탈1단지
2019,4,D,발달상권,1001037,1701,796,905,227,310,352,297,262,253,103,135,166,148,133,111,124,175,186,149,129,142,883,0,883,양재역
2019,4,D,발달상권,1001036,399,214,185,56,64,81,59,68,71,32,37,43,31,35,36,24,27,38,28,33,35,203,0,203,문정역
2019,4,D,발달상권,1001035,549,270,279,75,98,90,87,79,120,43,42,39,46,39,61,32,56,51,41,40,59,275,0,275,매봉역
2019,4,D,발달상권,1001034,1170,568,602,154,156,258,214,156,232,82,77,122,106,73,108,72,79,136,108,83,124,625,0,625,서울 서초구 방배역
2019,4,D,발달상권,1001033,1197,566,631,188,158,221,186,205,239,101,83,82,91,90,119,87,75,139,95,115,120,479,0,479,서울 서초구 남부터미널역_1
2019,4,D,발달상권,1001032,1652,858,794,80,642,364,162,140,264,51,323,207,83,66,128,29,319,157,79,74,136,1148,0,1148,서울 관악구 신림역_2
2019,4,D,발달상권,1001031,789,347,442,16,386,202,82,53,50,10,133,101,44,31,28,6,253,101,38,22,22,685,0,685,서울 관악구 신림역_1
2019,4,D,발달상권,1001030,865,421,444,89,160,184,141,140,151,44,70,97,67,76,67,45,90,87,74,64,84,477,0,477,양재역_2
2019,4,D,발달상권,1001029,10,5,5,2,2,2,0,3,1,0,2,1,0,2,0,2,0,1,0,1,1,3,0,3,양재역_1
2019,4,D,발달상권,1001028,577,285,292,19,240,158,57,37,66,10,95,89,39,20,32,9,145,69,18,17,34,474,0,474,서울 관악구 서울대입구역_2
2019,4,D,발달상권,1001027,1877,1034,843,29,638,431,246,296,237,13,244,245,161,229,142,16,394,186,85,67,95,1724,0,1724,가산디지털단지역_3
2019,4,D,발달상권,1001026,336,187,149,11,52,37,45,82,109,7,28,21,29,50,52,4,24,16,16,32,57,235,0,235,구로디지털단지역
2019,4,D,발달상권,1001025,7167,3203,3964,258,3518,1671,595,483,642,106,1349,836,316,260,336,152,2169,835,279,223,306,5964,0,5964,서울 관악구 서울대입구역_1
2019,4,D,발달상권,1001024,932,442,490,143,154,136,174,144,181,65,66,62,82,72,95,78,88,74,92,72,86,415,0,415,관악구 사당역_1
2019,4,D,발달상권,1001023,667,369,298,39,154,175,101,59,139,19,78,105,66,34,67,20,76,70,35,25,72,427,0,427,가산디지털단지역_2
2019,4,D,발달상권,1001022,931,450,481,34,250,202,115,104,226,14,101,94,65,60,116,20,149,108,50,44,110,670,0,670,관악구 사당역_2
2019,4,D,발달상권,1001021,28,14,14,0,6,9,4,5,4,0,0,3,2,5,4,0,6,6,2,0,0,28,0,28,가산디지털단지역_1
2019,4,D,발달상권,1001019,96,57,39,11,18,34,17,8,8,9,15,15,11,4,3,2,3,19,6,4,5,61,0,61,포이사거리_1
2019,4,D,발달상권,1001018,1842,999,843,168,310,447,303,291,323,89,148,244,179,165,174,79,162,203,124,126,149,1143,0,1143,포이사거리_2
2019,4,D,발달상권,1001017,303,151,152,15,76,99,35,25,53,6,25,58,23,8,31,9,51,41,12,17,22,226,0,226,관악구 사당역_3
2019,4,D,발달상권,1001016,1711,1047,664,89,726,354,194,124,224,50,442,246,136,73,100,39,284,108,58,51,124,1359,0,1359,서울 관악구 대학동_1
2019,4,D,발달상권,1001015,1193,662,531,60,216,308,208,199,202,28,116,186,123,122,87,32,100,122,85,77,115,864,0,864,서울 금천구 독산1동_1
2019,4,D,발달상권,1001013,1625,794,831,439,177,211,339,199,260,245,84,87,175,94,109,194,93,124,164,105,151,516,0,516,양재 화물트럭터미널앞_2
2019,4,D,발달상권,1001012,1,1,0,0,0,0,1,0,0,0,0,0,1,0,0,0,0,0,0,0,0,1,0,1,양재 화물트럭터미널앞_1
2019,4,D,발달상권,1001011,1737,896,841,92,258,282,236,305,564,52,125,155,134,171,259,40,133,127,102,134,305,1202,0,1202,서울 금천구 시흥1동_4
2019,4,A,골목상권,1001010,3037,1532,1505,310,402,472,506,545,802,170,199,253,258,277,375,140,203,219,248,268,427,1621,0,1621,풍성로37가길
2019,4,A,골목상권,1001009,3688,1853,1835,355,519,619,531,633,1031,179,241,330,292,334,477,176,278,289,239,299,554,1950,0,1950,천호옛길
2019,4,A,골목상권,1001008,2360,1119,1241,162,489,519,300,345,545,80,200,282,151,163,243,82,289,237,149,182,302,1361,0,1361,천호옛14길
2019,4,A,골목상권,1001007,2044,1033,1011,264,269,237,286,428,560,135,143,125,146,220,264,129,126,112,140,208,296,928,0,928,천호대로219길
2019,4,A,골목상권,1001006,4159,2026,2133,660,582,624,619,730,944,344,303,307,299,346,427,316,279,317,320,384,517,1641,0,1641,천호대로197길
2019,4,A,골목상권,1001005,2673,1330,1343,314,362,432,415,430,720,164,183,243,203,208,329,150,179,189,212,222,391,1257,0,1257,천호대로187길
2019,4,A,골목상권,1001004,4148,2065,2083,472,644,776,628,696,932,248,300,411,329,326,451,224,344,365,299,370,481,1972,0,1972,천호대로170길
2019,4,A,골목상권,1001003,2680,1322,1358,351,391,452,413,445,628,185,186,226,216,211,298,166,205,226,197,234,330,1206,0,1206,천호대로162길
2019,4,A,골목상권,1001002,4396,2121,2275,569,639,672,645,736,1135,298,305,323,341,339,515,271,334,349,304,397,620,1876,0,1876,천중로51길
2019,4,A,골목상권,1001001,6514,3205,3309,882,892,1057,1015,1054,1614,465,455,565,502,462,756,417,437,492,513,592,858,2783,0,2783,천중로39길
2019,4,A,골목상권,1001000,1706,850,856,159,251,319,263,288,426,95,116,169,148,121,201,64,135,150,115,167,225,886,0,886,진황도로47길
2019,4,A,골목상권,1000999,7642,3805,3837,772,1152,1562,1044,1142,1970,404,531,793,558,598,921,368,621,769,486,544,1049,4033,0,4033,진황도로27길
2019,4,A,골목상권,1000998,3195,1545,1650,328,427,570,480,569,821,165,199,297,258,275,351,163,228,273,222,294,470,1675,0,1675,올림픽로98길
2019,4,A,골목상권,1000997,2203,1136,1067,241,259,313,312,414,664,133,140,170,168,224,301,108,119,143,144,190,363,1142,0,1142,올림픽로80길
2019,4,A,골목상권,1000996,1623,835,788,102,166,194,242,372,547,50,83,109,133,215,245,52,83,85,109,157,302,1010,0,1010,올림픽로78길
2019,4,A,골목상권,1000995,2639,1318,1321,273,397,544,373,435,617,139,173,297,204,205,300,134,224,247,169,230,317,1335,0,1335,올림픽로77길
2019,4,A,골목상권,1000994,2458,1251,1207,186,350,392,308,494,728,94,188,216,165,260,328,92,162,176,143,234,400,1366,0,1366,올림픽로71길
2019,4,A,골목상권,1000993,1515,738,777,234,205,270,256,207,343,113,104,130,123,111,157,121,101,140,133,96,186,686,0,686,올림픽로48길
2019,4,A,골목상권,1000992,3495,1731,1764,634,460,518,612,493,778,337,229,256,299,241,369,297,231,262,313,252,409,1355,0,1355,양재대로96길
2019,4,A,골목상권,1000991,3687,1814,1873,496,613,613,521,642,802,288,317,324,241,292,352,208,296,289,280,350,450,1586,0,1586,양재대로95길
2019,4,A,골목상권,1000990,4071,2012,2059,617,602,552,640,735,925,349,323,286,309,358,387,268,279,266,331,377,538,1676,0,1676,양재대로91길
2019,4,A,골목상권,1000989,4711,2322,2389,603,699,694,637,845,1233,303,359,356,342,391,571,300,340,338,295,454,662,2060,0,2060,양재대로133길
2019,4,A,골목상권,1000988,4284,2140,2144,531,645,600,702,773,1033,279,342,318,352,381,468,252,303,282,350,392,565,1916,0,1916,양재대로124길
2019,4,A,골목상권,1000987,1444,711,733,173,218,236,202,242,373,96,98,131,113,109,164,77,120,105,89,133,209,673,0,673,양재대로116길
2019,4,A,골목상권,1000986,4752,2282,2470,480,823,1004,665,753,1027,242,397,498,343,322,480,238,426,506,322,431,547,2452,0,2452,양재대로101길
2019,4,A,골목상권,1000985,6882,3443,3439,912,999,1077,1039,1199,1656,463,522,575,530,588,765,449,477,502,509,611,891,3134,0,3134,암사길
2019,4,A,골목상권,1000984,4480,2177,2303,757,630,717,780,690,906,420,315,338,362,322,420,337,315,379,418,368,486,1749,0,1749,성안로3길
2019,4,A,골목상권,1000983,3531,1716,1815,657,455,552,603,532,732,328,227,275,303,253,330,329,228,277,300,279,402,1336,0,1336,성내로5길
2019,4,A,골목상권,1000982,1201,617,584,181,195,144,177,241,263,96,109,77,93,111,131,85,86,67,84,130,132,498,0,498,상일로5길
2019,4,A,골목상권,1000981,1903,942,961,226,257,353,308,254,505,118,123,187,153,130,231,108,134,166,155,124,274,995,0,995,상암로5길
2019,4,A,골목상권,1000980,2895,1380,1515,427,400,423,418,501,726,209,199,229,207,213,323,218,201,194,211,288,403,1191,0,1191,상암로51길
2019,4,A,골목상권,1000979,3136,1588,1548,377,486,650,485,518,620,191,239,342,259,264,293,186,247,308,226,254,327,1628,0,1628,상암로4길
2019,4,A,골목상권,1000978,3856,1898,1958,500,534,685,576,646,915,263,267,346,288,311,423,237,267,339,288,335,492,1707,0,1707,상암로14길
2019,4,A,골목상권,1000977,2723,1335,1388,347,462,385,381,491,657,197,234,196,183,237,288,150,228,189,198,254,369,1294,0,1294,명일로13길
2019,4,A,골목상권,1000976,2759,1428,1331,359,387,319,393,556,745,181,213,188,197,298,351,178,174,131,196,258,394,1258,0,1258,동남로85길
2019,4,A,골목상권,1000975,1560,845,715,181,199,188,227,312,453,105,112,116,117,170,225,76,87,72,110,142,228,770,0,770,동남로82길
2019,4,A,골목상권,1000974,2359,1145,1214,489,301,239,435,393,502,253,155,127,202,198,210,236,146,112,233,195,292,984,0,984,동남로65길
2019,4,A,골목상권,1000973,4180,2120,2060,456,577,601,650,818,1078,244,286,331,364,402,493,212,291,270,286,416,585,2160,0,2160,구천면로42길
2019,4,A,골목상권,1000972,5239,2583,2656,641,741,790,800,912,1355,340,378,425,399,440,601,301,363,365,401,472,754,2392,0,2392,구천면로41길
2019,4,A,골목상권,1000971,2542,1312,1230,311,344,335,371,480,701,167,161,194,197,256,337,144,183,141,174,224,364,1203,0,1203,구천면로36길
2019,4,A,골목상권,1000970,1553,800,753,320,175,224,294,232,308,178,94,114,152,124,138,142,81,110,142,108,170,610,0,610,고덕로61길
2019,4,A,골목상권,1000969,1493,740,753,284,181,244,223,227,334,144,107,113,114,114,148,140,74,131,109,113,186,565,0,565,고덕로25길
2019,4,A,골목상권,1000968,2081,1037,1044,284,287,346,350,347,467,152,149,177,180,162,217,132,138,169,170,185,250,1025,0,1025,고덕로10길
2019,4,A,골목상권,1000967,4005,2020,1985,717,559,531,669,694,835,442,301,276,304,326,371,275,258,255,365,368,464,1572,0,1572,강동대로53길
2019,4,A,골목상권,1000966,1842,915,927,187,213,264,231,330,617,96,112,156,120,148,283,91,101,108,111,182,334,925,0,925,풍성로25길
2019,4,A,골목상권,1000965,2732,1338,1394,518,415,398,433,454,514,260,208,203,214,206,247,258,207,195,219,248,267,1076,0,1076,오금로46길
2019,4,A,골목상권,1000964,3007,1449,1558,370,556,640,420,450,571,190,256,332,207,202,262,180,300,308,213,248,309,1404,0,1404,오금로36길
2019,4,A,골목상권,1000963,4635,2249,2386,423,821,1045,699,659,988,216,396,535,371,292,439,207,425,510,328,367,549,2481,0,2481,오금로11길
2019,4,A,골목상권,1000962,2609,1253,1356,390,407,327,370,513,602,190,210,155,163,249,286,200,197,172,207,264,316,1023,0,1023,양재대로72길
2019,4,A,골목상권,1000961,1532,715,817,255,225,246,238,264,304,133,101,121,110,115,135,122,124,125,128,149,169,621,0,621,양재대로71길
2019,4,A,골목상권,1000960,2667,1364,1303,361,399,504,386,459,558,182,209,258,203,237,275,179,190,246,183,222,283,1210,0,1210,양재대로64길
2019,4,A,골목상권,1000959,1499,770,729,199,196,333,249,230,292,106,96,171,140,126,131,93,100,162,109,104,161,745,0,745,양재대로62길
2019,4,A,골목상권,1000958,2573,1362,1211,237,425,409,399,553,550,122,218,225,216,297,284,115,207,184,183,256,266,1352,0,1352,송파대로30길
2019,4,A,골목상권,1000957,3357,1706,1651,503,507,759,499,518,571,264,268,405,257,247,265,239,239,354,242,271,306,1411,0,1411,송이로36길
2019,4,A,골목상권,1000956,5222,2594,2628,729,944,1059,755,871,864,382,455,573,390,401,393,347,489,486,365,470,471,2290,0,2290,송이로32길
2019,4,A,골목상권,1000955,4714,2319,2395,655,768,933,710,729,919,348,379,465,361,340,426,307,389,468,349,389,493,2140,0,2140,송이로23길
2019,4,A,골목상권,1000954,6507,3011,3496,700,1265,1512,1007,912,1111,362,536,713,472,428,500,338,729,799,535,484,611,3599,0,3599,삼전로13길
2019,4,A,골목상권,1000953,8390,4105,4285,1159,1304,1574,1228,1343,1782,652,637,794,604,600,818,507,667,780,624,743,964,3649,0,3649,백제고분로50길
2019,4,A,골목상권,1000952,3232,1502,1730,394,554,741,476,487,580,190,252,361,216,215,268,204,302,380,260,272,312,1564,0,1564,백제고분로46길
2019,4,A,골목상권,1000951,4552,2156,2396,560,822,1050,626,675,819,260,384,505,315,298,394,300,438,545,311,377,425,2188,0,2188,백제고분로45길
2019,4,A,골목상권,1000950,4079,1925,2154,420,825,991,567,585,691,223,391,458,269,269,315,197,434,533,298,316,376,2111,0,2111,백제고분로42길
2019,4,A,골목상권,1000949,3366,1553,1813,322,658,870,461,435,620,175,258,423,222,192,283,147,400,447,239,243,337,1797,0,1797,백제고분로39길
2019,4,A,골목상권,1000948,7714,3709,4005,969,1300,1721,1215,1097,1412,524,611,847,580,522,625,445,689,874,635,575,787,3811,0,3811,백제고분로34길
2019,4,A,골목상권,1000947,6125,2889,3236,643,1188,1549,921,839,985,321,511,766,468,384,439,322,677,783,453,455,546,3381,0,3381,백제고분로33길
2019,4,A,골목상권,1000946,6250,2979,3271,939,940,1279,1111,879,1102,480,452,624,519,402,502,459,488,655,592,477,600,2943,0,2943,백제고분로32길
2019,4,A,골목상권,1000945,6177,2817,3360,764,1084,1270,1026,906,1127,376,473,578,495,407,488,388,611,692,531,499,639,3131,0,3131,백제고분로31길
2019,4,A,골목상권,1000944,6718,3213,3505,851,1137,1523,1076,970,1161,438,541,753,525,420,536,413,596,770,551,550,625,3354,0,3354,백제고분로22길
2019,4,A,골목상권,1000943,2451,1219,1232,225,421,604,427,368,406,122,186,314,213,202,182,103,235,290,214,166,224,1398,0,1398,백제고분로21길
2019,4,A,골목상권,1000942,3820,1962,1858,473,427,465,606,704,1145,237,222,252,340,384,527,236,205,213,266,320,618,1877,0,1877,마천로51길
2019,4,A,골목상권,1000941,2967,1439,1528,467,450,450,525,498,577,244,224,234,250,237,250,223,226,216,275,261,327,1167,0,1167,동남로20길
2019,4,A,골목상권,1000940,3206,1607,1599,388,348,355,502,594,1019,185,208,189,268,302,455,203,140,166,234,292,564,1629,0,1629,거마로20길
2019,4,A,골목상권,1000939,2516,1230,1286,553,301,456,527,321,358,326,150,190,241,155,168,227,151,266,286,166,190,982,0,982,학동로77길
2019,4,A,골목상권,1000938,1601,722,879,119,348,394,289,164,287,66,135,179,135,80,127,53,213,215,154,84,160,1014,0,1014,학동로6길
2019,4,A,골목상권,1000937,1026,460,566,189,163,170,189,134,181,79,86,68,76,66,85,110,77,102,113,68,96,444,0,444,학동로56길
2019,4,A,골목상권,1000936,1459,665,794,152,314,371,227,168,227,71,136,180,105,78,95,81,178,191,122,90,132,841,0,841,학동로38길
2019,4,A,골목상권,1000935,407,184,223,35,68,80,58,54,112,23,26,38,28,19,50,12,42,42,30,35,62,238,0,238,테헤란로81길
2019,4,A,골목상권,1000934,3267,1584,1683,469,617,501,500,516,664,258,295,242,244,243,302,211,322,259,256,273,362,1535,0,1535,일원로9길
2019,4,A,골목상권,1000933,2324,1139,1185,387,373,380,363,359,462,213,184,195,171,170,206,174,189,185,192,189,256,1016,0,1016,일원로3길
2019,4,A,골목상권,1000932,1408,690,718,212,172,143,270,211,400,127,99,68,127,100,169,85,73,75,143,111,231,759,0,759,영동대로65길
2019,4,A,골목상권,1000931,2640,1305,1335,424,386,440,460,422,508,240,224,223,201,190,227,184,162,217,259,232,281,1077,0,1077,영동대로112길
2019,4,A,골목상권,1000930,3454,1685,1769,368,663,886,607,456,474,162,300,434,324,252,213,206,363,452,283,204,261,2042,0,2042,언주로81길
2019,4,A,골목상권,1000929,996,465,531,145,182,197,181,130,161,75,81,84,85,65,75,70,101,113,96,65,86,498,0,498,압구정로2길
2019,4,A,골목상권,1000928,1623,819,804,246,202,210,244,286,435,136,113,123,101,145,201,110,89,87,143,141,234,713,0,713,선릉로18길
2019,4,A,골목상권,1000927,1996,862,1134,216,427,430,324,258,341,103,147,177,178,114,143,113,280,253,146,144,198,1131,0,1131,선릉로146길
2019,4,A,골목상권,1000926,1542,658,884,170,293,350,269,180,280,85,109,137,132,81,114,85,184,213,137,99,166,832,0,832,선릉로133길
2019,4,A,골목상권,1000925,2024,931,1093,393,310,360,370,276,315,203,142,140,164,144,138,190,168,220,206,132,177,847,0,847,선릉로132길
2019,4,A,골목상권,1000924,835,390,445,86,161,184,151,115,138,47,80,73,73,54,63,39,81,111,78,61,75,460,0,460,선릉로121길
2019,4,A,골목상권,1000923,2504,1218,1286,434,416,419,494,388,353,245,213,190,211,202,157,189,203,229,283,186,196,1193,0,1193,삼성로75길
2019,4,A,골목상권,1000922,3340,1640,1700,637,544,499,667,504,489,369,280,248,293,234,216,268,264,251,374,270,273,1537,0,1537,삼성로69길
2019,4,A,골목상권,1000921,2621,1402,1219,789,286,131,732,461,222,521,158,59,303,261,100,268,128,72,429,200,122,815,0,815,삼성로64길
2019,4,A,골목상권,1000920,4254,2030,2224,742,726,614,813,758,601,409,361,291,345,362,262,333,365,323,468,396,339,2047,0,2047,삼성로63길
2019,4,A,골목상권,1000919,1716,892,824,498,218,98,443,305,154,319,98,42,195,166,72,179,120,56,248,139,82,514,0,514,삼성로57길
2019,4,A,골목상권,1000918,1262,551,711,157,257,272,191,169,216,76,103,111,91,81,89,81,154,161,100,88,127,668,0,668,삼성로147길
2019,4,A,골목상권,1000917,2804,1281,1523,524,403,549,573,332,423,282,196,215,247,158,183,242,207,334,326,174,240,1296,0,1296,삼성로115길
2019,4,A,골목상권,1000916,1513,714,799,160,253,401,295,157,247,91,113,173,154,78,105,69,140,228,141,79,142,892,0,892,봉은사로68길
2019,4,A,골목상권,1000915,1594,708,886,218,290,368,296,182,240,121,119,164,123,86,95,97,171,204,173,96,145,846,0,846,봉은사로57길
2019,4,A,골목상권,1000914,3242,1539,1703,472,493,676,559,449,593,254,245,308,259,216,257,218,248,368,300,233,336,1532,0,1532,봉은사로43길
2019,4,A,골목상권,1000913,1251,591,660,100,239,361,216,142,193,46,105,178,107,73,82,54,134,183,109,69,111,799,0,799,봉은사로29길
2019,4,A,골목상권,1000912,2224,1071,1153,416,289,347,380,355,437,219,153,153,174,169,203,197,136,194,206,186,234,836,0,836,봉은사로109길
2019,4,A,골목상권,1000911,1944,882,1062,265,320,357,323,304,375,139,139,166,145,123,170,126,181,191,178,181,205,869,0,869,도산대로89길
2019,4,A,골목상권,1000910,896,412,484,145,124,137,134,140,216,70,58,63,54,63,104,75,66,74,80,77,112,383,0,383,도산대로81길
2019,4,A,골목상권,1000909,2223,998,1225,291,310,452,355,294,521,146,131,197,169,135,220,145,179,255,186,159,301,1026,0,1026,도산대로50길
2019,4,A,골목상권,1000908,983,443,540,78,182,280,168,111,164,45,77,119,88,48,66,33,105,161,80,63,98,632,0,632,도산대로38길
2019,4,A,골목상권,1000907,886,415,471,53,195,208,166,89,175,28,88,95,79,43,82,25,107,113,87,46,93,549,0,549,도산대로30길
2019,4,A,골목상권,1000906,1501,666,835,166,279,342,264,178,272,90,107,154,121,75,119,76,172,188,143,103,153,821,0,821,도산대로23길
2019,4,A,골목상권,1000905,655,285,370,77,142,147,110,65,114,36,51,62,52,34,50,41,91,85,58,31,64,358,0,358,도산대로15길
2019,4,A,골목상권,1000904,5822,2706,3116,696,1045,1292,997,757,1035,364,445,593,474,367,463,332,600,699,523,390,572,3070,0,3070,도곡로37길
2019,4,A,골목상권,1000903,3508,1737,1771,563,519,566,587,600,673,299,272,300,289,293,284,264,247,266,298,307,389,1553,0,1553,논현로8길
2019,4,A,골목상권,1000902,2655,1266,1389,329,454,603,458,349,462,160,208,284,232,164,218,169,246,319,226,185,244,1346,0,1346,논현로63길
2019,4,A,골목상권,1000901,74,43,31,10,6,10,11,13,24,6,4,6,5,7,15,4,2,4,6,6,9,38,0,38,논현로28길
2019,4,A,골목상권,1000900,1220,555,665,135,172,200,212,202,299,73,77,79,103,91,132,62,95,121,109,111,167,646,0,646,논현로26길
2019,4,A,골목상권,1000899,400,168,232,51,66,93,62,50,78,25,22,36,27,23,35,26,44,57,35,27,43,201,0,201,논현로159길
2019,4,A,골목상권,1000898,1335,596,739,135,195,315,210,174,306,58,84,134,106,77,137,77,111,181,104,97,169,681,0,681,논현로139길
2019,4,A,골목상권,1000897,2048,1007,1041,125,362,535,432,257,337,71,180,259,202,143,152,54,182,276,230,114,185,1496,0,1496,논현로123길
2019,4,A,골목상권,1000896,3252,1555,1697,222,687,908,505,377,553,107,318,428,267,182,253,115,369,480,238,195,300,2010,0,2010,논현로115길
2019,4,A,골목상권,1000895,1559,774,785,253,223,276,290,263,254,136,122,132,136,134,114,117,101,144,154,129,140,666,0,666,논현로10길
2019,4,A,골목상권,1000894,2094,926,1168,152,400,685,346,227,284,66,162,306,151,111,130,86,238,379,195,116,154,1346,0,1346,논현로106길
2019,4,A,골목상권,1000893,2864,1351,1513,598,348,473,584,419,442,274,183,213,282,197,202,324,165,260,302,222,240,1133,0,1133,남부순환로365길
2019,4,A,골목상권,1000892,101,47,54,15,14,19,19,12,22,8,2,9,11,5,12,7,12,10,8,7,10,76,0,76,개포로82길
2019,4,A,골목상권,1000891,2067,986,1081,356,353,280,392,363,323,177,178,133,179,178,141,179,175,147,213,185,182,834,0,834,개포로28길
2019,4,A,골목상권,1000890,2353,1154,1199,299,385,451,350,415,453,146,188,237,187,182,214,153,197,214,163,233,239,1078,0,1078,개포로20길
2019,4,A,골목상권,1000889,3624,1783,1841,579,496,591,628,595,735,302,252,297,308,286,338,277,244,294,320,309,397,1578,0,1578,개포로17길
2019,4,A,골목상권,1000888,1832,828,1004,163,317,432,280,282,358,88,137,192,127,131,153,75,180,240,153,151,205,975,0,975,강남대로140길
2019,4,A,골목상권,1000887,1217,546,671,129,174,230,217,166,301,59,77,96,95,76,143,70,97,134,122,90,158,540,0,540,강남대로136길
2019,4,A,골목상권,1000886,1405,609,796,108,311,398,225,144,219,58,117,168,112,59,95,50,194,230,113,85,124,892,0,892,강남대로118길
2019,4,A,골목상권,1000885,2670,1318,1352,455,357,455,489,368,546,245,189,224,234,170,256,210,168,231,255,198,290,1132,0,1132,서초중앙로8길
2019,4,A,골목상권,1000884,2792,1287,1505,549,407,331,502,504,499,253,182,158,213,255,226,296,225,173,289,249,273,1045,0,1045,방배중앙로21길
2019,4,A,골목상권,1000883,2201,1067,1134,399,285,440,421,302,354,214,130,192,219,152,160,185,155,248,202,150,194,983,0,983,효령로72길
2019,4,A,골목상권,1000882,1550,736,814,268,180,273,263,231,335,141,94,127,121,108,145,127,86,146,142,123,190,614,0,614,효령로34길
2019,4,A,골목상권,1000881,1883,868,1015,235,260,350,342,256,440,130,113,160,161,112,192,105,147,190,181,144,248,958,0,958,효령로31길
2019,4,A,골목상권,1000880,4680,2175,2505,682,757,894,774,643,930,364,353,400,356,286,416,318,404,494,418,357,514,2046,0,2046,효령로23길
2019,4,A,골목상권,1000879,3837,1806,2031,537,581,615,612,554,938,291,263,293,300,245,414,246,318,322,312,309,524,1765,0,1765,청두곶길
2019,4,A,골목상권,1000878,3928,1943,1985,215,891,1145,615,465,597,117,405,564,348,248,261,98,486,581,267,217,336,2734,0,2734,주흥길
2019,4,A,골목상권,1000877,2741,1295,1446,192,557,709,485,311,487,99,250,338,252,154,202,93,307,371,233,157,285,1773,0,1773,주흥15길
2019,4,A,골목상권,1000876,2027,1028,999,265,326,418,362,295,361,137,158,214,188,153,178,128,168,204,174,142,183,968,0,968,언남길
2019,4,A,골목상권,1000875,2532,1224,1308,298,461,521,401,332,519,154,221,256,197,162,234,144,240,265,204,170,285,1323,0,1323,신반포로45길
2019,4,A,골목상권,1000874,163,84,79,11,18,23,26,26,59,7,11,10,18,11,27,4,7,13,8,15,32,96,0,96,서초대로8길
2019,4,A,골목상권,1000873,1800,857,943,385,216,290,364,259,286,195,105,123,179,126,129,190,111,167,185,133,157,647,0,647,서초대로64길
2019,4,A,골목상권,1000872,3385,1540,1845,488,512,580,513,521,771,246,227,261,238,229,339,242,285,319,275,292,432,1461,0,1461,서초대로4길
2019,4,A,골목상권,1000871,1206,566,640,198,175,244,179,174,236,101,80,116,80,76,113,97,95,128,99,98,123,516,0,516,서초대로25길
2019,4,A,골목상권,1000870,2266,1078,1188,317,265,450,403,350,481,166,133,209,201,170,199,151,132,241,202,180,282,1142,0,1142,서초대로23길
2019,4,A,골목상권,1000869,2087,937,1150,329,324,454,368,248,364,156,142,205,166,114,154,173,182,249,202,134,210,1024,0,1024,서초대로15길
2019,4,A,골목상권,1000868,1159,509,650,54,278,314,167,146,200,27,106,148,76,61,91,27,172,166,91,85,109,804,0,804,사평대로57길
2019,4,A,골목상권,1000867,187,79,108,28,37,21,33,25,43,13,14,9,13,10,20,15,23,12,20,15,23,79,0,79,사평대로26길
2019,4,A,골목상권,1000866,1556,706,850,319,197,214,302,230,294,168,91,87,122,107,131,151,106,127,180,123,163,602,0,602,사평대로22길
2019,4,A,골목상권,1000865,1059,516,543,147,195,199,171,146,201,76,101,100,87,68,84,71,94,99,84,78,117,559,0,559,사임당로17길
2019,4,A,골목상권,1000864,993,453,540,229,122,127,194,144,177,112,58,53,90,71,69,117,64,74,104,73,108,380,0,380,방배로42길
2019,4,A,골목상권,1000863,1439,661,778,253,190,186,281,227,302,114,94,76,125,110,142,139,96,110,156,117,160,606,0,606,방배로35길
2019,4,A,골목상권,1000862,1666,746,920,212,276,411,231,215,321,108,108,190,102,92,146,104,168,221,129,123,175,845,0,845,방배로18길
2019,4,A,골목상권,1000861,1502,739,763,236,244,248,217,258,299,132,127,129,102,125,124,104,117,119,115,133,175,667,0,667,반포대로9길
2019,4,A,골목상권,1000860,2773,1340,1433,335,446,537,394,415,646,172,225,292,171,188,292,163,221,245,223,227,354,1281,0,1281,바우뫼로39길
2019,4,A,골목상권,1000859,1469,733,736,216,224,296,250,187,296,113,115,159,130,86,130,103,109,137,120,101,166,655,0,655,마방로2길
2019,4,A,골목상권,1000858,1209,544,665,172,189,240,193,169,246,80,75,105,101,70,113,92,114,135,92,99,133,604,0,604,방배천로4안길
2019,4,A,골목상권,1000857,1980,1003,977,273,295,442,355,267,348,138,157,236,184,126,162,135,138,206,171,141,186,944,0,944,동산로19길
2019,4,A,골목상권,1000856,3259,1596,1663,483,476,637,534,498,631,250,253,324,274,233,262,233,223,313,260,265,369,1402,0,1402,동산로10길
2019,4,A,골목상권,1000855,1713,765,948,307,213,270,308,235,380,165,86,116,141,109,148,142,127,154,167,126,232,759,0,759,동광로39길
2019,4,A,골목상권,1000854,3354,1563,1791,575,485,507,648,529,610,295,233,244,277,251,263,280,252,263,371,278,347,1442,0,1442,동광로1길
2019,4,A,골목상권,1000853,1352,626,726,240,194,171,251,201,295,98,90,85,115,99,139,142,104,86,136,102,156,559,0,559,동광로12길
2019,4,A,골목상권,1000852,1740,830,910,154,271,361,317,258,379,82,137,181,148,119,163,72,134,180,169,139,216,1005,0,1005,논현로27길
2019,4,A,골목상권,1000851,3092,1504,1588,482,475,603,581,474,477,245,226,306,280,237,210,237,249,297,301,237,267,1328,0,1328,논현로1길
2019,4,A,골목상권,1000850,1518,740,778,262,193,323,285,192,263,133,79,169,139,103,117,129,114,154,146,89,146,709,0,709,남부순환로339길
2019,4,A,골목상권,1000849,2415,1191,1224,330,352,334,397,427,575,174,180,160,192,216,269,156,172,174,205,211,306,1082,0,1082,남부순환로325길
2019,4,A,골목상권,1000848,1689,813,876,301,266,251,290,254,327,163,127,120,139,115,149,138,139,131,151,139,178,655,0,655,남부순환로317길
2019,4,A,골목상권,1000847,1948,925,1023,411,211,298,329,283,416,216,96,137,150,139,187,195,115,161,179,144,229,721,0,721,고무래로8길
2019,4,A,골목상권,1000846,3544,1793,1751,437,612,787,553,518,637,224,321,412,303,246,287,213,291,375,250,272,350,1785,0,1785,강남대로8길
2019,4,A,골목상권,1000845,2627,1240,1387,263,447,654,360,356,547,143,192,344,170,165,226,120,255,310,190,191,321,1367,0,1367,강남대로34길
2019,4,A,골목상권,1000844,1038,507,531,124,148,240,142,163,221,68,68,112,78,74,107,56,80,128,64,89,114,517,0,517,강남대로23길
2019,4,A,골목상권,1000843,683,359,324,26,63,80,129,141,244,20,29,41,72,87,110,6,34,39,57,54,134,513,0,513,소담길
2019,4,A,골목상권,1000842,1297,651,646,141,136,179,171,245,425,74,66,102,103,119,187,67,70,77,68,126,238,648,0,648,원신길
2019,4,A,골목상권,1000841,1721,869,852,161,193,197,247,327,596,78,108,126,134,174,249,83,85,71,113,153,347,889,0,889,양지길
2019,4,A,골목상권,1000840,1508,756,752,116,260,266,245,234,387,62,133,155,142,108,156,54,127,111,103,126,231,898,0,898,양산길
2019,4,A,골목상권,1000839,2774,1759,1015,91,891,698,434,299,361,45,517,489,321,212,175,46,374,209,113,87,186,2305,0,2305,호암로24길
2019,4,A,골목상권,1000838,2909,1885,1024,120,887,650,462,362,428,65,526,477,372,231,214,55,361,173,90,131,214,2232,0,2232,호암로20길
2019,4,A,골목상권,1000837,4856,2402,2454,306,1568,1255,557,427,743,155,697,708,301,202,339,151,871,547,256,225,404,3366,0,3366,행운길
2019,4,A,골목상권,1000836,3282,1613,1669,242,827,602,365,436,810,124,357,321,199,234,378,118,470,281,166,202,432,2077,0,2077,행운1길
2019,4,A,골목상권,1000835,4051,1981,2070,465,506,518,592,689,1281,240,275,273,331,342,520,225,231,245,261,347,761,2051,0,2051,청림3길
2019,4,A,골목상권,1000834,3495,1677,1818,195,1320,727,341,341,571,101,563,373,188,174,278,94,757,354,153,167,293,2573,0,2573,청룡길
2019,4,A,골목상권,1000833,1957,896,1061,162,693,361,216,177,348,84,254,202,119,78,159,78,439,159,97,99,189,1321,0,1321,청룡8길
2019,4,A,골목상권,1000832,3245,1589,1656,280,802,607,403,414,739,141,379,319,220,220,310,139,423,288,183,194,429,1871,0,1871,중앙길
2019,4,A,골목상권,1000831,4273,2132,2141,423,823,684,605,695,1043,215,355,388,314,371,489,208,468,296,291,324,554,2434,0,2434,조원중앙로2길
2019,4,A,골목상권,1000830,1941,965,976,130,617,449,224,195,326,69,272,243,134,93,154,61,345,206,90,102,172,1335,0,1335,조원로18길
2019,4,A,골목상권,1000829,1693,872,821,138,312,288,210,306,439,78,133,157,126,169,209,60,179,131,84,137,230,1002,0,1002,조원로10길
2019,4,A,골목상권,1000828,1840,916,924,131,610,347,209,173,370,74,277,189,123,87,166,57,333,158,86,86,204,1221,0,1221,장군봉2길
2019,4,A,골목상권,1000827,835,390,445,69,147,121,105,121,272,40,57,68,56,62,107,29,90,53,49,59,165,530,0,530,장군봉1길
2019,4,A,골목상권,1000826,2890,1364,1526,318,517,496,435,441,683,154,243,243,222,216,286,164,274,253,213,225,397,1407,0,1407,인헌길
2019,4,A,골목상권,1000825,1382,674,708,235,167,214,244,196,326,118,92,105,127,102,130,117,75,109,117,94,196,567,0,567,은천로25길
2019,4,A,골목상권,1000824,4480,2160,2320,321,1191,862,493,580,1033,174,493,480,258,282,473,147,698,382,235,298,560,2723,0,2723,양녕로6길
2019,4,A,골목상권,1000823,2726,1334,1392,164,655,471,324,391,721,77,306,277,185,171,318,87,349,194,139,220,403,1724,0,1724,신원로3길
2019,4,A,골목상권,1000822,1882,955,927,137,573,369,224,209,370,84,262,208,113,110,178,53,311,161,111,99,192,1237,0,1237,신사로20길
2019,4,A,골목상권,1000821,2021,1030,991,72,906,526,183,149,185,41,433,302,96,76,82,31,473,224,87,73,103,1645,0,1645,신림로65길
2019,4,A,골목상권,1000820,1672,912,760,49,654,460,186,149,174,28,311,258,116,104,95,21,343,202,70,45,79,1402,0,1402,신림로64길
2019,4,A,골목상권,1000819,2514,1296,1218,192,671,509,319,363,460,107,333,307,158,181,210,85,338,202,161,182,250,1509,0,1509,신림로48길
2019,4,A,골목상권,1000818,3866,1975,1891,410,919,790,548,478,721,213,464,434,306,233,325,197,455,356,242,245,396,2160,0,2160,신림로38길
2019,4,A,골목상권,1000817,2951,1706,1245,230,866,631,428,349,447,117,477,407,278,205,222,113,389,224,150,144,225,2051,0,2051,신림로28길
2019,4,A,골목상권,1000816,4554,2706,1848,308,1271,937,642,608,788,164,748,632,425,372,365,144,523,305,217,236,423,3152,0,3152,신림로11길
2019,4,A,골목상권,1000815,4331,2176,2155,127,1731,1230,485,306,452,56,792,683,285,167,193,71,939,547,200,139,259,3600,0,3600,신림동길
2019,4,A,골목상권,1000814,3100,1466,1634,219,821,807,354,381,518,106,344,426,179,156,255,113,477,381,175,225,263,1835,0,1835,승방길
2019,4,A,골목상권,1000813,3996,2640,1356,205,1356,1016,548,364,507,115,885,737,404,255,244,90,471,279,144,109,263,3104,0,3104,서림7길
2019,4,A,골목상권,1000812,4033,1944,2089,446,826,714,567,503,977,235,373,367,300,242,427,211,453,347,267,261,550,2198,0,2198,봉천로33길
2019,4,A,골목상권,1000811,3806,1870,1936,464,784,637,502,489,930,257,380,336,244,235,418,207,404,301,258,254,512,1908,0,1908,봉천로13길
2019,4,A,골목상권,1000810,3919,2130,1789,333,1029,712,522,537,786,163,558,455,301,289,364,170,471,257,221,248,422,2346,0,2346,복은길
2019,4,A,골목상권,1000809,1374,657,717,180,227,176,195,255,341,89,112,98,96,114,148,91,115,78,99,141,193,646,0,646,법원단지길
2019,4,A,골목상권,1000808,5050,2510,2540,686,778,633,781,943,1229,375,395,334,401,432,573,311,383,299,380,511,656,2108,0,2108,법원단지9길
2019,4,A,골목상권,1000807,4604,2274,2330,648,683,630,727,788,1128,324,359,330,359,374,528,324,324,300,368,414,600,1995,0,1995,미성5길
2019,4,A,골목상권,1000806,1780,1096,684,98,573,381,264,185,279,47,351,267,179,127,125,51,222,114,85,58,154,1335,0,1335,대학길
2019,4,A,골목상권,1000805,2838,1954,884,162,742,577,520,414,423,88,480,438,388,327,233,74,262,139,132,87,190,2238,0,2238,대학14길
2019,4,A,골목상권,1000804,1759,864,895,165,334,279,263,269,449,86,152,156,124,132,214,79,182,123,139,137,235,988,0,988,당곡길
2019,4,A,골목상권,1000803,1921,911,1010,191,410,387,248,237,448,88,176,210,120,116,201,103,234,177,128,121,247,989,0,989,남현길
2019,4,A,골목상권,1000802,1627,751,876,113,403,378,214,189,330,54,168,182,112,82,153,59,235,196,102,107,177,1026,0,1026,남현3길
2019,4,A,골목상권,1000801,2815,1347,1468,221,651,620,336,366,621,119,315,306,171,161,275,102,336,314,165,205,346,1603,0,1603,남현2길
2019,4,A,골목상권,1000800,1575,750,825,132,375,304,194,214,356,62,171,156,97,106,158,70,204,148,97,108,198,905,0,905,남부순환로248길
2019,4,A,골목상권,1000799,1765,910,855,151,497,349,229,181,358,70,256,205,122,91,166,81,241,144,107,90,192,1145,0,1145,남부순환로234길
2019,4,A,골목상권,1000798,2624,1342,1282,255,653,450,354,397,515,130,341,253,179,204,235,125,312,197,175,193,280,1429,0,1429,남부순환로172길
2019,4,A,골목상권,1000797,3714,1894,1820,367,833,593,507,638,776,193,422,340,244,335,360,174,411,253,263,303,416,2049,0,2049,남부순환로161길
2019,4,A,골목상권,1000796,3379,1676,1703,317,848,624,476,486,628,170,395,353,234,232,292,147,453,271,242,254,336,1936,0,1936,남부순환로151길
2019,4,A,골목상권,1000795,3541,1731,1810,409,690,708,468,538,728,193,319,378,262,256,323,216,371,330,206,282,405,1876,0,1876,남부순환로142길
2019,4,A,골목상권,1000794,2551,1334,1217,292,284,257,435,427,856,152,152,148,237,238,407,140,132,109,198,189,449,1326,0,1326,난향길
2019,4,A,골목상권,1000793,2314,1144,1170,363,293,296,370,390,602,168,146,152,198,193,287,195,147,144,172,197,315,1022,0,1022,난우길
2019,4,A,골목상권,1000792,1833,858,975,132,520,376,218,209,378,71,208,188,112,108,171,61,312,188,106,101,207,1202,0,1202,난곡로74길
2019,4,A,골목상권,1000791,2451,1239,1212,296,377,352,358,478,590,168,176,187,194,236,278,128,201,165,164,242,312,1118,0,1118,난곡로34길
2019,4,A,골목상권,1000790,3180,1627,1553,325,493,359,502,598,903,176,258,211,275,305,402,149,235,148,227,293,501,1635,0,1635,난곡로26길
2019,4,A,골목상권,1000789,2506,1317,1189,295,308,332,373,430,768,155,181,188,212,225,356,140,127,144,161,205,412,1200,0,1200,난곡로24길
2019,4,A,골목상권,1000788,5165,2595,2570,458,1607,1128,666,490,816,224,768,637,353,242,371,234,839,491,313,248,445,3340,0,3340,낙성대역길
2019,4,A,골목상권,1000787,5343,2644,2699,725,799,791,840,856,1332,371,418,403,443,411,598,354,381,388,397,445,734,2392,0,2392,국회단지길
2019,4,A,골목상권,1000786,8573,4191,4382,1331,1383,1540,1329,1291,1699,698,654,753,686,624,776,633,729,787,643,667,923,3910,0,3910,구암길
2019,4,A,골목상권,1000785,4179,2051,2128,334,1075,904,548,467,851,150,533,478,294,222,374,184,542,426,254,245,477,2536,0,2536,관천로22길
2019,4,A,골목상권,1000784,4579,2296,2283,506,1063,796,651,659,904,264,496,466,335,321,414,242,567,330,316,338,490,2506,0,2506,관천로15길
2019,4,A,골목상권,1000783,2734,1368,1366,427,418,403,406,442,638,214,228,211,207,218,290,213,190,192,199,224,348,1034,0,1034,관악로30길
2019,4,A,골목상권,1000782,3044,1526,1518,470,413,435,509,490,727,238,230,217,266,235,340,232,183,218,243,255,387,1137,0,1137,관악로28길
2019,4,A,골목상권,1000781,1339,638,701,80,512,279,137,104,227,42,224,149,70,52,101,38,288,130,67,52,126,949,0,949,관악로14길
2019,4,A,골목상권,1000780,4485,2218,2267,496,1400,893,543,457,696,249,644,501,294,229,301,247,756,392,249,228,395,2742,0,2742,관악로10길
2019,4,A,골목상권,1000779,1982,994,988,166,650,290,215,242,419,84,343,167,110,105,185,82,307,123,105,137,234,1194,0,1194,흑석로9길
2019,4,A,골목상권,1000778,2511,1234,1277,428,414,462,391,435,381,218,198,237,192,224,165,210,216,225,199,211,216,1005,0,1005,흑석로13길
2019,4,A,골목상권,1000777,2300,1209,1091,141,475,371,266,388,659,85,256,225,164,193,286,56,219,146,102,195,373,1431,0,1431,장승배기로27길
2019,4,A,골목상권,1000776,2317,1180,1137,168,308,328,275,447,791,91,157,195,153,234,350,77,151,133,122,213,441,1291,0,1291,장승배기로19길
2019,4,A,골목상권,1000775,350,188,162,35,70,35,46,69,95,20,38,23,22,37,48,15,32,12,24,32,47,195,0,195,장승배기로10길
2019,4,A,골목상권,1000774,2947,1361,1586,695,464,352,636,412,388,289,197,170,299,222,184,406,267,182,337,190,204,1166,0,1166,여의대방로46길
2019,4,A,골목상권,1000773,2862,1357,1505,381,564,507,460,395,555,194,252,237,218,201,255,187,312,270,242,194,300,1484,0,1484,여의대방로24길
2019,4,A,골목상권,1000772,3256,1568,1688,318,830,631,458,426,593,170,334,332,228,228,276,148,496,299,230,198,317,1827,0,1827,여의대방로22카길
2019,4,A,골목상권,1000771,2485,1196,1289,332,405,447,374,353,574,168,197,218,189,177,247,164,208,229,185,176,327,1190,0,1190,여의대방로22나길
2019,4,A,골목상권,1000770,2332,1148,1184,253,481,450,351,324,473,140,236,234,182,158,198,113,245,216,169,166,275,1255,0,1255,여의대방로22길
2019,4,A,골목상권,1000769,1936,945,991,317,277,290,331,290,431,164,137,132,175,131,206,153,140,158,156,159,225,798,0,798,양녕로26길
2019,4,A,골목상권,1000768,3762,1810,1952,400,579,524,559,629,1071,208,296,271,257,318,460,192,283,253,302,311,611,2199,0,2199,신대방길
2019,4,A,골목상권,1000767,2161,1031,1130,258,370,357,343,308,525,136,182,177,180,144,212,122,188,180,163,164,313,1060,0,1060,성대로29길
2019,4,A,골목상권,1000766,1153,568,585,89,275,233,153,166,237,40,125,112,88,96,107,49,150,121,65,70,130,751,0,751,성대로1길
2019,4,A,골목상권,1000765,586,288,298,55,106,60,67,104,194,22,62,34,38,54,78,33,44,26,29,50,116,316,0,316,서달로8가길
2019,4,A,골목상권,1000764,347,180,167,22,61,50,37,56,121,9,34,29,24,27,57,13,27,21,13,29,64,221,0,221,서달로15길
2019,4,A,골목상권,1000763,342,163,179,36,57,39,31,70,109,19,28,16,15,37,48,17,29,23,16,33,61,184,0,184,서달로14길
2019,4,A,골목상권,1000762,1546,747,799,148,230,199,232,258,479,81,116,107,125,126,192,67,114,92,107,132,287,789,0,789,서달로10길
2019,4,A,골목상권,1000761,2943,1420,1523,339,983,519,358,309,435,159,487,252,183,146,193,180,496,267,175,163,242,1737,0,1737,상도로62길
2019,4,A,골목상권,1000760,2291,1192,1099,231,740,352,249,284,435,132,412,190,134,123,201,99,328,162,115,161,234,1307,0,1307,상도로61길
2019,4,A,골목상권,1000759,3971,1958,2013,487,1310,511,456,447,760,236,711,265,214,201,331,251,599,246,242,246,429,2261,0,2261,상도로47길
2019,4,A,골목상권,1000758,1336,646,690,153,412,206,152,166,247,68,202,114,81,77,104,85,210,92,71,89,143,745,0,745,상도로37길
2019,4,A,골목상권,1000757,3910,1876,2034,306,954,798,496,523,833,151,449,402,264,254,356,155,505,396,232,269,477,2306,0,2306,상도로15길
2019,4,A,골목상권,1000756,2576,1223,1353,254,514,471,367,386,584,136,242,229,188,187,241,118,272,242,179,199,343,1324,0,1324,사당로8길
2019,4,A,골목상권,1000755,1012,473,539,55,243,238,133,109,234,34,104,124,71,42,98,21,139,114,62,67,136,645,0,645,사당로30길
2019,4,A,골목상권,1000754,2640,1269,1371,378,406,461,444,341,610,209,182,225,224,158,271,169,224,236,220,183,339,1348,0,1348,사당로2차길
2019,4,A,골목상권,1000753,2291,1090,1201,188,475,421,303,365,539,89,221,205,159,180,236,99,254,216,144,185,303,1284,0,1284,사당로29길
2019,4,A,골목상권,1000752,2919,1409,1510,237,679,617,335,389,662,132,309,328,165,181,294,105,370,289,170,208,368,1652,0,1652,사당로26길
2019,4,A,골목상권,1000751,745,379,366,87,99,114,111,138,196,46,41,71,62,69,90,41,58,43,49,69,106,363,0,363,사당로23나길
2019,4,A,골목상권,1000750,3524,1691,1833,783,382,757,609,444,549,389,179,332,333,206,252,394,203,425,276,238,297,1191,0,1191,사당로23길
2019,4,A,골목상권,1000749,2707,1298,1409,236,580,557,354,363,617,116,270,293,188,162,269,120,310,264,166,201,348,1516,0,1516,사당로20길
2019,4,A,골목상권,1000748,3448,1629,1819,340,542,588,510,503,965,179,236,301,265,240,408,161,306,287,245,263,557,1787,0,1787,사당로16길
2019,4,A,골목상권,1000747,2221,1065,1156,221,457,394,316,302,531,113,211,193,173,141,234,108,246,201,143,161,297,1148,0,1148,사당로16가길
2019,4,A,골목상권,1000746,3669,1883,1786,499,756,666,453,474,821,265,424,383,233,212,366,234,332,283,220,262,455,1777,0,1777,만양로8길
2019,4,A,골목상권,1000745,1011,617,394,37,408,240,98,73,155,23,268,165,68,36,57,14,140,75,30,37,98,788,0,788,만양로14길
2019,4,A,골목상권,1000744,1901,974,927,164,331,318,253,312,523,89,190,175,136,155,229,75,141,143,117,157,294,1012,0,1012,등용로14길
2019,4,A,골목상권,1000743,3347,1585,1762,190,902,732,361,430,732,101,386,365,191,203,339,89,516,367,170,227,393,2086,0,2086,동작대로7길
2019,4,A,골목상권,1000742,2400,1199,1201,287,312,388,345,388,680,166,156,209,177,191,300,121,156,179,168,197,380,1092,0,1092,동작대로35길
2019,4,A,골목상권,1000741,2616,1226,1390,206,447,429,367,390,777,110,205,215,177,178,341,96,242,214,190,212,436,1462,0,1462,동작대로33길
2019,4,A,골목상권,1000740,807,410,397,92,123,116,116,116,244,55,68,62,63,54,108,37,55,54,53,62,136,336,0,336,동작대로29길
2019,4,A,골목상권,1000739,2420,1141,1279,159,466,527,325,323,620,87,199,247,175,145,288,72,267,280,150,178,332,1536,0,1536,동작대로17길
2019,4,A,골목상권,1000738,3546,1584,1962,454,842,676,507,451,616,241,343,282,234,209,275,213,499,394,273,242,341,1846,0,1846,대방동2길
2019,4,A,골목상권,1000737,4149,2080,2069,693,778,696,733,602,647,381,384,353,369,308,285,312,394,343,364,294,362,1970,0,1970,대방동27길
2019,4,A,골목상권,1000736,3069,1544,1525,270,506,426,410,626,831,137,255,247,228,303,374,133,251,179,182,323,457,1599,0,1599,노량진로6길
2019,4,A,골목상권,1000735,3960,1894,2066,473,761,784,540,524,878,242,332,416,286,244,374,231,429,368,254,280,504,2094,0,2094,국사봉길
2019,4,A,골목상권,1000734,1401,640,761,130,390,306,183,134,258,76,148,148,85,60,123,54,242,158,98,74,135,844,0,844,국사봉2길
2019,4,A,골목상권,1000733,3299,1574,1725,324,583,589,504,472,827,168,279,298,258,218,353,156,304,291,246,254,474,1871,0,1871,국사봉1길
2019,4,A,골목상권,1000732,2520,1323,1197,207,337,409,324,468,775,109,194,227,162,243,388,98,143,182,162,225,387,1454,0,1454,영신로9길
2019,4,A,골목상권,1000731,2777,1402,1375,196,639,513,375,423,631,98,276,294,203,243,288,98,363,219,172,180,343,1870,0,1870,영등포로84길
2019,4,A,골목상권,1000730,2290,1201,1089,215,406,346,334,367,622,118,212,210,186,201,274,97,194,136,148,166,348,1315,0,1315,영등포로80길
2019,4,A,골목상권,1000729,1568,818,750,128,268,318,227,234,393,57,147,174,133,122,185,71,121,144,94,112,208,946,0,946,영등포로62길
2019,4,A,골목상권,1000728,1468,820,648,77,350,357,171,211,302,43,147,217,105,135,173,34,203,140,66,76,129,1048,0,1048,영등포로35길
2019,4,A,골목상권,1000727,2065,1114,951,144,437,481,260,308,435,70,197,295,162,181,209,74,240,186,98,127,226,1328,0,1328,영등포로27길
2019,4,A,골목상권,1000726,1759,866,893,116,368,318,218,295,444,55,163,177,120,149,202,61,205,141,98,146,242,1098,0,1098,영등포로25길
2019,4,A,골목상권,1000725,2187,1105,1082,187,298,418,352,342,590,87,152,247,176,178,265,100,146,171,176,164,325,1203,0,1203,여의대방로61길
2019,4,A,골목상권,1000724,3453,1726,1727,417,477,499,488,618,954,236,238,273,250,299,430,181,239,226,238,319,524,1628,0,1628,여의대방로43나길
2019,4,A,골목상권,1000723,361,167,194,31,71,56,48,61,94,17,31,25,20,33,41,14,40,31,28,28,53,213,0,213,여의대방로39길
2019,4,A,골목상권,1000722,1624,835,789,167,315,272,207,244,419,93,147,148,114,128,205,74,168,124,93,116,214,858,0,858,여의대방로35길
2019,4,A,골목상권,1000721,4214,2140,2074,582,672,1147,595,544,674,299,304,622,315,273,327,283,368,525,280,271,347,1954,0,1954,양평로28길
2019,4,A,골목상권,1000720,1518,749,769,182,268,477,232,162,197,114,103,246,117,87,82,68,165,231,115,75,115,829,0,829,양평로22라길
2019,4,A,골목상권,1000719,3245,1609,1636,544,456,614,504,481,646,266,233,316,263,244,287,278,223,298,241,237,359,1269,0,1269,양평로19길
2019,4,A,골목상권,1000718,2914,1461,1453,286,335,349,437,530,977,140,172,183,230,274,462,146,163,166,207,256,515,1484,0,1484,신길로60길
2019,4,A,골목상권,1000717,2616,1318,1298,272,331,288,386,511,828,134,180,157,210,272,365,138,151,131,176,239,463,1286,0,1286,신길로42길
2019,4,A,골목상권,1000716,3828,1876,1952,454,512,410,610,691,1151,238,277,223,317,323,498,216,235,187,293,368,653,1868,0,1868,신길로42가길
2019,4,A,골목상권,1000715,1912,973,939,207,250,212,288,371,584,110,139,123,149,193,259,97,111,89,139,178,325,1040,0,1040,신길로39길
2019,4,A,골목상권,1000714,2345,1143,1202,197,374,306,319,412,737,106,204,172,159,188,314,91,170,134,160,224,423,1214,0,1214,신길로17길
2019,4,A,골목상권,1000713,1059,544,515,138,126,174,159,153,309,74,67,101,85,72,145,64,59,73,74,81,164,487,0,487,선유서로28길
2019,4,A,골목상권,1000712,3393,1763,1630,383,551,792,538,459,670,203,266,436,297,253,308,180,285,356,241,206,362,1839,0,1839,선유서로25길
2019,4,A,골목상권,1000711,1288,664,624,106,148,192,169,214,459,52,82,117,100,117,196,54,66,75,69,97,263,752,0,752,선유서로24길
2019,4,A,골목상권,1000710,2571,1255,1316,185,666,711,324,274,411,99,268,361,182,155,190,86,398,350,142,119,221,1642,0,1642,선유로55길
2019,4,A,골목상권,1000709,64,62,2,54,2,2,2,1,3,54,1,2,2,0,3,0,1,0,0,1,0,6,0,6,디지털로74길
2019,4,A,골목상권,1000708,1449,710,739,116,152,162,231,284,504,66,81,83,115,150,215,50,71,79,116,134,289,878,0,878,디지털로57길
2019,4,A,골목상권,1000707,1300,623,677,122,133,126,182,235,502,65,69,64,88,114,223,57,64,62,94,121,279,708,0,708,디지털로37길
2019,4,A,골목상권,1000706,1703,832,871,178,271,242,234,264,514,89,143,137,119,122,222,89,128,105,115,142,292,871,0,871,도신로62길
2019,4,A,골목상권,1000705,1029,503,526,101,174,145,137,150,322,46,83,78,68,75,153,55,91,67,69,75,169,554,0,554,도신로60길
2019,4,A,골목상권,1000704,1623,824,799,206,211,233,254,304,415,121,111,121,122,159,190,85,100,112,132,145,225,761,0,761,도신로29길
2019,4,A,골목상권,1000703,3487,1722,1765,292,620,715,505,556,799,152,266,370,286,278,370,140,354,345,219,278,429,1851,0,1851,도신로15길
2019,4,A,골목상권,1000702,2521,1241,1280,220,491,442,354,398,616,100,227,255,164,202,293,120,264,187,190,196,323,1447,0,1447,도림천로21길
2019,4,A,골목상권,1000701,372,194,178,57,37,46,61,74,97,24,25,25,33,35,52,33,12,21,28,39,45,164,0,164,도림로63길
2019,4,A,골목상권,1000700,306,170,136,11,37,42,33,47,136,7,23,18,24,27,71,4,14,24,9,20,65,188,0,188,도림로147길
2019,4,A,골목상권,1000699,2145,1125,1020,192,267,268,328,409,681,100,144,152,177,226,326,92,123,116,151,183,355,1118,0,1118,도림로112길
2019,4,A,골목상권,1000698,2883,1424,1459,258,496,370,422,483,854,143,228,201,216,252,384,115,268,169,206,231,470,1599,0,1599,대림로8길
2019,4,A,골목상권,1000697,1015,489,526,82,145,114,131,201,342,46,70,64,57,95,157,36,75,50,74,106,185,566,0,566,대림로7길
2019,4,A,골목상권,1000696,2219,1166,1053,301,318,270,391,428,511,162,164,155,199,233,253,139,154,115,192,195,258,982,0,982,대림로44길
2019,4,A,골목상권,1000695,2717,1393,1324,362,389,282,402,558,724,189,211,165,202,285,341,173,178,117,200,273,383,1191,0,1191,대림로34길
2019,4,A,골목상권,1000694,2299,1161,1138,229,287,278,381,478,646,122,134,152,203,259,291,107,153,126,178,219,355,1223,0,1223,대림로31길
2019,4,A,골목상권,1000693,1716,890,826,126,215,216,279,333,547,65,114,128,150,179,254,61,101,88,129,154,293,1077,0,1077,대림로29길
2019,4,A,골목상권,1000692,4250,2136,2114,452,647,447,622,843,1239,237,338,245,310,443,563,215,309,202,312,400,676,1933,0,1933,대림로22길
2019,4,A,골목상권,1000691,2227,1115,1112,137,602,507,264,278,439,60,276,288,140,148,203,77,326,219,124,130,236,1413,0,1413,당산로46길
2019,4,A,골목상권,1000690,1783,817,966,125,600,491,185,157,225,60,235,263,88,73,98,65,365,228,97,84,127,1261,0,1261,당산로38길
2019,4,A,골목상권,1000689,1307,620,687,138,164,234,177,208,386,70,77,115,90,115,153,68,87,119,87,93,233,775,0,775,당산로37길
2019,4,A,골목상권,1000688,996,506,490,91,217,225,126,132,205,51,96,121,66,68,104,40,121,104,60,64,101,582,0,582,당산로31길
2019,4,A,골목상권,1000687,3178,1804,1374,132,1022,1169,343,212,300,57,498,731,223,138,157,75,524,438,120,74,143,2475,0,2475,국회대로56길
2019,4,A,골목상권,1000686,138,106,32,1,7,5,18,37,70,1,4,3,18,32,48,0,3,2,0,5,22,123,0,123,경인로90길
2019,4,A,골목상권,1000685,132,73,59,8,4,20,24,14,62,3,2,13,18,10,27,5,2,7,6,4,35,64,0,64,경인로80길
2019,4,A,골목상권,1000684,215,122,93,4,37,32,25,34,83,1,23,18,18,22,40,3,14,14,7,12,43,163,0,163,경인로77길
2019,4,A,골목상권,1000683,1829,931,898,196,253,195,253,379,553,103,141,110,134,196,247,93,112,85,119,183,306,880,0,880,가마산로61길
2019,4,A,골목상권,1000682,3623,1867,1756,419,580,534,518,697,875,215,307,302,263,355,425,204,273,232,255,342,450,1802,0,1802,시흥대로94길
2019,4,A,골목상권,1000681,5700,2902,2798,628,855,749,815,1183,1470,344,469,412,412,584,681,284,386,337,403,599,789,2651,0,2651,시흥대로84길
2019,4,A,골목상권,1000680,2569,1302,1267,283,366,318,395,489,718,151,195,182,207,243,324,132,171,136,188,246,394,1267,0,1267,시흥대로68길
2019,4,A,골목상권,1000679,1585,766,819,150,267,264,227,273,404,76,118,140,119,127,186,74,149,124,108,146,218,857,0,857,시흥대로63길
2019,4,A,골목상권,1000678,2893,1484,1409,346,373,347,448,568,811,182,213,197,227,286,379,164,160,150,221,282,432,1391,0,1391,시흥대로62가길
2019,4,A,골목상권,1000677,1934,1001,933,274,230,278,299,335,518,139,128,162,163,171,238,135,102,116,136,164,280,837,0,837,시흥대로36길
2019,4,A,골목상권,1000676,3439,1725,1714,467,445,490,501,571,965,236,238,268,260,275,448,231,207,222,241,296,517,1336,0,1336,시흥대로22길
2019,4,A,골목상권,1000675,1976,1087,889,164,417,482,229,318,366,85,218,308,117,166,193,79,199,174,112,152,173,1218,0,1218,시흥대로153길
2019,4,A,골목상권,1000674,4743,2406,2337,527,757,800,665,808,1186,275,375,435,346,419,556,252,382,365,319,389,630,2299,0,2299,시흥대로150길
2019,4,A,골목상권,1000673,2265,1261,1004,146,573,427,270,359,490,67,286,266,161,222,259,79,287,161,109,137,231,1562,0,1562,시흥대로141길
2019,4,A,골목상권,1000672,548,294,254,58,61,60,83,109,177,35,36,39,38,60,86,23,25,21,45,49,91,286,0,286,시흥대로138길
2019,4,A,골목상권,1000671,3277,1642,1635,335,521,462,456,670,833,175,252,247,237,346,385,160,269,215,219,324,448,1594,0,1594,시흥대로120길
2019,4,A,골목상권,1000670,1041,562,479,75,152,163,151,190,310,39,88,100,83,105,147,36,64,63,68,85,163,656,0,656,벚꽃로56길
2019,4,A,골목상권,1000669,1621,869,752,180,304,327,278,245,287,86,147,205,155,134,142,94,157,122,123,111,145,861,0,861,범안로17길
2019,4,A,골목상권,1000668,1319,767,552,70,380,439,181,116,133,38,198,276,113,72,70,32,182,163,68,44,63,993,0,993,범안로11길
2019,4,A,골목상권,1000667,3219,1602,1617,295,550,470,432,666,806,136,266,260,236,324,380,159,284,210,196,342,426,1645,0,1645,문성로5길
2019,4,A,골목상권,1000666,644,310,334,76,81,88,112,134,153,36,45,47,56,68,58,40,36,41,56,66,95,308,0,308,독산로85길
2019,4,A,골목상권,1000665,3071,1544,1527,362,439,375,432,612,851,190,225,204,210,317,398,172,214,171,222,295,453,1415,0,1415,독산로78다길
2019,4,A,골목상권,1000664,2548,1298,1250,236,319,273,409,618,693,115,173,145,199,345,321,121,146,128,210,273,372,1452,0,1452,독산로70길
2019,4,A,골목상권,1000663,2172,1115,1057,236,306,253,335,483,559,128,175,136,169,249,258,108,131,117,166,234,301,1045,0,1045,독산로64길
2019,4,A,골목상권,1000662,2343,1160,1183,340,332,312,356,406,597,173,178,154,182,184,289,167,154,158,174,222,308,864,0,864,독산로50길
2019,4,A,골목상권,1000661,2558,1269,1289,374,291,362,366,475,690,191,163,197,182,226,310,183,128,165,184,249,380,1142,0,1142,독산로40길
2019,4,A,골목상권,1000660,1880,985,895,165,327,289,282,402,415,86,174,176,141,215,193,79,153,113,141,187,222,1027,0,1027,독산로108길
2019,4,A,골목상권,1000659,2336,1401,935,99,704,497,287,358,391,45,372,335,196,238,215,54,332,162,91,120,176,1815,0,1815,남부순환로112길
2019,4,A,골목상권,1000658,4167,2094,2073,509,549,422,638,830,1219,260,299,232,323,426,554,249,250,190,315,404,665,1977,0,1977,금하로24길
2019,4,A,골목상권,1000657,1876,942,934,236,284,218,308,344,486,113,140,132,147,183,227,123,144,86,161,161,259,944,0,944,금하로1길
2019,4,A,골목상권,1000656,1833,909,924,200,326,257,242,328,480,97,154,147,126,161,224,103,172,110,116,167,256,911,0,911,금하로14길
2019,4,A,골목상권,1000655,3212,1871,1341,252,787,831,426,406,510,133,429,528,275,243,263,119,358,303,151,163,247,2113,0,2113,가산로5길
2019,4,A,골목상권,1000654,1073,662,411,72,293,304,150,113,141,31,165,223,100,68,75,41,128,81,50,45,66,774,0,774,가산로3길
2019,4,A,골목상권,1000653,1177,597,580,170,180,171,197,171,288,88,104,87,104,82,132,82,76,84,93,89,156,493,0,493,중앙로1길
2019,4,A,골목상권,1000652,1517,757,760,227,184,224,203,271,408,111,110,116,108,128,184,116,74,108,95,143,224,615,0,615,중앙로15길
2019,4,A,골목상권,1000651,796,447,349,39,95,80,95,207,280,19,50,47,58,126,147,20,45,33,37,81,133,513,0,513,우마길
2019,4,A,골목상권,1000650,1973,969,1004,245,261,214,274,314,665,134,133,122,149,161,270,111,128,92,125,153,395,1019,0,1019,오류로8길
2019,4,A,골목상권,1000649,502,265,237,46,62,62,68,92,172,15,41,32,41,48,88,31,21,30,27,44,84,251,0,251,신도림로13길
2019,4,A,골목상권,1000648,2602,1255,1347,312,419,552,338,388,593,162,179,276,173,190,275,150,240,276,165,198,318,1275,0,1275,새말로18길
2019,4,A,골목상권,1000647,1454,728,726,181,162,297,201,218,395,107,74,143,112,106,186,74,88,154,89,112,209,640,0,640,부일로1길
2019,4,A,골목상권,1000646,1467,714,753,198,203,177,245,227,417,98,110,79,132,113,182,100,93,98,113,114,235,675,0,675,부일로15길
2019,4,A,골목상권,1000645,2551,1284,1267,367,349,326,410,459,640,196,200,166,193,221,308,171,149,160,217,238,332,1050,0,1050,부일로11길
2019,4,A,골목상권,1000644,1418,797,621,36,422,480,231,147,102,18,189,289,147,96,58,18,233,191,84,51,44,1219,0,1219,디지털로32길
2019,4,A,골목상권,1000643,4487,2519,1968,106,1662,1577,526,276,340,57,809,963,346,174,170,49,853,614,180,102,170,3875,0,3875,디지털로32가길
2019,4,A,골목상권,1000642,1163,620,543,123,121,114,179,231,395,61,59,62,103,144,191,62,62,52,76,87,204,628,0,628,디지털로27길
2019,4,A,골목상권,1000641,1295,654,641,129,145,152,187,249,433,61,79,89,112,131,182,68,66,63,75,118,251,672,0,672,도림로6길
2019,4,A,골목상권,1000640,2024,957,1067,233,252,238,319,360,622,123,127,119,161,169,258,110,125,119,158,191,364,920,0,920,도림로12길
2019,4,A,골목상권,1000639,1196,581,615,180,121,207,164,146,378,86,60,111,84,56,184,94,61,96,80,90,194,451,0,451,남부순환로97길
2019,4,A,골목상권,1000638,2625,1257,1368,267,292,337,367,499,863,136,142,174,172,232,401,131,150,163,195,267,462,1274,0,1274,구로중앙로8길
2019,4,A,골목상권,1000637,613,315,298,54,40,59,80,115,265,32,22,28,47,59,127,22,18,31,33,56,138,335,0,335,구로중앙로7길
2019,4,A,골목상권,1000636,895,480,415,99,117,128,135,162,254,46,63,81,79,93,118,53,54,47,56,69,136,424,0,424,구로중앙로42길
2019,4,A,골목상권,1000635,1085,565,520,97,156,116,141,220,355,52,89,74,73,117,160,45,67,42,68,103,195,561,0,561,구로중앙로34길
2019,4,A,골목상권,1000634,3200,1589,1611,352,507,534,503,559,745,165,221,282,258,298,365,187,286,252,245,261,380,1706,0,1706,구로중앙로28길
2019,4,A,골목상권,1000633,814,377,437,97,83,103,123,157,251,47,32,50,59,87,102,50,51,53,64,70,149,419,0,419,구로중앙로19길
2019,4,A,골목상권,1000632,5843,2911,2932,615,717,610,863,1148,1890,317,448,336,431,554,825,298,269,274,432,594,1065,2643,0,2643,구로동로8길
2019,4,A,골목상권,1000631,2523,1348,1175,225,324,261,362,515,836,132,202,152,199,275,388,93,122,109,163,240,448,1319,0,1319,구로동로7길
2019,4,A,골목상권,1000630,1872,928,944,242,210,210,301,342,567,114,106,114,160,186,248,128,104,96,141,156,319,908,0,908,구로동로42길
2019,4,A,골목상권,1000629,2441,1250,1191,272,325,277,359,501,707,135,172,153,198,266,326,137,153,124,161,235,381,1204,0,1204,구로동로41길
2019,4,A,골목상권,1000628,1799,890,909,176,225,174,251,355,618,79,123,91,131,197,269,97,102,83,120,158,349,914,0,914,구로동로38길
2019,4,A,골목상권,1000627,1945,985,960,207,214,206,301,373,644,110,118,107,151,204,295,97,96,99,150,169,349,1097,0,1097,구로동로28길
2019,4,A,골목상권,1000626,969,493,476,83,121,96,116,209,344,39,74,57,57,104,162,44,47,39,59,105,182,520,0,520,구로동로15길
2019,4,A,골목상권,1000625,2124,932,1192,168,670,520,239,231,296,84,211,258,125,112,142,84,459,262,114,119,154,1414,0,1414,공원로6가길
2019,4,A,골목상권,1000624,3148,1569,1579,507,406,448,505,547,735,258,208,238,252,264,349,249,198,210,253,283,386,1278,0,1278,고척로52길
2019,4,A,골목상권,1000623,4245,2097,2148,584,624,485,656,791,1105,297,328,264,307,379,522,287,296,221,349,412,583,1916,0,1916,고척로27다길
2019,4,A,골목상권,1000622,2504,1277,1227,313,356,342,347,469,677,160,197,173,181,238,328,153,159,169,166,231,349,1175,0,1175,고척로27길
2019,4,A,골목상권,1000621,2553,1306,1247,332,338,321,385,450,727,164,190,175,209,239,329,168,148,146,176,211,398,1221,0,1221,고척로21나길
2019,4,A,골목상권,1000620,2043,1011,1032,287,307,253,309,352,535,126,159,130,162,173,261,161,148,123,147,179,274,884,0,884,경인로47길
2019,4,A,골목상권,1000619,2913,1490,1423,293,399,302,390,579,950,153,192,167,214,299,465,140,207,135,176,280,485,1439,0,1439,경인로35길
2019,4,A,골목상권,1000618,1879,972,907,160,265,215,272,375,592,72,139,125,167,195,274,88,126,90,105,180,318,1091,0,1091,경인로31길
2019,4,A,골목상권,1000617,3510,1763,1747,411,510,534,510,568,977,210,272,276,262,284,459,201,238,258,248,284,518,1640,0,1640,경인로15길
2019,4,A,골목상권,1000616,2891,1411,1480,347,394,395,470,509,776,180,203,214,243,237,334,167,191,181,227,272,442,1286,0,1286,개봉로3길
2019,4,A,골목상권,1000615,2632,1267,1365,390,333,460,394,389,666,189,176,240,189,183,290,201,157,220,205,206,376,1140,0,1140,개봉로2길
2019,4,A,골목상권,1000614,2514,1215,1299,315,269,471,397,357,705,138,135,239,206,177,320,177,134,232,191,180,385,1125,0,1125,개봉로23가길
2019,4,A,골목상권,1000613,3681,1750,1931,629,425,539,587,533,968,325,198,250,290,240,447,304,227,289,297,293,521,1302,0,1302,개봉로20길
2019,4,A,골목상권,1000612,2085,1050,1035,269,269,313,348,346,540,138,138,171,186,174,243,131,131,142,162,172,297,884,0,884,개봉로1길
2019,4,A,골목상권,1000611,3298,1669,1629,422,457,458,505,576,880,209,258,239,264,292,407,213,199,219,241,284,473,1480,0,1480,개봉로17다길
2019,4,A,골목상권,1000610,5515,2692,2823,767,782,822,874,978,1292,404,399,415,460,457,557,363,383,407,414,521,735,2258,0,2258,개봉로17길
2019,4,A,골목상권,1000609,5207,2546,2661,690,741,724,772,914,1366,344,386,371,394,422,629,346,355,353,378,492,737,2159,0,2159,개봉로11길
2019,4,A,골목상권,1000608,4380,2065,2315,494,978,1090,583,527,708,283,353,520,307,274,328,211,625,570,276,253,380,2485,0,2485,화곡로64길
2019,4,A,골목상권,1000607,2627,1292,1335,397,402,397,411,500,520,213,222,179,199,241,238,184,180,218,212,259,282,1023,0,1023,화곡로59길
2019,4,A,골목상권,1000606,3160,1566,1594,395,522,603,498,479,663,197,253,335,256,215,310,198,269,268,242,264,353,1610,0,1610,화곡로44나길
2019,4,A,골목상권,1000605,2722,1301,1421,252,427,470,379,426,768,125,204,247,179,197,349,127,223,223,200,229,419,1345,0,1345,화곡로31길
2019,4,A,골목상권,1000604,3284,1652,1632,437,449,572,510,500,816,225,245,300,275,237,370,212,204,272,235,263,446,1498,0,1498,화곡로20길
2019,4,A,골목상권,1000603,3444,1681,1763,514,490,549,553,573,765,274,252,277,259,279,340,240,238,272,294,294,425,1456,0,1456,화곡로13길
2019,4,A,골목상권,1000602,3468,1766,1702,431,466,459,474,620,1018,222,231,266,259,304,484,209,235,193,215,316,534,1627,0,1627,초원로16길
2019,4,A,골목상권,1000601,4721,2323,2398,832,691,851,816,682,849,442,333,454,425,306,363,390,358,397,391,376,486,1993,0,1993,초록마을로8길
2019,4,A,골목상권,1000600,2869,1479,1390,210,712,764,454,308,421,93,353,442,245,172,174,117,359,322,209,136,247,1956,0,1956,초록마을로3길
2019,4,A,골목상권,1000599,2765,1446,1319,162,708,794,368,304,429,74,325,459,220,161,207,88,383,335,148,143,222,1847,0,1847,월정로20길
2019,4,A,골목상권,1000598,5398,2579,2819,1231,757,631,1127,825,827,583,349,315,525,409,398,648,408,316,602,416,429,1907,0,1907,우장산로6길
2019,4,A,골목상권,1000597,2819,1429,1390,680,382,494,590,342,331,375,176,245,284,187,162,305,206,249,306,155,169,1103,0,1103,양천로73가길
2019,4,A,골목상권,1000596,6534,3186,3348,1688,713,893,1410,904,926,822,373,411,695,449,436,866,340,482,715,455,490,2068,0,2068,양천로71길
2019,4,A,골목상권,1000595,1428,719,709,163,269,399,176,182,239,87,114,222,96,83,117,76,155,177,80,99,122,694,0,694,양천로49길
2019,4,A,골목상권,1000594,2019,968,1051,413,217,335,359,291,404,188,128,164,170,145,173,225,89,171,189,146,231,736,0,736,양천로26길
2019,4,A,골목상권,1000593,3749,1908,1841,544,489,661,522,554,979,308,259,340,285,255,461,236,230,321,237,299,518,1605,0,1605,양천로24길
2019,4,A,골목상권,1000592,2942,1472,1470,465,383,475,465,480,674,237,199,253,234,238,311,228,184,222,231,242,363,1237,0,1237,양천로24가길
2019,4,A,골목상권,1000591,4339,2124,2215,732,590,628,651,693,1045,378,298,322,337,318,471,354,292,306,314,375,574,1639,0,1639,양천로14길
2019,4,A,골목상권,1000590,2307,1192,1115,287,286,323,460,379,572,151,130,177,259,210,265,136,156,146,201,169,307,1138,0,1138,방화대로6라길
2019,4,A,골목상권,1000589,2431,1229,1202,262,417,391,292,426,643,139,202,229,149,220,290,123,215,162,143,206,353,1241,0,1241,방화대로21길
2019,4,A,골목상권,1000588,1390,663,727,160,212,240,195,221,362,88,108,121,92,95,159,72,104,119,103,126,203,621,0,621,등촌로5길
2019,4,A,골목상권,1000587,2892,1369,1523,394,506,681,433,383,495,196,231,334,227,159,222,198,275,347,206,224,273,1338,0,1338,등촌로55길
2019,4,A,골목상권,1000586,2027,999,1028,292,306,314,272,349,494,156,173,150,128,165,227,136,133,164,144,184,267,761,0,761,등촌로51길
2019,4,A,골목상권,1000585,3293,1639,1654,528,527,579,483,532,644,287,267,307,233,259,286,241,260,272,250,273,358,1367,0,1367,등촌로39길
2019,4,A,골목상권,1000584,3824,1903,1921,497,563,779,571,596,818,266,289,415,288,286,359,231,274,364,283,310,459,1680,0,1680,등촌로13길
2019,4,A,골목상권,1000583,3913,2052,1861,574,524,720,664,636,795,307,265,397,373,345,365,267,259,323,291,291,430,1928,0,1928,남부순환로11길
2019,4,A,골목상권,1000582,4197,2015,2182,699,628,742,713,591,824,363,304,389,350,263,346,336,324,353,363,328,478,1778,0,1778,까치산로4길
2019,4,A,골목상권,1000581,2216,1080,1136,214,305,380,296,397,624,102,172,200,155,177,274,112,133,180,141,220,350,1041,0,1041,국회대로7길
2019,4,A,골목상권,1000580,3110,1620,1490,356,563,561,443,444,743,183,300,324,240,221,352,173,263,237,203,223,391,1649,0,1649,공항대로8길
2019,4,A,골목상권,1000579,2021,1017,1004,371,274,379,374,292,331,189,143,193,193,148,151,182,131,186,181,144,180,813,0,813,공항대로61길
2019,4,A,골목상권,1000578,3138,1518,1620,493,499,615,465,477,589,271,235,287,217,230,278,222,264,328,248,247,311,1340,0,1340,공항대로59다길
2019,4,A,골목상권,1000577,2178,1006,1172,167,456,585,315,276,379,75,178,271,163,140,179,92,278,314,152,136,200,1325,0,1325,공항대로59길
2019,4,A,골목상권,1000576,1934,970,964,324,254,360,292,309,395,184,127,185,145,155,174,140,127,175,147,154,221,798,0,798,공항대로55길
2019,4,A,골목상권,1000575,1090,534,556,209,137,168,221,165,190,109,65,91,100,85,84,100,72,77,121,80,106,429,0,429,공항대로42길
2019,4,A,골목상권,1000574,387,188,199,60,59,90,59,60,59,32,33,43,28,28,24,28,26,47,31,32,35,196,0,196,공항대로38길
2019,4,A,골목상권,1000573,1964,968,996,168,278,398,281,314,525,89,145,211,138,144,241,79,133,187,143,170,284,1031,0,1031,곰달래로60길
2019,4,A,골목상권,1000572,3613,1770,1843,576,495,511,643,595,793,284,267,273,314,301,331,292,228,238,329,294,462,1496,0,1496,곰달래로53길
2019,4,A,골목상권,1000571,4040,1964,2076,692,558,662,700,646,782,331,300,341,344,303,345,361,258,321,356,343,437,1672,0,1672,곰달래로47길
2019,4,A,골목상권,1000570,3027,1445,1582,594,387,547,538,406,555,291,192,269,272,182,239,303,195,278,266,224,316,1211,0,1211,곰달래로31길
2019,4,A,골목상권,1000569,2931,1385,1546,352,387,507,476,449,760,165,194,251,248,201,326,187,193,256,228,248,434,1416,0,1416,곰달래로25길
2019,4,A,골목상권,1000568,2331,1167,1164,184,610,489,284,295,469,91,259,285,154,157,221,93,351,204,130,138,248,1484,0,1484,개화동로25길
2019,4,A,골목상권,1000567,3812,1911,1901,431,444,481,557,737,1162,217,245,264,278,367,540,214,199,217,279,370,622,1913,0,1913,개화동로23길
2019,4,A,골목상권,1000566,3327,1615,1712,390,460,609,507,470,891,196,224,313,259,215,408,194,236,296,248,255,483,1614,0,1614,강서로8길
2019,4,A,골목상권,1000565,2692,1312,1380,369,323,487,425,429,659,189,151,264,226,191,291,180,172,223,199,238,368,1216,0,1216,강서로5라길
2019,4,A,골목상권,1000564,3141,1546,1595,205,745,824,416,353,598,93,323,445,235,164,286,112,422,379,181,189,312,2020,0,2020,강서로5나길
2019,4,A,골목상권,1000563,2211,1074,1137,155,461,600,308,241,446,74,196,305,170,111,218,81,265,295,138,130,228,1335,0,1335,강서로5가길
2019,4,A,골목상권,1000562,3812,1770,2042,820,579,473,706,624,610,367,281,239,323,298,262,453,298,234,383,326,348,1389,0,1389,강서로47라길
2019,4,A,골목상권,1000561,4280,2069,2211,922,583,511,862,685,717,433,292,255,401,369,319,489,291,256,461,316,398,1590,0,1590,강서로47길
2019,4,A,골목상권,1000560,2631,1249,1382,380,380,419,436,367,649,185,179,208,222,165,290,195,201,211,214,202,359,1128,0,1128,강서로45다길
2019,4,A,골목상권,1000559,890,424,466,154,127,124,157,130,198,63,58,60,80,58,105,91,69,64,77,72,93,354,0,354,강서로45길
2019,4,A,골목상권,1000558,3931,1857,2074,415,668,659,520,673,996,206,296,333,254,320,448,209,372,326,266,353,548,1871,0,1871,강서로35길
2019,4,A,골목상권,1000557,3085,1469,1616,390,515,719,434,441,586,194,230,367,216,199,263,196,285,352,218,242,323,1462,0,1462,강서로29길
2019,4,A,골목상권,1000556,6738,3213,3525,868,1000,1242,1070,999,1559,439,468,645,543,438,680,429,532,597,527,561,879,2941,0,2941,강서로18길
2019,4,A,골목상권,1000555,3145,1542,1603,335,506,632,431,516,725,165,252,333,227,241,324,170,254,299,204,275,401,1439,0,1439,강서로17가길
2019,4,A,골목상권,1000554,5480,2697,2783,569,791,1014,808,936,1362,282,397,541,419,478,580,287,394,473,389,458,782,2853,0,2853,강서로15길
2019,4,A,골목상권,1000553,2935,1478,1457,405,439,516,482,442,651,223,218,284,262,193,298,182,221,232,220,249,353,1275,0,1275,가로공원로80길
2019,4,A,골목상권,1000552,3121,1498,1623,395,427,616,487,473,723,184,216,324,236,217,321,211,211,292,251,256,402,1397,0,1397,가로공원로76가길
2019,4,A,골목상권,1000551,1528,774,754,174,198,220,242,278,416,92,99,125,116,136,206,82,99,95,126,142,210,745,0,745,화곡로4길
2019,4,A,골목상권,1000550,3198,1586,1612,619,417,465,511,536,650,326,229,231,240,262,298,293,188,234,271,274,352,1203,0,1203,화곡로3길
2019,4,A,골목상권,1000549,3147,1533,1614,361,387,402,429,569,999,169,213,222,222,265,442,192,174,180,207,304,557,1391,0,1391,지양로7길
2019,4,A,골목상권,1000548,3856,1903,1953,573,481,554,585,674,989,295,251,288,282,332,455,278,230,266,303,342,534,1593,0,1593,중앙로55길
2019,4,A,골목상권,1000547,4164,2033,2131,708,533,588,674,647,1014,327,278,304,345,310,469,381,255,284,329,337,545,1588,0,1588,중앙로51길
2019,4,A,골목상권,1000546,1794,913,881,198,218,194,288,370,526,103,129,108,151,168,254,95,89,86,137,202,272,842,0,842,중앙로47길
2019,4,A,골목상권,1000545,2127,1032,1095,296,288,265,342,367,569,150,140,147,162,176,257,146,148,118,180,191,312,955,0,955,중앙로45길
2019,4,A,골목상권,1000544,924,452,472,175,93,100,173,153,230,102,38,49,79,90,94,73,55,51,94,63,136,414,0,414,중앙로36길
2019,4,A,골목상권,1000543,1096,528,568,224,151,124,204,190,203,115,77,59,90,102,85,109,74,65,114,88,118,447,0,447,중앙로32길
2019,4,A,골목상권,1000542,1773,931,842,143,207,215,286,367,555,79,118,126,162,195,251,64,89,89,124,172,304,1000,0,1000,중앙로25길
2019,4,A,골목상권,1000541,3292,1622,1670,472,475,473,520,519,833,252,224,235,270,253,388,220,251,238,250,266,445,1417,0,1417,은행정로7길
2019,4,A,골목상권,1000540,787,420,367,114,88,77,126,143,239,57,49,41,64,82,127,57,39,36,62,61,112,402,0,402,은행정로5길
2019,4,A,골목상권,1000539,3962,1948,2014,778,418,595,641,615,915,402,217,275,322,303,429,376,201,320,319,312,486,1472,0,1472,오목로5길
2019,4,A,골목상권,1000538,3512,1755,1757,687,387,531,627,519,761,352,211,263,326,249,354,335,176,268,301,270,407,1257,0,1257,오목로3길
2019,4,A,골목상권,1000537,3541,1746,1795,342,616,535,534,581,933,193,289,290,266,274,434,149,327,245,268,307,499,1732,0,1732,오목로30길
2019,4,A,골목상권,1000536,4420,2231,2189,607,677,809,708,658,961,313,348,434,364,315,457,294,329,375,344,343,504,2101,0,2101,오목로23길
2019,4,A,골목상권,1000535,1902,964,938,358,198,326,337,262,421,184,110,165,174,125,206,174,88,161,163,137,215,679,0,679,신월로20길
2019,4,A,골목상권,1000534,5660,2782,2878,908,757,704,911,959,1421,483,399,345,459,457,639,425,358,359,452,502,782,2060,0,2060,신월로15길
2019,4,A,골목상권,1000533,2387,1159,1228,437,328,296,428,391,507,232,175,144,199,198,211,205,153,152,229,193,296,995,0,995,신목로6길
2019,4,A,골목상권,1000532,2173,1075,1098,532,317,184,453,391,296,268,172,83,208,210,134,264,145,101,245,181,162,699,0,699,신목로5길
2019,4,A,골목상권,1000531,1991,974,1017,333,330,185,325,428,390,175,176,93,151,202,177,158,154,92,174,226,213,711,0,711,신목로2길
2019,4,A,골목상권,1000530,1314,647,667,157,201,228,201,213,314,87,105,122,101,93,139,70,96,106,100,120,175,612,0,612,목동중앙서로8가길
2019,4,A,골목상권,1000529,3700,1785,1915,526,627,589,604,621,733,277,319,293,282,292,322,249,308,296,322,329,411,1653,0,1653,목동중앙서로7길
2019,4,A,골목상권,1000528,2052,936,1116,231,319,372,300,319,511,119,148,182,148,130,209,112,171,190,152,189,302,1016,0,1016,목동중앙북로8길
2019,4,A,골목상권,1000527,3486,1667,1819,408,628,827,481,470,672,206,281,423,245,211,301,202,347,404,236,259,371,1691,0,1691,목동중앙북로16길
2019,4,A,골목상권,1000526,2850,1426,1424,449,438,416,447,516,584,256,246,213,191,258,262,193,192,203,256,258,322,1159,0,1159,목동중앙본로7길
2019,4,A,골목상권,1000525,2353,1115,1238,496,359,248,425,417,408,235,187,123,182,212,176,261,172,125,243,205,232,851,0,851,목동중앙로3길
2019,4,A,골목상권,1000524,1117,580,537,158,189,269,169,149,183,85,86,146,87,90,86,73,103,123,82,59,97,590,0,590,목동중앙로13나길
2019,4,A,골목상권,1000523,2747,1381,1366,474,447,412,447,456,511,275,254,192,212,211,237,199,193,220,235,245,274,1046,0,1046,목동중앙남로3가길
2019,4,A,골목상권,1000522,3362,1550,1812,524,540,492,559,573,674,261,247,225,264,238,315,263,293,267,295,335,359,1400,0,1400,목동로9길
2019,4,A,골목상권,1000521,2283,1084,1199,342,366,322,355,400,498,169,186,153,161,198,217,173,180,169,194,202,281,1000,0,1000,목동로19길
2019,4,A,골목상권,1000520,930,430,500,196,129,99,202,161,143,97,54,46,92,82,59,99,75,53,110,79,84,356,0,356,목동동로8길
2019,4,A,골목상권,1000519,2214,1056,1158,479,296,250,405,370,414,244,136,115,188,184,189,235,160,135,217,186,225,795,0,795,목동동로12길
2019,4,A,골목상권,1000518,1633,795,838,371,220,212,320,240,270,185,112,90,165,124,119,186,108,122,155,116,151,550,0,550,목동남로4길
2019,4,A,골목상권,1000517,1832,893,939,465,210,198,384,292,283,232,107,85,176,162,131,233,103,113,208,130,152,574,0,574,남부순환로88길
2019,4,A,골목상권,1000516,681,356,325,78,74,82,85,145,217,43,46,48,40,76,103,35,28,34,45,69,114,331,0,331,남부순환로79길
2019,4,A,골목상권,1000515,4586,2270,2316,453,653,496,656,859,1469,227,347,271,349,452,624,226,306,225,307,407,845,2148,0,2148,남부순환로70길
2019,4,A,골목상권,1000514,2036,1019,1017,272,262,285,290,380,547,138,131,157,152,192,249,134,131,128,138,188,298,989,0,989,남부순환로58길
2019,4,A,골목상권,1000513,2332,1280,1052,210,265,286,356,462,753,98,137,181,224,262,378,112,128,105,132,200,375,1331,0,1331,남부순환로40길
2019,4,A,골목상권,1000512,3595,1757,1838,412,523,501,496,714,949,205,262,267,243,332,448,207,261,234,253,382,501,1625,0,1625,남부순환로33길
2019,4,A,골목상권,1000511,3585,1835,1750,378,498,452,496,698,1063,190,264,251,256,360,514,188,234,201,240,338,549,1676,0,1676,곰달래로5길
2019,4,A,골목상권,1000510,3808,1976,1832,438,503,470,612,749,1036,231,277,259,319,400,490,207,226,211,293,349,546,1831,0,1831,곰달래로3길
2019,4,A,골목상권,1000509,3585,1850,1735,486,470,554,551,640,884,258,243,289,294,340,426,228,227,265,257,300,458,1550,0,1550,곰달래로2길
2019,4,A,골목상권,1000508,3275,1698,1577,407,384,522,534,558,870,203,225,275,281,288,426,204,159,247,253,270,444,1628,0,1628,곰달래로10길
2019,4,A,골목상권,1000507,2250,1260,990,206,266,206,339,508,725,113,139,127,204,307,370,93,127,79,135,201,355,1292,0,1292,가로공원로58길
2019,4,A,골목상권,1000506,2108,1005,1103,264,349,254,339,400,502,130,165,142,159,187,222,134,184,112,180,213,280,973,0,973,효창원로93길
2019,4,A,골목상권,1000505,3691,1761,1930,804,375,590,839,499,584,379,183,263,427,249,260,425,192,327,412,250,324,1457,0,1457,토정로37길
2019,4,A,골목상권,1000504,1324,600,724,111,270,301,207,170,265,62,120,136,97,69,116,49,150,165,110,101,149,715,0,715,월드컵로8길
2019,4,A,골목상권,1000503,1465,664,801,177,283,316,222,195,272,92,119,138,105,88,122,85,164,178,117,107,150,769,0,769,월드컵로7길
2019,4,A,골목상권,1000502,3080,1361,1719,340,635,570,504,406,625,167,222,241,252,207,272,173,413,329,252,199,353,1713,0,1713,월드컵로36길
2019,4,A,골목상권,1000501,2299,1101,1198,402,335,377,408,280,497,197,157,193,195,145,214,205,178,184,213,135,283,1001,0,1001,월드컵로25길
2019,4,A,골목상권,1000500,1180,555,625,114,225,227,171,139,304,59,112,107,86,71,120,55,113,120,85,68,184,656,0,656,월드컵로19길
2019,4,A,골목상권,1000499,1839,834,1005,227,324,395,305,210,378,123,132,174,133,108,164,104,192,221,172,102,214,934,0,934,월드컵로16길
2019,4,A,골목상권,1000498,1726,781,945,221,296,398,270,190,351,105,126,179,127,90,154,116,170,219,143,100,197,951,0,951,월드컵로11길
2019,4,A,골목상권,1000497,1509,703,806,164,265,318,285,179,298,88,95,140,150,88,142,76,170,178,135,91,156,842,0,842,월드컵로10길
2019,4,A,골목상권,1000496,1330,636,694,97,296,303,179,175,280,46,138,161,95,81,115,51,158,142,84,94,165,783,0,783,와우산로3길
2019,4,A,골목상권,1000495,630,306,324,56,114,132,99,91,138,27,51,73,53,41,61,29,63,59,46,50,77,359,0,359,와우산로29길
2019,4,A,골목상권,1000494,377,182,195,18,151,86,29,32,61,7,74,44,14,16,27,11,77,42,15,16,34,261,0,261,와우산로29가길
2019,4,A,골목상권,1000493,972,447,525,79,151,200,146,136,260,49,64,94,79,59,102,30,87,106,67,77,158,537,0,537,양화진길
2019,4,A,골목상권,1000492,2026,917,1109,260,351,386,330,248,451,123,146,186,156,111,195,137,205,200,174,137,256,979,0,979,양화로1길
2019,4,A,골목상권,1000491,596,272,324,56,120,118,99,76,127,27,56,48,51,34,56,29,64,70,48,42,71,320,0,320,양화로11길
2019,4,A,골목상권,1000490,331,168,163,29,37,33,49,57,126,16,18,19,30,28,57,13,19,14,19,29,69,202,0,202,신촌로30길
2019,4,A,골목상권,1000489,106,55,51,5,12,9,16,26,38,1,3,3,9,20,19,4,9,6,7,6,19,77,0,77,신촌로28가길
2019,4,A,골목상권,1000488,1529,738,791,88,438,324,208,163,308,47,226,154,107,75,129,41,212,170,101,88,179,1039,0,1039,신촌로12길
2019,4,A,골목상권,1000487,2030,994,1036,223,315,226,302,355,609,120,157,116,162,189,250,103,158,110,140,166,359,1090,0,1090,숭문길
2019,4,A,골목상권,1000486,742,363,379,167,79,166,135,83,112,78,44,82,69,43,47,89,35,84,66,40,65,299,0,299,숭문8길
2019,4,A,골목상권,1000485,806,390,416,74,166,178,95,105,188,39,72,94,49,52,84,35,94,84,46,53,104,430,0,430,성지3길
2019,4,A,골목상권,1000484,2715,1320,1395,344,403,462,443,398,665,177,178,235,228,202,300,167,225,227,215,196,365,1343,0,1343,성산로4길
2019,4,A,골목상권,1000483,922,430,492,72,201,250,119,113,167,40,85,116,62,54,73,32,116,134,57,59,94,541,0,541,성미산로32길
2019,4,A,골목상권,1000482,2381,1110,1271,365,355,442,430,329,460,198,157,202,195,162,196,167,198,240,235,167,264,1101,0,1101,성미산로1길
2019,4,A,골목상권,1000481,2836,1357,1479,400,448,499,515,379,595,210,222,238,259,176,252,190,226,261,256,203,343,1292,0,1292,성미산로11길
2019,4,A,골목상권,1000480,5377,2571,2806,674,877,1089,861,838,1038,322,369,553,439,423,465,352,508,536,422,415,573,2730,0,2730,백범로16길
2019,4,A,골목상권,1000479,4104,1997,2107,715,547,713,726,566,837,358,272,321,383,290,373,357,275,392,343,276,464,1777,0,1777,방울내로9안길
2019,4,A,골목상권,1000478,1709,844,865,239,269,277,277,255,392,128,121,151,148,125,171,111,148,126,129,130,221,771,0,771,모래내로7길
2019,4,A,골목상권,1000477,2429,1224,1205,289,476,442,361,309,552,151,205,242,206,177,243,138,271,200,155,132,309,1384,0,1384,매봉산로2길
2019,4,A,골목상권,1000476,3342,1533,1809,454,531,648,543,474,692,218,229,300,257,230,299,236,302,348,286,244,393,1592,0,1592,망원로2길
2019,4,A,골목상권,1000475,1523,726,797,239,212,222,254,221,375,120,108,107,132,106,153,119,104,115,122,115,222,681,0,681,망원로11길
2019,4,A,골목상권,1000474,1993,955,1038,251,332,345,313,299,453,128,148,170,160,164,185,123,184,175,153,135,268,1066,0,1066,만리재옛길
2019,4,A,골목상권,1000473,650,298,352,72,106,147,90,91,144,43,51,63,47,43,51,29,55,84,43,48,93,328,0,328,마포대로4길
2019,4,A,골목상권,1000472,1838,883,955,233,330,413,276,266,320,122,147,183,141,142,148,111,183,230,135,124,172,1043,0,1043,마포대로20길
2019,4,A,골목상권,1000471,638,284,354,50,136,189,100,67,96,30,50,75,48,38,43,20,86,114,52,29,53,431,0,431,마포대로12길
2019,4,A,골목상권,1000470,780,393,387,44,181,178,115,86,176,31,79,93,70,50,70,13,102,85,45,36,106,514,0,514,동교로38길
2019,4,A,골목상권,1000469,1924,890,1034,200,403,451,279,190,401,96,177,211,128,96,182,104,226,240,151,94,219,1083,0,1083,동교로27길
2019,4,A,골목상권,1000468,926,398,528,77,211,225,123,116,174,33,80,98,61,46,80,44,131,127,62,70,94,536,0,536,동교로25길
2019,4,A,골목상권,1000467,1306,593,713,150,182,287,279,178,230,79,78,134,128,80,94,71,104,153,151,98,136,730,0,730,동교로19길
2019,4,A,골목상권,1000466,1388,634,754,180,276,299,228,159,246,86,123,143,104,74,104,94,153,156,124,85,142,762,0,762,동교로17길
2019,4,A,골목상권,1000465,1037,483,554,107,203,235,145,141,206,59,90,105,71,69,89,48,113,130,74,72,117,545,0,545,독막로8길
2019,4,A,골목상권,1000464,2029,993,1036,297,296,298,331,302,505,154,161,153,163,150,212,143,135,145,168,152,293,941,0,941,독막로32길
2019,4,A,골목상권,1000463,739,336,403,121,109,129,139,94,147,62,47,51,59,48,69,59,62,78,80,46,78,331,0,331,독막로22길
2019,4,A,골목상권,1000462,1025,459,566,126,191,228,148,138,194,70,62,102,71,77,77,56,129,126,77,61,117,590,0,590,도화길
2019,4,A,골목상권,1000461,2938,1365,1573,470,320,454,446,472,776,223,157,211,232,217,325,247,163,243,214,255,451,1271,0,1271,도화4길
2019,4,A,골목상권,1000460,1041,492,549,64,331,133,116,156,241,29,146,61,61,84,111,35,185,72,55,72,130,726,0,726,대흥로28길
2019,4,A,골목상권,1000459,2402,1231,1171,202,560,372,322,347,599,115,292,201,170,201,252,87,268,171,152,146,347,1471,0,1471,대흥로21길
2019,4,A,골목상권,1000458,1484,788,696,166,418,192,211,203,294,92,237,117,109,105,128,74,181,75,102,98,166,847,0,847,광성로6길
2019,4,A,골목상권,1000457,3282,1511,1771,443,445,410,530,551,903,205,233,198,254,251,370,238,212,212,276,300,533,1411,0,1411,홍제내길
2019,4,A,골목상권,1000456,1222,626,596,143,161,201,154,206,357,74,93,105,86,112,156,69,68,96,68,94,201,565,0,565,홍연길
2019,4,A,골목상권,1000455,1553,766,787,185,222,176,226,286,458,100,114,90,130,125,207,85,108,86,96,161,251,734,0,734,통일로39길
2019,4,A,골목상권,1000454,1564,706,858,136,200,191,223,301,513,63,97,98,108,128,212,73,103,93,115,173,301,873,0,873,통일로37길
2019,4,A,골목상권,1000453,271,145,126,16,44,25,33,38,115,8,24,12,21,26,54,8,20,13,12,12,61,183,0,183,통일로11길
2019,4,A,골목상권,1000452,678,362,316,34,126,175,76,97,170,20,65,90,49,57,81,14,61,85,27,40,89,485,0,485,충정로6길
2019,4,A,골목상권,1000451,530,252,278,27,92,147,69,67,128,10,38,70,39,36,59,17,54,77,30,31,69,347,0,347,충정로4길
2019,4,A,골목상권,1000450,3080,1513,1567,372,521,446,460,464,817,195,250,236,241,240,351,177,271,210,219,224,466,1550,0,1550,증가로6길
2019,4,A,골목상권,1000449,5116,2458,2658,662,721,729,790,862,1352,324,352,395,375,423,589,338,369,334,415,439,763,2379,0,2379,증가로23나길
2019,4,A,골목상권,1000448,3547,1755,1792,544,656,440,596,574,737,280,341,235,301,272,326,264,315,205,295,302,411,1539,0,1539,증가로20가길
2019,4,A,골목상권,1000447,3776,1822,1954,367,732,492,529,610,1046,179,338,272,276,294,463,188,394,220,253,316,583,2167,0,2167,증가로10길
2019,4,A,골목상권,1000446,3770,1827,1943,434,494,571,584,604,1083,227,233,287,295,297,488,207,261,284,289,307,595,1831,0,1831,응암로1길
2019,4,A,골목상권,1000445,3443,1875,1568,250,1520,585,335,297,456,141,898,344,163,135,194,109,622,241,172,162,262,2427,0,2427,연희로10길
2019,4,A,골목상권,1000444,772,450,322,41,112,104,103,180,232,21,69,60,65,112,123,20,43,44,38,68,109,485,0,485,신촌로37길
2019,4,A,골목상권,1000443,3554,1740,1814,475,446,551,509,591,982,235,228,281,258,294,444,240,218,270,251,297,538,1535,0,1535,수색로8길
2019,4,A,골목상권,1000442,2472,1190,1282,235,384,320,309,437,787,132,199,163,149,212,335,103,185,157,160,225,452,1226,0,1226,세무서길
2019,4,A,골목상권,1000441,1496,716,780,162,212,194,239,246,443,77,117,106,123,124,169,85,95,88,116,122,274,738,0,738,세무서2길
2019,4,A,골목상권,1000440,1085,518,567,145,121,117,150,164,388,66,54,57,73,96,172,79,67,60,77,68,216,512,0,512,세검정로1길
2019,4,A,골목상권,1000439,3433,1650,1783,309,515,437,516,643,1013,150,256,251,253,313,427,159,259,186,263,330,586,1875,0,1875,북아현로4길
2019,4,A,골목상권,1000438,10594,5116,5478,2490,1030,1541,2065,1436,2032,1241,529,675,1090,696,885,1249,501,866,975,740,1147,3716,0,3716,모래내로15길
2019,4,A,골목상권,1000437,2366,1153,1213,281,600,314,306,369,496,154,290,158,142,180,229,127,310,156,164,189,267,1291,0,1291,명지대길
2019,4,A,골목상권,1000436,4018,1894,2124,612,552,582,637,605,1030,289,267,302,314,310,412,323,285,280,323,295,618,1943,0,1943,독립문로8길
2019,4,A,골목상권,1000435,2694,1322,1372,354,364,349,463,391,773,179,176,178,245,211,333,175,188,171,218,180,440,1338,0,1338,가재울로6길
2019,4,A,골목상권,1000434,5671,2814,2857,629,951,878,811,1019,1383,320,490,494,419,457,634,309,461,384,392,562,749,2689,0,2689,통일로92길
2019,4,A,골목상권,1000433,1882,892,990,223,375,308,290,239,447,110,162,161,146,112,201,113,213,147,144,127,246,949,0,949,통일로87길
2019,4,A,골목상권,1000432,4473,2118,2355,507,688,669,664,754,1191,259,360,337,321,332,509,248,328,332,343,422,682,2123,0,2123,통일로78길
2019,4,A,골목상권,1000431,754,372,382,63,105,104,123,137,222,29,51,59,69,69,95,34,54,45,54,68,127,346,0,346,통일로69길
2019,4,A,골목상권,1000430,4076,1964,2112,634,554,586,700,661,941,328,286,287,339,305,419,306,268,299,361,356,522,1680,0,1680,진흥로1길
2019,4,A,골목상권,1000429,5860,2858,3002,654,777,907,883,984,1655,337,388,494,456,489,694,317,389,413,427,495,961,2952,0,2952,진흥로12길
2019,4,A,골목상권,1000428,762,392,370,113,92,109,118,116,214,59,49,60,68,60,96,54,43,49,50,56,118,309,0,309,증산서길
2019,4,A,골목상권,1000427,2673,1294,1379,338,350,372,398,455,760,168,182,182,203,216,343,170,168,190,195,239,417,1143,0,1143,증산로9길
2019,4,A,골목상권,1000426,2769,1310,1459,368,354,325,423,473,826,176,170,163,204,231,366,192,184,162,219,242,460,1253,0,1253,증산로5길
2019,4,A,골목상권,1000425,5164,2526,2638,645,804,794,783,833,1305,324,420,430,403,380,569,321,384,364,380,453,736,2314,0,2314,증산로21길
2019,4,A,골목상권,1000424,2104,1015,1089,270,303,307,307,331,586,144,150,151,152,160,258,126,153,156,155,171,328,972,0,972,증산로17길
2019,4,A,골목상권,1000423,2420,1205,1215,268,284,358,369,413,728,139,155,183,195,203,330,129,129,175,174,210,398,1140,0,1140,증산로15길
2019,4,A,골목상권,1000422,1928,985,943,181,258,222,252,398,617,93,134,122,136,203,297,88,124,100,116,195,320,929,0,929,증산로13길
2019,4,A,골목상권,1000421,2784,1338,1446,462,343,384,485,454,656,238,162,186,242,218,292,224,181,198,243,236,364,1193,0,1193,응암로34길
2019,4,A,골목상권,1000420,1839,895,944,201,224,203,284,306,621,94,123,106,155,155,262,107,101,97,129,151,359,930,0,930,응암로22길
2019,4,A,골목상권,1000419,2518,1269,1249,340,284,369,423,394,708,174,162,187,227,218,301,166,122,182,196,176,407,1165,0,1165,응암로14길
2019,4,A,골목상권,1000418,1945,927,1018,197,313,305,293,306,531,101,146,150,138,153,239,96,167,155,155,153,292,1017,0,1017,응암로13길
2019,4,A,골목상권,1000417,1470,719,751,148,194,143,203,266,516,75,104,74,106,129,231,73,90,69,97,137,285,745,0,745,응암로12길
2019,4,A,골목상권,1000416,3444,1642,1802,569,475,615,636,444,705,281,228,290,322,205,316,288,247,325,314,239,389,1617,0,1617,은평로8길
2019,4,A,골목상권,1000415,2283,1057,1226,322,304,351,373,363,570,169,141,176,175,165,231,153,163,175,198,198,339,1009,0,1009,은평로3길
2019,4,A,골목상권,1000414,273,131,142,23,41,30,36,58,85,12,24,15,18,25,37,11,17,15,18,33,48,125,0,125,은평로20길
2019,4,A,골목상권,1000413,3231,1545,1686,489,372,475,525,526,844,250,179,240,260,246,370,239,193,235,265,280,474,1414,0,1414,은평로13길
2019,4,A,골목상권,1000412,2913,1463,1450,427,375,403,493,480,735,250,202,226,232,239,314,177,173,177,261,241,421,1292,0,1292,은평로10길
2019,4,A,골목상권,1000411,2541,1176,1365,369,369,363,445,410,585,176,156,184,209,206,245,193,213,179,236,204,340,1106,0,1106,연서로5길
2019,4,A,골목상권,1000410,3979,1936,2043,454,508,513,625,698,1181,231,273,252,336,322,522,223,235,261,289,376,659,1894,0,1894,연서로41길
2019,4,A,골목상권,1000409,3593,1694,1899,595,500,569,578,555,796,302,238,271,286,252,345,293,262,298,292,303,451,1531,0,1531,연서로3길
2019,4,A,골목상권,1000408,3050,1468,1582,375,394,489,430,516,846,192,191,265,224,237,359,183,203,224,206,279,487,1421,0,1421,연서로34길
2019,4,A,골목상권,1000407,2030,990,1040,174,258,264,269,335,730,96,134,144,141,149,326,78,124,120,128,186,404,1017,0,1017,연서로33길
2019,4,A,골목상권,1000406,1200,551,649,153,207,242,179,155,264,81,85,115,89,66,115,72,122,127,90,89,149,566,0,566,연서로29길
2019,4,A,골목상권,1000405,3570,1676,1894,322,642,596,501,570,939,141,309,294,242,283,407,181,333,302,259,287,532,1922,0,1922,연서로28길
2019,4,A,골목상권,1000404,2881,1321,1560,318,477,443,445,481,717,150,209,233,211,218,300,168,268,210,234,263,417,1456,0,1456,연서로27길
2019,4,A,골목상권,1000403,4247,2005,2242,648,625,613,735,665,961,321,293,317,353,297,424,327,332,296,382,368,537,1789,0,1789,연서로21길
2019,4,A,골목상권,1000402,2351,1103,1248,318,332,339,380,406,576,145,156,176,176,184,266,173,176,163,204,222,310,1041,0,1041,연서로17길
2019,4,A,골목상권,1000401,4504,2111,2393,583,663,649,741,772,1096,283,320,323,352,345,488,300,343,326,389,427,608,1996,0,1996,연서로16길
2019,4,A,골목상권,1000400,3942,1851,2091,573,616,533,646,664,910,283,307,261,299,316,385,290,309,272,347,348,525,1643,0,1643,연서로13길
2019,4,A,골목상권,1000399,4032,1870,2162,646,587,622,658,648,871,308,284,289,295,313,381,338,303,333,363,335,490,1590,0,1590,연서로11길
2019,4,A,골목상권,1000398,5549,2647,2902,755,713,792,930,884,1475,359,351,390,479,434,634,396,362,402,451,450,841,2582,0,2582,역말로9길
2019,4,A,골목상권,1000397,153,72,81,6,12,16,21,29,69,3,5,11,14,16,23,3,7,5,7,13,46,111,0,111,수색로18길
2019,4,A,골목상권,1000396,1795,854,941,181,262,253,264,308,527,99,124,120,132,156,223,82,138,133,132,152,304,927,0,927,서오릉로8길
2019,4,A,골목상권,1000395,3921,1874,2047,623,503,524,624,609,1038,302,261,266,313,269,463,321,242,258,311,340,575,1600,0,1600,서오릉로21길
2019,4,A,골목상권,1000394,4966,2425,2541,545,714,711,777,811,1408,271,359,377,406,414,598,274,355,334,371,397,810,2598,0,2598,불광천길
2019,4,A,골목상권,1000393,2106,1015,1091,314,268,311,367,335,511,161,139,143,185,152,235,153,129,168,182,183,276,879,0,879,갈현로7길
2019,4,A,골목상권,1000392,3033,1494,1539,332,412,341,463,574,911,179,229,177,231,284,394,153,183,164,232,290,517,1492,0,1492,갈현로41길
2019,4,A,골목상권,1000391,3639,1752,1887,559,608,499,584,608,781,293,307,260,278,259,355,266,301,239,306,349,426,1570,0,1570,갈현로33길
2019,4,A,골목상권,1000390,2889,1394,1495,511,371,508,475,447,577,276,170,265,212,228,243,235,201,243,263,219,334,1122,0,1122,갈현로1길
2019,4,A,골목상권,1000389,3479,1708,1771,450,485,416,493,662,973,241,257,224,235,338,413,209,228,192,258,324,560,1625,0,1625,가좌로7길
2019,4,A,골목상권,1000388,3728,1845,1883,430,476,383,601,651,1187,201,259,209,311,334,531,229,217,174,290,317,656,1861,0,1861,한글비석로44길
2019,4,A,골목상권,1000387,2311,1172,1139,227,339,247,308,440,750,115,186,149,149,227,346,112,153,98,159,213,404,1146,0,1146,한글비석로24길
2019,4,A,골목상권,1000386,1832,946,886,314,259,197,330,307,425,163,136,103,167,166,211,151,123,94,163,141,214,749,0,749,한글비석로22길
2019,4,A,골목상권,1000385,2011,1031,980,241,264,244,308,334,620,129,142,145,153,181,281,112,122,99,155,153,339,984,0,984,석계로1길
2019,4,A,골목상권,1000384,2421,1244,1177,252,337,289,346,448,749,138,169,165,186,239,347,114,168,124,160,209,402,1262,0,1262,상계로9가길
2019,4,A,골목상권,1000383,1188,614,574,204,174,163,207,207,233,110,92,89,102,105,116,94,82,74,105,102,117,455,0,455,상계로1길
2019,4,A,골목상권,1000382,3498,1726,1772,393,597,394,511,662,941,205,283,228,264,317,429,188,314,166,247,345,512,1676,0,1676,상계로12길
2019,4,A,골목상권,1000381,2486,1228,1258,291,410,277,294,475,739,155,212,156,142,225,338,136,198,121,152,250,401,1056,0,1056,동일로242길
2019,4,A,골목상권,1000380,2816,1466,1350,241,963,347,303,364,598,125,540,180,156,185,280,116,423,167,147,179,318,1731,0,1731,동일로192길
2019,4,A,골목상권,1000379,3777,1881,1896,574,542,574,566,566,955,301,274,286,299,262,459,273,268,288,267,304,496,1561,0,1561,동일로173가길
2019,4,A,골목상권,1000378,1511,740,771,251,342,151,205,271,291,128,178,83,91,120,140,123,164,68,114,151,151,698,0,698,공릉로58길
2019,4,A,골목상권,1000377,2204,1049,1155,298,343,294,319,442,508,150,172,148,150,191,238,148,171,146,169,251,270,935,0,935,해등로16길
2019,4,A,골목상권,1000376,2239,1131,1108,293,338,250,317,432,609,155,182,137,151,234,272,138,156,113,166,198,337,1040,0,1040,우이천로4다길
2019,4,A,골목상권,1000375,2934,1382,1552,448,387,374,487,481,757,226,184,172,238,225,337,222,203,202,249,256,420,1221,0,1221,우이천로32길
2019,4,A,골목상권,1000374,3438,1782,1656,348,456,354,500,693,1087,194,241,207,265,349,526,154,215,147,235,344,561,1676,0,1676,시루봉로23길
2019,4,A,골목상권,1000373,953,433,520,117,177,132,138,134,255,64,47,68,65,68,121,53,130,64,73,66,134,518,0,518,삼양로144길
2019,4,A,골목상권,1000372,2038,1009,1029,199,265,242,303,428,601,90,131,138,167,219,264,109,134,104,136,209,337,1008,0,1008,방학로6가길
2019,4,A,골목상권,1000371,3897,1967,1930,520,535,533,535,667,1107,292,264,299,292,318,502,228,271,234,243,349,605,1796,0,1796,방학로5길
2019,4,A,골목상권,1000370,3770,1866,1904,789,497,414,657,666,747,392,277,207,298,329,363,397,220,207,359,337,384,1186,0,1186,방학로15길
2019,4,A,골목상권,1000369,1904,919,985,270,236,247,277,353,521,136,127,124,134,170,228,134,109,123,143,183,293,819,0,819,방학로10길
2019,4,A,골목상권,1000368,1648,854,794,150,211,181,244,303,559,77,121,104,143,152,257,73,90,77,101,151,302,760,0,760,도봉산길
2019,4,A,골목상권,1000367,383,204,179,21,47,50,49,86,130,14,26,28,30,52,54,7,21,22,19,34,76,218,0,218,도봉산4길
2019,4,A,골목상권,1000366,1936,986,950,224,239,215,252,345,661,118,131,129,137,170,301,106,108,86,115,175,360,900,0,900,도봉로181길
2019,4,A,골목상권,1000365,2972,1508,1464,276,311,393,427,515,1050,149,149,209,230,263,508,127,162,184,197,252,542,1473,0,1473,도봉로169나길
2019,4,A,골목상권,1000364,1340,723,617,130,146,138,195,263,468,64,75,84,116,146,238,66,71,54,79,117,230,708,0,708,도봉로156길
2019,4,A,골목상권,1000363,702,369,333,42,99,81,65,148,267,19,61,50,39,76,124,23,38,31,26,72,143,380,0,380,도봉로152가길
2019,4,A,골목상권,1000362,3476,1693,1783,375,482,403,461,703,1052,177,242,198,237,362,477,198,240,205,224,341,575,1810,0,1810,도봉로147길
2019,4,A,골목상권,1000361,1742,871,871,192,241,193,243,357,516,99,117,107,128,174,246,93,124,86,115,183,270,782,0,782,도봉로143길
2019,4,A,골목상권,1000360,4741,2282,2459,396,770,679,726,828,1342,186,390,345,366,402,593,210,380,334,360,426,749,2589,0,2589,도봉로114길
2019,4,A,골목상권,1000359,2467,1190,1277,267,400,408,356,396,640,128,190,218,186,182,286,139,210,190,170,214,354,1198,0,1198,도봉로109길
2019,4,A,골목상권,1000358,2902,1444,1458,282,387,353,427,519,934,127,203,172,223,267,452,155,184,181,204,252,482,1428,0,1428,도당로29길
2019,4,A,골목상권,1000357,3777,1964,1813,435,481,398,580,693,1190,231,265,210,308,388,562,204,216,188,272,305,628,1838,0,1838,도당로19길
2019,4,A,골목상권,1000356,3371,1712,1659,438,487,393,521,643,889,241,255,220,260,325,411,197,232,173,261,318,478,1517,0,1517,도당로13바길
2019,4,A,골목상권,1000355,1621,848,773,165,202,179,248,319,508,97,107,104,139,162,239,68,95,75,109,157,269,813,0,813,도당로13가길
2019,4,A,골목상권,1000354,2327,1151,1176,297,333,299,347,417,634,143,173,166,191,191,287,154,160,133,156,226,347,1102,0,1102,덕릉로60길
2019,4,A,골목상권,1000353,1837,916,921,270,238,272,267,321,469,149,116,137,138,151,225,121,122,135,129,170,244,755,0,755,노해로63다길
2019,4,A,골목상권,1000352,1852,900,952,151,362,325,276,302,436,79,153,172,146,142,208,72,209,153,130,160,228,1074,0,1074,노해로60길
2019,4,A,골목상권,1000351,1768,874,894,124,398,294,240,282,430,75,201,162,114,141,181,49,197,132,126,141,249,1043,0,1043,한천로140길
2019,4,A,골목상권,1000350,1459,698,761,110,285,218,188,239,419,55,138,100,115,105,185,55,147,118,73,134,234,819,0,819,한천로139가길
2019,4,A,골목상권,1000349,1822,902,920,172,362,340,261,265,422,94,171,176,128,123,210,78,191,164,133,142,212,1046,0,1046,한천로132길
2019,4,A,골목상권,1000348,3146,1584,1562,356,520,436,512,539,783,204,287,206,261,288,338,152,233,230,251,251,445,1611,0,1611,한천로130길
2019,4,A,골목상권,1000347,1799,879,920,201,316,275,248,300,459,99,150,145,131,164,190,102,166,130,117,136,269,937,0,937,한천로124나길
2019,4,A,골목상권,1000346,2925,1406,1519,506,398,355,482,491,693,255,204,176,228,213,330,251,194,179,254,278,363,1061,0,1061,한천로109길
2019,4,A,골목상권,1000345,2597,1308,1289,330,321,278,412,473,783,172,176,144,221,221,374,158,145,134,191,252,409,1276,0,1276,인수봉로79길
2019,4,A,골목상권,1000344,3528,1694,1834,476,453,472,479,601,1047,228,239,257,227,275,468,248,214,215,252,326,579,1445,0,1445,인수봉로72길
2019,4,A,골목상권,1000343,1804,875,929,242,241,224,290,310,497,122,122,122,157,142,210,120,119,102,133,168,287,829,0,829,인수봉로56길
2019,4,A,골목상권,1000342,2031,992,1039,154,354,371,338,329,485,72,154,194,176,166,230,82,200,177,162,163,255,1226,0,1226,오패산로67길
2019,4,A,골목상권,1000341,2755,1364,1391,310,399,320,375,480,871,168,203,181,202,220,390,142,196,139,173,260,481,1268,0,1268,오패산로52길
2019,4,A,골목상권,1000340,1403,670,733,165,225,202,205,219,387,82,104,106,105,103,170,83,121,96,100,116,217,698,0,698,오패산로30길
2019,4,A,골목상권,1000339,3254,1612,1642,299,599,506,459,526,865,147,285,271,253,266,390,152,314,235,206,260,475,1766,0,1766,수유로12길
2019,4,A,골목상권,1000338,2941,1441,1500,334,447,391,435,537,797,162,215,209,233,261,361,172,232,182,202,276,436,1361,0,1361,솔샘로65길
2019,4,A,골목상권,1000337,2198,1065,1133,260,364,305,356,371,542,142,160,160,184,177,242,118,204,145,172,194,300,1106,0,1106,솔매로50길
2019,4,A,골목상권,1000336,2022,988,1034,198,309,245,294,375,601,114,130,129,148,189,278,84,179,116,146,186,323,1071,0,1071,솔매로45길
2019,4,A,골목상권,1000335,2977,1444,1533,306,478,413,395,536,849,164,240,221,200,251,368,142,238,192,195,285,481,1501,0,1501,솔매로41길
2019,4,A,골목상권,1000334,3099,1517,1582,434,393,373,470,531,898,239,198,190,238,249,403,195,195,183,232,282,495,1395,0,1395,삼양로93길
2019,4,A,골목상권,1000333,3045,1561,1484,356,396,413,418,511,951,193,227,221,219,266,435,163,169,192,199,245,516,1400,0,1400,삼양로77길
2019,4,A,골목상권,1000332,3723,1843,1880,424,482,533,537,685,1062,218,243,274,287,354,467,206,239,259,250,331,595,1806,0,1806,삼양로54길
2019,4,A,골목상권,1000331,4052,2039,2013,394,530,435,555,800,1338,189,290,244,308,411,597,205,240,191,247,389,741,2042,0,2042,삼양로41길
2019,4,A,골목상권,1000330,1326,651,675,287,139,197,282,206,215,146,72,93,144,102,94,141,67,104,138,104,121,480,0,480,삼양로27길
2019,4,A,골목상권,1000329,2756,1357,1399,231,303,310,369,509,1034,115,151,173,196,250,472,116,152,137,173,259,562,1490,0,1490,삼양로24길
2019,4,A,골목상권,1000328,1987,1007,980,209,281,201,278,403,615,110,165,112,151,193,276,99,116,89,127,210,339,985,0,985,삼양로20길
2019,4,A,골목상권,1000327,3868,1841,2027,374,714,637,534,635,974,179,330,342,262,300,428,195,384,295,272,335,546,1923,0,1923,삼각산로28길
2019,4,A,골목상권,1000326,2297,1131,1166,185,441,354,316,413,588,91,235,199,164,194,248,94,206,155,152,219,340,1218,0,1218,도봉로99길
2019,4,A,골목상권,1000325,245,130,115,10,31,35,43,55,71,6,19,21,28,31,25,4,12,14,15,24,46,153,0,153,도봉로8길
2019,4,A,골목상권,1000324,3421,1522,1899,283,775,500,453,537,873,115,236,274,236,265,396,168,539,226,217,272,477,2073,0,2073,도봉로76길
2019,4,A,골목상권,1000323,1720,835,885,173,255,222,242,271,557,88,116,121,132,125,253,85,139,101,110,146,304,917,0,917,도봉로67길
2019,4,A,골목상권,1000322,3361,1623,1738,328,576,472,504,596,885,168,261,253,267,269,405,160,315,219,237,327,480,1755,0,1755,도봉로45길
2019,4,A,골목상권,1000321,2842,1415,1427,298,353,367,439,536,849,153,182,206,232,270,372,145,171,161,207,266,477,1329,0,1329,도봉로18길
2019,4,A,골목상권,1000320,1613,809,804,145,241,180,204,325,518,69,150,105,107,155,223,76,91,75,97,170,295,788,0,788,도봉로13길
2019,4,A,골목상권,1000319,2691,1314,1377,188,514,427,419,435,708,102,218,234,232,210,318,86,296,193,187,225,390,1630,0,1630,덕릉로41길
2019,4,A,골목상권,1000318,2202,1111,1091,298,325,286,376,370,547,165,151,142,211,187,255,133,174,144,165,183,292,987,0,987,덕릉로40길
2019,4,A,골목상권,1000317,2657,1302,1355,310,378,359,409,434,767,171,188,202,215,204,322,139,190,157,194,230,445,1230,0,1230,노해로33길
2019,4,A,골목상권,1000316,1353,637,716,164,192,176,211,252,358,81,94,90,104,108,160,83,98,86,107,144,198,590,0,590,노해로23길
2019,4,A,골목상권,1000315,2579,1294,1285,264,428,337,385,474,691,132,213,194,209,239,307,132,215,143,176,235,384,1276,0,1276,노해로17길
2019,4,A,골목상권,1000314,2144,1068,1076,224,332,294,334,413,547,114,153,158,172,207,264,110,179,136,162,206,283,1152,0,1152,화랑로40길
2019,4,A,골목상권,1000313,3401,1709,1692,314,581,380,521,618,987,173,307,194,275,316,444,141,274,186,246,302,543,1770,0,1770,화랑로32길
2019,4,A,골목상권,1000312,3066,1548,1518,381,416,459,461,514,835,208,201,250,246,256,387,173,215,209,215,258,448,1421,0,1421,화랑로1길
2019,4,A,골목상권,1000311,2222,1117,1105,241,285,247,320,440,689,125,160,131,167,215,319,116,125,116,153,225,370,998,0,998,화랑로19길
2019,4,A,골목상권,1000310,1303,651,652,112,324,211,160,194,302,50,163,122,96,98,122,62,161,89,64,96,180,729,0,729,화랑로14길
2019,4,A,골목상권,1000309,1353,579,774,125,443,184,138,187,276,69,131,95,63,90,131,56,312,89,75,97,145,794,0,794,화랑로13길
2019,4,A,골목상권,1000308,2089,1004,1085,230,314,294,276,405,570,113,147,156,141,188,259,117,167,138,135,217,311,982,0,982,한천로76길
2019,4,A,골목상권,1000307,1097,547,550,224,119,140,206,187,221,100,68,69,103,98,109,124,51,71,103,89,112,416,0,416,한천로101가길
2019,4,A,골목상권,1000306,1293,580,713,137,316,246,164,173,257,57,152,111,75,82,103,80,164,135,89,91,154,756,0,756,창경궁로43길
2019,4,A,골목상권,1000305,2612,1299,1313,249,538,390,357,440,638,127,273,217,187,213,282,122,265,173,170,227,356,1364,0,1364,지봉로20길
2019,4,A,골목상권,1000304,2344,1289,1055,225,785,387,248,249,450,108,478,224,137,138,204,117,307,163,111,111,246,1479,0,1479,종암로5길
2019,4,A,골목상권,1000303,2215,1071,1144,350,268,400,338,323,536,181,135,196,171,155,233,169,133,204,167,168,303,972,0,972,종암로24가길
2019,4,A,골목상권,1000302,1661,817,844,271,258,239,282,256,355,139,128,120,145,122,163,132,130,119,137,134,192,712,0,712,종암로21길
2019,4,A,골목상권,1000301,1890,924,966,254,264,271,273,319,509,118,134,149,130,166,227,136,130,122,143,153,282,851,0,851,종암로19길
2019,4,A,골목상권,1000300,3402,1621,1781,405,391,411,480,568,1147,246,189,208,221,286,471,159,202,203,259,282,676,1841,0,1841,종암로16길
2019,4,A,골목상권,1000299,1830,957,873,219,431,251,206,239,484,115,247,151,112,128,204,104,184,100,94,111,280,1054,0,1054,정릉로8길
2019,4,A,골목상권,1000298,3490,1704,1786,532,463,505,516,523,951,277,242,257,247,266,415,255,221,248,269,257,536,1504,0,1504,정릉로27길
2019,4,A,골목상권,1000297,1852,894,958,277,190,205,336,300,544,145,97,104,157,157,234,132,93,101,179,143,310,819,0,819,정릉로26길
2019,4,A,골목상권,1000296,61,37,24,2,5,1,19,18,16,1,1,1,11,14,9,1,4,0,8,4,7,46,0,46,장위로50길
2019,4,A,골목상권,1000295,1981,913,1068,185,473,240,241,294,548,97,170,122,138,151,235,88,303,118,103,143,313,1130,0,1130,장월로1길
2019,4,A,골목상권,1000294,218,132,86,18,42,36,28,31,63,11,26,20,21,18,36,7,16,16,7,13,27,128,0,128,인촌로6길
2019,4,A,골목상권,1000293,908,384,524,66,344,136,100,95,167,28,125,61,46,42,82,38,219,75,54,53,85,584,0,584,인촌로5길
2019,4,A,골목상권,1000292,321,189,132,13,156,52,30,33,37,6,97,29,19,20,18,7,59,23,11,13,19,247,0,247,인촌로24길
2019,4,A,골목상권,1000291,608,287,321,42,370,61,32,32,71,20,174,34,14,12,33,22,196,27,18,20,38,505,0,505,개운사길
2019,4,A,골목상권,1000290,180,77,103,14,46,43,21,23,33,5,17,18,11,14,12,9,29,25,10,9,21,127,0,127,인촌로1길
2019,4,A,골목상권,1000289,277,150,127,26,82,35,43,39,52,13,55,18,21,23,20,13,27,17,22,16,32,157,0,157,인촌로17가길
2019,4,A,골목상권,1000288,2909,1378,1531,292,606,356,417,445,793,132,241,188,230,232,355,160,365,168,187,213,438,1506,0,1506,오패산로4길
2019,4,A,골목상권,1000287,3327,1623,1704,437,397,410,478,555,1050,211,204,225,248,267,468,226,193,185,230,288,582,1450,0,1450,오패산로3길
2019,4,A,골목상권,1000286,1672,834,838,160,215,179,245,315,558,84,113,85,135,163,254,76,102,94,110,152,304,868,0,868,오패산로19길
2019,4,A,골목상권,1000285,1158,589,569,120,226,209,168,203,232,70,123,115,85,102,94,50,103,94,83,101,138,591,0,591,안암로5길
2019,4,A,골목상권,1000284,2981,1288,1693,231,874,545,355,344,632,105,329,249,169,168,268,126,545,296,186,176,364,1846,0,1846,아리랑로4길
2019,4,A,골목상권,1000283,1865,930,935,227,356,240,243,298,501,126,202,116,118,154,214,101,154,124,125,144,287,881,0,881,솔샘로6길
2019,4,A,골목상권,1000282,1720,833,887,269,260,289,282,272,348,143,131,140,132,131,156,126,129,149,150,141,192,708,0,708,성북로8길
2019,4,A,골목상권,1000281,653,307,346,65,81,72,112,109,214,31,40,41,58,54,83,34,41,31,54,55,131,342,0,342,삼양로8길
2019,4,A,골목상권,1000280,1475,730,745,171,213,199,227,263,402,87,118,103,120,133,169,84,95,96,107,130,233,739,0,739,삼선교로16가길
2019,4,A,골목상권,1000279,2014,992,1022,193,377,273,293,345,533,96,187,154,149,166,240,97,190,119,144,179,293,1069,0,1069,삼선교로10다길
2019,4,A,골목상권,1000278,2312,1068,1244,250,492,366,320,313,571,126,232,179,147,132,252,124,260,187,173,181,319,1210,0,1210,삼선교로10길
2019,4,A,골목상권,1000277,1288,388,900,87,562,240,124,94,181,30,102,90,53,37,76,57,460,150,71,57,105,941,0,941,보문로32길
2019,4,A,골목상권,1000276,2892,1297,1595,317,668,508,360,425,614,161,276,235,173,204,248,156,392,273,187,221,366,1599,0,1599,보문로31길
2019,4,A,골목상권,1000275,225,106,119,17,80,46,25,21,36,8,41,18,10,11,18,9,39,28,15,10,18,161,0,161,보문로26길
2019,4,A,골목상권,1000274,2458,1205,1253,213,416,386,366,427,650,112,210,213,192,195,283,101,206,173,174,232,367,1335,0,1335,보문로13길
2019,4,A,골목상권,1000273,2867,1416,1451,404,410,382,443,461,767,216,218,194,232,229,327,188,192,188,211,232,440,1221,0,1221,보국문로16길
2019,4,A,골목상권,1000272,261,118,143,28,32,32,29,49,91,15,16,13,13,25,36,13,16,19,16,24,55,136,0,136,동소문로6길
2019,4,A,골목상권,1000271,388,212,176,32,57,46,65,64,124,18,33,25,39,33,64,14,24,21,26,31,60,223,0,223,동소문로2길
2019,4,A,골목상권,1000270,2190,851,1339,147,654,360,294,231,504,65,177,160,133,101,215,82,477,200,161,130,289,1508,0,1508,동소문로26가길
2019,4,A,골목상권,1000269,1077,430,647,111,314,171,131,132,218,55,100,71,61,60,83,56,214,100,70,72,135,636,0,636,동소문로15길
2019,4,A,골목상권,1000268,2855,1289,1566,441,550,404,429,421,610,226,222,186,201,199,255,215,328,218,228,222,355,1297,0,1297,동소문로13길
2019,4,A,골목상권,1000267,1259,648,611,131,153,136,161,247,431,72,81,73,91,128,203,59,72,63,70,119,228,612,0,612,돌곶이로8길
2019,4,A,골목상권,1000266,1810,891,919,243,239,243,256,323,506,131,118,135,123,163,221,112,121,108,133,160,285,826,0,826,돌곶이로41길
2019,4,A,골목상권,1000265,968,532,436,104,127,104,149,204,280,52,68,55,88,120,149,52,59,49,61,84,131,462,0,462,돌곶이로28길
2019,4,A,골목상권,1000264,2470,1248,1222,258,315,273,361,466,797,138,169,144,190,240,367,120,146,129,171,226,430,1172,0,1172,돌곶이로27길
2019,4,A,골목상권,1000263,1212,603,609,135,188,157,177,211,344,64,79,91,94,110,165,71,109,66,83,101,179,637,0,637,돌곶이로22길
2019,4,A,골목상권,1000262,1195,605,590,146,138,119,192,217,383,83,67,58,107,114,176,63,71,61,85,103,207,558,0,558,돌곶이로14길
2019,4,A,골목상권,1000261,56,34,22,4,2,8,11,17,14,3,1,4,8,10,8,1,1,4,3,7,6,42,0,42,길음로7길
2019,4,A,골목상권,1000260,2546,1297,1249,269,343,351,381,524,678,132,174,196,206,278,311,137,169,155,175,246,367,1315,0,1315,중랑천로10길
2019,4,A,골목상권,1000259,3317,1703,1614,373,511,445,440,673,875,184,280,245,248,332,414,189,231,200,192,341,461,1600,0,1600,용마산로94길
2019,4,A,골목상권,1000258,1872,987,885,133,198,207,261,417,656,65,112,115,144,232,319,68,86,92,117,185,337,1163,0,1163,용마산로118길
2019,4,A,골목상권,1000257,2469,1244,1225,275,339,284,334,478,759,141,175,142,177,251,358,134,164,142,157,227,401,1152,0,1152,용마산로112길
2019,4,A,골목상권,1000256,2956,1494,1462,419,401,364,473,545,754,210,215,186,230,293,360,209,186,178,243,252,394,1402,0,1402,용마산로100길
2019,4,A,골목상권,1000255,2559,1248,1311,512,332,388,437,411,479,264,162,199,219,194,210,248,170,189,218,217,269,972,0,972,신내로7가길
2019,4,A,골목상권,1000254,3123,1560,1563,296,478,544,466,521,818,171,225,290,250,248,376,125,253,254,216,273,442,1744,0,1744,사가정로54길
2019,4,A,골목상권,1000253,3085,1515,1570,402,406,428,458,543,848,197,204,206,240,246,422,205,202,222,218,297,426,1321,0,1321,사가정로42길
2019,4,A,골목상권,1000252,3838,1870,1968,643,498,544,613,636,904,317,271,277,305,299,401,326,227,267,308,337,503,1467,0,1467,봉화산로56길
2019,4,A,골목상권,1000251,4580,2430,2150,416,611,663,656,940,1294,228,322,372,349,521,638,188,289,291,307,419,656,2404,0,2404,봉화산로4길
2019,4,A,골목상권,1000250,3046,1552,1494,378,508,510,411,508,731,210,264,271,212,254,341,168,244,239,199,254,390,1500,0,1500,봉화산로30길
2019,4,A,골목상권,1000249,2473,1164,1309,162,643,649,294,317,408,80,256,335,154,142,197,82,387,314,140,175,211,1498,0,1498,봉우재로33길
2019,4,A,골목상권,1000248,5320,2617,2703,567,795,774,760,1006,1418,278,392,435,388,499,625,289,403,339,372,507,793,2661,0,2661,면목로78길
2019,4,A,골목상권,1000247,2810,1409,1401,285,434,380,371,627,713,139,241,210,182,297,340,146,193,170,189,330,373,1383,0,1383,면목로56길
2019,4,A,골목상권,1000246,1975,1002,973,277,271,306,317,364,440,134,139,151,183,183,212,143,132,155,134,181,228,929,0,929,면목로55길
2019,4,A,골목상권,1000245,2864,1441,1423,286,369,453,472,482,802,157,177,243,256,244,364,129,192,210,216,238,438,1594,0,1594,면목로49길
2019,4,A,골목상권,1000244,3129,1492,1637,328,521,552,427,555,746,157,241,288,217,260,329,171,280,264,210,295,417,1571,0,1571,면목로48길
2019,4,A,골목상권,1000243,1351,666,685,113,225,210,208,229,366,53,110,110,106,123,164,60,115,100,102,106,202,736,0,736,면목로45길
2019,4,A,골목상권,1000242,2620,1344,1276,376,380,350,441,449,624,208,199,182,228,245,282,168,181,168,213,204,342,1240,0,1240,면목로33길
2019,4,A,골목상권,1000241,1853,928,925,243,233,260,329,335,453,129,122,132,182,157,206,114,111,128,147,178,247,872,0,872,면목로21길
2019,4,A,골목상권,1000240,1404,750,654,157,177,147,211,280,432,84,104,86,114,149,213,73,73,61,97,131,219,725,0,725,망우로73길
2019,4,A,골목상권,1000239,2338,1187,1151,276,347,296,319,488,612,143,187,155,160,241,301,133,160,141,159,247,311,1169,0,1169,망우로68길
2019,4,A,골목상권,1000238,3562,1780,1782,447,483,666,510,645,811,234,240,364,248,330,364,213,243,302,262,315,447,1833,0,1833,동일로163길
2019,4,A,골목상권,1000237,2620,1299,1321,224,447,472,382,434,661,115,200,258,205,225,296,109,247,214,177,209,365,1475,0,1475,동일로157길
2019,4,A,골목상권,1000236,2864,1401,1463,403,405,467,446,476,667,202,202,246,225,235,291,201,203,221,221,241,376,1335,0,1335,동일로149길
2019,4,A,골목상권,1000235,2426,1252,1174,292,345,407,342,434,606,173,185,211,193,219,271,119,160,196,149,215,335,1105,0,1105,동일로140길
2019,4,A,골목상권,1000234,2311,1175,1136,190,271,322,353,473,702,95,119,176,186,256,343,95,152,146,167,217,359,1320,0,1320,동일로139길
2019,4,A,골목상권,1000233,1982,1020,962,240,301,287,268,402,484,129,153,162,148,195,233,111,148,125,120,207,251,907,0,907,동일로139가길
2019,4,A,골목상권,1000232,3656,1742,1914,507,585,580,496,641,847,242,289,287,251,296,377,265,296,293,245,345,470,1644,0,1644,동일로130길
2019,4,A,골목상권,1000231,2681,1335,1346,240,403,376,355,574,733,136,199,192,174,285,349,104,204,184,181,289,384,1467,0,1467,동일로123길
2019,4,A,골목상권,1000230,4373,2114,2259,370,838,816,577,788,984,197,369,403,297,398,450,173,469,413,280,390,534,2524,0,2524,동일로112길
2019,4,A,골목상권,1000229,2956,1468,1488,395,415,320,489,588,749,177,209,166,257,312,347,218,206,154,232,276,402,1379,0,1379,동일로101길
2019,4,A,골목상권,1000228,4956,2519,2437,566,760,683,697,993,1257,295,380,366,383,495,600,271,380,317,314,498,657,2354,0,2354,동일로100길
2019,4,A,골목상권,1000227,1845,932,913,228,266,279,268,362,442,124,129,154,128,186,211,104,137,125,140,176,231,869,0,869,답십리로75길
2019,4,A,골목상권,1000226,4088,1990,2098,451,627,697,636,619,1058,235,303,353,329,294,476,216,324,344,307,325,582,2030,0,2030,공릉로2길
2019,4,A,골목상권,1000225,1397,692,705,296,172,175,248,221,285,152,99,82,122,108,129,144,73,93,126,113,156,569,0,569,공릉로12가길
2019,4,A,골목상권,1000224,5240,2636,2604,622,849,880,726,997,1166,320,450,464,370,496,536,302,399,416,356,501,630,2428,0,2428,겸재로54길
2019,4,A,골목상권,1000223,4164,2061,2103,423,605,650,679,755,1052,222,300,328,347,386,478,201,305,322,332,369,574,2361,0,2361,겸재로36길
2019,4,A,골목상권,1000222,2269,1155,1114,221,347,380,339,409,573,111,180,208,192,205,259,110,167,172,147,204,314,1258,0,1258,겸재로29길
2019,4,A,골목상권,1000221,405,203,202,24,124,60,61,47,89,8,58,35,35,29,38,16,66,25,26,18,51,315,0,315,휘경로3길
2019,4,A,골목상권,1000220,1281,640,641,102,369,177,165,175,293,49,166,108,92,94,131,53,203,69,73,81,162,802,0,802,휘경로2길
2019,4,A,골목상권,1000219,2461,1217,1244,188,277,311,390,436,859,88,153,171,218,237,350,100,124,140,172,199,509,1473,0,1473,휘경로23길
2019,4,A,골목상권,1000218,1719,902,817,118,247,219,256,350,529,58,140,119,153,184,248,60,107,100,103,166,281,988,0,988,휘경로14길
2019,4,A,골목상권,1000217,2478,1190,1288,421,298,325,412,420,602,196,141,186,188,209,270,225,157,139,224,211,332,968,0,968,한천로46길
2019,4,A,골목상권,1000216,1851,930,921,179,248,206,270,335,613,87,137,113,132,180,281,92,111,93,138,155,332,1012,0,1012,한천로40길
2019,4,A,골목상권,1000215,919,447,472,131,122,116,162,158,230,67,55,58,84,77,106,64,67,58,78,81,124,420,0,420,한천로33길
2019,4,A,골목상권,1000214,2893,1506,1387,260,352,367,437,575,902,146,172,204,245,306,433,114,180,163,192,269,469,1593,0,1593,한천로14길
2019,4,A,골목상권,1000213,2744,1408,1336,369,449,472,458,400,596,199,212,267,245,189,296,170,237,205,213,211,300,1286,0,1286,천호대로97길
2019,4,A,골목상권,1000212,2354,1226,1128,268,357,368,349,425,587,145,191,208,181,205,296,123,166,160,168,220,291,1041,0,1041,천호대로77길
2019,4,A,골목상권,1000211,2649,1396,1253,227,443,404,326,433,816,122,234,223,195,233,389,105,209,181,131,200,427,1436,0,1436,천호대로45길
2019,4,A,골목상권,1000210,2881,1412,1469,201,671,558,403,420,628,108,308,298,213,213,272,93,363,260,190,207,356,1790,0,1790,천호대로17길
2019,4,A,골목상권,1000209,180,99,81,23,23,23,33,38,40,11,14,12,20,21,21,12,9,11,13,17,19,84,0,84,천호대로12길
2019,4,A,골목상권,1000208,1481,739,742,139,844,145,93,85,175,56,436,87,43,40,77,83,408,58,50,45,98,1138,0,1138,천장산로7길
2019,4,A,골목상권,1000207,1014,558,456,58,242,148,129,140,297,32,134,91,81,82,138,26,108,57,48,58,159,687,0,687,제기로5길
2019,4,A,골목상권,1000206,3059,1542,1517,245,319,302,360,534,1299,117,171,182,195,284,593,128,148,120,165,250,706,1853,0,1853,제기로21길
2019,4,A,골목상권,1000205,2278,1151,1127,273,277,386,385,396,561,145,153,191,205,209,248,128,124,195,180,187,313,1177,0,1177,전농로4길
2019,4,A,골목상권,1000204,1653,826,827,200,228,186,250,300,489,111,119,99,118,153,226,89,109,87,132,147,263,805,0,805,전농로3길
2019,4,A,골목상권,1000203,1916,950,966,204,264,215,265,363,605,109,154,121,131,176,259,95,110,94,134,187,346,961,0,961,전농로29길
2019,4,A,골목상권,1000202,2417,1206,1211,343,331,405,354,424,560,186,162,205,182,191,280,157,169,200,172,233,280,1020,0,1020,장한로8길
2019,4,A,골목상권,1000201,2082,1039,1043,272,324,330,312,343,501,143,169,162,167,170,228,129,155,168,145,173,273,938,0,938,장한로5길
2019,4,A,골목상권,1000200,996,512,484,117,137,150,143,191,258,59,67,75,79,100,132,58,70,75,64,91,126,518,0,518,장한로27길
2019,4,A,골목상권,1000199,1097,538,559,144,149,119,173,197,315,73,75,61,86,101,142,71,74,58,87,96,173,513,0,513,장한로27가길
2019,4,A,골목상권,1000198,2624,1292,1332,511,292,337,507,360,617,259,157,149,255,184,288,252,135,188,252,176,329,971,0,971,장한로26길
2019,4,A,골목상권,1000197,1542,787,755,215,245,358,228,213,283,110,115,195,123,107,137,105,130,163,105,106,146,743,0,743,장한로26가길
2019,4,A,골목상권,1000196,740,367,373,94,94,141,113,121,177,51,48,75,57,51,85,43,46,66,56,70,92,325,0,325,장한로25길
2019,4,A,골목상권,1000195,1387,715,672,240,142,211,238,181,375,130,77,106,131,95,176,110,65,105,107,86,199,529,0,529,장한로14길
2019,4,A,골목상권,1000194,2483,1267,1216,280,392,342,343,387,739,149,197,188,186,204,343,131,195,154,157,183,396,1319,0,1319,이문로42길
2019,4,A,골목상권,1000193,3589,1816,1773,361,390,450,496,657,1235,193,212,240,264,357,550,168,178,210,232,300,685,1942,0,1942,왕산로43길
2019,4,A,골목상권,1000192,539,257,282,27,68,61,55,91,237,10,31,33,27,49,107,17,37,28,28,42,130,348,0,348,왕산로33길
2019,4,A,골목상권,1000191,1061,566,495,74,151,163,135,188,350,37,84,93,83,103,166,37,67,70,52,85,184,628,0,628,왕산로32길
2019,4,A,골목상권,1000190,1514,788,726,97,158,166,195,269,629,47,82,96,118,166,279,50,76,70,77,103,350,892,0,892,약령시로17길
2019,4,A,골목상권,1000189,2461,1240,1221,383,319,439,411,354,555,206,150,227,213,187,257,177,169,212,198,167,298,1158,0,1158,서울시립대로4길
2019,4,A,골목상권,1000188,4357,2223,2134,444,1214,605,479,550,1065,230,646,350,273,274,450,214,568,255,206,276,615,2487,0,2487,서울시립대로29길
2019,4,A,골목상권,1000187,3343,1631,1712,378,522,386,466,657,934,184,266,225,233,317,406,194,256,161,233,340,528,1528,0,1528,서울시립대로16길
2019,4,A,골목상권,1000186,1823,914,909,234,269,265,293,302,460,119,150,131,155,151,208,115,119,134,138,151,252,871,0,871,사가정로2길
2019,4,A,골목상권,1000185,1982,949,1033,294,274,236,321,341,516,145,141,115,159,154,235,149,133,121,162,187,281,784,0,784,사가정로23가길
2019,4,A,골목상권,1000184,1933,954,979,174,233,239,263,399,625,85,125,131,146,193,274,89,108,108,117,206,351,1005,0,1005,사가정로13길
2019,4,A,골목상권,1000183,767,463,304,60,296,136,77,83,115,33,198,94,40,45,53,27,98,42,37,38,62,539,0,539,무학로45길
2019,4,A,골목상권,1000182,1358,695,663,156,183,185,204,245,385,74,112,102,115,114,178,82,71,83,89,131,207,641,0,641,무학로16길
2019,4,A,골목상권,1000181,577,294,283,75,94,85,73,83,167,40,46,46,38,40,84,35,48,39,35,43,83,260,0,260,망우로21길
2019,4,A,골목상권,1000180,1582,795,787,150,587,203,184,168,290,67,303,114,100,82,129,83,284,89,84,86,161,999,0,999,망우로18길
2019,4,A,골목상권,1000179,2650,1399,1251,211,964,328,256,304,587,110,564,194,137,129,265,101,400,134,119,175,322,1685,0,1685,망우로18가길
2019,4,A,골목상권,1000178,1313,644,669,181,172,240,201,226,293,87,91,117,109,102,138,94,81,123,92,124,155,625,0,625,답십리로72길
2019,4,A,골목상권,1000177,1976,1044,932,368,204,339,336,286,443,213,109,174,188,139,221,155,95,165,148,147,222,769,0,769,답십리로69길
2019,4,A,골목상권,1000176,3836,1927,1909,454,579,810,650,647,696,250,292,424,336,312,313,204,287,386,314,335,383,1917,0,1917,답십리로68길
2019,4,A,골목상권,1000175,2695,1344,1351,313,336,390,426,528,702,154,175,219,218,269,309,159,161,171,208,259,393,1353,0,1353,답십리로64길
2019,4,A,골목상권,1000174,1367,689,678,152,184,185,211,254,381,59,102,102,115,136,175,93,82,83,96,118,206,664,0,664,답십리로63길
2019,4,A,골목상권,1000173,1450,761,689,144,181,204,211,275,435,74,101,118,118,143,207,70,80,86,93,132,228,708,0,708,답십리로60길
2019,4,A,골목상권,1000172,3472,1737,1735,352,455,435,502,657,1071,174,238,252,266,326,481,178,217,183,236,331,590,1705,0,1705,답십리로56길
2019,4,A,골목상권,1000171,2527,1247,1280,302,373,401,380,412,659,165,188,207,200,194,293,137,185,194,180,218,366,1235,0,1235,답십리로23길
2019,4,A,골목상권,1000170,215,134,81,19,27,29,36,33,71,14,18,14,24,22,42,5,9,15,12,11,29,118,0,118,난계로30길
2019,4,A,골목상권,1000169,1221,625,596,116,432,145,159,141,228,54,231,86,80,70,104,62,201,59,79,71,124,788,0,788,경희대로4길
2019,4,A,골목상권,1000168,631,301,330,54,245,99,57,66,110,23,113,49,31,35,50,31,132,50,26,31,60,444,0,444,경희대로3길
2019,4,A,골목상권,1000167,3313,1578,1735,452,496,523,524,526,792,230,247,257,242,245,357,222,249,266,282,281,435,1387,0,1387,천호대로129길
2019,4,A,골목상권,1000166,3067,1460,1607,443,534,523,443,538,586,231,248,258,207,258,258,212,286,265,236,280,328,1367,0,1367,천호대로123길
2019,4,A,골목상권,1000165,3575,1631,1944,386,733,740,483,542,691,194,286,347,224,255,325,192,447,393,259,287,366,1838,0,1838,천호대로109길
2019,4,A,골목상권,1000164,3655,1839,1816,510,539,538,574,644,850,264,288,271,297,317,402,246,251,267,277,327,448,1648,0,1648,자양번영로3길
2019,4,A,골목상권,1000163,2651,1284,1367,329,370,433,351,473,695,169,179,209,175,230,322,160,191,224,176,243,373,1164,0,1164,자양로53길
2019,4,A,골목상권,1000162,4406,2162,2244,602,633,635,668,755,1113,320,338,329,318,357,500,282,295,306,350,398,613,1926,0,1926,자양로50길
2019,4,A,골목상권,1000161,2484,1189,1295,278,391,431,363,430,591,152,185,194,181,200,277,126,206,237,182,230,314,1136,0,1136,자양로45길
2019,4,A,골목상권,1000160,2990,1429,1561,329,616,541,466,469,569,165,284,266,228,221,265,164,332,275,238,248,304,1489,0,1489,자양로26길
2019,4,A,골목상권,1000159,1861,853,1008,201,362,304,249,293,452,108,161,127,116,140,201,93,201,177,133,153,251,987,0,987,자양로15길
2019,4,A,골목상권,1000158,3738,1808,1930,358,613,625,574,627,941,161,308,330,292,292,425,197,305,295,282,335,516,2049,0,2049,자양로11길
2019,4,A,골목상권,1000157,3885,1865,2020,601,613,765,586,553,767,325,287,369,286,252,346,276,326,396,300,301,421,1735,0,1735,용마산로3길
2019,4,A,골목상권,1000156,5267,2599,2668,644,889,888,743,964,1139,313,456,470,365,470,525,331,433,418,378,494,614,2403,0,2403,용마산로21길
2019,4,A,골목상권,1000155,1481,714,767,225,198,310,240,212,296,116,94,145,124,96,139,109,104,165,116,116,157,638,0,638,아차산로78길
2019,4,A,골목상권,1000154,2834,1316,1518,554,438,389,522,417,514,262,213,178,231,202,230,292,225,211,291,215,284,1190,0,1190,아차산로65길
2019,4,A,골목상권,1000153,2898,1348,1550,227,662,638,384,391,596,113,296,325,193,166,255,114,366,313,191,225,341,1602,0,1602,아차산로55길
2019,4,A,골목상권,1000152,1768,819,949,156,469,390,229,236,288,75,192,189,114,115,134,81,277,201,115,121,154,1024,0,1024,아차산로51길
2019,4,A,골목상권,1000151,2862,1408,1454,347,530,514,395,466,610,180,263,260,208,229,268,167,267,254,187,237,342,1365,0,1365,아차산로40길
2019,4,A,골목상권,1000150,4136,2057,2079,377,623,684,579,772,1101,194,319,378,279,391,496,183,304,306,300,381,605,2183,0,2183,면목로17길
2019,4,A,골목상권,1000149,2784,1417,1367,351,496,448,404,471,614,193,253,243,193,229,306,158,243,205,211,242,308,1272,0,1272,뚝섬로64길
2019,4,A,골목상권,1000148,3424,1638,1786,542,507,607,549,512,707,282,236,303,267,235,315,260,271,304,282,277,392,1423,0,1423,뚝섬로58길
2019,4,A,골목상권,1000147,3485,1721,1764,583,507,576,641,570,608,296,271,301,308,272,273,287,236,275,333,298,335,1451,0,1451,뚝섬로54길
2019,4,A,골목상권,1000146,3557,1727,1830,435,594,609,563,599,757,224,287,302,286,288,340,211,307,307,277,311,417,1674,0,1674,뚝섬로48길
2019,4,A,골목상권,1000145,2974,1507,1467,296,445,487,426,565,755,148,229,275,209,289,357,148,216,212,217,276,398,1511,0,1511,뚝섬로24길
2019,4,A,골목상권,1000144,1821,894,927,196,256,257,271,338,503,90,125,134,145,180,220,106,131,123,126,158,283,944,0,944,뚝섬로23길
2019,4,A,골목상권,1000143,2913,1397,1516,198,1018,543,325,333,496,105,432,287,178,158,237,93,586,256,147,175,259,1902,0,1902,동일로24길
2019,4,A,골목상권,1000142,1714,890,824,136,306,282,232,302,456,69,158,156,130,171,206,67,148,126,102,131,250,1007,0,1007,동일로18길
2019,4,A,골목상권,1000141,2931,1442,1489,575,399,432,520,517,488,286,206,197,263,250,240,289,193,235,257,267,248,1062,0,1062,능동로4길
2019,4,A,골목상권,1000140,3484,1748,1736,314,466,496,472,632,1104,144,243,264,265,331,501,170,223,232,207,301,603,1862,0,1862,능동로3길
2019,4,A,골목상권,1000139,5070,2333,2737,533,976,1163,730,657,1011,295,398,532,364,298,446,238,578,631,366,359,565,2737,0,2737,능동로34길
2019,4,A,골목상권,1000138,2330,1148,1182,107,916,392,241,256,418,42,411,213,141,160,181,65,505,179,100,96,237,1889,0,1889,능동로19길
2019,4,A,골목상권,1000137,3644,1719,1925,224,1387,725,364,392,552,117,595,370,198,203,236,107,792,355,166,189,316,2563,0,2563,능동로13길
2019,4,A,골목상권,1000136,2014,1005,1009,211,343,333,267,356,504,111,172,174,138,176,234,100,171,159,129,180,270,986,0,986,긴고랑로9길
2019,4,A,골목상권,1000135,4193,2098,2095,413,722,833,583,661,981,224,362,434,305,327,446,189,360,399,278,334,535,2182,0,2182,긴고랑로8길
2019,4,A,골목상권,1000134,4494,2198,2296,569,654,681,712,810,1068,285,312,350,364,393,494,284,342,331,348,417,574,2170,0,2170,긴고랑로7길
2019,4,A,골목상권,1000133,4111,1960,2151,508,665,748,574,674,942,264,305,376,283,312,420,244,360,372,291,362,522,2029,0,2029,긴고랑로20길
2019,4,A,골목상권,1000132,4243,2016,2227,522,750,795,654,676,846,244,360,400,329,317,366,278,390,395,325,359,480,2045,0,2045,광나루로52길
2019,4,A,골목상권,1000131,3777,1874,1903,375,704,778,564,522,834,180,353,413,294,265,369,195,351,365,270,257,465,1946,0,1946,광나루로40길
2019,4,A,골목상권,1000130,682,320,362,96,102,118,92,122,152,45,45,60,50,60,60,51,57,58,42,62,92,327,0,327,광나루로37길
2019,4,A,골목상권,1000129,2645,1291,1354,298,449,489,395,407,607,145,228,235,207,216,260,153,221,254,188,191,347,1410,0,1410,광나루로36길
2019,4,A,골목상권,1000128,1251,651,600,82,418,200,147,160,244,41,228,104,86,91,101,41,190,96,61,69,143,840,0,840,광나루로24길
2019,4,A,골목상권,1000127,2999,1429,1570,153,1606,636,242,180,182,67,689,337,140,100,96,86,917,299,102,80,86,2512,0,2512,광나루로12길
2019,4,A,골목상권,1000126,2073,964,1109,191,257,317,299,379,630,87,111,164,147,202,253,104,146,153,152,177,377,1033,0,1033,한림말길
2019,4,A,골목상권,1000125,855,408,447,109,132,142,149,103,220,56,58,70,75,52,97,53,74,72,74,51,123,463,0,463,한림말3길
2019,4,A,골목상권,1000124,2547,1295,1252,281,396,318,366,515,671,149,218,173,193,265,297,132,178,145,173,250,374,1192,0,1192,청계천로10나길
2019,4,A,골목상권,1000123,1893,937,956,167,274,267,278,328,579,94,148,137,149,158,251,73,126,130,129,170,328,967,0,967,장터길
2019,4,A,골목상권,1000122,1240,651,589,118,214,134,191,229,354,66,115,72,103,123,172,52,99,62,88,106,182,634,0,634,용답중앙길
2019,4,A,골목상권,1000121,2956,1457,1499,310,452,406,448,579,761,152,199,205,241,315,345,158,253,201,207,264,416,1566,0,1566,용답29길
2019,4,A,골목상권,1000120,2009,1016,993,263,326,346,349,289,436,132,166,173,178,155,212,131,160,173,171,134,224,969,0,969,왕십리로6길
2019,4,A,골목상권,1000119,2779,1306,1473,275,524,467,419,424,670,129,228,229,220,211,289,146,296,238,199,213,381,1469,0,1469,왕십리로31길
2019,4,A,골목상권,1000118,2804,1392,1412,316,591,424,402,488,583,165,283,210,209,264,261,151,308,214,193,224,322,1451,0,1451,왕십리로26길
2019,4,A,골목상권,1000117,2293,1094,1199,271,435,355,370,359,503,132,214,178,185,160,225,139,221,177,185,199,278,1163,0,1163,왕십리로21길
2019,4,A,골목상권,1000116,1782,922,860,213,317,292,249,304,407,118,163,145,122,166,208,95,154,147,127,138,199,893,0,893,왕십리로14길
2019,4,A,골목상권,1000115,1459,752,707,129,333,300,215,208,274,68,164,165,112,114,129,61,169,135,103,94,145,820,0,820,아차산로5길
2019,4,A,골목상권,1000114,428,239,189,4,158,151,54,30,31,1,54,92,45,26,21,3,104,59,9,4,10,393,0,393,아차산로15길
2019,4,A,골목상권,1000113,330,190,140,33,43,67,63,60,64,13,21,37,40,34,45,20,22,30,23,26,19,186,0,186,아차산로11길
2019,4,A,골목상권,1000112,2648,1430,1218,260,483,382,349,527,647,135,262,215,192,301,325,125,221,167,157,226,322,1449,0,1449,송정4가길
2019,4,A,골목상권,1000111,1307,693,614,146,211,194,187,239,330,79,110,106,102,144,152,67,101,88,85,95,178,671,0,671,송정12라길
2019,4,A,골목상권,1000110,635,361,274,77,118,91,103,124,122,37,60,52,56,83,73,40,58,39,47,41,49,388,0,388,성수일로6길
2019,4,A,골목상권,1000109,1220,676,544,90,287,225,147,221,250,51,131,138,88,130,138,39,156,87,59,91,112,755,0,755,성수이로7길
2019,4,A,골목상권,1000108,261,146,115,24,33,26,45,65,68,12,17,14,26,45,32,12,16,12,19,20,36,152,0,152,성수이로18길
2019,4,A,골목상권,1000107,3022,1589,1433,338,511,388,446,661,678,178,291,211,219,369,321,160,220,177,227,292,357,1531,0,1531,성덕정길
2019,4,A,골목상권,1000106,3352,1807,1545,307,489,429,463,747,917,160,263,241,256,444,443,147,226,188,207,303,474,1781,0,1781,성덕정17길
2019,4,A,골목상권,1000105,1632,811,821,198,268,331,253,245,337,103,149,162,130,120,147,95,119,169,123,125,190,811,0,811,서울숲2길
2019,4,A,골목상권,1000104,1267,638,629,137,249,280,198,189,214,66,121,142,105,103,101,71,128,138,93,86,113,691,0,691,상원길
2019,4,A,골목상권,1000103,2412,1214,1198,341,412,417,382,381,479,172,213,205,203,197,224,169,199,212,179,184,255,1134,0,1134,상원12길
2019,4,A,골목상권,1000102,2455,1313,1142,173,1059,288,189,248,498,78,621,172,110,119,213,95,438,116,79,129,285,1782,0,1782,사근동길
2019,4,A,골목상권,1000101,2203,1092,1111,347,374,305,366,347,464,181,188,168,175,170,210,166,186,137,191,177,254,977,0,977,무학봉길
2019,4,A,골목상권,1000100,960,453,507,63,216,148,129,171,233,27,84,81,76,85,100,36,132,67,53,86,133,589,0,589,무학봉28길
2019,4,A,골목상권,1000099,1774,871,903,165,355,300,250,309,395,96,167,147,134,153,174,69,188,153,116,156,221,972,0,972,무학로6길
2019,4,A,골목상권,1000098,2116,1000,1116,228,254,307,365,379,583,109,117,149,191,186,248,119,137,158,174,193,335,1152,0,1152,무수막길
2019,4,A,골목상권,1000097,5878,2775,3103,959,705,1507,971,800,936,502,323,665,507,369,409,457,382,842,464,431,527,2408,0,2408,매봉길
2019,4,A,골목상권,1000096,1200,530,670,77,608,187,74,91,163,29,258,92,31,45,75,48,350,95,43,46,88,892,0,892,마조로1길
2019,4,A,골목상권,1000095,2512,1264,1248,276,375,313,343,447,758,146,191,162,178,242,345,130,184,151,165,205,413,1316,0,1316,마조로16길
2019,4,A,골목상권,1000094,910,450,460,154,130,139,154,163,170,75,64,76,78,80,77,79,66,63,76,83,93,360,0,360,마장로39길
2019,4,A,골목상권,1000093,1772,888,884,216,288,265,236,314,453,116,150,127,133,159,203,100,138,138,103,155,250,884,0,884,마장로27길
2019,4,A,골목상권,1000092,1806,877,929,263,282,334,296,287,344,130,135,153,138,162,159,133,147,181,158,125,185,935,0,935,뚝섬로5길
2019,4,A,골목상권,1000091,2807,1521,1286,264,442,384,412,616,689,128,239,230,234,352,338,136,203,154,178,264,351,1486,0,1486,둘레9길
2019,4,A,골목상권,1000090,3277,1612,1665,393,493,417,487,596,891,220,252,221,247,294,378,173,241,196,240,302,513,1423,0,1423,금호산길
2019,4,A,골목상권,1000089,2311,1143,1168,275,353,317,302,422,642,149,196,176,156,199,267,126,157,141,146,223,375,1085,0,1085,금호산2길
2019,4,A,골목상권,1000088,2490,1277,1213,193,412,333,327,502,723,99,226,184,172,256,340,94,186,149,155,246,383,1378,0,1378,고산자로6길
2019,4,A,골목상권,1000087,5619,2681,2938,806,856,883,917,910,1247,440,406,440,445,431,519,366,450,443,472,479,728,2703,0,2703,후암로28길
2019,4,A,골목상권,1000086,2892,1363,1529,363,455,503,440,444,687,190,216,252,210,219,276,173,239,251,230,225,411,1393,0,1393,효창원로39길
2019,4,A,골목상권,1000085,2155,941,1214,151,281,324,325,334,740,70,145,157,150,133,286,81,136,167,175,201,454,1283,0,1283,회나무로13길
2019,4,A,골목상권,1000084,631,284,347,53,105,148,96,90,139,26,35,75,44,44,60,27,70,73,52,46,79,406,0,406,한남대로20길
2019,4,A,골목상권,1000083,138,112,26,3,8,13,29,42,43,2,5,11,25,36,33,1,3,2,4,6,10,129,0,129,한강대로88길
2019,4,A,골목상권,1000082,697,371,326,50,61,97,90,118,281,35,34,52,51,71,128,15,27,45,39,47,153,407,0,407,한강대로7길
2019,4,A,골목상권,1000081,662,340,322,60,102,112,66,121,201,32,58,62,37,62,89,28,44,50,29,59,112,410,0,410,한강대로62길
2019,4,A,골목상권,1000080,643,318,325,35,93,161,93,70,191,20,49,87,44,42,76,15,44,74,49,28,115,455,0,455,한강대로52길
2019,4,A,골목상권,1000079,1724,810,914,123,321,565,222,224,269,63,126,259,110,112,140,60,195,306,112,112,129,1110,0,1110,한강대로43길
2019,4,A,골목상권,1000078,466,249,217,37,46,71,75,77,160,17,25,47,47,44,69,20,21,24,28,33,91,274,0,274,한강대로15길
2019,4,A,골목상권,1000077,2695,1471,1224,273,362,420,419,517,704,154,177,204,263,316,357,119,185,216,156,201,347,1578,0,1578,한강대로104길
2019,4,A,골목상권,1000076,2375,1218,1157,229,397,345,370,433,601,126,211,201,197,225,258,103,186,144,173,208,343,1286,0,1286,청파로73길
2019,4,A,골목상권,1000075,4019,2049,1970,457,734,656,587,701,884,240,397,384,293,345,390,217,337,272,294,356,494,1926,0,1926,청파로71길
2019,4,A,골목상권,1000074,3174,1490,1684,356,781,647,442,400,548,194,277,336,219,205,259,162,504,311,223,195,289,1738,0,1738,청파로47나길
2019,4,A,골목상권,1000073,1666,625,1041,125,609,281,180,162,309,58,141,126,76,79,145,67,468,155,104,83,164,1142,0,1142,청파로47길
2019,4,A,골목상권,1000072,2658,1294,1364,260,397,409,405,478,709,146,212,215,203,211,307,114,185,194,202,267,402,1297,0,1297,장문로45길
2019,4,A,골목상권,1000071,2266,980,1286,127,243,391,377,367,761,69,89,195,179,170,278,58,154,196,198,197,483,1612,0,1612,이태원로54길
2019,4,A,골목상권,1000070,632,303,329,54,92,132,93,81,180,24,46,73,45,37,78,30,46,59,48,44,102,344,0,344,이태원로27길
2019,4,A,골목상권,1000069,1875,883,992,178,195,235,282,331,654,89,99,134,146,160,255,89,96,101,136,171,399,971,0,971,이촌로22길
2019,4,A,골목상권,1000068,1021,499,522,74,195,189,169,146,248,37,73,103,95,79,112,37,122,86,74,67,136,625,0,625,원효로89길
2019,4,A,골목상권,1000067,2330,1179,1151,224,398,539,299,325,545,113,196,295,166,176,233,111,202,244,133,149,312,1266,0,1266,원효로53길
2019,4,A,골목상권,1000066,1406,698,708,199,172,170,231,232,402,85,93,109,129,112,170,114,79,61,102,120,232,670,0,670,원효로41길
2019,4,A,골목상권,1000065,1837,880,957,234,338,302,281,286,396,117,160,149,141,136,177,117,178,153,140,150,219,871,0,871,원효로19길
2019,4,A,골목상권,1000064,2177,1094,1083,178,402,336,316,371,574,101,233,188,159,177,236,77,169,148,157,194,338,1223,0,1223,우사단로4길
2019,4,A,골목상권,1000063,1211,625,586,108,156,244,225,170,308,60,77,147,119,88,134,48,79,97,106,82,174,717,0,717,우사단로14길
2019,4,A,골목상권,1000062,2532,1342,1190,199,402,441,394,421,675,116,229,262,222,230,283,83,173,179,172,191,392,1486,0,1486,우사단로10길
2019,4,A,골목상권,1000061,2630,1285,1345,348,372,416,393,375,726,194,192,214,207,165,313,154,180,202,186,210,413,1248,0,1248,신흥로20길
2019,4,A,골목상권,1000060,2099,1003,1096,217,314,406,274,300,588,106,175,205,126,139,252,111,139,201,148,161,336,1085,0,1085,소월로20길
2019,4,A,골목상권,1000059,2442,1172,1270,256,327,296,373,442,748,130,164,163,189,225,301,126,163,133,184,217,447,1248,0,1248,서빙고로71길
2019,4,A,골목상권,1000058,4448,2102,2346,646,693,1122,763,568,656,322,271,516,398,271,324,324,422,606,365,297,332,2272,0,2272,백범로90길
2019,4,A,골목상권,1000057,3958,1841,2117,533,677,793,619,533,803,263,291,406,294,238,349,270,386,387,325,295,454,1855,0,1855,백범로79길
2019,4,A,골목상권,1000056,3105,1612,1493,246,460,407,465,551,976,127,245,210,246,306,478,119,215,197,219,245,498,1885,0,1885,두텁바위로1길
2019,4,A,골목상권,1000055,1394,676,718,130,250,262,188,224,340,63,124,134,92,112,151,67,126,128,96,112,189,750,0,750,대사관로34길
2019,4,A,골목상권,1000054,829,414,415,94,128,167,121,106,213,54,69,86,57,56,92,40,59,81,64,50,121,452,0,452,녹사평대로46길
2019,4,A,골목상권,1000053,774,370,404,96,126,157,123,87,185,41,58,81,65,44,81,55,68,76,58,43,104,408,0,408,녹사평대로40나길
2019,4,A,골목상권,1000052,517,263,254,54,67,111,77,62,146,34,38,54,42,30,65,20,29,57,35,32,81,283,0,283,녹사평대로32길
2019,4,A,골목상권,1000051,906,424,482,71,153,181,129,143,229,42,79,90,58,66,89,29,74,91,71,77,140,511,0,511,녹사평대로26길
2019,4,A,골목상권,1000050,387,187,200,38,53,65,64,56,111,19,28,29,32,34,45,19,25,36,32,22,66,197,0,197,녹사평대로11길
2019,4,A,골목상권,1000049,3378,1686,1692,306,541,415,500,664,952,161,268,214,265,360,418,145,273,201,235,304,534,1841,0,1841,퇴계로90길
2019,4,A,골목상권,1000048,1479,760,719,91,123,137,175,243,710,37,59,75,98,125,366,54,64,62,77,118,344,1009,0,1009,퇴계로8길
2019,4,A,골목상권,1000047,1124,587,537,91,181,142,143,192,375,53,100,86,78,101,169,38,81,56,65,91,206,639,0,639,퇴계로56길
2019,4,A,골목상권,1000046,593,313,280,70,145,95,70,64,149,37,73,53,41,41,68,33,72,42,29,23,81,362,0,362,퇴계로46길
2019,4,A,골목상권,1000045,723,352,371,88,106,123,112,95,199,40,56,66,57,47,86,48,50,57,55,48,113,447,0,447,퇴계로18길
2019,4,A,골목상권,1000044,914,449,465,85,101,100,144,131,353,50,53,57,81,68,140,35,48,43,63,63,213,470,0,470,퇴계로12길
2019,4,A,골목상권,1000043,1953,932,1021,197,291,229,275,399,562,97,148,126,131,210,220,100,143,103,144,189,342,1059,0,1059,청구로1길
2019,4,A,골목상권,1000042,1761,872,889,194,299,262,255,304,447,107,144,139,121,154,207,87,155,123,134,150,240,890,0,890,청구로17길
2019,4,A,골목상권,1000041,1473,732,741,139,277,237,217,227,376,74,136,122,116,115,169,65,141,115,101,112,207,785,0,785,장충단로8길
2019,4,A,골목상권,1000040,116,69,47,30,14,34,15,11,12,19,5,21,9,8,7,11,9,13,6,3,5,52,0,52,삼일대로4길
2019,4,A,골목상권,1000039,522,34,488,0,6,42,103,110,261,0,1,4,6,13,10,0,5,38,97,97,251,22,0,22,명동길
2019,4,A,골목상권,1000038,664,313,351,92,131,99,103,88,151,43,66,49,53,43,59,49,65,50,50,45,92,327,0,327,동호로8길
2019,4,A,골목상권,1000037,2128,1015,1113,289,369,332,316,344,478,148,178,171,153,152,213,141,191,161,163,192,265,973,0,973,동호로20길
2019,4,A,골목상권,1000036,1892,914,978,170,290,214,297,332,589,90,139,113,148,182,242,80,151,101,149,150,347,977,0,977,동호로15길
2019,4,A,골목상권,1000035,4534,2227,2307,452,768,745,694,721,1154,254,397,391,347,341,497,198,371,354,347,380,657,2051,0,2051,동호로11길
2019,4,A,골목상권,1000034,2016,964,1052,216,409,424,271,268,428,115,201,196,124,136,192,101,208,228,147,132,236,1102,0,1102,동호로10길
2019,4,A,골목상권,1000033,834,464,370,41,84,97,113,203,296,14,44,53,69,118,166,27,40,44,44,85,130,572,0,572,다산로39길
2019,4,A,골목상권,1000032,1406,671,735,195,207,207,229,246,322,91,96,99,116,132,137,104,111,108,113,114,185,637,0,637,다산로38길
2019,4,A,골목상권,1000031,2066,1004,1062,244,270,245,326,409,572,134,128,131,169,204,238,110,142,114,157,205,334,982,0,982,다산로36길
2019,4,A,골목상권,1000030,3422,1723,1699,286,554,484,497,686,915,145,289,275,269,349,396,141,265,209,228,337,519,1804,0,1804,다산로33길
2019,4,A,골목상권,1000029,1145,551,594,74,283,359,114,147,168,41,122,184,56,76,72,33,161,175,58,71,96,705,0,705,난계로21길
2019,4,A,골목상권,1000028,3407,1557,1850,271,794,729,481,503,629,136,289,328,241,253,310,135,505,401,240,250,319,2058,0,2058,난계로11길
2019,4,A,골목상권,1000027,690,304,386,126,86,80,149,98,151,48,48,40,62,43,63,78,38,40,87,55,88,327,0,327,필운대로1길
2019,4,A,골목상권,1000026,1678,807,871,220,328,174,203,289,464,119,164,90,85,135,214,101,164,84,118,154,250,776,0,776,평창길
2019,4,A,골목상권,1000025,886,421,465,114,115,92,166,129,270,62,56,48,85,60,110,52,59,44,81,69,160,442,0,442,통일로12길
2019,4,A,골목상권,1000024,2265,1137,1128,242,369,226,339,512,577,120,184,127,169,265,272,122,185,99,170,247,305,1025,0,1025,창신길
2019,4,A,골목상권,1000023,1269,684,585,103,127,116,178,290,455,55,79,70,90,172,218,48,48,46,88,118,237,768,0,768,창신5길
2019,4,A,골목상권,1000022,780,391,389,63,100,76,104,200,237,29,53,46,55,105,103,34,47,30,49,95,134,407,0,407,창신2길
2019,4,A,골목상권,1000021,932,402,530,71,197,118,137,126,283,30,85,57,66,51,113,41,112,61,71,75,170,648,0,648,창경궁로35길
2019,4,A,골목상권,1000020,2215,1105,1110,208,286,257,356,431,677,106,147,151,188,215,298,102,139,106,168,216,379,1152,0,1152,지봉로8길
2019,4,A,골목상권,1000019,3479,1809,1670,258,498,428,481,783,1031,127,247,234,264,426,511,131,251,194,217,357,520,2002,0,2002,종로65길
2019,4,A,골목상권,1000018,456,248,208,16,124,123,61,52,80,6,51,74,36,32,49,10,73,49,25,20,31,372,0,372,종로58가길
2019,4,A,골목상권,1000017,47,33,14,0,5,3,6,10,23,0,4,2,6,7,14,0,1,1,0,3,9,41,0,41,종로24길
2019,4,A,골목상권,1000016,677,307,370,104,84,100,102,82,205,55,44,46,49,33,80,49,40,54,53,49,125,337,0,337,자하문로7길
2019,4,A,골목상권,1000015,1607,771,836,192,354,278,204,249,330,94,165,134,95,127,156,98,189,144,109,122,174,872,0,872,이화장길
2019,4,A,골목상권,1000014,463,247,216,48,68,70,75,91,111,30,43,41,40,42,51,18,25,29,35,49,60,242,0,242,율곡로16길
2019,4,A,골목상권,1000013,230,138,92,7,17,26,32,43,105,4,13,15,23,28,55,3,4,11,9,15,50,147,0,147,율곡로10길
2019,4,A,골목상권,1000012,2571,1139,1432,432,288,399,506,412,534,201,131,181,213,193,220,231,157,218,293,219,314,1095,0,1095,옥인길
2019,4,A,골목상권,1000011,899,484,415,75,136,102,109,191,286,42,77,58,62,109,136,33,59,44,47,82,150,520,0,520,숭인동길
2019,4,A,골목상권,1000010,946,454,492,94,341,137,106,104,164,50,165,71,49,50,69,44,176,66,57,54,95,603,0,603,성균관로5길
2019,4,A,골목상권,1000009,747,339,408,63,75,106,94,117,292,26,39,45,49,54,126,37,36,61,45,63,166,411,0,411,삼청로5길
2019,4,A,골목상권,1000008,670,329,341,97,81,109,114,102,167,58,38,60,57,48,68,39,43,49,57,54,99,322,0,322,북촌로5나길
2019,4,A,골목상권,1000007,424,199,225,57,56,59,51,56,145,34,25,28,26,25,61,23,31,31,25,31,84,194,0,194,북촌로5길
2019,4,A,골목상권,1000006,650,294,356,57,57,64,105,134,233,31,29,30,54,59,91,26,28,34,51,75,142,371,0,371,북촌로11길
2019,4,A,골목상권,1000005,1671,822,849,244,235,237,294,289,372,137,134,114,137,124,176,107,101,123,157,165,196,722,0,722,백석동길
2019,4,A,골목상권,1000004,1442,705,737,158,501,158,149,139,337,67,250,95,83,61,149,91,251,63,66,78,188,911,0,911,명륜길
2019,4,A,골목상권,1000003,1214,701,513,93,185,202,229,194,311,50,107,129,129,128,158,43,78,73,100,66,153,846,0,846,돈화문로11가길
2019,4,A,골목상권,1000002,941,406,535,18,437,252,88,69,77,10,109,125,56,52,54,8,328,127,32,17,23,854,0,854,난계로27길
2019,4,A,골목상권,1000001,1800,848,952,237,190,251,334,272,516,128,90,120,153,121,236,109,100,131,181,151,280,797,0,797,계동길
2019,3,U,관광특구,1001496,26,17,9,7,2,2,5,5,5,5,1,1,2,4,4,2,1,1,3,1,1,15,0,15,강남 마이스 관광특구
2019,3,U,관광특구,1001495,7083,3291,3792,734,1228,1752,992,963,1414,376,500,771,488,467,689,358,728,981,504,496,725,3958,52,3906,잠실 관광특구
2019,3,U,관광특구,1001494,1930,1293,637,51,209,197,221,456,796,26,146,144,155,323,499,25,63,53,66,133,297,1500,180,1320,종로?청계 관광특구
2019,3,U,관광특구,1001493,2012,1008,1004,177,345,404,283,363,440,84,147,216,145,179,237,93,198,188,138,184,203,1134,28,1106,동대문패션타운 관광특구
2019,3,U,관광특구,1001492,1118,404,714,15,60,121,202,242,478,4,26,61,66,100,147,11,34,60,136,142,331,497,0,497,명동 남대문 북창동 다동 무교동 관광특구
2019,3,U,관광특구,1001491,5396,2573,2823,395,750,1017,824,856,1554,202,372,535,429,408,627,193,378,482,395,448,927,3366,0,3366,이태원 관광특구
2019,3,R,전통시장,1001490,3178,1582,1596,463,387,486,488,510,844,266,198,250,258,225,385,197,189,236,230,285,459,1312,171,1141,길동복조리시장
2019,3,R,전통시장,1001489,613,311,302,98,88,73,102,118,134,50,51,33,49,68,60,48,37,40,53,50,74,261,97,164,둔촌역전통시장
2019,3,R,전통시장,1001488,954,498,456,96,131,163,145,168,251,39,65,96,78,88,132,57,66,67,67,80,119,490,33,457,성내골목시장
2019,3,R,전통시장,1001487,139,71,68,3,9,16,25,35,51,1,5,4,15,21,25,2,4,12,10,14,26,117,0,117,천호시장
2019,3,R,전통시장,1001486,180,89,91,11,12,18,33,40,66,4,5,13,19,24,24,7,7,5,14,16,42,110,0,110,동서울시장
2019,3,R,전통시장,1001485,351,183,168,33,63,38,38,85,94,13,39,24,25,41,41,20,24,14,13,44,53,179,0,179,고분다리골목시장
2019,3,R,전통시장,1001484,843,427,416,144,119,173,144,120,143,69,71,93,75,51,68,75,48,80,69,69,75,347,0,347,양지골목시장
2019,3,R,전통시장,1001483,887,460,427,72,163,167,151,139,195,42,76,93,88,66,95,30,87,74,63,73,100,496,0,496,암사종합시장
2019,3,R,전통시장,1001482,316,162,154,34,36,37,48,72,89,26,21,18,26,37,34,8,15,19,22,35,55,158,0,158,고덕전통시장
2019,3,R,전통시장,1001481,2011,1000,1011,419,246,273,367,312,394,207,135,126,194,146,192,212,111,147,173,166,202,700,521,179,명일골목시장
2019,3,R,전통시장,1001480,2387,1162,1225,211,392,534,325,350,575,116,193,255,168,170,260,95,199,279,157,180,315,1300,0,1300,새마을시장
2019,3,R,전통시장,1001479,839,421,418,101,136,132,137,158,175,46,69,64,74,86,82,55,67,68,63,72,93,421,0,421,석촌시장
2019,3,R,전통시장,1001478,5244,2503,2741,652,886,1102,747,826,1031,348,422,543,366,363,461,304,464,559,381,463,570,2547,112,2435,방이시장
2019,3,R,전통시장,1001477,958,502,456,109,109,103,138,189,310,42,66,61,79,106,148,67,43,42,59,83,162,463,0,463,마천시장
2019,3,R,전통시장,1001476,2267,1126,1141,226,281,314,354,413,679,117,149,176,182,205,297,109,132,138,172,208,382,1132,0,1132,풍납시장
2019,3,R,전통시장,1001475,8,4,4,2,3,0,1,0,2,1,2,0,0,0,1,1,1,0,1,0,1,8,0,8,강남개포시장
2019,3,R,전통시장,1001474,235,109,126,61,22,40,54,35,23,37,6,16,24,16,10,24,16,24,30,19,13,87,74,13,도곡시장
2019,3,R,전통시장,1001473,167,82,85,28,20,24,16,27,52,17,8,11,9,11,26,11,12,13,7,16,26,55,55,0,청담삼익시장
2019,3,R,전통시장,1001472,85,38,47,11,3,15,18,7,31,4,1,6,8,5,14,7,2,9,10,2,17,43,0,43,논현종합시장
2019,3,R,전통시장,1001471,1171,547,624,93,223,302,191,150,212,42,102,140,93,75,95,51,121,162,98,75,117,722,0,722,영동전통시장
2019,3,R,전통시장,1001470,287,131,156,39,35,52,45,34,82,21,14,25,21,16,34,18,21,27,24,18,48,108,108,0,강남시장_강남
2019,3,R,전통시장,1001469,94,54,40,6,16,20,16,14,22,5,11,10,9,9,10,1,5,10,7,5,12,62,0,62,양재시장
2019,3,R,전통시장,1001468,177,86,91,35,26,14,36,27,39,19,12,6,16,13,20,16,14,8,20,14,19,73,0,73,남부종합시장
2019,3,R,전통시장,1001467,75,32,43,13,4,17,9,9,23,5,3,5,3,6,10,8,1,12,6,3,13,30,0,30,우림시장
2019,3,R,전통시장,1001466,649,305,344,56,96,76,93,102,226,28,42,38,46,56,95,28,54,38,47,46,131,308,44,264,미성동도깨비시장
2019,3,R,전통시장,1001465,49,22,27,4,6,3,6,6,24,2,2,0,4,5,9,2,4,3,2,1,15,35,0,35,신신림시장
2019,3,R,전통시장,1001464,174,105,69,8,17,16,21,36,76,5,13,9,14,20,44,3,4,7,7,16,32,121,0,121,삼성동시장
2019,3,R,전통시장,1001463,53,31,22,4,17,14,4,3,11,2,5,11,4,1,8,2,12,3,0,2,3,42,0,42,신림중앙시장
2019,3,R,전통시장,1001462,587,304,283,38,137,133,64,94,121,13,73,77,33,48,60,25,64,56,31,46,61,374,0,374,강남골목시장
2019,3,R,전통시장,1001461,3,2,1,0,0,0,2,0,1,0,0,0,1,0,1,0,0,0,1,0,0,1,0,1,신림종합시장
2019,3,R,전통시장,1001460,2249,1123,1126,222,454,392,345,344,492,120,208,211,181,181,222,102,246,181,164,163,270,1322,0,1322,관악신사시장
2019,3,R,전통시장,1001459,418,243,175,36,78,53,54,76,121,19,41,32,34,47,70,17,37,21,20,29,51,273,0,273,신원시장
2019,3,R,전통시장,1001458,1476,720,756,107,298,304,207,222,338,62,122,162,102,122,150,45,176,142,105,100,188,965,0,965,인헌시장
2019,3,R,전통시장,1001457,449,214,235,21,197,112,46,39,34,5,87,59,25,20,18,16,110,53,21,19,16,336,0,336,봉천중앙시장
2019,3,R,전통시장,1001456,13,5,8,1,3,0,2,4,3,1,1,0,1,2,0,0,2,0,1,2,3,7,0,7,봉천현대시장
2019,3,R,전통시장,1001455,100,50,50,1,44,22,4,8,21,0,21,13,2,4,10,1,23,9,2,4,11,75,0,75,봉일시장
2019,3,R,전통시장,1001454,427,192,235,12,166,67,37,62,83,6,55,37,19,41,34,6,111,30,18,21,49,339,0,339,봉천제일종합시장
2019,3,R,전통시장,1001453,613,289,324,37,252,140,58,51,75,21,98,78,32,22,38,16,154,62,26,29,37,441,0,441,낙성대시장
2019,3,R,전통시장,1001452,649,301,348,49,188,136,70,63,143,24,64,77,38,36,62,25,124,59,32,27,81,422,0,422,중부시장
2019,3,R,전통시장,1001451,7,4,3,0,3,0,0,3,1,0,2,0,0,1,1,0,1,0,0,2,0,2,0,2,사당시장
2019,3,R,전통시장,1001450,563,240,323,46,114,81,74,78,170,24,44,36,31,39,66,22,70,45,43,39,104,313,0,313,남성역골목시장
2019,3,R,전통시장,1001449,572,275,297,35,96,97,77,85,182,16,43,48,45,45,78,19,53,49,32,40,104,354,0,354,남성사계시장
2019,3,R,전통시장,1001448,1055,492,563,155,159,127,168,170,276,80,82,60,82,85,103,75,77,67,86,85,173,481,0,481,흑석시장
2019,3,R,전통시장,1001447,1920,939,981,153,280,299,263,308,617,80,143,171,139,141,265,73,137,128,124,167,352,1084,0,1084,상도4동도깨비골목시장
2019,3,R,전통시장,1001446,178,84,94,11,62,30,20,34,21,6,19,19,8,19,13,5,43,11,12,15,8,111,0,111,성대시장
2019,3,R,전통시장,1001445,56,26,30,1,8,6,9,13,19,0,5,3,6,5,7,1,3,3,3,8,12,40,0,40,영도시장
2019,3,R,전통시장,1001444,1623,780,843,130,333,240,214,237,469,75,169,127,99,121,189,55,164,113,115,116,280,945,0,945,상도전통시장
2019,3,R,전통시장,1001443,120,46,74,7,25,22,17,9,40,4,7,9,7,2,17,3,18,13,10,7,23,70,70,0,강남시장_동작
2019,3,R,전통시장,1001442,16,8,8,0,4,1,3,5,3,0,1,1,1,3,2,0,3,0,2,2,1,10,0,10,신노량진시장
2019,3,R,전통시장,1001441,442,241,201,33,85,65,70,77,112,18,55,38,45,40,45,15,30,27,25,37,67,268,0,268,본동인정시장
2019,3,R,전통시장,1001440,165,100,65,7,64,40,11,15,28,2,37,32,8,11,10,5,27,8,3,4,18,130,0,130,노량진중앙시장
2019,3,R,전통시장,1001439,402,197,205,30,48,48,59,79,138,17,27,30,28,35,60,13,21,18,31,44,78,216,0,216,대림중앙시장
2019,3,R,전통시장,1001438,333,164,169,29,36,43,37,63,125,16,20,22,19,33,54,13,16,21,18,30,71,164,0,164,우리시장
2019,3,R,전통시장,1001437,123,60,63,17,19,12,17,20,38,8,7,6,6,10,23,9,12,6,11,10,15,51,51,0,영진시장A동
2019,3,R,전통시장,1001436,91,40,51,12,10,2,21,15,31,8,4,0,10,5,13,4,6,2,11,10,18,45,0,45,사러가시장
2019,3,R,전통시장,1001435,107,51,56,8,11,10,18,14,46,4,7,4,8,6,22,4,4,6,10,8,24,41,0,41,대신시장
2019,3,R,전통시장,1001433,721,373,348,74,119,144,108,91,185,41,58,85,60,55,74,33,61,59,48,36,111,396,122,274,영일시장
2019,3,R,전통시장,1001432,67,32,35,5,31,7,4,7,13,2,15,6,2,3,4,3,16,1,2,4,9,47,0,47,도림시장
2019,3,R,전통시장,1001431,287,155,132,23,44,40,44,46,90,14,19,26,27,27,42,9,25,14,17,19,48,157,0,157,영등포청과시장
2019,3,R,전통시장,1001430,2332,1456,876,81,323,436,361,431,700,51,144,271,255,321,414,30,179,165,106,110,286,1803,500,1303,영등포전통시장
2019,3,R,전통시장,1001429,403,199,204,44,42,61,71,61,124,23,22,38,38,33,45,21,20,23,33,28,79,186,0,186,은행나무시장
2019,3,R,전통시장,1001428,287,150,137,20,29,27,60,48,103,15,14,14,27,28,52,5,15,13,33,20,51,175,0,175,박미시장
2019,3,R,전통시장,1001427,2195,1058,1137,203,312,278,289,455,658,103,153,151,135,225,291,100,159,127,154,230,367,1189,0,1189,현대시장
2019,3,R,전통시장,1001426,10,5,5,0,2,1,0,2,5,0,1,0,0,2,2,0,1,1,0,0,3,7,0,7,대명시장
2019,3,R,전통시장,1001425,43,24,19,6,1,14,6,4,12,4,0,9,3,2,6,2,1,5,3,2,6,18,0,18,푸른터시장
2019,3,R,전통시장,1001424,1682,834,848,179,228,183,247,416,429,87,111,98,116,229,193,92,117,85,131,187,236,831,0,831,남문시장
2019,3,R,전통시장,1001423,86,47,39,0,31,18,15,11,11,0,5,14,12,9,7,0,26,4,3,2,4,77,0,77,독산동 우시장
2019,3,R,전통시장,1001422,159,85,74,10,14,19,17,34,65,5,9,11,13,20,27,5,5,8,4,14,38,95,0,95,오류시장
2019,3,R,전통시장,1001421,370,170,200,48,61,52,62,66,81,21,27,34,25,30,33,27,34,18,37,36,48,158,0,158,개봉중앙시장
2019,3,R,전통시장,1001420,611,303,308,73,67,74,92,108,197,38,27,45,47,58,88,35,40,29,45,50,109,272,61,211,고척근린시장
2019,3,R,전통시장,1001419,256,133,123,25,29,22,34,58,88,11,13,15,17,36,41,14,16,7,17,22,47,154,0,154,가리봉시장
2019,3,R,전통시장,1001418,657,364,293,66,46,66,108,147,224,25,24,37,69,95,114,41,22,29,39,52,110,389,0,389,남구로시장
2019,3,R,전통시장,1001417,123,64,59,12,11,13,16,32,39,3,6,7,10,20,18,9,5,6,6,12,21,76,0,76,구로시장
2019,3,R,전통시장,1001416,172,80,92,2,85,41,20,10,14,2,23,22,14,8,11,0,62,19,6,2,3,157,0,157,공항시장
2019,3,R,전통시장,1001415,588,291,297,72,81,76,94,106,159,33,41,37,53,57,70,39,40,39,41,49,89,262,92,170,방신전통시장
2019,3,R,전통시장,1001414,522,257,265,90,73,78,84,93,104,46,33,37,33,57,51,44,40,41,51,36,53,230,0,230,송화골목시장
2019,3,R,전통시장,1001413,1150,530,620,141,166,231,163,161,288,70,70,119,82,73,116,71,96,112,81,88,172,571,28,543,까치산시장
2019,3,R,전통시장,1001412,353,158,195,43,44,76,55,40,95,20,16,37,25,15,45,23,28,39,30,25,50,173,0,173,화곡본동시장
2019,3,R,전통시장,1001411,1877,904,973,197,243,286,271,345,535,103,131,141,138,168,223,94,112,145,133,177,312,866,0,866,남부골목시장
2019,3,R,전통시장,1001409,1056,514,542,183,133,189,158,176,217,80,60,108,84,78,104,103,73,81,74,98,113,453,0,453,화곡중앙골목시장
2019,3,R,전통시장,1001408,70,40,30,12,13,14,10,6,15,5,10,8,6,4,7,7,3,6,4,2,8,39,0,39,신월중앙시장
2019,3,R,전통시장,1001407,4,3,1,0,1,0,0,2,1,0,1,0,0,2,0,0,0,0,0,0,1,4,0,4,등마루시장
2019,3,R,전통시장,1001406,263,161,102,27,23,28,42,65,78,13,12,16,33,49,38,14,11,12,9,16,40,168,0,168,신정3동골목시장
2019,3,R,전통시장,1001405,473,235,238,62,55,70,90,65,131,32,24,41,44,35,59,30,31,29,46,30,72,222,0,222,신정2동골목시장
2019,3,R,전통시장,1001404,169,71,98,20,17,16,23,34,59,6,4,9,11,16,25,14,13,7,12,18,34,87,0,87,신정제일시장
2019,3,R,전통시장,1001403,127,61,66,13,24,15,18,23,34,5,12,8,12,10,14,8,12,7,6,13,20,46,0,46,신월7동골목시장
2019,3,R,전통시장,1001402,168,93,75,16,21,16,24,36,55,10,16,10,13,20,24,6,5,6,11,16,31,82,0,82,신월6동골목시장
2019,3,R,전통시장,1001401,62,30,32,16,4,16,15,4,7,9,2,5,8,3,3,7,2,11,7,1,4,23,22,1,신곡종합시장
2019,3,R,전통시장,1001400,342,187,155,31,43,26,53,77,112,17,21,14,32,47,56,14,22,12,21,30,56,187,0,187,신월3동골목시장
2019,3,R,전통시장,1001399,365,171,194,68,36,49,57,52,103,33,18,23,29,25,43,35,18,26,28,27,60,133,0,133,경창시장
2019,3,R,전통시장,1001398,1666,840,826,215,194,218,247,330,462,116,97,118,117,175,217,99,97,100,130,155,245,766,45,721,월정로시장
2019,3,R,전통시장,1001397,1199,589,610,170,155,138,210,225,301,79,83,62,121,109,135,91,72,76,89,116,166,563,0,563,신영시장
2019,3,R,전통시장,1001396,1159,583,576,162,210,124,180,235,248,95,129,54,79,112,114,67,81,70,101,123,134,452,46,406,목4동시장
2019,3,R,전통시장,1001395,1169,585,584,142,188,243,186,171,239,68,82,142,106,81,106,74,106,101,80,90,133,585,105,480,목3동시장
2019,3,R,전통시장,1001394,1213,615,598,101,181,250,154,193,334,48,86,139,80,98,164,53,95,111,74,95,170,728,73,655,목2동시장
2019,3,R,전통시장,1001392,36,20,16,4,6,7,5,4,10,3,3,2,4,2,6,1,3,5,1,2,4,18,0,18,동진시장
2019,3,R,전통시장,1001391,807,365,442,129,114,143,137,105,179,63,45,63,67,46,81,66,69,80,70,59,98,357,0,357,망원월드컵시장
2019,3,R,전통시장,1001390,1975,936,1039,225,264,380,327,291,488,123,131,182,158,138,204,102,133,198,169,153,284,1039,0,1039,망원시장
2019,3,R,전통시장,1001389,87,35,52,7,15,27,10,11,17,4,7,11,4,5,4,3,8,16,6,6,13,40,40,0,합정시장
2019,3,R,전통시장,1001388,250,108,142,36,33,60,31,34,56,17,14,25,16,13,23,19,19,35,15,21,33,125,125,0,영진시장
2019,3,R,전통시장,1001387,25,18,7,1,4,10,1,2,7,1,3,7,1,2,4,0,1,3,0,0,3,23,0,23,서교시장
2019,3,R,전통시장,1001386,68,29,39,7,7,16,9,8,21,3,5,7,4,3,7,4,2,9,5,5,14,35,0,35,신수시장
2019,3,R,전통시장,1001385,406,191,215,50,58,40,72,53,133,30,25,21,35,25,55,20,33,19,37,28,78,213,0,213,아현시장
2019,3,R,전통시장,1001384,9,3,6,3,0,0,0,1,5,1,0,0,0,1,1,2,0,0,0,0,4,6,0,6,마포시장
2019,3,R,전통시장,1001383,12,7,5,0,3,1,1,5,2,0,2,0,1,3,1,0,1,1,0,2,1,5,0,5,공덕시장
2019,3,R,전통시장,1001382,155,70,85,14,16,27,22,25,51,9,9,7,13,12,20,5,7,20,9,13,31,68,68,0,백련시장
2019,3,R,전통시장,1001381,384,195,189,20,39,32,42,75,176,9,19,19,26,46,76,11,20,13,16,29,100,233,0,233,모래내시장
2019,3,R,전통시장,1001380,510,255,255,61,65,63,79,91,151,30,39,34,40,51,61,31,26,29,39,40,90,250,0,250,포방터시장
2019,3,R,전통시장,1001379,308,153,155,27,39,33,45,65,99,16,14,22,24,36,41,11,25,11,21,29,58,160,45,115,인왕시장
2019,3,R,전통시장,1001378,128,69,59,5,26,14,17,26,40,4,17,9,8,12,19,1,9,5,9,14,21,74,0,74,아현가구거리상점가
2019,3,R,전통시장,1001377,360,186,174,27,48,36,64,73,112,13,26,22,41,37,47,14,22,14,23,36,65,229,0,229,영천시장
2019,3,R,전통시장,1001376,114,53,61,4,10,11,10,22,57,1,5,8,5,10,24,3,5,3,5,12,33,70,0,70,수일시장
2019,3,R,전통시장,1001375,164,72,92,28,19,22,22,35,38,14,6,11,12,14,15,14,13,11,10,21,23,70,0,70,증산종합시장
2019,3,R,전통시장,1001374,606,300,306,67,64,80,80,115,200,34,40,38,44,66,78,33,24,42,36,49,122,299,0,299,대림골목시장
2019,3,R,전통시장,1001373,210,108,102,40,26,31,37,29,47,20,13,17,20,17,21,20,13,14,17,12,26,85,0,85,신응암시장
2019,3,R,전통시장,1001372,15,10,5,3,2,0,3,2,5,3,1,0,1,2,3,0,1,0,2,0,2,7,0,7,녹번시장
2019,3,R,전통시장,1001371,482,239,243,62,69,78,86,70,117,30,38,41,46,37,47,32,31,37,40,33,70,240,0,240,대조시장
2019,3,R,전통시장,1001370,11,8,3,0,0,0,2,5,4,0,0,0,0,5,3,0,0,0,2,0,1,11,0,11,역촌중앙시장
2019,3,R,전통시장,1001369,177,87,90,10,65,51,16,12,23,4,28,26,13,5,11,6,37,25,3,7,12,133,0,133,갈현시장
2019,3,R,전통시장,1001368,256,125,131,21,27,34,33,43,98,12,13,21,19,19,41,9,14,13,14,24,57,130,0,130,연서시장
2019,3,R,전통시장,1001367,1972,961,1011,246,336,182,330,361,517,118,169,101,170,176,227,128,167,81,160,185,290,880,129,751,상계중앙시장
2019,3,R,전통시장,1001365,1582,788,794,166,343,302,184,240,347,71,162,164,98,121,172,95,181,138,86,119,175,802,0,802,공릉동도깨비시장
2019,3,R,전통시장,1001364,1000,502,498,104,156,103,154,193,290,56,95,53,77,94,127,48,61,50,77,99,163,473,0,473,방학동도깨비시장
2019,3,R,전통시장,1001363,763,366,397,68,142,109,109,100,235,33,64,61,52,43,113,35,78,48,57,57,122,399,0,399,쌍문역골목시장
2019,3,R,전통시장,1001362,374,176,198,48,60,47,63,54,102,23,28,22,32,26,45,25,32,25,31,28,57,183,0,183,백운시장
2019,3,R,전통시장,1001361,174,89,85,9,35,18,24,39,49,1,20,13,8,23,24,8,15,5,16,16,25,82,0,82,신도봉시장
2019,3,R,전통시장,1001360,1245,605,640,136,162,155,187,230,375,68,82,82,92,121,160,68,80,73,95,109,215,617,0,617,창동골목시장
2019,3,R,전통시장,1001359,2295,1126,1169,303,338,350,364,424,516,143,173,177,194,197,242,160,165,173,170,227,274,956,0,956,창동신창시장
2019,3,R,전통시장,1001358,63,33,30,4,7,5,11,6,30,3,4,2,8,2,14,1,3,3,3,4,16,29,0,29,수유북부시장
2019,3,R,전통시장,1001357,1479,719,760,215,210,232,208,243,371,117,107,131,92,126,146,98,103,101,116,117,225,638,0,638,장미원골목시장
2019,3,R,전통시장,1001356,49,29,20,6,11,4,8,12,8,5,7,2,6,7,2,1,4,2,2,5,6,19,0,19,수유중앙시장
2019,3,R,전통시장,1001355,734,381,353,57,121,106,99,154,197,30,51,59,61,86,94,27,70,47,38,68,103,427,0,427,강북종합시장
2019,3,R,전통시장,1001354,1669,821,848,232,225,199,275,299,439,114,123,117,135,147,185,118,102,82,140,152,254,725,0,725,우이시장
2019,3,R,전통시장,1001353,628,306,322,59,103,85,93,110,178,28,50,43,48,55,82,31,53,42,45,55,96,317,87,230,수유전통시장
2019,3,R,전통시장,1001352,1164,575,589,155,181,190,208,169,261,78,91,96,110,83,117,77,90,94,98,86,144,539,101,438,번동북부골목시장
2019,3,R,전통시장,1001351,138,68,70,10,20,16,19,25,48,4,10,10,10,12,22,6,10,6,9,13,26,73,0,73,솔샘시장
2019,3,R,전통시장,1001350,232,124,108,19,22,34,44,52,61,8,10,16,28,33,29,11,12,18,16,19,32,142,0,142,숭인시장
2019,3,R,전통시장,1001349,1530,760,770,131,278,191,242,272,416,72,133,107,126,127,195,59,145,84,116,145,221,861,0,861,방천골목시장
2019,3,R,전통시장,1001348,30,15,15,5,2,3,3,3,14,2,2,1,2,1,7,3,0,2,1,2,7,15,0,15,동북시장
2019,3,R,전통시장,1001347,1847,959,888,194,250,224,291,345,543,95,145,130,158,188,243,99,105,94,133,157,300,903,0,903,석관황금시장
2019,3,R,전통시장,1001346,158,88,70,17,23,17,29,28,44,10,13,10,21,15,19,7,10,7,8,13,25,85,0,85,석관시장
2019,3,R,전통시장,1001345,80,42,38,5,10,9,9,18,29,4,4,5,7,10,12,1,6,4,2,8,17,47,0,47,새석관시장
2019,3,R,전통시장,1001344,30,16,14,7,3,2,5,6,7,5,1,1,2,3,4,2,2,1,3,3,3,12,0,12,번동시장
2019,3,R,전통시장,1001343,1115,542,573,139,123,125,163,214,351,69,66,65,93,98,151,70,57,60,70,116,200,493,0,493,장위전통시장
2019,3,R,전통시장,1001342,236,114,122,34,20,37,31,42,72,20,8,21,16,20,29,14,12,16,15,22,43,112,0,112,밤나무골시장
2019,3,R,전통시장,1001341,17,13,4,0,2,2,4,4,5,0,2,1,4,2,4,0,0,1,0,2,1,17,0,17,길음시장
2019,3,R,전통시장,1001340,1419,730,689,167,261,202,189,215,385,90,148,115,103,99,175,77,113,87,86,116,210,665,0,665,정릉시장
2019,3,R,전통시장,1001339,1058,517,541,185,133,158,208,153,221,98,62,91,104,73,89,87,71,67,104,80,132,432,136,296,정릉아리랑시장
2019,3,R,전통시장,1001338,218,96,122,22,30,37,19,27,83,9,12,22,12,10,31,13,18,15,7,17,52,120,0,120,돈암제일시장
2019,3,R,전통시장,1001337,116,60,56,18,13,11,26,21,27,9,9,6,12,11,13,9,4,5,14,10,14,52,0,52,유영시장
2019,3,R,전통시장,1001336,2088,1079,1009,222,258,284,288,426,610,112,133,165,161,223,285,110,125,119,127,203,325,1054,40,1014,우림골목시장
2019,3,R,전통시장,1001335,1448,727,721,254,165,266,240,192,331,126,89,134,137,86,155,128,76,132,103,106,176,587,0,587,묵1동도깨비시장
2019,3,R,전통시장,1001334,967,496,471,114,131,132,121,207,262,57,70,73,59,107,130,57,61,59,62,100,132,444,0,444,태능시장
2019,3,R,전통시장,1001333,1890,949,941,226,294,254,315,350,451,123,145,140,157,173,211,103,149,114,158,177,240,913,0,913,중화제일시장
2019,3,R,전통시장,1001332,1864,929,935,156,307,279,262,331,529,77,166,162,129,156,239,79,141,117,133,175,290,960,0,960,사가정시장
2019,3,R,전통시장,1001331,1289,672,617,174,179,171,220,226,319,97,98,89,122,117,149,77,81,82,98,109,170,626,0,626,면목골목시장
2019,3,R,전통시장,1001330,2118,1046,1072,233,308,295,294,393,595,114,158,164,158,193,259,119,150,131,136,200,336,1048,0,1048,동원시장
2019,3,R,전통시장,1001329,1529,789,740,143,268,322,217,252,327,72,126,183,113,140,155,71,142,139,104,112,172,876,0,876,동부골목시장
2019,3,R,전통시장,1001328,73,33,40,13,10,4,12,18,16,4,5,2,5,10,7,9,5,2,7,8,9,30,0,30,이문제일시장
2019,3,R,전통시장,1001327,235,122,113,15,29,22,32,46,91,10,15,9,18,28,42,5,14,13,14,18,49,113,0,113,이경시장
2019,3,R,전통시장,1001326,1222,527,695,81,519,204,104,104,210,25,225,97,44,47,89,56,294,107,60,57,121,949,0,949,회기시장
2019,3,R,전통시장,1001325,58,41,17,2,5,5,9,15,22,1,1,5,7,12,15,1,4,0,2,3,7,46,0,46,청량리청과물시장
2019,3,R,전통시장,1001324,237,114,123,36,19,24,51,34,73,17,9,16,24,12,36,19,10,8,27,22,37,114,0,114,전곡시장
2019,3,R,전통시장,1001323,438,204,234,52,58,66,66,74,122,20,27,31,33,36,57,32,31,35,33,38,65,211,0,211,답십리시장
2019,3,R,전통시장,1001321,322,164,158,32,32,33,43,60,122,19,14,23,28,35,45,13,18,10,15,25,77,173,0,173,답십리현대시장
2019,3,R,전통시장,1001320,92,56,36,3,12,7,16,22,32,2,10,5,11,11,17,1,2,2,5,11,15,56,0,56,전농로터리시장
2019,3,R,전통시장,1001319,96,53,43,0,8,12,12,15,49,0,4,6,10,9,24,0,4,6,2,6,25,54,0,54,청량리종합시장
2019,3,R,전통시장,1001318,167,130,37,1,7,11,17,45,86,1,5,8,16,37,63,0,2,3,1,8,23,140,0,140,청량리전통시장
2019,3,R,전통시장,1001317,177,86,91,27,30,18,19,42,41,20,16,10,8,13,19,7,14,8,11,29,22,77,0,77,청량리농수산물시장
2019,3,R,전통시장,1001316,2074,1106,968,125,249,270,299,378,753,73,132,154,178,211,358,52,117,116,121,167,395,1376,0,1376,서울약령시장
2019,3,R,전통시장,1001315,3,3,0,0,0,0,0,3,0,0,0,0,0,3,0,0,0,0,0,0,0,3,0,3,동서시장
2019,3,R,전통시장,1001314,8,4,4,0,0,0,1,1,6,0,0,0,1,1,2,0,0,0,0,0,4,6,0,6,경동시장
2019,3,R,전통시장,1001313,479,257,222,34,79,93,69,62,142,20,37,53,44,34,69,14,42,40,25,28,73,313,0,313,청량리수산시장
2019,3,R,전통시장,1001312,22,15,7,1,1,1,3,5,11,0,1,1,2,4,7,1,0,0,1,1,4,14,0,14,용두시장
2019,3,R,전통시장,1001310,158,78,80,23,32,26,19,20,38,10,15,16,8,12,17,13,17,10,11,8,21,72,0,72,구의시장
2019,3,R,전통시장,1001309,78,36,42,3,28,15,6,7,19,2,13,7,1,6,7,1,15,8,5,1,12,51,0,51,조양시장
2019,3,R,전통시장,1001308,954,476,478,73,141,111,137,188,304,40,69,59,79,98,131,33,72,52,58,90,173,527,0,527,영동교골목시장
2019,3,R,전통시장,1001307,368,197,171,35,50,49,41,75,118,18,28,24,23,42,62,17,22,25,18,33,56,197,0,197,능동로골목시장
2019,3,R,전통시장,1001306,194,95,99,10,19,35,23,37,70,7,12,19,12,21,24,3,7,16,11,16,46,125,0,125,노룬산골목시장
2019,3,R,전통시장,1001305,59,31,28,13,7,13,9,11,6,6,3,8,5,5,4,7,4,5,4,6,2,19,0,19,자양종합시장
2019,3,R,전통시장,1001304,2013,972,1041,265,332,387,283,317,429,151,167,191,143,140,180,114,165,196,140,177,249,950,0,950,자양골목시장
2019,3,R,전통시장,1001303,99,47,52,12,14,13,12,19,29,7,6,9,6,7,12,5,8,4,6,12,17,42,0,42,신성골목시장
2019,3,R,전통시장,1001302,452,237,215,45,73,72,66,102,94,28,35,35,37,57,45,17,38,37,29,45,49,222,0,222,면곡골목시장
2019,3,R,전통시장,1001301,802,411,391,116,118,111,114,165,178,59,61,70,53,80,88,57,57,41,61,85,90,356,0,356,중곡제일시장
2019,3,R,전통시장,1001300,928,401,527,49,375,196,99,76,133,27,127,102,48,39,58,22,248,94,51,37,75,679,0,679,화양제일골목시장
2019,3,R,전통시장,1001299,12,10,2,0,6,2,1,1,2,0,4,2,1,1,2,0,2,0,0,0,0,12,0,12,한아름시장
2019,3,R,전통시장,1001298,1990,1009,981,217,285,267,316,382,523,117,146,145,156,197,248,100,139,122,160,185,275,962,0,962,성동용답상가시장
2019,3,R,전통시장,1001297,572,315,257,52,83,67,80,130,160,28,52,43,48,67,77,24,31,24,32,63,83,307,80,227,뚝도시장
2019,3,R,전통시장,1001296,255,130,125,19,24,31,45,47,89,12,12,17,27,27,35,7,12,14,18,20,54,148,0,148,금남시장
2019,3,R,전통시장,1001295,1537,764,773,148,348,226,216,275,324,79,156,128,106,138,157,69,192,98,110,137,167,881,0,881,행당시장
2019,3,R,전통시장,1001294,335,184,151,41,41,36,60,50,107,25,24,19,37,30,49,16,17,17,23,20,58,181,1,180,마장축산물시장
2019,3,R,전통시장,1001293,4,1,3,0,0,0,1,0,3,0,0,0,0,0,1,0,0,0,1,0,2,3,0,3,보광시장
2019,3,R,전통시장,1001292,45,20,25,4,4,9,9,4,15,3,2,3,7,0,5,1,2,6,2,4,10,28,0,28,이태원제일시장
2019,3,R,전통시장,1001291,63,30,33,7,6,12,7,15,16,4,2,6,6,7,5,3,4,6,1,8,11,32,0,32,이태원시장
2019,3,R,전통시장,1001290,99,56,43,9,14,10,18,22,26,2,11,6,10,13,14,7,3,4,8,9,12,53,5,48,이촌종합시장
2019,3,R,전통시장,1001289,466,239,227,51,70,90,62,63,130,23,39,62,32,33,50,28,31,28,30,30,80,252,0,252,용문전통시장
2019,3,R,전통시장,1001288,32,19,13,2,2,0,3,7,18,1,2,0,2,5,9,1,0,0,1,2,9,19,0,19,만리시장
2019,3,R,전통시장,1001287,97,54,43,6,8,22,8,19,34,0,7,14,5,13,15,6,1,8,3,6,19,61,0,61,신흥시장
2019,3,R,전통시장,1001286,285,148,137,23,44,46,32,65,75,8,27,26,20,34,33,15,17,20,12,31,42,158,81,77,후암시장
2019,3,R,전통시장,1001285,93,74,19,6,5,9,16,23,34,3,4,5,13,22,27,3,1,4,3,1,7,84,0,84,합동(새벽)시장
2019,3,R,전통시장,1001284,1014,543,471,75,120,116,128,200,375,44,70,71,67,113,178,31,50,45,61,87,197,589,0,589,서울중앙시장
2019,3,R,전통시장,1001283,829,444,385,79,103,100,122,182,243,40,69,55,73,93,114,39,34,45,49,89,129,413,0,413,백학시장
2019,3,R,전통시장,1001282,927,432,495,117,141,127,134,146,262,65,61,52,69,73,112,52,80,75,65,73,150,475,0,475,약수시장
2019,3,R,전통시장,1001281,1,1,0,0,0,0,1,0,0,0,0,0,1,0,0,0,0,0,0,0,0,1,0,1,청평화시장
2019,3,R,전통시장,1001279,54,24,30,3,5,7,2,19,18,3,3,1,1,8,8,0,2,6,1,11,10,35,28,7,동평화시장
2019,3,R,전통시장,1001277,289,195,94,9,36,35,28,65,116,7,22,21,20,48,77,2,14,14,8,17,39,214,0,214,방산종합시장
2019,3,R,전통시장,1001276,5,4,1,0,0,2,1,0,2,0,0,2,0,0,2,0,0,0,1,0,0,5,0,5,평화시장
2019,3,R,전통시장,1001275,143,81,62,10,16,12,17,32,56,7,7,6,12,22,27,3,9,6,5,10,29,83,0,83,인현시장
2019,3,R,전통시장,1001274,272,190,82,7,17,24,31,75,118,6,11,15,23,59,76,1,6,9,8,16,42,212,0,212,신중부시장
2019,3,R,전통시장,1001273,79,49,30,0,3,7,14,22,33,0,1,6,9,15,18,0,2,1,5,7,15,62,0,62,남대문시장
2019,3,R,전통시장,1001272,13,11,2,0,1,2,1,5,4,0,1,2,1,4,3,0,0,0,0,1,1,10,0,10,신설종합시장
2019,3,R,전통시장,1001271,781,433,348,29,202,131,94,114,211,15,94,67,57,76,124,14,108,64,37,38,87,602,63,539,동묘시장
2019,3,R,전통시장,1001270,372,187,185,27,37,34,59,64,151,8,22,23,34,39,61,19,15,11,25,25,90,230,0,230,창신골목시장
2019,3,R,전통시장,1001269,63,33,30,4,8,8,11,9,23,2,4,7,2,6,12,2,4,1,9,3,11,36,0,36,동문시장
2019,3,R,전통시장,1001268,171,89,82,17,21,14,30,34,55,8,13,11,14,17,26,9,8,3,16,17,29,84,0,84,충신시장
2019,3,R,전통시장,1001267,110,76,34,1,7,8,15,32,47,1,2,5,14,21,33,0,5,3,1,11,14,89,0,89,종로신진시장
2019,3,R,전통시장,1001266,2,2,0,0,0,0,1,1,0,0,0,0,1,1,0,0,0,0,0,0,0,2,0,2,동대문종합시장
2019,3,R,전통시장,1001265,61,30,31,1,9,2,5,21,23,1,6,0,2,12,9,0,3,2,3,9,14,47,0,47,광장시장
2019,3,R,전통시장,1001264,688,305,383,89,90,89,114,109,197,41,36,39,52,56,81,48,54,50,62,53,116,325,44,281,통인시장
2019,3,D,발달상권,1001263,258,164,94,5,49,37,41,48,78,2,20,23,25,36,58,3,29,14,16,12,20,213,0,213,서울 노원구 노원역_3
2019,3,D,발달상권,1001262,18,15,3,0,1,1,3,4,9,0,1,1,3,4,6,0,0,0,0,0,3,16,0,16,서울 노원구 노원역_2
2019,3,D,발달상권,1001261,690,309,381,112,90,94,100,143,151,47,43,42,45,65,67,65,47,52,55,78,84,280,278,2,서울 노원구 노원역_1
2019,3,D,발달상권,1001260,627,377,250,46,105,105,128,124,119,19,47,65,84,87,75,27,58,40,44,37,44,483,0,483,창동역
2019,3,D,발달상권,1001259,730,427,303,47,160,110,103,127,183,22,85,58,65,85,112,25,75,52,38,42,71,510,0,510,서울 강북구 수유역_3
2019,3,D,발달상권,1001258,191,81,110,27,22,48,53,25,16,10,9,21,25,10,6,17,13,27,28,15,10,107,0,107,등나무근린공원 주변
2019,3,D,발달상권,1001257,2128,1050,1078,124,364,409,350,374,507,58,155,220,189,198,230,66,209,189,161,176,277,1424,0,1424,서울 강북구 수유역_2
2019,3,D,발달상권,1001256,795,394,401,59,176,157,122,124,157,31,76,83,66,61,77,28,100,74,56,63,80,462,0,462,서울 강북구 수유역_1
2019,3,D,발달상권,1001255,112,59,53,3,27,15,23,22,22,2,10,5,14,12,16,1,17,10,9,10,6,97,0,97,서울 은평구 연신내역_3
2019,3,D,발달상권,1001254,1059,520,539,88,218,188,169,169,227,44,98,98,93,89,98,44,120,90,76,80,129,619,0,619,서울 은평구 연신내역_2
2019,3,D,발달상권,1001253,221,95,126,17,56,39,39,29,41,11,22,16,15,10,21,6,34,23,24,19,20,140,0,140,서울 은평구 연신내역_1
2019,3,D,발달상권,1001252,452,248,204,28,70,64,57,91,142,14,39,38,28,53,76,14,31,26,29,38,66,259,0,259,서울 성북구 미아삼거리역_2
2019,3,D,발달상권,1001251,368,201,167,24,41,48,65,64,126,17,25,25,39,33,62,7,16,23,26,31,64,218,0,218,서울 강북구 미아삼거리역_1
2019,3,D,발달상권,1001250,775,334,441,54,245,250,79,67,80,20,79,124,37,34,40,34,166,126,42,33,40,552,173,379,서울 은평구 불광역_3
2019,3,D,발달상권,1001249,668,328,340,38,178,139,93,82,138,17,87,71,44,41,68,21,91,68,49,41,70,454,0,454,서울 은평구 불광역_2
2019,3,D,발달상권,1001248,537,268,269,35,98,99,58,92,155,22,46,49,31,48,72,13,52,50,27,44,83,337,0,337,서울 은평구 불광역_1
2019,3,D,발달상권,1001247,90,44,46,8,8,13,12,16,33,3,7,5,7,7,15,5,1,8,5,9,18,56,0,56,미아사거리_2
2019,3,D,발달상권,1001246,914,438,476,144,165,139,157,144,165,81,64,65,78,65,85,63,101,74,79,79,80,417,239,178,미아사거리_1
2019,3,D,발달상권,1001245,1091,500,591,72,272,238,148,157,204,35,103,108,73,88,93,37,169,130,75,69,111,758,0,758,서울 성북구 성신여대입구역
2019,3,D,발달상권,1001244,370,160,210,33,137,53,39,30,78,10,49,26,24,15,36,23,88,27,15,15,42,257,0,257,경희대학교
2019,3,D,발달상권,1001243,371,183,188,25,174,50,25,34,63,15,79,28,16,19,26,10,95,22,9,15,37,265,0,265,서울 성북구 안암역
2019,3,D,발달상권,1001242,628,298,330,35,208,112,64,82,127,18,92,52,35,44,57,17,116,60,29,38,70,439,0,439,혜화역 대학로_3
2019,3,D,발달상권,1001241,804,396,408,66,313,135,76,94,120,36,148,74,44,41,53,30,165,61,32,53,67,537,0,537,혜화역 대학로_2
2019,3,D,발달상권,1001240,486,236,250,47,112,87,65,63,112,27,57,41,35,32,44,20,55,46,30,31,68,294,0,294,혜화역 대학로_1
2019,3,D,발달상권,1001239,1576,707,869,216,459,356,303,158,84,106,164,161,155,84,37,110,295,195,148,74,47,974,102,872,디지털미디어시티
2019,3,D,발달상권,1001238,2803,1414,1389,280,392,351,344,541,895,125,176,183,181,292,457,155,216,168,163,249,438,1361,697,664,서울 동대문구 청량리역
2019,3,D,발달상권,1001237,308,140,168,32,53,66,50,42,65,18,28,35,18,12,29,14,25,31,32,30,36,182,0,182,서울 종로구 경복궁역_2
2019,3,D,발달상권,1001236,280,130,150,28,36,33,36,55,92,16,20,15,13,27,39,12,16,18,23,28,53,151,0,151,서울 종로구 안국역_2
2019,3,D,발달상권,1001235,116,47,69,13,10,15,23,15,40,6,4,4,11,9,13,7,6,11,12,6,27,68,0,68,서울 종로구 안국역_1
2019,3,D,발달상권,1001234,582,283,299,55,71,84,95,96,181,29,37,48,46,43,80,26,34,36,49,53,101,304,0,304,서울 종로구 경복궁역_1
2019,3,D,발달상권,1001233,147,118,29,6,11,10,17,45,58,2,8,9,14,38,47,4,3,1,3,7,11,115,0,115,서울 종로구 종로3가역_3
2019,3,D,발달상권,1001232,2251,1543,708,41,83,125,234,567,1201,23,54,74,173,443,776,18,29,51,61,124,425,1971,0,1971,서울 종로구 종로3가역_2
2019,3,D,발달상권,1001231,418,256,162,16,97,92,55,70,88,7,45,52,42,51,59,9,52,40,13,19,29,340,0,340,서울 동대문구 신설동역_2
2019,3,D,발달상권,1001230,769,410,359,64,78,98,110,120,299,44,41,44,61,69,151,20,37,54,49,51,148,491,150,341,인사동
2019,3,D,발달상권,1001229,290,171,119,18,45,35,38,53,101,10,30,22,25,38,46,8,15,13,13,15,55,193,0,193,서울 종로구 종로5가역_4
2019,3,D,발달상권,1001228,715,432,283,45,40,63,110,158,299,25,26,40,71,102,168,20,14,23,39,56,131,501,0,501,서울 종로구 종로5가역_3
2019,3,D,발달상권,1001227,550,310,240,42,76,77,89,111,155,26,42,45,43,65,89,16,34,32,46,46,66,372,39,333,종로구청
2019,3,D,발달상권,1001226,2044,1021,1023,196,523,414,227,284,400,91,247,207,119,145,212,105,276,207,108,139,188,1222,0,1222,서울 종로구 종로5가역_2
2019,3,D,발달상권,1001225,424,261,163,11,121,88,52,73,79,7,47,54,35,58,60,4,74,34,17,15,19,359,0,359,신설동역
2019,3,D,발달상권,1001224,306,180,126,13,79,58,42,50,64,5,31,31,27,39,47,8,48,27,15,11,17,267,0,267,서울 동대문구 신설동역_1
2019,3,D,발달상권,1001223,2467,1088,1379,352,303,447,410,346,609,175,137,182,162,163,269,177,166,265,248,183,340,1234,120,1114,서울 종로구 광화문역_2
2019,3,D,발달상권,1001222,873,424,449,114,130,109,120,158,242,55,72,62,61,73,101,59,58,47,59,85,141,346,250,96,동묘앞역
2019,3,D,발달상권,1001221,4026,1984,2042,462,788,955,680,517,624,246,330,504,355,253,296,216,458,451,325,264,328,2240,482,1758,장안동사거리
2019,3,D,발달상권,1001220,584,392,192,15,44,61,55,142,267,9,24,44,38,107,170,6,20,17,17,35,97,442,0,442,서울 종로구 동대문역_2
2019,3,D,발달상권,1001219,124,64,60,10,19,11,13,28,43,3,11,3,7,16,24,7,8,8,6,12,19,67,0,67,서울 종로구 동대문역_1
2019,3,D,발달상권,1001218,27,14,13,2,1,3,4,4,13,1,0,2,2,2,7,1,1,1,2,2,6,23,0,23,동대문시장_2
2019,3,D,발달상권,1001217,23,5,18,0,1,1,1,5,15,0,1,0,0,1,3,0,0,1,1,4,12,20,0,20,서울 종로구 종로5가역_1
2019,3,D,발달상권,1001216,193,155,38,6,39,22,25,49,52,3,31,17,19,43,42,3,8,5,6,6,10,175,0,175,서울 종로구 종로3가역_1
2019,3,D,발달상권,1001215,12,7,5,1,1,0,2,5,3,0,0,0,1,4,2,1,1,0,1,1,1,9,0,9,서울 종로구 광화문역_1
2019,3,D,발달상권,1001214,3,2,1,0,0,1,1,1,0,0,0,0,1,1,0,0,0,1,0,0,0,3,0,3,종각역
2019,3,D,발달상권,1001213,164,120,44,4,53,33,23,21,30,2,39,25,16,15,23,2,14,8,7,6,7,141,0,141,종각역 젊음의 거리
2019,3,D,발달상권,1001212,1425,695,730,332,128,310,264,176,215,162,53,133,148,96,103,170,75,177,116,80,112,548,0,548,서대문구 서대문역_1
2019,3,D,발달상권,1001211,32,16,16,0,7,10,2,6,7,0,0,8,1,4,3,0,7,2,1,2,4,30,0,30,동대문시장_1
2019,3,D,발달상권,1001210,289,131,158,53,24,92,59,26,35,20,8,49,26,14,14,33,16,43,33,12,21,159,82,77,시청역_2
2019,3,D,발달상권,1001209,73,45,28,6,0,7,10,18,32,2,0,5,6,10,22,4,0,2,4,8,10,52,0,52,서울시청
2019,3,D,발달상권,1001208,487,305,182,5,34,28,59,115,246,2,17,16,45,83,142,3,17,12,14,32,104,386,79,307,서울 중구 을지로3가역_2
2019,3,D,발달상권,1001207,286,143,143,14,59,63,37,50,63,8,19,33,21,26,36,6,40,30,16,24,27,202,0,202,서울 중구 신당역_2
2019,3,D,발달상권,1001206,878,434,444,63,207,201,107,139,161,32,81,108,57,72,84,31,126,93,50,67,77,587,0,587,서대문구 서대문역_2
2019,3,D,발달상권,1001205,433,265,168,12,48,55,51,102,165,4,25,39,28,70,99,8,23,16,23,32,66,322,0,322,동대문역사문화공원역
2019,3,D,발달상권,1001204,325,191,134,6,67,54,39,53,106,1,26,29,24,38,73,5,41,25,15,15,33,273,0,273,서울 중구 을지로3가역_1
2019,3,D,발달상권,1001203,139,81,58,6,17,19,26,34,37,2,7,13,16,20,23,4,10,6,10,14,14,102,0,102,명동거리
2019,3,D,발달상권,1001201,870,482,388,77,106,107,132,201,247,32,60,64,78,119,129,45,46,43,54,82,118,504,0,504,서울 중구 신당역_1
2019,3,D,발달상권,1001200,250,158,92,3,24,37,36,51,99,0,12,30,24,30,62,3,12,7,12,21,37,221,0,221,북창동
2019,3,D,발달상권,1001199,1434,757,677,132,184,182,181,263,492,70,88,94,108,152,245,62,96,88,73,111,247,761,158,603,서울 중구 충무로역_2
2019,3,D,발달상권,1001198,2167,1074,1093,147,446,398,250,363,563,76,221,202,131,179,265,71,225,196,119,184,298,1417,21,1396,서울 강서구 송정역
2019,3,D,발달상권,1001197,1406,735,671,128,254,312,218,226,268,68,102,165,122,132,146,60,152,147,96,94,122,810,0,810,장한평역_2
2019,3,D,발달상권,1001196,360,188,172,57,32,87,74,43,67,34,14,39,46,22,33,23,18,48,28,21,34,161,0,161,시청역_1
2019,3,D,발달상권,1001195,531,252,279,41,164,86,68,72,100,15,73,41,41,38,44,26,91,45,27,34,56,330,0,330,왕십리역_2
2019,3,D,발달상권,1001194,107,57,50,2,24,34,21,17,9,2,11,19,12,7,6,0,13,15,9,10,3,84,0,84,서울 강서구 발산역
2019,3,D,발달상권,1001193,206,142,64,10,25,26,37,64,44,7,13,17,32,48,25,3,12,9,5,16,19,151,0,151,장한평역_1
2019,3,D,발달상권,1001192,773,383,390,40,127,119,93,134,260,18,52,67,59,71,116,22,75,52,34,63,144,528,0,528,서울 중구 충무로역_1
2019,3,D,발달상권,1001190,1232,884,348,38,215,254,257,285,183,19,89,164,210,253,149,19,126,90,47,32,34,1031,0,1031,장한평역
2019,3,D,발달상권,1001189,1257,601,656,120,140,170,199,215,413,59,61,77,102,111,191,61,79,93,97,104,222,707,0,707,서울 중구 명동역
2019,3,D,발달상권,1001188,298,154,144,41,74,35,41,32,75,19,38,18,25,22,32,22,36,17,16,10,43,196,92,104,장충동 족발거리
2019,3,D,발달상권,1001187,1037,484,553,45,601,164,53,45,129,14,269,91,32,24,54,31,332,73,21,21,75,870,0,870,한양시장
2019,3,D,발달상권,1001186,1753,548,1205,63,770,222,184,179,335,20,124,90,92,85,137,43,646,132,92,94,198,1424,73,1351,서울 서대문구 이대역
2019,3,D,발달상권,1001185,2715,1395,1320,119,1165,466,243,268,454,59,570,270,129,156,211,60,595,196,114,112,243,2069,62,2007,서울 서대문구 신촌역
2019,3,D,발달상권,1001184,191,88,103,12,40,53,38,28,20,6,17,24,19,13,9,6,23,29,19,15,11,143,0,143,서울 마포구 홍대입구역_3
2019,3,D,발달상권,1001183,504,246,258,61,86,107,72,52,126,33,47,47,41,20,58,28,39,60,31,32,68,259,0,259,서울 마포구 홍대입구역_2
2019,3,D,발달상권,1001182,4775,2278,2497,387,1239,1099,650,488,912,205,561,531,334,237,410,182,678,568,316,251,502,3054,133,2921,홍익대학교 주변
2019,3,D,발달상권,1001181,1740,794,946,131,499,407,178,213,312,69,204,185,86,107,143,62,295,222,92,106,169,1098,0,1098,서울 광진구 군자역
2019,3,D,발달상권,1001180,1175,607,568,65,379,255,141,102,233,35,175,139,82,61,115,30,204,116,59,41,118,898,0,898,신촌역
2019,3,D,발달상권,1001179,2954,1456,1498,318,626,691,440,406,473,163,251,353,250,216,223,155,375,338,190,190,250,1848,105,1743,강서구청
2019,3,D,발달상권,1001178,657,317,340,63,131,141,106,71,145,36,53,75,52,34,67,27,78,66,54,37,78,395,0,395,서울 마포구 홍대입구역_1
2019,3,D,발달상권,1001177,53,28,25,6,6,7,12,4,18,5,2,2,9,2,8,1,4,5,3,2,10,24,0,24,서울 중구 약수역_2
2019,3,D,발달상권,1001176,10,6,4,0,0,3,2,1,4,0,0,2,1,1,2,0,0,1,1,0,2,7,0,7,서울 중구 약수역_1
2019,3,D,발달상권,1001175,2715,1358,1357,585,394,315,503,497,421,329,211,147,216,246,209,256,183,168,287,251,212,886,423,463,서울 강동구 고덕역
2019,3,D,발달상권,1001174,1292,580,712,108,275,455,160,130,164,55,90,224,83,63,65,53,185,231,77,67,99,737,403,334,등촌역
2019,3,D,발달상권,1001173,1999,992,1007,289,267,284,355,311,493,146,135,150,169,151,241,143,132,134,186,160,252,975,0,975,서울 강동구 명일역
2019,3,D,발달상권,1001172,537,309,228,60,112,79,79,99,108,36,63,42,47,62,59,24,49,37,32,37,49,287,85,202,어린이대공원역
2019,3,D,발달상권,1001171,22,11,11,1,3,0,3,8,7,0,1,0,3,4,3,1,2,0,0,4,4,15,0,15,서울 마포구 공덕역_2
2019,3,D,발달상권,1001170,43,32,11,0,2,4,12,12,13,0,2,1,10,9,10,0,0,3,2,3,3,35,0,35,공덕역
2019,3,D,발달상권,1001169,487,278,209,35,72,55,92,96,137,20,37,33,62,62,64,15,35,22,30,34,73,309,0,309,서울 용산구 숙대입구역
2019,3,D,발달상권,1001168,238,103,135,8,76,75,32,23,24,4,19,36,19,16,9,4,57,39,13,7,15,191,0,191,남영역
2019,3,D,발달상권,1001167,599,279,320,80,121,87,99,129,83,39,60,40,38,61,41,41,61,47,61,68,42,238,0,238,서울 마포구 공덕역_1
2019,3,D,발달상권,1001166,3534,1619,1915,511,450,919,730,457,467,249,175,438,321,225,211,262,275,481,409,232,256,1885,412,1473,서울 마포구 마포역_2
2019,3,D,발달상권,1001165,2009,905,1104,98,796,404,205,171,335,43,326,188,106,88,154,55,470,216,99,83,181,1455,0,1455,서울 광진구 건대입구역_2
2019,3,D,발달상권,1001164,844,445,399,73,125,151,143,127,225,42,68,79,75,72,109,31,57,72,68,55,116,498,0,498,서울 마포구 마포역_1
2019,3,D,발달상권,1001163,4607,2227,2380,311,814,1123,724,742,893,156,322,530,394,415,410,155,492,593,330,327,483,2962,399,2563,서울 강동구 천호역_2
2019,3,D,발달상권,1001162,1027,491,536,66,230,179,133,167,252,30,95,87,72,83,124,36,135,92,61,84,128,619,0,619,서울 광진구 건대입구역_1
2019,3,D,발달상권,1001161,530,224,306,21,12,9,25,25,438,12,4,1,10,11,186,9,8,8,15,14,252,289,0,289,건대입구역
2019,3,D,발달상권,1001160,1871,844,1027,106,479,468,271,245,302,51,174,223,143,113,140,55,305,245,128,132,162,1258,0,1258,서울 광진구 구의역
2019,3,D,발달상권,1001159,279,133,146,19,44,58,45,39,74,7,18,33,24,15,36,12,26,25,21,24,38,162,0,162,서울 강동구 천호역
2019,3,D,발달상권,1001158,723,310,413,23,304,218,68,43,67,16,84,116,38,23,33,7,220,102,30,20,34,562,0,562,당산역_2
2019,3,D,발달상권,1001157,388,199,189,22,82,73,63,69,79,8,42,47,33,34,35,14,40,26,30,35,44,222,0,222,서울 강동구 천호역_1
2019,3,D,발달상권,1001156,3041,1468,1573,144,869,739,417,433,439,64,305,381,243,231,244,80,564,358,174,202,195,2190,0,2190,서울 강동구 길동역
2019,3,D,발달상권,1001155,629,367,262,37,101,163,105,70,153,16,63,102,70,42,74,21,38,61,35,28,79,394,50,344,용산 전자상가_5
2019,3,D,발달상권,1001154,346,182,164,65,35,69,64,41,72,31,19,39,40,26,27,34,16,30,24,15,45,175,0,175,용산 전자상가_4
2019,3,D,발달상권,1001153,1061,475,586,64,310,350,108,109,120,29,112,169,53,54,58,35,198,181,55,55,62,700,113,587,당산역_1
2019,3,D,발달상권,1001152,198,89,109,27,24,29,14,31,73,13,11,8,6,14,37,14,13,21,8,17,36,64,60,4,서울 광진구 강변역
2019,3,D,발달상권,1001151,249,122,127,21,34,65,24,41,64,9,18,35,15,19,26,12,16,30,9,22,38,129,72,57,용산 전자상가_3
2019,3,D,발달상권,1001150,876,482,394,54,172,152,138,152,208,32,102,83,74,86,105,22,70,69,64,66,103,572,0,572,서울 용산구 이태원역
2019,3,D,발달상권,1001149,157,79,78,9,28,18,24,20,58,5,17,8,12,11,26,4,11,10,12,9,32,110,0,110,한남오거리
2019,3,D,발달상권,1001148,59,35,24,2,11,16,11,8,11,0,3,6,10,6,10,2,8,10,1,2,1,55,0,55,목동사거리
2019,3,D,발달상권,1001147,178,98,80,29,24,34,26,31,34,21,14,15,15,17,16,8,10,19,11,14,18,66,0,66,용산 전자상가_2
2019,3,D,발달상권,1001146,107,47,60,11,14,21,20,10,31,3,7,6,14,2,15,8,7,15,6,8,16,55,0,55,용산구청
2019,3,D,발달상권,1001145,1447,671,776,127,304,418,251,207,140,57,122,193,132,94,73,70,182,225,119,113,67,846,0,846,용산 전자상가_1
2019,3,D,발달상권,1001144,721,368,353,25,128,233,138,96,101,13,61,116,69,56,53,12,67,117,69,40,48,582,0,582,국회의사당역_2
2019,3,D,발달상권,1001143,390,195,195,29,26,51,58,79,147,15,14,32,40,39,55,14,12,19,18,40,92,310,0,310,서울 용산구 신용산역
2019,3,D,발달상권,1001142,145,80,65,2,51,64,18,6,4,2,29,34,10,4,1,0,22,30,8,2,3,128,0,128,국회의사당역_1
2019,3,D,발달상권,1001141,1313,635,678,191,153,255,259,165,290,89,68,134,135,83,126,102,85,121,124,82,164,668,245,423,압구정 로데오거리_2
2019,3,D,발달상권,1001140,1865,851,1014,237,292,360,339,225,412,121,145,142,155,106,182,116,147,218,184,119,230,974,0,974,서울 강남구 압구정역
2019,3,D,발달상권,1001139,1287,666,621,68,249,252,182,200,336,33,120,131,102,119,161,35,129,121,80,81,175,901,0,901,서울 영등포구 영등포구청역
2019,3,D,발달상권,1001138,604,280,324,92,73,83,95,75,186,41,38,36,45,33,87,51,35,47,50,42,99,240,0,240,압구정 로데오거리_1
2019,3,D,발달상권,1001137,800,425,375,98,121,109,132,136,204,61,68,56,67,72,101,37,53,53,65,64,103,384,11,373,서울 강동구 둔촌동역
2019,3,D,발달상권,1001136,869,429,440,220,94,109,197,119,130,117,44,45,103,52,68,103,50,64,94,67,62,271,102,169,오목교역
2019,3,D,발달상권,1001135,3852,1799,2053,468,632,775,700,495,782,244,283,342,352,247,331,224,349,433,348,248,451,2157,0,2157,신사동 가로수길
2019,3,D,발달상권,1001134,18,15,3,1,2,3,3,7,2,0,2,3,3,5,2,1,0,0,0,2,0,15,0,15,서울 영등포구 여의도역_2
2019,3,D,발달상권,1001133,922,426,496,61,75,111,170,156,349,26,40,52,84,75,149,35,35,59,86,81,200,622,0,622,청담사거리_3
2019,3,D,발달상권,1001132,518,283,235,32,119,94,71,69,133,16,59,61,45,40,62,16,60,33,26,29,71,322,0,322,영등포유통상가
2019,3,D,발달상권,1001131,1060,495,565,171,150,234,190,155,160,93,65,100,88,76,73,78,85,134,102,79,87,492,355,137,청담역_2
2019,3,D,발달상권,1001130,213,101,112,35,25,37,28,32,56,13,17,14,13,15,29,22,8,23,15,17,27,74,0,74,청담역_1
2019,3,D,발달상권,1001129,373,181,192,56,50,61,63,49,94,23,28,29,32,22,47,33,22,32,31,27,47,137,0,137,청담사거리_2
2019,3,D,발달상권,1001128,255,114,141,36,32,50,65,32,40,16,11,20,32,16,19,20,21,30,33,16,21,147,0,147,청담사거리_1
2019,3,D,발달상권,1001127,1359,655,704,246,147,187,225,219,335,130,65,78,103,117,162,116,82,109,122,102,173,509,461,48,서울 영등포구 여의도역_1
2019,3,D,발달상권,1001126,288,146,142,26,51,35,47,48,81,17,27,20,26,24,32,9,24,15,21,24,49,154,0,154,서울 양천구 신정네거리역_2
2019,3,D,발달상권,1001125,447,221,226,72,65,67,84,70,89,44,32,34,36,36,39,28,33,33,48,34,50,172,116,56,학동사거리_2
2019,3,D,발달상권,1001124,1593,1023,570,49,152,179,229,399,585,24,74,117,159,304,345,25,78,62,70,95,240,1284,0,1284,서울 영등포구 영등포시장역
2019,3,D,발달상권,1001123,415,205,210,40,69,84,81,49,92,23,26,41,45,28,42,17,43,43,36,21,50,261,46,215,학동사거리_1
2019,3,D,발달상권,1001122,1445,685,760,216,159,189,224,239,418,113,77,82,108,115,190,103,82,107,116,124,228,597,119,478,여의도 시범아파트앞
2019,3,D,발달상권,1001121,484,292,192,12,136,99,70,83,84,8,57,57,46,64,60,4,79,42,24,19,24,420,0,420,영등포역_3
2019,3,D,발달상권,1001120,274,129,145,20,60,86,36,21,51,11,30,43,16,9,20,9,30,43,20,12,31,180,25,155,도산공원사거리_1
2019,3,D,발달상권,1001119,789,577,212,19,155,112,139,199,165,10,62,80,124,175,126,9,93,32,15,24,39,729,0,729,영등포역_2
2019,3,D,발달상권,1001118,1488,735,753,221,145,224,225,257,416,112,74,110,112,131,196,109,71,114,113,126,220,719,574,145,문래동 주민센터
2019,3,D,발달상권,1001117,1041,451,590,73,201,286,166,117,198,33,74,118,85,52,89,40,127,168,81,65,109,644,0,644,강남구 신사역_2
2019,3,D,발달상권,1001116,323,178,145,10,130,96,33,33,21,6,51,59,23,23,16,4,79,37,10,10,5,283,0,283,영등포역_1
2019,3,D,발달상권,1001115,757,377,380,31,61,143,178,130,214,15,22,73,91,82,94,16,39,70,87,48,120,569,0,569,서울 강남구 강남구청역_2
2019,3,D,발달상권,1001114,766,411,355,40,159,175,134,111,147,23,74,94,82,63,75,17,85,81,52,48,72,537,0,537,강남구 신사역_1
2019,3,D,발달상권,1001113,12,8,4,1,1,3,2,2,3,1,0,3,2,2,0,0,1,0,0,0,3,12,0,12,서울 동작구 노량진1동_1
2019,3,D,발달상권,1001112,113,64,49,3,28,29,21,16,16,3,13,15,13,10,10,0,15,14,8,6,6,88,0,88,서울 강남구 학동역_3
2019,3,D,발달상권,1001111,565,285,280,44,118,146,101,76,80,23,57,67,47,46,45,21,61,79,54,30,35,383,67,316,서울 강남구 강남구청역_1
2019,3,D,발달상권,1001110,1787,838,949,248,243,243,215,306,532,126,117,99,85,144,267,122,126,144,130,162,265,615,216,399,잠실역
2019,3,D,발달상권,1001109,1932,971,961,154,355,479,361,261,322,81,163,232,185,149,161,73,192,247,176,112,161,1232,10,1222,강남구 논현역_4
2019,3,D,발달상권,1001108,532,220,312,36,96,169,92,70,69,18,38,71,31,32,30,18,58,98,61,38,39,360,0,360,학동역
2019,3,D,발달상권,1001107,1418,759,659,89,275,347,214,230,263,44,137,184,129,123,142,45,138,163,85,107,121,939,0,939,방이동 먹자골목
2019,3,D,발달상권,1001106,105,49,56,4,19,39,23,11,9,2,6,19,11,7,4,2,13,20,12,4,5,83,0,83,서울 강남구 학동역_2
2019,3,D,발달상권,1001105,1129,564,565,50,578,214,101,72,114,21,253,143,59,37,51,29,325,71,42,35,63,937,0,937,서울 동작구 노량진역
2019,3,D,발달상권,1001104,65,49,16,0,11,17,6,13,18,0,10,12,6,6,15,0,1,5,0,7,3,50,0,50,삼성역_3
2019,3,D,발달상권,1001103,26,17,9,7,2,2,5,5,5,5,1,1,2,4,4,2,1,1,3,1,1,15,0,15,코엑스
2019,3,D,발달상권,1001102,896,424,472,70,189,230,155,93,159,30,90,113,71,51,69,40,99,117,84,42,90,550,0,550,서울 강남구 학동역_1
2019,3,D,발달상권,1001101,3129,1429,1700,380,497,705,605,403,539,193,223,305,286,198,224,187,274,400,319,205,315,1881,135,1746,선정릉역_2
2019,3,D,발달상권,1001100,78,28,50,7,14,16,13,13,15,2,4,3,7,6,6,5,10,13,6,7,9,42,0,42,강남구 논현역_3
2019,3,D,발달상권,1001099,700,363,337,70,143,158,112,110,107,35,76,86,54,63,49,35,67,72,58,47,58,406,0,406,포스코사거리_2
2019,3,D,발달상권,1001098,2118,1036,1082,219,364,471,381,301,382,120,178,206,205,151,176,99,186,265,176,150,206,1195,75,1120,포스코사거리_1
2019,3,D,발달상권,1001096,3227,1551,1676,601,425,687,528,518,468,285,200,341,255,238,232,316,225,346,273,280,236,1148,548,600,신도림역
2019,3,D,발달상권,1001095,3931,1886,2045,253,865,1063,622,444,684,133,385,503,326,225,314,120,480,560,296,219,370,2516,0,2516,강남구 논현역_2
2019,3,D,발달상권,1001094,643,281,362,83,124,142,112,86,96,39,51,56,50,36,49,44,73,86,62,50,47,340,0,340,선정릉역_1
2019,3,D,발달상권,1001093,2803,1369,1434,251,483,671,463,400,535,130,220,333,240,193,253,121,263,338,223,207,282,1693,0,1693,신천역
2019,3,D,발달상권,1001092,1973,1023,950,97,408,473,337,295,363,52,187,231,204,174,175,45,221,242,133,121,188,1396,0,1396,강남구 논현역_1
2019,3,D,발달상권,1001091,9,6,3,0,1,2,1,1,4,0,0,2,1,0,3,0,1,0,0,1,1,5,0,5,삼성역_2
2019,3,D,발달상권,1001090,686,332,354,56,113,182,112,96,127,31,54,82,57,45,63,25,59,100,55,51,64,436,0,436,삼정역_2
2019,3,D,발달상권,1001089,86,37,49,6,14,18,11,15,22,3,4,11,3,6,10,3,10,7,8,9,12,45,0,45,삼정역_1
2019,3,D,발달상권,1001088,1511,740,771,213,298,354,260,193,193,125,119,164,130,103,99,88,179,190,130,90,94,856,0,856,삼성역_1
2019,3,D,발달상권,1001087,2167,1065,1102,130,457,630,359,259,332,63,205,314,204,125,154,67,252,316,155,134,178,1394,0,1394,서울 강남구 선릉역_2
2019,3,D,발달상권,1001085,3214,1631,1583,187,799,943,458,379,448,90,364,489,255,209,224,97,435,454,203,170,224,2307,45,2262,서울 서초구 강남역
2019,3,D,발달상권,1001084,676,329,347,40,92,207,163,86,88,24,44,93,77,49,42,16,48,114,86,37,46,501,0,501,서울 강남구 선릉역_1
2019,3,D,발달상권,1001083,594,295,299,81,85,156,89,71,112,45,40,72,40,39,59,36,45,84,49,32,53,299,0,299,서울 송파구 석촌역_2
2019,3,D,발달상권,1001082,4251,1937,2314,445,785,1173,870,500,478,213,311,493,413,278,229,232,474,680,457,222,249,2684,113,2571,선릉역_2
2019,3,D,발달상권,1001081,1035,519,516,74,244,266,141,148,162,39,118,131,74,75,82,35,126,135,67,73,80,661,0,661,서울 강남구 역삼역_2
2019,3,D,발달상권,1001080,201,87,114,20,40,44,42,25,30,12,10,20,21,9,15,8,30,24,21,16,15,111,0,111,서울 송파구 석촌역_1
2019,3,D,발달상권,1001079,3,2,1,0,0,1,0,1,1,0,0,1,0,1,0,0,0,0,0,0,1,2,0,2,석촌역
2019,3,D,발달상권,1001078,3089,1390,1699,346,574,593,596,419,561,156,216,262,286,216,254,190,358,331,310,203,307,1795,670,1125,서울 강남구 강남역_2
2019,3,D,발달상권,1001077,1337,590,747,291,155,255,352,142,142,118,65,100,158,84,65,173,90,155,194,58,77,599,289,310,선릉역_1
2019,3,D,발달상권,1001076,690,332,358,106,107,170,109,98,100,57,37,84,62,48,44,49,70,86,47,50,56,317,167,150,구로역
2019,3,D,발달상권,1001075,393,265,128,289,23,43,15,12,11,203,10,26,8,11,7,86,13,17,7,1,4,91,0,91,역삼역_2
2019,3,D,발달상권,1001074,2626,1238,1388,254,707,696,433,296,240,132,246,329,242,176,113,122,461,367,191,120,127,1831,0,1831,대림역_2
2019,3,D,발달상권,1001073,5470,2800,2670,332,1124,1460,970,726,858,176,483,767,541,428,405,156,641,693,429,298,453,3884,55,3829,서울 강남구 역삼역_1
2019,3,D,발달상권,1001072,1243,590,653,113,271,286,183,151,239,53,91,136,107,85,118,60,180,150,76,66,121,821,35,786,신대방삼거리역
2019,3,D,발달상권,1001071,2102,994,1108,398,328,272,429,349,326,209,153,130,186,171,145,189,175,142,243,178,181,926,0,926,서울 강남구 한티역
2019,3,D,발달상권,1001070,370,195,175,95,40,36,97,62,40,66,21,16,40,35,17,29,19,20,57,27,23,127,86,41,은마아파트입구사거리_4
2019,3,D,발달상권,1001069,303,152,151,49,53,35,55,55,56,24,25,22,20,31,30,25,28,13,35,24,26,132,0,132,은마아파트입구사거리_3
2019,3,D,발달상권,1001068,17,9,8,0,3,1,2,6,5,0,1,0,2,2,4,0,2,1,0,4,1,8,0,8,은마아파트입구사거리_2
2019,3,D,발달상권,1001067,3851,1843,2008,244,973,1113,587,374,560,117,347,579,333,198,269,127,626,534,254,176,291,2803,0,2803,오류동역
2019,3,D,발달상권,1001066,2548,1191,1357,266,688,710,353,263,268,132,292,326,184,131,126,134,396,384,169,132,142,1851,103,1748,서울 강남구 강남역
2019,3,D,발달상권,1001065,188,97,91,39,32,16,36,43,22,22,18,11,18,21,7,17,14,5,18,22,15,62,0,62,은마아파트입구사거리_1
2019,3,D,발달상권,1001064,1754,788,966,74,656,570,231,122,101,38,204,291,126,84,45,36,452,279,105,38,56,1481,0,1481,대림역_1
2019,3,D,발달상권,1001063,1002,499,503,225,154,114,215,149,145,118,76,54,94,89,68,107,78,60,121,60,77,429,39,390,교대역_4
2019,3,D,발달상권,1001062,3012,1440,1572,559,406,676,537,384,450,264,204,304,273,184,211,295,202,372,264,200,239,1311,156,1155,서울 강남구 강남역_1
2019,3,D,발달상권,1001061,2604,1234,1370,622,270,368,560,349,435,308,128,161,262,184,191,314,142,207,298,165,244,956,482,474,방배동카페골목
2019,3,D,발달상권,1001059,24,11,13,4,2,6,3,6,3,1,2,2,0,4,2,3,0,4,3,2,1,12,0,12,교대역_3
2019,3,D,발달상권,1001058,2795,1349,1446,296,547,779,449,338,386,141,260,387,227,147,187,155,287,392,222,191,199,1603,14,1589,역삼역_1
2019,3,D,발달상권,1001057,1758,850,908,224,341,384,292,239,278,119,176,172,150,106,127,105,165,212,142,133,151,1033,280,753,교대역_2
2019,3,D,발달상권,1001056,570,301,269,38,83,130,97,104,118,16,32,59,55,74,65,22,51,71,42,30,53,402,0,402,서울 송파구 가락시장역
2019,3,D,발달상권,1001055,55,31,24,6,11,7,3,14,14,4,9,3,1,6,8,2,2,4,2,8,6,25,0,25,서울 서초구 서초역
2019,3,D,발달상권,1001054,642,306,336,208,67,63,145,97,62,99,35,25,63,53,31,109,32,38,82,44,31,204,106,98,서울 강남구 대치역_2
2019,3,D,발달상권,1001053,519,260,259,165,53,33,148,66,54,84,28,13,70,40,25,81,25,20,78,26,29,145,145,0,서울 강남구 대치역_1
2019,3,D,발달상권,1001052,2197,964,1233,136,570,709,342,221,219,74,225,318,148,105,94,62,345,391,194,116,125,1635,249,1386,뱅뱅사거리_2
2019,3,D,발달상권,1001051,5095,2411,2684,887,614,808,839,595,1352,440,288,370,406,285,622,447,326,438,433,310,730,2020,399,1621,보라매공원
2019,3,D,발달상권,1001050,2611,1321,1290,265,521,521,354,438,512,141,263,249,189,218,261,124,258,272,165,220,251,1363,199,1164,교대역_1
2019,3,D,발달상권,1001049,2655,1325,1330,309,345,362,371,516,752,161,188,197,190,251,338,148,157,165,181,265,414,1225,0,1225,개봉동 현대아파트 인근
2019,3,D,발달상권,1001048,1759,755,1004,97,517,652,261,123,109,51,163,312,118,54,57,46,354,340,143,69,52,1359,1,1358,뱅뱅사거리
2019,3,D,발달상권,1001047,1069,546,523,118,221,308,158,120,144,58,99,163,91,65,70,60,122,145,67,55,74,667,0,667,뱅뱅사거리_1
2019,3,D,발달상권,1001046,3147,1589,1558,118,1258,928,365,223,255,71,548,510,216,110,134,47,710,418,149,113,121,2577,85,2492,서울 관악구 신림역_4
2019,3,D,발달상권,1001045,1176,554,622,91,239,214,164,174,294,44,111,103,85,81,130,47,128,111,79,93,164,678,0,678,동작구 총신대입구역_1
2019,3,D,발달상권,1001044,1858,886,972,223,306,447,311,235,336,103,146,216,142,119,160,120,160,231,169,116,176,977,0,977,양재역_3
2019,3,D,발달상권,1001043,1812,779,1033,353,272,328,415,247,197,150,94,139,181,129,86,203,178,189,234,118,111,851,18,833,동작구 총신대입구역_2
2019,3,D,발달상권,1001042,575,249,326,64,112,135,106,53,105,29,37,59,55,25,44,35,75,76,51,28,61,319,0,319,서울 서초구 남부터미널역_3
2019,3,D,발달상권,1001041,1480,683,797,99,134,229,220,227,571,44,56,106,126,128,223,55,78,123,94,99,348,928,511,417,서울 강남구 수서역
2019,3,D,발달상권,1001040,1168,634,534,23,512,340,109,86,98,11,234,203,76,54,56,12,278,137,33,32,42,999,0,999,서울 관악구 신림역_3
2019,3,D,발달상권,1001039,1764,868,896,99,373,519,327,261,185,55,121,251,172,164,105,44,252,268,155,97,80,1361,0,1361,서울 서초구 남부터미널역_2
2019,3,D,발달상권,1001038,125,68,57,10,8,23,14,28,42,4,6,11,10,17,20,6,2,12,4,11,22,74,0,74,구로디지탈1단지
2019,3,D,발달상권,1001037,1698,762,936,237,334,338,309,234,246,106,139,149,151,107,110,131,195,189,158,127,136,862,136,726,양재역
2019,3,D,발달상권,1001036,406,223,183,58,74,77,72,59,66,35,43,45,39,29,32,23,31,32,33,30,34,198,0,198,문정역
2019,3,D,발달상권,1001035,572,290,282,78,114,93,88,91,108,46,48,46,49,45,56,32,66,47,39,46,52,294,0,294,매봉역
2019,3,D,발달상권,1001034,1227,583,644,165,175,258,231,169,229,88,76,122,118,78,101,77,99,136,113,91,128,639,0,639,서울 서초구 방배역
2019,3,D,발달상권,1001033,1204,578,626,194,170,202,191,218,229,107,86,84,91,97,113,87,84,118,100,121,116,483,0,483,서울 서초구 남부터미널역_1
2019,3,D,발달상권,1001032,1647,858,789,82,620,365,169,159,252,50,318,212,90,63,125,32,302,153,79,96,127,1132,0,1132,서울 관악구 신림역_2
2019,3,D,발달상권,1001031,687,300,387,21,311,190,71,47,47,10,106,93,41,24,26,11,205,97,30,23,21,582,0,582,서울 관악구 신림역_1
2019,3,D,발달상권,1001030,910,425,485,100,168,198,148,133,163,48,70,99,72,64,72,52,98,99,76,69,91,478,0,478,양재역_2
2019,3,D,발달상권,1001029,8,5,3,0,2,0,0,5,1,0,2,0,0,3,0,0,0,0,0,2,1,4,0,4,양재역_1
2019,3,D,발달상권,1001028,560,293,267,17,235,141,59,42,66,10,113,75,41,21,33,7,122,66,18,21,33,449,0,449,서울 관악구 서울대입구역_2
2019,3,D,발달상권,1001027,1748,971,777,30,526,416,263,276,237,13,189,238,179,209,143,17,337,178,84,67,94,1584,13,1571,가산디지털단지역_3
2019,3,D,발달상권,1001026,358,206,152,20,49,32,52,94,111,14,28,22,29,63,50,6,21,10,23,31,61,234,0,234,구로디지털단지역
2019,3,D,발달상권,1001025,6715,3076,3639,256,3162,1591,588,514,604,119,1250,791,311,279,326,137,1912,800,277,235,278,5444,0,5444,서울 관악구 서울대입구역_1
2019,3,D,발달상권,1001024,929,446,483,147,161,143,165,147,166,71,73,68,77,68,89,76,88,75,88,79,77,417,82,335,관악구 사당역_1
2019,3,D,발달상권,1001023,681,362,319,48,173,163,93,72,132,23,82,94,57,46,60,25,91,69,36,26,72,432,160,272,가산디지털단지역_2
2019,3,D,발달상권,1001022,924,440,484,34,250,207,101,119,213,18,97,106,49,63,107,16,153,101,52,56,106,633,0,633,관악구 사당역_2
2019,3,D,발달상권,1001021,27,16,11,0,6,6,4,5,6,0,1,2,3,5,5,0,5,4,1,0,1,25,0,25,가산디지털단지역_1
2019,3,D,발달상권,1001019,93,51,42,8,17,35,18,9,6,3,11,18,12,4,3,5,6,17,6,5,3,60,0,60,포이사거리_1
2019,3,D,발달상권,1001018,1856,1011,845,172,317,458,317,290,302,90,155,253,186,164,163,82,162,205,131,126,139,1141,0,1141,포이사거리_2
2019,3,D,발달상권,1001017,307,148,159,12,83,100,37,25,50,6,25,61,20,7,29,6,58,39,17,18,21,230,0,230,관악구 사당역_3
2019,3,D,발달상권,1001016,1689,1025,664,100,726,339,189,130,205,55,444,236,127,72,91,45,282,103,62,58,114,1318,0,1318,서울 관악구 대학동_1
2019,3,D,발달상권,1001015,1199,658,541,54,233,323,205,188,196,24,118,197,118,114,87,30,115,126,87,74,109,868,0,868,서울 금천구 독산1동_1
2019,3,D,발달상권,1001013,1656,813,843,462,164,243,333,198,256,256,77,109,174,90,107,206,87,134,159,108,149,526,0,526,양재 화물트럭터미널앞_2
2019,3,D,발달상권,1001012,2,2,0,0,0,0,0,1,1,0,0,0,0,1,1,0,0,0,0,0,0,2,0,2,양재 화물트럭터미널앞_1
2019,3,D,발달상권,1001011,1566,815,751,107,183,218,240,305,513,56,87,119,141,178,234,51,96,99,99,127,279,1027,0,1027,서울 금천구 시흥1동_4
2019,3,A,골목상권,1001010,3088,1526,1562,332,420,519,498,575,744,173,209,276,256,278,334,159,211,243,242,297,410,1601,0,1601,풍성로37가길
2019,3,A,골목상권,1001009,4032,2056,1976,414,590,703,599,703,1023,217,280,392,330,355,482,197,310,311,269,348,541,2067,39,2028,천호옛길
2019,3,A,골목상권,1001008,2323,1114,1209,188,454,481,316,358,526,95,191,269,156,164,239,93,263,212,160,194,287,1261,0,1261,천호옛14길
2019,3,A,골목상권,1001007,2208,1105,1103,308,303,273,329,434,561,157,156,143,169,227,253,151,147,130,160,207,308,980,0,980,천호대로219길
2019,3,A,골목상권,1001006,4523,2227,2296,739,653,692,673,818,948,383,332,347,333,378,454,356,321,345,340,440,494,1738,531,1207,천호대로197길
2019,3,A,골목상권,1001005,2777,1375,1402,366,371,500,405,468,667,185,194,273,194,222,307,181,177,227,211,246,360,1270,96,1174,천호대로187길
2019,3,A,골목상권,1001004,4152,2078,2074,504,637,844,622,689,856,258,315,449,324,321,411,246,322,395,298,368,445,1944,302,1642,천호대로170길
2019,3,A,골목상권,1001003,2704,1346,1358,364,407,470,391,459,613,184,208,227,215,215,297,180,199,243,176,244,316,1185,114,1071,천호대로162길
2019,3,A,골목상권,1001002,4505,2182,2323,629,674,702,665,760,1075,327,325,360,335,351,484,302,349,342,330,409,591,1858,127,1731,천중로51길
2019,3,A,골목상권,1001001,6690,3286,3404,969,974,1105,1024,1097,1521,501,475,591,508,487,724,468,499,514,516,610,797,2798,481,2317,천중로39길
2019,3,A,골목상권,1001000,1801,887,914,187,274,363,256,313,408,108,126,187,141,132,193,79,148,176,115,181,215,895,0,895,진황도로47길
2019,3,A,골목상권,1000999,7755,3899,3856,826,1139,1570,1085,1226,1909,415,549,817,600,601,917,411,590,753,485,625,992,3952,684,3268,진황도로27길
2019,3,A,골목상권,1000998,3215,1576,1639,341,438,599,464,585,788,173,215,319,240,287,342,168,223,280,224,298,446,1650,116,1534,올림픽로98길
2019,3,A,골목상권,1000997,2047,1053,994,215,250,258,316,406,602,121,128,142,179,212,271,94,122,116,137,194,331,1067,0,1067,올림픽로80길
2019,3,A,골목상권,1000996,1738,905,833,120,176,205,276,399,562,59,89,117,149,231,260,61,87,88,127,168,302,1070,75,995,올림픽로78길
2019,3,A,골목상권,1000995,2618,1338,1280,276,367,530,373,457,615,138,174,299,206,227,294,138,193,231,167,230,321,1320,0,1320,올림픽로77길
2019,3,A,골목상권,1000994,2561,1321,1240,210,368,425,341,494,723,114,196,236,188,254,333,96,172,189,153,240,390,1401,0,1401,올림픽로71길
2019,3,A,골목상권,1000993,1562,752,810,258,194,300,258,210,342,133,93,135,126,108,157,125,101,165,132,102,185,687,47,640,올림픽로48길
2019,3,A,골목상권,1000992,3526,1756,1770,706,429,565,600,487,739,377,213,288,295,239,344,329,216,277,305,248,395,1328,652,676,양재대로96길
2019,3,A,골목상권,1000991,3619,1783,1836,507,559,614,550,639,750,291,293,319,264,295,321,216,266,295,286,344,429,1550,146,1404,양재대로95길
2019,3,A,골목상권,1000990,4192,2055,2137,668,634,596,665,739,890,368,339,304,325,354,365,300,295,292,340,385,525,1695,429,1266,양재대로91길
2019,3,A,골목상권,1000989,4987,2457,2530,679,751,783,679,902,1193,337,387,410,354,417,552,342,364,373,325,485,641,2111,189,1922,양재대로133길
2019,3,A,골목상권,1000988,4519,2261,2258,586,674,694,707,803,1055,305,365,374,338,386,493,281,309,320,369,417,562,1978,109,1869,양재대로124길
2019,3,A,골목상권,1000987,1521,733,788,204,251,257,213,257,339,107,111,133,112,120,150,97,140,124,101,137,189,675,137,538,양재대로116길
2019,3,A,골목상권,1000986,4732,2277,2455,526,784,1065,668,751,938,267,380,530,344,317,439,259,404,535,324,434,499,2355,114,2241,양재대로101길
2019,3,A,골목상권,1000985,7132,3599,3533,995,1020,1192,1086,1242,1597,516,540,626,562,624,731,479,480,566,524,618,866,3184,302,2882,암사길
2019,3,A,골목상권,1000984,4757,2342,2415,810,662,763,832,765,925,452,327,381,396,360,426,358,335,382,436,405,499,1841,44,1797,성안로3길
2019,3,A,골목상권,1000983,3614,1751,1863,696,488,562,599,550,719,344,248,261,314,252,332,352,240,301,285,298,387,1351,454,897,성내로5길
2019,3,A,골목상권,1000982,1274,643,631,196,205,166,174,275,258,100,119,81,86,133,124,96,86,85,88,142,134,509,0,509,상일로5길
2019,3,A,골목상권,1000981,1937,966,971,251,263,365,317,263,478,130,137,193,157,129,220,121,126,172,160,134,258,966,284,682,상암로5길
2019,3,A,골목상권,1000980,3008,1447,1561,472,418,431,475,510,702,238,214,220,232,225,318,234,204,211,243,285,384,1208,368,840,상암로51길
2019,3,A,골목상권,1000979,3269,1651,1618,425,473,693,509,545,624,211,229,354,270,278,309,214,244,339,239,267,315,1656,122,1534,상암로4길
2019,3,A,골목상권,1000978,3651,1791,1860,490,514,666,551,621,809,254,258,337,265,298,379,236,256,329,286,323,430,1599,333,1266,상암로14길
2019,3,A,골목상권,1000977,2767,1379,1388,410,436,410,424,476,611,226,222,214,213,240,264,184,214,196,211,236,347,1274,114,1160,명일로13길
2019,3,A,골목상권,1000976,2914,1498,1416,416,418,342,440,577,721,221,229,187,226,297,338,195,189,155,214,280,383,1274,0,1274,동남로85길
2019,3,A,골목상권,1000975,1694,915,779,192,238,201,235,380,448,106,140,120,123,205,221,86,98,81,112,175,227,821,0,821,동남로82길
2019,3,A,골목상권,1000974,2695,1318,1377,569,345,307,484,462,528,305,185,160,220,231,217,264,160,147,264,231,311,1071,0,1071,동남로65길
2019,3,A,골목상권,1000973,4286,2169,2117,504,585,646,680,836,1035,259,304,346,369,409,482,245,281,300,311,427,553,2174,107,2067,구천면로42길
2019,3,A,골목상권,1000972,5439,2715,2724,697,752,888,815,988,1299,365,393,471,431,461,594,332,359,417,384,527,705,2458,334,2124,구천면로41길
2019,3,A,골목상권,1000971,2602,1347,1255,314,382,347,380,531,648,172,184,196,201,284,310,142,198,151,179,247,338,1214,0,1214,구천면로36길
2019,3,A,골목상권,1000970,1602,821,781,315,201,256,278,245,307,166,112,128,149,129,137,149,89,128,129,116,170,623,0,623,고덕로61길
2019,3,A,골목상권,1000969,1531,763,768,302,180,264,219,240,326,149,105,131,117,112,149,153,75,133,102,128,177,559,136,423,고덕로25길
2019,3,A,골목상권,1000968,2111,1053,1058,307,314,363,352,345,430,166,154,196,179,160,198,141,160,167,173,185,232,1011,70,941,고덕로10길
2019,3,A,골목상권,1000967,4215,2140,2075,787,587,582,715,722,822,482,315,301,344,327,371,305,272,281,371,395,451,1622,254,1368,강동대로53길
2019,3,A,골목상권,1000966,1920,941,979,215,223,293,265,341,583,116,115,165,141,143,261,99,108,128,124,198,322,927,0,927,풍성로25길
2019,3,A,골목상권,1000965,2594,1296,1298,503,393,383,412,427,476,262,205,197,202,201,229,241,188,186,210,226,247,1021,74,947,오금로46길
2019,3,A,골목상권,1000964,2964,1456,1508,389,558,606,432,453,526,207,270,329,198,202,250,182,288,277,234,251,276,1347,51,1296,오금로36길
2019,3,A,골목상권,1000963,4808,2327,2481,504,807,1152,681,705,959,262,394,602,352,289,428,242,413,550,329,416,531,2498,22,2476,오금로11길
2019,3,A,골목상권,1000962,2715,1321,1394,434,431,340,428,518,564,224,226,162,196,248,265,210,205,178,232,270,299,1031,415,616,양재대로72길
2019,3,A,골목상권,1000961,1517,720,797,253,232,243,241,261,287,127,107,120,113,116,137,126,125,123,128,145,150,605,21,584,양재대로71길
2019,3,A,골목상권,1000960,3669,1878,1791,522,584,651,562,679,671,267,313,322,293,346,337,255,271,329,269,333,334,1520,10,1510,양재대로64길
2019,3,A,골목상권,1000959,1587,822,765,231,207,345,266,241,297,131,104,181,139,127,140,100,103,164,127,114,157,760,285,475,양재대로62길
2019,3,A,골목상권,1000958,1584,867,717,136,234,262,272,326,354,74,118,150,153,184,188,62,116,112,119,142,166,976,0,976,송파대로30길
2019,3,A,골목상권,1000957,3364,1702,1662,497,537,748,502,512,568,271,279,395,257,237,263,226,258,353,245,275,305,1421,305,1116,송이로36길
2019,3,A,골목상권,1000956,5600,2803,2797,829,963,1171,853,934,850,421,484,633,431,443,391,408,479,538,422,491,459,2442,399,2043,송이로32길
2019,3,A,골목상권,1000955,4454,2183,2271,600,753,910,684,669,838,323,377,448,338,311,386,277,376,462,346,358,452,2037,41,1996,송이로23길
2019,3,A,골목상권,1000954,6562,3101,3461,750,1248,1568,1019,923,1054,405,540,753,498,422,483,345,708,815,521,501,571,3534,0,3534,삼전로13길
2019,3,A,골목상권,1000953,8436,4124,4312,1245,1309,1609,1261,1357,1655,688,643,812,615,604,762,557,666,797,646,753,893,3604,201,3403,백제고분로50길
2019,3,A,골목상권,1000952,3217,1520,1697,427,559,718,457,504,552,208,273,352,210,223,254,219,286,366,247,281,298,1494,17,1477,백제고분로46길
2019,3,A,골목상권,1000951,4794,2292,2502,614,835,1175,666,690,814,296,385,561,343,311,396,318,450,614,323,379,418,2276,253,2023,백제고분로45길
2019,3,A,골목상권,1000950,4194,2011,2183,480,802,1058,577,610,667,261,374,504,272,292,308,219,428,554,305,318,359,2092,0,2092,백제고분로42길
2019,3,A,골목상권,1000949,3380,1551,1829,361,671,838,475,466,569,200,257,397,241,197,259,161,414,441,234,269,310,1760,0,1760,백제고분로39길
2019,3,A,골목상권,1000948,7777,3812,3965,1047,1197,1744,1243,1126,1420,567,581,892,605,532,635,480,616,852,638,594,785,3698,18,3680,백제고분로34길
2019,3,A,골목상권,1000947,6311,2980,3331,682,1163,1652,963,846,1005,334,503,802,493,394,454,348,660,850,470,452,551,3415,0,3415,백제고분로33길
2019,3,A,골목상권,1000946,6454,3067,3387,998,950,1415,1106,892,1093,518,449,684,539,387,490,480,501,731,567,505,603,2998,36,2962,백제고분로32길
2019,3,A,골목상권,1000945,6266,2886,3380,842,1003,1399,1053,889,1080,409,448,650,514,396,469,433,555,749,539,493,611,3121,0,3121,백제고분로31길
2019,3,A,골목상권,1000944,6884,3301,3583,909,1117,1607,1125,1041,1085,471,525,784,565,458,498,438,592,823,560,583,587,3375,0,3375,백제고분로22길
2019,3,A,골목상권,1000943,2499,1241,1258,251,442,625,422,370,389,136,207,300,220,205,173,115,235,325,202,165,216,1397,0,1397,백제고분로21길
2019,3,A,골목상권,1000942,3999,2059,1940,537,448,502,640,756,1116,272,248,273,345,405,516,265,200,229,295,351,600,1907,90,1817,마천로51길
2019,3,A,골목상권,1000941,3571,1709,1862,630,545,555,614,595,632,319,257,280,279,290,284,311,288,275,335,305,348,1332,380,952,동남로20길
2019,3,A,골목상권,1000940,3303,1666,1637,426,350,387,553,631,956,205,205,206,299,332,419,221,145,181,254,299,537,1655,0,1655,거마로20길
2019,3,A,골목상권,1000939,3038,1440,1598,624,356,582,615,347,514,378,158,228,275,169,232,246,198,354,340,178,282,1148,640,508,학동로77길
2019,3,A,골목상권,1000938,1604,734,870,133,343,427,272,164,265,73,150,196,127,75,113,60,193,231,145,89,152,987,0,987,학동로6길
2019,3,A,골목상권,1000937,1007,465,542,171,154,182,181,135,184,71,82,83,77,64,88,100,72,99,104,71,96,439,124,315,학동로56길
2019,3,A,골목상권,1000936,1519,705,814,166,297,413,250,162,231,74,135,200,130,71,95,92,162,213,120,91,136,842,102,740,학동로38길
2019,3,A,골목상권,1000935,415,202,213,35,67,95,53,52,113,26,33,47,27,22,47,9,34,48,26,30,66,226,0,226,테헤란로81길
2019,3,A,골목상권,1000934,3439,1654,1785,555,650,542,526,538,628,295,321,254,255,244,285,260,329,288,271,294,343,1566,0,1566,일원로9길
2019,3,A,골목상권,1000933,2386,1193,1193,446,387,362,390,366,435,246,204,184,183,174,202,200,183,178,207,192,233,1011,83,928,일원로3길
2019,3,A,골목상권,1000932,2065,1041,1024,302,305,247,348,350,513,178,182,123,154,176,228,124,123,124,194,174,285,1004,0,1004,영동대로65길
2019,3,A,골목상권,1000931,2663,1315,1348,466,381,457,487,390,482,278,205,220,214,178,220,188,176,237,273,212,262,1052,480,572,영동대로112길
2019,3,A,골목상권,1000930,3491,1735,1756,354,655,917,627,475,463,177,297,464,333,257,207,177,358,453,294,218,256,2051,180,1871,언주로81길
2019,3,A,골목상권,1000929,1001,467,534,149,155,224,189,121,163,81,67,95,94,60,70,68,88,129,95,61,93,497,64,433,압구정로2길
2019,3,A,골목상권,1000928,1733,865,868,272,229,220,275,315,422,145,128,119,123,161,189,127,101,101,152,154,233,740,35,705,선릉로18길
2019,3,A,골목상권,1000927,2058,912,1146,254,382,434,358,276,354,122,141,188,181,128,152,132,241,246,177,148,202,1117,0,1117,선릉로146길
2019,3,A,골목상권,1000926,1549,668,881,183,290,342,260,187,287,96,101,146,123,86,116,87,189,196,137,101,171,801,107,694,선릉로133길
2019,3,A,골목상권,1000925,2042,937,1105,400,311,372,370,278,311,209,123,150,172,143,140,191,188,222,198,135,171,844,120,724,선릉로132길
2019,3,A,골목상권,1000924,846,396,450,82,136,214,161,114,139,45,69,94,78,53,57,37,67,120,83,61,82,470,0,470,선릉로121길
2019,3,A,골목상권,1000923,2533,1236,1297,447,410,453,513,368,342,249,203,218,216,192,158,198,207,235,297,176,184,1183,237,946,삼성로75길
2019,3,A,골목상권,1000922,3460,1699,1761,680,591,523,724,489,453,401,294,260,317,233,194,279,297,263,407,256,259,1579,0,1579,삼성로69길
2019,3,A,골목상권,1000921,2924,1554,1370,820,349,162,814,498,281,543,191,74,348,269,129,277,158,88,466,229,152,934,718,216,삼성로64길
2019,3,A,골목상권,1000920,4355,2070,2285,773,755,631,889,758,549,437,358,297,377,362,239,336,397,334,512,396,310,2059,19,2040,삼성로63길
2019,3,A,골목상권,1000919,1730,904,826,506,216,102,447,308,151,317,104,47,188,177,71,189,112,55,259,131,80,522,394,128,삼성로57길
2019,3,A,골목상권,1000918,1246,554,692,173,253,269,188,162,201,85,113,105,92,77,82,88,140,164,96,85,119,651,26,625,삼성로147길
2019,3,A,골목상권,1000917,2821,1312,1509,548,380,595,558,320,420,312,191,239,247,150,173,236,189,356,311,170,247,1269,130,1139,삼성로115길
2019,3,A,골목상권,1000916,1490,697,793,156,255,419,283,145,232,85,116,177,146,78,95,71,139,242,137,67,137,883,0,883,봉은사로68길
2019,3,A,골목상권,1000915,1646,735,911,240,305,358,310,186,247,135,126,152,128,97,97,105,179,206,182,89,150,836,0,836,봉은사로57길
2019,3,A,골목상권,1000914,3259,1536,1723,500,474,708,594,404,579,263,227,322,275,192,257,237,247,386,319,212,322,1513,330,1183,봉은사로43길
2019,3,A,골목상권,1000913,1239,581,658,111,234,351,223,139,181,51,110,157,114,64,85,60,124,194,109,75,96,761,0,761,봉은사로29길
2019,3,A,골목상권,1000912,2173,1037,1136,416,300,343,369,324,421,210,159,153,172,150,193,206,141,190,197,174,228,806,146,660,봉은사로109길
2019,3,A,골목상권,1000911,1944,895,1049,281,316,351,347,307,342,155,136,168,154,134,148,126,180,183,193,173,194,842,165,677,도산대로89길
2019,3,A,골목상권,1000910,941,419,522,159,142,133,152,134,221,72,62,55,68,59,103,87,80,78,84,75,118,378,0,378,도산대로81길
2019,3,A,골목상권,1000909,2275,1052,1223,323,314,466,358,290,524,170,146,195,182,133,226,153,168,271,176,157,298,1013,396,617,도산대로50길
2019,3,A,골목상권,1000908,1051,484,567,91,203,315,169,110,163,50,87,149,90,43,65,41,116,166,79,67,98,661,0,661,도산대로38길
2019,3,A,골목상권,1000907,905,420,485,64,180,219,164,97,181,29,72,109,80,43,87,35,108,110,84,54,94,541,27,514,도산대로30길
2019,3,A,골목상권,1000906,1506,661,845,175,284,349,261,180,257,90,116,152,123,69,111,85,168,197,138,111,146,817,31,786,도산대로23길
2019,3,A,골목상권,1000905,694,309,385,79,143,154,119,73,126,34,53,72,54,36,60,45,90,82,65,37,66,375,0,375,도산대로15길
2019,3,A,골목상권,1000904,6062,2806,3256,750,1068,1396,1028,788,1032,371,472,642,484,376,461,379,596,754,544,412,571,3117,0,3117,도곡로37길
2019,3,A,골목상권,1000903,3622,1776,1846,584,544,631,628,602,633,307,279,327,293,296,274,277,265,304,335,306,359,1613,0,1613,논현로8길
2019,3,A,골목상권,1000902,2571,1243,1328,324,424,593,431,353,446,164,205,270,223,173,208,160,219,323,208,180,238,1277,222,1055,논현로63길
2019,3,A,골목상권,1000901,77,46,31,10,8,12,7,12,28,7,5,7,4,5,18,3,3,5,3,7,10,37,0,37,논현로28길
2019,3,A,골목상권,1000900,1247,570,677,133,210,194,208,206,296,68,99,79,102,88,134,65,111,115,106,118,162,655,0,655,논현로26길
2019,3,A,골목상권,1000899,423,186,237,54,68,100,67,54,80,27,25,43,32,23,36,27,43,57,35,31,44,206,0,206,논현로159길
2019,3,A,골목상권,1000898,1378,655,723,149,206,320,221,186,296,78,88,147,115,86,141,71,118,173,106,100,155,692,0,692,논현로139길
2019,3,A,골목상권,1000897,2084,990,1094,126,388,531,441,278,320,68,185,239,213,154,131,58,203,292,228,124,189,1504,0,1504,논현로123길
2019,3,A,골목상권,1000896,3224,1527,1697,245,720,897,483,385,494,106,333,419,260,185,224,139,387,478,223,200,270,1936,55,1881,논현로115길
2019,3,A,골목상권,1000895,1575,786,789,275,208,272,305,258,257,148,111,136,140,131,120,127,97,136,165,127,137,661,0,661,논현로10길
2019,3,A,골목상권,1000894,2107,924,1183,147,418,724,333,206,279,62,168,310,163,93,128,85,250,414,170,113,151,1353,0,1353,논현로106길
2019,3,A,골목상권,1000893,2859,1378,1481,621,337,483,575,416,427,298,171,241,275,203,190,323,166,242,300,213,237,1124,681,443,남부순환로365길
2019,3,A,골목상권,1000892,28,18,10,0,4,2,3,6,13,0,2,2,3,4,7,0,2,0,0,2,6,25,0,25,개포로82길
2019,3,A,골목상권,1000891,2068,994,1074,370,329,314,395,352,308,183,166,159,179,171,136,187,163,155,216,181,172,820,105,715,개포로28길
2019,3,A,골목상권,1000890,2405,1170,1235,331,409,452,379,415,419,162,195,235,203,179,196,169,214,217,176,236,223,1073,0,1073,개포로20길
2019,3,A,골목상권,1000889,3678,1792,1886,594,537,600,641,613,693,313,267,296,305,301,310,281,270,304,336,312,383,1590,81,1509,개포로17길
2019,3,A,골목상권,1000888,1863,846,1017,185,311,453,272,294,348,98,129,212,128,127,152,87,182,241,144,167,196,968,552,416,강남대로140길
2019,3,A,골목상권,1000887,1263,572,691,148,183,247,212,175,298,66,80,104,97,75,150,82,103,143,115,100,148,558,0,558,강남대로136길
2019,3,A,골목상권,1000886,1463,630,833,110,333,412,241,147,220,61,129,170,124,56,90,49,204,242,117,91,130,902,17,885,강남대로118길
2019,3,A,골목상권,1000885,2653,1312,1341,451,364,492,474,342,530,234,189,236,237,161,255,217,175,256,237,181,275,1115,143,972,서초중앙로8길
2019,3,A,골목상권,1000884,2768,1261,1507,564,392,350,510,481,471,242,180,151,223,243,222,322,212,199,287,238,249,1041,152,889,방배중앙로21길
2019,3,A,골목상권,1000883,2091,1023,1068,396,254,414,394,290,343,212,118,178,210,145,160,184,136,236,184,145,183,908,335,573,효령로72길
2019,3,A,골목상권,1000882,1562,747,815,266,198,285,253,241,319,146,95,135,118,114,139,120,103,150,135,127,180,618,300,318,효령로34길
2019,3,A,골목상권,1000881,1842,861,981,237,260,364,317,258,406,120,123,176,144,121,177,117,137,188,173,137,229,929,0,929,효령로31길
2019,3,A,골목상권,1000880,4664,2146,2518,710,786,893,771,653,851,380,350,404,350,289,373,330,436,489,421,364,478,2015,140,1875,효령로23길
2019,3,A,골목상권,1000879,3991,1881,2110,603,605,689,639,565,890,319,270,330,303,254,405,284,335,359,336,311,485,1807,0,1807,청두곶길
2019,3,A,골목상권,1000878,3994,1942,2052,218,925,1170,643,458,580,112,413,567,357,238,255,106,512,603,286,220,325,2725,0,2725,주흥길
2019,3,A,골목상권,1000877,2694,1241,1453,203,530,734,477,283,467,99,226,332,255,141,188,104,304,402,222,142,279,1711,0,1711,주흥15길
2019,3,A,골목상권,1000876,2091,1054,1037,275,335,459,359,316,347,142,170,231,188,159,164,133,165,228,171,157,183,980,0,980,언남길
2019,3,A,골목상권,1000875,2627,1270,1357,325,467,563,426,345,501,165,228,277,207,170,223,160,239,286,219,175,278,1360,87,1273,신반포로45길
2019,3,A,골목상권,1000874,1545,766,779,189,196,224,215,227,494,107,87,118,118,102,234,82,109,106,97,125,260,681,0,681,서초대로8길
2019,3,A,골목상권,1000873,1759,848,911,389,219,267,362,259,263,199,109,112,180,126,122,190,110,155,182,133,141,603,480,123,서초대로64길
2019,3,A,골목상권,1000872,3519,1586,1933,548,521,605,546,524,775,255,243,277,239,237,335,293,278,328,307,287,440,1504,117,1387,서초대로4길
2019,3,A,골목상권,1000871,1261,597,664,195,196,250,195,191,234,101,87,120,95,81,113,94,109,130,100,110,121,537,0,537,서초대로25길
2019,3,A,골목상권,1000870,2408,1149,1259,346,304,435,449,354,520,181,150,200,227,170,221,165,154,235,222,184,299,1185,116,1069,서초대로23길
2019,3,A,골목상권,1000869,2418,1099,1319,379,363,523,420,304,429,184,162,230,188,150,185,195,201,293,232,154,244,1139,0,1139,서초대로15길
2019,3,A,골목상권,1000868,1219,542,677,51,295,329,188,139,217,25,124,143,96,62,92,26,171,186,92,77,125,817,0,817,사평대로57길
2019,3,A,골목상권,1000867,173,71,102,24,40,17,24,24,44,10,17,7,8,9,20,14,23,10,16,15,24,74,0,74,사평대로26길
2019,3,A,골목상권,1000866,1568,713,855,325,199,229,311,231,273,174,86,95,134,103,121,151,113,134,177,128,152,600,83,517,사평대로22길
2019,3,A,골목상권,1000865,1089,536,553,160,194,217,160,155,203,84,103,111,83,68,87,76,91,106,77,87,116,554,38,516,사임당로17길
2019,3,A,골목상권,1000864,1130,528,602,275,135,158,224,159,179,132,73,75,107,67,74,143,62,83,117,92,105,427,0,427,방배로42길
2019,3,A,골목상권,1000863,1599,754,845,314,212,213,311,237,312,153,103,88,143,122,145,161,109,125,168,115,167,638,0,638,방배로35길
2019,3,A,골목상권,1000862,1646,762,884,204,290,409,236,201,306,115,117,194,108,82,146,89,173,215,128,119,160,830,0,830,방배로18길
2019,3,A,골목상권,1000861,1630,786,844,267,260,235,264,280,324,146,134,123,117,132,134,121,126,112,147,148,190,691,75,616,반포대로9길
2019,3,A,골목상권,1000860,2791,1339,1452,332,457,582,395,418,607,170,221,307,176,190,275,162,236,275,219,228,332,1312,77,1235,바우뫼로39길
2019,3,A,골목상권,1000859,1505,750,755,219,215,325,262,201,283,113,110,172,142,90,123,106,105,153,120,111,160,682,0,682,마방로2길
2019,3,A,골목상권,1000858,1197,528,669,166,215,232,191,175,218,81,70,102,104,66,105,85,145,130,87,109,113,598,0,598,방배천로4안길
2019,3,A,골목상권,1000857,2075,1047,1028,305,303,487,372,276,332,152,159,257,191,133,155,153,144,230,181,143,177,964,0,964,동산로19길
2019,3,A,골목상권,1000856,3519,1748,1771,552,517,723,567,536,624,304,259,366,285,254,280,248,258,357,282,282,344,1514,31,1483,동산로10길
2019,3,A,골목상권,1000855,1674,754,920,295,205,271,302,252,349,150,89,117,130,125,143,145,116,154,172,127,206,740,0,740,동광로39길
2019,3,A,골목상권,1000854,3406,1575,1831,601,515,556,647,544,543,298,245,269,284,249,230,303,270,287,363,295,313,1453,0,1453,동광로1길
2019,3,A,골목상권,1000853,1371,630,741,255,190,189,259,192,286,107,85,91,124,96,127,148,105,98,135,96,159,557,0,557,동광로12길
2019,3,A,골목상권,1000852,1813,866,947,168,275,378,346,265,381,87,142,180,166,125,166,81,133,198,180,140,215,1033,152,881,논현로27길
2019,3,A,골목상권,1000851,3209,1549,1660,535,455,671,593,494,461,263,226,338,286,242,194,272,229,333,307,252,267,1364,0,1364,논현로1길
2019,3,A,골목상권,1000850,1541,764,777,272,194,336,287,201,251,134,95,171,144,103,117,138,99,165,143,98,134,716,0,716,남부순환로339길
2019,3,A,골목상권,1000849,2444,1203,1241,339,369,342,388,440,566,184,188,168,185,219,259,155,181,174,203,221,307,1081,223,858,남부순환로325길
2019,3,A,골목상권,1000848,1741,848,893,349,269,273,310,266,274,190,135,125,149,119,130,159,134,148,161,147,144,669,98,571,남부순환로317길
2019,3,A,골목상권,1000847,1968,925,1043,425,218,308,352,267,398,216,103,139,165,127,175,209,115,169,187,140,223,716,48,668,고무래로8길
2019,3,A,골목상권,1000846,3665,1843,1822,469,618,856,552,520,650,237,314,450,288,245,309,232,304,406,264,275,341,1826,91,1735,강남대로8길
2019,3,A,골목상권,1000845,2613,1245,1368,262,442,679,343,367,520,134,203,364,159,166,219,128,239,315,184,201,301,1357,0,1357,강남대로34길
2019,3,A,골목상권,1000844,1101,545,556,126,176,252,151,152,244,70,83,123,86,62,121,56,93,129,65,90,123,537,0,537,강남대로23길
2019,3,A,골목상권,1000843,709,385,324,31,61,85,141,148,243,22,25,47,82,95,114,9,36,38,59,53,129,523,0,523,소담길
2019,3,A,골목상권,1000842,1352,684,668,154,153,193,188,255,409,77,74,116,110,128,179,77,79,77,78,127,230,660,155,505,원신길
2019,3,A,골목상권,1000841,1787,894,893,183,198,214,262,337,593,89,107,136,143,176,243,94,91,78,119,161,350,900,0,900,양지길
2019,3,A,골목상권,1000840,1578,809,769,126,274,301,252,239,386,65,147,182,146,106,163,61,127,119,106,133,223,901,284,617,양산길
2019,3,A,골목상권,1000839,2712,1682,1030,93,892,697,412,266,352,42,505,486,302,186,161,51,387,211,110,80,191,2211,0,2211,호암로24길
2019,3,A,골목상권,1000838,3095,1978,1117,145,966,726,495,345,418,80,587,510,386,209,206,65,379,216,109,136,212,2317,0,2317,호암로20길
2019,3,A,골목상권,1000837,4876,2395,2481,320,1594,1229,563,449,721,162,730,664,307,209,323,158,864,565,256,240,398,3312,0,3312,행운길
2019,3,A,골목상권,1000836,3312,1668,1644,276,758,635,394,438,811,150,349,341,212,233,383,126,409,294,182,205,428,2037,0,2037,행운1길
2019,3,A,골목상권,1000835,4202,2075,2127,513,526,568,620,703,1272,264,299,306,338,343,525,249,227,262,282,360,747,2091,382,1709,청림3길
2019,3,A,골목상권,1000834,3526,1673,1853,208,1296,757,353,351,561,103,531,412,189,160,278,105,765,345,164,191,283,2530,23,2507,청룡길
2019,3,A,골목상권,1000833,1945,939,1006,193,597,383,231,191,350,97,256,211,123,90,162,96,341,172,108,101,188,1224,0,1224,청룡8길
2019,3,A,골목상권,1000832,3241,1602,1639,305,760,605,432,397,742,160,366,320,238,207,311,145,394,285,194,190,431,1808,143,1665,중앙길
2019,3,A,골목상권,1000831,4364,2209,2155,492,755,748,633,742,994,259,343,422,332,387,466,233,412,326,301,355,528,2389,47,2342,조원중앙로2길
2019,3,A,골목상권,1000830,1778,888,890,135,508,412,216,193,314,69,220,233,128,94,144,66,288,179,88,99,170,1158,0,1158,조원로18길
2019,3,A,골목상권,1000829,1754,907,847,160,295,331,249,291,428,87,134,182,144,159,201,73,161,149,105,132,227,1004,0,1004,조원로10길
2019,3,A,골목상권,1000828,1757,873,884,144,465,380,207,182,379,76,215,208,119,89,166,68,250,172,88,93,213,1094,0,1094,장군봉2길
2019,3,A,골목상권,1000827,857,403,454,86,134,133,96,131,277,49,55,64,53,67,115,37,79,69,43,64,162,525,30,495,장군봉1길
2019,3,A,골목상권,1000826,3008,1435,1573,358,492,563,481,442,672,175,237,278,238,215,292,183,255,285,243,227,380,1409,0,1409,인헌길
2019,3,A,골목상권,1000825,1485,726,759,278,170,258,255,203,321,134,92,125,138,103,134,144,78,133,117,100,187,578,0,578,은천로25길
2019,3,A,골목상권,1000824,4600,2233,2367,358,1190,898,526,610,1018,198,510,482,282,294,467,160,680,416,244,316,551,2698,80,2618,양녕로6길
2019,3,A,골목상권,1000823,2830,1390,1440,207,630,531,351,388,723,98,291,315,204,170,312,109,339,216,147,218,411,1742,0,1742,신원로3길
2019,3,A,골목상권,1000822,1872,952,920,143,494,410,253,207,365,85,227,225,132,111,172,58,267,185,121,96,193,1201,0,1201,신사로20길
2019,3,A,골목상권,1000821,1967,941,1026,56,899,509,178,137,188,28,395,277,91,69,81,28,504,232,87,68,107,1574,0,1574,신림로65길
2019,3,A,골목상권,1000820,1651,887,764,56,620,466,189,154,166,35,276,269,120,100,87,21,344,197,69,54,79,1351,0,1351,신림로64길
2019,3,A,골목상권,1000819,2604,1367,1237,211,674,536,328,386,469,117,350,329,179,181,211,94,324,207,149,205,258,1504,0,1504,신림로48길
2019,3,A,골목상권,1000818,2009,1048,961,187,463,376,287,285,411,100,243,215,170,137,183,87,220,161,117,148,228,1141,0,1141,신림로38길
2019,3,A,골목상권,1000817,2973,1751,1222,244,825,666,428,358,452,131,468,443,275,216,218,113,357,223,153,142,234,2020,56,1964,신림로28길
2019,3,A,골목상권,1000816,4647,2745,1902,335,1310,984,643,607,768,169,775,660,429,355,357,166,535,324,214,252,411,3135,0,3135,신림로11길
2019,3,A,골목상권,1000815,4207,2164,2043,134,1607,1235,494,298,439,65,761,684,301,164,189,69,846,551,193,134,250,3412,0,3412,신림동길
2019,3,A,골목상권,1000814,3158,1503,1655,218,860,864,322,402,492,110,362,455,165,163,248,108,498,409,157,239,244,1849,20,1829,승방길
2019,3,A,골목상권,1000813,4104,2699,1405,220,1467,1036,544,347,490,130,963,737,410,230,229,90,504,299,134,117,261,3181,0,3181,서림7길
2019,3,A,골목상권,1000812,3995,1966,2029,422,745,740,556,544,988,221,352,389,307,258,439,201,393,351,249,286,549,2115,454,1661,봉천로33길
2019,3,A,골목상권,1000811,3807,1892,1915,513,706,638,534,525,891,285,360,341,270,249,387,228,346,297,264,276,504,1830,0,1830,봉천로13길
2019,3,A,골목상권,1000810,4138,2249,1889,394,1011,819,566,555,793,198,557,511,329,289,365,196,454,308,237,266,428,2428,0,2428,복은길
2019,3,A,골목상권,1000809,1325,638,687,196,204,163,205,246,311,96,98,93,98,115,138,100,106,70,107,131,173,601,0,601,법원단지길
2019,3,A,골목상권,1000808,5210,2605,2605,764,810,673,841,951,1171,415,424,356,423,447,540,349,386,317,418,504,631,2139,0,2139,법원단지9길
2019,3,A,골목상권,1000807,4365,2147,2218,608,685,609,670,773,1020,310,337,324,337,363,476,298,348,285,333,410,544,1896,264,1632,미성5길
2019,3,A,골목상권,1000806,1773,1108,665,102,589,360,259,185,278,49,373,252,189,121,124,53,216,108,70,64,154,1317,0,1317,대학길
2019,3,A,골목상권,1000805,2996,2075,921,176,876,602,537,396,409,94,590,445,413,307,226,82,286,157,124,89,183,2356,0,2356,대학14길
2019,3,A,골목상권,1000804,1818,881,937,189,351,288,290,282,418,95,156,159,135,139,197,94,195,129,155,143,221,1000,0,1000,당곡길
2019,3,A,골목상권,1000803,1976,922,1054,240,396,390,269,261,420,111,178,200,126,118,189,129,218,190,143,143,231,968,152,816,남현길
2019,3,A,골목상권,1000802,1610,750,860,113,376,415,198,193,315,56,161,203,100,86,144,57,215,212,98,107,171,998,26,972,남현3길
2019,3,A,골목상권,1000801,2797,1324,1473,241,612,638,350,385,571,126,259,336,188,165,250,115,353,302,162,220,321,1521,0,1521,남현2길
2019,3,A,골목상권,1000800,1646,769,877,159,373,298,228,226,362,76,172,143,114,109,155,83,201,155,114,117,207,899,44,855,남부순환로248길
2019,3,A,골목상권,1000799,1832,920,912,170,458,384,250,188,382,82,232,211,134,89,172,88,226,173,116,99,210,1148,24,1124,남부순환로234길
2019,3,A,골목상권,1000798,2670,1327,1343,288,625,459,388,400,510,144,313,252,188,192,238,144,312,207,200,208,272,1418,153,1265,남부순환로172길
2019,3,A,골목상권,1000797,3899,1968,1931,428,813,673,582,657,746,227,400,378,290,335,338,201,413,295,292,322,408,2063,0,2063,남부순환로161길
2019,3,A,골목상권,1000796,3382,1677,1705,336,804,653,494,481,614,176,380,360,251,224,286,160,424,293,243,257,328,1868,0,1868,남부순환로151길
2019,3,A,골목상권,1000795,3445,1702,1743,402,672,692,485,507,687,187,315,384,258,254,304,215,357,308,227,253,383,1838,274,1564,남부순환로142길
2019,3,A,골목상권,1000794,2621,1375,1246,302,309,269,452,441,848,156,174,157,247,239,402,146,135,112,205,202,446,1351,0,1351,난향길
2019,3,A,골목상권,1000793,2409,1190,1219,394,322,322,384,408,579,188,162,171,192,206,271,206,160,151,192,202,308,1033,0,1033,난우길
2019,3,A,골목상권,1000792,1853,871,982,146,485,397,232,221,372,78,198,210,117,101,167,68,287,187,115,120,205,1170,0,1170,난곡로74길
2019,3,A,골목상권,1000791,2567,1303,1264,334,376,396,387,495,579,187,186,207,206,244,273,147,190,189,181,251,306,1140,0,1140,난곡로34길
2019,3,A,골목상권,1000790,3307,1680,1627,378,506,401,509,646,867,198,253,242,281,325,381,180,253,159,228,321,486,1644,0,1644,난곡로26길
2019,3,A,골목상권,1000789,2463,1296,1167,304,285,323,375,427,749,161,171,179,215,224,346,143,114,144,160,203,403,1159,0,1159,난곡로24길
2019,3,A,골목상권,1000788,5278,2608,2670,523,1592,1218,664,491,790,250,741,666,362,232,357,273,851,552,302,259,433,3333,0,3333,낙성대역길
2019,3,A,골목상권,1000787,5533,2762,2771,817,760,880,905,882,1289,418,403,466,484,405,586,399,357,414,421,477,703,2363,0,2363,국회단지길
2019,3,A,골목상권,1000786,2935,1465,1470,430,316,304,514,480,891,228,164,153,280,240,400,202,152,151,234,240,491,1402,0,1402,구암길
2019,3,A,골목상권,1000785,4339,2127,2212,386,1119,962,549,494,829,180,556,503,296,225,367,206,563,459,253,269,462,2550,0,2550,관천로22길
2019,3,A,골목상권,1000784,4588,2312,2276,549,991,814,677,694,863,280,490,463,360,326,393,269,501,351,317,368,470,2398,0,2398,관천로15길
2019,3,A,골목상권,1000783,2739,1365,1374,440,407,432,420,420,620,220,220,223,205,212,285,220,187,209,215,208,335,1019,290,729,관악로30길
2019,3,A,골목상권,1000782,3096,1532,1564,500,434,453,505,505,699,254,228,225,253,243,329,246,206,228,252,262,370,1116,163,953,관악로28길
2019,3,A,골목상권,1000781,1415,670,745,104,545,283,138,116,229,53,241,143,74,61,98,51,304,140,64,55,131,980,0,980,관악로14길
2019,3,A,골목상권,1000780,4471,2220,2251,505,1331,875,581,469,710,258,612,502,316,222,310,247,719,373,265,247,400,2650,120,2530,관악로10길
2019,3,A,골목상권,1000779,2030,1033,997,195,647,302,228,248,410,101,372,159,114,116,171,94,275,143,114,132,239,1198,230,968,흑석로9길
2019,3,A,골목상권,1000778,655,331,324,77,150,96,82,108,142,33,75,64,42,55,62,44,75,32,40,53,80,329,0,329,흑석로13길
2019,3,A,골목상권,1000777,2335,1233,1102,162,462,364,300,412,635,96,252,221,179,205,280,66,210,143,121,207,355,1386,0,1386,장승배기로27길
2019,3,A,골목상권,1000776,2448,1242,1206,193,344,346,326,470,769,95,178,205,173,245,346,98,166,141,153,225,423,1324,0,1324,장승배기로19길
2019,3,A,골목상권,1000775,383,206,177,36,75,44,54,73,101,19,41,29,25,41,51,17,34,15,29,32,50,212,22,190,장승배기로10길
2019,3,A,골목상권,1000774,2872,1334,1538,686,436,369,625,397,359,291,188,181,303,209,162,395,248,188,322,188,197,1117,171,946,여의대방로46길
2019,3,A,골목상권,1000773,2873,1347,1526,391,520,553,467,407,535,194,223,265,219,202,244,197,297,288,248,205,291,1447,71,1376,여의대방로24길
2019,3,A,골목상권,1000772,3185,1556,1629,354,754,602,460,426,589,191,342,311,217,219,276,163,412,291,243,207,313,1721,0,1721,여의대방로22카길
2019,3,A,골목상권,1000771,2494,1200,1294,377,350,430,417,367,553,195,169,208,211,181,236,182,181,222,206,186,317,1099,198,901,여의대방로22나길
2019,3,A,골목상권,1000770,2387,1170,1217,280,468,468,360,352,459,153,217,241,187,167,205,127,251,227,173,185,254,1262,177,1085,여의대방로22길
2019,3,A,골목상권,1000769,1926,934,992,320,264,297,328,313,404,172,123,147,164,143,185,148,141,150,164,170,219,769,142,627,양녕로26길
2019,3,A,골목상권,1000768,3860,1858,2002,428,560,567,603,657,1045,224,277,296,285,327,449,204,283,271,318,330,596,2197,0,2197,신대방길
2019,3,A,골목상권,1000767,2051,988,1063,266,341,325,330,311,478,139,180,162,166,151,190,127,161,163,164,160,288,975,0,975,성대로29길
2019,3,A,골목상권,1000766,1125,554,571,95,247,250,127,174,232,46,115,121,69,99,104,49,132,129,58,75,128,713,0,713,성대로1길
2019,3,A,골목상권,1000765,630,305,325,68,106,61,85,111,199,31,57,33,44,61,79,37,49,28,41,50,120,333,0,333,서달로8가길
2019,3,A,골목상권,1000764,363,191,172,31,54,53,43,57,125,14,30,32,30,31,54,17,24,21,13,26,71,228,0,228,서달로15길
2019,3,A,골목상권,1000763,380,176,204,37,65,47,36,77,118,16,33,22,22,35,48,21,32,25,14,42,70,200,0,200,서달로14길
2019,3,A,골목상권,1000762,1747,829,918,183,273,237,251,310,493,93,133,118,137,152,196,90,140,119,114,158,297,866,0,866,서달로10길
2019,3,A,골목상권,1000761,2947,1430,1517,363,909,561,376,288,450,178,446,267,192,141,206,185,463,294,184,147,244,1702,130,1572,상도로62길
2019,3,A,골목상권,1000760,2305,1191,1114,234,724,385,278,267,417,121,421,200,140,117,192,113,303,185,138,150,225,1287,274,1013,상도로61길
2019,3,A,골목상권,1000759,3944,1988,1956,488,1231,559,485,440,741,242,710,286,228,198,324,246,521,273,257,242,417,2157,49,2108,상도로47길
2019,3,A,골목상권,1000758,1330,639,691,176,362,241,160,146,245,81,175,127,84,66,106,95,187,114,76,80,139,713,0,713,상도로37길
2019,3,A,골목상권,1000757,3901,1890,2011,356,881,804,504,548,808,175,431,412,259,268,345,181,450,392,245,280,463,2191,0,2191,상도로15길
2019,3,A,골목상권,1000756,2608,1233,1375,258,488,514,378,397,573,134,222,261,192,185,239,124,266,253,186,212,334,1295,0,1295,사당로8길
2019,3,A,골목상권,1000755,1022,484,538,60,231,247,131,115,238,39,107,122,73,46,97,21,124,125,58,69,141,628,0,628,사당로30길
2019,3,A,골목상권,1000754,3211,1554,1657,471,505,553,518,465,699,261,232,276,254,213,318,210,273,277,264,252,381,1531,230,1301,사당로2차길
2019,3,A,골목상권,1000753,2570,1227,1343,239,508,453,350,441,579,115,255,223,173,218,243,124,253,230,177,223,336,1363,0,1363,사당로29길
2019,3,A,골목상권,1000752,2886,1392,1494,274,630,638,343,391,610,146,298,334,159,184,271,128,332,304,184,207,339,1600,0,1600,사당로26길
2019,3,A,골목상권,1000751,1000,497,503,113,143,145,157,165,277,59,72,82,86,78,120,54,71,63,71,87,157,476,0,476,사당로23나길
2019,3,A,골목상권,1000750,1509,721,788,307,178,281,242,224,277,162,74,126,125,107,127,145,104,155,117,117,150,512,503,9,사당로23길
2019,3,A,골목상권,1000749,2722,1296,1426,258,575,563,377,367,582,122,267,301,194,158,254,136,308,262,183,209,328,1476,0,1476,사당로20길
2019,3,A,골목상권,1000748,3461,1649,1812,378,499,584,552,490,958,182,237,307,293,221,409,196,262,277,259,269,549,1703,68,1635,사당로16길
2019,3,A,골목상권,1000747,2263,1079,1184,237,475,404,318,310,519,113,214,208,168,147,229,124,261,196,150,163,290,1140,0,1140,사당로16가길
2019,3,A,골목상권,1000746,3617,1847,1770,520,711,639,463,486,798,270,405,368,240,208,356,250,306,271,223,278,442,1719,593,1126,만양로8길
2019,3,A,골목상권,1000745,921,559,362,38,379,201,87,70,146,22,247,141,63,32,54,16,132,60,24,38,92,711,0,711,만양로14길
2019,3,A,골목상권,1000744,1918,967,951,195,332,325,245,328,493,105,181,176,131,160,214,90,151,149,114,168,279,1008,133,875,등용로14길
2019,3,A,골목상권,1000743,3443,1644,1799,216,893,745,384,474,731,117,389,364,208,227,339,99,504,381,176,247,392,2078,64,2014,동작대로7길
2019,3,A,골목상권,1000742,2600,1304,1296,315,344,433,391,418,699,170,177,234,208,197,318,145,167,199,183,221,381,1149,24,1125,동작대로35길
2019,3,A,골목상권,1000741,2635,1255,1380,229,422,456,387,394,747,125,203,227,190,170,340,104,219,229,197,224,407,1427,18,1409,동작대로33길
2019,3,A,골목상권,1000740,860,427,433,98,144,136,106,128,248,52,80,71,53,58,113,46,64,65,53,70,135,350,148,202,동작대로29길
2019,3,A,골목상권,1000739,2411,1122,1289,177,471,505,343,336,579,89,199,223,182,153,276,88,272,282,161,183,303,1492,0,1492,동작대로17길
2019,3,A,골목상권,1000738,3564,1596,1968,476,847,672,520,469,580,257,336,281,249,213,260,219,511,391,271,256,320,1805,0,1805,대방동2길
2019,3,A,골목상권,1000737,4113,2061,2052,749,746,692,757,564,605,409,360,354,376,293,269,340,386,338,381,271,336,1902,0,1902,대방동27길
2019,3,A,골목상권,1000736,3231,1625,1606,311,547,442,445,676,810,163,273,257,238,324,370,148,274,185,207,352,440,1619,18,1601,노량진로6길
2019,3,A,골목상권,1000735,3937,1880,2057,511,716,792,552,522,844,249,326,410,292,241,362,262,390,382,260,281,482,1993,0,1993,국사봉길
2019,3,A,골목상권,1000734,1413,632,781,140,366,324,194,151,238,79,137,145,84,77,110,61,229,179,110,74,128,828,0,828,국사봉2길
2019,3,A,골목상권,1000733,3340,1573,1767,321,591,624,503,505,796,158,263,322,247,234,349,163,328,302,256,271,447,1851,0,1851,국사봉1길
2019,3,A,골목상권,1000732,2590,1342,1248,219,339,442,347,502,741,109,191,236,184,257,365,110,148,206,163,245,376,1456,69,1387,영신로9길
2019,3,A,골목상권,1000731,2665,1348,1317,191,570,496,394,405,609,95,259,285,215,220,274,96,311,211,179,185,335,1740,14,1726,영등포로84길
2019,3,A,골목상권,1000730,2232,1160,1072,209,377,353,324,382,587,117,185,212,183,210,253,92,192,141,141,172,334,1270,0,1270,영등포로80길
2019,3,A,골목상권,1000729,1623,849,774,134,266,341,236,240,406,62,147,198,135,120,187,72,119,143,101,120,219,955,21,934,영등포로62길
2019,3,A,골목상권,1000728,1332,764,568,76,323,285,167,197,284,40,159,169,107,128,161,36,164,116,60,69,123,957,0,957,영등포로35길
2019,3,A,골목상권,1000727,1825,1003,822,147,327,373,254,299,425,74,165,233,152,173,206,73,162,140,102,126,219,1120,0,1120,영등포로27길
2019,3,A,골목상권,1000726,1829,930,899,131,394,370,229,283,422,63,191,201,138,144,193,68,203,169,91,139,229,1125,0,1125,영등포로25길
2019,3,A,골목상권,1000725,2311,1165,1146,219,324,444,362,376,586,104,160,259,182,200,260,115,164,185,180,176,326,1248,411,837,여의대방로61길
2019,3,A,골목상권,1000724,3542,1773,1769,436,514,519,530,641,902,241,264,280,272,313,403,195,250,239,258,328,499,1643,746,897,여의대방로43나길
2019,3,A,골목상권,1000723,371,173,198,28,74,64,43,61,101,15,29,30,21,31,47,13,45,34,22,30,54,222,0,222,여의대방로39길
2019,3,A,골목상권,1000722,1533,795,738,173,242,218,241,243,416,90,123,119,130,128,205,83,119,99,111,115,211,766,0,766,여의대방로35길
2019,3,A,골목상권,1000721,4135,2106,2029,593,690,1103,610,509,630,310,323,602,315,250,306,283,367,501,295,259,324,1877,631,1246,양평로28길
2019,3,A,골목상권,1000720,1552,760,792,204,265,486,245,154,198,117,98,257,133,75,80,87,167,229,112,79,118,825,165,660,양평로22라길
2019,3,A,골목상권,1000719,3234,1627,1607,567,466,620,530,455,596,297,229,324,278,230,269,270,237,296,252,225,327,1251,626,625,양평로19길
2019,3,A,골목상권,1000718,2997,1487,1510,318,364,403,449,532,931,166,173,216,231,275,426,152,191,187,218,257,505,1474,0,1474,신길로60길
2019,3,A,골목상권,1000717,2737,1382,1355,297,366,304,418,536,816,152,192,175,227,278,358,145,174,129,191,258,458,1292,80,1212,신길로42길
2019,3,A,골목상권,1000716,3964,1929,2035,503,539,445,642,732,1103,265,280,243,320,348,473,238,259,202,322,384,630,1902,250,1652,신길로42가길
2019,3,A,골목상권,1000715,1984,1008,976,236,257,213,318,396,564,125,147,119,167,201,249,111,110,94,151,195,315,1060,0,1060,신길로39길
2019,3,A,골목상권,1000714,2428,1173,1255,211,383,315,344,458,717,106,210,176,162,213,306,105,173,139,182,245,411,1263,0,1263,신길로17길
2019,3,A,골목상권,1000713,982,506,476,130,117,158,150,150,277,73,60,87,87,70,129,57,57,71,63,80,148,442,0,442,선유서로28길
2019,3,A,골목상권,1000712,3395,1761,1634,385,556,817,519,457,661,202,271,450,293,251,294,183,285,367,226,206,367,1810,591,1219,선유서로25길
2019,3,A,골목상권,1000711,1294,670,624,114,134,148,175,237,486,58,87,93,101,127,204,56,47,55,74,110,282,735,0,735,선유서로24길
2019,3,A,골목상권,1000710,2921,1438,1483,208,719,756,357,354,527,107,282,400,193,206,250,101,437,356,164,148,277,1881,20,1861,선유로55길
2019,3,A,골목상권,1000709,81,74,7,61,4,4,5,2,5,60,3,3,4,0,4,1,1,1,1,2,1,13,0,13,디지털로74길
2019,3,A,골목상권,1000708,1463,703,760,133,143,165,256,276,490,73,72,80,125,146,207,60,71,85,131,130,283,868,0,868,디지털로57길
2019,3,A,골목상권,1000707,1343,649,694,141,121,128,218,244,491,72,65,63,105,123,221,69,56,65,113,121,270,725,0,725,디지털로37길
2019,3,A,골목상권,1000706,1876,927,949,231,278,270,288,291,518,115,154,148,141,136,233,116,124,122,147,155,285,910,0,910,도신로62길
2019,3,A,골목상권,1000705,800,408,392,87,118,108,108,131,248,46,65,60,57,61,119,41,53,48,51,70,129,433,0,433,도신로60길
2019,3,A,골목상권,1000704,1619,818,801,205,217,243,265,292,397,118,109,132,129,154,176,87,108,111,136,138,221,748,84,664,도신로29길
2019,3,A,골목상권,1000703,3610,1795,1815,332,680,728,514,567,789,180,304,379,275,290,367,152,376,349,239,277,422,1865,12,1853,도신로15길
2019,3,A,골목상권,1000702,2485,1224,1261,244,434,466,338,403,600,107,216,259,163,197,282,137,218,207,175,206,318,1362,0,1362,도림천로21길
2019,3,A,골목상권,1000701,602,306,296,89,76,80,98,115,144,39,43,44,50,58,72,50,33,36,48,57,72,270,0,270,도림로63길
2019,3,A,골목상권,1000700,341,187,154,15,42,50,34,58,142,9,25,23,26,34,70,6,17,27,8,24,72,203,0,203,도림로147길
2019,3,A,골목상권,1000699,2249,1171,1078,233,271,307,355,431,652,127,150,165,195,236,298,106,121,142,160,195,354,1134,0,1134,도림로112길
2019,3,A,골목상권,1000698,3025,1503,1522,299,492,388,464,496,886,159,235,212,234,258,405,140,257,176,230,238,481,1630,0,1630,대림로8길
2019,3,A,골목상권,1000697,1057,512,545,100,140,130,149,211,327,53,61,76,68,104,150,47,79,54,81,107,177,566,0,566,대림로7길
2019,3,A,골목상권,1000696,2339,1224,1115,338,341,292,402,473,493,185,187,161,206,251,234,153,154,131,196,222,259,1017,58,959,대림로44길
2019,3,A,골목상권,1000695,2843,1458,1385,418,404,320,451,560,690,221,216,184,224,285,328,197,188,136,227,275,362,1214,134,1080,대림로34길
2019,3,A,골목상권,1000694,2369,1214,1155,242,282,317,421,467,640,133,130,175,233,250,293,109,152,142,188,217,347,1262,172,1090,대림로31길
2019,3,A,골목상권,1000693,1876,974,902,156,243,257,310,358,552,82,130,148,169,200,245,74,113,109,141,158,307,1137,0,1137,대림로29길
2019,3,A,골목상권,1000692,4346,2194,2152,522,626,482,676,846,1194,274,336,261,336,440,547,248,290,221,340,406,647,1939,791,1148,대림로22길
2019,3,A,골목상권,1000691,2217,1111,1106,143,580,510,261,288,435,70,261,288,140,153,199,73,319,222,121,135,236,1374,0,1374,당산로46길
2019,3,A,골목상권,1000690,1801,818,983,134,603,491,196,175,202,57,231,272,93,75,90,77,372,219,103,100,112,1253,0,1253,당산로38길
2019,3,A,골목상권,1000689,1331,628,703,130,177,244,183,214,383,62,78,118,100,116,154,68,99,126,83,98,229,786,587,199,당산로37길
2019,3,A,골목상권,1000688,981,503,478,99,196,236,130,129,191,57,91,120,72,71,92,42,105,116,58,58,99,571,95,476,당산로31길
2019,3,A,골목상권,1000687,2712,1612,1100,108,839,947,298,212,308,53,431,632,200,139,157,55,408,315,98,73,151,2129,270,1859,국회대로56길
2019,3,A,골목상권,1000686,141,108,33,1,7,8,19,37,69,0,4,5,18,30,51,1,3,3,1,7,18,126,0,126,경인로90길
2019,3,A,골목상권,1000685,152,88,64,6,11,25,24,28,58,2,8,19,18,16,25,4,3,6,6,12,33,74,0,74,경인로80길
2019,3,A,골목상권,1000684,269,163,106,7,48,47,28,52,87,3,32,30,20,34,44,4,16,17,8,18,43,198,0,198,경인로77길
2019,3,A,골목상권,1000683,1912,971,941,218,275,207,292,377,543,118,147,114,152,196,244,100,128,93,140,181,299,896,0,896,가마산로61길
2019,3,A,골목상권,1000682,3748,1915,1833,459,598,567,539,733,852,230,324,323,261,367,410,229,274,244,278,366,442,1825,19,1806,시흥대로94길
2019,3,A,골목상권,1000681,5951,3031,2920,717,908,828,867,1225,1406,399,483,445,438,599,667,318,425,383,429,626,739,2696,68,2628,시흥대로84길
2019,3,A,골목상권,1000680,2653,1364,1289,313,374,341,405,525,695,172,201,197,216,263,315,141,173,144,189,262,380,1288,0,1288,시흥대로68길
2019,3,A,골목상권,1000679,1584,783,801,176,219,273,239,296,381,84,111,141,125,141,181,92,108,132,114,155,200,801,390,411,시흥대로63길
2019,3,A,골목상권,1000678,3026,1521,1505,374,411,386,471,611,773,196,231,212,240,300,342,178,180,174,231,311,431,1456,0,1456,시흥대로62가길
2019,3,A,골목상권,1000677,1984,1017,967,280,253,299,299,368,485,141,134,169,165,188,220,139,119,130,134,180,265,841,71,770,시흥대로36길
2019,3,A,골목상권,1000676,3530,1762,1768,503,477,509,521,598,922,251,250,285,270,286,420,252,227,224,251,312,502,1347,205,1142,시흥대로22길
2019,3,A,골목상권,1000675,1824,1020,804,144,418,407,209,303,343,76,233,250,121,164,176,68,185,157,88,139,167,1154,66,1088,시흥대로153길
2019,3,A,골목상권,1000674,4814,2437,2377,574,731,777,701,866,1165,297,372,423,355,444,546,277,359,354,346,422,619,2229,344,1885,시흥대로150길
2019,3,A,골목상권,1000673,2252,1241,1011,148,533,427,288,398,458,70,267,255,171,235,243,78,266,172,117,163,215,1536,0,1536,시흥대로141길
2019,3,A,골목상권,1000672,576,310,266,61,55,78,86,118,178,35,35,49,41,60,90,26,20,29,45,58,88,298,25,273,시흥대로138길
2019,3,A,골목상권,1000671,3305,1662,1643,371,512,447,485,698,792,195,258,239,247,357,366,176,254,208,238,341,426,1552,34,1518,시흥대로120길
2019,3,A,골목상권,1000670,1055,573,482,73,152,176,150,209,295,41,83,106,86,118,139,32,69,70,64,91,156,649,0,649,벚꽃로56길
2019,3,A,골목상권,1000669,1258,674,584,118,229,270,211,193,237,62,115,164,118,101,114,56,114,106,93,92,123,688,190,498,범안로17길
2019,3,A,골목상권,1000668,1269,724,545,73,392,425,157,104,118,31,203,266,101,61,62,42,189,159,56,43,56,970,154,816,범안로11길
2019,3,A,골목상권,1000667,3269,1649,1620,333,519,506,488,622,801,160,262,282,267,297,381,173,257,224,221,325,420,1632,53,1579,문성로5길
2019,3,A,골목상권,1000666,649,318,331,80,89,86,107,140,147,35,53,46,55,69,60,45,36,40,52,71,87,307,0,307,독산로85길
2019,3,A,골목상권,1000665,3279,1656,1623,426,479,410,493,648,823,212,259,226,244,327,388,214,220,184,249,321,435,1472,56,1416,독산로78다길
2019,3,A,골목상권,1000664,2598,1316,1282,261,317,300,450,601,669,128,159,168,221,338,302,133,158,132,229,263,367,1452,0,1452,독산로70길
2019,3,A,골목상권,1000663,2243,1139,1104,263,317,281,350,489,543,135,177,149,184,252,242,128,140,132,166,237,301,1057,0,1057,독산로64길
2019,3,A,골목상권,1000662,2130,1070,1060,323,315,278,317,384,513,173,165,141,156,185,250,150,150,137,161,199,263,760,246,514,독산로50길
2019,3,A,골목상권,1000661,2632,1302,1330,393,321,385,408,486,639,191,180,209,207,224,291,202,141,176,201,262,348,1149,69,1080,독산로40길
2019,3,A,골목상권,1000660,1910,988,922,190,322,300,305,392,401,101,156,182,148,210,191,89,166,118,157,182,210,1012,12,1000,독산로108길
2019,3,A,골목상권,1000659,2288,1372,916,96,694,499,290,355,354,42,377,331,199,219,204,54,317,168,91,136,150,1748,0,1748,남부순환로112길
2019,3,A,골목상권,1000658,4338,2190,2148,574,576,463,696,828,1201,287,318,257,361,430,537,287,258,206,335,398,664,2010,0,2010,금하로24길
2019,3,A,골목상권,1000657,1965,991,974,272,273,245,345,360,470,133,138,147,171,184,218,139,135,98,174,176,252,956,0,956,금하로1길
2019,3,A,골목상권,1000656,1753,865,888,215,264,249,262,311,452,97,131,139,129,157,212,118,133,110,133,154,240,836,123,713,금하로14길
2019,3,A,골목상권,1000655,3281,1909,1372,275,846,886,422,391,461,148,460,564,265,230,242,127,386,322,157,161,219,2154,214,1940,가산로5길
2019,3,A,골목상권,1000654,1060,668,392,62,287,322,146,133,110,27,168,227,108,82,56,35,119,95,38,51,54,776,0,776,가산로3길
2019,3,A,골목상권,1000653,1102,568,534,156,184,168,159,180,255,88,99,87,88,88,118,68,85,81,71,92,137,461,181,280,중앙로1길
2019,3,A,골목상권,1000652,1606,819,787,241,211,251,224,263,416,123,124,132,131,123,186,118,87,119,93,140,230,643,98,545,중앙로15길
2019,3,A,골목상권,1000651,830,469,361,50,102,67,105,242,264,24,57,37,67,141,143,26,45,30,38,101,121,514,0,514,우마길
2019,3,A,골목상권,1000650,2099,1053,1046,257,281,261,293,332,675,142,151,155,152,171,282,115,130,106,141,161,393,1065,0,1065,오류로8길
2019,3,A,골목상권,1000649,517,258,259,50,64,54,72,107,170,15,37,26,41,57,82,35,27,28,31,50,88,259,0,259,신도림로13길
2019,3,A,골목상권,1000648,2823,1373,1450,358,436,608,374,402,645,184,200,299,190,191,309,174,236,309,184,211,336,1324,305,1019,새말로18길
2019,3,A,골목상권,1000647,1428,716,712,188,166,266,219,206,383,110,76,126,126,103,175,78,90,140,93,103,208,601,64,537,부일로1길
2019,3,A,골목상권,1000646,1686,825,861,265,225,223,301,262,410,130,117,105,162,130,181,135,108,118,139,132,229,734,9,725,부일로15길
2019,3,A,골목상권,1000645,2639,1349,1290,411,374,333,433,474,614,234,211,176,201,229,298,177,163,157,232,245,316,1067,0,1067,부일로11길
2019,3,A,골목상권,1000644,1500,822,678,40,482,527,207,131,113,19,203,323,129,85,63,21,279,204,78,46,50,1293,0,1293,디지털로32길
2019,3,A,골목상권,1000643,4723,2583,2140,107,1823,1708,499,266,320,54,850,1026,331,161,161,53,973,682,168,105,159,4074,94,3980,디지털로32가길
2019,3,A,골목상권,1000642,1190,637,553,128,108,140,191,231,392,59,57,81,113,141,186,69,51,59,78,90,206,629,0,629,디지털로27길
2019,3,A,골목상권,1000641,1410,727,683,154,166,170,218,281,421,79,91,99,128,148,182,75,75,71,90,133,239,701,0,701,도림로6길
2019,3,A,골목상권,1000640,2165,1027,1138,279,258,287,344,379,618,141,133,142,175,177,259,138,125,145,169,202,359,971,0,971,도림로12길
2019,3,A,골목상권,1000639,1287,608,679,206,126,220,175,163,397,95,64,110,87,60,192,111,62,110,88,103,205,480,448,32,남부순환로97길
2019,3,A,골목상권,1000638,2694,1307,1387,274,311,345,392,530,842,137,155,173,198,246,398,137,156,172,194,284,444,1282,0,1282,구로중앙로8길
2019,3,A,골목상권,1000637,673,350,323,63,47,76,96,123,268,38,25,37,58,64,128,25,22,39,38,59,140,356,0,356,구로중앙로7길
2019,3,A,골목상권,1000636,922,500,422,113,123,127,147,158,254,53,79,77,86,87,118,60,44,50,61,71,136,430,0,430,구로중앙로42길
2019,3,A,골목상권,1000635,1131,586,545,115,166,133,167,226,324,56,97,88,80,116,149,59,69,45,87,110,175,566,21,545,구로중앙로34길
2019,3,A,골목상권,1000634,3257,1612,1645,387,503,555,523,574,715,176,213,299,281,307,336,211,290,256,242,267,379,1701,322,1379,구로중앙로28길
2019,3,A,골목상권,1000633,870,412,458,107,96,107,135,168,257,53,40,56,65,88,110,54,56,51,70,80,147,438,0,438,구로중앙로19길
2019,3,A,골목상권,1000632,6114,3070,3044,690,804,691,945,1179,1805,364,491,376,478,550,811,326,313,315,467,629,994,2689,0,2689,구로동로8길
2019,3,A,골목상권,1000631,2646,1414,1232,264,330,290,408,537,817,150,203,161,227,295,378,114,127,129,181,242,439,1327,0,1327,구로동로7길
2019,3,A,골목상권,1000630,1936,948,988,238,229,204,324,364,577,119,109,101,171,201,247,119,120,103,153,163,330,920,0,920,구로동로42길
2019,3,A,골목상권,1000629,2508,1301,1207,319,315,309,407,486,672,162,172,174,220,265,308,157,143,135,187,221,364,1205,0,1205,구로동로41길
2019,3,A,골목상권,1000628,1903,940,963,215,224,191,282,388,603,100,125,102,146,208,259,115,99,89,136,180,344,948,0,948,구로동로38길
2019,3,A,골목상권,1000627,2031,1023,1008,221,238,210,350,377,635,115,121,113,175,208,291,106,117,97,175,169,344,1125,43,1082,구로동로28길
2019,3,A,골목상권,1000626,982,507,475,96,110,99,126,215,336,48,69,59,62,112,157,48,41,40,64,103,179,527,0,527,구로동로15길
2019,3,A,골목상권,1000625,2119,931,1188,187,637,521,254,224,296,89,204,252,133,115,138,98,433,269,121,109,158,1380,110,1270,공원로6가길
2019,3,A,골목상권,1000624,3170,1579,1591,527,412,471,513,551,696,263,217,245,259,270,325,264,195,226,254,281,371,1272,636,636,고척로52길
2019,3,A,골목상권,1000623,4462,2211,2251,646,659,534,708,855,1060,323,356,267,345,424,496,323,303,267,363,431,564,1971,0,1971,고척로27다길
2019,3,A,골목상권,1000622,2513,1286,1227,341,353,332,384,460,643,171,197,172,197,246,303,170,156,160,187,214,340,1147,0,1147,고척로27길
2019,3,A,골목상권,1000621,2594,1345,1249,364,324,332,423,467,684,190,185,182,231,242,315,174,139,150,192,225,369,1211,0,1211,고척로21나길
2019,3,A,골목상권,1000620,2030,1002,1028,288,311,270,301,358,502,126,160,138,161,179,238,162,151,132,140,179,264,858,362,496,경인로47길
2019,3,A,골목상권,1000619,3027,1562,1465,321,395,337,423,599,952,167,199,185,237,307,467,154,196,152,186,292,485,1470,0,1470,경인로35길
2019,3,A,골목상권,1000618,1833,957,876,167,229,217,284,403,533,76,125,119,175,217,245,91,104,98,109,186,288,1043,0,1043,경인로31길
2019,3,A,골목상권,1000617,3435,1716,1719,439,457,492,529,576,942,215,241,259,284,273,444,224,216,233,245,303,498,1527,0,1527,경인로15길
2019,3,A,골목상권,1000616,2996,1467,1529,421,405,479,494,497,700,206,209,261,252,238,301,215,196,218,242,259,399,1292,245,1047,개봉로3길
2019,3,A,골목상권,1000615,2287,1086,1201,367,286,409,363,339,523,175,138,211,175,158,229,192,148,198,188,181,294,986,0,986,개봉로2길
2019,3,A,골목상권,1000614,2487,1224,1263,308,278,485,377,352,687,139,134,258,211,163,319,169,144,227,166,189,368,1117,366,751,개봉로23가길
2019,3,A,골목상권,1000613,3693,1760,1933,623,450,610,543,556,911,309,215,277,280,244,435,314,235,333,263,312,476,1312,781,531,개봉로20길
2019,3,A,골목상권,1000612,2206,1109,1097,312,291,372,364,338,529,160,152,204,183,168,242,152,139,168,181,170,287,926,134,792,개봉로1길
2019,3,A,골목상권,1000611,3350,1670,1680,449,478,533,497,561,832,220,270,262,254,281,383,229,208,271,243,280,449,1500,189,1311,개봉로17다길
2019,3,A,골목상권,1000610,5679,2781,2898,868,820,860,916,999,1216,463,419,427,470,474,528,405,401,433,446,525,688,2272,0,2272,개봉로17길
2019,3,A,골목상권,1000609,5293,2602,2691,775,757,767,834,896,1264,399,388,393,420,421,581,376,369,374,414,475,683,2179,0,2179,개봉로11길
2019,3,A,골목상권,1000608,4287,2046,2241,510,917,1060,596,532,672,288,339,533,299,273,314,222,578,527,297,259,358,2362,485,1877,화곡로64길
2019,3,A,골목상권,1000607,2633,1276,1357,406,414,437,410,496,470,214,220,206,185,239,212,192,194,231,225,257,258,1001,414,587,화곡로59길
2019,3,A,골목상권,1000606,3088,1543,1545,439,473,607,490,484,595,235,222,330,253,215,288,204,251,277,237,269,307,1487,42,1445,화곡로44나길
2019,3,A,골목상권,1000605,3946,1901,2045,392,641,719,520,643,1031,202,324,375,245,285,470,190,317,344,275,358,561,1897,22,1875,화곡로31길
2019,3,A,골목상권,1000604,3353,1684,1669,476,455,613,506,532,771,247,230,318,284,244,361,229,225,295,222,288,410,1473,89,1384,화곡로20길
2019,3,A,골목상권,1000603,3440,1659,1781,545,499,549,584,535,728,287,250,273,277,256,316,258,249,276,307,279,412,1411,115,1296,화곡로13길
2019,3,A,골목상권,1000602,3533,1798,1735,422,522,489,474,634,992,225,272,273,256,299,473,197,250,216,218,335,519,1627,22,1605,초원로16길
2019,3,A,골목상권,1000601,4948,2440,2508,934,700,948,863,686,817,498,356,496,434,307,349,436,344,452,429,379,468,2025,95,1930,초록마을로8길
2019,3,A,골목상권,1000600,2874,1476,1398,219,627,772,474,330,452,101,305,440,264,171,195,118,322,332,210,159,257,1869,0,1869,초록마을로3길
2019,3,A,골목상권,1000599,2545,1333,1212,175,526,720,375,331,418,78,246,408,229,170,202,97,280,312,146,161,216,1588,43,1545,월정로20길
2019,3,A,골목상권,1000598,5368,2557,2811,1272,714,690,1117,795,780,596,346,326,523,399,367,676,368,364,594,396,413,1869,478,1391,우장산로6길
2019,3,A,골목상권,1000597,2749,1426,1323,708,319,493,583,331,315,400,156,244,295,178,153,308,163,249,288,153,162,1005,322,683,양천로73가길
2019,3,A,골목상권,1000596,6658,3249,3409,1750,753,928,1430,919,878,852,398,418,720,451,410,898,355,510,710,468,468,2069,1949,120,양천로71길
2019,3,A,골목상권,1000595,1311,677,634,152,246,346,172,173,222,88,100,205,97,84,103,64,146,141,75,89,119,635,0,635,양천로49길
2019,3,A,골목상권,1000594,2015,967,1048,417,217,355,354,294,378,203,116,165,173,149,161,214,101,190,181,145,217,720,238,482,양천로26길
2019,3,A,골목상권,1000593,3790,1931,1859,574,497,680,529,567,943,327,260,348,289,263,444,247,237,332,240,304,499,1583,450,1133,양천로24길
2019,3,A,골목상권,1000592,2885,1440,1445,480,367,455,491,460,632,244,191,237,249,231,288,236,176,218,242,229,344,1180,217,963,양천로24가길
2019,3,A,골목상권,1000591,4264,2097,2167,743,567,648,638,696,972,386,290,335,333,310,443,357,277,313,305,386,529,1574,556,1018,양천로14길
2019,3,A,골목상권,1000590,2362,1221,1141,305,304,369,457,383,544,168,143,204,253,207,246,137,161,165,204,176,298,1137,0,1137,방화대로6라길
2019,3,A,골목상권,1000589,2475,1257,1218,308,395,397,317,432,626,160,192,242,160,214,289,148,203,155,157,218,337,1224,44,1180,방화대로21길
2019,3,A,골목상권,1000588,1439,677,762,173,214,267,194,242,349,90,104,130,97,102,154,83,110,137,97,140,195,634,49,585,등촌로5길
2019,3,A,골목상권,1000587,2958,1423,1535,419,505,740,445,379,470,219,230,386,213,160,215,200,275,354,232,219,255,1353,0,1353,등촌로55길
2019,3,A,골목상권,1000586,2072,1030,1042,310,345,310,283,356,468,160,197,150,135,164,224,150,148,160,148,192,244,776,236,540,등촌로51길
2019,3,A,골목상권,1000585,3389,1696,1693,565,519,620,509,554,622,297,263,335,255,270,276,268,256,285,254,284,346,1358,100,1258,등촌로39길
2019,3,A,골목상권,1000584,3936,1944,1992,554,553,787,609,636,797,290,280,424,292,300,358,264,273,363,317,336,439,1668,159,1509,등촌로13길
2019,3,A,골목상권,1000583,4071,2135,1936,607,537,820,694,630,783,320,273,454,387,338,363,287,264,366,307,292,420,1950,109,1841,남부순환로11길
2019,3,A,골목상권,1000582,4286,2071,2215,767,585,789,753,590,802,403,280,411,376,268,333,364,305,378,377,322,469,1737,0,1737,까치산로4길
2019,3,A,골목상권,1000581,2331,1124,1207,249,310,433,325,402,612,108,176,230,168,175,267,141,134,203,157,227,345,1055,108,947,국회대로7길
2019,3,A,골목상권,1000580,3118,1603,1515,360,559,549,451,451,748,184,295,303,255,212,354,176,264,246,196,239,394,1633,0,1633,공항대로8길
2019,3,A,골목상권,1000579,2010,994,1016,377,275,395,375,266,322,191,141,193,193,130,146,186,134,202,182,136,176,796,338,458,공항대로61길
2019,3,A,골목상권,1000578,3109,1524,1585,499,516,579,470,484,561,274,247,277,221,238,267,225,269,302,249,246,294,1314,464,850,공항대로59다길
2019,3,A,골목상권,1000577,2216,1033,1183,175,502,586,311,295,347,88,195,282,161,147,160,87,307,304,150,148,187,1314,0,1314,공항대로59길
2019,3,A,골목상권,1000576,1756,879,877,274,274,323,244,285,356,151,133,176,119,139,161,123,141,147,125,146,195,745,0,745,공항대로55길
2019,3,A,골목상권,1000575,1139,564,575,236,143,173,229,177,181,118,75,94,100,93,84,118,68,79,129,84,97,434,18,416,공항대로42길
2019,3,A,골목상권,1000574,382,182,200,63,61,80,62,63,53,32,28,41,32,29,20,31,33,39,30,34,33,176,0,176,공항대로38길
2019,3,A,골목상권,1000573,1988,980,1008,177,303,406,274,333,495,96,165,207,140,144,228,81,138,199,134,189,267,1028,0,1028,곰달래로60길
2019,3,A,골목상권,1000572,3732,1840,1892,605,508,583,673,591,772,306,263,317,324,296,334,299,245,266,349,295,438,1527,106,1421,곰달래로53길
2019,3,A,골목상권,1000571,4075,1989,2086,714,552,712,733,626,738,336,295,373,363,290,332,378,257,339,370,336,406,1645,20,1625,곰달래로47길
2019,3,A,골목상권,1000570,3131,1483,1648,646,406,582,556,398,543,336,196,266,274,167,244,310,210,316,282,231,299,1217,21,1196,곰달래로31길
2019,3,A,골목상권,1000569,2962,1390,1572,398,384,526,490,461,703,190,183,253,255,202,307,208,201,273,235,259,396,1402,0,1402,곰달래로25길
2019,3,A,골목상권,1000568,2386,1207,1179,186,657,467,301,317,458,90,293,277,171,164,212,96,364,190,130,153,246,1499,27,1472,개화동로25길
2019,3,A,골목상권,1000567,3884,1937,1947,451,452,507,583,745,1146,232,236,274,298,369,528,219,216,233,285,376,618,1934,0,1934,개화동로23길
2019,3,A,골목상권,1000566,3410,1686,1724,445,447,633,543,471,871,226,209,347,281,213,410,219,238,286,262,258,461,1583,148,1435,강서로8길
2019,3,A,골목상권,1000565,2805,1383,1422,419,358,529,438,439,622,215,175,288,231,200,274,204,183,241,207,239,348,1243,56,1187,강서로5라길
2019,3,A,골목상권,1000564,2911,1452,1459,208,681,783,379,328,532,101,300,428,213,154,256,107,381,355,166,174,276,1840,342,1498,강서로5나길
2019,3,A,골목상권,1000563,2094,1055,1039,167,396,517,307,268,439,90,167,281,172,126,219,77,229,236,135,142,220,1219,581,638,강서로5가길
2019,3,A,골목상권,1000562,3802,1771,2031,866,564,458,734,634,546,389,266,231,340,309,236,477,298,227,394,325,310,1351,162,1189,강서로47라길
2019,3,A,골목상권,1000561,4329,2077,2252,953,576,547,868,702,683,436,286,276,414,373,292,517,290,271,454,329,391,1590,515,1075,강서로47길
2019,3,A,골목상권,1000560,2720,1321,1399,422,396,468,435,398,601,216,191,241,224,179,270,206,205,227,211,219,331,1137,151,986,강서로45다길
2019,3,A,골목상권,1000559,908,437,471,172,121,135,164,126,190,75,49,71,81,59,102,97,72,64,83,67,88,356,99,257,강서로45길
2019,3,A,골목상권,1000558,3923,1880,2043,451,610,708,552,704,898,223,277,369,272,326,413,228,333,339,280,378,485,1859,37,1822,강서로35길
2019,3,A,골목상권,1000557,3091,1503,1588,386,503,762,431,438,571,194,231,400,219,191,268,192,272,362,212,247,303,1476,90,1386,강서로29길
2019,3,A,골목상권,1000556,6868,3311,3557,970,999,1348,1055,1012,1484,495,472,708,526,466,644,475,527,640,529,546,840,2941,15,2926,강서로18길
2019,3,A,골목상권,1000555,3205,1609,1596,357,508,675,440,513,712,188,266,354,241,227,333,169,242,321,199,286,379,1411,129,1282,강서로17가길
2019,3,A,골목상권,1000554,5446,2684,2762,562,774,1063,813,945,1289,271,395,566,425,486,541,291,379,497,388,459,748,2803,79,2724,강서로15길
2019,3,A,골목상권,1000553,2881,1451,1430,420,409,527,451,457,617,224,211,279,239,211,287,196,198,248,212,246,330,1221,0,1221,가로공원로80길
2019,3,A,골목상권,1000552,3221,1551,1670,427,456,652,509,473,704,207,228,344,247,212,313,220,228,308,262,261,391,1425,161,1264,가로공원로76가길
2019,3,A,골목상권,1000551,1593,793,800,212,191,219,237,311,423,109,99,122,107,151,205,103,92,97,130,160,218,747,31,716,화곡로4길
2019,3,A,골목상권,1000550,3208,1599,1609,632,437,493,501,550,595,344,235,237,243,267,273,288,202,256,258,283,322,1201,411,790,화곡로3길
2019,3,A,골목상권,1000549,3276,1616,1660,425,407,443,453,583,965,208,224,253,234,267,430,217,183,190,219,316,535,1400,0,1400,지양로7길
2019,3,A,골목상권,1000548,3733,1841,1892,578,470,534,581,643,927,309,240,276,276,312,428,269,230,258,305,331,499,1520,208,1312,중앙로55길
2019,3,A,골목상권,1000547,4174,2059,2115,743,532,650,648,637,964,349,285,346,317,319,443,394,247,304,331,318,521,1554,273,1281,중앙로51길
2019,3,A,골목상권,1000546,1901,982,919,211,226,225,306,393,540,114,126,128,163,190,261,97,100,97,143,203,279,904,0,904,중앙로47길
2019,3,A,골목상권,1000545,1960,953,1007,279,268,274,310,337,492,149,130,138,161,151,224,130,138,136,149,186,268,900,57,843,중앙로45길
2019,3,A,골목상권,1000544,914,452,462,168,101,108,177,129,231,97,46,57,81,73,98,71,55,51,96,56,133,408,0,408,중앙로36길
2019,3,A,골목상권,1000543,1107,543,564,241,135,120,223,182,206,120,74,61,101,101,86,121,61,59,122,81,120,449,69,380,중앙로32길
2019,3,A,골목상권,1000542,1915,1019,896,186,204,257,326,381,561,99,117,154,183,209,257,87,87,103,143,172,304,1047,41,1006,중앙로25길
2019,3,A,골목상권,1000541,3339,1641,1698,513,455,514,547,528,782,260,232,257,281,248,363,253,223,257,266,280,419,1432,97,1335,은행정로7길
2019,3,A,골목상권,1000540,793,430,363,124,83,93,129,146,218,63,46,56,65,89,111,61,37,37,64,57,107,398,0,398,은행정로5길
2019,3,A,골목상권,1000539,4021,1969,2052,796,434,650,635,635,871,411,223,297,324,317,397,385,211,353,311,318,474,1477,814,663,오목로5길
2019,3,A,골목상권,1000538,3610,1805,1805,737,402,587,629,545,710,380,215,289,325,264,332,357,187,298,304,281,378,1264,524,740,오목로3길
2019,3,A,골목상권,1000537,3628,1785,1843,393,581,571,560,620,903,215,276,310,274,294,416,178,305,261,286,326,487,1705,0,1705,오목로30길
2019,3,A,골목상권,1000536,4491,2264,2227,632,691,860,718,668,922,322,355,457,366,321,443,310,336,403,352,347,479,2093,0,2093,오목로23길
2019,3,A,골목상권,1000535,1968,995,973,391,215,354,328,280,400,204,121,181,162,129,198,187,94,173,166,151,202,692,575,117,신월로20길
2019,3,A,골목상권,1000534,5742,2847,2895,987,749,757,935,970,1344,532,390,376,464,478,607,455,359,381,471,492,737,2045,635,1410,신월로15길
2019,3,A,골목상권,1000533,2411,1160,1251,441,354,310,451,386,469,230,189,143,203,197,198,211,165,167,248,189,271,976,36,940,신목로6길
2019,3,A,골목상권,1000532,2171,1073,1098,541,311,202,463,367,287,274,165,89,217,199,129,267,146,113,246,168,158,691,116,575,신목로5길
2019,3,A,골목상권,1000531,2072,1020,1052,375,354,185,350,440,368,196,190,95,158,216,165,179,164,90,192,224,203,725,158,567,신목로2길
2019,3,A,골목상권,1000530,1394,677,717,192,218,250,193,223,318,109,108,125,99,102,134,83,110,125,94,121,184,637,0,637,목동중앙서로8가길
2019,3,A,골목상권,1000529,3793,1848,1945,605,601,621,647,617,702,325,298,326,305,291,303,280,303,295,342,326,399,1651,0,1651,목동중앙서로7길
2019,3,A,골목상권,1000528,2135,973,1162,246,335,413,298,343,500,128,163,205,138,144,195,118,172,208,160,199,305,1052,185,867,목동중앙북로8길
2019,3,A,골목상권,1000527,3495,1690,1805,422,601,910,467,458,637,221,255,467,240,212,295,201,346,443,227,246,342,1673,0,1673,목동중앙북로16길
2019,3,A,골목상권,1000526,2932,1476,1456,504,460,419,461,534,554,298,255,211,201,262,249,206,205,208,260,272,305,1156,0,1156,목동중앙본로7길
2019,3,A,골목상권,1000525,2412,1162,1250,533,354,284,445,410,386,260,182,136,201,215,168,273,172,148,244,195,218,855,56,799,목동중앙로3길
2019,3,A,골목상권,1000524,1074,557,517,170,161,257,157,154,175,92,68,140,79,89,89,78,93,117,78,65,86,528,0,528,목동중앙로13나길
2019,3,A,골목상권,1000523,2743,1374,1369,498,434,432,447,459,473,283,240,204,212,218,217,215,194,228,235,241,256,1019,201,818,목동중앙남로3가길
2019,3,A,골목상권,1000522,3483,1659,1824,561,578,540,582,587,635,287,279,248,285,254,306,274,299,292,297,333,329,1418,130,1288,목동로9길
2019,3,A,골목상권,1000521,2288,1072,1216,355,347,357,369,390,470,175,169,164,169,185,210,180,178,193,200,205,260,976,37,939,목동로19길
2019,3,A,골목상권,1000520,1574,757,817,397,195,159,367,265,191,197,95,75,174,136,80,200,100,84,193,129,111,534,144,390,목동동로8길
2019,3,A,골목상권,1000519,2273,1083,1190,502,312,242,449,371,397,258,147,110,199,195,174,244,165,132,250,176,223,800,275,525,목동동로12길
2019,3,A,골목상권,1000518,1263,604,659,277,175,161,236,180,234,129,83,81,109,99,103,148,92,80,127,81,131,420,187,233,목동남로4길
2019,3,A,골목상권,1000517,1859,905,954,494,203,229,405,265,263,244,96,111,189,139,126,250,107,118,216,126,137,575,545,30,남부순환로88길
2019,3,A,골목상권,1000516,710,358,352,86,78,93,90,154,209,45,45,55,38,78,97,41,33,38,52,76,112,333,96,237,남부순환로79길
2019,3,A,골목상권,1000515,4823,2378,2445,560,681,566,713,901,1402,270,367,297,379,457,608,290,314,269,334,444,794,2162,0,2162,남부순환로70길
2019,3,A,골목상권,1000514,2060,1059,1001,289,287,302,298,372,512,158,144,174,157,188,238,131,143,128,141,184,274,995,0,995,남부순환로58길
2019,3,A,골목상권,1000513,2424,1333,1091,219,280,304,388,512,721,104,147,189,238,295,360,115,133,115,150,217,361,1367,96,1271,남부순환로40길
2019,3,A,골목상권,1000512,3691,1808,1883,452,531,562,533,691,922,215,270,308,256,327,432,237,261,254,277,364,490,1625,48,1577,남부순환로33길
2019,3,A,골목상권,1000511,3724,1921,1803,389,565,477,536,741,1016,204,297,264,283,383,490,185,268,213,253,358,526,1720,184,1536,곰달래로5길
2019,3,A,골목상권,1000510,3853,2012,1841,485,497,497,637,769,968,258,282,272,330,418,452,227,215,225,307,351,516,1794,276,1518,곰달래로3길
2019,3,A,골목상권,1000509,3492,1787,1705,514,465,524,545,651,793,263,234,290,289,335,376,251,231,234,256,316,417,1465,103,1362,곰달래로2길
2019,3,A,골목상권,1000508,3379,1747,1632,451,410,580,548,579,811,228,235,305,290,298,391,223,175,275,258,281,420,1640,14,1626,곰달래로10길
2019,3,A,골목상권,1000507,2349,1297,1052,208,304,228,388,508,713,106,165,135,235,304,352,102,139,93,153,204,361,1322,0,1322,가로공원로58길
2019,3,A,골목상권,1000506,2764,1320,1444,328,452,374,457,524,629,152,223,196,211,252,286,176,229,178,246,272,343,1265,49,1216,효창원로93길
2019,3,A,골목상권,1000505,2607,1255,1352,646,257,398,617,335,354,315,121,173,319,171,156,331,136,225,298,164,198,956,830,126,토정로37길
2019,3,A,골목상권,1000504,1609,721,888,150,304,370,271,201,313,77,133,161,127,90,133,73,171,209,144,111,180,861,0,861,월드컵로8길
2019,3,A,골목상권,1000503,1873,854,1019,213,360,439,271,258,332,110,153,200,123,122,146,103,207,239,148,136,186,976,0,976,월드컵로7길
2019,3,A,골목상권,1000502,3832,1709,2123,443,782,753,635,516,703,218,286,330,317,247,311,225,496,423,318,269,392,2092,152,1940,월드컵로36길
2019,3,A,골목상권,1000501,3070,1483,1587,493,463,535,553,422,604,250,228,259,276,216,254,243,235,276,277,206,350,1315,282,1033,월드컵로25길
2019,3,A,골목상권,1000500,1615,748,867,164,307,291,260,213,380,82,143,146,129,103,145,82,164,145,131,110,235,855,0,855,월드컵로19길
2019,3,A,골목상권,1000499,2463,1144,1319,307,458,519,397,336,446,159,202,236,182,171,194,148,256,283,215,165,252,1216,32,1184,월드컵로16길
2019,3,A,골목상권,1000498,2423,1122,1301,271,429,552,370,304,497,135,185,257,187,151,207,136,244,295,183,153,290,1311,19,1292,월드컵로11길
2019,3,A,골목상권,1000497,2393,1111,1282,219,357,481,426,331,579,114,137,220,207,171,262,105,220,261,219,160,317,1399,16,1383,월드컵로10길
2019,3,A,골목상권,1000496,1757,828,929,153,366,414,238,254,332,76,165,207,119,122,139,77,201,207,119,132,193,982,0,982,와우산로3길
2019,3,A,골목상권,1000495,786,367,419,72,146,177,131,95,165,38,62,86,68,40,73,34,84,91,63,55,92,442,48,394,와우산로29길
2019,3,A,골목상권,1000494,502,229,273,28,195,122,46,40,71,15,87,57,20,20,30,13,108,65,26,20,41,348,0,348,와우산로29가길
2019,3,A,골목상권,1000493,1294,593,701,119,201,299,191,182,302,73,84,149,98,73,116,46,117,150,93,109,186,691,11,680,양화진길
2019,3,A,골목상권,1000492,2663,1208,1455,317,498,549,429,340,530,150,212,254,212,153,227,167,286,295,217,187,303,1280,35,1245,양화로1길
2019,3,A,골목상권,1000491,759,327,432,80,152,173,120,81,153,41,63,73,50,34,66,39,89,100,70,47,87,401,0,401,양화로11길
2019,3,A,골목상권,1000490,515,256,259,39,55,59,64,94,204,19,28,35,41,47,86,20,27,24,23,47,118,325,0,325,신촌로30길
2019,3,A,골목상권,1000489,190,100,90,11,15,23,26,50,65,1,7,13,16,31,32,10,8,10,10,19,33,131,0,131,신촌로28가길
2019,3,A,골목상권,1000488,1917,931,986,112,565,433,230,219,358,62,286,219,112,100,152,50,279,214,118,119,206,1305,0,1305,신촌로12길
2019,3,A,골목상권,1000487,2779,1377,1402,331,417,314,428,489,800,176,215,171,220,252,343,155,202,143,208,237,457,1452,21,1431,숭문길
2019,3,A,골목상권,1000486,790,376,414,143,85,171,128,105,158,64,42,88,72,43,67,79,43,83,56,62,91,339,207,132,숭문8길
2019,3,A,골목상권,1000485,1008,463,545,100,198,230,124,144,212,52,80,118,65,66,82,48,118,112,59,78,130,523,0,523,성지3길
2019,3,A,골목상권,1000484,3416,1678,1738,454,518,571,578,530,765,237,247,286,293,268,347,217,271,285,285,262,418,1644,0,1644,성산로4길
2019,3,A,골목상권,1000483,1174,534,640,86,257,308,156,164,203,46,107,140,77,81,83,40,150,168,79,83,120,671,0,671,성미산로32길
2019,3,A,골목상권,1000482,3142,1469,1673,471,471,596,604,412,588,255,218,274,271,196,255,216,253,322,333,216,333,1442,0,1442,성미산로1길
2019,3,A,골목상권,1000481,3658,1734,1924,507,554,700,661,507,729,272,264,343,305,242,308,235,290,357,356,265,421,1660,0,1660,성미산로11길
2019,3,A,골목상권,1000480,1705,824,881,244,238,304,297,227,395,124,109,144,159,115,173,120,129,160,138,112,222,843,248,595,백범로16길
2019,3,A,골목상권,1000479,5548,2681,2867,931,748,985,967,818,1099,453,375,454,501,407,491,478,373,531,466,411,608,2340,612,1728,방울내로9안길
2019,3,A,골목상권,1000478,2027,1005,1022,294,326,306,351,310,440,163,164,160,181,151,186,131,162,146,170,159,254,902,86,816,모래내로7길
2019,3,A,골목상권,1000477,2835,1443,1392,351,544,564,418,375,583,182,244,313,235,206,263,169,300,251,183,169,320,1578,0,1578,매봉산로2길
2019,3,A,골목상권,1000476,4381,2081,2300,591,684,891,708,629,878,302,328,419,353,301,378,289,356,472,355,328,500,2111,162,1949,망원로2길
2019,3,A,골목상권,1000475,2171,1020,1151,323,316,322,395,322,493,152,142,168,199,161,198,171,174,154,196,161,295,966,178,788,망원로11길
2019,3,A,골목상권,1000474,3048,1452,1596,353,513,522,484,473,703,176,218,269,248,238,303,177,295,253,236,235,400,1578,33,1545,만리재옛길
2019,3,A,골목상권,1000473,836,392,444,94,144,187,113,122,176,50,74,90,57,55,66,44,70,97,56,67,110,421,190,231,마포대로4길
2019,3,A,골목상권,1000472,2121,1015,1106,271,353,456,349,320,372,134,157,208,182,165,169,137,196,248,167,155,203,1194,218,976,마포대로20길
2019,3,A,골목상권,1000471,860,387,473,69,172,273,121,87,138,38,61,124,58,45,61,31,111,149,63,42,77,586,45,541,마포대로12길
2019,3,A,골목상권,1000470,1141,574,567,68,295,283,145,125,225,42,143,143,87,72,87,26,152,140,58,53,138,743,0,743,동교로38길
2019,3,A,골목상권,1000469,2480,1133,1347,257,552,572,376,254,469,116,264,252,171,117,213,141,288,320,205,137,256,1397,0,1397,동교로27길
2019,3,A,골목상권,1000468,1292,565,727,108,305,297,175,177,230,43,126,124,88,79,105,65,179,173,87,98,125,711,0,711,동교로25길
2019,3,A,골목상권,1000467,1803,841,962,202,288,402,353,260,298,97,138,194,168,124,120,105,150,208,185,136,178,973,77,896,동교로19길
2019,3,A,골목상권,1000466,1852,861,991,220,367,402,334,229,300,117,161,181,169,105,128,103,206,221,165,124,172,995,0,995,동교로17길
2019,3,A,골목상권,1000465,1353,626,727,141,276,322,188,183,243,76,118,146,93,86,107,65,158,176,95,97,136,722,97,625,독막로8길
2019,3,A,골목상권,1000464,2812,1385,1427,369,397,449,446,449,702,188,212,228,225,229,303,181,185,221,221,220,399,1316,104,1212,독막로32길
2019,3,A,골목상권,1000463,1024,476,548,169,142,196,189,129,199,89,67,83,83,62,92,80,75,113,106,67,107,444,134,310,독막로22길
2019,3,A,골목상권,1000462,1081,462,619,123,223,252,156,138,189,58,72,107,72,77,76,65,151,145,84,61,113,655,145,510,도화길
2019,3,A,골목상권,1000461,3546,1677,1869,568,381,572,570,592,863,282,191,270,292,283,359,286,190,302,278,309,504,1548,913,635,도화4길
2019,3,A,골목상권,1000460,1418,687,731,80,418,177,174,228,341,34,193,83,93,123,161,46,225,94,81,105,180,979,0,979,대흥로28길
2019,3,A,골목상권,1000459,3399,1760,1639,268,808,507,454,516,846,150,447,276,245,288,354,118,361,231,209,228,492,2095,0,2095,대흥로21길
2019,3,A,골목상권,1000458,2022,1087,935,230,540,263,306,290,393,128,336,150,154,154,165,102,204,113,152,136,228,1110,70,1040,광성로6길
2019,3,A,골목상권,1000457,3308,1536,1772,488,419,442,557,503,899,238,210,221,264,242,361,250,209,221,293,261,538,1403,26,1377,홍제내길
2019,3,A,골목상권,1000456,1084,563,521,123,141,143,145,187,345,67,79,78,84,100,155,56,62,65,61,87,190,497,35,462,홍연길
2019,3,A,골목상권,1000455,1597,791,806,192,229,180,241,283,472,111,109,95,135,125,216,81,120,85,106,158,256,748,52,696,통일로39길
2019,3,A,골목상권,1000454,1624,739,885,151,191,209,240,310,523,72,93,103,117,136,218,79,98,106,123,174,305,873,18,855,통일로37길
2019,3,A,골목상권,1000453,288,158,130,20,39,39,29,41,120,11,24,19,18,28,58,9,15,20,11,13,62,193,0,193,통일로11길
2019,3,A,골목상권,1000452,688,362,326,35,116,171,83,108,175,20,58,84,53,64,83,15,58,87,30,44,92,484,104,380,충정로6길
2019,3,A,골목상권,1000451,499,248,251,30,84,125,69,61,130,13,43,59,39,32,62,17,41,66,30,29,68,315,0,315,충정로4길
2019,3,A,골목상권,1000450,3064,1515,1549,371,518,446,464,488,777,192,265,241,242,239,336,179,253,205,222,249,441,1458,11,1447,증가로6길
2019,3,A,골목상권,1000449,5204,2497,2707,724,735,760,818,874,1293,353,358,391,400,422,573,371,377,369,418,452,720,2374,0,2374,증가로23나길
2019,3,A,골목상권,1000448,3592,1793,1799,590,644,461,627,573,697,305,345,246,312,274,311,285,299,215,315,299,386,1512,22,1490,증가로20가길
2019,3,A,골목상권,1000447,3875,1875,2000,392,748,509,578,636,1012,195,347,278,293,305,457,197,401,231,285,331,555,2151,0,2151,증가로10길
2019,3,A,골목상권,1000446,3845,1875,1970,472,480,634,619,607,1033,241,235,319,321,278,481,231,245,315,298,329,552,1846,0,1846,응암로1길
2019,3,A,골목상권,1000445,3359,1842,1517,269,1414,618,333,285,440,151,860,347,160,130,194,118,554,271,173,155,246,2314,0,2314,연희로10길
2019,3,A,골목상권,1000444,795,449,346,57,123,108,123,166,218,31,68,63,72,99,116,26,55,45,51,67,102,477,0,477,신촌로37길
2019,3,A,골목상권,1000443,3660,1779,1881,522,446,592,528,589,983,253,231,304,270,282,439,269,215,288,258,307,544,1514,267,1247,수색로8길
2019,3,A,골목상권,1000442,2406,1168,1238,247,347,301,333,422,756,130,183,159,175,210,311,117,164,142,158,212,445,1183,0,1183,세무서길
2019,3,A,골목상권,1000441,1455,706,749,157,204,191,232,228,443,79,106,102,120,122,177,78,98,89,112,106,266,710,0,710,세무서2길
2019,3,A,골목상권,1000440,1162,558,604,165,126,133,185,178,375,85,57,60,95,103,158,80,69,73,90,75,217,534,125,409,세검정로1길
2019,3,A,골목상권,1000439,3522,1692,1830,323,527,456,559,639,1018,167,260,264,265,314,422,156,267,192,294,325,596,1887,0,1887,북아현로4길
2019,3,A,골목상권,1000438,10755,5182,5573,2518,1112,1616,2066,1456,1987,1242,569,710,1070,718,873,1276,543,906,996,738,1114,3712,3674,38,모래내로15길
2019,3,A,골목상권,1000437,2429,1168,1261,309,574,365,328,343,510,161,276,180,155,167,229,148,298,185,173,176,281,1329,0,1329,명지대길
2019,3,A,골목상권,1000436,4172,1958,2214,676,552,614,709,582,1039,330,254,323,351,289,411,346,298,291,358,293,628,1957,281,1676,독립문로8길
2019,3,A,골목상권,1000435,2757,1351,1406,367,370,387,454,402,777,187,179,190,244,216,335,180,191,197,210,186,442,1327,0,1327,가재울로6길
2019,3,A,골목상권,1000434,5780,2880,2900,678,947,953,803,1050,1349,354,481,532,415,484,614,324,466,421,388,566,735,2688,21,2667,통일로92길
2019,3,A,골목상권,1000433,1816,873,943,236,292,318,291,243,436,115,135,173,148,114,188,121,157,145,143,129,248,858,39,819,통일로87길
2019,3,A,골목상권,1000432,4505,2164,2341,553,702,716,667,760,1107,285,368,373,309,346,483,268,334,343,358,414,624,2069,24,2045,통일로78길
2019,3,A,골목상권,1000431,1750,845,905,225,238,264,273,282,468,116,115,139,140,133,202,109,123,125,133,149,266,743,0,743,통일로69길
2019,3,A,골목상권,1000430,4156,1998,2158,689,547,647,706,672,895,352,271,310,356,315,394,337,276,337,350,357,501,1665,40,1625,진흥로1길
2019,3,A,골목상권,1000429,5827,2861,2966,694,800,906,907,977,1543,353,410,483,484,470,661,341,390,423,423,507,882,2851,0,2851,진흥로12길
2019,3,A,골목상권,1000428,820,426,394,123,100,117,125,131,224,64,58,62,74,66,102,59,42,55,51,65,122,337,107,230,증산서길
2019,3,A,골목상권,1000427,2718,1329,1389,369,359,393,416,456,725,187,179,208,208,215,332,182,180,185,208,241,393,1146,40,1106,증산로9길
2019,3,A,골목상권,1000426,2741,1332,1409,373,342,325,417,467,817,189,184,160,198,223,378,184,158,165,219,244,439,1215,82,1133,증산로5길
2019,3,A,골목상권,1000425,5296,2567,2729,723,780,880,828,832,1253,361,400,463,412,380,551,362,380,417,416,452,702,2292,155,2137,증산로21길
2019,3,A,골목상권,1000424,2058,984,1074,267,287,308,311,322,563,134,134,161,157,152,246,133,153,147,154,170,317,937,57,880,증산로17길
2019,3,A,골목상권,1000423,2500,1250,1250,314,302,354,412,427,691,164,154,181,227,216,308,150,148,173,185,211,383,1156,151,1005,증산로15길
2019,3,A,골목상권,1000422,1994,1013,981,208,268,226,283,418,591,107,136,121,150,215,284,101,132,105,133,203,307,931,0,931,증산로13길
2019,3,A,골목상권,1000421,2889,1410,1479,504,354,424,515,446,646,268,174,202,267,214,285,236,180,222,248,232,361,1210,0,1210,응암로34길
2019,3,A,골목상권,1000420,1922,935,987,228,238,227,287,343,599,114,137,113,154,168,249,114,101,114,133,175,350,936,19,917,응암로22길
2019,3,A,골목상권,1000419,2596,1320,1276,361,296,405,444,414,676,189,166,210,236,233,286,172,130,195,208,181,390,1175,0,1175,응암로14길
2019,3,A,골목상권,1000418,1836,895,941,186,278,324,285,273,490,99,135,172,134,138,217,87,143,152,151,135,273,977,0,977,응암로13길
2019,3,A,골목상권,1000417,1496,753,743,183,193,135,218,280,487,101,106,77,117,130,222,82,87,58,101,150,265,723,0,723,응암로12길
2019,3,A,골목상권,1000416,3512,1689,1823,629,450,679,620,446,688,329,219,321,311,205,304,300,231,358,309,241,384,1579,103,1476,은평로8길
2019,3,A,골목상권,1000415,2300,1073,1227,364,305,371,382,359,519,185,144,183,187,163,211,179,161,188,195,196,308,993,0,993,은평로3길
2019,3,A,골목상권,1000414,295,141,154,28,39,35,48,63,82,17,24,15,22,30,33,11,15,20,26,33,49,136,0,136,은평로20길
2019,3,A,골목상권,1000413,3276,1560,1716,512,371,496,559,523,815,251,185,247,258,250,369,261,186,249,301,273,446,1400,0,1400,은평로13길
2019,3,A,골목상권,1000412,2950,1467,1483,476,358,412,508,494,702,268,189,218,253,238,301,208,169,194,255,256,401,1239,65,1174,은평로10길
2019,3,A,골목상권,1000411,2643,1234,1409,427,368,413,452,428,555,206,160,214,208,203,243,221,208,199,244,225,312,1114,61,1053,연서로5길
2019,3,A,골목상권,1000410,3959,1922,2037,493,489,527,670,689,1091,247,248,269,351,322,485,246,241,258,319,367,606,1854,41,1813,연서로41길
2019,3,A,골목상권,1000409,3678,1723,1955,636,509,639,585,550,759,305,249,298,298,250,323,331,260,341,287,300,436,1517,31,1486,연서로3길
2019,3,A,골목상권,1000408,3000,1421,1579,392,395,487,420,488,818,188,199,260,211,220,343,204,196,227,209,268,475,1347,0,1347,연서로34길
2019,3,A,골목상권,1000407,2073,1005,1068,209,282,264,287,339,692,109,144,149,139,160,304,100,138,115,148,179,388,999,0,999,연서로33길
2019,3,A,골목상권,1000406,1065,498,567,128,180,216,160,151,230,71,69,112,74,70,102,57,111,104,86,81,128,508,0,508,연서로29길
2019,3,A,골목상권,1000405,3669,1727,1942,380,664,648,534,566,877,174,320,326,258,262,387,206,344,322,276,304,490,1927,28,1899,연서로28길
2019,3,A,골목상권,1000404,2937,1375,1562,338,446,463,488,496,706,164,200,244,230,231,306,174,246,219,258,265,400,1437,0,1437,연서로27길
2019,3,A,골목상권,1000403,4250,2017,2233,703,601,692,734,627,893,351,283,355,351,279,398,352,318,337,383,348,495,1782,0,1782,연서로21길
2019,3,A,골목상권,1000402,2252,1068,1184,315,325,334,372,402,504,152,152,172,175,192,225,163,173,162,197,210,279,990,0,990,연서로17길
2019,3,A,골목상권,1000401,4663,2203,2460,698,632,684,786,772,1091,344,307,333,388,349,482,354,325,351,398,423,609,1996,21,1975,연서로16길
2019,3,A,골목상권,1000400,3952,1860,2092,621,583,589,663,642,854,307,275,297,309,300,372,314,308,292,354,342,482,1601,0,1601,연서로13길
2019,3,A,골목상권,1000399,3920,1858,2062,664,561,654,630,618,793,330,262,328,285,294,359,334,299,326,345,324,434,1507,31,1476,연서로11길
2019,3,A,골목상권,1000398,5545,2660,2885,789,727,864,932,901,1332,383,356,442,473,430,576,406,371,422,459,471,756,2523,0,2523,역말로9길
2019,3,A,골목상권,1000397,1060,528,532,106,135,108,164,202,345,62,69,62,86,106,143,44,66,46,78,96,202,530,25,505,수색로18길
2019,3,A,골목상권,1000396,2650,1243,1407,296,381,388,396,451,738,143,185,186,201,227,301,153,196,202,195,224,437,1316,0,1316,서오릉로8길
2019,3,A,골목상권,1000395,3994,1908,2086,617,536,572,635,650,984,301,273,299,306,290,439,316,263,273,329,360,545,1584,253,1331,서오릉로21길
2019,3,A,골목상권,1000394,5214,2531,2683,623,700,775,850,858,1408,301,361,417,442,426,584,322,339,358,408,432,824,2632,36,2596,불광천길
2019,3,A,골목상권,1000393,2471,1196,1275,379,312,371,416,408,585,205,164,174,207,180,266,174,148,197,209,228,319,1018,18,1000,갈현로7길
2019,3,A,골목상권,1000392,3187,1564,1623,354,443,386,493,598,913,186,249,201,240,290,398,168,194,185,253,308,515,1526,0,1526,갈현로41길
2019,3,A,골목상권,1000391,3678,1769,1909,620,571,520,596,614,757,317,292,271,267,278,344,303,279,249,329,336,413,1546,192,1354,갈현로33길
2019,3,A,골목상권,1000390,2845,1379,1466,507,380,518,481,433,526,265,173,268,227,220,226,242,207,250,254,213,300,1094,157,937,갈현로1길
2019,3,A,골목상권,1000389,3671,1824,1847,496,501,450,548,678,998,270,264,252,262,339,437,226,237,198,286,339,561,1668,0,1668,가좌로7길
2019,3,A,골목상권,1000388,3932,1969,1963,500,524,429,664,658,1157,247,286,243,339,329,525,253,238,186,325,329,632,1890,0,1890,한글비석로44길
2019,3,A,골목상권,1000387,2465,1255,1210,273,353,304,317,464,754,143,196,180,158,237,341,130,157,124,159,227,413,1208,0,1208,한글비석로24길
2019,3,A,골목상권,1000386,1815,926,889,327,251,193,304,328,412,164,135,92,155,173,207,163,116,101,149,155,205,715,442,273,한글비석로22길
2019,3,A,골목상권,1000385,2084,1078,1006,244,259,262,343,331,645,126,144,152,177,179,300,118,115,110,166,152,345,1005,254,751,석계로1길
2019,3,A,골목상권,1000384,2597,1341,1256,295,362,324,394,466,756,166,177,189,210,245,354,129,185,135,184,221,402,1315,0,1315,상계로9가길
2019,3,A,골목상권,1000383,1199,608,591,205,180,178,201,204,231,108,97,91,101,95,116,97,83,87,100,109,115,453,186,267,상계로1길
2019,3,A,골목상권,1000382,3570,1774,1796,423,631,408,539,660,909,217,313,236,285,322,401,206,318,172,254,338,508,1680,255,1425,상계로12길
2019,3,A,골목상권,1000381,2506,1237,1269,315,413,306,318,456,698,169,218,155,156,220,319,146,195,151,162,236,379,1044,75,969,동일로242길
2019,3,A,골목상권,1000380,2866,1493,1373,276,924,385,300,384,597,136,495,208,165,200,289,140,429,177,135,184,308,1736,63,1673,동일로192길
2019,3,A,골목상권,1000379,3676,1852,1824,550,553,586,536,591,860,290,281,303,291,272,415,260,272,283,245,319,445,1528,447,1081,동일로173가길
2019,3,A,골목상권,1000378,1523,759,764,258,330,161,227,264,283,145,171,83,98,123,139,113,159,78,129,141,144,673,18,655,공릉로58길
2019,3,A,골목상권,1000377,2245,1084,1161,316,356,296,342,445,490,165,181,150,154,203,231,151,175,146,188,242,259,943,322,621,해등로16길
2019,3,A,골목상권,1000376,2296,1156,1140,327,325,277,334,436,597,179,177,147,155,232,266,148,148,130,179,204,331,1047,64,983,우이천로4다길
2019,3,A,골목상권,1000375,3035,1444,1591,497,404,413,517,469,735,244,201,202,252,224,321,253,203,211,265,245,414,1243,264,979,우이천로32길
2019,3,A,골목상권,1000374,3560,1846,1714,381,484,393,549,700,1053,215,259,221,296,351,504,166,225,172,253,349,549,1684,0,1684,시루봉로23길
2019,3,A,골목상권,1000373,972,455,517,130,192,126,143,133,248,77,56,64,74,69,115,53,136,62,69,64,133,506,0,506,삼양로144길
2019,3,A,골목상권,1000372,2117,1059,1058,230,298,248,320,450,571,111,154,134,170,234,256,119,144,114,150,216,315,1019,34,985,방학로6가길
2019,3,A,골목상권,1000371,3932,1979,1953,546,526,584,538,694,1044,297,265,324,287,336,470,249,261,260,251,358,574,1793,40,1753,방학로5길
2019,3,A,골목상권,1000370,3828,1896,1932,812,502,435,704,671,704,409,272,217,322,332,344,403,230,218,382,339,360,1194,1086,108,방학로15길
2019,3,A,골목상권,1000369,1970,964,1006,288,265,256,314,363,484,148,139,138,152,174,213,140,126,118,162,189,271,820,0,820,방학로10길
2019,3,A,골목상권,1000368,1714,880,834,171,223,202,252,321,545,85,124,108,141,168,254,86,99,94,111,153,291,772,170,602,도봉산길
2019,3,A,골목상권,1000367,373,197,176,20,45,54,49,83,122,11,24,33,30,49,50,9,21,21,19,34,72,215,0,215,도봉산4길
2019,3,A,골목상권,1000366,1957,995,962,236,239,229,270,353,630,121,136,138,142,174,284,115,103,91,128,179,346,881,0,881,도봉로181길
2019,3,A,골목상권,1000365,3054,1550,1504,311,319,440,444,535,1005,166,152,245,243,259,485,145,167,195,201,276,520,1477,247,1230,도봉로169나길
2019,3,A,골목상권,1000364,1411,761,650,144,169,153,207,294,444,62,89,91,128,169,222,82,80,62,79,125,222,721,0,721,도봉로156길
2019,3,A,골목상권,1000363,692,370,322,47,88,80,65,166,246,24,57,50,38,90,111,23,31,30,27,76,135,381,0,381,도봉로152가길
2019,3,A,골목상권,1000362,3517,1732,1785,400,489,420,492,686,1030,193,248,207,267,358,459,207,241,213,225,328,571,1795,0,1795,도봉로147길
2019,3,A,골목상권,1000361,1867,926,941,202,276,216,266,375,532,111,137,113,134,183,248,91,139,103,132,192,284,819,87,732,도봉로143길
2019,3,A,골목상권,1000360,4840,2323,2517,439,794,715,739,890,1263,205,389,360,380,433,556,234,405,355,359,457,707,2543,155,2388,도봉로114길
2019,3,A,골목상권,1000359,2315,1125,1190,274,353,391,340,349,608,134,182,197,174,163,275,140,171,194,166,186,333,1116,179,937,도봉로109길
2019,3,A,골목상권,1000358,2901,1461,1440,298,396,353,455,511,888,144,207,186,237,265,422,154,189,167,218,246,466,1400,0,1400,도당로29길
2019,3,A,골목상권,1000357,3890,2034,1856,480,524,416,628,697,1145,263,292,226,332,392,529,217,232,190,296,305,616,1838,0,1838,도당로19길
2019,3,A,골목상권,1000356,3472,1750,1722,507,497,432,544,652,840,271,263,241,266,332,377,236,234,191,278,320,463,1528,0,1528,도당로13바길
2019,3,A,골목상권,1000355,1613,835,778,160,209,186,256,330,472,89,108,111,135,166,226,71,101,75,121,164,246,782,0,782,도당로13가길
2019,3,A,골목상권,1000354,2419,1196,1223,338,349,343,343,431,615,170,179,189,179,202,277,168,170,154,164,229,338,1102,0,1102,덕릉로60길
2019,3,A,골목상권,1000353,1912,949,963,276,259,278,285,337,477,152,122,141,146,155,233,124,137,137,139,182,244,770,378,392,노해로63다길
2019,3,A,골목상권,1000352,1796,871,925,151,338,336,254,303,414,80,140,172,134,143,202,71,198,164,120,160,212,992,125,867,노해로60길
2019,3,A,골목상권,1000351,1767,867,900,144,369,307,234,300,413,84,173,172,118,149,171,60,196,135,116,151,242,1012,0,1012,한천로140길
2019,3,A,골목상권,1000350,1543,733,810,133,287,246,205,255,417,62,132,129,111,112,187,71,155,117,94,143,230,846,0,846,한천로139가길
2019,3,A,골목상권,1000349,1823,897,926,186,356,322,281,252,426,95,167,173,137,119,206,91,189,149,144,133,220,1020,0,1020,한천로132길
2019,3,A,골목상권,1000348,3203,1627,1576,379,527,464,525,555,753,224,278,236,266,293,330,155,249,228,259,262,423,1630,0,1630,한천로130길
2019,3,A,골목상권,1000347,1841,905,936,220,315,301,271,286,448,111,146,168,150,150,180,109,169,133,121,136,268,936,0,936,한천로124나길
2019,3,A,골목상권,1000346,2984,1438,1546,541,402,372,513,491,665,278,205,182,244,213,316,263,197,190,269,278,349,1045,587,458,한천로109길
2019,3,A,골목상권,1000345,2696,1361,1335,368,330,311,435,509,743,191,168,173,225,254,350,177,162,138,210,255,393,1281,0,1281,인수봉로79길
2019,3,A,골목상권,1000344,3721,1786,1935,528,495,518,506,628,1046,255,253,281,240,296,461,273,242,237,266,332,585,1501,243,1258,인수봉로72길
2019,3,A,골목상권,1000343,1885,899,986,272,274,238,304,316,481,139,138,127,158,135,202,133,136,111,146,181,279,835,0,835,인수봉로56길
2019,3,A,골목상권,1000342,2046,1008,1038,174,343,391,344,346,448,86,149,209,178,178,208,88,194,182,166,168,240,1192,29,1163,오패산로67길
2019,3,A,골목상권,1000341,2884,1425,1459,358,402,367,425,489,843,190,220,203,227,221,364,168,182,164,198,268,479,1269,0,1269,오패산로52길
2019,3,A,골목상권,1000340,1428,700,728,197,228,187,228,217,371,105,112,99,120,103,161,92,116,88,108,114,210,679,0,679,오패산로30길
2019,3,A,골목상권,1000339,3271,1596,1675,319,613,532,468,508,831,161,272,291,254,244,374,158,341,241,214,264,457,1746,19,1727,수유로12길
2019,3,A,골목상권,1000338,2984,1461,1523,376,442,424,443,547,752,189,214,223,223,264,348,187,228,201,220,283,404,1336,0,1336,솔샘로65길
2019,3,A,골목상권,1000337,2334,1086,1248,279,344,338,391,418,564,147,158,184,188,170,239,132,186,154,203,248,325,1096,0,1096,솔매로50길
2019,3,A,골목상권,1000336,2059,998,1061,213,334,269,294,382,567,126,143,137,148,185,259,87,191,132,146,197,308,1057,0,1057,솔매로45길
2019,3,A,골목상권,1000335,3089,1494,1595,338,482,430,439,557,843,179,233,237,219,262,364,159,249,193,220,295,479,1506,0,1506,솔매로41길
2019,3,A,골목상권,1000334,3209,1594,1615,457,422,403,492,563,872,249,213,222,248,266,396,208,209,181,244,297,476,1416,0,1416,삼양로93길
2019,3,A,골목상권,1000333,3122,1597,1525,407,406,445,440,523,901,217,237,239,235,260,409,190,169,206,205,263,492,1387,0,1387,삼양로77길
2019,3,A,골목상권,1000332,3768,1866,1902,431,513,559,563,701,1001,229,254,290,294,356,443,202,259,269,269,345,558,1795,0,1795,삼양로54길
2019,3,A,골목상권,1000331,4172,2091,2081,438,538,465,600,824,1307,222,279,260,323,441,566,216,259,205,277,383,741,2073,0,2073,삼양로41길
2019,3,A,골목상권,1000330,1343,656,687,309,129,219,295,186,205,158,64,101,148,94,91,151,65,118,147,92,114,483,394,89,삼양로27길
2019,3,A,골목상권,1000329,3069,1535,1534,285,344,369,408,589,1074,141,178,210,214,300,492,144,166,159,194,289,582,1582,158,1424,삼양로24길
2019,3,A,골목상권,1000328,2128,1084,1044,243,315,220,319,426,605,129,183,125,167,211,269,114,132,95,152,215,336,1032,0,1032,삼양로20길
2019,3,A,골목상권,1000327,3869,1859,2010,406,691,645,543,650,934,205,335,340,270,300,409,201,356,305,273,350,525,1851,0,1851,삼각산로28길
2019,3,A,골목상권,1000326,2302,1140,1162,214,429,355,336,414,554,108,223,198,171,204,236,106,206,157,165,210,318,1179,0,1179,도봉로99길
2019,3,A,골목상권,1000325,250,126,124,17,28,42,50,48,65,8,16,25,29,26,22,9,12,17,21,22,43,150,0,150,도봉로8길
2019,3,A,골목상권,1000324,3459,1559,1900,307,734,542,468,552,856,132,237,292,239,271,388,175,497,250,229,281,468,2035,84,1951,도봉로76길
2019,3,A,골목상권,1000323,1692,823,869,182,239,246,222,285,518,97,113,134,114,136,229,85,126,112,108,149,289,876,0,876,도봉로67길
2019,3,A,골목상권,1000322,3419,1668,1751,378,543,522,558,571,847,186,254,282,290,259,397,192,289,240,268,312,450,1733,0,1733,도봉로45길
2019,3,A,골목상권,1000321,2954,1458,1496,342,368,411,448,550,835,171,183,243,228,267,366,171,185,168,220,283,469,1357,0,1357,도봉로18길
2019,3,A,골목상권,1000320,1658,830,828,173,243,203,226,314,499,86,141,118,115,156,214,87,102,85,111,158,285,796,0,796,도봉로13길
2019,3,A,골목상권,1000319,2702,1312,1390,185,536,427,425,436,693,91,235,224,227,221,314,94,301,203,198,215,379,1624,0,1624,덕릉로41길
2019,3,A,골목상권,1000318,2213,1098,1115,323,321,311,366,380,512,181,145,148,202,188,234,142,176,163,164,192,278,949,0,949,덕릉로40길
2019,3,A,골목상권,1000317,2646,1298,1348,334,355,384,401,450,722,177,198,201,200,215,307,157,157,183,201,235,415,1198,0,1198,노해로33길
2019,3,A,골목상권,1000316,1392,674,718,199,193,200,232,241,327,99,100,106,121,96,152,100,93,94,111,145,175,593,0,593,노해로23길
2019,3,A,골목상권,1000315,2608,1309,1299,292,421,356,402,476,661,146,215,199,212,239,298,146,206,157,190,237,363,1222,0,1222,노해로17길
2019,3,A,골목상권,1000314,2099,1076,1023,246,279,306,367,397,504,126,141,168,190,209,242,120,138,138,177,188,262,1092,0,1092,화랑로40길
2019,3,A,골목상권,1000313,3330,1655,1675,366,526,414,515,592,917,204,268,211,272,291,409,162,258,203,243,301,508,1662,0,1662,화랑로32길
2019,3,A,골목상권,1000312,2928,1490,1438,366,365,421,481,482,813,201,174,228,265,251,371,165,191,193,216,231,442,1319,41,1278,화랑로1길
2019,3,A,골목상권,1000311,2315,1175,1140,288,287,269,350,445,676,148,156,142,182,230,317,140,131,127,168,215,359,1010,0,1010,화랑로19길
2019,3,A,골목상권,1000310,1356,692,664,131,318,201,191,214,301,64,172,115,112,104,125,67,146,86,79,110,176,715,0,715,화랑로14길
2019,3,A,골목상권,1000309,1269,550,719,128,342,189,148,184,278,62,105,95,70,89,129,66,237,94,78,95,149,693,0,693,화랑로13길
2019,3,A,골목상권,1000308,2191,1065,1126,266,327,305,317,419,557,132,163,153,164,194,259,134,164,152,153,225,298,1003,114,889,한천로76길
2019,3,A,골목상권,1000307,1210,609,601,264,133,152,233,204,224,122,76,77,116,112,106,142,57,75,117,92,118,446,209,237,한천로101가길
2019,3,A,골목상권,1000306,1304,587,717,131,326,250,168,186,243,61,151,110,82,87,96,70,175,140,86,99,147,760,0,760,창경궁로43길
2019,3,A,골목상권,1000305,2763,1395,1368,290,507,447,424,458,637,152,254,250,224,230,285,138,253,197,200,228,352,1387,0,1387,지봉로20길
2019,3,A,골목상권,1000304,2400,1321,1079,247,784,403,264,261,441,119,486,238,141,144,193,128,298,165,123,117,248,1461,84,1377,종암로5길
2019,3,A,골목상권,1000303,2236,1105,1131,386,248,402,356,329,515,196,140,198,182,169,220,190,108,204,174,160,295,922,452,470,종암로24가길
2019,3,A,골목상권,1000302,1689,831,858,293,260,268,289,245,334,147,130,131,154,120,149,146,130,137,135,125,185,712,212,500,종암로21길
2019,3,A,골목상권,1000301,1938,949,989,271,277,291,301,322,476,130,148,152,145,161,213,141,129,139,156,161,263,849,165,684,종암로19길
2019,3,A,골목상권,1000300,3335,1600,1735,368,409,403,477,572,1106,223,201,206,224,285,461,145,208,197,253,287,645,1818,85,1733,종암로16길
2019,3,A,골목상권,1000299,1799,950,849,204,393,249,218,258,477,115,235,144,118,138,200,89,158,105,100,120,277,994,62,932,정릉로8길
2019,3,A,골목상권,1000298,3472,1704,1768,541,448,482,542,536,923,294,235,253,253,271,398,247,213,229,289,265,525,1466,0,1466,정릉로27길
2019,3,A,골목상권,1000297,1872,913,959,289,189,228,343,286,537,144,102,114,171,144,238,145,87,114,172,142,299,826,0,826,정릉로26길
2019,3,A,골목상권,1000296,267,142,125,30,28,28,49,55,77,13,12,15,29,33,40,17,16,13,20,22,37,153,0,153,장위로50길
2019,3,A,골목상권,1000295,2053,952,1101,229,459,266,261,305,533,106,170,144,142,158,232,123,289,122,119,147,301,1121,268,853,장월로1길
2019,3,A,골목상권,1000294,987,496,491,155,145,157,184,138,208,80,81,78,93,69,95,75,64,79,91,69,113,443,0,443,인촌로6길
2019,3,A,골목상권,1000293,1509,668,841,126,522,245,171,163,282,62,199,122,81,82,122,64,323,123,90,81,160,938,0,938,인촌로5길
2019,3,A,골목상권,1000292,701,410,291,49,285,104,73,70,120,24,173,68,46,40,59,25,112,36,27,30,61,504,0,504,인촌로24길
2019,3,A,골목상권,1000291,1012,491,521,74,554,123,68,62,131,39,268,73,31,31,49,35,286,50,37,31,82,789,0,789,개운사길
2019,3,A,골목상권,1000290,991,477,514,78,229,160,135,154,235,37,99,79,79,81,102,41,130,81,56,73,133,605,0,605,인촌로1길
2019,3,A,골목상권,1000289,1621,824,797,155,541,232,216,185,292,84,300,113,108,92,127,71,241,119,108,93,165,983,0,983,인촌로17가길
2019,3,A,골목상권,1000288,3008,1454,1554,341,607,377,430,490,763,154,264,205,237,251,343,187,343,172,193,239,420,1497,0,1497,오패산로4길
2019,3,A,골목상권,1000287,3327,1631,1696,454,392,436,470,556,1019,215,204,241,257,253,461,239,188,195,213,303,558,1439,342,1097,오패산로3길
2019,3,A,골목상권,1000286,1677,834,843,164,217,198,265,304,529,83,116,101,136,159,239,81,101,97,129,145,290,838,0,838,오패산로19길
2019,3,A,골목상권,1000285,2233,1124,1109,248,450,390,358,340,447,133,242,210,185,169,185,115,208,180,173,171,262,1174,0,1174,안암로5길
2019,3,A,골목상권,1000284,3084,1370,1714,267,833,610,374,364,636,135,323,289,174,175,274,132,510,321,200,189,362,1811,0,1811,아리랑로4길
2019,3,A,골목상권,1000283,1989,988,1001,263,340,259,276,298,553,141,182,136,133,159,237,122,158,123,143,139,316,893,0,893,솔샘로6길
2019,3,A,골목상권,1000282,1640,802,838,283,234,257,279,266,321,151,119,126,134,133,139,132,115,131,145,133,182,644,95,549,성북로8길
2019,3,A,골목상권,1000281,742,349,393,83,86,97,115,122,239,40,41,48,59,64,97,43,45,49,56,58,142,374,0,374,삼양로8길
2019,3,A,골목상권,1000280,1760,890,870,237,267,236,264,302,454,123,150,133,136,152,196,114,117,103,128,150,258,847,0,847,삼선교로16가길
2019,3,A,골목상권,1000279,2290,1144,1146,234,422,352,340,361,581,118,227,192,177,169,261,116,195,160,163,192,320,1198,0,1198,삼선교로10다길
2019,3,A,골목상권,1000278,2342,1083,1259,260,486,378,328,327,563,129,234,181,156,138,245,131,252,197,172,189,318,1207,0,1207,삼선교로10길
2019,3,A,골목상권,1000277,1295,433,862,71,515,294,128,107,180,26,104,128,57,44,74,45,411,166,71,63,106,927,0,927,보문로32길
2019,3,A,골목상권,1000276,2921,1328,1593,358,647,518,414,392,592,183,280,244,195,182,244,175,367,274,219,210,348,1578,0,1578,보문로31길
2019,3,A,골목상권,1000275,1517,731,786,125,403,235,181,223,350,69,191,121,93,118,139,56,212,114,88,105,211,947,0,947,보문로26길
2019,3,A,골목상권,1000274,2355,1144,1211,213,392,365,372,401,612,113,193,200,185,180,273,100,199,165,187,221,339,1264,0,1264,보문로13길
2019,3,A,골목상권,1000273,2961,1468,1493,437,423,421,459,482,739,234,221,218,245,231,319,203,202,203,214,251,420,1236,0,1236,보국문로16길
2019,3,A,골목상권,1000272,278,131,147,27,35,36,35,52,93,15,18,18,16,27,37,12,17,18,19,25,56,146,0,146,동소문로6길
2019,3,A,골목상권,1000271,374,195,179,35,58,43,58,63,117,21,31,24,32,31,56,14,27,19,26,32,61,215,0,215,동소문로2길
2019,3,A,골목상권,1000270,2278,897,1381,149,708,385,299,233,504,61,198,170,142,108,218,88,510,215,157,125,286,1530,0,1530,동소문로26가길
2019,3,A,골목상권,1000269,1084,460,624,127,293,190,146,132,196,68,100,88,66,61,77,59,193,102,80,71,119,622,0,622,동소문로15길
2019,3,A,골목상권,1000268,2936,1331,1605,495,556,412,455,434,584,244,233,195,207,203,249,251,323,217,248,231,335,1299,392,907,동소문로13길
2019,3,A,골목상권,1000267,1332,676,656,144,162,159,165,267,435,76,87,83,95,133,202,68,75,76,70,134,233,628,0,628,돌곶이로8길
2019,3,A,골목상권,1000266,1915,957,958,263,243,270,293,339,507,142,127,154,141,171,222,121,116,116,152,168,285,839,0,839,돌곶이로41길
2019,3,A,골목상권,1000265,1015,553,462,120,128,118,166,210,273,67,64,60,91,124,147,53,64,58,75,86,126,488,97,391,돌곶이로28길
2019,3,A,골목상권,1000264,2740,1388,1352,303,334,311,437,513,842,157,189,168,227,264,383,146,145,143,210,249,459,1270,0,1270,돌곶이로27길
2019,3,A,골목상권,1000263,1179,587,592,144,186,160,181,210,298,66,89,91,87,103,151,78,97,69,94,107,147,606,0,606,돌곶이로22길
2019,3,A,골목상권,1000262,1295,651,644,155,170,150,201,241,378,92,74,76,108,126,175,63,96,74,93,115,203,587,0,587,돌곶이로14길
2019,3,A,골목상권,1000261,275,139,136,15,22,25,33,44,136,8,11,14,19,25,62,7,11,11,14,19,74,172,0,172,길음로7길
2019,3,A,골목상권,1000260,2611,1315,1296,312,353,380,428,494,644,155,177,206,226,251,300,157,176,174,202,243,344,1290,82,1208,중랑천로10길
2019,3,A,골목상권,1000259,3451,1778,1673,438,492,447,501,693,880,213,273,254,273,340,425,225,219,193,228,353,455,1590,107,1483,용마산로94길
2019,3,A,골목상권,1000258,1978,1036,942,171,228,225,283,439,632,84,115,132,153,245,307,87,113,93,130,194,325,1187,0,1187,용마산로118길
2019,3,A,골목상권,1000257,2287,1161,1126,272,321,270,316,455,653,127,171,148,163,240,312,145,150,122,153,215,341,1070,30,1040,용마산로112길
2019,3,A,골목상권,1000256,3066,1549,1517,456,421,417,494,553,725,229,224,216,235,310,335,227,197,201,259,243,390,1396,0,1396,용마산로100길
2019,3,A,골목상권,1000255,3756,1826,1930,777,521,571,508,645,734,399,263,260,276,295,333,378,258,311,232,350,401,1350,484,866,신내로7가길
2019,3,A,골목상권,1000254,3180,1581,1599,304,505,551,501,525,794,174,245,291,278,244,349,130,260,260,223,281,445,1751,0,1751,사가정로54길
2019,3,A,골목상권,1000253,3131,1534,1597,426,438,452,456,567,792,203,228,219,235,261,388,223,210,233,221,306,404,1341,535,806,사가정로42길
2019,3,A,골목상권,1000252,3893,1907,1986,691,512,557,632,676,825,348,274,291,312,320,362,343,238,266,320,356,463,1458,399,1059,봉화산로56길
2019,3,A,골목상권,1000251,4652,2474,2178,442,613,687,707,954,1249,246,322,380,395,523,608,196,291,307,312,431,641,2410,0,2410,봉화산로4길
2019,3,A,골목상권,1000250,3219,1629,1590,421,522,547,453,555,721,228,257,291,237,286,330,193,265,256,216,269,391,1537,0,1537,봉화산로30길
2019,3,A,골목상권,1000249,2159,1037,1122,174,454,511,272,324,424,81,188,275,140,151,202,93,266,236,132,173,222,1222,0,1222,봉우재로33길
2019,3,A,골목상권,1000248,5399,2673,2726,648,808,814,790,1001,1338,320,404,456,408,495,590,328,404,358,382,506,748,2640,22,2618,면목로78길
2019,3,A,골목상권,1000247,2848,1448,1400,324,429,391,428,609,667,171,238,218,214,295,312,153,191,173,214,314,355,1367,0,1367,면목로56길
2019,3,A,골목상권,1000246,1994,1014,980,298,283,301,339,366,407,151,143,151,185,190,194,147,140,150,154,176,213,940,0,940,면목로55길
2019,3,A,골목상권,1000245,2887,1455,1432,284,353,503,467,509,771,166,157,277,257,244,354,118,196,226,210,265,417,1614,0,1614,면목로49길
2019,3,A,골목상권,1000244,3095,1490,1605,373,485,551,473,531,682,187,222,288,243,247,303,186,263,263,230,284,379,1529,0,1529,면목로48길
2019,3,A,골목상권,1000243,1356,684,672,114,224,190,217,251,360,55,117,95,119,136,162,59,107,95,98,115,198,728,0,728,면목로45길
2019,3,A,골목상권,1000242,2668,1356,1312,410,357,381,451,447,622,220,181,199,233,248,275,190,176,182,218,199,347,1231,0,1231,면목로33길
2019,3,A,골목상권,1000241,1920,971,949,252,271,295,327,334,441,132,146,151,179,167,196,120,125,144,148,167,245,884,0,884,면목로21길
2019,3,A,골목상권,1000240,1447,780,667,170,186,154,222,292,423,86,114,87,123,153,217,84,72,67,99,139,206,739,0,739,망우로73길
2019,3,A,골목상권,1000239,2371,1219,1152,289,355,339,325,473,590,151,194,186,163,232,293,138,161,153,162,241,297,1154,0,1154,망우로68길
2019,3,A,골목상권,1000238,3673,1839,1834,480,528,698,535,636,796,239,254,392,263,324,367,241,274,306,272,312,429,1838,0,1838,동일로163길
2019,3,A,골목상권,1000237,2697,1341,1356,261,467,500,392,460,617,132,212,277,212,237,271,129,255,223,180,223,346,1470,0,1470,동일로157길
2019,3,A,골목상권,1000236,3015,1486,1529,438,446,512,465,506,648,229,224,268,232,247,286,209,222,244,233,259,362,1362,0,1362,동일로149길
2019,3,A,골목상권,1000235,2426,1269,1157,322,354,421,330,428,571,189,198,219,187,219,257,133,156,202,143,209,314,1089,0,1089,동일로140길
2019,3,A,골목상권,1000234,2839,1444,1395,232,365,386,414,618,824,115,182,209,216,326,396,117,183,177,198,292,428,1555,0,1555,동일로139길
2019,3,A,골목상권,1000233,1752,897,855,222,264,259,234,354,419,115,135,139,123,179,206,107,129,120,111,175,213,762,110,652,동일로139가길
2019,3,A,골목상권,1000232,3433,1649,1784,480,552,547,471,635,748,228,282,271,240,297,331,252,270,276,231,338,417,1547,0,1547,동일로130길
2019,3,A,골목상권,1000231,2694,1353,1341,263,400,376,379,581,695,151,200,195,189,297,321,112,200,181,190,284,374,1422,0,1422,동일로123길
2019,3,A,골목상권,1000230,4319,2131,2188,389,786,836,615,784,909,212,373,420,323,377,426,177,413,416,292,407,483,2378,0,2378,동일로112길
2019,3,A,골목상권,1000229,3029,1496,1533,460,401,365,534,574,695,204,201,197,276,298,320,256,200,168,258,276,375,1366,146,1220,동일로101길
2019,3,A,골목상권,1000228,5044,2557,2487,612,787,762,699,988,1196,316,393,422,357,497,572,296,394,340,342,491,624,2339,59,2280,동일로100길
2019,3,A,골목상권,1000227,1960,969,991,258,288,302,301,386,425,132,136,166,146,198,191,126,152,136,155,188,234,917,19,898,답십리로75길
2019,3,A,골목상권,1000226,4220,2043,2177,503,624,775,642,624,1052,259,307,384,327,289,477,244,317,391,315,335,575,2034,364,1670,공릉로2길
2019,3,A,골목상권,1000225,1419,708,711,298,183,201,249,213,275,155,106,102,122,101,122,143,77,99,127,112,153,565,127,438,공릉로12가길
2019,3,A,골목상권,1000224,5220,2623,2597,671,823,877,792,967,1090,342,434,459,409,479,500,329,389,418,383,488,590,2377,109,2268,겸재로54길
2019,3,A,골목상권,1000223,4285,2092,2193,450,633,660,709,793,1040,228,291,340,352,398,483,222,342,320,357,395,557,2387,0,2387,겸재로36길
2019,3,A,골목상권,1000222,2290,1175,1115,233,356,368,343,430,560,121,184,195,192,224,259,112,172,173,151,206,301,1242,196,1046,겸재로29길
2019,3,A,골목상권,1000221,2597,1285,1312,231,463,392,383,468,660,115,230,208,211,246,275,116,233,184,172,222,385,1442,0,1442,휘경로3길
2019,3,A,골목상권,1000220,1304,673,631,113,374,206,162,174,275,52,187,129,94,88,123,61,187,77,68,86,152,788,0,788,휘경로2길
2019,3,A,골목상권,1000219,2534,1247,1287,222,310,350,436,414,802,106,171,190,237,222,321,116,139,160,199,192,481,1491,0,1491,휘경로23길
2019,3,A,골목상권,1000218,1974,1025,949,151,299,253,313,382,576,78,164,140,181,198,264,73,135,113,132,184,312,1099,0,1099,휘경로14길
2019,3,A,골목상권,1000217,2386,1150,1236,429,278,315,429,391,544,213,127,175,193,195,247,216,151,140,236,196,297,922,421,501,한천로46길
2019,3,A,골목상권,1000216,1844,926,918,187,240,208,293,348,568,90,130,110,155,185,256,97,110,98,138,163,312,985,0,985,한천로40길
2019,3,A,골목상권,1000215,872,424,448,123,122,121,153,161,192,64,54,55,83,78,90,59,68,66,70,83,102,390,0,390,한천로33길
2019,3,A,골목상권,1000214,3130,1634,1496,318,368,415,493,649,887,170,191,221,275,354,423,148,177,194,218,295,464,1674,44,1630,한천로14길
2019,3,A,골목상권,1000213,2761,1420,1341,409,429,507,470,393,553,216,216,270,251,190,277,193,213,237,219,203,276,1224,418,806,천호대로97길
2019,3,A,골목상권,1000212,2360,1225,1135,288,356,379,364,423,550,149,195,212,184,203,282,139,161,167,180,220,268,1023,93,930,천호대로77길
2019,3,A,골목상권,1000211,2583,1359,1224,240,398,389,337,421,798,124,217,223,196,219,380,116,181,166,141,202,418,1346,0,1346,천호대로45길
2019,3,A,골목상권,1000210,2859,1413,1446,243,606,564,416,433,597,130,274,303,222,229,255,113,332,261,194,204,342,1712,35,1677,천호대로17길
2019,3,A,골목상권,1000209,207,117,90,26,25,23,37,45,51,13,14,13,25,25,27,13,11,10,12,20,24,104,0,104,천호대로12길
2019,3,A,골목상권,1000208,1387,700,687,131,764,146,92,83,171,53,403,82,46,37,79,78,361,64,46,46,92,1051,0,1051,천장산로7길
2019,3,A,골목상권,1000207,1016,559,457,62,214,155,140,155,290,35,122,97,85,90,130,27,92,58,55,65,160,656,0,656,제기로5길
2019,3,A,골목상권,1000206,3144,1599,1545,279,310,330,409,546,1270,137,172,201,219,287,583,142,138,129,190,259,687,1832,0,1832,제기로21길
2019,3,A,골목상권,1000205,1473,768,705,119,183,145,242,322,462,68,103,76,134,176,211,51,80,69,108,146,251,872,0,872,전농로4길
2019,3,A,골목상권,1000204,1649,830,819,212,244,172,263,311,447,116,129,94,126,155,210,96,115,78,137,156,237,776,0,776,전농로3길
2019,3,A,골목상권,1000203,1970,978,992,231,278,225,284,379,573,116,162,129,142,186,243,115,116,96,142,193,330,972,0,972,전농로29길
2019,3,A,골목상권,1000202,2291,1145,1146,320,334,400,336,398,503,170,171,201,163,191,249,150,163,199,173,207,254,960,162,798,장한로8길
2019,3,A,골목상권,1000201,2085,1041,1044,298,304,349,309,357,468,161,147,185,164,171,213,137,157,164,145,186,255,910,305,605,장한로5길
2019,3,A,골목상권,1000200,932,501,431,101,110,146,155,187,233,55,62,78,87,100,119,46,48,68,68,87,114,497,25,472,장한로27길
2019,3,A,골목상권,1000199,974,476,498,121,131,124,152,173,273,55,71,59,76,92,123,66,60,65,76,81,150,446,0,446,장한로27가길
2019,3,A,골목상권,1000198,2624,1290,1334,505,287,371,512,359,590,258,145,165,272,175,275,247,142,206,240,184,315,981,293,688,장한로26길
2019,3,A,골목상권,1000197,1417,703,714,203,210,298,221,200,285,97,93,156,120,93,144,106,117,142,101,107,141,674,313,361,장한로26가길
2019,3,A,골목상권,1000196,602,307,295,77,80,113,77,114,141,42,46,64,39,53,63,35,34,49,38,61,78,271,0,271,장한로25길
2019,3,A,골목상권,1000195,1457,746,711,252,168,233,243,199,362,135,90,120,134,97,170,117,78,113,109,102,192,538,140,398,장한로14길
2019,3,A,골목상권,1000194,3339,1700,1639,384,552,453,488,549,913,208,275,263,254,283,417,176,277,190,234,266,496,1676,0,1676,이문로42길
2019,3,A,골목상권,1000193,3473,1786,1687,360,398,457,521,666,1071,187,224,243,296,365,471,173,174,214,225,301,600,1898,310,1588,왕산로43길
2019,3,A,골목상권,1000192,627,313,314,40,65,67,73,105,277,17,32,37,39,57,131,23,33,30,34,48,146,363,0,363,왕산로33길
2019,3,A,골목상권,1000191,1076,566,510,68,185,160,138,188,337,31,98,86,87,107,157,37,87,74,51,81,180,632,0,632,왕산로32길
2019,3,A,골목상권,1000190,1564,820,744,98,183,173,197,286,627,54,97,100,124,168,277,44,86,73,73,118,350,927,0,927,약령시로17길
2019,3,A,골목상권,1000189,2393,1211,1182,384,303,428,402,348,528,208,142,223,213,184,241,176,161,205,189,164,287,1115,114,1001,서울시립대로4길
2019,3,A,골목상권,1000188,4149,2109,2040,425,1124,622,440,551,987,228,601,359,248,254,419,197,523,263,192,297,568,2336,0,2336,서울시립대로29길
2019,3,A,골목상권,1000187,3392,1662,1730,413,561,382,501,667,868,208,284,217,258,316,379,205,277,165,243,351,489,1494,437,1057,서울시립대로16길
2019,3,A,골목상권,1000186,1821,891,930,249,253,282,293,316,428,123,139,137,148,160,184,126,114,145,145,156,244,860,155,705,사가정로2길
2019,3,A,골목상권,1000185,2021,977,1044,318,282,272,324,352,473,156,145,143,155,159,219,162,137,129,169,193,254,780,150,630,사가정로23가길
2019,3,A,골목상권,1000184,2001,978,1023,205,275,252,254,405,610,98,148,136,129,202,265,107,127,116,125,203,345,1006,0,1006,사가정로13길
2019,3,A,골목상권,1000183,1054,620,434,94,326,178,117,135,204,46,219,118,66,76,95,48,107,60,51,59,109,667,0,667,무학로45길
2019,3,A,골목상권,1000182,1368,702,666,158,184,186,205,267,368,76,112,105,112,125,172,82,72,81,93,142,196,635,0,635,무학로16길
2019,3,A,골목상권,1000181,559,285,274,76,87,73,72,90,161,39,41,43,35,43,84,37,46,30,37,47,77,252,107,145,망우로21길
2019,3,A,골목상권,1000180,1556,765,791,163,550,216,187,163,277,78,270,115,100,80,122,85,280,101,87,83,155,955,0,955,망우로18길
2019,3,A,골목상권,1000179,2586,1346,1240,228,890,331,256,317,564,115,504,195,137,140,255,113,386,136,119,177,309,1557,0,1557,망우로18가길
2019,3,A,골목상권,1000178,1142,558,584,156,161,223,168,192,242,76,82,106,89,90,115,80,79,117,79,102,127,530,22,508,답십리로72길
2019,3,A,골목상권,1000177,1795,946,849,309,195,314,292,275,410,172,107,165,157,136,209,137,88,149,135,139,201,711,267,444,답십리로69길
2019,3,A,골목상권,1000176,3318,1714,1604,385,485,730,579,557,582,223,246,400,304,276,265,162,239,330,275,281,317,1652,0,1652,답십리로68길
2019,3,A,골목상권,1000175,2831,1412,1419,352,366,449,451,538,675,178,185,249,236,270,294,174,181,200,215,268,381,1384,35,1349,답십리로64길
2019,3,A,골목상권,1000174,1374,706,668,153,191,188,217,248,377,70,103,115,115,125,178,83,88,73,102,123,199,656,0,656,답십리로63길
2019,3,A,골목상권,1000173,1715,880,835,203,233,225,246,332,476,104,122,127,133,167,227,99,111,98,113,165,249,790,140,650,답십리로60길
2019,3,A,골목상권,1000172,3636,1799,1837,416,455,466,574,670,1055,201,249,253,299,332,465,215,206,213,275,338,590,1729,451,1278,답십리로56길
2019,3,A,골목상권,1000171,2334,1151,1183,300,366,335,344,407,582,172,178,163,182,196,260,128,188,172,162,211,322,1113,89,1024,답십리로23길
2019,3,A,골목상권,1000170,214,127,87,20,29,32,35,31,67,13,15,20,20,18,41,7,14,12,15,13,26,111,0,111,난계로30길
2019,3,A,골목상권,1000169,1245,634,611,119,429,169,155,142,231,55,228,97,79,70,105,64,201,72,76,72,126,779,0,779,경희대로4길
2019,3,A,골목상권,1000168,601,283,318,42,228,108,61,57,105,19,99,56,28,34,47,23,129,52,33,23,58,414,0,414,경희대로3길
2019,3,A,골목상권,1000167,3330,1600,1730,485,503,549,513,558,722,247,246,275,255,254,323,238,257,274,258,304,399,1369,22,1347,천호대로129길
2019,3,A,골목상권,1000166,3065,1474,1591,454,489,536,460,545,581,241,233,262,227,248,263,213,256,274,233,297,318,1315,0,1315,천호대로123길
2019,3,A,골목상권,1000165,3559,1663,1896,408,688,729,502,554,678,207,281,344,242,267,322,201,407,385,260,287,356,1769,214,1555,천호대로109길
2019,3,A,골목상권,1000164,3711,1870,1841,552,549,513,597,693,807,285,305,247,310,350,373,267,244,266,287,343,434,1626,150,1476,자양번영로3길
2019,3,A,골목상권,1000163,2772,1340,1432,397,374,457,386,508,650,208,174,222,187,246,303,189,200,235,199,262,347,1174,0,1174,자양로53길
2019,3,A,골목상권,1000162,4521,2199,2322,666,621,696,697,763,1078,356,330,356,337,344,476,310,291,340,360,419,602,1924,17,1907,자양로50길
2019,3,A,골목상권,1000161,2530,1204,1326,283,406,431,387,465,558,155,190,196,193,215,255,128,216,235,194,250,303,1140,0,1140,자양로45길
2019,3,A,골목상권,1000160,3052,1455,1597,365,626,550,494,495,522,187,277,273,239,239,240,178,349,277,255,256,282,1482,58,1424,자양로26길
2019,3,A,골목상권,1000159,1886,846,1040,209,351,316,269,301,440,106,151,133,118,145,193,103,200,183,151,156,247,968,0,968,자양로15길
2019,3,A,골목상권,1000158,3832,1873,1959,399,619,701,552,671,890,194,309,369,279,321,401,205,310,332,273,350,489,2055,0,2055,자양로11길
2019,3,A,골목상권,1000157,3903,1902,2001,642,619,773,592,583,694,357,305,366,291,271,312,285,314,407,301,312,382,1715,39,1676,용마산로3길
2019,3,A,골목상권,1000156,5416,2681,2735,701,879,989,772,981,1094,349,438,525,376,484,509,352,441,464,396,497,585,2408,38,2370,용마산로21길
2019,3,A,골목상권,1000155,1476,708,768,215,198,331,216,211,305,112,95,151,109,98,143,103,103,180,107,113,162,639,201,438,아차산로78길
2019,3,A,골목상권,1000154,3001,1415,1586,593,445,457,541,433,532,274,220,217,255,207,242,319,225,240,286,226,290,1246,70,1176,아차산로65길
2019,3,A,골목상권,1000153,2877,1344,1533,248,639,636,387,403,564,132,305,310,198,160,239,116,334,326,189,243,325,1517,0,1517,아차산로55길
2019,3,A,골목상권,1000152,1779,832,947,167,472,396,216,257,271,85,199,192,101,131,124,82,273,204,115,126,147,1013,0,1013,아차산로51길
2019,3,A,골목상권,1000151,3042,1494,1548,398,561,533,444,493,613,206,274,263,226,252,273,192,287,270,218,241,340,1406,46,1360,아차산로40길
2019,3,A,골목상권,1000150,4210,2099,2111,429,614,743,598,799,1027,215,321,401,297,390,475,214,293,342,301,409,552,2155,0,2155,면목로17길
2019,3,A,골목상권,1000149,2935,1471,1464,407,507,475,435,503,608,223,251,252,208,241,296,184,256,223,227,262,312,1293,0,1293,뚝섬로64길
2019,3,A,골목상권,1000148,3603,1730,1873,609,532,642,592,538,690,311,254,324,271,256,314,298,278,318,321,282,376,1455,33,1422,뚝섬로58길
2019,3,A,골목상권,1000147,3665,1805,1860,664,526,665,665,567,578,344,270,337,313,273,268,320,256,328,352,294,310,1461,30,1431,뚝섬로54길
2019,3,A,골목상권,1000146,3659,1781,1878,475,580,718,589,582,715,244,281,352,299,279,326,231,299,366,290,303,389,1696,0,1696,뚝섬로48길
2019,3,A,골목상권,1000145,2990,1508,1482,328,419,489,451,564,739,165,216,275,223,288,341,163,203,214,228,276,398,1476,0,1476,뚝섬로24길
2019,3,A,골목상권,1000144,1914,941,973,218,264,295,286,354,497,103,133,154,156,179,216,115,131,141,130,175,281,989,88,901,뚝섬로23길
2019,3,A,골목상권,1000143,2973,1440,1533,233,928,608,354,348,502,124,399,319,196,171,231,109,529,289,158,177,271,1849,169,1680,동일로24길
2019,3,A,골목상권,1000142,1845,958,887,154,326,320,267,335,443,77,165,177,144,191,204,77,161,143,123,144,239,1058,0,1058,동일로18길
2019,3,A,골목상권,1000141,3013,1483,1530,639,399,471,543,502,459,329,199,218,267,246,224,310,200,253,276,256,235,1071,389,682,능동로4길
2019,3,A,골목상권,1000140,3639,1812,1827,348,460,523,516,724,1068,167,242,263,278,367,495,181,218,260,238,357,573,1901,205,1696,능동로3길
2019,3,A,골목상권,1000139,5108,2347,2761,579,941,1245,747,653,943,301,388,563,374,303,418,278,553,682,373,350,525,2702,0,2702,능동로34길
2019,3,A,골목상권,1000138,2317,1125,1192,96,887,399,241,274,420,35,383,208,142,168,189,61,504,191,99,106,231,1847,0,1847,능동로19길
2019,3,A,골목상권,1000137,3647,1728,1919,217,1418,717,352,387,556,112,615,373,186,201,241,105,803,344,166,186,315,2530,0,2530,능동로13길
2019,3,A,골목상권,1000136,2083,1048,1035,246,339,368,305,354,471,133,161,197,161,175,221,113,178,171,144,179,250,986,0,986,긴고랑로9길
2019,3,A,골목상권,1000135,4150,2091,2059,408,684,870,596,695,897,236,327,455,315,334,424,172,357,415,281,361,473,2086,20,2066,긴고랑로8길
2019,3,A,골목상권,1000134,4756,2316,2440,668,701,723,794,837,1033,338,338,365,398,407,470,330,363,358,396,430,563,2222,31,2191,긴고랑로7길
2019,3,A,골목상권,1000133,4137,1973,2164,518,675,736,620,707,881,272,316,359,304,320,402,246,359,377,316,387,479,1997,0,1997,긴고랑로20길
2019,3,A,골목상권,1000132,4356,2072,2284,586,734,831,712,661,832,275,361,408,353,312,363,311,373,423,359,349,469,2061,0,2061,광나루로52길
2019,3,A,골목상권,1000131,3897,1941,1956,425,700,802,612,532,826,205,343,429,317,283,364,220,357,373,295,249,462,1953,0,1953,광나루로40길
2019,3,A,골목상권,1000130,679,329,350,104,100,102,96,118,159,52,48,51,50,62,66,52,52,51,46,56,93,316,0,316,광나루로37길
2019,3,A,골목상권,1000129,2665,1284,1381,340,423,487,420,420,575,155,212,233,221,212,251,185,211,254,199,208,324,1367,0,1367,광나루로36길
2019,3,A,골목상권,1000128,1289,684,605,89,439,213,151,157,240,44,246,120,91,77,106,45,193,93,60,80,134,826,0,826,광나루로24길
2019,3,A,골목상권,1000127,2765,1353,1412,128,1460,607,220,167,183,57,636,338,132,95,95,71,824,269,88,72,88,2316,41,2275,광나루로12길
2019,3,A,골목상권,1000126,2107,976,1131,203,278,352,306,387,581,89,123,172,154,203,235,114,155,180,152,184,346,1019,700,319,한림말길
2019,3,A,골목상권,1000125,922,437,485,117,133,175,149,119,229,58,58,84,77,58,102,59,75,91,72,61,127,488,57,431,한림말3길
2019,3,A,골목상권,1000124,2624,1338,1286,307,419,356,393,498,651,163,227,193,199,263,293,144,192,163,194,235,358,1221,0,1221,청계천로10나길
2019,3,A,골목상권,1000123,1949,943,1006,199,255,293,307,319,576,109,129,148,157,154,246,90,126,145,150,165,330,988,0,988,장터길
2019,3,A,골목상권,1000122,2613,1350,1263,295,419,327,429,477,666,157,222,180,228,243,320,138,197,147,201,234,346,1232,0,1232,용답중앙길
2019,3,A,골목상권,1000121,3063,1536,1527,313,478,453,476,571,772,155,228,239,252,308,354,158,250,214,224,263,418,1613,0,1613,용답29길
2019,3,A,골목상권,1000120,2259,1143,1116,310,344,385,405,315,500,173,174,192,202,159,243,137,170,193,203,156,257,1073,175,898,왕십리로6길
2019,3,A,골목상권,1000119,2870,1363,1507,319,528,488,446,421,668,149,231,249,233,209,292,170,297,239,213,212,376,1480,94,1386,왕십리로31길
2019,3,A,골목상권,1000118,2882,1438,1444,353,591,427,446,498,567,184,273,220,232,273,256,169,318,207,214,225,311,1485,0,1485,왕십리로26길
2019,3,A,골목상권,1000117,2417,1131,1286,306,478,368,398,380,487,150,216,188,194,178,205,156,262,180,204,202,282,1186,0,1186,왕십리로21길
2019,3,A,골목상권,1000116,1831,945,886,216,331,298,273,316,397,123,165,144,138,167,208,93,166,154,135,149,189,899,77,822,왕십리로14길
2019,3,A,골목상권,1000115,1820,953,867,184,384,341,259,315,337,109,187,190,138,170,159,75,197,151,121,145,178,918,0,918,아차산로5길
2019,3,A,골목상권,1000114,429,249,180,7,149,161,52,31,29,3,56,104,43,24,19,4,93,57,9,7,10,397,0,397,아차산로15길
2019,3,A,골목상권,1000113,355,206,149,38,47,62,71,72,65,18,24,33,45,44,42,20,23,29,26,28,23,197,0,197,아차산로11길
2019,3,A,골목상권,1000112,2678,1440,1238,276,473,382,368,553,626,140,256,207,213,311,313,136,217,175,155,242,313,1414,0,1414,송정4가길
2019,3,A,골목상권,1000111,1292,693,599,151,200,187,194,242,318,85,109,100,115,132,152,66,91,87,79,110,166,661,0,661,송정12라길
2019,3,A,골목상권,1000110,624,355,269,69,120,84,110,127,114,32,64,45,63,84,67,37,56,39,47,43,47,370,0,370,성수일로6길
2019,3,A,골목상권,1000109,1289,695,594,107,300,236,172,223,251,56,137,141,98,128,135,51,163,95,74,95,116,778,26,752,성수이로7길
2019,3,A,골목상권,1000108,259,150,109,31,36,25,51,61,55,15,18,18,33,42,24,16,18,7,18,19,31,146,0,146,성수이로18길
2019,3,A,골목상권,1000107,3209,1669,1540,390,540,417,491,702,669,203,299,232,243,397,295,187,241,185,248,305,374,1559,0,1559,성덕정길
2019,3,A,골목상권,1000106,3526,1880,1646,377,481,476,528,762,902,194,255,259,297,445,430,183,226,217,231,317,472,1813,0,1813,성덕정17길
2019,3,A,골목상권,1000105,1793,895,898,233,287,355,286,278,354,113,158,181,152,137,154,120,129,174,134,141,200,880,54,826,서울숲2길
2019,3,A,골목상권,1000104,1128,576,552,131,206,217,195,176,203,64,102,113,105,97,95,67,104,104,90,79,108,611,0,611,상원길
2019,3,A,골목상권,1000103,2392,1211,1181,331,415,440,362,401,443,170,205,234,197,204,201,161,210,206,165,197,242,1131,442,689,상원12길
2019,3,A,골목상권,1000102,2405,1346,1059,169,967,304,213,252,500,82,614,185,119,124,222,87,353,119,94,128,278,1645,0,1645,사근동길
2019,3,A,골목상권,1000101,2274,1137,1137,364,385,330,371,368,456,195,205,170,180,181,206,169,180,160,191,187,250,1002,251,751,무학봉길
2019,3,A,골목상권,1000100,1004,463,541,77,225,158,145,177,222,35,96,77,76,92,87,42,129,81,69,85,135,596,0,596,무학봉28길
2019,3,A,골목상권,1000099,1814,892,922,191,322,313,280,302,406,103,151,154,151,153,180,88,171,159,129,149,226,950,111,839,무학로6길
2019,3,A,골목상권,1000098,2199,1053,1146,265,263,325,383,376,587,127,117,165,202,193,249,138,146,160,181,183,338,1175,0,1175,무수막길
2019,3,A,골목상권,1000097,5859,2768,3091,976,726,1508,953,808,888,501,353,675,475,368,396,475,373,833,478,440,492,2373,0,2373,매봉길
2019,3,A,골목상권,1000096,1219,570,649,76,587,208,78,109,161,37,266,99,36,53,79,39,321,109,42,56,82,897,0,897,마조로1길
2019,3,A,골목상권,1000095,2709,1352,1357,317,409,336,395,462,790,169,195,169,211,241,367,148,214,167,184,221,423,1378,302,1076,마조로16길
2019,3,A,골목상권,1000094,1329,653,676,238,197,199,238,217,240,124,97,105,113,100,114,114,100,94,125,117,126,483,35,448,마장로39길
2019,3,A,골목상권,1000093,1827,916,911,230,300,288,254,302,453,131,152,143,141,146,203,99,148,145,113,156,250,875,0,875,마장로27길
2019,3,A,골목상권,1000092,1831,889,942,266,286,351,301,304,323,119,141,166,145,175,143,147,145,185,156,129,180,914,87,827,뚝섬로5길
2019,3,A,골목상권,1000091,2877,1548,1329,301,445,379,439,644,669,154,243,218,241,371,321,147,202,161,198,273,348,1502,0,1502,둘레9길
2019,3,A,골목상권,1000090,3321,1647,1674,443,464,443,516,593,862,248,237,235,256,296,375,195,227,208,260,297,487,1433,109,1324,금호산길
2019,3,A,골목상권,1000089,2321,1168,1153,291,363,320,326,401,620,162,207,173,165,196,265,129,156,147,161,205,355,1064,0,1064,금호산2길
2019,3,A,골목상권,1000088,4112,1971,2141,235,687,841,381,1008,960,124,481,322,203,384,457,111,206,519,178,624,503,2059,14,2045,고산자로6길
2019,3,A,골목상권,1000087,5621,2687,2934,873,785,927,950,868,1218,461,392,449,470,401,514,412,393,478,480,467,704,2665,12,2653,후암로28길
2019,3,A,골목상권,1000086,3151,1495,1656,442,475,568,489,460,717,223,232,292,230,226,292,219,243,276,259,234,425,1496,48,1448,효창원로39길
2019,3,A,골목상권,1000085,2228,987,1241,189,272,337,351,353,726,96,144,155,165,152,275,93,128,182,186,201,451,1316,0,1316,회나무로13길
2019,3,A,골목상권,1000084,566,257,309,42,94,130,88,73,139,20,32,68,42,36,59,22,62,62,46,37,80,362,0,362,한남대로20길
2019,3,A,골목상권,1000083,109,84,25,3,6,11,24,28,37,2,4,8,17,26,27,1,2,3,7,2,10,101,0,101,한강대로88길
2019,3,A,골목상권,1000082,751,407,344,59,66,105,101,134,286,38,38,58,62,78,133,21,28,47,39,56,153,433,0,433,한강대로7길
2019,3,A,골목상권,1000081,901,457,444,81,123,148,111,167,271,49,64,80,58,87,119,32,59,68,53,80,152,542,0,542,한강대로62길
2019,3,A,골목상권,1000080,666,337,329,33,99,147,99,71,217,18,56,82,50,50,81,15,43,65,49,21,136,464,0,464,한강대로52길
2019,3,A,골목상권,1000079,1590,753,837,115,295,507,227,197,249,63,113,228,116,102,131,52,182,279,111,95,118,1025,0,1025,한강대로43길
2019,3,A,골목상권,1000078,474,253,221,32,55,68,78,84,157,16,35,45,47,43,67,16,20,23,31,41,90,279,0,279,한강대로15길
2019,3,A,골목상권,1000077,2701,1474,1227,277,363,408,431,539,683,155,176,200,263,338,342,122,187,208,168,201,341,1603,0,1603,한강대로104길
2019,3,A,골목상권,1000076,2495,1272,1223,264,418,360,401,453,599,148,235,200,208,226,255,116,183,160,193,227,344,1309,0,1309,청파로73길
2019,3,A,골목상권,1000075,4221,2138,2083,546,753,693,671,687,871,286,407,393,337,329,386,260,346,300,334,358,485,1945,9,1936,청파로71길
2019,3,A,골목상권,1000074,3109,1469,1640,374,729,651,451,391,513,204,266,342,225,196,236,170,463,309,226,195,277,1672,15,1657,청파로47나길
2019,3,A,골목상권,1000073,1678,654,1024,146,580,272,198,170,312,69,153,122,81,89,140,77,427,150,117,81,172,1100,0,1100,청파로47길
2019,3,A,골목상권,1000072,2928,1394,1534,306,451,472,444,494,761,167,231,247,217,214,318,139,220,225,227,280,443,1421,0,1421,장문로45길
2019,3,A,골목상권,1000071,2351,1033,1318,135,256,420,386,389,765,69,93,210,200,180,281,66,163,210,186,209,484,1633,0,1633,이태원로54길
2019,3,A,골목상권,1000070,636,314,322,52,106,125,93,81,179,24,53,75,48,40,74,28,53,50,45,41,105,339,0,339,이태원로27길
2019,3,A,골목상권,1000069,1812,866,946,180,178,224,276,333,621,100,91,125,149,164,237,80,87,99,127,169,384,936,228,708,이촌로22길
2019,3,A,골목상권,1000068,1019,493,526,81,190,187,174,153,234,42,67,101,92,84,107,39,123,86,82,69,127,601,0,601,원효로89길
2019,3,A,골목상권,1000067,2331,1166,1165,238,398,489,325,333,548,122,203,266,179,167,229,116,195,223,146,166,319,1223,0,1223,원효로53길
2019,3,A,골목상권,1000066,1491,724,767,219,183,198,263,219,409,95,102,109,143,101,174,124,81,89,120,118,235,688,0,688,원효로41길
2019,3,A,골목상권,1000065,1866,903,963,256,325,312,287,283,403,130,158,155,143,136,181,126,167,157,144,147,222,834,38,796,원효로19길
2019,3,A,골목상권,1000064,2302,1154,1148,220,412,373,338,380,579,119,241,205,168,176,245,101,171,168,170,204,334,1252,0,1252,우사단로4길
2019,3,A,골목상권,1000063,1235,631,604,111,162,273,210,183,296,58,84,153,115,86,135,53,78,120,95,97,161,717,46,671,우사단로14길
2019,3,A,골목상권,1000062,2666,1423,1243,223,429,492,409,451,662,126,264,290,224,244,275,97,165,202,185,207,387,1537,0,1537,우사단로10길
2019,3,A,골목상권,1000061,2708,1319,1389,379,376,446,419,397,691,202,192,239,212,181,293,177,184,207,207,216,398,1253,0,1253,신흥로20길
2019,3,A,골목상권,1000060,2227,1069,1158,233,328,428,298,346,594,117,173,223,135,159,262,116,155,205,163,187,332,1120,0,1120,소월로20길
2019,3,A,골목상권,1000059,2522,1200,1322,284,318,286,391,460,783,141,154,150,201,235,319,143,164,136,190,225,464,1255,0,1255,서빙고로71길
2019,3,A,골목상권,1000058,4152,1979,2173,619,630,1076,694,530,603,314,237,505,361,252,310,305,393,571,333,278,293,2091,303,1788,백범로90길
2019,3,A,골목상권,1000057,4401,2058,2343,595,778,888,674,639,827,305,329,458,327,299,340,290,449,430,347,340,487,2001,16,1985,백범로79길
2019,3,A,골목상권,1000056,3185,1705,1480,283,439,435,480,565,983,148,243,230,263,334,487,135,196,205,217,231,496,1926,0,1926,두텁바위로1길
2019,3,A,골목상권,1000055,1423,684,739,141,273,264,179,232,334,70,140,135,88,108,143,71,133,129,91,124,191,739,0,739,대사관로34길
2019,3,A,골목상권,1000054,850,432,418,99,151,166,128,102,204,52,96,80,65,52,87,47,55,86,63,50,117,455,0,455,녹사평대로46길
2019,3,A,골목상권,1000053,771,358,413,101,125,144,121,89,191,41,55,76,64,41,81,60,70,68,57,48,110,394,0,394,녹사평대로40나길
2019,3,A,골목상권,1000052,534,272,262,49,81,123,74,61,146,30,45,63,42,27,65,19,36,60,32,34,81,289,0,289,녹사평대로32길
2019,3,A,골목상권,1000051,955,449,506,82,161,199,127,145,241,45,84,107,54,69,90,37,77,92,73,76,151,519,0,519,녹사평대로26길
2019,3,A,골목상권,1000050,418,204,214,44,51,79,72,58,114,23,26,39,33,38,45,21,25,40,39,20,69,213,0,213,녹사평대로11길
2019,3,A,골목상권,1000049,3440,1717,1723,355,546,411,584,661,883,184,269,207,308,362,387,171,277,204,276,299,496,1838,0,1838,퇴계로90길
2019,3,A,골목상권,1000048,1491,762,729,83,142,145,190,245,686,34,60,88,94,133,353,49,82,57,96,112,333,1036,0,1036,퇴계로8길
2019,3,A,골목상권,1000047,1130,580,550,92,182,132,157,199,368,50,104,74,90,101,161,42,78,58,67,98,207,623,0,623,퇴계로56길
2019,3,A,골목상권,1000046,618,322,296,84,136,108,79,63,148,46,64,59,48,34,71,38,72,49,31,29,77,366,0,366,퇴계로46길
2019,3,A,골목상권,1000045,706,350,356,93,94,126,113,87,193,46,55,69,55,42,83,47,39,57,58,45,110,406,0,406,퇴계로18길
2019,3,A,골목상권,1000044,935,457,478,83,111,119,153,149,320,50,58,67,87,73,122,33,53,52,66,76,198,491,113,378,퇴계로12길
2019,3,A,골목상권,1000043,2037,952,1085,221,286,247,328,392,563,103,134,136,162,203,214,118,152,111,166,189,349,1071,0,1071,청구로1길
2019,3,A,골목상권,1000042,1792,890,902,206,311,272,257,311,435,108,146,152,125,157,202,98,165,120,132,154,233,896,0,896,청구로17길
2019,3,A,골목상권,1000041,1480,746,734,143,279,234,227,235,362,73,145,122,125,115,166,70,134,112,102,120,196,796,0,796,장충단로8길
2019,3,A,골목상권,1000040,107,63,44,29,10,28,16,13,11,19,5,16,8,8,7,10,5,12,8,5,4,46,0,46,삼일대로4길
2019,3,A,골목상권,1000039,531,36,495,0,9,48,113,104,257,0,1,4,9,14,8,0,8,44,104,90,249,23,0,23,명동길
2019,3,A,골목상권,1000038,697,329,368,93,132,128,107,85,152,45,62,64,54,45,59,48,70,64,53,40,93,347,0,347,동호로8길
2019,3,A,골목상권,1000037,2114,1003,1111,288,359,345,341,328,453,149,174,179,157,148,196,139,185,166,184,180,257,963,0,963,동호로20길
2019,3,A,골목상권,1000036,1877,906,971,175,274,229,303,320,576,96,132,116,150,177,235,79,142,113,153,143,341,958,0,958,동호로15길
2019,3,A,골목상권,1000035,4601,2259,2342,526,730,741,757,731,1116,291,381,392,371,349,475,235,349,349,386,382,641,2026,102,1924,동호로11길
2019,3,A,골목상권,1000034,2072,986,1086,234,417,445,289,303,384,119,188,208,143,149,179,115,229,237,146,154,205,1122,0,1122,동호로10길
2019,3,A,골목상권,1000033,875,492,383,45,102,87,129,221,291,17,56,48,85,125,161,28,46,39,44,96,130,591,0,591,다산로39길
2019,3,A,골목상권,1000032,1436,685,751,205,232,221,228,232,318,96,112,100,120,119,138,109,120,121,108,113,180,650,230,420,다산로38길
2019,3,A,골목상권,1000031,2022,993,1029,222,283,243,344,401,529,115,141,129,185,202,221,107,142,114,159,199,308,961,153,808,다산로36길
2019,3,A,골목상권,1000030,3551,1783,1768,343,606,483,566,662,891,177,311,282,300,331,382,166,295,201,266,331,509,1835,0,1835,다산로33길
2019,3,A,골목상권,1000029,1076,531,545,77,251,308,132,133,175,42,118,150,72,74,75,35,133,158,60,59,100,633,0,633,난계로21길
2019,3,A,골목상권,1000028,3351,1566,1785,285,736,710,493,508,619,135,279,339,253,263,297,150,457,371,240,245,322,1949,50,1899,난계로11길
2019,3,A,골목상권,1000027,722,323,399,137,84,89,160,93,159,62,44,41,66,47,63,75,40,48,94,46,96,326,0,326,필운대로1길
2019,3,A,골목상권,1000026,1787,882,905,307,366,173,224,264,453,182,190,85,101,120,204,125,176,88,123,144,249,865,0,865,평창길
2019,3,A,골목상권,1000025,925,433,492,127,102,97,200,128,271,68,42,49,99,62,113,59,60,48,101,66,158,449,0,449,통일로12길
2019,3,A,골목상권,1000024,2347,1180,1167,281,364,251,379,512,560,133,190,139,192,267,259,148,174,112,187,245,301,1040,63,977,창신길
2019,3,A,골목상권,1000023,1293,695,598,93,153,122,183,309,433,48,96,73,91,177,210,45,57,49,92,132,223,782,0,782,창신5길
2019,3,A,골목상권,1000022,802,414,388,69,105,83,114,188,243,32,58,49,68,93,114,37,47,34,46,95,129,407,0,407,창신2길
2019,3,A,골목상권,1000021,924,413,511,65,196,114,151,128,270,29,95,55,72,56,106,36,101,59,79,72,164,650,0,650,창경궁로35길
2019,3,A,골목상권,1000020,2307,1163,1144,231,307,283,368,452,666,122,161,162,202,224,292,109,146,121,166,228,374,1170,0,1170,지봉로8길
2019,3,A,골목상권,1000019,3627,1873,1754,313,502,456,538,806,1012,165,242,260,279,434,493,148,260,196,259,372,519,2025,62,1963,종로65길
2019,3,A,골목상권,1000018,461,246,215,19,130,122,56,58,76,5,58,71,35,34,43,14,72,51,21,24,33,370,0,370,종로58가길
2019,3,A,골목상권,1000017,45,32,13,2,1,4,7,10,21,0,1,3,7,7,14,2,0,1,0,3,7,37,0,37,종로24길
2019,3,A,골목상권,1000016,699,319,380,115,80,103,114,85,202,61,39,46,53,36,84,54,41,57,61,49,118,347,0,347,자하문로7길
2019,3,A,골목상권,1000015,1644,801,843,197,356,299,217,233,342,98,167,150,102,120,164,99,189,149,115,113,178,879,0,879,이화장길
2019,3,A,골목상권,1000014,469,251,218,44,74,80,69,88,114,29,39,48,39,43,53,15,35,32,30,45,61,253,0,253,율곡로16길
2019,3,A,골목상권,1000013,249,147,102,8,23,30,36,51,101,5,13,19,27,32,51,3,10,11,9,19,50,166,0,166,율곡로10길
2019,3,A,골목상권,1000012,2586,1163,1423,468,281,429,517,380,511,223,128,198,231,167,216,245,153,231,286,213,295,1087,111,976,옥인길
2019,3,A,골목상권,1000011,1770,886,884,169,285,262,273,334,447,90,150,133,138,170,205,79,135,129,135,164,242,916,0,916,숭인동길
2019,3,A,골목상권,1000010,947,458,489,84,329,145,110,109,170,42,165,77,57,46,71,42,164,68,53,63,99,600,0,600,성균관로5길
2019,3,A,골목상권,1000009,759,340,419,69,73,116,91,124,286,32,33,53,48,52,122,37,40,63,43,72,164,408,0,408,삼청로5길
2019,3,A,골목상권,1000008,682,324,358,104,84,110,115,104,165,61,39,55,60,42,67,43,45,55,55,62,98,326,0,326,북촌로5나길
2019,3,A,골목상권,1000007,451,209,242,60,60,59,55,69,148,37,23,26,29,33,61,23,37,33,26,36,87,214,0,214,북촌로5길
2019,3,A,골목상권,1000006,663,301,362,59,64,75,101,132,232,30,35,35,52,62,87,29,29,40,49,70,145,368,0,368,북촌로11길
2019,3,A,골목상권,1000005,1694,826,868,239,238,249,292,301,375,128,141,111,136,135,175,111,97,138,156,166,200,725,0,725,백석동길
2019,3,A,골목상권,1000004,1453,711,742,149,482,186,149,161,326,67,241,114,81,67,141,82,241,72,68,94,185,884,0,884,명륜길
2019,3,A,골목상권,1000003,1214,682,532,110,178,204,222,190,310,56,102,131,123,116,154,54,76,73,99,74,156,805,0,805,돈화문로11가길
2019,3,A,골목상권,1000002,841,383,458,19,369,234,82,54,83,11,111,110,50,43,58,8,258,124,32,11,25,775,8,767,난계로27길
2019,3,A,골목상권,1000001,1806,851,955,257,203,238,341,276,491,126,98,114,157,135,221,131,105,124,184,141,270,785,0,785,계동길
2019,2,U,관광특구,1001496,26,17,9,7,2,2,5,5,5,5,1,1,2,4,4,2,1,1,3,1,1,15,0,15,강남 마이스 관광특구
2019,2,U,관광특구,1001495,7083,3291,3792,734,1228,1752,992,963,1414,376,500,771,488,467,689,358,728,981,504,496,725,3958,52,3906,잠실 관광특구
2019,2,U,관광특구,1001494,1930,1293,637,51,209,197,221,456,796,26,146,144,155,323,499,25,63,53,66,133,297,1500,180,1320,종로?청계 관광특구
2019,2,U,관광특구,1001493,2012,1008,1004,177,345,404,283,363,440,84,147,216,145,179,237,93,198,188,138,184,203,1134,28,1106,동대문패션타운 관광특구
2019,2,U,관광특구,1001492,1118,404,714,15,60,121,202,242,478,4,26,61,66,100,147,11,34,60,136,142,331,497,0,497,명동 남대문 북창동 다동 무교동 관광특구
2019,2,U,관광특구,1001491,5396,2573,2823,395,750,1017,824,856,1554,202,372,535,429,408,627,193,378,482,395,448,927,3366,0,3366,이태원 관광특구
2019,2,R,전통시장,1001490,3178,1582,1596,463,387,486,488,510,844,266,198,250,258,225,385,197,189,236,230,285,459,1312,171,1141,길동복조리시장
2019,2,R,전통시장,1001489,613,311,302,98,88,73,102,118,134,50,51,33,49,68,60,48,37,40,53,50,74,261,97,164,둔촌역전통시장
2019,2,R,전통시장,1001488,954,498,456,96,131,163,145,168,251,39,65,96,78,88,132,57,66,67,67,80,119,490,33,457,성내골목시장
2019,2,R,전통시장,1001487,139,71,68,3,9,16,25,35,51,1,5,4,15,21,25,2,4,12,10,14,26,117,0,117,천호시장
2019,2,R,전통시장,1001486,180,89,91,11,12,18,33,40,66,4,5,13,19,24,24,7,7,5,14,16,42,110,0,110,동서울시장
2019,2,R,전통시장,1001485,351,183,168,33,63,38,38,85,94,13,39,24,25,41,41,20,24,14,13,44,53,179,0,179,고분다리골목시장
2019,2,R,전통시장,1001484,843,427,416,144,119,173,144,120,143,69,71,93,75,51,68,75,48,80,69,69,75,347,0,347,양지골목시장
2019,2,R,전통시장,1001483,887,460,427,72,163,167,151,139,195,42,76,93,88,66,95,30,87,74,63,73,100,496,0,496,암사종합시장
2019,2,R,전통시장,1001482,316,162,154,34,36,37,48,72,89,26,21,18,26,37,34,8,15,19,22,35,55,158,0,158,고덕전통시장
2019,2,R,전통시장,1001481,2011,1000,1011,419,246,273,367,312,394,207,135,126,194,146,192,212,111,147,173,166,202,700,521,179,명일골목시장
2019,2,R,전통시장,1001480,2387,1162,1225,211,392,534,325,350,575,116,193,255,168,170,260,95,199,279,157,180,315,1300,0,1300,새마을시장
2019,2,R,전통시장,1001479,839,421,418,101,136,132,137,158,175,46,69,64,74,86,82,55,67,68,63,72,93,421,0,421,석촌시장
2019,2,R,전통시장,1001478,5244,2503,2741,652,886,1102,747,826,1031,348,422,543,366,363,461,304,464,559,381,463,570,2547,112,2435,방이시장
2019,2,R,전통시장,1001477,958,502,456,109,109,103,138,189,310,42,66,61,79,106,148,67,43,42,59,83,162,463,0,463,마천시장
2019,2,R,전통시장,1001476,2267,1126,1141,226,281,314,354,413,679,117,149,176,182,205,297,109,132,138,172,208,382,1132,0,1132,풍납시장
2019,2,R,전통시장,1001475,8,4,4,2,3,0,1,0,2,1,2,0,0,0,1,1,1,0,1,0,1,8,0,8,강남개포시장
2019,2,R,전통시장,1001474,235,109,126,61,22,40,54,35,23,37,6,16,24,16,10,24,16,24,30,19,13,87,74,13,도곡시장
2019,2,R,전통시장,1001473,167,82,85,28,20,24,16,27,52,17,8,11,9,11,26,11,12,13,7,16,26,55,55,0,청담삼익시장
2019,2,R,전통시장,1001472,85,38,47,11,3,15,18,7,31,4,1,6,8,5,14,7,2,9,10,2,17,43,0,43,논현종합시장
2019,2,R,전통시장,1001471,1171,547,624,93,223,302,191,150,212,42,102,140,93,75,95,51,121,162,98,75,117,722,0,722,영동전통시장
2019,2,R,전통시장,1001470,287,131,156,39,35,52,45,34,82,21,14,25,21,16,34,18,21,27,24,18,48,108,108,0,강남시장_강남
2019,2,R,전통시장,1001469,94,54,40,6,16,20,16,14,22,5,11,10,9,9,10,1,5,10,7,5,12,62,0,62,양재시장
2019,2,R,전통시장,1001468,177,86,91,35,26,14,36,27,39,19,12,6,16,13,20,16,14,8,20,14,19,73,0,73,남부종합시장
2019,2,R,전통시장,1001467,75,32,43,13,4,17,9,9,23,5,3,5,3,6,10,8,1,12,6,3,13,30,0,30,우림시장
2019,2,R,전통시장,1001466,649,305,344,56,96,76,93,102,226,28,42,38,46,56,95,28,54,38,47,46,131,308,44,264,미성동도깨비시장
2019,2,R,전통시장,1001465,49,22,27,4,6,3,6,6,24,2,2,0,4,5,9,2,4,3,2,1,15,35,0,35,신신림시장
2019,2,R,전통시장,1001464,174,105,69,8,17,16,21,36,76,5,13,9,14,20,44,3,4,7,7,16,32,121,0,121,삼성동시장
2019,2,R,전통시장,1001463,53,31,22,4,17,14,4,3,11,2,5,11,4,1,8,2,12,3,0,2,3,42,0,42,신림중앙시장
2019,2,R,전통시장,1001462,587,304,283,38,137,133,64,94,121,13,73,77,33,48,60,25,64,56,31,46,61,374,0,374,강남골목시장
2019,2,R,전통시장,1001461,3,2,1,0,0,0,2,0,1,0,0,0,1,0,1,0,0,0,1,0,0,1,0,1,신림종합시장
2019,2,R,전통시장,1001460,2249,1123,1126,222,454,392,345,344,492,120,208,211,181,181,222,102,246,181,164,163,270,1322,0,1322,관악신사시장
2019,2,R,전통시장,1001459,418,243,175,36,78,53,54,76,121,19,41,32,34,47,70,17,37,21,20,29,51,273,0,273,신원시장
2019,2,R,전통시장,1001458,1476,720,756,107,298,304,207,222,338,62,122,162,102,122,150,45,176,142,105,100,188,965,0,965,인헌시장
2019,2,R,전통시장,1001457,449,214,235,21,197,112,46,39,34,5,87,59,25,20,18,16,110,53,21,19,16,336,0,336,봉천중앙시장
2019,2,R,전통시장,1001456,13,5,8,1,3,0,2,4,3,1,1,0,1,2,0,0,2,0,1,2,3,7,0,7,봉천현대시장
2019,2,R,전통시장,1001455,100,50,50,1,44,22,4,8,21,0,21,13,2,4,10,1,23,9,2,4,11,75,0,75,봉일시장
2019,2,R,전통시장,1001454,427,192,235,12,166,67,37,62,83,6,55,37,19,41,34,6,111,30,18,21,49,339,0,339,봉천제일종합시장
2019,2,R,전통시장,1001453,613,289,324,37,252,140,58,51,75,21,98,78,32,22,38,16,154,62,26,29,37,441,0,441,낙성대시장
2019,2,R,전통시장,1001452,649,301,348,49,188,136,70,63,143,24,64,77,38,36,62,25,124,59,32,27,81,422,0,422,중부시장
2019,2,R,전통시장,1001451,7,4,3,0,3,0,0,3,1,0,2,0,0,1,1,0,1,0,0,2,0,2,0,2,사당시장
2019,2,R,전통시장,1001450,563,240,323,46,114,81,74,78,170,24,44,36,31,39,66,22,70,45,43,39,104,313,0,313,남성역골목시장
2019,2,R,전통시장,1001449,572,275,297,35,96,97,77,85,182,16,43,48,45,45,78,19,53,49,32,40,104,354,0,354,남성사계시장
2019,2,R,전통시장,1001448,1055,492,563,155,159,127,168,170,276,80,82,60,82,85,103,75,77,67,86,85,173,481,0,481,흑석시장
2019,2,R,전통시장,1001447,1920,939,981,153,280,299,263,308,617,80,143,171,139,141,265,73,137,128,124,167,352,1084,0,1084,상도4동도깨비골목시장
2019,2,R,전통시장,1001446,178,84,94,11,62,30,20,34,21,6,19,19,8,19,13,5,43,11,12,15,8,111,0,111,성대시장
2019,2,R,전통시장,1001445,56,26,30,1,8,6,9,13,19,0,5,3,6,5,7,1,3,3,3,8,12,40,0,40,영도시장
2019,2,R,전통시장,1001444,1623,780,843,130,333,240,214,237,469,75,169,127,99,121,189,55,164,113,115,116,280,945,0,945,상도전통시장
2019,2,R,전통시장,1001443,120,46,74,7,25,22,17,9,40,4,7,9,7,2,17,3,18,13,10,7,23,70,70,0,강남시장_동작
2019,2,R,전통시장,1001442,16,8,8,0,4,1,3,5,3,0,1,1,1,3,2,0,3,0,2,2,1,10,0,10,신노량진시장
2019,2,R,전통시장,1001441,442,241,201,33,85,65,70,77,112,18,55,38,45,40,45,15,30,27,25,37,67,268,0,268,본동인정시장
2019,2,R,전통시장,1001440,165,100,65,7,64,40,11,15,28,2,37,32,8,11,10,5,27,8,3,4,18,130,0,130,노량진중앙시장
2019,2,R,전통시장,1001439,402,197,205,30,48,48,59,79,138,17,27,30,28,35,60,13,21,18,31,44,78,216,0,216,대림중앙시장
2019,2,R,전통시장,1001438,333,164,169,29,36,43,37,63,125,16,20,22,19,33,54,13,16,21,18,30,71,164,0,164,우리시장
2019,2,R,전통시장,1001437,123,60,63,17,19,12,17,20,38,8,7,6,6,10,23,9,12,6,11,10,15,51,51,0,영진시장A동
2019,2,R,전통시장,1001436,91,40,51,12,10,2,21,15,31,8,4,0,10,5,13,4,6,2,11,10,18,45,0,45,사러가시장
2019,2,R,전통시장,1001435,107,51,56,8,11,10,18,14,46,4,7,4,8,6,22,4,4,6,10,8,24,41,0,41,대신시장
2019,2,R,전통시장,1001433,721,373,348,74,119,144,108,91,185,41,58,85,60,55,74,33,61,59,48,36,111,396,122,274,영일시장
2019,2,R,전통시장,1001432,67,32,35,5,31,7,4,7,13,2,15,6,2,3,4,3,16,1,2,4,9,47,0,47,도림시장
2019,2,R,전통시장,1001431,287,155,132,23,44,40,44,46,90,14,19,26,27,27,42,9,25,14,17,19,48,157,0,157,영등포청과시장
2019,2,R,전통시장,1001430,2332,1456,876,81,323,436,361,431,700,51,144,271,255,321,414,30,179,165,106,110,286,1803,500,1303,영등포전통시장
2019,2,R,전통시장,1001429,403,199,204,44,42,61,71,61,124,23,22,38,38,33,45,21,20,23,33,28,79,186,0,186,은행나무시장
2019,2,R,전통시장,1001428,287,150,137,20,29,27,60,48,103,15,14,14,27,28,52,5,15,13,33,20,51,175,0,175,박미시장
2019,2,R,전통시장,1001427,2195,1058,1137,203,312,278,289,455,658,103,153,151,135,225,291,100,159,127,154,230,367,1189,0,1189,현대시장
2019,2,R,전통시장,1001426,10,5,5,0,2,1,0,2,5,0,1,0,0,2,2,0,1,1,0,0,3,7,0,7,대명시장
2019,2,R,전통시장,1001425,43,24,19,6,1,14,6,4,12,4,0,9,3,2,6,2,1,5,3,2,6,18,0,18,푸른터시장
2019,2,R,전통시장,1001424,1682,834,848,179,228,183,247,416,429,87,111,98,116,229,193,92,117,85,131,187,236,831,0,831,남문시장
2019,2,R,전통시장,1001423,86,47,39,0,31,18,15,11,11,0,5,14,12,9,7,0,26,4,3,2,4,77,0,77,독산동 우시장
2019,2,R,전통시장,1001422,159,85,74,10,14,19,17,34,65,5,9,11,13,20,27,5,5,8,4,14,38,95,0,95,오류시장
2019,2,R,전통시장,1001421,370,170,200,48,61,52,62,66,81,21,27,34,25,30,33,27,34,18,37,36,48,158,0,158,개봉중앙시장
2019,2,R,전통시장,1001420,611,303,308,73,67,74,92,108,197,38,27,45,47,58,88,35,40,29,45,50,109,272,61,211,고척근린시장
2019,2,R,전통시장,1001419,256,133,123,25,29,22,34,58,88,11,13,15,17,36,41,14,16,7,17,22,47,154,0,154,가리봉시장
2019,2,R,전통시장,1001418,657,364,293,66,46,66,108,147,224,25,24,37,69,95,114,41,22,29,39,52,110,389,0,389,남구로시장
2019,2,R,전통시장,1001417,123,64,59,12,11,13,16,32,39,3,6,7,10,20,18,9,5,6,6,12,21,76,0,76,구로시장
2019,2,R,전통시장,1001416,172,80,92,2,85,41,20,10,14,2,23,22,14,8,11,0,62,19,6,2,3,157,0,157,공항시장
2019,2,R,전통시장,1001415,588,291,297,72,81,76,94,106,159,33,41,37,53,57,70,39,40,39,41,49,89,262,92,170,방신전통시장
2019,2,R,전통시장,1001414,522,257,265,90,73,78,84,93,104,46,33,37,33,57,51,44,40,41,51,36,53,230,0,230,송화골목시장
2019,2,R,전통시장,1001413,1150,530,620,141,166,231,163,161,288,70,70,119,82,73,116,71,96,112,81,88,172,571,28,543,까치산시장
2019,2,R,전통시장,1001412,353,158,195,43,44,76,55,40,95,20,16,37,25,15,45,23,28,39,30,25,50,173,0,173,화곡본동시장
2019,2,R,전통시장,1001411,1877,904,973,197,243,286,271,345,535,103,131,141,138,168,223,94,112,145,133,177,312,866,0,866,남부골목시장
2019,2,R,전통시장,1001409,1056,514,542,183,133,189,158,176,217,80,60,108,84,78,104,103,73,81,74,98,113,453,0,453,화곡중앙골목시장
2019,2,R,전통시장,1001408,70,40,30,12,13,14,10,6,15,5,10,8,6,4,7,7,3,6,4,2,8,39,0,39,신월중앙시장
2019,2,R,전통시장,1001407,4,3,1,0,1,0,0,2,1,0,1,0,0,2,0,0,0,0,0,0,1,4,0,4,등마루시장
2019,2,R,전통시장,1001406,263,161,102,27,23,28,42,65,78,13,12,16,33,49,38,14,11,12,9,16,40,168,0,168,신정3동골목시장
2019,2,R,전통시장,1001405,473,235,238,62,55,70,90,65,131,32,24,41,44,35,59,30,31,29,46,30,72,222,0,222,신정2동골목시장
2019,2,R,전통시장,1001404,169,71,98,20,17,16,23,34,59,6,4,9,11,16,25,14,13,7,12,18,34,87,0,87,신정제일시장
2019,2,R,전통시장,1001403,127,61,66,13,24,15,18,23,34,5,12,8,12,10,14,8,12,7,6,13,20,46,0,46,신월7동골목시장
2019,2,R,전통시장,1001402,168,93,75,16,21,16,24,36,55,10,16,10,13,20,24,6,5,6,11,16,31,82,0,82,신월6동골목시장
2019,2,R,전통시장,1001401,62,30,32,16,4,16,15,4,7,9,2,5,8,3,3,7,2,11,7,1,4,23,22,1,신곡종합시장
2019,2,R,전통시장,1001400,342,187,155,31,43,26,53,77,112,17,21,14,32,47,56,14,22,12,21,30,56,187,0,187,신월3동골목시장
2019,2,R,전통시장,1001399,365,171,194,68,36,49,57,52,103,33,18,23,29,25,43,35,18,26,28,27,60,133,0,133,경창시장
2019,2,R,전통시장,1001398,1666,840,826,215,194,218,247,330,462,116,97,118,117,175,217,99,97,100,130,155,245,766,45,721,월정로시장
2019,2,R,전통시장,1001397,1199,589,610,170,155,138,210,225,301,79,83,62,121,109,135,91,72,76,89,116,166,563,0,563,신영시장
2019,2,R,전통시장,1001396,1159,583,576,162,210,124,180,235,248,95,129,54,79,112,114,67,81,70,101,123,134,452,46,406,목4동시장
2019,2,R,전통시장,1001395,1169,585,584,142,188,243,186,171,239,68,82,142,106,81,106,74,106,101,80,90,133,585,105,480,목3동시장
2019,2,R,전통시장,1001394,1213,615,598,101,181,250,154,193,334,48,86,139,80,98,164,53,95,111,74,95,170,728,73,655,목2동시장
2019,2,R,전통시장,1001392,36,20,16,4,6,7,5,4,10,3,3,2,4,2,6,1,3,5,1,2,4,18,0,18,동진시장
2019,2,R,전통시장,1001391,807,365,442,129,114,143,137,105,179,63,45,63,67,46,81,66,69,80,70,59,98,357,0,357,망원월드컵시장
2019,2,R,전통시장,1001390,1975,936,1039,225,264,380,327,291,488,123,131,182,158,138,204,102,133,198,169,153,284,1039,0,1039,망원시장
2019,2,R,전통시장,1001389,87,35,52,7,15,27,10,11,17,4,7,11,4,5,4,3,8,16,6,6,13,40,40,0,합정시장
2019,2,R,전통시장,1001388,250,108,142,36,33,60,31,34,56,17,14,25,16,13,23,19,19,35,15,21,33,125,125,0,영진시장
2019,2,R,전통시장,1001387,25,18,7,1,4,10,1,2,7,1,3,7,1,2,4,0,1,3,0,0,3,23,0,23,서교시장
2019,2,R,전통시장,1001386,68,29,39,7,7,16,9,8,21,3,5,7,4,3,7,4,2,9,5,5,14,35,0,35,신수시장
2019,2,R,전통시장,1001385,406,191,215,50,58,40,72,53,133,30,25,21,35,25,55,20,33,19,37,28,78,213,0,213,아현시장
2019,2,R,전통시장,1001384,9,3,6,3,0,0,0,1,5,1,0,0,0,1,1,2,0,0,0,0,4,6,0,6,마포시장
2019,2,R,전통시장,1001383,12,7,5,0,3,1,1,5,2,0,2,0,1,3,1,0,1,1,0,2,1,5,0,5,공덕시장
2019,2,R,전통시장,1001382,155,70,85,14,16,27,22,25,51,9,9,7,13,12,20,5,7,20,9,13,31,68,68,0,백련시장
2019,2,R,전통시장,1001381,384,195,189,20,39,32,42,75,176,9,19,19,26,46,76,11,20,13,16,29,100,233,0,233,모래내시장
2019,2,R,전통시장,1001380,510,255,255,61,65,63,79,91,151,30,39,34,40,51,61,31,26,29,39,40,90,250,0,250,포방터시장
2019,2,R,전통시장,1001379,308,153,155,27,39,33,45,65,99,16,14,22,24,36,41,11,25,11,21,29,58,160,45,115,인왕시장
2019,2,R,전통시장,1001378,128,69,59,5,26,14,17,26,40,4,17,9,8,12,19,1,9,5,9,14,21,74,0,74,아현가구거리상점가
2019,2,R,전통시장,1001377,360,186,174,27,48,36,64,73,112,13,26,22,41,37,47,14,22,14,23,36,65,229,0,229,영천시장
2019,2,R,전통시장,1001376,114,53,61,4,10,11,10,22,57,1,5,8,5,10,24,3,5,3,5,12,33,70,0,70,수일시장
2019,2,R,전통시장,1001375,164,72,92,28,19,22,22,35,38,14,6,11,12,14,15,14,13,11,10,21,23,70,0,70,증산종합시장
2019,2,R,전통시장,1001374,606,300,306,67,64,80,80,115,200,34,40,38,44,66,78,33,24,42,36,49,122,299,0,299,대림골목시장
2019,2,R,전통시장,1001373,210,108,102,40,26,31,37,29,47,20,13,17,20,17,21,20,13,14,17,12,26,85,0,85,신응암시장
2019,2,R,전통시장,1001372,15,10,5,3,2,0,3,2,5,3,1,0,1,2,3,0,1,0,2,0,2,7,0,7,녹번시장
2019,2,R,전통시장,1001371,482,239,243,62,69,78,86,70,117,30,38,41,46,37,47,32,31,37,40,33,70,240,0,240,대조시장
2019,2,R,전통시장,1001370,11,8,3,0,0,0,2,5,4,0,0,0,0,5,3,0,0,0,2,0,1,11,0,11,역촌중앙시장
2019,2,R,전통시장,1001369,177,87,90,10,65,51,16,12,23,4,28,26,13,5,11,6,37,25,3,7,12,133,0,133,갈현시장
2019,2,R,전통시장,1001368,256,125,131,21,27,34,33,43,98,12,13,21,19,19,41,9,14,13,14,24,57,130,0,130,연서시장
2019,2,R,전통시장,1001367,1972,961,1011,246,336,182,330,361,517,118,169,101,170,176,227,128,167,81,160,185,290,880,129,751,상계중앙시장
2019,2,R,전통시장,1001365,1582,788,794,166,343,302,184,240,347,71,162,164,98,121,172,95,181,138,86,119,175,802,0,802,공릉동도깨비시장
2019,2,R,전통시장,1001364,1000,502,498,104,156,103,154,193,290,56,95,53,77,94,127,48,61,50,77,99,163,473,0,473,방학동도깨비시장
2019,2,R,전통시장,1001363,763,366,397,68,142,109,109,100,235,33,64,61,52,43,113,35,78,48,57,57,122,399,0,399,쌍문역골목시장
2019,2,R,전통시장,1001362,374,176,198,48,60,47,63,54,102,23,28,22,32,26,45,25,32,25,31,28,57,183,0,183,백운시장
2019,2,R,전통시장,1001361,174,89,85,9,35,18,24,39,49,1,20,13,8,23,24,8,15,5,16,16,25,82,0,82,신도봉시장
2019,2,R,전통시장,1001360,1245,605,640,136,162,155,187,230,375,68,82,82,92,121,160,68,80,73,95,109,215,617,0,617,창동골목시장
2019,2,R,전통시장,1001359,2295,1126,1169,303,338,350,364,424,516,143,173,177,194,197,242,160,165,173,170,227,274,956,0,956,창동신창시장
2019,2,R,전통시장,1001358,63,33,30,4,7,5,11,6,30,3,4,2,8,2,14,1,3,3,3,4,16,29,0,29,수유북부시장
2019,2,R,전통시장,1001357,1479,719,760,215,210,232,208,243,371,117,107,131,92,126,146,98,103,101,116,117,225,638,0,638,장미원골목시장
2019,2,R,전통시장,1001356,49,29,20,6,11,4,8,12,8,5,7,2,6,7,2,1,4,2,2,5,6,19,0,19,수유중앙시장
2019,2,R,전통시장,1001355,734,381,353,57,121,106,99,154,197,30,51,59,61,86,94,27,70,47,38,68,103,427,0,427,강북종합시장
2019,2,R,전통시장,1001354,1669,821,848,232,225,199,275,299,439,114,123,117,135,147,185,118,102,82,140,152,254,725,0,725,우이시장
2019,2,R,전통시장,1001353,628,306,322,59,103,85,93,110,178,28,50,43,48,55,82,31,53,42,45,55,96,317,87,230,수유전통시장
2019,2,R,전통시장,1001352,1164,575,589,155,181,190,208,169,261,78,91,96,110,83,117,77,90,94,98,86,144,539,101,438,번동북부골목시장
2019,2,R,전통시장,1001351,138,68,70,10,20,16,19,25,48,4,10,10,10,12,22,6,10,6,9,13,26,73,0,73,솔샘시장
2019,2,R,전통시장,1001350,232,124,108,19,22,34,44,52,61,8,10,16,28,33,29,11,12,18,16,19,32,142,0,142,숭인시장
2019,2,R,전통시장,1001349,1530,760,770,131,278,191,242,272,416,72,133,107,126,127,195,59,145,84,116,145,221,861,0,861,방천골목시장
2019,2,R,전통시장,1001348,30,15,15,5,2,3,3,3,14,2,2,1,2,1,7,3,0,2,1,2,7,15,0,15,동북시장
2019,2,R,전통시장,1001347,1847,959,888,194,250,224,291,345,543,95,145,130,158,188,243,99,105,94,133,157,300,903,0,903,석관황금시장
2019,2,R,전통시장,1001346,158,88,70,17,23,17,29,28,44,10,13,10,21,15,19,7,10,7,8,13,25,85,0,85,석관시장
2019,2,R,전통시장,1001345,80,42,38,5,10,9,9,18,29,4,4,5,7,10,12,1,6,4,2,8,17,47,0,47,새석관시장
2019,2,R,전통시장,1001344,30,16,14,7,3,2,5,6,7,5,1,1,2,3,4,2,2,1,3,3,3,12,0,12,번동시장
2019,2,R,전통시장,1001343,1115,542,573,139,123,125,163,214,351,69,66,65,93,98,151,70,57,60,70,116,200,493,0,493,장위전통시장
2019,2,R,전통시장,1001342,236,114,122,34,20,37,31,42,72,20,8,21,16,20,29,14,12,16,15,22,43,112,0,112,밤나무골시장
2019,2,R,전통시장,1001341,17,13,4,0,2,2,4,4,5,0,2,1,4,2,4,0,0,1,0,2,1,17,0,17,길음시장
2019,2,R,전통시장,1001340,1419,730,689,167,261,202,189,215,385,90,148,115,103,99,175,77,113,87,86,116,210,665,0,665,정릉시장
2019,2,R,전통시장,1001339,1058,517,541,185,133,158,208,153,221,98,62,91,104,73,89,87,71,67,104,80,132,432,136,296,정릉아리랑시장
2019,2,R,전통시장,1001338,218,96,122,22,30,37,19,27,83,9,12,22,12,10,31,13,18,15,7,17,52,120,0,120,돈암제일시장
2019,2,R,전통시장,1001337,116,60,56,18,13,11,26,21,27,9,9,6,12,11,13,9,4,5,14,10,14,52,0,52,유영시장
2019,2,R,전통시장,1001336,2088,1079,1009,222,258,284,288,426,610,112,133,165,161,223,285,110,125,119,127,203,325,1054,40,1014,우림골목시장
2019,2,R,전통시장,1001335,1448,727,721,254,165,266,240,192,331,126,89,134,137,86,155,128,76,132,103,106,176,587,0,587,묵1동도깨비시장
2019,2,R,전통시장,1001334,967,496,471,114,131,132,121,207,262,57,70,73,59,107,130,57,61,59,62,100,132,444,0,444,태능시장
2019,2,R,전통시장,1001333,1890,949,941,226,294,254,315,350,451,123,145,140,157,173,211,103,149,114,158,177,240,913,0,913,중화제일시장
2019,2,R,전통시장,1001332,1864,929,935,156,307,279,262,331,529,77,166,162,129,156,239,79,141,117,133,175,290,960,0,960,사가정시장
2019,2,R,전통시장,1001331,1289,672,617,174,179,171,220,226,319,97,98,89,122,117,149,77,81,82,98,109,170,626,0,626,면목골목시장
2019,2,R,전통시장,1001330,2118,1046,1072,233,308,295,294,393,595,114,158,164,158,193,259,119,150,131,136,200,336,1048,0,1048,동원시장
2019,2,R,전통시장,1001329,1529,789,740,143,268,322,217,252,327,72,126,183,113,140,155,71,142,139,104,112,172,876,0,876,동부골목시장
2019,2,R,전통시장,1001328,73,33,40,13,10,4,12,18,16,4,5,2,5,10,7,9,5,2,7,8,9,30,0,30,이문제일시장
2019,2,R,전통시장,1001327,235,122,113,15,29,22,32,46,91,10,15,9,18,28,42,5,14,13,14,18,49,113,0,113,이경시장
2019,2,R,전통시장,1001326,1222,527,695,81,519,204,104,104,210,25,225,97,44,47,89,56,294,107,60,57,121,949,0,949,회기시장
2019,2,R,전통시장,1001325,58,41,17,2,5,5,9,15,22,1,1,5,7,12,15,1,4,0,2,3,7,46,0,46,청량리청과물시장
2019,2,R,전통시장,1001324,237,114,123,36,19,24,51,34,73,17,9,16,24,12,36,19,10,8,27,22,37,114,0,114,전곡시장
2019,2,R,전통시장,1001323,438,204,234,52,58,66,66,74,122,20,27,31,33,36,57,32,31,35,33,38,65,211,0,211,답십리시장
2019,2,R,전통시장,1001321,322,164,158,32,32,33,43,60,122,19,14,23,28,35,45,13,18,10,15,25,77,173,0,173,답십리현대시장
2019,2,R,전통시장,1001320,92,56,36,3,12,7,16,22,32,2,10,5,11,11,17,1,2,2,5,11,15,56,0,56,전농로터리시장
2019,2,R,전통시장,1001319,96,53,43,0,8,12,12,15,49,0,4,6,10,9,24,0,4,6,2,6,25,54,0,54,청량리종합시장
2019,2,R,전통시장,1001318,167,130,37,1,7,11,17,45,86,1,5,8,16,37,63,0,2,3,1,8,23,140,0,140,청량리전통시장
2019,2,R,전통시장,1001317,177,86,91,27,30,18,19,42,41,20,16,10,8,13,19,7,14,8,11,29,22,77,0,77,청량리농수산물시장
2019,2,R,전통시장,1001316,2074,1106,968,125,249,270,299,378,753,73,132,154,178,211,358,52,117,116,121,167,395,1376,0,1376,서울약령시장
2019,2,R,전통시장,1001315,3,3,0,0,0,0,0,3,0,0,0,0,0,3,0,0,0,0,0,0,0,3,0,3,동서시장
2019,2,R,전통시장,1001314,8,4,4,0,0,0,1,1,6,0,0,0,1,1,2,0,0,0,0,0,4,6,0,6,경동시장
2019,2,R,전통시장,1001313,479,257,222,34,79,93,69,62,142,20,37,53,44,34,69,14,42,40,25,28,73,313,0,313,청량리수산시장
2019,2,R,전통시장,1001312,22,15,7,1,1,1,3,5,11,0,1,1,2,4,7,1,0,0,1,1,4,14,0,14,용두시장
2019,2,R,전통시장,1001310,158,78,80,23,32,26,19,20,38,10,15,16,8,12,17,13,17,10,11,8,21,72,0,72,구의시장
2019,2,R,전통시장,1001309,78,36,42,3,28,15,6,7,19,2,13,7,1,6,7,1,15,8,5,1,12,51,0,51,조양시장
2019,2,R,전통시장,1001308,954,476,478,73,141,111,137,188,304,40,69,59,79,98,131,33,72,52,58,90,173,527,0,527,영동교골목시장
2019,2,R,전통시장,1001307,368,197,171,35,50,49,41,75,118,18,28,24,23,42,62,17,22,25,18,33,56,197,0,197,능동로골목시장
2019,2,R,전통시장,1001306,194,95,99,10,19,35,23,37,70,7,12,19,12,21,24,3,7,16,11,16,46,125,0,125,노룬산골목시장
2019,2,R,전통시장,1001305,59,31,28,13,7,13,9,11,6,6,3,8,5,5,4,7,4,5,4,6,2,19,0,19,자양종합시장
2019,2,R,전통시장,1001304,2013,972,1041,265,332,387,283,317,429,151,167,191,143,140,180,114,165,196,140,177,249,950,0,950,자양골목시장
2019,2,R,전통시장,1001303,99,47,52,12,14,13,12,19,29,7,6,9,6,7,12,5,8,4,6,12,17,42,0,42,신성골목시장
2019,2,R,전통시장,1001302,452,237,215,45,73,72,66,102,94,28,35,35,37,57,45,17,38,37,29,45,49,222,0,222,면곡골목시장
2019,2,R,전통시장,1001301,802,411,391,116,118,111,114,165,178,59,61,70,53,80,88,57,57,41,61,85,90,356,0,356,중곡제일시장
2019,2,R,전통시장,1001300,928,401,527,49,375,196,99,76,133,27,127,102,48,39,58,22,248,94,51,37,75,679,0,679,화양제일골목시장
2019,2,R,전통시장,1001299,12,10,2,0,6,2,1,1,2,0,4,2,1,1,2,0,2,0,0,0,0,12,0,12,한아름시장
2019,2,R,전통시장,1001298,1990,1009,981,217,285,267,316,382,523,117,146,145,156,197,248,100,139,122,160,185,275,962,0,962,성동용답상가시장
2019,2,R,전통시장,1001297,572,315,257,52,83,67,80,130,160,28,52,43,48,67,77,24,31,24,32,63,83,307,80,227,뚝도시장
2019,2,R,전통시장,1001296,255,130,125,19,24,31,45,47,89,12,12,17,27,27,35,7,12,14,18,20,54,148,0,148,금남시장
2019,2,R,전통시장,1001295,1537,764,773,148,348,226,216,275,324,79,156,128,106,138,157,69,192,98,110,137,167,881,0,881,행당시장
2019,2,R,전통시장,1001294,335,184,151,41,41,36,60,50,107,25,24,19,37,30,49,16,17,17,23,20,58,181,1,180,마장축산물시장
2019,2,R,전통시장,1001293,4,1,3,0,0,0,1,0,3,0,0,0,0,0,1,0,0,0,1,0,2,3,0,3,보광시장
2019,2,R,전통시장,1001292,45,20,25,4,4,9,9,4,15,3,2,3,7,0,5,1,2,6,2,4,10,28,0,28,이태원제일시장
2019,2,R,전통시장,1001291,63,30,33,7,6,12,7,15,16,4,2,6,6,7,5,3,4,6,1,8,11,32,0,32,이태원시장
2019,2,R,전통시장,1001290,99,56,43,9,14,10,18,22,26,2,11,6,10,13,14,7,3,4,8,9,12,53,5,48,이촌종합시장
2019,2,R,전통시장,1001289,466,239,227,51,70,90,62,63,130,23,39,62,32,33,50,28,31,28,30,30,80,252,0,252,용문전통시장
2019,2,R,전통시장,1001288,32,19,13,2,2,0,3,7,18,1,2,0,2,5,9,1,0,0,1,2,9,19,0,19,만리시장
2019,2,R,전통시장,1001287,97,54,43,6,8,22,8,19,34,0,7,14,5,13,15,6,1,8,3,6,19,61,0,61,신흥시장
2019,2,R,전통시장,1001286,285,148,137,23,44,46,32,65,75,8,27,26,20,34,33,15,17,20,12,31,42,158,81,77,후암시장
2019,2,R,전통시장,1001285,93,74,19,6,5,9,16,23,34,3,4,5,13,22,27,3,1,4,3,1,7,84,0,84,합동(새벽)시장
2019,2,R,전통시장,1001284,1014,543,471,75,120,116,128,200,375,44,70,71,67,113,178,31,50,45,61,87,197,589,0,589,서울중앙시장
2019,2,R,전통시장,1001283,829,444,385,79,103,100,122,182,243,40,69,55,73,93,114,39,34,45,49,89,129,413,0,413,백학시장
2019,2,R,전통시장,1001282,927,432,495,117,141,127,134,146,262,65,61,52,69,73,112,52,80,75,65,73,150,475,0,475,약수시장
2019,2,R,전통시장,1001281,1,1,0,0,0,0,1,0,0,0,0,0,1,0,0,0,0,0,0,0,0,1,0,1,청평화시장
2019,2,R,전통시장,1001279,54,24,30,3,5,7,2,19,18,3,3,1,1,8,8,0,2,6,1,11,10,35,28,7,동평화시장
2019,2,R,전통시장,1001277,289,195,94,9,36,35,28,65,116,7,22,21,20,48,77,2,14,14,8,17,39,214,0,214,방산종합시장
2019,2,R,전통시장,1001276,5,4,1,0,0,2,1,0,2,0,0,2,0,0,2,0,0,0,1,0,0,5,0,5,평화시장
2019,2,R,전통시장,1001275,143,81,62,10,16,12,17,32,56,7,7,6,12,22,27,3,9,6,5,10,29,83,0,83,인현시장
2019,2,R,전통시장,1001274,272,190,82,7,17,24,31,75,118,6,11,15,23,59,76,1,6,9,8,16,42,212,0,212,신중부시장
2019,2,R,전통시장,1001273,79,49,30,0,3,7,14,22,33,0,1,6,9,15,18,0,2,1,5,7,15,62,0,62,남대문시장
2019,2,R,전통시장,1001272,13,11,2,0,1,2,1,5,4,0,1,2,1,4,3,0,0,0,0,1,1,10,0,10,신설종합시장
2019,2,R,전통시장,1001271,781,433,348,29,202,131,94,114,211,15,94,67,57,76,124,14,108,64,37,38,87,602,63,539,동묘시장
2019,2,R,전통시장,1001270,372,187,185,27,37,34,59,64,151,8,22,23,34,39,61,19,15,11,25,25,90,230,0,230,창신골목시장
2019,2,R,전통시장,1001269,63,33,30,4,8,8,11,9,23,2,4,7,2,6,12,2,4,1,9,3,11,36,0,36,동문시장
2019,2,R,전통시장,1001268,171,89,82,17,21,14,30,34,55,8,13,11,14,17,26,9,8,3,16,17,29,84,0,84,충신시장
2019,2,R,전통시장,1001267,110,76,34,1,7,8,15,32,47,1,2,5,14,21,33,0,5,3,1,11,14,89,0,89,종로신진시장
2019,2,R,전통시장,1001266,2,2,0,0,0,0,1,1,0,0,0,0,1,1,0,0,0,0,0,0,0,2,0,2,동대문종합시장
2019,2,R,전통시장,1001265,61,30,31,1,9,2,5,21,23,1,6,0,2,12,9,0,3,2,3,9,14,47,0,47,광장시장
2019,2,R,전통시장,1001264,688,305,383,89,90,89,114,109,197,41,36,39,52,56,81,48,54,50,62,53,116,325,44,281,통인시장
2019,2,D,발달상권,1001263,258,164,94,5,49,37,41,48,78,2,20,23,25,36,58,3,29,14,16,12,20,213,0,213,서울 노원구 노원역_3
2019,2,D,발달상권,1001262,18,15,3,0,1,1,3,4,9,0,1,1,3,4,6,0,0,0,0,0,3,16,0,16,서울 노원구 노원역_2
2019,2,D,발달상권,1001261,690,309,381,112,90,94,100,143,151,47,43,42,45,65,67,65,47,52,55,78,84,280,278,2,서울 노원구 노원역_1
2019,2,D,발달상권,1001260,627,377,250,46,105,105,128,124,119,19,47,65,84,87,75,27,58,40,44,37,44,483,0,483,창동역
2019,2,D,발달상권,1001259,730,427,303,47,160,110,103,127,183,22,85,58,65,85,112,25,75,52,38,42,71,510,0,510,서울 강북구 수유역_3
2019,2,D,발달상권,1001258,191,81,110,27,22,48,53,25,16,10,9,21,25,10,6,17,13,27,28,15,10,107,0,107,등나무근린공원 주변
2019,2,D,발달상권,1001257,2128,1050,1078,124,364,409,350,374,507,58,155,220,189,198,230,66,209,189,161,176,277,1424,0,1424,서울 강북구 수유역_2
2019,2,D,발달상권,1001256,795,394,401,59,176,157,122,124,157,31,76,83,66,61,77,28,100,74,56,63,80,462,0,462,서울 강북구 수유역_1
2019,2,D,발달상권,1001255,112,59,53,3,27,15,23,22,22,2,10,5,14,12,16,1,17,10,9,10,6,97,0,97,서울 은평구 연신내역_3
2019,2,D,발달상권,1001254,1059,520,539,88,218,188,169,169,227,44,98,98,93,89,98,44,120,90,76,80,129,619,0,619,서울 은평구 연신내역_2
2019,2,D,발달상권,1001253,221,95,126,17,56,39,39,29,41,11,22,16,15,10,21,6,34,23,24,19,20,140,0,140,서울 은평구 연신내역_1
2019,2,D,발달상권,1001252,452,248,204,28,70,64,57,91,142,14,39,38,28,53,76,14,31,26,29,38,66,259,0,259,서울 성북구 미아삼거리역_2
2019,2,D,발달상권,1001251,368,201,167,24,41,48,65,64,126,17,25,25,39,33,62,7,16,23,26,31,64,218,0,218,서울 강북구 미아삼거리역_1
2019,2,D,발달상권,1001250,775,334,441,54,245,250,79,67,80,20,79,124,37,34,40,34,166,126,42,33,40,552,173,379,서울 은평구 불광역_3
2019,2,D,발달상권,1001249,668,328,340,38,178,139,93,82,138,17,87,71,44,41,68,21,91,68,49,41,70,454,0,454,서울 은평구 불광역_2
2019,2,D,발달상권,1001248,537,268,269,35,98,99,58,92,155,22,46,49,31,48,72,13,52,50,27,44,83,337,0,337,서울 은평구 불광역_1
2019,2,D,발달상권,1001247,90,44,46,8,8,13,12,16,33,3,7,5,7,7,15,5,1,8,5,9,18,56,0,56,미아사거리_2
2019,2,D,발달상권,1001246,914,438,476,144,165,139,157,144,165,81,64,65,78,65,85,63,101,74,79,79,80,417,239,178,미아사거리_1
2019,2,D,발달상권,1001245,1091,500,591,72,272,238,148,157,204,35,103,108,73,88,93,37,169,130,75,69,111,758,0,758,서울 성북구 성신여대입구역
2019,2,D,발달상권,1001244,370,160,210,33,137,53,39,30,78,10,49,26,24,15,36,23,88,27,15,15,42,257,0,257,경희대학교
2019,2,D,발달상권,1001243,371,183,188,25,174,50,25,34,63,15,79,28,16,19,26,10,95,22,9,15,37,265,0,265,서울 성북구 안암역
2019,2,D,발달상권,1001242,628,298,330,35,208,112,64,82,127,18,92,52,35,44,57,17,116,60,29,38,70,439,0,439,혜화역 대학로_3
2019,2,D,발달상권,1001241,804,396,408,66,313,135,76,94,120,36,148,74,44,41,53,30,165,61,32,53,67,537,0,537,혜화역 대학로_2
2019,2,D,발달상권,1001240,486,236,250,47,112,87,65,63,112,27,57,41,35,32,44,20,55,46,30,31,68,294,0,294,혜화역 대학로_1
2019,2,D,발달상권,1001239,1576,707,869,216,459,356,303,158,84,106,164,161,155,84,37,110,295,195,148,74,47,974,102,872,디지털미디어시티
2019,2,D,발달상권,1001238,2803,1414,1389,280,392,351,344,541,895,125,176,183,181,292,457,155,216,168,163,249,438,1361,697,664,서울 동대문구 청량리역
2019,2,D,발달상권,1001237,308,140,168,32,53,66,50,42,65,18,28,35,18,12,29,14,25,31,32,30,36,182,0,182,서울 종로구 경복궁역_2
2019,2,D,발달상권,1001236,280,130,150,28,36,33,36,55,92,16,20,15,13,27,39,12,16,18,23,28,53,151,0,151,서울 종로구 안국역_2
2019,2,D,발달상권,1001235,116,47,69,13,10,15,23,15,40,6,4,4,11,9,13,7,6,11,12,6,27,68,0,68,서울 종로구 안국역_1
2019,2,D,발달상권,1001234,582,283,299,55,71,84,95,96,181,29,37,48,46,43,80,26,34,36,49,53,101,304,0,304,서울 종로구 경복궁역_1
2019,2,D,발달상권,1001233,147,118,29,6,11,10,17,45,58,2,8,9,14,38,47,4,3,1,3,7,11,115,0,115,서울 종로구 종로3가역_3
2019,2,D,발달상권,1001232,2251,1543,708,41,83,125,234,567,1201,23,54,74,173,443,776,18,29,51,61,124,425,1971,0,1971,서울 종로구 종로3가역_2
2019,2,D,발달상권,1001231,418,256,162,16,97,92,55,70,88,7,45,52,42,51,59,9,52,40,13,19,29,340,0,340,서울 동대문구 신설동역_2
2019,2,D,발달상권,1001230,769,410,359,64,78,98,110,120,299,44,41,44,61,69,151,20,37,54,49,51,148,491,150,341,인사동
2019,2,D,발달상권,1001229,290,171,119,18,45,35,38,53,101,10,30,22,25,38,46,8,15,13,13,15,55,193,0,193,서울 종로구 종로5가역_4
2019,2,D,발달상권,1001228,715,432,283,45,40,63,110,158,299,25,26,40,71,102,168,20,14,23,39,56,131,501,0,501,서울 종로구 종로5가역_3
2019,2,D,발달상권,1001227,550,310,240,42,76,77,89,111,155,26,42,45,43,65,89,16,34,32,46,46,66,372,39,333,종로구청
2019,2,D,발달상권,1001226,2044,1021,1023,196,523,414,227,284,400,91,247,207,119,145,212,105,276,207,108,139,188,1222,0,1222,서울 종로구 종로5가역_2
2019,2,D,발달상권,1001225,424,261,163,11,121,88,52,73,79,7,47,54,35,58,60,4,74,34,17,15,19,359,0,359,신설동역
2019,2,D,발달상권,1001224,306,180,126,13,79,58,42,50,64,5,31,31,27,39,47,8,48,27,15,11,17,267,0,267,서울 동대문구 신설동역_1
2019,2,D,발달상권,1001223,2467,1088,1379,352,303,447,410,346,609,175,137,182,162,163,269,177,166,265,248,183,340,1234,120,1114,서울 종로구 광화문역_2
2019,2,D,발달상권,1001222,873,424,449,114,130,109,120,158,242,55,72,62,61,73,101,59,58,47,59,85,141,346,250,96,동묘앞역
2019,2,D,발달상권,1001221,4026,1984,2042,462,788,955,680,517,624,246,330,504,355,253,296,216,458,451,325,264,328,2240,482,1758,장안동사거리
2019,2,D,발달상권,1001220,584,392,192,15,44,61,55,142,267,9,24,44,38,107,170,6,20,17,17,35,97,442,0,442,서울 종로구 동대문역_2
2019,2,D,발달상권,1001219,124,64,60,10,19,11,13,28,43,3,11,3,7,16,24,7,8,8,6,12,19,67,0,67,서울 종로구 동대문역_1
2019,2,D,발달상권,1001218,27,14,13,2,1,3,4,4,13,1,0,2,2,2,7,1,1,1,2,2,6,23,0,23,동대문시장_2
2019,2,D,발달상권,1001217,23,5,18,0,1,1,1,5,15,0,1,0,0,1,3,0,0,1,1,4,12,20,0,20,서울 종로구 종로5가역_1
2019,2,D,발달상권,1001216,193,155,38,6,39,22,25,49,52,3,31,17,19,43,42,3,8,5,6,6,10,175,0,175,서울 종로구 종로3가역_1
2019,2,D,발달상권,1001215,12,7,5,1,1,0,2,5,3,0,0,0,1,4,2,1,1,0,1,1,1,9,0,9,서울 종로구 광화문역_1
2019,2,D,발달상권,1001214,3,2,1,0,0,1,1,1,0,0,0,0,1,1,0,0,0,1,0,0,0,3,0,3,종각역
2019,2,D,발달상권,1001213,164,120,44,4,53,33,23,21,30,2,39,25,16,15,23,2,14,8,7,6,7,141,0,141,종각역 젊음의 거리
2019,2,D,발달상권,1001212,1425,695,730,332,128,310,264,176,215,162,53,133,148,96,103,170,75,177,116,80,112,548,0,548,서대문구 서대문역_1
2019,2,D,발달상권,1001211,32,16,16,0,7,10,2,6,7,0,0,8,1,4,3,0,7,2,1,2,4,30,0,30,동대문시장_1
2019,2,D,발달상권,1001210,289,131,158,53,24,92,59,26,35,20,8,49,26,14,14,33,16,43,33,12,21,159,82,77,시청역_2
2019,2,D,발달상권,1001209,73,45,28,6,0,7,10,18,32,2,0,5,6,10,22,4,0,2,4,8,10,52,0,52,서울시청
2019,2,D,발달상권,1001208,487,305,182,5,34,28,59,115,246,2,17,16,45,83,142,3,17,12,14,32,104,386,79,307,서울 중구 을지로3가역_2
2019,2,D,발달상권,1001207,286,143,143,14,59,63,37,50,63,8,19,33,21,26,36,6,40,30,16,24,27,202,0,202,서울 중구 신당역_2
2019,2,D,발달상권,1001206,878,434,444,63,207,201,107,139,161,32,81,108,57,72,84,31,126,93,50,67,77,587,0,587,서대문구 서대문역_2
2019,2,D,발달상권,1001205,433,265,168,12,48,55,51,102,165,4,25,39,28,70,99,8,23,16,23,32,66,322,0,322,동대문역사문화공원역
2019,2,D,발달상권,1001204,325,191,134,6,67,54,39,53,106,1,26,29,24,38,73,5,41,25,15,15,33,273,0,273,서울 중구 을지로3가역_1
2019,2,D,발달상권,1001203,139,81,58,6,17,19,26,34,37,2,7,13,16,20,23,4,10,6,10,14,14,102,0,102,명동거리
2019,2,D,발달상권,1001201,870,482,388,77,106,107,132,201,247,32,60,64,78,119,129,45,46,43,54,82,118,504,0,504,서울 중구 신당역_1
2019,2,D,발달상권,1001200,250,158,92,3,24,37,36,51,99,0,12,30,24,30,62,3,12,7,12,21,37,221,0,221,북창동
2019,2,D,발달상권,1001199,1434,757,677,132,184,182,181,263,492,70,88,94,108,152,245,62,96,88,73,111,247,761,158,603,서울 중구 충무로역_2
2019,2,D,발달상권,1001198,2167,1074,1093,147,446,398,250,363,563,76,221,202,131,179,265,71,225,196,119,184,298,1417,21,1396,서울 강서구 송정역
2019,2,D,발달상권,1001197,1406,735,671,128,254,312,218,226,268,68,102,165,122,132,146,60,152,147,96,94,122,810,0,810,장한평역_2
2019,2,D,발달상권,1001196,360,188,172,57,32,87,74,43,67,34,14,39,46,22,33,23,18,48,28,21,34,161,0,161,시청역_1
2019,2,D,발달상권,1001195,531,252,279,41,164,86,68,72,100,15,73,41,41,38,44,26,91,45,27,34,56,330,0,330,왕십리역_2
2019,2,D,발달상권,1001194,107,57,50,2,24,34,21,17,9,2,11,19,12,7,6,0,13,15,9,10,3,84,0,84,서울 강서구 발산역
2019,2,D,발달상권,1001193,206,142,64,10,25,26,37,64,44,7,13,17,32,48,25,3,12,9,5,16,19,151,0,151,장한평역_1
2019,2,D,발달상권,1001192,773,383,390,40,127,119,93,134,260,18,52,67,59,71,116,22,75,52,34,63,144,528,0,528,서울 중구 충무로역_1
2019,2,D,발달상권,1001190,1232,884,348,38,215,254,257,285,183,19,89,164,210,253,149,19,126,90,47,32,34,1031,0,1031,장한평역
2019,2,D,발달상권,1001189,1257,601,656,120,140,170,199,215,413,59,61,77,102,111,191,61,79,93,97,104,222,707,0,707,서울 중구 명동역
2019,2,D,발달상권,1001188,298,154,144,41,74,35,41,32,75,19,38,18,25,22,32,22,36,17,16,10,43,196,92,104,장충동 족발거리
2019,2,D,발달상권,1001187,1037,484,553,45,601,164,53,45,129,14,269,91,32,24,54,31,332,73,21,21,75,870,0,870,한양시장
2019,2,D,발달상권,1001186,1753,548,1205,63,770,222,184,179,335,20,124,90,92,85,137,43,646,132,92,94,198,1424,73,1351,서울 서대문구 이대역
2019,2,D,발달상권,1001185,2715,1395,1320,119,1165,466,243,268,454,59,570,270,129,156,211,60,595,196,114,112,243,2069,62,2007,서울 서대문구 신촌역
2019,2,D,발달상권,1001184,191,88,103,12,40,53,38,28,20,6,17,24,19,13,9,6,23,29,19,15,11,143,0,143,서울 마포구 홍대입구역_3
2019,2,D,발달상권,1001183,504,246,258,61,86,107,72,52,126,33,47,47,41,20,58,28,39,60,31,32,68,259,0,259,서울 마포구 홍대입구역_2
2019,2,D,발달상권,1001182,4775,2278,2497,387,1239,1099,650,488,912,205,561,531,334,237,410,182,678,568,316,251,502,3054,133,2921,홍익대학교 주변
2019,2,D,발달상권,1001181,1740,794,946,131,499,407,178,213,312,69,204,185,86,107,143,62,295,222,92,106,169,1098,0,1098,서울 광진구 군자역
2019,2,D,발달상권,1001180,1175,607,568,65,379,255,141,102,233,35,175,139,82,61,115,30,204,116,59,41,118,898,0,898,신촌역
2019,2,D,발달상권,1001179,2954,1456,1498,318,626,691,440,406,473,163,251,353,250,216,223,155,375,338,190,190,250,1848,105,1743,강서구청
2019,2,D,발달상권,1001178,657,317,340,63,131,141,106,71,145,36,53,75,52,34,67,27,78,66,54,37,78,395,0,395,서울 마포구 홍대입구역_1
2019,2,D,발달상권,1001177,53,28,25,6,6,7,12,4,18,5,2,2,9,2,8,1,4,5,3,2,10,24,0,24,서울 중구 약수역_2
2019,2,D,발달상권,1001176,10,6,4,0,0,3,2,1,4,0,0,2,1,1,2,0,0,1,1,0,2,7,0,7,서울 중구 약수역_1
2019,2,D,발달상권,1001175,2715,1358,1357,585,394,315,503,497,421,329,211,147,216,246,209,256,183,168,287,251,212,886,423,463,서울 강동구 고덕역
2019,2,D,발달상권,1001174,1292,580,712,108,275,455,160,130,164,55,90,224,83,63,65,53,185,231,77,67,99,737,403,334,등촌역
2019,2,D,발달상권,1001173,1999,992,1007,289,267,284,355,311,493,146,135,150,169,151,241,143,132,134,186,160,252,975,0,975,서울 강동구 명일역
2019,2,D,발달상권,1001172,537,309,228,60,112,79,79,99,108,36,63,42,47,62,59,24,49,37,32,37,49,287,85,202,어린이대공원역
2019,2,D,발달상권,1001171,22,11,11,1,3,0,3,8,7,0,1,0,3,4,3,1,2,0,0,4,4,15,0,15,서울 마포구 공덕역_2
2019,2,D,발달상권,1001170,43,32,11,0,2,4,12,12,13,0,2,1,10,9,10,0,0,3,2,3,3,35,0,35,공덕역
2019,2,D,발달상권,1001169,487,278,209,35,72,55,92,96,137,20,37,33,62,62,64,15,35,22,30,34,73,309,0,309,서울 용산구 숙대입구역
2019,2,D,발달상권,1001168,238,103,135,8,76,75,32,23,24,4,19,36,19,16,9,4,57,39,13,7,15,191,0,191,남영역
2019,2,D,발달상권,1001167,599,279,320,80,121,87,99,129,83,39,60,40,38,61,41,41,61,47,61,68,42,238,0,238,서울 마포구 공덕역_1
2019,2,D,발달상권,1001166,3534,1619,1915,511,450,919,730,457,467,249,175,438,321,225,211,262,275,481,409,232,256,1885,412,1473,서울 마포구 마포역_2
2019,2,D,발달상권,1001165,2009,905,1104,98,796,404,205,171,335,43,326,188,106,88,154,55,470,216,99,83,181,1455,0,1455,서울 광진구 건대입구역_2
2019,2,D,발달상권,1001164,844,445,399,73,125,151,143,127,225,42,68,79,75,72,109,31,57,72,68,55,116,498,0,498,서울 마포구 마포역_1
2019,2,D,발달상권,1001163,4607,2227,2380,311,814,1123,724,742,893,156,322,530,394,415,410,155,492,593,330,327,483,2962,399,2563,서울 강동구 천호역_2
2019,2,D,발달상권,1001162,1027,491,536,66,230,179,133,167,252,30,95,87,72,83,124,36,135,92,61,84,128,619,0,619,서울 광진구 건대입구역_1
2019,2,D,발달상권,1001161,530,224,306,21,12,9,25,25,438,12,4,1,10,11,186,9,8,8,15,14,252,289,0,289,건대입구역
2019,2,D,발달상권,1001160,1871,844,1027,106,479,468,271,245,302,51,174,223,143,113,140,55,305,245,128,132,162,1258,0,1258,서울 광진구 구의역
2019,2,D,발달상권,1001159,279,133,146,19,44,58,45,39,74,7,18,33,24,15,36,12,26,25,21,24,38,162,0,162,서울 강동구 천호역
2019,2,D,발달상권,1001158,723,310,413,23,304,218,68,43,67,16,84,116,38,23,33,7,220,102,30,20,34,562,0,562,당산역_2
2019,2,D,발달상권,1001157,388,199,189,22,82,73,63,69,79,8,42,47,33,34,35,14,40,26,30,35,44,222,0,222,서울 강동구 천호역_1
2019,2,D,발달상권,1001156,3041,1468,1573,144,869,739,417,433,439,64,305,381,243,231,244,80,564,358,174,202,195,2190,0,2190,서울 강동구 길동역
2019,2,D,발달상권,1001155,629,367,262,37,101,163,105,70,153,16,63,102,70,42,74,21,38,61,35,28,79,394,50,344,용산 전자상가_5
2019,2,D,발달상권,1001154,346,182,164,65,35,69,64,41,72,31,19,39,40,26,27,34,16,30,24,15,45,175,0,175,용산 전자상가_4
2019,2,D,발달상권,1001153,1061,475,586,64,310,350,108,109,120,29,112,169,53,54,58,35,198,181,55,55,62,700,113,587,당산역_1
2019,2,D,발달상권,1001152,198,89,109,27,24,29,14,31,73,13,11,8,6,14,37,14,13,21,8,17,36,64,60,4,서울 광진구 강변역
2019,2,D,발달상권,1001151,249,122,127,21,34,65,24,41,64,9,18,35,15,19,26,12,16,30,9,22,38,129,72,57,용산 전자상가_3
2019,2,D,발달상권,1001150,876,482,394,54,172,152,138,152,208,32,102,83,74,86,105,22,70,69,64,66,103,572,0,572,서울 용산구 이태원역
2019,2,D,발달상권,1001149,157,79,78,9,28,18,24,20,58,5,17,8,12,11,26,4,11,10,12,9,32,110,0,110,한남오거리
2019,2,D,발달상권,1001148,59,35,24,2,11,16,11,8,11,0,3,6,10,6,10,2,8,10,1,2,1,55,0,55,목동사거리
2019,2,D,발달상권,1001147,178,98,80,29,24,34,26,31,34,21,14,15,15,17,16,8,10,19,11,14,18,66,0,66,용산 전자상가_2
2019,2,D,발달상권,1001146,107,47,60,11,14,21,20,10,31,3,7,6,14,2,15,8,7,15,6,8,16,55,0,55,용산구청
2019,2,D,발달상권,1001145,1447,671,776,127,304,418,251,207,140,57,122,193,132,94,73,70,182,225,119,113,67,846,0,846,용산 전자상가_1
2019,2,D,발달상권,1001144,721,368,353,25,128,233,138,96,101,13,61,116,69,56,53,12,67,117,69,40,48,582,0,582,국회의사당역_2
2019,2,D,발달상권,1001143,390,195,195,29,26,51,58,79,147,15,14,32,40,39,55,14,12,19,18,40,92,310,0,310,서울 용산구 신용산역
2019,2,D,발달상권,1001142,145,80,65,2,51,64,18,6,4,2,29,34,10,4,1,0,22,30,8,2,3,128,0,128,국회의사당역_1
2019,2,D,발달상권,1001141,1313,635,678,191,153,255,259,165,290,89,68,134,135,83,126,102,85,121,124,82,164,668,245,423,압구정 로데오거리_2
2019,2,D,발달상권,1001140,1865,851,1014,237,292,360,339,225,412,121,145,142,155,106,182,116,147,218,184,119,230,974,0,974,서울 강남구 압구정역
2019,2,D,발달상권,1001139,1287,666,621,68,249,252,182,200,336,33,120,131,102,119,161,35,129,121,80,81,175,901,0,901,서울 영등포구 영등포구청역
2019,2,D,발달상권,1001138,604,280,324,92,73,83,95,75,186,41,38,36,45,33,87,51,35,47,50,42,99,240,0,240,압구정 로데오거리_1
2019,2,D,발달상권,1001137,800,425,375,98,121,109,132,136,204,61,68,56,67,72,101,37,53,53,65,64,103,384,11,373,서울 강동구 둔촌동역
2019,2,D,발달상권,1001136,869,429,440,220,94,109,197,119,130,117,44,45,103,52,68,103,50,64,94,67,62,271,102,169,오목교역
2019,2,D,발달상권,1001135,3852,1799,2053,468,632,775,700,495,782,244,283,342,352,247,331,224,349,433,348,248,451,2157,0,2157,신사동 가로수길
2019,2,D,발달상권,1001134,18,15,3,1,2,3,3,7,2,0,2,3,3,5,2,1,0,0,0,2,0,15,0,15,서울 영등포구 여의도역_2
2019,2,D,발달상권,1001133,922,426,496,61,75,111,170,156,349,26,40,52,84,75,149,35,35,59,86,81,200,622,0,622,청담사거리_3
2019,2,D,발달상권,1001132,518,283,235,32,119,94,71,69,133,16,59,61,45,40,62,16,60,33,26,29,71,322,0,322,영등포유통상가
2019,2,D,발달상권,1001131,1060,495,565,171,150,234,190,155,160,93,65,100,88,76,73,78,85,134,102,79,87,492,355,137,청담역_2
2019,2,D,발달상권,1001130,213,101,112,35,25,37,28,32,56,13,17,14,13,15,29,22,8,23,15,17,27,74,0,74,청담역_1
2019,2,D,발달상권,1001129,373,181,192,56,50,61,63,49,94,23,28,29,32,22,47,33,22,32,31,27,47,137,0,137,청담사거리_2
2019,2,D,발달상권,1001128,255,114,141,36,32,50,65,32,40,16,11,20,32,16,19,20,21,30,33,16,21,147,0,147,청담사거리_1
2019,2,D,발달상권,1001127,1359,655,704,246,147,187,225,219,335,130,65,78,103,117,162,116,82,109,122,102,173,509,461,48,서울 영등포구 여의도역_1
2019,2,D,발달상권,1001126,288,146,142,26,51,35,47,48,81,17,27,20,26,24,32,9,24,15,21,24,49,154,0,154,서울 양천구 신정네거리역_2
2019,2,D,발달상권,1001125,447,221,226,72,65,67,84,70,89,44,32,34,36,36,39,28,33,33,48,34,50,172,116,56,학동사거리_2
2019,2,D,발달상권,1001124,1593,1023,570,49,152,179,229,399,585,24,74,117,159,304,345,25,78,62,70,95,240,1284,0,1284,서울 영등포구 영등포시장역
2019,2,D,발달상권,1001123,415,205,210,40,69,84,81,49,92,23,26,41,45,28,42,17,43,43,36,21,50,261,46,215,학동사거리_1
2019,2,D,발달상권,1001122,1445,685,760,216,159,189,224,239,418,113,77,82,108,115,190,103,82,107,116,124,228,597,119,478,여의도 시범아파트앞
2019,2,D,발달상권,1001121,484,292,192,12,136,99,70,83,84,8,57,57,46,64,60,4,79,42,24,19,24,420,0,420,영등포역_3
2019,2,D,발달상권,1001120,274,129,145,20,60,86,36,21,51,11,30,43,16,9,20,9,30,43,20,12,31,180,25,155,도산공원사거리_1
2019,2,D,발달상권,1001119,789,577,212,19,155,112,139,199,165,10,62,80,124,175,126,9,93,32,15,24,39,729,0,729,영등포역_2
2019,2,D,발달상권,1001118,1488,735,753,221,145,224,225,257,416,112,74,110,112,131,196,109,71,114,113,126,220,719,574,145,문래동 주민센터
2019,2,D,발달상권,1001117,1041,451,590,73,201,286,166,117,198,33,74,118,85,52,89,40,127,168,81,65,109,644,0,644,강남구 신사역_2
2019,2,D,발달상권,1001116,323,178,145,10,130,96,33,33,21,6,51,59,23,23,16,4,79,37,10,10,5,283,0,283,영등포역_1
2019,2,D,발달상권,1001115,757,377,380,31,61,143,178,130,214,15,22,73,91,82,94,16,39,70,87,48,120,569,0,569,서울 강남구 강남구청역_2
2019,2,D,발달상권,1001114,766,411,355,40,159,175,134,111,147,23,74,94,82,63,75,17,85,81,52,48,72,537,0,537,강남구 신사역_1
2019,2,D,발달상권,1001113,12,8,4,1,1,3,2,2,3,1,0,3,2,2,0,0,1,0,0,0,3,12,0,12,서울 동작구 노량진1동_1
2019,2,D,발달상권,1001112,113,64,49,3,28,29,21,16,16,3,13,15,13,10,10,0,15,14,8,6,6,88,0,88,서울 강남구 학동역_3
2019,2,D,발달상권,1001111,565,285,280,44,118,146,101,76,80,23,57,67,47,46,45,21,61,79,54,30,35,383,67,316,서울 강남구 강남구청역_1
2019,2,D,발달상권,1001110,1787,838,949,248,243,243,215,306,532,126,117,99,85,144,267,122,126,144,130,162,265,615,216,399,잠실역
2019,2,D,발달상권,1001109,1932,971,961,154,355,479,361,261,322,81,163,232,185,149,161,73,192,247,176,112,161,1232,10,1222,강남구 논현역_4
2019,2,D,발달상권,1001108,532,220,312,36,96,169,92,70,69,18,38,71,31,32,30,18,58,98,61,38,39,360,0,360,학동역
2019,2,D,발달상권,1001107,1418,759,659,89,275,347,214,230,263,44,137,184,129,123,142,45,138,163,85,107,121,939,0,939,방이동 먹자골목
2019,2,D,발달상권,1001106,105,49,56,4,19,39,23,11,9,2,6,19,11,7,4,2,13,20,12,4,5,83,0,83,서울 강남구 학동역_2
2019,2,D,발달상권,1001105,1129,564,565,50,578,214,101,72,114,21,253,143,59,37,51,29,325,71,42,35,63,937,0,937,서울 동작구 노량진역
2019,2,D,발달상권,1001104,65,49,16,0,11,17,6,13,18,0,10,12,6,6,15,0,1,5,0,7,3,50,0,50,삼성역_3
2019,2,D,발달상권,1001103,26,17,9,7,2,2,5,5,5,5,1,1,2,4,4,2,1,1,3,1,1,15,0,15,코엑스
2019,2,D,발달상권,1001102,896,424,472,70,189,230,155,93,159,30,90,113,71,51,69,40,99,117,84,42,90,550,0,550,서울 강남구 학동역_1
2019,2,D,발달상권,1001101,3129,1429,1700,380,497,705,605,403,539,193,223,305,286,198,224,187,274,400,319,205,315,1881,135,1746,선정릉역_2
2019,2,D,발달상권,1001100,78,28,50,7,14,16,13,13,15,2,4,3,7,6,6,5,10,13,6,7,9,42,0,42,강남구 논현역_3
2019,2,D,발달상권,1001099,700,363,337,70,143,158,112,110,107,35,76,86,54,63,49,35,67,72,58,47,58,406,0,406,포스코사거리_2
2019,2,D,발달상권,1001098,2118,1036,1082,219,364,471,381,301,382,120,178,206,205,151,176,99,186,265,176,150,206,1195,75,1120,포스코사거리_1
2019,2,D,발달상권,1001096,3227,1551,1676,601,425,687,528,518,468,285,200,341,255,238,232,316,225,346,273,280,236,1148,548,600,신도림역
2019,2,D,발달상권,1001095,3931,1886,2045,253,865,1063,622,444,684,133,385,503,326,225,314,120,480,560,296,219,370,2516,0,2516,강남구 논현역_2
2019,2,D,발달상권,1001094,643,281,362,83,124,142,112,86,96,39,51,56,50,36,49,44,73,86,62,50,47,340,0,340,선정릉역_1
2019,2,D,발달상권,1001093,2803,1369,1434,251,483,671,463,400,535,130,220,333,240,193,253,121,263,338,223,207,282,1693,0,1693,신천역
2019,2,D,발달상권,1001092,1973,1023,950,97,408,473,337,295,363,52,187,231,204,174,175,45,221,242,133,121,188,1396,0,1396,강남구 논현역_1
2019,2,D,발달상권,1001091,9,6,3,0,1,2,1,1,4,0,0,2,1,0,3,0,1,0,0,1,1,5,0,5,삼성역_2
2019,2,D,발달상권,1001090,686,332,354,56,113,182,112,96,127,31,54,82,57,45,63,25,59,100,55,51,64,436,0,436,삼정역_2
2019,2,D,발달상권,1001089,86,37,49,6,14,18,11,15,22,3,4,11,3,6,10,3,10,7,8,9,12,45,0,45,삼정역_1
2019,2,D,발달상권,1001088,1511,740,771,213,298,354,260,193,193,125,119,164,130,103,99,88,179,190,130,90,94,856,0,856,삼성역_1
2019,2,D,발달상권,1001087,2167,1065,1102,130,457,630,359,259,332,63,205,314,204,125,154,67,252,316,155,134,178,1394,0,1394,서울 강남구 선릉역_2
2019,2,D,발달상권,1001085,3214,1631,1583,187,799,943,458,379,448,90,364,489,255,209,224,97,435,454,203,170,224,2307,45,2262,서울 서초구 강남역
2019,2,D,발달상권,1001084,676,329,347,40,92,207,163,86,88,24,44,93,77,49,42,16,48,114,86,37,46,501,0,501,서울 강남구 선릉역_1
2019,2,D,발달상권,1001083,594,295,299,81,85,156,89,71,112,45,40,72,40,39,59,36,45,84,49,32,53,299,0,299,서울 송파구 석촌역_2
2019,2,D,발달상권,1001082,4251,1937,2314,445,785,1173,870,500,478,213,311,493,413,278,229,232,474,680,457,222,249,2684,113,2571,선릉역_2
2019,2,D,발달상권,1001081,1035,519,516,74,244,266,141,148,162,39,118,131,74,75,82,35,126,135,67,73,80,661,0,661,서울 강남구 역삼역_2
2019,2,D,발달상권,1001080,201,87,114,20,40,44,42,25,30,12,10,20,21,9,15,8,30,24,21,16,15,111,0,111,서울 송파구 석촌역_1
2019,2,D,발달상권,1001079,3,2,1,0,0,1,0,1,1,0,0,1,0,1,0,0,0,0,0,0,1,2,0,2,석촌역
2019,2,D,발달상권,1001078,3089,1390,1699,346,574,593,596,419,561,156,216,262,286,216,254,190,358,331,310,203,307,1795,670,1125,서울 강남구 강남역_2
2019,2,D,발달상권,1001077,1337,590,747,291,155,255,352,142,142,118,65,100,158,84,65,173,90,155,194,58,77,599,289,310,선릉역_1
2019,2,D,발달상권,1001076,690,332,358,106,107,170,109,98,100,57,37,84,62,48,44,49,70,86,47,50,56,317,167,150,구로역
2019,2,D,발달상권,1001075,393,265,128,289,23,43,15,12,11,203,10,26,8,11,7,86,13,17,7,1,4,91,0,91,역삼역_2
2019,2,D,발달상권,1001074,2626,1238,1388,254,707,696,433,296,240,132,246,329,242,176,113,122,461,367,191,120,127,1831,0,1831,대림역_2
2019,2,D,발달상권,1001073,5470,2800,2670,332,1124,1460,970,726,858,176,483,767,541,428,405,156,641,693,429,298,453,3884,55,3829,서울 강남구 역삼역_1
2019,2,D,발달상권,1001072,1243,590,653,113,271,286,183,151,239,53,91,136,107,85,118,60,180,150,76,66,121,821,35,786,신대방삼거리역
2019,2,D,발달상권,1001071,2102,994,1108,398,328,272,429,349,326,209,153,130,186,171,145,189,175,142,243,178,181,926,0,926,서울 강남구 한티역
2019,2,D,발달상권,1001070,370,195,175,95,40,36,97,62,40,66,21,16,40,35,17,29,19,20,57,27,23,127,86,41,은마아파트입구사거리_4
2019,2,D,발달상권,1001069,303,152,151,49,53,35,55,55,56,24,25,22,20,31,30,25,28,13,35,24,26,132,0,132,은마아파트입구사거리_3
2019,2,D,발달상권,1001068,17,9,8,0,3,1,2,6,5,0,1,0,2,2,4,0,2,1,0,4,1,8,0,8,은마아파트입구사거리_2
2019,2,D,발달상권,1001067,3851,1843,2008,244,973,1113,587,374,560,117,347,579,333,198,269,127,626,534,254,176,291,2803,0,2803,오류동역
2019,2,D,발달상권,1001066,2548,1191,1357,266,688,710,353,263,268,132,292,326,184,131,126,134,396,384,169,132,142,1851,103,1748,서울 강남구 강남역
2019,2,D,발달상권,1001065,188,97,91,39,32,16,36,43,22,22,18,11,18,21,7,17,14,5,18,22,15,62,0,62,은마아파트입구사거리_1
2019,2,D,발달상권,1001064,1754,788,966,74,656,570,231,122,101,38,204,291,126,84,45,36,452,279,105,38,56,1481,0,1481,대림역_1
2019,2,D,발달상권,1001063,1002,499,503,225,154,114,215,149,145,118,76,54,94,89,68,107,78,60,121,60,77,429,39,390,교대역_4
2019,2,D,발달상권,1001062,3012,1440,1572,559,406,676,537,384,450,264,204,304,273,184,211,295,202,372,264,200,239,1311,156,1155,서울 강남구 강남역_1
2019,2,D,발달상권,1001061,2604,1234,1370,622,270,368,560,349,435,308,128,161,262,184,191,314,142,207,298,165,244,956,482,474,방배동카페골목
2019,2,D,발달상권,1001059,24,11,13,4,2,6,3,6,3,1,2,2,0,4,2,3,0,4,3,2,1,12,0,12,교대역_3
2019,2,D,발달상권,1001058,2795,1349,1446,296,547,779,449,338,386,141,260,387,227,147,187,155,287,392,222,191,199,1603,14,1589,역삼역_1
2019,2,D,발달상권,1001057,1758,850,908,224,341,384,292,239,278,119,176,172,150,106,127,105,165,212,142,133,151,1033,280,753,교대역_2
2019,2,D,발달상권,1001056,570,301,269,38,83,130,97,104,118,16,32,59,55,74,65,22,51,71,42,30,53,402,0,402,서울 송파구 가락시장역
2019,2,D,발달상권,1001055,55,31,24,6,11,7,3,14,14,4,9,3,1,6,8,2,2,4,2,8,6,25,0,25,서울 서초구 서초역
2019,2,D,발달상권,1001054,642,306,336,208,67,63,145,97,62,99,35,25,63,53,31,109,32,38,82,44,31,204,106,98,서울 강남구 대치역_2
2019,2,D,발달상권,1001053,519,260,259,165,53,33,148,66,54,84,28,13,70,40,25,81,25,20,78,26,29,145,145,0,서울 강남구 대치역_1
2019,2,D,발달상권,1001052,2197,964,1233,136,570,709,342,221,219,74,225,318,148,105,94,62,345,391,194,116,125,1635,249,1386,뱅뱅사거리_2
2019,2,D,발달상권,1001051,5095,2411,2684,887,614,808,839,595,1352,440,288,370,406,285,622,447,326,438,433,310,730,2020,399,1621,보라매공원
2019,2,D,발달상권,1001050,2611,1321,1290,265,521,521,354,438,512,141,263,249,189,218,261,124,258,272,165,220,251,1363,199,1164,교대역_1
2019,2,D,발달상권,1001049,2655,1325,1330,309,345,362,371,516,752,161,188,197,190,251,338,148,157,165,181,265,414,1225,0,1225,개봉동 현대아파트 인근
2019,2,D,발달상권,1001048,1759,755,1004,97,517,652,261,123,109,51,163,312,118,54,57,46,354,340,143,69,52,1359,1,1358,뱅뱅사거리
2019,2,D,발달상권,1001047,1069,546,523,118,221,308,158,120,144,58,99,163,91,65,70,60,122,145,67,55,74,667,0,667,뱅뱅사거리_1
2019,2,D,발달상권,1001046,3147,1589,1558,118,1258,928,365,223,255,71,548,510,216,110,134,47,710,418,149,113,121,2577,85,2492,서울 관악구 신림역_4
2019,2,D,발달상권,1001045,1176,554,622,91,239,214,164,174,294,44,111,103,85,81,130,47,128,111,79,93,164,678,0,678,동작구 총신대입구역_1
2019,2,D,발달상권,1001044,1858,886,972,223,306,447,311,235,336,103,146,216,142,119,160,120,160,231,169,116,176,977,0,977,양재역_3
2019,2,D,발달상권,1001043,1812,779,1033,353,272,328,415,247,197,150,94,139,181,129,86,203,178,189,234,118,111,851,18,833,동작구 총신대입구역_2
2019,2,D,발달상권,1001042,575,249,326,64,112,135,106,53,105,29,37,59,55,25,44,35,75,76,51,28,61,319,0,319,서울 서초구 남부터미널역_3
2019,2,D,발달상권,1001041,1480,683,797,99,134,229,220,227,571,44,56,106,126,128,223,55,78,123,94,99,348,928,511,417,서울 강남구 수서역
2019,2,D,발달상권,1001040,1168,634,534,23,512,340,109,86,98,11,234,203,76,54,56,12,278,137,33,32,42,999,0,999,서울 관악구 신림역_3
2019,2,D,발달상권,1001039,1764,868,896,99,373,519,327,261,185,55,121,251,172,164,105,44,252,268,155,97,80,1361,0,1361,서울 서초구 남부터미널역_2
2019,2,D,발달상권,1001038,125,68,57,10,8,23,14,28,42,4,6,11,10,17,20,6,2,12,4,11,22,74,0,74,구로디지탈1단지
2019,2,D,발달상권,1001037,1698,762,936,237,334,338,309,234,246,106,139,149,151,107,110,131,195,189,158,127,136,862,136,726,양재역
2019,2,D,발달상권,1001036,406,223,183,58,74,77,72,59,66,35,43,45,39,29,32,23,31,32,33,30,34,198,0,198,문정역
2019,2,D,발달상권,1001035,572,290,282,78,114,93,88,91,108,46,48,46,49,45,56,32,66,47,39,46,52,294,0,294,매봉역
2019,2,D,발달상권,1001034,1227,583,644,165,175,258,231,169,229,88,76,122,118,78,101,77,99,136,113,91,128,639,0,639,서울 서초구 방배역
2019,2,D,발달상권,1001033,1204,578,626,194,170,202,191,218,229,107,86,84,91,97,113,87,84,118,100,121,116,483,0,483,서울 서초구 남부터미널역_1
2019,2,D,발달상권,1001032,1647,858,789,82,620,365,169,159,252,50,318,212,90,63,125,32,302,153,79,96,127,1132,0,1132,서울 관악구 신림역_2
2019,2,D,발달상권,1001031,687,300,387,21,311,190,71,47,47,10,106,93,41,24,26,11,205,97,30,23,21,582,0,582,서울 관악구 신림역_1
2019,2,D,발달상권,1001030,910,425,485,100,168,198,148,133,163,48,70,99,72,64,72,52,98,99,76,69,91,478,0,478,양재역_2
2019,2,D,발달상권,1001029,8,5,3,0,2,0,0,5,1,0,2,0,0,3,0,0,0,0,0,2,1,4,0,4,양재역_1
2019,2,D,발달상권,1001028,560,293,267,17,235,141,59,42,66,10,113,75,41,21,33,7,122,66,18,21,33,449,0,449,서울 관악구 서울대입구역_2
2019,2,D,발달상권,1001027,1748,971,777,30,526,416,263,276,237,13,189,238,179,209,143,17,337,178,84,67,94,1584,13,1571,가산디지털단지역_3
2019,2,D,발달상권,1001026,358,206,152,20,49,32,52,94,111,14,28,22,29,63,50,6,21,10,23,31,61,234,0,234,구로디지털단지역
2019,2,D,발달상권,1001025,6715,3076,3639,256,3162,1591,588,514,604,119,1250,791,311,279,326,137,1912,800,277,235,278,5444,0,5444,서울 관악구 서울대입구역_1
2019,2,D,발달상권,1001024,929,446,483,147,161,143,165,147,166,71,73,68,77,68,89,76,88,75,88,79,77,417,82,335,관악구 사당역_1
2019,2,D,발달상권,1001023,681,362,319,48,173,163,93,72,132,23,82,94,57,46,60,25,91,69,36,26,72,432,160,272,가산디지털단지역_2
2019,2,D,발달상권,1001022,924,440,484,34,250,207,101,119,213,18,97,106,49,63,107,16,153,101,52,56,106,633,0,633,관악구 사당역_2
2019,2,D,발달상권,1001021,27,16,11,0,6,6,4,5,6,0,1,2,3,5,5,0,5,4,1,0,1,25,0,25,가산디지털단지역_1
2019,2,D,발달상권,1001019,93,51,42,8,17,35,18,9,6,3,11,18,12,4,3,5,6,17,6,5,3,60,0,60,포이사거리_1
2019,2,D,발달상권,1001018,1856,1011,845,172,317,458,317,290,302,90,155,253,186,164,163,82,162,205,131,126,139,1141,0,1141,포이사거리_2
2019,2,D,발달상권,1001017,307,148,159,12,83,100,37,25,50,6,25,61,20,7,29,6,58,39,17,18,21,230,0,230,관악구 사당역_3
2019,2,D,발달상권,1001016,1689,1025,664,100,726,339,189,130,205,55,444,236,127,72,91,45,282,103,62,58,114,1318,0,1318,서울 관악구 대학동_1
2019,2,D,발달상권,1001015,1199,658,541,54,233,323,205,188,196,24,118,197,118,114,87,30,115,126,87,74,109,868,0,868,서울 금천구 독산1동_1
2019,2,D,발달상권,1001013,1656,813,843,462,164,243,333,198,256,256,77,109,174,90,107,206,87,134,159,108,149,526,0,526,양재 화물트럭터미널앞_2
2019,2,D,발달상권,1001012,2,2,0,0,0,0,0,1,1,0,0,0,0,1,1,0,0,0,0,0,0,2,0,2,양재 화물트럭터미널앞_1
2019,2,D,발달상권,1001011,1566,815,751,107,183,218,240,305,513,56,87,119,141,178,234,51,96,99,99,127,279,1027,0,1027,서울 금천구 시흥1동_4
2019,2,A,골목상권,1001010,3088,1526,1562,332,420,519,498,575,744,173,209,276,256,278,334,159,211,243,242,297,410,1601,0,1601,풍성로37가길
2019,2,A,골목상권,1001009,4032,2056,1976,414,590,703,599,703,1023,217,280,392,330,355,482,197,310,311,269,348,541,2067,39,2028,천호옛길
2019,2,A,골목상권,1001008,2323,1114,1209,188,454,481,316,358,526,95,191,269,156,164,239,93,263,212,160,194,287,1261,0,1261,천호옛14길
2019,2,A,골목상권,1001007,2208,1105,1103,308,303,273,329,434,561,157,156,143,169,227,253,151,147,130,160,207,308,980,0,980,천호대로219길
2019,2,A,골목상권,1001006,4523,2227,2296,739,653,692,673,818,948,383,332,347,333,378,454,356,321,345,340,440,494,1738,531,1207,천호대로197길
2019,2,A,골목상권,1001005,2777,1375,1402,366,371,500,405,468,667,185,194,273,194,222,307,181,177,227,211,246,360,1270,96,1174,천호대로187길
2019,2,A,골목상권,1001004,4152,2078,2074,504,637,844,622,689,856,258,315,449,324,321,411,246,322,395,298,368,445,1944,302,1642,천호대로170길
2019,2,A,골목상권,1001003,2704,1346,1358,364,407,470,391,459,613,184,208,227,215,215,297,180,199,243,176,244,316,1185,114,1071,천호대로162길
2019,2,A,골목상권,1001002,4505,2182,2323,629,674,702,665,760,1075,327,325,360,335,351,484,302,349,342,330,409,591,1858,127,1731,천중로51길
2019,2,A,골목상권,1001001,6690,3286,3404,969,974,1105,1024,1097,1521,501,475,591,508,487,724,468,499,514,516,610,797,2798,481,2317,천중로39길
2019,2,A,골목상권,1001000,1801,887,914,187,274,363,256,313,408,108,126,187,141,132,193,79,148,176,115,181,215,895,0,895,진황도로47길
2019,2,A,골목상권,1000999,7755,3899,3856,826,1139,1570,1085,1226,1909,415,549,817,600,601,917,411,590,753,485,625,992,3952,684,3268,진황도로27길
2019,2,A,골목상권,1000998,3215,1576,1639,341,438,599,464,585,788,173,215,319,240,287,342,168,223,280,224,298,446,1650,116,1534,올림픽로98길
2019,2,A,골목상권,1000997,2047,1053,994,215,250,258,316,406,602,121,128,142,179,212,271,94,122,116,137,194,331,1067,0,1067,올림픽로80길
2019,2,A,골목상권,1000996,1738,905,833,120,176,205,276,399,562,59,89,117,149,231,260,61,87,88,127,168,302,1070,75,995,올림픽로78길
2019,2,A,골목상권,1000995,2618,1338,1280,276,367,530,373,457,615,138,174,299,206,227,294,138,193,231,167,230,321,1320,0,1320,올림픽로77길
2019,2,A,골목상권,1000994,2561,1321,1240,210,368,425,341,494,723,114,196,236,188,254,333,96,172,189,153,240,390,1401,0,1401,올림픽로71길
2019,2,A,골목상권,1000993,1562,752,810,258,194,300,258,210,342,133,93,135,126,108,157,125,101,165,132,102,185,687,47,640,올림픽로48길
2019,2,A,골목상권,1000992,3526,1756,1770,706,429,565,600,487,739,377,213,288,295,239,344,329,216,277,305,248,395,1328,652,676,양재대로96길
2019,2,A,골목상권,1000991,3619,1783,1836,507,559,614,550,639,750,291,293,319,264,295,321,216,266,295,286,344,429,1550,146,1404,양재대로95길
2019,2,A,골목상권,1000990,4192,2055,2137,668,634,596,665,739,890,368,339,304,325,354,365,300,295,292,340,385,525,1695,429,1266,양재대로91길
2019,2,A,골목상권,1000989,4987,2457,2530,679,751,783,679,902,1193,337,387,410,354,417,552,342,364,373,325,485,641,2111,189,1922,양재대로133길
2019,2,A,골목상권,1000988,4519,2261,2258,586,674,694,707,803,1055,305,365,374,338,386,493,281,309,320,369,417,562,1978,109,1869,양재대로124길
2019,2,A,골목상권,1000987,1521,733,788,204,251,257,213,257,339,107,111,133,112,120,150,97,140,124,101,137,189,675,137,538,양재대로116길
2019,2,A,골목상권,1000986,4732,2277,2455,526,784,1065,668,751,938,267,380,530,344,317,439,259,404,535,324,434,499,2355,114,2241,양재대로101길
2019,2,A,골목상권,1000985,7132,3599,3533,995,1020,1192,1086,1242,1597,516,540,626,562,624,731,479,480,566,524,618,866,3184,302,2882,암사길
2019,2,A,골목상권,1000984,4757,2342,2415,810,662,763,832,765,925,452,327,381,396,360,426,358,335,382,436,405,499,1841,44,1797,성안로3길
2019,2,A,골목상권,1000983,3614,1751,1863,696,488,562,599,550,719,344,248,261,314,252,332,352,240,301,285,298,387,1351,454,897,성내로5길
2019,2,A,골목상권,1000982,1274,643,631,196,205,166,174,275,258,100,119,81,86,133,124,96,86,85,88,142,134,509,0,509,상일로5길
2019,2,A,골목상권,1000981,1937,966,971,251,263,365,317,263,478,130,137,193,157,129,220,121,126,172,160,134,258,966,284,682,상암로5길
2019,2,A,골목상권,1000980,3008,1447,1561,472,418,431,475,510,702,238,214,220,232,225,318,234,204,211,243,285,384,1208,368,840,상암로51길
2019,2,A,골목상권,1000979,3269,1651,1618,425,473,693,509,545,624,211,229,354,270,278,309,214,244,339,239,267,315,1656,122,1534,상암로4길
2019,2,A,골목상권,1000978,3651,1791,1860,490,514,666,551,621,809,254,258,337,265,298,379,236,256,329,286,323,430,1599,333,1266,상암로14길
2019,2,A,골목상권,1000977,2767,1379,1388,410,436,410,424,476,611,226,222,214,213,240,264,184,214,196,211,236,347,1274,114,1160,명일로13길
2019,2,A,골목상권,1000976,2914,1498,1416,416,418,342,440,577,721,221,229,187,226,297,338,195,189,155,214,280,383,1274,0,1274,동남로85길
2019,2,A,골목상권,1000975,1694,915,779,192,238,201,235,380,448,106,140,120,123,205,221,86,98,81,112,175,227,821,0,821,동남로82길
2019,2,A,골목상권,1000974,2695,1318,1377,569,345,307,484,462,528,305,185,160,220,231,217,264,160,147,264,231,311,1071,0,1071,동남로65길
2019,2,A,골목상권,1000973,4286,2169,2117,504,585,646,680,836,1035,259,304,346,369,409,482,245,281,300,311,427,553,2174,107,2067,구천면로42길
2019,2,A,골목상권,1000972,5439,2715,2724,697,752,888,815,988,1299,365,393,471,431,461,594,332,359,417,384,527,705,2458,334,2124,구천면로41길
2019,2,A,골목상권,1000971,2602,1347,1255,314,382,347,380,531,648,172,184,196,201,284,310,142,198,151,179,247,338,1214,0,1214,구천면로36길
2019,2,A,골목상권,1000970,1602,821,781,315,201,256,278,245,307,166,112,128,149,129,137,149,89,128,129,116,170,623,0,623,고덕로61길
2019,2,A,골목상권,1000969,1531,763,768,302,180,264,219,240,326,149,105,131,117,112,149,153,75,133,102,128,177,559,136,423,고덕로25길
2019,2,A,골목상권,1000968,2111,1053,1058,307,314,363,352,345,430,166,154,196,179,160,198,141,160,167,173,185,232,1011,70,941,고덕로10길
2019,2,A,골목상권,1000967,4215,2140,2075,787,587,582,715,722,822,482,315,301,344,327,371,305,272,281,371,395,451,1622,254,1368,강동대로53길
2019,2,A,골목상권,1000966,1920,941,979,215,223,293,265,341,583,116,115,165,141,143,261,99,108,128,124,198,322,927,0,927,풍성로25길
2019,2,A,골목상권,1000965,2594,1296,1298,503,393,383,412,427,476,262,205,197,202,201,229,241,188,186,210,226,247,1021,74,947,오금로46길
2019,2,A,골목상권,1000964,2964,1456,1508,389,558,606,432,453,526,207,270,329,198,202,250,182,288,277,234,251,276,1347,51,1296,오금로36길
2019,2,A,골목상권,1000963,4808,2327,2481,504,807,1152,681,705,959,262,394,602,352,289,428,242,413,550,329,416,531,2498,22,2476,오금로11길
2019,2,A,골목상권,1000962,2715,1321,1394,434,431,340,428,518,564,224,226,162,196,248,265,210,205,178,232,270,299,1031,415,616,양재대로72길
2019,2,A,골목상권,1000961,1517,720,797,253,232,243,241,261,287,127,107,120,113,116,137,126,125,123,128,145,150,605,21,584,양재대로71길
2019,2,A,골목상권,1000960,3669,1878,1791,522,584,651,562,679,671,267,313,322,293,346,337,255,271,329,269,333,334,1520,10,1510,양재대로64길
2019,2,A,골목상권,1000959,1587,822,765,231,207,345,266,241,297,131,104,181,139,127,140,100,103,164,127,114,157,760,285,475,양재대로62길
2019,2,A,골목상권,1000958,1584,867,717,136,234,262,272,326,354,74,118,150,153,184,188,62,116,112,119,142,166,976,0,976,송파대로30길
2019,2,A,골목상권,1000957,3364,1702,1662,497,537,748,502,512,568,271,279,395,257,237,263,226,258,353,245,275,305,1421,305,1116,송이로36길
2019,2,A,골목상권,1000956,5600,2803,2797,829,963,1171,853,934,850,421,484,633,431,443,391,408,479,538,422,491,459,2442,399,2043,송이로32길
2019,2,A,골목상권,1000955,4454,2183,2271,600,753,910,684,669,838,323,377,448,338,311,386,277,376,462,346,358,452,2037,41,1996,송이로23길
2019,2,A,골목상권,1000954,6562,3101,3461,750,1248,1568,1019,923,1054,405,540,753,498,422,483,345,708,815,521,501,571,3534,0,3534,삼전로13길
2019,2,A,골목상권,1000953,8436,4124,4312,1245,1309,1609,1261,1357,1655,688,643,812,615,604,762,557,666,797,646,753,893,3604,201,3403,백제고분로50길
2019,2,A,골목상권,1000952,3217,1520,1697,427,559,718,457,504,552,208,273,352,210,223,254,219,286,366,247,281,298,1494,17,1477,백제고분로46길
2019,2,A,골목상권,1000951,4794,2292,2502,614,835,1175,666,690,814,296,385,561,343,311,396,318,450,614,323,379,418,2276,253,2023,백제고분로45길
2019,2,A,골목상권,1000950,4194,2011,2183,480,802,1058,577,610,667,261,374,504,272,292,308,219,428,554,305,318,359,2092,0,2092,백제고분로42길
2019,2,A,골목상권,1000949,3380,1551,1829,361,671,838,475,466,569,200,257,397,241,197,259,161,414,441,234,269,310,1760,0,1760,백제고분로39길
2019,2,A,골목상권,1000948,7777,3812,3965,1047,1197,1744,1243,1126,1420,567,581,892,605,532,635,480,616,852,638,594,785,3698,18,3680,백제고분로34길
2019,2,A,골목상권,1000947,6311,2980,3331,682,1163,1652,963,846,1005,334,503,802,493,394,454,348,660,850,470,452,551,3415,0,3415,백제고분로33길
2019,2,A,골목상권,1000946,6454,3067,3387,998,950,1415,1106,892,1093,518,449,684,539,387,490,480,501,731,567,505,603,2998,36,2962,백제고분로32길
2019,2,A,골목상권,1000945,6266,2886,3380,842,1003,1399,1053,889,1080,409,448,650,514,396,469,433,555,749,539,493,611,3121,0,3121,백제고분로31길
2019,2,A,골목상권,1000944,6884,3301,3583,909,1117,1607,1125,1041,1085,471,525,784,565,458,498,438,592,823,560,583,587,3375,0,3375,백제고분로22길
2019,2,A,골목상권,1000943,2499,1241,1258,251,442,625,422,370,389,136,207,300,220,205,173,115,235,325,202,165,216,1397,0,1397,백제고분로21길
2019,2,A,골목상권,1000942,3999,2059,1940,537,448,502,640,756,1116,272,248,273,345,405,516,265,200,229,295,351,600,1907,90,1817,마천로51길
2019,2,A,골목상권,1000941,3571,1709,1862,630,545,555,614,595,632,319,257,280,279,290,284,311,288,275,335,305,348,1332,380,952,동남로20길
2019,2,A,골목상권,1000940,3303,1666,1637,426,350,387,553,631,956,205,205,206,299,332,419,221,145,181,254,299,537,1655,0,1655,거마로20길
2019,2,A,골목상권,1000939,3038,1440,1598,624,356,582,615,347,514,378,158,228,275,169,232,246,198,354,340,178,282,1148,640,508,학동로77길
2019,2,A,골목상권,1000938,1604,734,870,133,343,427,272,164,265,73,150,196,127,75,113,60,193,231,145,89,152,987,0,987,학동로6길
2019,2,A,골목상권,1000937,1007,465,542,171,154,182,181,135,184,71,82,83,77,64,88,100,72,99,104,71,96,439,124,315,학동로56길
2019,2,A,골목상권,1000936,1519,705,814,166,297,413,250,162,231,74,135,200,130,71,95,92,162,213,120,91,136,842,102,740,학동로38길
2019,2,A,골목상권,1000935,415,202,213,35,67,95,53,52,113,26,33,47,27,22,47,9,34,48,26,30,66,226,0,226,테헤란로81길
2019,2,A,골목상권,1000934,3439,1654,1785,555,650,542,526,538,628,295,321,254,255,244,285,260,329,288,271,294,343,1566,0,1566,일원로9길
2019,2,A,골목상권,1000933,2386,1193,1193,446,387,362,390,366,435,246,204,184,183,174,202,200,183,178,207,192,233,1011,83,928,일원로3길
2019,2,A,골목상권,1000932,2065,1041,1024,302,305,247,348,350,513,178,182,123,154,176,228,124,123,124,194,174,285,1004,0,1004,영동대로65길
2019,2,A,골목상권,1000931,2663,1315,1348,466,381,457,487,390,482,278,205,220,214,178,220,188,176,237,273,212,262,1052,480,572,영동대로112길
2019,2,A,골목상권,1000930,3491,1735,1756,354,655,917,627,475,463,177,297,464,333,257,207,177,358,453,294,218,256,2051,180,1871,언주로81길
2019,2,A,골목상권,1000929,1001,467,534,149,155,224,189,121,163,81,67,95,94,60,70,68,88,129,95,61,93,497,64,433,압구정로2길
2019,2,A,골목상권,1000928,1733,865,868,272,229,220,275,315,422,145,128,119,123,161,189,127,101,101,152,154,233,740,35,705,선릉로18길
2019,2,A,골목상권,1000927,2058,912,1146,254,382,434,358,276,354,122,141,188,181,128,152,132,241,246,177,148,202,1117,0,1117,선릉로146길
2019,2,A,골목상권,1000926,1549,668,881,183,290,342,260,187,287,96,101,146,123,86,116,87,189,196,137,101,171,801,107,694,선릉로133길
2019,2,A,골목상권,1000925,2042,937,1105,400,311,372,370,278,311,209,123,150,172,143,140,191,188,222,198,135,171,844,120,724,선릉로132길
2019,2,A,골목상권,1000924,846,396,450,82,136,214,161,114,139,45,69,94,78,53,57,37,67,120,83,61,82,470,0,470,선릉로121길
2019,2,A,골목상권,1000923,2533,1236,1297,447,410,453,513,368,342,249,203,218,216,192,158,198,207,235,297,176,184,1183,237,946,삼성로75길
2019,2,A,골목상권,1000922,3460,1699,1761,680,591,523,724,489,453,401,294,260,317,233,194,279,297,263,407,256,259,1579,0,1579,삼성로69길
2019,2,A,골목상권,1000921,2924,1554,1370,820,349,162,814,498,281,543,191,74,348,269,129,277,158,88,466,229,152,934,718,216,삼성로64길
2019,2,A,골목상권,1000920,4355,2070,2285,773,755,631,889,758,549,437,358,297,377,362,239,336,397,334,512,396,310,2059,19,2040,삼성로63길
2019,2,A,골목상권,1000919,1730,904,826,506,216,102,447,308,151,317,104,47,188,177,71,189,112,55,259,131,80,522,394,128,삼성로57길
2019,2,A,골목상권,1000918,1246,554,692,173,253,269,188,162,201,85,113,105,92,77,82,88,140,164,96,85,119,651,26,625,삼성로147길
2019,2,A,골목상권,1000917,2821,1312,1509,548,380,595,558,320,420,312,191,239,247,150,173,236,189,356,311,170,247,1269,130,1139,삼성로115길
2019,2,A,골목상권,1000916,1490,697,793,156,255,419,283,145,232,85,116,177,146,78,95,71,139,242,137,67,137,883,0,883,봉은사로68길
2019,2,A,골목상권,1000915,1646,735,911,240,305,358,310,186,247,135,126,152,128,97,97,105,179,206,182,89,150,836,0,836,봉은사로57길
2019,2,A,골목상권,1000914,3259,1536,1723,500,474,708,594,404,579,263,227,322,275,192,257,237,247,386,319,212,322,1513,330,1183,봉은사로43길
2019,2,A,골목상권,1000913,1239,581,658,111,234,351,223,139,181,51,110,157,114,64,85,60,124,194,109,75,96,761,0,761,봉은사로29길
2019,2,A,골목상권,1000912,2173,1037,1136,416,300,343,369,324,421,210,159,153,172,150,193,206,141,190,197,174,228,806,146,660,봉은사로109길
2019,2,A,골목상권,1000911,1944,895,1049,281,316,351,347,307,342,155,136,168,154,134,148,126,180,183,193,173,194,842,165,677,도산대로89길
2019,2,A,골목상권,1000910,941,419,522,159,142,133,152,134,221,72,62,55,68,59,103,87,80,78,84,75,118,378,0,378,도산대로81길
2019,2,A,골목상권,1000909,2275,1052,1223,323,314,466,358,290,524,170,146,195,182,133,226,153,168,271,176,157,298,1013,396,617,도산대로50길
2019,2,A,골목상권,1000908,1051,484,567,91,203,315,169,110,163,50,87,149,90,43,65,41,116,166,79,67,98,661,0,661,도산대로38길
2019,2,A,골목상권,1000907,905,420,485,64,180,219,164,97,181,29,72,109,80,43,87,35,108,110,84,54,94,541,27,514,도산대로30길
2019,2,A,골목상권,1000906,1506,661,845,175,284,349,261,180,257,90,116,152,123,69,111,85,168,197,138,111,146,817,31,786,도산대로23길
2019,2,A,골목상권,1000905,694,309,385,79,143,154,119,73,126,34,53,72,54,36,60,45,90,82,65,37,66,375,0,375,도산대로15길
2019,2,A,골목상권,1000904,6062,2806,3256,750,1068,1396,1028,788,1032,371,472,642,484,376,461,379,596,754,544,412,571,3117,0,3117,도곡로37길
2019,2,A,골목상권,1000903,3622,1776,1846,584,544,631,628,602,633,307,279,327,293,296,274,277,265,304,335,306,359,1613,0,1613,논현로8길
2019,2,A,골목상권,1000902,2571,1243,1328,324,424,593,431,353,446,164,205,270,223,173,208,160,219,323,208,180,238,1277,222,1055,논현로63길
2019,2,A,골목상권,1000901,77,46,31,10,8,12,7,12,28,7,5,7,4,5,18,3,3,5,3,7,10,37,0,37,논현로28길
2019,2,A,골목상권,1000900,1247,570,677,133,210,194,208,206,296,68,99,79,102,88,134,65,111,115,106,118,162,655,0,655,논현로26길
2019,2,A,골목상권,1000899,423,186,237,54,68,100,67,54,80,27,25,43,32,23,36,27,43,57,35,31,44,206,0,206,논현로159길
2019,2,A,골목상권,1000898,1378,655,723,149,206,320,221,186,296,78,88,147,115,86,141,71,118,173,106,100,155,692,0,692,논현로139길
2019,2,A,골목상권,1000897,2084,990,1094,126,388,531,441,278,320,68,185,239,213,154,131,58,203,292,228,124,189,1504,0,1504,논현로123길
2019,2,A,골목상권,1000896,3224,1527,1697,245,720,897,483,385,494,106,333,419,260,185,224,139,387,478,223,200,270,1936,55,1881,논현로115길
2019,2,A,골목상권,1000895,1575,786,789,275,208,272,305,258,257,148,111,136,140,131,120,127,97,136,165,127,137,661,0,661,논현로10길
2019,2,A,골목상권,1000894,2107,924,1183,147,418,724,333,206,279,62,168,310,163,93,128,85,250,414,170,113,151,1353,0,1353,논현로106길
2019,2,A,골목상권,1000893,2859,1378,1481,621,337,483,575,416,427,298,171,241,275,203,190,323,166,242,300,213,237,1124,681,443,남부순환로365길
2019,2,A,골목상권,1000892,28,18,10,0,4,2,3,6,13,0,2,2,3,4,7,0,2,0,0,2,6,25,0,25,개포로82길
2019,2,A,골목상권,1000891,2068,994,1074,370,329,314,395,352,308,183,166,159,179,171,136,187,163,155,216,181,172,820,105,715,개포로28길
2019,2,A,골목상권,1000890,2405,1170,1235,331,409,452,379,415,419,162,195,235,203,179,196,169,214,217,176,236,223,1073,0,1073,개포로20길
2019,2,A,골목상권,1000889,3678,1792,1886,594,537,600,641,613,693,313,267,296,305,301,310,281,270,304,336,312,383,1590,81,1509,개포로17길
2019,2,A,골목상권,1000888,1863,846,1017,185,311,453,272,294,348,98,129,212,128,127,152,87,182,241,144,167,196,968,552,416,강남대로140길
2019,2,A,골목상권,1000887,1263,572,691,148,183,247,212,175,298,66,80,104,97,75,150,82,103,143,115,100,148,558,0,558,강남대로136길
2019,2,A,골목상권,1000886,1463,630,833,110,333,412,241,147,220,61,129,170,124,56,90,49,204,242,117,91,130,902,17,885,강남대로118길
2019,2,A,골목상권,1000885,2653,1312,1341,451,364,492,474,342,530,234,189,236,237,161,255,217,175,256,237,181,275,1115,143,972,서초중앙로8길
2019,2,A,골목상권,1000884,2768,1261,1507,564,392,350,510,481,471,242,180,151,223,243,222,322,212,199,287,238,249,1041,152,889,방배중앙로21길
2019,2,A,골목상권,1000883,2091,1023,1068,396,254,414,394,290,343,212,118,178,210,145,160,184,136,236,184,145,183,908,335,573,효령로72길
2019,2,A,골목상권,1000882,1562,747,815,266,198,285,253,241,319,146,95,135,118,114,139,120,103,150,135,127,180,618,300,318,효령로34길
2019,2,A,골목상권,1000881,1842,861,981,237,260,364,317,258,406,120,123,176,144,121,177,117,137,188,173,137,229,929,0,929,효령로31길
2019,2,A,골목상권,1000880,4664,2146,2518,710,786,893,771,653,851,380,350,404,350,289,373,330,436,489,421,364,478,2015,140,1875,효령로23길
2019,2,A,골목상권,1000879,3991,1881,2110,603,605,689,639,565,890,319,270,330,303,254,405,284,335,359,336,311,485,1807,0,1807,청두곶길
2019,2,A,골목상권,1000878,3994,1942,2052,218,925,1170,643,458,580,112,413,567,357,238,255,106,512,603,286,220,325,2725,0,2725,주흥길
2019,2,A,골목상권,1000877,2694,1241,1453,203,530,734,477,283,467,99,226,332,255,141,188,104,304,402,222,142,279,1711,0,1711,주흥15길
2019,2,A,골목상권,1000876,2091,1054,1037,275,335,459,359,316,347,142,170,231,188,159,164,133,165,228,171,157,183,980,0,980,언남길
2019,2,A,골목상권,1000875,2627,1270,1357,325,467,563,426,345,501,165,228,277,207,170,223,160,239,286,219,175,278,1360,87,1273,신반포로45길
2019,2,A,골목상권,1000874,1545,766,779,189,196,224,215,227,494,107,87,118,118,102,234,82,109,106,97,125,260,681,0,681,서초대로8길
2019,2,A,골목상권,1000873,1759,848,911,389,219,267,362,259,263,199,109,112,180,126,122,190,110,155,182,133,141,603,480,123,서초대로64길
2019,2,A,골목상권,1000872,3519,1586,1933,548,521,605,546,524,775,255,243,277,239,237,335,293,278,328,307,287,440,1504,117,1387,서초대로4길
2019,2,A,골목상권,1000871,1261,597,664,195,196,250,195,191,234,101,87,120,95,81,113,94,109,130,100,110,121,537,0,537,서초대로25길
2019,2,A,골목상권,1000870,2408,1149,1259,346,304,435,449,354,520,181,150,200,227,170,221,165,154,235,222,184,299,1185,116,1069,서초대로23길
2019,2,A,골목상권,1000869,2418,1099,1319,379,363,523,420,304,429,184,162,230,188,150,185,195,201,293,232,154,244,1139,0,1139,서초대로15길
2019,2,A,골목상권,1000868,1219,542,677,51,295,329,188,139,217,25,124,143,96,62,92,26,171,186,92,77,125,817,0,817,사평대로57길
2019,2,A,골목상권,1000867,173,71,102,24,40,17,24,24,44,10,17,7,8,9,20,14,23,10,16,15,24,74,0,74,사평대로26길
2019,2,A,골목상권,1000866,1568,713,855,325,199,229,311,231,273,174,86,95,134,103,121,151,113,134,177,128,152,600,83,517,사평대로22길
2019,2,A,골목상권,1000865,1089,536,553,160,194,217,160,155,203,84,103,111,83,68,87,76,91,106,77,87,116,554,38,516,사임당로17길
2019,2,A,골목상권,1000864,1130,528,602,275,135,158,224,159,179,132,73,75,107,67,74,143,62,83,117,92,105,427,0,427,방배로42길
2019,2,A,골목상권,1000863,1599,754,845,314,212,213,311,237,312,153,103,88,143,122,145,161,109,125,168,115,167,638,0,638,방배로35길
2019,2,A,골목상권,1000862,1646,762,884,204,290,409,236,201,306,115,117,194,108,82,146,89,173,215,128,119,160,830,0,830,방배로18길
2019,2,A,골목상권,1000861,1630,786,844,267,260,235,264,280,324,146,134,123,117,132,134,121,126,112,147,148,190,691,75,616,반포대로9길
2019,2,A,골목상권,1000860,2791,1339,1452,332,457,582,395,418,607,170,221,307,176,190,275,162,236,275,219,228,332,1312,77,1235,바우뫼로39길
2019,2,A,골목상권,1000859,1505,750,755,219,215,325,262,201,283,113,110,172,142,90,123,106,105,153,120,111,160,682,0,682,마방로2길
2019,2,A,골목상권,1000858,1197,528,669,166,215,232,191,175,218,81,70,102,104,66,105,85,145,130,87,109,113,598,0,598,방배천로4안길
2019,2,A,골목상권,1000857,2075,1047,1028,305,303,487,372,276,332,152,159,257,191,133,155,153,144,230,181,143,177,964,0,964,동산로19길
2019,2,A,골목상권,1000856,3519,1748,1771,552,517,723,567,536,624,304,259,366,285,254,280,248,258,357,282,282,344,1514,31,1483,동산로10길
2019,2,A,골목상권,1000855,1674,754,920,295,205,271,302,252,349,150,89,117,130,125,143,145,116,154,172,127,206,740,0,740,동광로39길
2019,2,A,골목상권,1000854,3406,1575,1831,601,515,556,647,544,543,298,245,269,284,249,230,303,270,287,363,295,313,1453,0,1453,동광로1길
2019,2,A,골목상권,1000853,1371,630,741,255,190,189,259,192,286,107,85,91,124,96,127,148,105,98,135,96,159,557,0,557,동광로12길
2019,2,A,골목상권,1000852,1813,866,947,168,275,378,346,265,381,87,142,180,166,125,166,81,133,198,180,140,215,1033,152,881,논현로27길
2019,2,A,골목상권,1000851,3209,1549,1660,535,455,671,593,494,461,263,226,338,286,242,194,272,229,333,307,252,267,1364,0,1364,논현로1길
2019,2,A,골목상권,1000850,1541,764,777,272,194,336,287,201,251,134,95,171,144,103,117,138,99,165,143,98,134,716,0,716,남부순환로339길
2019,2,A,골목상권,1000849,2444,1203,1241,339,369,342,388,440,566,184,188,168,185,219,259,155,181,174,203,221,307,1081,223,858,남부순환로325길
2019,2,A,골목상권,1000848,1741,848,893,349,269,273,310,266,274,190,135,125,149,119,130,159,134,148,161,147,144,669,98,571,남부순환로317길
2019,2,A,골목상권,1000847,1968,925,1043,425,218,308,352,267,398,216,103,139,165,127,175,209,115,169,187,140,223,716,48,668,고무래로8길
2019,2,A,골목상권,1000846,3665,1843,1822,469,618,856,552,520,650,237,314,450,288,245,309,232,304,406,264,275,341,1826,91,1735,강남대로8길
2019,2,A,골목상권,1000845,2613,1245,1368,262,442,679,343,367,520,134,203,364,159,166,219,128,239,315,184,201,301,1357,0,1357,강남대로34길
2019,2,A,골목상권,1000844,1101,545,556,126,176,252,151,152,244,70,83,123,86,62,121,56,93,129,65,90,123,537,0,537,강남대로23길
2019,2,A,골목상권,1000843,709,385,324,31,61,85,141,148,243,22,25,47,82,95,114,9,36,38,59,53,129,523,0,523,소담길
2019,2,A,골목상권,1000842,1352,684,668,154,153,193,188,255,409,77,74,116,110,128,179,77,79,77,78,127,230,660,155,505,원신길
2019,2,A,골목상권,1000841,1787,894,893,183,198,214,262,337,593,89,107,136,143,176,243,94,91,78,119,161,350,900,0,900,양지길
2019,2,A,골목상권,1000840,1578,809,769,126,274,301,252,239,386,65,147,182,146,106,163,61,127,119,106,133,223,901,284,617,양산길
2019,2,A,골목상권,1000839,2712,1682,1030,93,892,697,412,266,352,42,505,486,302,186,161,51,387,211,110,80,191,2211,0,2211,호암로24길
2019,2,A,골목상권,1000838,3095,1978,1117,145,966,726,495,345,418,80,587,510,386,209,206,65,379,216,109,136,212,2317,0,2317,호암로20길
2019,2,A,골목상권,1000837,4876,2395,2481,320,1594,1229,563,449,721,162,730,664,307,209,323,158,864,565,256,240,398,3312,0,3312,행운길
2019,2,A,골목상권,1000836,3312,1668,1644,276,758,635,394,438,811,150,349,341,212,233,383,126,409,294,182,205,428,2037,0,2037,행운1길
2019,2,A,골목상권,1000835,4202,2075,2127,513,526,568,620,703,1272,264,299,306,338,343,525,249,227,262,282,360,747,2091,382,1709,청림3길
2019,2,A,골목상권,1000834,3526,1673,1853,208,1296,757,353,351,561,103,531,412,189,160,278,105,765,345,164,191,283,2530,23,2507,청룡길
2019,2,A,골목상권,1000833,1945,939,1006,193,597,383,231,191,350,97,256,211,123,90,162,96,341,172,108,101,188,1224,0,1224,청룡8길
2019,2,A,골목상권,1000832,3241,1602,1639,305,760,605,432,397,742,160,366,320,238,207,311,145,394,285,194,190,431,1808,143,1665,중앙길
2019,2,A,골목상권,1000831,4364,2209,2155,492,755,748,633,742,994,259,343,422,332,387,466,233,412,326,301,355,528,2389,47,2342,조원중앙로2길
2019,2,A,골목상권,1000830,1778,888,890,135,508,412,216,193,314,69,220,233,128,94,144,66,288,179,88,99,170,1158,0,1158,조원로18길
2019,2,A,골목상권,1000829,1754,907,847,160,295,331,249,291,428,87,134,182,144,159,201,73,161,149,105,132,227,1004,0,1004,조원로10길
2019,2,A,골목상권,1000828,1757,873,884,144,465,380,207,182,379,76,215,208,119,89,166,68,250,172,88,93,213,1094,0,1094,장군봉2길
2019,2,A,골목상권,1000827,857,403,454,86,134,133,96,131,277,49,55,64,53,67,115,37,79,69,43,64,162,525,30,495,장군봉1길
2019,2,A,골목상권,1000826,3008,1435,1573,358,492,563,481,442,672,175,237,278,238,215,292,183,255,285,243,227,380,1409,0,1409,인헌길
2019,2,A,골목상권,1000825,1485,726,759,278,170,258,255,203,321,134,92,125,138,103,134,144,78,133,117,100,187,578,0,578,은천로25길
2019,2,A,골목상권,1000824,4600,2233,2367,358,1190,898,526,610,1018,198,510,482,282,294,467,160,680,416,244,316,551,2698,80,2618,양녕로6길
2019,2,A,골목상권,1000823,2830,1390,1440,207,630,531,351,388,723,98,291,315,204,170,312,109,339,216,147,218,411,1742,0,1742,신원로3길
2019,2,A,골목상권,1000822,1872,952,920,143,494,410,253,207,365,85,227,225,132,111,172,58,267,185,121,96,193,1201,0,1201,신사로20길
2019,2,A,골목상권,1000821,1967,941,1026,56,899,509,178,137,188,28,395,277,91,69,81,28,504,232,87,68,107,1574,0,1574,신림로65길
2019,2,A,골목상권,1000820,1651,887,764,56,620,466,189,154,166,35,276,269,120,100,87,21,344,197,69,54,79,1351,0,1351,신림로64길
2019,2,A,골목상권,1000819,2604,1367,1237,211,674,536,328,386,469,117,350,329,179,181,211,94,324,207,149,205,258,1504,0,1504,신림로48길
2019,2,A,골목상권,1000818,2009,1048,961,187,463,376,287,285,411,100,243,215,170,137,183,87,220,161,117,148,228,1141,0,1141,신림로38길
2019,2,A,골목상권,1000817,2973,1751,1222,244,825,666,428,358,452,131,468,443,275,216,218,113,357,223,153,142,234,2020,56,1964,신림로28길
2019,2,A,골목상권,1000816,4647,2745,1902,335,1310,984,643,607,768,169,775,660,429,355,357,166,535,324,214,252,411,3135,0,3135,신림로11길
2019,2,A,골목상권,1000815,4207,2164,2043,134,1607,1235,494,298,439,65,761,684,301,164,189,69,846,551,193,134,250,3412,0,3412,신림동길
2019,2,A,골목상권,1000814,3158,1503,1655,218,860,864,322,402,492,110,362,455,165,163,248,108,498,409,157,239,244,1849,20,1829,승방길
2019,2,A,골목상권,1000813,4104,2699,1405,220,1467,1036,544,347,490,130,963,737,410,230,229,90,504,299,134,117,261,3181,0,3181,서림7길
2019,2,A,골목상권,1000812,3995,1966,2029,422,745,740,556,544,988,221,352,389,307,258,439,201,393,351,249,286,549,2115,454,1661,봉천로33길
2019,2,A,골목상권,1000811,3807,1892,1915,513,706,638,534,525,891,285,360,341,270,249,387,228,346,297,264,276,504,1830,0,1830,봉천로13길
2019,2,A,골목상권,1000810,4138,2249,1889,394,1011,819,566,555,793,198,557,511,329,289,365,196,454,308,237,266,428,2428,0,2428,복은길
2019,2,A,골목상권,1000809,1325,638,687,196,204,163,205,246,311,96,98,93,98,115,138,100,106,70,107,131,173,601,0,601,법원단지길
2019,2,A,골목상권,1000808,5210,2605,2605,764,810,673,841,951,1171,415,424,356,423,447,540,349,386,317,418,504,631,2139,0,2139,법원단지9길
2019,2,A,골목상권,1000807,4365,2147,2218,608,685,609,670,773,1020,310,337,324,337,363,476,298,348,285,333,410,544,1896,264,1632,미성5길
2019,2,A,골목상권,1000806,1773,1108,665,102,589,360,259,185,278,49,373,252,189,121,124,53,216,108,70,64,154,1317,0,1317,대학길
2019,2,A,골목상권,1000805,2996,2075,921,176,876,602,537,396,409,94,590,445,413,307,226,82,286,157,124,89,183,2356,0,2356,대학14길
2019,2,A,골목상권,1000804,1818,881,937,189,351,288,290,282,418,95,156,159,135,139,197,94,195,129,155,143,221,1000,0,1000,당곡길
2019,2,A,골목상권,1000803,1976,922,1054,240,396,390,269,261,420,111,178,200,126,118,189,129,218,190,143,143,231,968,152,816,남현길
2019,2,A,골목상권,1000802,1610,750,860,113,376,415,198,193,315,56,161,203,100,86,144,57,215,212,98,107,171,998,26,972,남현3길
2019,2,A,골목상권,1000801,2797,1324,1473,241,612,638,350,385,571,126,259,336,188,165,250,115,353,302,162,220,321,1521,0,1521,남현2길
2019,2,A,골목상권,1000800,1646,769,877,159,373,298,228,226,362,76,172,143,114,109,155,83,201,155,114,117,207,899,44,855,남부순환로248길
2019,2,A,골목상권,1000799,1832,920,912,170,458,384,250,188,382,82,232,211,134,89,172,88,226,173,116,99,210,1148,24,1124,남부순환로234길
2019,2,A,골목상권,1000798,2670,1327,1343,288,625,459,388,400,510,144,313,252,188,192,238,144,312,207,200,208,272,1418,153,1265,남부순환로172길
2019,2,A,골목상권,1000797,3899,1968,1931,428,813,673,582,657,746,227,400,378,290,335,338,201,413,295,292,322,408,2063,0,2063,남부순환로161길
2019,2,A,골목상권,1000796,3382,1677,1705,336,804,653,494,481,614,176,380,360,251,224,286,160,424,293,243,257,328,1868,0,1868,남부순환로151길
2019,2,A,골목상권,1000795,3445,1702,1743,402,672,692,485,507,687,187,315,384,258,254,304,215,357,308,227,253,383,1838,274,1564,남부순환로142길
2019,2,A,골목상권,1000794,2621,1375,1246,302,309,269,452,441,848,156,174,157,247,239,402,146,135,112,205,202,446,1351,0,1351,난향길
2019,2,A,골목상권,1000793,2409,1190,1219,394,322,322,384,408,579,188,162,171,192,206,271,206,160,151,192,202,308,1033,0,1033,난우길
2019,2,A,골목상권,1000792,1853,871,982,146,485,397,232,221,372,78,198,210,117,101,167,68,287,187,115,120,205,1170,0,1170,난곡로74길
2019,2,A,골목상권,1000791,2567,1303,1264,334,376,396,387,495,579,187,186,207,206,244,273,147,190,189,181,251,306,1140,0,1140,난곡로34길
2019,2,A,골목상권,1000790,3307,1680,1627,378,506,401,509,646,867,198,253,242,281,325,381,180,253,159,228,321,486,1644,0,1644,난곡로26길
2019,2,A,골목상권,1000789,2463,1296,1167,304,285,323,375,427,749,161,171,179,215,224,346,143,114,144,160,203,403,1159,0,1159,난곡로24길
2019,2,A,골목상권,1000788,5278,2608,2670,523,1592,1218,664,491,790,250,741,666,362,232,357,273,851,552,302,259,433,3333,0,3333,낙성대역길
2019,2,A,골목상권,1000787,5533,2762,2771,817,760,880,905,882,1289,418,403,466,484,405,586,399,357,414,421,477,703,2363,0,2363,국회단지길
2019,2,A,골목상권,1000786,2935,1465,1470,430,316,304,514,480,891,228,164,153,280,240,400,202,152,151,234,240,491,1402,0,1402,구암길
2019,2,A,골목상권,1000785,4339,2127,2212,386,1119,962,549,494,829,180,556,503,296,225,367,206,563,459,253,269,462,2550,0,2550,관천로22길
2019,2,A,골목상권,1000784,4588,2312,2276,549,991,814,677,694,863,280,490,463,360,326,393,269,501,351,317,368,470,2398,0,2398,관천로15길
2019,2,A,골목상권,1000783,2739,1365,1374,440,407,432,420,420,620,220,220,223,205,212,285,220,187,209,215,208,335,1019,290,729,관악로30길
2019,2,A,골목상권,1000782,3096,1532,1564,500,434,453,505,505,699,254,228,225,253,243,329,246,206,228,252,262,370,1116,163,953,관악로28길
2019,2,A,골목상권,1000781,1415,670,745,104,545,283,138,116,229,53,241,143,74,61,98,51,304,140,64,55,131,980,0,980,관악로14길
2019,2,A,골목상권,1000780,4471,2220,2251,505,1331,875,581,469,710,258,612,502,316,222,310,247,719,373,265,247,400,2650,120,2530,관악로10길
2019,2,A,골목상권,1000779,2030,1033,997,195,647,302,228,248,410,101,372,159,114,116,171,94,275,143,114,132,239,1198,230,968,흑석로9길
2019,2,A,골목상권,1000778,655,331,324,77,150,96,82,108,142,33,75,64,42,55,62,44,75,32,40,53,80,329,0,329,흑석로13길
2019,2,A,골목상권,1000777,2335,1233,1102,162,462,364,300,412,635,96,252,221,179,205,280,66,210,143,121,207,355,1386,0,1386,장승배기로27길
2019,2,A,골목상권,1000776,2448,1242,1206,193,344,346,326,470,769,95,178,205,173,245,346,98,166,141,153,225,423,1324,0,1324,장승배기로19길
2019,2,A,골목상권,1000775,383,206,177,36,75,44,54,73,101,19,41,29,25,41,51,17,34,15,29,32,50,212,22,190,장승배기로10길
2019,2,A,골목상권,1000774,2872,1334,1538,686,436,369,625,397,359,291,188,181,303,209,162,395,248,188,322,188,197,1117,171,946,여의대방로46길
2019,2,A,골목상권,1000773,2873,1347,1526,391,520,553,467,407,535,194,223,265,219,202,244,197,297,288,248,205,291,1447,71,1376,여의대방로24길
2019,2,A,골목상권,1000772,3185,1556,1629,354,754,602,460,426,589,191,342,311,217,219,276,163,412,291,243,207,313,1721,0,1721,여의대방로22카길
2019,2,A,골목상권,1000771,2494,1200,1294,377,350,430,417,367,553,195,169,208,211,181,236,182,181,222,206,186,317,1099,198,901,여의대방로22나길
2019,2,A,골목상권,1000770,2387,1170,1217,280,468,468,360,352,459,153,217,241,187,167,205,127,251,227,173,185,254,1262,177,1085,여의대방로22길
2019,2,A,골목상권,1000769,1926,934,992,320,264,297,328,313,404,172,123,147,164,143,185,148,141,150,164,170,219,769,142,627,양녕로26길
2019,2,A,골목상권,1000768,3860,1858,2002,428,560,567,603,657,1045,224,277,296,285,327,449,204,283,271,318,330,596,2197,0,2197,신대방길
2019,2,A,골목상권,1000767,2051,988,1063,266,341,325,330,311,478,139,180,162,166,151,190,127,161,163,164,160,288,975,0,975,성대로29길
2019,2,A,골목상권,1000766,1125,554,571,95,247,250,127,174,232,46,115,121,69,99,104,49,132,129,58,75,128,713,0,713,성대로1길
2019,2,A,골목상권,1000765,630,305,325,68,106,61,85,111,199,31,57,33,44,61,79,37,49,28,41,50,120,333,0,333,서달로8가길
2019,2,A,골목상권,1000764,363,191,172,31,54,53,43,57,125,14,30,32,30,31,54,17,24,21,13,26,71,228,0,228,서달로15길
2019,2,A,골목상권,1000763,380,176,204,37,65,47,36,77,118,16,33,22,22,35,48,21,32,25,14,42,70,200,0,200,서달로14길
2019,2,A,골목상권,1000762,1747,829,918,183,273,237,251,310,493,93,133,118,137,152,196,90,140,119,114,158,297,866,0,866,서달로10길
2019,2,A,골목상권,1000761,2947,1430,1517,363,909,561,376,288,450,178,446,267,192,141,206,185,463,294,184,147,244,1702,130,1572,상도로62길
2019,2,A,골목상권,1000760,2305,1191,1114,234,724,385,278,267,417,121,421,200,140,117,192,113,303,185,138,150,225,1287,274,1013,상도로61길
2019,2,A,골목상권,1000759,3944,1988,1956,488,1231,559,485,440,741,242,710,286,228,198,324,246,521,273,257,242,417,2157,49,2108,상도로47길
2019,2,A,골목상권,1000758,1330,639,691,176,362,241,160,146,245,81,175,127,84,66,106,95,187,114,76,80,139,713,0,713,상도로37길
2019,2,A,골목상권,1000757,3901,1890,2011,356,881,804,504,548,808,175,431,412,259,268,345,181,450,392,245,280,463,2191,0,2191,상도로15길
2019,2,A,골목상권,1000756,2608,1233,1375,258,488,514,378,397,573,134,222,261,192,185,239,124,266,253,186,212,334,1295,0,1295,사당로8길
2019,2,A,골목상권,1000755,1022,484,538,60,231,247,131,115,238,39,107,122,73,46,97,21,124,125,58,69,141,628,0,628,사당로30길
2019,2,A,골목상권,1000754,3211,1554,1657,471,505,553,518,465,699,261,232,276,254,213,318,210,273,277,264,252,381,1531,230,1301,사당로2차길
2019,2,A,골목상권,1000753,2570,1227,1343,239,508,453,350,441,579,115,255,223,173,218,243,124,253,230,177,223,336,1363,0,1363,사당로29길
2019,2,A,골목상권,1000752,2886,1392,1494,274,630,638,343,391,610,146,298,334,159,184,271,128,332,304,184,207,339,1600,0,1600,사당로26길
2019,2,A,골목상권,1000751,1000,497,503,113,143,145,157,165,277,59,72,82,86,78,120,54,71,63,71,87,157,476,0,476,사당로23나길
2019,2,A,골목상권,1000750,1509,721,788,307,178,281,242,224,277,162,74,126,125,107,127,145,104,155,117,117,150,512,503,9,사당로23길
2019,2,A,골목상권,1000749,2722,1296,1426,258,575,563,377,367,582,122,267,301,194,158,254,136,308,262,183,209,328,1476,0,1476,사당로20길
2019,2,A,골목상권,1000748,3461,1649,1812,378,499,584,552,490,958,182,237,307,293,221,409,196,262,277,259,269,549,1703,68,1635,사당로16길
2019,2,A,골목상권,1000747,2263,1079,1184,237,475,404,318,310,519,113,214,208,168,147,229,124,261,196,150,163,290,1140,0,1140,사당로16가길
2019,2,A,골목상권,1000746,3617,1847,1770,520,711,639,463,486,798,270,405,368,240,208,356,250,306,271,223,278,442,1719,593,1126,만양로8길
2019,2,A,골목상권,1000745,921,559,362,38,379,201,87,70,146,22,247,141,63,32,54,16,132,60,24,38,92,711,0,711,만양로14길
2019,2,A,골목상권,1000744,1918,967,951,195,332,325,245,328,493,105,181,176,131,160,214,90,151,149,114,168,279,1008,133,875,등용로14길
2019,2,A,골목상권,1000743,3443,1644,1799,216,893,745,384,474,731,117,389,364,208,227,339,99,504,381,176,247,392,2078,64,2014,동작대로7길
2019,2,A,골목상권,1000742,2600,1304,1296,315,344,433,391,418,699,170,177,234,208,197,318,145,167,199,183,221,381,1149,24,1125,동작대로35길
2019,2,A,골목상권,1000741,2635,1255,1380,229,422,456,387,394,747,125,203,227,190,170,340,104,219,229,197,224,407,1427,18,1409,동작대로33길
2019,2,A,골목상권,1000740,860,427,433,98,144,136,106,128,248,52,80,71,53,58,113,46,64,65,53,70,135,350,148,202,동작대로29길
2019,2,A,골목상권,1000739,2411,1122,1289,177,471,505,343,336,579,89,199,223,182,153,276,88,272,282,161,183,303,1492,0,1492,동작대로17길
2019,2,A,골목상권,1000738,3564,1596,1968,476,847,672,520,469,580,257,336,281,249,213,260,219,511,391,271,256,320,1805,0,1805,대방동2길
2019,2,A,골목상권,1000737,4113,2061,2052,749,746,692,757,564,605,409,360,354,376,293,269,340,386,338,381,271,336,1902,0,1902,대방동27길
2019,2,A,골목상권,1000736,3231,1625,1606,311,547,442,445,676,810,163,273,257,238,324,370,148,274,185,207,352,440,1619,18,1601,노량진로6길
2019,2,A,골목상권,1000735,3937,1880,2057,511,716,792,552,522,844,249,326,410,292,241,362,262,390,382,260,281,482,1993,0,1993,국사봉길
2019,2,A,골목상권,1000734,1413,632,781,140,366,324,194,151,238,79,137,145,84,77,110,61,229,179,110,74,128,828,0,828,국사봉2길
2019,2,A,골목상권,1000733,3340,1573,1767,321,591,624,503,505,796,158,263,322,247,234,349,163,328,302,256,271,447,1851,0,1851,국사봉1길
2019,2,A,골목상권,1000732,2590,1342,1248,219,339,442,347,502,741,109,191,236,184,257,365,110,148,206,163,245,376,1456,69,1387,영신로9길
2019,2,A,골목상권,1000731,2665,1348,1317,191,570,496,394,405,609,95,259,285,215,220,274,96,311,211,179,185,335,1740,14,1726,영등포로84길
2019,2,A,골목상권,1000730,2232,1160,1072,209,377,353,324,382,587,117,185,212,183,210,253,92,192,141,141,172,334,1270,0,1270,영등포로80길
2019,2,A,골목상권,1000729,1623,849,774,134,266,341,236,240,406,62,147,198,135,120,187,72,119,143,101,120,219,955,21,934,영등포로62길
2019,2,A,골목상권,1000728,1332,764,568,76,323,285,167,197,284,40,159,169,107,128,161,36,164,116,60,69,123,957,0,957,영등포로35길
2019,2,A,골목상권,1000727,1825,1003,822,147,327,373,254,299,425,74,165,233,152,173,206,73,162,140,102,126,219,1120,0,1120,영등포로27길
2019,2,A,골목상권,1000726,1829,930,899,131,394,370,229,283,422,63,191,201,138,144,193,68,203,169,91,139,229,1125,0,1125,영등포로25길
2019,2,A,골목상권,1000725,2311,1165,1146,219,324,444,362,376,586,104,160,259,182,200,260,115,164,185,180,176,326,1248,411,837,여의대방로61길
2019,2,A,골목상권,1000724,3542,1773,1769,436,514,519,530,641,902,241,264,280,272,313,403,195,250,239,258,328,499,1643,746,897,여의대방로43나길
2019,2,A,골목상권,1000723,371,173,198,28,74,64,43,61,101,15,29,30,21,31,47,13,45,34,22,30,54,222,0,222,여의대방로39길
2019,2,A,골목상권,1000722,1533,795,738,173,242,218,241,243,416,90,123,119,130,128,205,83,119,99,111,115,211,766,0,766,여의대방로35길
2019,2,A,골목상권,1000721,4135,2106,2029,593,690,1103,610,509,630,310,323,602,315,250,306,283,367,501,295,259,324,1877,631,1246,양평로28길
2019,2,A,골목상권,1000720,1552,760,792,204,265,486,245,154,198,117,98,257,133,75,80,87,167,229,112,79,118,825,165,660,양평로22라길
2019,2,A,골목상권,1000719,3234,1627,1607,567,466,620,530,455,596,297,229,324,278,230,269,270,237,296,252,225,327,1251,626,625,양평로19길
2019,2,A,골목상권,1000718,2997,1487,1510,318,364,403,449,532,931,166,173,216,231,275,426,152,191,187,218,257,505,1474,0,1474,신길로60길
2019,2,A,골목상권,1000717,2737,1382,1355,297,366,304,418,536,816,152,192,175,227,278,358,145,174,129,191,258,458,1292,80,1212,신길로42길
2019,2,A,골목상권,1000716,3964,1929,2035,503,539,445,642,732,1103,265,280,243,320,348,473,238,259,202,322,384,630,1902,250,1652,신길로42가길
2019,2,A,골목상권,1000715,1984,1008,976,236,257,213,318,396,564,125,147,119,167,201,249,111,110,94,151,195,315,1060,0,1060,신길로39길
2019,2,A,골목상권,1000714,2428,1173,1255,211,383,315,344,458,717,106,210,176,162,213,306,105,173,139,182,245,411,1263,0,1263,신길로17길
2019,2,A,골목상권,1000713,982,506,476,130,117,158,150,150,277,73,60,87,87,70,129,57,57,71,63,80,148,442,0,442,선유서로28길
2019,2,A,골목상권,1000712,3395,1761,1634,385,556,817,519,457,661,202,271,450,293,251,294,183,285,367,226,206,367,1810,591,1219,선유서로25길
2019,2,A,골목상권,1000711,1294,670,624,114,134,148,175,237,486,58,87,93,101,127,204,56,47,55,74,110,282,735,0,735,선유서로24길
2019,2,A,골목상권,1000710,2921,1438,1483,208,719,756,357,354,527,107,282,400,193,206,250,101,437,356,164,148,277,1881,20,1861,선유로55길
2019,2,A,골목상권,1000709,81,74,7,61,4,4,5,2,5,60,3,3,4,0,4,1,1,1,1,2,1,13,0,13,디지털로74길
2019,2,A,골목상권,1000708,1463,703,760,133,143,165,256,276,490,73,72,80,125,146,207,60,71,85,131,130,283,868,0,868,디지털로57길
2019,2,A,골목상권,1000707,1343,649,694,141,121,128,218,244,491,72,65,63,105,123,221,69,56,65,113,121,270,725,0,725,디지털로37길
2019,2,A,골목상권,1000706,1876,927,949,231,278,270,288,291,518,115,154,148,141,136,233,116,124,122,147,155,285,910,0,910,도신로62길
2019,2,A,골목상권,1000705,800,408,392,87,118,108,108,131,248,46,65,60,57,61,119,41,53,48,51,70,129,433,0,433,도신로60길
2019,2,A,골목상권,1000704,1619,818,801,205,217,243,265,292,397,118,109,132,129,154,176,87,108,111,136,138,221,748,84,664,도신로29길
2019,2,A,골목상권,1000703,3610,1795,1815,332,680,728,514,567,789,180,304,379,275,290,367,152,376,349,239,277,422,1865,12,1853,도신로15길
2019,2,A,골목상권,1000702,2485,1224,1261,244,434,466,338,403,600,107,216,259,163,197,282,137,218,207,175,206,318,1362,0,1362,도림천로21길
2019,2,A,골목상권,1000701,602,306,296,89,76,80,98,115,144,39,43,44,50,58,72,50,33,36,48,57,72,270,0,270,도림로63길
2019,2,A,골목상권,1000700,341,187,154,15,42,50,34,58,142,9,25,23,26,34,70,6,17,27,8,24,72,203,0,203,도림로147길
2019,2,A,골목상권,1000699,2249,1171,1078,233,271,307,355,431,652,127,150,165,195,236,298,106,121,142,160,195,354,1134,0,1134,도림로112길
2019,2,A,골목상권,1000698,3025,1503,1522,299,492,388,464,496,886,159,235,212,234,258,405,140,257,176,230,238,481,1630,0,1630,대림로8길
2019,2,A,골목상권,1000697,1057,512,545,100,140,130,149,211,327,53,61,76,68,104,150,47,79,54,81,107,177,566,0,566,대림로7길
2019,2,A,골목상권,1000696,2339,1224,1115,338,341,292,402,473,493,185,187,161,206,251,234,153,154,131,196,222,259,1017,58,959,대림로44길
2019,2,A,골목상권,1000695,2843,1458,1385,418,404,320,451,560,690,221,216,184,224,285,328,197,188,136,227,275,362,1214,134,1080,대림로34길
2019,2,A,골목상권,1000694,2369,1214,1155,242,282,317,421,467,640,133,130,175,233,250,293,109,152,142,188,217,347,1262,172,1090,대림로31길
2019,2,A,골목상권,1000693,1876,974,902,156,243,257,310,358,552,82,130,148,169,200,245,74,113,109,141,158,307,1137,0,1137,대림로29길
2019,2,A,골목상권,1000692,4346,2194,2152,522,626,482,676,846,1194,274,336,261,336,440,547,248,290,221,340,406,647,1939,791,1148,대림로22길
2019,2,A,골목상권,1000691,2217,1111,1106,143,580,510,261,288,435,70,261,288,140,153,199,73,319,222,121,135,236,1374,0,1374,당산로46길
2019,2,A,골목상권,1000690,1801,818,983,134,603,491,196,175,202,57,231,272,93,75,90,77,372,219,103,100,112,1253,0,1253,당산로38길
2019,2,A,골목상권,1000689,1331,628,703,130,177,244,183,214,383,62,78,118,100,116,154,68,99,126,83,98,229,786,587,199,당산로37길
2019,2,A,골목상권,1000688,981,503,478,99,196,236,130,129,191,57,91,120,72,71,92,42,105,116,58,58,99,571,95,476,당산로31길
2019,2,A,골목상권,1000687,2712,1612,1100,108,839,947,298,212,308,53,431,632,200,139,157,55,408,315,98,73,151,2129,270,1859,국회대로56길
2019,2,A,골목상권,1000686,141,108,33,1,7,8,19,37,69,0,4,5,18,30,51,1,3,3,1,7,18,126,0,126,경인로90길
2019,2,A,골목상권,1000685,152,88,64,6,11,25,24,28,58,2,8,19,18,16,25,4,3,6,6,12,33,74,0,74,경인로80길
2019,2,A,골목상권,1000684,269,163,106,7,48,47,28,52,87,3,32,30,20,34,44,4,16,17,8,18,43,198,0,198,경인로77길
2019,2,A,골목상권,1000683,1912,971,941,218,275,207,292,377,543,118,147,114,152,196,244,100,128,93,140,181,299,896,0,896,가마산로61길
2019,2,A,골목상권,1000682,3748,1915,1833,459,598,567,539,733,852,230,324,323,261,367,410,229,274,244,278,366,442,1825,19,1806,시흥대로94길
2019,2,A,골목상권,1000681,5951,3031,2920,717,908,828,867,1225,1406,399,483,445,438,599,667,318,425,383,429,626,739,2696,68,2628,시흥대로84길
2019,2,A,골목상권,1000680,2653,1364,1289,313,374,341,405,525,695,172,201,197,216,263,315,141,173,144,189,262,380,1288,0,1288,시흥대로68길
2019,2,A,골목상권,1000679,1584,783,801,176,219,273,239,296,381,84,111,141,125,141,181,92,108,132,114,155,200,801,390,411,시흥대로63길
2019,2,A,골목상권,1000678,3026,1521,1505,374,411,386,471,611,773,196,231,212,240,300,342,178,180,174,231,311,431,1456,0,1456,시흥대로62가길
2019,2,A,골목상권,1000677,1984,1017,967,280,253,299,299,368,485,141,134,169,165,188,220,139,119,130,134,180,265,841,71,770,시흥대로36길
2019,2,A,골목상권,1000676,3530,1762,1768,503,477,509,521,598,922,251,250,285,270,286,420,252,227,224,251,312,502,1347,205,1142,시흥대로22길
2019,2,A,골목상권,1000675,1824,1020,804,144,418,407,209,303,343,76,233,250,121,164,176,68,185,157,88,139,167,1154,66,1088,시흥대로153길
2019,2,A,골목상권,1000674,4814,2437,2377,574,731,777,701,866,1165,297,372,423,355,444,546,277,359,354,346,422,619,2229,344,1885,시흥대로150길
2019,2,A,골목상권,1000673,2252,1241,1011,148,533,427,288,398,458,70,267,255,171,235,243,78,266,172,117,163,215,1536,0,1536,시흥대로141길
2019,2,A,골목상권,1000672,576,310,266,61,55,78,86,118,178,35,35,49,41,60,90,26,20,29,45,58,88,298,25,273,시흥대로138길
2019,2,A,골목상권,1000671,3305,1662,1643,371,512,447,485,698,792,195,258,239,247,357,366,176,254,208,238,341,426,1552,34,1518,시흥대로120길
2019,2,A,골목상권,1000670,1055,573,482,73,152,176,150,209,295,41,83,106,86,118,139,32,69,70,64,91,156,649,0,649,벚꽃로56길
2019,2,A,골목상권,1000669,1258,674,584,118,229,270,211,193,237,62,115,164,118,101,114,56,114,106,93,92,123,688,190,498,범안로17길
2019,2,A,골목상권,1000668,1269,724,545,73,392,425,157,104,118,31,203,266,101,61,62,42,189,159,56,43,56,970,154,816,범안로11길
2019,2,A,골목상권,1000667,3269,1649,1620,333,519,506,488,622,801,160,262,282,267,297,381,173,257,224,221,325,420,1632,53,1579,문성로5길
2019,2,A,골목상권,1000666,649,318,331,80,89,86,107,140,147,35,53,46,55,69,60,45,36,40,52,71,87,307,0,307,독산로85길
2019,2,A,골목상권,1000665,3279,1656,1623,426,479,410,493,648,823,212,259,226,244,327,388,214,220,184,249,321,435,1472,56,1416,독산로78다길
2019,2,A,골목상권,1000664,2598,1316,1282,261,317,300,450,601,669,128,159,168,221,338,302,133,158,132,229,263,367,1452,0,1452,독산로70길
2019,2,A,골목상권,1000663,2243,1139,1104,263,317,281,350,489,543,135,177,149,184,252,242,128,140,132,166,237,301,1057,0,1057,독산로64길
2019,2,A,골목상권,1000662,2130,1070,1060,323,315,278,317,384,513,173,165,141,156,185,250,150,150,137,161,199,263,760,246,514,독산로50길
2019,2,A,골목상권,1000661,2632,1302,1330,393,321,385,408,486,639,191,180,209,207,224,291,202,141,176,201,262,348,1149,69,1080,독산로40길
2019,2,A,골목상권,1000660,1910,988,922,190,322,300,305,392,401,101,156,182,148,210,191,89,166,118,157,182,210,1012,12,1000,독산로108길
2019,2,A,골목상권,1000659,2288,1372,916,96,694,499,290,355,354,42,377,331,199,219,204,54,317,168,91,136,150,1748,0,1748,남부순환로112길
2019,2,A,골목상권,1000658,4338,2190,2148,574,576,463,696,828,1201,287,318,257,361,430,537,287,258,206,335,398,664,2010,0,2010,금하로24길
2019,2,A,골목상권,1000657,1965,991,974,272,273,245,345,360,470,133,138,147,171,184,218,139,135,98,174,176,252,956,0,956,금하로1길
2019,2,A,골목상권,1000656,1753,865,888,215,264,249,262,311,452,97,131,139,129,157,212,118,133,110,133,154,240,836,123,713,금하로14길
2019,2,A,골목상권,1000655,3281,1909,1372,275,846,886,422,391,461,148,460,564,265,230,242,127,386,322,157,161,219,2154,214,1940,가산로5길
2019,2,A,골목상권,1000654,1060,668,392,62,287,322,146,133,110,27,168,227,108,82,56,35,119,95,38,51,54,776,0,776,가산로3길
2019,2,A,골목상권,1000653,1102,568,534,156,184,168,159,180,255,88,99,87,88,88,118,68,85,81,71,92,137,461,181,280,중앙로1길
2019,2,A,골목상권,1000652,1606,819,787,241,211,251,224,263,416,123,124,132,131,123,186,118,87,119,93,140,230,643,98,545,중앙로15길
2019,2,A,골목상권,1000651,830,469,361,50,102,67,105,242,264,24,57,37,67,141,143,26,45,30,38,101,121,514,0,514,우마길
2019,2,A,골목상권,1000650,2099,1053,1046,257,281,261,293,332,675,142,151,155,152,171,282,115,130,106,141,161,393,1065,0,1065,오류로8길
2019,2,A,골목상권,1000649,517,258,259,50,64,54,72,107,170,15,37,26,41,57,82,35,27,28,31,50,88,259,0,259,신도림로13길
2019,2,A,골목상권,1000648,2823,1373,1450,358,436,608,374,402,645,184,200,299,190,191,309,174,236,309,184,211,336,1324,305,1019,새말로18길
2019,2,A,골목상권,1000647,1428,716,712,188,166,266,219,206,383,110,76,126,126,103,175,78,90,140,93,103,208,601,64,537,부일로1길
2019,2,A,골목상권,1000646,1686,825,861,265,225,223,301,262,410,130,117,105,162,130,181,135,108,118,139,132,229,734,9,725,부일로15길
2019,2,A,골목상권,1000645,2639,1349,1290,411,374,333,433,474,614,234,211,176,201,229,298,177,163,157,232,245,316,1067,0,1067,부일로11길
2019,2,A,골목상권,1000644,1500,822,678,40,482,527,207,131,113,19,203,323,129,85,63,21,279,204,78,46,50,1293,0,1293,디지털로32길
2019,2,A,골목상권,1000643,4723,2583,2140,107,1823,1708,499,266,320,54,850,1026,331,161,161,53,973,682,168,105,159,4074,94,3980,디지털로32가길
2019,2,A,골목상권,1000642,1190,637,553,128,108,140,191,231,392,59,57,81,113,141,186,69,51,59,78,90,206,629,0,629,디지털로27길
2019,2,A,골목상권,1000641,1410,727,683,154,166,170,218,281,421,79,91,99,128,148,182,75,75,71,90,133,239,701,0,701,도림로6길
2019,2,A,골목상권,1000640,2165,1027,1138,279,258,287,344,379,618,141,133,142,175,177,259,138,125,145,169,202,359,971,0,971,도림로12길
2019,2,A,골목상권,1000639,1287,608,679,206,126,220,175,163,397,95,64,110,87,60,192,111,62,110,88,103,205,480,448,32,남부순환로97길
2019,2,A,골목상권,1000638,2694,1307,1387,274,311,345,392,530,842,137,155,173,198,246,398,137,156,172,194,284,444,1282,0,1282,구로중앙로8길
2019,2,A,골목상권,1000637,673,350,323,63,47,76,96,123,268,38,25,37,58,64,128,25,22,39,38,59,140,356,0,356,구로중앙로7길
2019,2,A,골목상권,1000636,922,500,422,113,123,127,147,158,254,53,79,77,86,87,118,60,44,50,61,71,136,430,0,430,구로중앙로42길
2019,2,A,골목상권,1000635,1131,586,545,115,166,133,167,226,324,56,97,88,80,116,149,59,69,45,87,110,175,566,21,545,구로중앙로34길
2019,2,A,골목상권,1000634,3257,1612,1645,387,503,555,523,574,715,176,213,299,281,307,336,211,290,256,242,267,379,1701,322,1379,구로중앙로28길
2019,2,A,골목상권,1000633,870,412,458,107,96,107,135,168,257,53,40,56,65,88,110,54,56,51,70,80,147,438,0,438,구로중앙로19길
2019,2,A,골목상권,1000632,6114,3070,3044,690,804,691,945,1179,1805,364,491,376,478,550,811,326,313,315,467,629,994,2689,0,2689,구로동로8길
2019,2,A,골목상권,1000631,2646,1414,1232,264,330,290,408,537,817,150,203,161,227,295,378,114,127,129,181,242,439,1327,0,1327,구로동로7길
2019,2,A,골목상권,1000630,1936,948,988,238,229,204,324,364,577,119,109,101,171,201,247,119,120,103,153,163,330,920,0,920,구로동로42길
2019,2,A,골목상권,1000629,2508,1301,1207,319,315,309,407,486,672,162,172,174,220,265,308,157,143,135,187,221,364,1205,0,1205,구로동로41길
2019,2,A,골목상권,1000628,1903,940,963,215,224,191,282,388,603,100,125,102,146,208,259,115,99,89,136,180,344,948,0,948,구로동로38길
2019,2,A,골목상권,1000627,2031,1023,1008,221,238,210,350,377,635,115,121,113,175,208,291,106,117,97,175,169,344,1125,43,1082,구로동로28길
2019,2,A,골목상권,1000626,982,507,475,96,110,99,126,215,336,48,69,59,62,112,157,48,41,40,64,103,179,527,0,527,구로동로15길
2019,2,A,골목상권,1000625,2119,931,1188,187,637,521,254,224,296,89,204,252,133,115,138,98,433,269,121,109,158,1380,110,1270,공원로6가길
2019,2,A,골목상권,1000624,3170,1579,1591,527,412,471,513,551,696,263,217,245,259,270,325,264,195,226,254,281,371,1272,636,636,고척로52길
2019,2,A,골목상권,1000623,4462,2211,2251,646,659,534,708,855,1060,323,356,267,345,424,496,323,303,267,363,431,564,1971,0,1971,고척로27다길
2019,2,A,골목상권,1000622,2513,1286,1227,341,353,332,384,460,643,171,197,172,197,246,303,170,156,160,187,214,340,1147,0,1147,고척로27길
2019,2,A,골목상권,1000621,2594,1345,1249,364,324,332,423,467,684,190,185,182,231,242,315,174,139,150,192,225,369,1211,0,1211,고척로21나길
2019,2,A,골목상권,1000620,2030,1002,1028,288,311,270,301,358,502,126,160,138,161,179,238,162,151,132,140,179,264,858,362,496,경인로47길
2019,2,A,골목상권,1000619,3027,1562,1465,321,395,337,423,599,952,167,199,185,237,307,467,154,196,152,186,292,485,1470,0,1470,경인로35길
2019,2,A,골목상권,1000618,1833,957,876,167,229,217,284,403,533,76,125,119,175,217,245,91,104,98,109,186,288,1043,0,1043,경인로31길
2019,2,A,골목상권,1000617,3435,1716,1719,439,457,492,529,576,942,215,241,259,284,273,444,224,216,233,245,303,498,1527,0,1527,경인로15길
2019,2,A,골목상권,1000616,2996,1467,1529,421,405,479,494,497,700,206,209,261,252,238,301,215,196,218,242,259,399,1292,245,1047,개봉로3길
2019,2,A,골목상권,1000615,2287,1086,1201,367,286,409,363,339,523,175,138,211,175,158,229,192,148,198,188,181,294,986,0,986,개봉로2길
2019,2,A,골목상권,1000614,2487,1224,1263,308,278,485,377,352,687,139,134,258,211,163,319,169,144,227,166,189,368,1117,366,751,개봉로23가길
2019,2,A,골목상권,1000613,3693,1760,1933,623,450,610,543,556,911,309,215,277,280,244,435,314,235,333,263,312,476,1312,781,531,개봉로20길
2019,2,A,골목상권,1000612,2206,1109,1097,312,291,372,364,338,529,160,152,204,183,168,242,152,139,168,181,170,287,926,134,792,개봉로1길
2019,2,A,골목상권,1000611,3350,1670,1680,449,478,533,497,561,832,220,270,262,254,281,383,229,208,271,243,280,449,1500,189,1311,개봉로17다길
2019,2,A,골목상권,1000610,5679,2781,2898,868,820,860,916,999,1216,463,419,427,470,474,528,405,401,433,446,525,688,2272,0,2272,개봉로17길
2019,2,A,골목상권,1000609,5293,2602,2691,775,757,767,834,896,1264,399,388,393,420,421,581,376,369,374,414,475,683,2179,0,2179,개봉로11길
2019,2,A,골목상권,1000608,4287,2046,2241,510,917,1060,596,532,672,288,339,533,299,273,314,222,578,527,297,259,358,2362,485,1877,화곡로64길
2019,2,A,골목상권,1000607,2633,1276,1357,406,414,437,410,496,470,214,220,206,185,239,212,192,194,231,225,257,258,1001,414,587,화곡로59길
2019,2,A,골목상권,1000606,3088,1543,1545,439,473,607,490,484,595,235,222,330,253,215,288,204,251,277,237,269,307,1487,42,1445,화곡로44나길
2019,2,A,골목상권,1000605,3946,1901,2045,392,641,719,520,643,1031,202,324,375,245,285,470,190,317,344,275,358,561,1897,22,1875,화곡로31길
2019,2,A,골목상권,1000604,3353,1684,1669,476,455,613,506,532,771,247,230,318,284,244,361,229,225,295,222,288,410,1473,89,1384,화곡로20길
2019,2,A,골목상권,1000603,3440,1659,1781,545,499,549,584,535,728,287,250,273,277,256,316,258,249,276,307,279,412,1411,115,1296,화곡로13길
2019,2,A,골목상권,1000602,3533,1798,1735,422,522,489,474,634,992,225,272,273,256,299,473,197,250,216,218,335,519,1627,22,1605,초원로16길
2019,2,A,골목상권,1000601,4948,2440,2508,934,700,948,863,686,817,498,356,496,434,307,349,436,344,452,429,379,468,2025,95,1930,초록마을로8길
2019,2,A,골목상권,1000600,2874,1476,1398,219,627,772,474,330,452,101,305,440,264,171,195,118,322,332,210,159,257,1869,0,1869,초록마을로3길
2019,2,A,골목상권,1000599,2545,1333,1212,175,526,720,375,331,418,78,246,408,229,170,202,97,280,312,146,161,216,1588,43,1545,월정로20길
2019,2,A,골목상권,1000598,5368,2557,2811,1272,714,690,1117,795,780,596,346,326,523,399,367,676,368,364,594,396,413,1869,478,1391,우장산로6길
2019,2,A,골목상권,1000597,2749,1426,1323,708,319,493,583,331,315,400,156,244,295,178,153,308,163,249,288,153,162,1005,322,683,양천로73가길
2019,2,A,골목상권,1000596,6658,3249,3409,1750,753,928,1430,919,878,852,398,418,720,451,410,898,355,510,710,468,468,2069,1949,120,양천로71길
2019,2,A,골목상권,1000595,1311,677,634,152,246,346,172,173,222,88,100,205,97,84,103,64,146,141,75,89,119,635,0,635,양천로49길
2019,2,A,골목상권,1000594,2015,967,1048,417,217,355,354,294,378,203,116,165,173,149,161,214,101,190,181,145,217,720,238,482,양천로26길
2019,2,A,골목상권,1000593,3790,1931,1859,574,497,680,529,567,943,327,260,348,289,263,444,247,237,332,240,304,499,1583,450,1133,양천로24길
2019,2,A,골목상권,1000592,2885,1440,1445,480,367,455,491,460,632,244,191,237,249,231,288,236,176,218,242,229,344,1180,217,963,양천로24가길
2019,2,A,골목상권,1000591,4264,2097,2167,743,567,648,638,696,972,386,290,335,333,310,443,357,277,313,305,386,529,1574,556,1018,양천로14길
2019,2,A,골목상권,1000590,2362,1221,1141,305,304,369,457,383,544,168,143,204,253,207,246,137,161,165,204,176,298,1137,0,1137,방화대로6라길
2019,2,A,골목상권,1000589,2475,1257,1218,308,395,397,317,432,626,160,192,242,160,214,289,148,203,155,157,218,337,1224,44,1180,방화대로21길
2019,2,A,골목상권,1000588,1439,677,762,173,214,267,194,242,349,90,104,130,97,102,154,83,110,137,97,140,195,634,49,585,등촌로5길
2019,2,A,골목상권,1000587,2958,1423,1535,419,505,740,445,379,470,219,230,386,213,160,215,200,275,354,232,219,255,1353,0,1353,등촌로55길
2019,2,A,골목상권,1000586,2072,1030,1042,310,345,310,283,356,468,160,197,150,135,164,224,150,148,160,148,192,244,776,236,540,등촌로51길
2019,2,A,골목상권,1000585,3389,1696,1693,565,519,620,509,554,622,297,263,335,255,270,276,268,256,285,254,284,346,1358,100,1258,등촌로39길
2019,2,A,골목상권,1000584,3936,1944,1992,554,553,787,609,636,797,290,280,424,292,300,358,264,273,363,317,336,439,1668,159,1509,등촌로13길
2019,2,A,골목상권,1000583,4071,2135,1936,607,537,820,694,630,783,320,273,454,387,338,363,287,264,366,307,292,420,1950,109,1841,남부순환로11길
2019,2,A,골목상권,1000582,4286,2071,2215,767,585,789,753,590,802,403,280,411,376,268,333,364,305,378,377,322,469,1737,0,1737,까치산로4길
2019,2,A,골목상권,1000581,2331,1124,1207,249,310,433,325,402,612,108,176,230,168,175,267,141,134,203,157,227,345,1055,108,947,국회대로7길
2019,2,A,골목상권,1000580,3118,1603,1515,360,559,549,451,451,748,184,295,303,255,212,354,176,264,246,196,239,394,1633,0,1633,공항대로8길
2019,2,A,골목상권,1000579,2010,994,1016,377,275,395,375,266,322,191,141,193,193,130,146,186,134,202,182,136,176,796,338,458,공항대로61길
2019,2,A,골목상권,1000578,3109,1524,1585,499,516,579,470,484,561,274,247,277,221,238,267,225,269,302,249,246,294,1314,464,850,공항대로59다길
2019,2,A,골목상권,1000577,2216,1033,1183,175,502,586,311,295,347,88,195,282,161,147,160,87,307,304,150,148,187,1314,0,1314,공항대로59길
2019,2,A,골목상권,1000576,1756,879,877,274,274,323,244,285,356,151,133,176,119,139,161,123,141,147,125,146,195,745,0,745,공항대로55길
2019,2,A,골목상권,1000575,1139,564,575,236,143,173,229,177,181,118,75,94,100,93,84,118,68,79,129,84,97,434,18,416,공항대로42길
2019,2,A,골목상권,1000574,382,182,200,63,61,80,62,63,53,32,28,41,32,29,20,31,33,39,30,34,33,176,0,176,공항대로38길
2019,2,A,골목상권,1000573,1988,980,1008,177,303,406,274,333,495,96,165,207,140,144,228,81,138,199,134,189,267,1028,0,1028,곰달래로60길
2019,2,A,골목상권,1000572,3732,1840,1892,605,508,583,673,591,772,306,263,317,324,296,334,299,245,266,349,295,438,1527,106,1421,곰달래로53길
2019,2,A,골목상권,1000571,4075,1989,2086,714,552,712,733,626,738,336,295,373,363,290,332,378,257,339,370,336,406,1645,20,1625,곰달래로47길
2019,2,A,골목상권,1000570,3131,1483,1648,646,406,582,556,398,543,336,196,266,274,167,244,310,210,316,282,231,299,1217,21,1196,곰달래로31길
2019,2,A,골목상권,1000569,2962,1390,1572,398,384,526,490,461,703,190,183,253,255,202,307,208,201,273,235,259,396,1402,0,1402,곰달래로25길
2019,2,A,골목상권,1000568,2386,1207,1179,186,657,467,301,317,458,90,293,277,171,164,212,96,364,190,130,153,246,1499,27,1472,개화동로25길
2019,2,A,골목상권,1000567,3884,1937,1947,451,452,507,583,745,1146,232,236,274,298,369,528,219,216,233,285,376,618,1934,0,1934,개화동로23길
2019,2,A,골목상권,1000566,3410,1686,1724,445,447,633,543,471,871,226,209,347,281,213,410,219,238,286,262,258,461,1583,148,1435,강서로8길
2019,2,A,골목상권,1000565,2805,1383,1422,419,358,529,438,439,622,215,175,288,231,200,274,204,183,241,207,239,348,1243,56,1187,강서로5라길
2019,2,A,골목상권,1000564,2911,1452,1459,208,681,783,379,328,532,101,300,428,213,154,256,107,381,355,166,174,276,1840,342,1498,강서로5나길
2019,2,A,골목상권,1000563,2094,1055,1039,167,396,517,307,268,439,90,167,281,172,126,219,77,229,236,135,142,220,1219,581,638,강서로5가길
2019,2,A,골목상권,1000562,3802,1771,2031,866,564,458,734,634,546,389,266,231,340,309,236,477,298,227,394,325,310,1351,162,1189,강서로47라길
2019,2,A,골목상권,1000561,4329,2077,2252,953,576,547,868,702,683,436,286,276,414,373,292,517,290,271,454,329,391,1590,515,1075,강서로47길
2019,2,A,골목상권,1000560,2720,1321,1399,422,396,468,435,398,601,216,191,241,224,179,270,206,205,227,211,219,331,1137,151,986,강서로45다길
2019,2,A,골목상권,1000559,908,437,471,172,121,135,164,126,190,75,49,71,81,59,102,97,72,64,83,67,88,356,99,257,강서로45길
2019,2,A,골목상권,1000558,3923,1880,2043,451,610,708,552,704,898,223,277,369,272,326,413,228,333,339,280,378,485,1859,37,1822,강서로35길
2019,2,A,골목상권,1000557,3091,1503,1588,386,503,762,431,438,571,194,231,400,219,191,268,192,272,362,212,247,303,1476,90,1386,강서로29길
2019,2,A,골목상권,1000556,6868,3311,3557,970,999,1348,1055,1012,1484,495,472,708,526,466,644,475,527,640,529,546,840,2941,15,2926,강서로18길
2019,2,A,골목상권,1000555,3205,1609,1596,357,508,675,440,513,712,188,266,354,241,227,333,169,242,321,199,286,379,1411,129,1282,강서로17가길
2019,2,A,골목상권,1000554,5446,2684,2762,562,774,1063,813,945,1289,271,395,566,425,486,541,291,379,497,388,459,748,2803,79,2724,강서로15길
2019,2,A,골목상권,1000553,2881,1451,1430,420,409,527,451,457,617,224,211,279,239,211,287,196,198,248,212,246,330,1221,0,1221,가로공원로80길
2019,2,A,골목상권,1000552,3221,1551,1670,427,456,652,509,473,704,207,228,344,247,212,313,220,228,308,262,261,391,1425,161,1264,가로공원로76가길
2019,2,A,골목상권,1000551,1593,793,800,212,191,219,237,311,423,109,99,122,107,151,205,103,92,97,130,160,218,747,31,716,화곡로4길
2019,2,A,골목상권,1000550,3208,1599,1609,632,437,493,501,550,595,344,235,237,243,267,273,288,202,256,258,283,322,1201,411,790,화곡로3길
2019,2,A,골목상권,1000549,3276,1616,1660,425,407,443,453,583,965,208,224,253,234,267,430,217,183,190,219,316,535,1400,0,1400,지양로7길
2019,2,A,골목상권,1000548,3733,1841,1892,578,470,534,581,643,927,309,240,276,276,312,428,269,230,258,305,331,499,1520,208,1312,중앙로55길
2019,2,A,골목상권,1000547,4174,2059,2115,743,532,650,648,637,964,349,285,346,317,319,443,394,247,304,331,318,521,1554,273,1281,중앙로51길
2019,2,A,골목상권,1000546,1901,982,919,211,226,225,306,393,540,114,126,128,163,190,261,97,100,97,143,203,279,904,0,904,중앙로47길
2019,2,A,골목상권,1000545,1960,953,1007,279,268,274,310,337,492,149,130,138,161,151,224,130,138,136,149,186,268,900,57,843,중앙로45길
2019,2,A,골목상권,1000544,914,452,462,168,101,108,177,129,231,97,46,57,81,73,98,71,55,51,96,56,133,408,0,408,중앙로36길
2019,2,A,골목상권,1000543,1107,543,564,241,135,120,223,182,206,120,74,61,101,101,86,121,61,59,122,81,120,449,69,380,중앙로32길
2019,2,A,골목상권,1000542,1915,1019,896,186,204,257,326,381,561,99,117,154,183,209,257,87,87,103,143,172,304,1047,41,1006,중앙로25길
2019,2,A,골목상권,1000541,3339,1641,1698,513,455,514,547,528,782,260,232,257,281,248,363,253,223,257,266,280,419,1432,97,1335,은행정로7길
2019,2,A,골목상권,1000540,793,430,363,124,83,93,129,146,218,63,46,56,65,89,111,61,37,37,64,57,107,398,0,398,은행정로5길
2019,2,A,골목상권,1000539,4021,1969,2052,796,434,650,635,635,871,411,223,297,324,317,397,385,211,353,311,318,474,1477,814,663,오목로5길
2019,2,A,골목상권,1000538,3610,1805,1805,737,402,587,629,545,710,380,215,289,325,264,332,357,187,298,304,281,378,1264,524,740,오목로3길
2019,2,A,골목상권,1000537,3628,1785,1843,393,581,571,560,620,903,215,276,310,274,294,416,178,305,261,286,326,487,1705,0,1705,오목로30길
2019,2,A,골목상권,1000536,4491,2264,2227,632,691,860,718,668,922,322,355,457,366,321,443,310,336,403,352,347,479,2093,0,2093,오목로23길
2019,2,A,골목상권,1000535,1968,995,973,391,215,354,328,280,400,204,121,181,162,129,198,187,94,173,166,151,202,692,575,117,신월로20길
2019,2,A,골목상권,1000534,5742,2847,2895,987,749,757,935,970,1344,532,390,376,464,478,607,455,359,381,471,492,737,2045,635,1410,신월로15길
2019,2,A,골목상권,1000533,2411,1160,1251,441,354,310,451,386,469,230,189,143,203,197,198,211,165,167,248,189,271,976,36,940,신목로6길
2019,2,A,골목상권,1000532,2171,1073,1098,541,311,202,463,367,287,274,165,89,217,199,129,267,146,113,246,168,158,691,116,575,신목로5길
2019,2,A,골목상권,1000531,2072,1020,1052,375,354,185,350,440,368,196,190,95,158,216,165,179,164,90,192,224,203,725,158,567,신목로2길
2019,2,A,골목상권,1000530,1394,677,717,192,218,250,193,223,318,109,108,125,99,102,134,83,110,125,94,121,184,637,0,637,목동중앙서로8가길
2019,2,A,골목상권,1000529,3793,1848,1945,605,601,621,647,617,702,325,298,326,305,291,303,280,303,295,342,326,399,1651,0,1651,목동중앙서로7길
2019,2,A,골목상권,1000528,2135,973,1162,246,335,413,298,343,500,128,163,205,138,144,195,118,172,208,160,199,305,1052,185,867,목동중앙북로8길
2019,2,A,골목상권,1000527,3495,1690,1805,422,601,910,467,458,637,221,255,467,240,212,295,201,346,443,227,246,342,1673,0,1673,목동중앙북로16길
2019,2,A,골목상권,1000526,2932,1476,1456,504,460,419,461,534,554,298,255,211,201,262,249,206,205,208,260,272,305,1156,0,1156,목동중앙본로7길
2019,2,A,골목상권,1000525,2412,1162,1250,533,354,284,445,410,386,260,182,136,201,215,168,273,172,148,244,195,218,855,56,799,목동중앙로3길
2019,2,A,골목상권,1000524,1074,557,517,170,161,257,157,154,175,92,68,140,79,89,89,78,93,117,78,65,86,528,0,528,목동중앙로13나길
2019,2,A,골목상권,1000523,2743,1374,1369,498,434,432,447,459,473,283,240,204,212,218,217,215,194,228,235,241,256,1019,201,818,목동중앙남로3가길
2019,2,A,골목상권,1000522,3483,1659,1824,561,578,540,582,587,635,287,279,248,285,254,306,274,299,292,297,333,329,1418,130,1288,목동로9길
2019,2,A,골목상권,1000521,2288,1072,1216,355,347,357,369,390,470,175,169,164,169,185,210,180,178,193,200,205,260,976,37,939,목동로19길
2019,2,A,골목상권,1000520,1574,757,817,397,195,159,367,265,191,197,95,75,174,136,80,200,100,84,193,129,111,534,144,390,목동동로8길
2019,2,A,골목상권,1000519,2273,1083,1190,502,312,242,449,371,397,258,147,110,199,195,174,244,165,132,250,176,223,800,275,525,목동동로12길
2019,2,A,골목상권,1000518,1263,604,659,277,175,161,236,180,234,129,83,81,109,99,103,148,92,80,127,81,131,420,187,233,목동남로4길
2019,2,A,골목상권,1000517,1859,905,954,494,203,229,405,265,263,244,96,111,189,139,126,250,107,118,216,126,137,575,545,30,남부순환로88길
2019,2,A,골목상권,1000516,710,358,352,86,78,93,90,154,209,45,45,55,38,78,97,41,33,38,52,76,112,333,96,237,남부순환로79길
2019,2,A,골목상권,1000515,4823,2378,2445,560,681,566,713,901,1402,270,367,297,379,457,608,290,314,269,334,444,794,2162,0,2162,남부순환로70길
2019,2,A,골목상권,1000514,2060,1059,1001,289,287,302,298,372,512,158,144,174,157,188,238,131,143,128,141,184,274,995,0,995,남부순환로58길
2019,2,A,골목상권,1000513,2424,1333,1091,219,280,304,388,512,721,104,147,189,238,295,360,115,133,115,150,217,361,1367,96,1271,남부순환로40길
2019,2,A,골목상권,1000512,3691,1808,1883,452,531,562,533,691,922,215,270,308,256,327,432,237,261,254,277,364,490,1625,48,1577,남부순환로33길
2019,2,A,골목상권,1000511,3724,1921,1803,389,565,477,536,741,1016,204,297,264,283,383,490,185,268,213,253,358,526,1720,184,1536,곰달래로5길
2019,2,A,골목상권,1000510,3853,2012,1841,485,497,497,637,769,968,258,282,272,330,418,452,227,215,225,307,351,516,1794,276,1518,곰달래로3길
2019,2,A,골목상권,1000509,3492,1787,1705,514,465,524,545,651,793,263,234,290,289,335,376,251,231,234,256,316,417,1465,103,1362,곰달래로2길
2019,2,A,골목상권,1000508,3379,1747,1632,451,410,580,548,579,811,228,235,305,290,298,391,223,175,275,258,281,420,1640,14,1626,곰달래로10길
2019,2,A,골목상권,1000507,2349,1297,1052,208,304,228,388,508,713,106,165,135,235,304,352,102,139,93,153,204,361,1322,0,1322,가로공원로58길
2019,2,A,골목상권,1000506,2764,1320,1444,328,452,374,457,524,629,152,223,196,211,252,286,176,229,178,246,272,343,1265,49,1216,효창원로93길
2019,2,A,골목상권,1000505,2607,1255,1352,646,257,398,617,335,354,315,121,173,319,171,156,331,136,225,298,164,198,956,830,126,토정로37길
2019,2,A,골목상권,1000504,1609,721,888,150,304,370,271,201,313,77,133,161,127,90,133,73,171,209,144,111,180,861,0,861,월드컵로8길
2019,2,A,골목상권,1000503,1873,854,1019,213,360,439,271,258,332,110,153,200,123,122,146,103,207,239,148,136,186,976,0,976,월드컵로7길
2019,2,A,골목상권,1000502,3832,1709,2123,443,782,753,635,516,703,218,286,330,317,247,311,225,496,423,318,269,392,2092,152,1940,월드컵로36길
2019,2,A,골목상권,1000501,3070,1483,1587,493,463,535,553,422,604,250,228,259,276,216,254,243,235,276,277,206,350,1315,282,1033,월드컵로25길
2019,2,A,골목상권,1000500,1615,748,867,164,307,291,260,213,380,82,143,146,129,103,145,82,164,145,131,110,235,855,0,855,월드컵로19길
2019,2,A,골목상권,1000499,2463,1144,1319,307,458,519,397,336,446,159,202,236,182,171,194,148,256,283,215,165,252,1216,32,1184,월드컵로16길
2019,2,A,골목상권,1000498,2423,1122,1301,271,429,552,370,304,497,135,185,257,187,151,207,136,244,295,183,153,290,1311,19,1292,월드컵로11길
2019,2,A,골목상권,1000497,2393,1111,1282,219,357,481,426,331,579,114,137,220,207,171,262,105,220,261,219,160,317,1399,16,1383,월드컵로10길
2019,2,A,골목상권,1000496,1757,828,929,153,366,414,238,254,332,76,165,207,119,122,139,77,201,207,119,132,193,982,0,982,와우산로3길
2019,2,A,골목상권,1000495,786,367,419,72,146,177,131,95,165,38,62,86,68,40,73,34,84,91,63,55,92,442,48,394,와우산로29길
2019,2,A,골목상권,1000494,502,229,273,28,195,122,46,40,71,15,87,57,20,20,30,13,108,65,26,20,41,348,0,348,와우산로29가길
2019,2,A,골목상권,1000493,1294,593,701,119,201,299,191,182,302,73,84,149,98,73,116,46,117,150,93,109,186,691,11,680,양화진길
2019,2,A,골목상권,1000492,2663,1208,1455,317,498,549,429,340,530,150,212,254,212,153,227,167,286,295,217,187,303,1280,35,1245,양화로1길
2019,2,A,골목상권,1000491,759,327,432,80,152,173,120,81,153,41,63,73,50,34,66,39,89,100,70,47,87,401,0,401,양화로11길
2019,2,A,골목상권,1000490,515,256,259,39,55,59,64,94,204,19,28,35,41,47,86,20,27,24,23,47,118,325,0,325,신촌로30길
2019,2,A,골목상권,1000489,190,100,90,11,15,23,26,50,65,1,7,13,16,31,32,10,8,10,10,19,33,131,0,131,신촌로28가길
2019,2,A,골목상권,1000488,1917,931,986,112,565,433,230,219,358,62,286,219,112,100,152,50,279,214,118,119,206,1305,0,1305,신촌로12길
2019,2,A,골목상권,1000487,2779,1377,1402,331,417,314,428,489,800,176,215,171,220,252,343,155,202,143,208,237,457,1452,21,1431,숭문길
2019,2,A,골목상권,1000486,790,376,414,143,85,171,128,105,158,64,42,88,72,43,67,79,43,83,56,62,91,339,207,132,숭문8길
2019,2,A,골목상권,1000485,1008,463,545,100,198,230,124,144,212,52,80,118,65,66,82,48,118,112,59,78,130,523,0,523,성지3길
2019,2,A,골목상권,1000484,3416,1678,1738,454,518,571,578,530,765,237,247,286,293,268,347,217,271,285,285,262,418,1644,0,1644,성산로4길
2019,2,A,골목상권,1000483,1174,534,640,86,257,308,156,164,203,46,107,140,77,81,83,40,150,168,79,83,120,671,0,671,성미산로32길
2019,2,A,골목상권,1000482,3142,1469,1673,471,471,596,604,412,588,255,218,274,271,196,255,216,253,322,333,216,333,1442,0,1442,성미산로1길
2019,2,A,골목상권,1000481,3658,1734,1924,507,554,700,661,507,729,272,264,343,305,242,308,235,290,357,356,265,421,1660,0,1660,성미산로11길
2019,2,A,골목상권,1000480,1705,824,881,244,238,304,297,227,395,124,109,144,159,115,173,120,129,160,138,112,222,843,248,595,백범로16길
2019,2,A,골목상권,1000479,5548,2681,2867,931,748,985,967,818,1099,453,375,454,501,407,491,478,373,531,466,411,608,2340,612,1728,방울내로9안길
2019,2,A,골목상권,1000478,2027,1005,1022,294,326,306,351,310,440,163,164,160,181,151,186,131,162,146,170,159,254,902,86,816,모래내로7길
2019,2,A,골목상권,1000477,2835,1443,1392,351,544,564,418,375,583,182,244,313,235,206,263,169,300,251,183,169,320,1578,0,1578,매봉산로2길
2019,2,A,골목상권,1000476,4381,2081,2300,591,684,891,708,629,878,302,328,419,353,301,378,289,356,472,355,328,500,2111,162,1949,망원로2길
2019,2,A,골목상권,1000475,2171,1020,1151,323,316,322,395,322,493,152,142,168,199,161,198,171,174,154,196,161,295,966,178,788,망원로11길
2019,2,A,골목상권,1000474,3048,1452,1596,353,513,522,484,473,703,176,218,269,248,238,303,177,295,253,236,235,400,1578,33,1545,만리재옛길
2019,2,A,골목상권,1000473,836,392,444,94,144,187,113,122,176,50,74,90,57,55,66,44,70,97,56,67,110,421,190,231,마포대로4길
2019,2,A,골목상권,1000472,2121,1015,1106,271,353,456,349,320,372,134,157,208,182,165,169,137,196,248,167,155,203,1194,218,976,마포대로20길
2019,2,A,골목상권,1000471,860,387,473,69,172,273,121,87,138,38,61,124,58,45,61,31,111,149,63,42,77,586,45,541,마포대로12길
2019,2,A,골목상권,1000470,1141,574,567,68,295,283,145,125,225,42,143,143,87,72,87,26,152,140,58,53,138,743,0,743,동교로38길
2019,2,A,골목상권,1000469,2480,1133,1347,257,552,572,376,254,469,116,264,252,171,117,213,141,288,320,205,137,256,1397,0,1397,동교로27길
2019,2,A,골목상권,1000468,1292,565,727,108,305,297,175,177,230,43,126,124,88,79,105,65,179,173,87,98,125,711,0,711,동교로25길
2019,2,A,골목상권,1000467,1803,841,962,202,288,402,353,260,298,97,138,194,168,124,120,105,150,208,185,136,178,973,77,896,동교로19길
2019,2,A,골목상권,1000466,1852,861,991,220,367,402,334,229,300,117,161,181,169,105,128,103,206,221,165,124,172,995,0,995,동교로17길
2019,2,A,골목상권,1000465,1353,626,727,141,276,322,188,183,243,76,118,146,93,86,107,65,158,176,95,97,136,722,97,625,독막로8길
2019,2,A,골목상권,1000464,2812,1385,1427,369,397,449,446,449,702,188,212,228,225,229,303,181,185,221,221,220,399,1316,104,1212,독막로32길
2019,2,A,골목상권,1000463,1024,476,548,169,142,196,189,129,199,89,67,83,83,62,92,80,75,113,106,67,107,444,134,310,독막로22길
2019,2,A,골목상권,1000462,1081,462,619,123,223,252,156,138,189,58,72,107,72,77,76,65,151,145,84,61,113,655,145,510,도화길
2019,2,A,골목상권,1000461,3546,1677,1869,568,381,572,570,592,863,282,191,270,292,283,359,286,190,302,278,309,504,1548,913,635,도화4길
2019,2,A,골목상권,1000460,1418,687,731,80,418,177,174,228,341,34,193,83,93,123,161,46,225,94,81,105,180,979,0,979,대흥로28길
2019,2,A,골목상권,1000459,3399,1760,1639,268,808,507,454,516,846,150,447,276,245,288,354,118,361,231,209,228,492,2095,0,2095,대흥로21길
2019,2,A,골목상권,1000458,2022,1087,935,230,540,263,306,290,393,128,336,150,154,154,165,102,204,113,152,136,228,1110,70,1040,광성로6길
2019,2,A,골목상권,1000457,3308,1536,1772,488,419,442,557,503,899,238,210,221,264,242,361,250,209,221,293,261,538,1403,26,1377,홍제내길
2019,2,A,골목상권,1000456,1084,563,521,123,141,143,145,187,345,67,79,78,84,100,155,56,62,65,61,87,190,497,35,462,홍연길
2019,2,A,골목상권,1000455,1597,791,806,192,229,180,241,283,472,111,109,95,135,125,216,81,120,85,106,158,256,748,52,696,통일로39길
2019,2,A,골목상권,1000454,1624,739,885,151,191,209,240,310,523,72,93,103,117,136,218,79,98,106,123,174,305,873,18,855,통일로37길
2019,2,A,골목상권,1000453,288,158,130,20,39,39,29,41,120,11,24,19,18,28,58,9,15,20,11,13,62,193,0,193,통일로11길
2019,2,A,골목상권,1000452,688,362,326,35,116,171,83,108,175,20,58,84,53,64,83,15,58,87,30,44,92,484,104,380,충정로6길
2019,2,A,골목상권,1000451,499,248,251,30,84,125,69,61,130,13,43,59,39,32,62,17,41,66,30,29,68,315,0,315,충정로4길
2019,2,A,골목상권,1000450,3064,1515,1549,371,518,446,464,488,777,192,265,241,242,239,336,179,253,205,222,249,441,1458,11,1447,증가로6길
2019,2,A,골목상권,1000449,5204,2497,2707,724,735,760,818,874,1293,353,358,391,400,422,573,371,377,369,418,452,720,2374,0,2374,증가로23나길
2019,2,A,골목상권,1000448,3592,1793,1799,590,644,461,627,573,697,305,345,246,312,274,311,285,299,215,315,299,386,1512,22,1490,증가로20가길
2019,2,A,골목상권,1000447,3875,1875,2000,392,748,509,578,636,1012,195,347,278,293,305,457,197,401,231,285,331,555,2151,0,2151,증가로10길
2019,2,A,골목상권,1000446,3845,1875,1970,472,480,634,619,607,1033,241,235,319,321,278,481,231,245,315,298,329,552,1846,0,1846,응암로1길
2019,2,A,골목상권,1000445,3359,1842,1517,269,1414,618,333,285,440,151,860,347,160,130,194,118,554,271,173,155,246,2314,0,2314,연희로10길
2019,2,A,골목상권,1000444,795,449,346,57,123,108,123,166,218,31,68,63,72,99,116,26,55,45,51,67,102,477,0,477,신촌로37길
2019,2,A,골목상권,1000443,3660,1779,1881,522,446,592,528,589,983,253,231,304,270,282,439,269,215,288,258,307,544,1514,267,1247,수색로8길
2019,2,A,골목상권,1000442,2406,1168,1238,247,347,301,333,422,756,130,183,159,175,210,311,117,164,142,158,212,445,1183,0,1183,세무서길
2019,2,A,골목상권,1000441,1455,706,749,157,204,191,232,228,443,79,106,102,120,122,177,78,98,89,112,106,266,710,0,710,세무서2길
2019,2,A,골목상권,1000440,1162,558,604,165,126,133,185,178,375,85,57,60,95,103,158,80,69,73,90,75,217,534,125,409,세검정로1길
2019,2,A,골목상권,1000439,3522,1692,1830,323,527,456,559,639,1018,167,260,264,265,314,422,156,267,192,294,325,596,1887,0,1887,북아현로4길
2019,2,A,골목상권,1000438,10755,5182,5573,2518,1112,1616,2066,1456,1987,1242,569,710,1070,718,873,1276,543,906,996,738,1114,3712,3674,38,모래내로15길
2019,2,A,골목상권,1000437,2429,1168,1261,309,574,365,328,343,510,161,276,180,155,167,229,148,298,185,173,176,281,1329,0,1329,명지대길
2019,2,A,골목상권,1000436,4172,1958,2214,676,552,614,709,582,1039,330,254,323,351,289,411,346,298,291,358,293,628,1957,281,1676,독립문로8길
2019,2,A,골목상권,1000435,2757,1351,1406,367,370,387,454,402,777,187,179,190,244,216,335,180,191,197,210,186,442,1327,0,1327,가재울로6길
2019,2,A,골목상권,1000434,5780,2880,2900,678,947,953,803,1050,1349,354,481,532,415,484,614,324,466,421,388,566,735,2688,21,2667,통일로92길
2019,2,A,골목상권,1000433,1816,873,943,236,292,318,291,243,436,115,135,173,148,114,188,121,157,145,143,129,248,858,39,819,통일로87길
2019,2,A,골목상권,1000432,4505,2164,2341,553,702,716,667,760,1107,285,368,373,309,346,483,268,334,343,358,414,624,2069,24,2045,통일로78길
2019,2,A,골목상권,1000431,1750,845,905,225,238,264,273,282,468,116,115,139,140,133,202,109,123,125,133,149,266,743,0,743,통일로69길
2019,2,A,골목상권,1000430,4156,1998,2158,689,547,647,706,672,895,352,271,310,356,315,394,337,276,337,350,357,501,1665,40,1625,진흥로1길
2019,2,A,골목상권,1000429,5827,2861,2966,694,800,906,907,977,1543,353,410,483,484,470,661,341,390,423,423,507,882,2851,0,2851,진흥로12길
2019,2,A,골목상권,1000428,820,426,394,123,100,117,125,131,224,64,58,62,74,66,102,59,42,55,51,65,122,337,107,230,증산서길
2019,2,A,골목상권,1000427,2718,1329,1389,369,359,393,416,456,725,187,179,208,208,215,332,182,180,185,208,241,393,1146,40,1106,증산로9길
2019,2,A,골목상권,1000426,2741,1332,1409,373,342,325,417,467,817,189,184,160,198,223,378,184,158,165,219,244,439,1215,82,1133,증산로5길
2019,2,A,골목상권,1000425,5296,2567,2729,723,780,880,828,832,1253,361,400,463,412,380,551,362,380,417,416,452,702,2292,155,2137,증산로21길
2019,2,A,골목상권,1000424,2058,984,1074,267,287,308,311,322,563,134,134,161,157,152,246,133,153,147,154,170,317,937,57,880,증산로17길
2019,2,A,골목상권,1000423,2500,1250,1250,314,302,354,412,427,691,164,154,181,227,216,308,150,148,173,185,211,383,1156,151,1005,증산로15길
2019,2,A,골목상권,1000422,1994,1013,981,208,268,226,283,418,591,107,136,121,150,215,284,101,132,105,133,203,307,931,0,931,증산로13길
2019,2,A,골목상권,1000421,2889,1410,1479,504,354,424,515,446,646,268,174,202,267,214,285,236,180,222,248,232,361,1210,0,1210,응암로34길
2019,2,A,골목상권,1000420,1922,935,987,228,238,227,287,343,599,114,137,113,154,168,249,114,101,114,133,175,350,936,19,917,응암로22길
2019,2,A,골목상권,1000419,2596,1320,1276,361,296,405,444,414,676,189,166,210,236,233,286,172,130,195,208,181,390,1175,0,1175,응암로14길
2019,2,A,골목상권,1000418,1836,895,941,186,278,324,285,273,490,99,135,172,134,138,217,87,143,152,151,135,273,977,0,977,응암로13길
2019,2,A,골목상권,1000417,1496,753,743,183,193,135,218,280,487,101,106,77,117,130,222,82,87,58,101,150,265,723,0,723,응암로12길
2019,2,A,골목상권,1000416,3512,1689,1823,629,450,679,620,446,688,329,219,321,311,205,304,300,231,358,309,241,384,1579,103,1476,은평로8길
2019,2,A,골목상권,1000415,2300,1073,1227,364,305,371,382,359,519,185,144,183,187,163,211,179,161,188,195,196,308,993,0,993,은평로3길
2019,2,A,골목상권,1000414,295,141,154,28,39,35,48,63,82,17,24,15,22,30,33,11,15,20,26,33,49,136,0,136,은평로20길
2019,2,A,골목상권,1000413,3276,1560,1716,512,371,496,559,523,815,251,185,247,258,250,369,261,186,249,301,273,446,1400,0,1400,은평로13길
2019,2,A,골목상권,1000412,2950,1467,1483,476,358,412,508,494,702,268,189,218,253,238,301,208,169,194,255,256,401,1239,65,1174,은평로10길
2019,2,A,골목상권,1000411,2643,1234,1409,427,368,413,452,428,555,206,160,214,208,203,243,221,208,199,244,225,312,1114,61,1053,연서로5길
2019,2,A,골목상권,1000410,3959,1922,2037,493,489,527,670,689,1091,247,248,269,351,322,485,246,241,258,319,367,606,1854,41,1813,연서로41길
2019,2,A,골목상권,1000409,3678,1723,1955,636,509,639,585,550,759,305,249,298,298,250,323,331,260,341,287,300,436,1517,31,1486,연서로3길
2019,2,A,골목상권,1000408,3000,1421,1579,392,395,487,420,488,818,188,199,260,211,220,343,204,196,227,209,268,475,1347,0,1347,연서로34길
2019,2,A,골목상권,1000407,2073,1005,1068,209,282,264,287,339,692,109,144,149,139,160,304,100,138,115,148,179,388,999,0,999,연서로33길
2019,2,A,골목상권,1000406,1065,498,567,128,180,216,160,151,230,71,69,112,74,70,102,57,111,104,86,81,128,508,0,508,연서로29길
2019,2,A,골목상권,1000405,3669,1727,1942,380,664,648,534,566,877,174,320,326,258,262,387,206,344,322,276,304,490,1927,28,1899,연서로28길
2019,2,A,골목상권,1000404,2937,1375,1562,338,446,463,488,496,706,164,200,244,230,231,306,174,246,219,258,265,400,1437,0,1437,연서로27길
2019,2,A,골목상권,1000403,4250,2017,2233,703,601,692,734,627,893,351,283,355,351,279,398,352,318,337,383,348,495,1782,0,1782,연서로21길
2019,2,A,골목상권,1000402,2252,1068,1184,315,325,334,372,402,504,152,152,172,175,192,225,163,173,162,197,210,279,990,0,990,연서로17길
2019,2,A,골목상권,1000401,4663,2203,2460,698,632,684,786,772,1091,344,307,333,388,349,482,354,325,351,398,423,609,1996,21,1975,연서로16길
2019,2,A,골목상권,1000400,3952,1860,2092,621,583,589,663,642,854,307,275,297,309,300,372,314,308,292,354,342,482,1601,0,1601,연서로13길
2019,2,A,골목상권,1000399,3920,1858,2062,664,561,654,630,618,793,330,262,328,285,294,359,334,299,326,345,324,434,1507,31,1476,연서로11길
2019,2,A,골목상권,1000398,5545,2660,2885,789,727,864,932,901,1332,383,356,442,473,430,576,406,371,422,459,471,756,2523,0,2523,역말로9길
2019,2,A,골목상권,1000397,1060,528,532,106,135,108,164,202,345,62,69,62,86,106,143,44,66,46,78,96,202,530,25,505,수색로18길
2019,2,A,골목상권,1000396,2650,1243,1407,296,381,388,396,451,738,143,185,186,201,227,301,153,196,202,195,224,437,1316,0,1316,서오릉로8길
2019,2,A,골목상권,1000395,3994,1908,2086,617,536,572,635,650,984,301,273,299,306,290,439,316,263,273,329,360,545,1584,253,1331,서오릉로21길
2019,2,A,골목상권,1000394,5214,2531,2683,623,700,775,850,858,1408,301,361,417,442,426,584,322,339,358,408,432,824,2632,36,2596,불광천길
2019,2,A,골목상권,1000393,2471,1196,1275,379,312,371,416,408,585,205,164,174,207,180,266,174,148,197,209,228,319,1018,18,1000,갈현로7길
2019,2,A,골목상권,1000392,3187,1564,1623,354,443,386,493,598,913,186,249,201,240,290,398,168,194,185,253,308,515,1526,0,1526,갈현로41길
2019,2,A,골목상권,1000391,3678,1769,1909,620,571,520,596,614,757,317,292,271,267,278,344,303,279,249,329,336,413,1546,192,1354,갈현로33길
2019,2,A,골목상권,1000390,2845,1379,1466,507,380,518,481,433,526,265,173,268,227,220,226,242,207,250,254,213,300,1094,157,937,갈현로1길
2019,2,A,골목상권,1000389,3671,1824,1847,496,501,450,548,678,998,270,264,252,262,339,437,226,237,198,286,339,561,1668,0,1668,가좌로7길
2019,2,A,골목상권,1000388,3932,1969,1963,500,524,429,664,658,1157,247,286,243,339,329,525,253,238,186,325,329,632,1890,0,1890,한글비석로44길
2019,2,A,골목상권,1000387,2465,1255,1210,273,353,304,317,464,754,143,196,180,158,237,341,130,157,124,159,227,413,1208,0,1208,한글비석로24길
2019,2,A,골목상권,1000386,1815,926,889,327,251,193,304,328,412,164,135,92,155,173,207,163,116,101,149,155,205,715,442,273,한글비석로22길
2019,2,A,골목상권,1000385,2084,1078,1006,244,259,262,343,331,645,126,144,152,177,179,300,118,115,110,166,152,345,1005,254,751,석계로1길
2019,2,A,골목상권,1000384,2597,1341,1256,295,362,324,394,466,756,166,177,189,210,245,354,129,185,135,184,221,402,1315,0,1315,상계로9가길
2019,2,A,골목상권,1000383,1199,608,591,205,180,178,201,204,231,108,97,91,101,95,116,97,83,87,100,109,115,453,186,267,상계로1길
2019,2,A,골목상권,1000382,3570,1774,1796,423,631,408,539,660,909,217,313,236,285,322,401,206,318,172,254,338,508,1680,255,1425,상계로12길
2019,2,A,골목상권,1000381,2506,1237,1269,315,413,306,318,456,698,169,218,155,156,220,319,146,195,151,162,236,379,1044,75,969,동일로242길
2019,2,A,골목상권,1000380,2866,1493,1373,276,924,385,300,384,597,136,495,208,165,200,289,140,429,177,135,184,308,1736,63,1673,동일로192길
2019,2,A,골목상권,1000379,3676,1852,1824,550,553,586,536,591,860,290,281,303,291,272,415,260,272,283,245,319,445,1528,447,1081,동일로173가길
2019,2,A,골목상권,1000378,1523,759,764,258,330,161,227,264,283,145,171,83,98,123,139,113,159,78,129,141,144,673,18,655,공릉로58길
2019,2,A,골목상권,1000377,2245,1084,1161,316,356,296,342,445,490,165,181,150,154,203,231,151,175,146,188,242,259,943,322,621,해등로16길
2019,2,A,골목상권,1000376,2296,1156,1140,327,325,277,334,436,597,179,177,147,155,232,266,148,148,130,179,204,331,1047,64,983,우이천로4다길
2019,2,A,골목상권,1000375,3035,1444,1591,497,404,413,517,469,735,244,201,202,252,224,321,253,203,211,265,245,414,1243,264,979,우이천로32길
2019,2,A,골목상권,1000374,3560,1846,1714,381,484,393,549,700,1053,215,259,221,296,351,504,166,225,172,253,349,549,1684,0,1684,시루봉로23길
2019,2,A,골목상권,1000373,972,455,517,130,192,126,143,133,248,77,56,64,74,69,115,53,136,62,69,64,133,506,0,506,삼양로144길
2019,2,A,골목상권,1000372,2117,1059,1058,230,298,248,320,450,571,111,154,134,170,234,256,119,144,114,150,216,315,1019,34,985,방학로6가길
2019,2,A,골목상권,1000371,3932,1979,1953,546,526,584,538,694,1044,297,265,324,287,336,470,249,261,260,251,358,574,1793,40,1753,방학로5길
2019,2,A,골목상권,1000370,3828,1896,1932,812,502,435,704,671,704,409,272,217,322,332,344,403,230,218,382,339,360,1194,1086,108,방학로15길
2019,2,A,골목상권,1000369,1970,964,1006,288,265,256,314,363,484,148,139,138,152,174,213,140,126,118,162,189,271,820,0,820,방학로10길
2019,2,A,골목상권,1000368,1714,880,834,171,223,202,252,321,545,85,124,108,141,168,254,86,99,94,111,153,291,772,170,602,도봉산길
2019,2,A,골목상권,1000367,373,197,176,20,45,54,49,83,122,11,24,33,30,49,50,9,21,21,19,34,72,215,0,215,도봉산4길
2019,2,A,골목상권,1000366,1957,995,962,236,239,229,270,353,630,121,136,138,142,174,284,115,103,91,128,179,346,881,0,881,도봉로181길
2019,2,A,골목상권,1000365,3054,1550,1504,311,319,440,444,535,1005,166,152,245,243,259,485,145,167,195,201,276,520,1477,247,1230,도봉로169나길
2019,2,A,골목상권,1000364,1411,761,650,144,169,153,207,294,444,62,89,91,128,169,222,82,80,62,79,125,222,721,0,721,도봉로156길
2019,2,A,골목상권,1000363,692,370,322,47,88,80,65,166,246,24,57,50,38,90,111,23,31,30,27,76,135,381,0,381,도봉로152가길
2019,2,A,골목상권,1000362,3517,1732,1785,400,489,420,492,686,1030,193,248,207,267,358,459,207,241,213,225,328,571,1795,0,1795,도봉로147길
2019,2,A,골목상권,1000361,1867,926,941,202,276,216,266,375,532,111,137,113,134,183,248,91,139,103,132,192,284,819,87,732,도봉로143길
2019,2,A,골목상권,1000360,4840,2323,2517,439,794,715,739,890,1263,205,389,360,380,433,556,234,405,355,359,457,707,2543,155,2388,도봉로114길
2019,2,A,골목상권,1000359,2315,1125,1190,274,353,391,340,349,608,134,182,197,174,163,275,140,171,194,166,186,333,1116,179,937,도봉로109길
2019,2,A,골목상권,1000358,2901,1461,1440,298,396,353,455,511,888,144,207,186,237,265,422,154,189,167,218,246,466,1400,0,1400,도당로29길
2019,2,A,골목상권,1000357,3890,2034,1856,480,524,416,628,697,1145,263,292,226,332,392,529,217,232,190,296,305,616,1838,0,1838,도당로19길
2019,2,A,골목상권,1000356,3472,1750,1722,507,497,432,544,652,840,271,263,241,266,332,377,236,234,191,278,320,463,1528,0,1528,도당로13바길
2019,2,A,골목상권,1000355,1613,835,778,160,209,186,256,330,472,89,108,111,135,166,226,71,101,75,121,164,246,782,0,782,도당로13가길
2019,2,A,골목상권,1000354,2419,1196,1223,338,349,343,343,431,615,170,179,189,179,202,277,168,170,154,164,229,338,1102,0,1102,덕릉로60길
2019,2,A,골목상권,1000353,1912,949,963,276,259,278,285,337,477,152,122,141,146,155,233,124,137,137,139,182,244,770,378,392,노해로63다길
2019,2,A,골목상권,1000352,1796,871,925,151,338,336,254,303,414,80,140,172,134,143,202,71,198,164,120,160,212,992,125,867,노해로60길
2019,2,A,골목상권,1000351,1767,867,900,144,369,307,234,300,413,84,173,172,118,149,171,60,196,135,116,151,242,1012,0,1012,한천로140길
2019,2,A,골목상권,1000350,1543,733,810,133,287,246,205,255,417,62,132,129,111,112,187,71,155,117,94,143,230,846,0,846,한천로139가길
2019,2,A,골목상권,1000349,1823,897,926,186,356,322,281,252,426,95,167,173,137,119,206,91,189,149,144,133,220,1020,0,1020,한천로132길
2019,2,A,골목상권,1000348,3203,1627,1576,379,527,464,525,555,753,224,278,236,266,293,330,155,249,228,259,262,423,1630,0,1630,한천로130길
2019,2,A,골목상권,1000347,1841,905,936,220,315,301,271,286,448,111,146,168,150,150,180,109,169,133,121,136,268,936,0,936,한천로124나길
2019,2,A,골목상권,1000346,2984,1438,1546,541,402,372,513,491,665,278,205,182,244,213,316,263,197,190,269,278,349,1045,587,458,한천로109길
2019,2,A,골목상권,1000345,2696,1361,1335,368,330,311,435,509,743,191,168,173,225,254,350,177,162,138,210,255,393,1281,0,1281,인수봉로79길
2019,2,A,골목상권,1000344,3721,1786,1935,528,495,518,506,628,1046,255,253,281,240,296,461,273,242,237,266,332,585,1501,243,1258,인수봉로72길
2019,2,A,골목상권,1000343,1885,899,986,272,274,238,304,316,481,139,138,127,158,135,202,133,136,111,146,181,279,835,0,835,인수봉로56길
2019,2,A,골목상권,1000342,2046,1008,1038,174,343,391,344,346,448,86,149,209,178,178,208,88,194,182,166,168,240,1192,29,1163,오패산로67길
2019,2,A,골목상권,1000341,2884,1425,1459,358,402,367,425,489,843,190,220,203,227,221,364,168,182,164,198,268,479,1269,0,1269,오패산로52길
2019,2,A,골목상권,1000340,1428,700,728,197,228,187,228,217,371,105,112,99,120,103,161,92,116,88,108,114,210,679,0,679,오패산로30길
2019,2,A,골목상권,1000339,3271,1596,1675,319,613,532,468,508,831,161,272,291,254,244,374,158,341,241,214,264,457,1746,19,1727,수유로12길
2019,2,A,골목상권,1000338,2984,1461,1523,376,442,424,443,547,752,189,214,223,223,264,348,187,228,201,220,283,404,1336,0,1336,솔샘로65길
2019,2,A,골목상권,1000337,2334,1086,1248,279,344,338,391,418,564,147,158,184,188,170,239,132,186,154,203,248,325,1096,0,1096,솔매로50길
2019,2,A,골목상권,1000336,2059,998,1061,213,334,269,294,382,567,126,143,137,148,185,259,87,191,132,146,197,308,1057,0,1057,솔매로45길
2019,2,A,골목상권,1000335,3089,1494,1595,338,482,430,439,557,843,179,233,237,219,262,364,159,249,193,220,295,479,1506,0,1506,솔매로41길
2019,2,A,골목상권,1000334,3209,1594,1615,457,422,403,492,563,872,249,213,222,248,266,396,208,209,181,244,297,476,1416,0,1416,삼양로93길
2019,2,A,골목상권,1000333,3122,1597,1525,407,406,445,440,523,901,217,237,239,235,260,409,190,169,206,205,263,492,1387,0,1387,삼양로77길
2019,2,A,골목상권,1000332,3768,1866,1902,431,513,559,563,701,1001,229,254,290,294,356,443,202,259,269,269,345,558,1795,0,1795,삼양로54길
2019,2,A,골목상권,1000331,4172,2091,2081,438,538,465,600,824,1307,222,279,260,323,441,566,216,259,205,277,383,741,2073,0,2073,삼양로41길
2019,2,A,골목상권,1000330,1343,656,687,309,129,219,295,186,205,158,64,101,148,94,91,151,65,118,147,92,114,483,394,89,삼양로27길
2019,2,A,골목상권,1000329,3069,1535,1534,285,344,369,408,589,1074,141,178,210,214,300,492,144,166,159,194,289,582,1582,158,1424,삼양로24길
2019,2,A,골목상권,1000328,2128,1084,1044,243,315,220,319,426,605,129,183,125,167,211,269,114,132,95,152,215,336,1032,0,1032,삼양로20길
2019,2,A,골목상권,1000327,3869,1859,2010,406,691,645,543,650,934,205,335,340,270,300,409,201,356,305,273,350,525,1851,0,1851,삼각산로28길
2019,2,A,골목상권,1000326,2302,1140,1162,214,429,355,336,414,554,108,223,198,171,204,236,106,206,157,165,210,318,1179,0,1179,도봉로99길
2019,2,A,골목상권,1000325,250,126,124,17,28,42,50,48,65,8,16,25,29,26,22,9,12,17,21,22,43,150,0,150,도봉로8길
2019,2,A,골목상권,1000324,3459,1559,1900,307,734,542,468,552,856,132,237,292,239,271,388,175,497,250,229,281,468,2035,84,1951,도봉로76길
2019,2,A,골목상권,1000323,1692,823,869,182,239,246,222,285,518,97,113,134,114,136,229,85,126,112,108,149,289,876,0,876,도봉로67길
2019,2,A,골목상권,1000322,3419,1668,1751,378,543,522,558,571,847,186,254,282,290,259,397,192,289,240,268,312,450,1733,0,1733,도봉로45길
2019,2,A,골목상권,1000321,2954,1458,1496,342,368,411,448,550,835,171,183,243,228,267,366,171,185,168,220,283,469,1357,0,1357,도봉로18길
2019,2,A,골목상권,1000320,1658,830,828,173,243,203,226,314,499,86,141,118,115,156,214,87,102,85,111,158,285,796,0,796,도봉로13길
2019,2,A,골목상권,1000319,2702,1312,1390,185,536,427,425,436,693,91,235,224,227,221,314,94,301,203,198,215,379,1624,0,1624,덕릉로41길
2019,2,A,골목상권,1000318,2213,1098,1115,323,321,311,366,380,512,181,145,148,202,188,234,142,176,163,164,192,278,949,0,949,덕릉로40길
2019,2,A,골목상권,1000317,2646,1298,1348,334,355,384,401,450,722,177,198,201,200,215,307,157,157,183,201,235,415,1198,0,1198,노해로33길
2019,2,A,골목상권,1000316,1392,674,718,199,193,200,232,241,327,99,100,106,121,96,152,100,93,94,111,145,175,593,0,593,노해로23길
2019,2,A,골목상권,1000315,2608,1309,1299,292,421,356,402,476,661,146,215,199,212,239,298,146,206,157,190,237,363,1222,0,1222,노해로17길
2019,2,A,골목상권,1000314,2099,1076,1023,246,279,306,367,397,504,126,141,168,190,209,242,120,138,138,177,188,262,1092,0,1092,화랑로40길
2019,2,A,골목상권,1000313,3330,1655,1675,366,526,414,515,592,917,204,268,211,272,291,409,162,258,203,243,301,508,1662,0,1662,화랑로32길
2019,2,A,골목상권,1000312,2928,1490,1438,366,365,421,481,482,813,201,174,228,265,251,371,165,191,193,216,231,442,1319,41,1278,화랑로1길
2019,2,A,골목상권,1000311,2315,1175,1140,288,287,269,350,445,676,148,156,142,182,230,317,140,131,127,168,215,359,1010,0,1010,화랑로19길
2019,2,A,골목상권,1000310,1356,692,664,131,318,201,191,214,301,64,172,115,112,104,125,67,146,86,79,110,176,715,0,715,화랑로14길
2019,2,A,골목상권,1000309,1269,550,719,128,342,189,148,184,278,62,105,95,70,89,129,66,237,94,78,95,149,693,0,693,화랑로13길
2019,2,A,골목상권,1000308,2191,1065,1126,266,327,305,317,419,557,132,163,153,164,194,259,134,164,152,153,225,298,1003,114,889,한천로76길
2019,2,A,골목상권,1000307,1210,609,601,264,133,152,233,204,224,122,76,77,116,112,106,142,57,75,117,92,118,446,209,237,한천로101가길
2019,2,A,골목상권,1000306,1304,587,717,131,326,250,168,186,243,61,151,110,82,87,96,70,175,140,86,99,147,760,0,760,창경궁로43길
2019,2,A,골목상권,1000305,2763,1395,1368,290,507,447,424,458,637,152,254,250,224,230,285,138,253,197,200,228,352,1387,0,1387,지봉로20길
2019,2,A,골목상권,1000304,2400,1321,1079,247,784,403,264,261,441,119,486,238,141,144,193,128,298,165,123,117,248,1461,84,1377,종암로5길
2019,2,A,골목상권,1000303,2236,1105,1131,386,248,402,356,329,515,196,140,198,182,169,220,190,108,204,174,160,295,922,452,470,종암로24가길
2019,2,A,골목상권,1000302,1689,831,858,293,260,268,289,245,334,147,130,131,154,120,149,146,130,137,135,125,185,712,212,500,종암로21길
2019,2,A,골목상권,1000301,1938,949,989,271,277,291,301,322,476,130,148,152,145,161,213,141,129,139,156,161,263,849,165,684,종암로19길
2019,2,A,골목상권,1000300,3335,1600,1735,368,409,403,477,572,1106,223,201,206,224,285,461,145,208,197,253,287,645,1818,85,1733,종암로16길
2019,2,A,골목상권,1000299,1799,950,849,204,393,249,218,258,477,115,235,144,118,138,200,89,158,105,100,120,277,994,62,932,정릉로8길
2019,2,A,골목상권,1000298,3472,1704,1768,541,448,482,542,536,923,294,235,253,253,271,398,247,213,229,289,265,525,1466,0,1466,정릉로27길
2019,2,A,골목상권,1000297,1872,913,959,289,189,228,343,286,537,144,102,114,171,144,238,145,87,114,172,142,299,826,0,826,정릉로26길
2019,2,A,골목상권,1000296,267,142,125,30,28,28,49,55,77,13,12,15,29,33,40,17,16,13,20,22,37,153,0,153,장위로50길
2019,2,A,골목상권,1000295,2053,952,1101,229,459,266,261,305,533,106,170,144,142,158,232,123,289,122,119,147,301,1121,268,853,장월로1길
2019,2,A,골목상권,1000294,987,496,491,155,145,157,184,138,208,80,81,78,93,69,95,75,64,79,91,69,113,443,0,443,인촌로6길
2019,2,A,골목상권,1000293,1509,668,841,126,522,245,171,163,282,62,199,122,81,82,122,64,323,123,90,81,160,938,0,938,인촌로5길
2019,2,A,골목상권,1000292,701,410,291,49,285,104,73,70,120,24,173,68,46,40,59,25,112,36,27,30,61,504,0,504,인촌로24길
2019,2,A,골목상권,1000291,1012,491,521,74,554,123,68,62,131,39,268,73,31,31,49,35,286,50,37,31,82,789,0,789,개운사길
2019,2,A,골목상권,1000290,991,477,514,78,229,160,135,154,235,37,99,79,79,81,102,41,130,81,56,73,133,605,0,605,인촌로1길
2019,2,A,골목상권,1000289,1621,824,797,155,541,232,216,185,292,84,300,113,108,92,127,71,241,119,108,93,165,983,0,983,인촌로17가길
2019,2,A,골목상권,1000288,3008,1454,1554,341,607,377,430,490,763,154,264,205,237,251,343,187,343,172,193,239,420,1497,0,1497,오패산로4길
2019,2,A,골목상권,1000287,3327,1631,1696,454,392,436,470,556,1019,215,204,241,257,253,461,239,188,195,213,303,558,1439,342,1097,오패산로3길
2019,2,A,골목상권,1000286,1677,834,843,164,217,198,265,304,529,83,116,101,136,159,239,81,101,97,129,145,290,838,0,838,오패산로19길
2019,2,A,골목상권,1000285,2233,1124,1109,248,450,390,358,340,447,133,242,210,185,169,185,115,208,180,173,171,262,1174,0,1174,안암로5길
2019,2,A,골목상권,1000284,3084,1370,1714,267,833,610,374,364,636,135,323,289,174,175,274,132,510,321,200,189,362,1811,0,1811,아리랑로4길
2019,2,A,골목상권,1000283,1989,988,1001,263,340,259,276,298,553,141,182,136,133,159,237,122,158,123,143,139,316,893,0,893,솔샘로6길
2019,2,A,골목상권,1000282,1640,802,838,283,234,257,279,266,321,151,119,126,134,133,139,132,115,131,145,133,182,644,95,549,성북로8길
2019,2,A,골목상권,1000281,742,349,393,83,86,97,115,122,239,40,41,48,59,64,97,43,45,49,56,58,142,374,0,374,삼양로8길
2019,2,A,골목상권,1000280,1760,890,870,237,267,236,264,302,454,123,150,133,136,152,196,114,117,103,128,150,258,847,0,847,삼선교로16가길
2019,2,A,골목상권,1000279,2290,1144,1146,234,422,352,340,361,581,118,227,192,177,169,261,116,195,160,163,192,320,1198,0,1198,삼선교로10다길
2019,2,A,골목상권,1000278,2342,1083,1259,260,486,378,328,327,563,129,234,181,156,138,245,131,252,197,172,189,318,1207,0,1207,삼선교로10길
2019,2,A,골목상권,1000277,1295,433,862,71,515,294,128,107,180,26,104,128,57,44,74,45,411,166,71,63,106,927,0,927,보문로32길
2019,2,A,골목상권,1000276,2921,1328,1593,358,647,518,414,392,592,183,280,244,195,182,244,175,367,274,219,210,348,1578,0,1578,보문로31길
2019,2,A,골목상권,1000275,1517,731,786,125,403,235,181,223,350,69,191,121,93,118,139,56,212,114,88,105,211,947,0,947,보문로26길
2019,2,A,골목상권,1000274,2355,1144,1211,213,392,365,372,401,612,113,193,200,185,180,273,100,199,165,187,221,339,1264,0,1264,보문로13길
2019,2,A,골목상권,1000273,2961,1468,1493,437,423,421,459,482,739,234,221,218,245,231,319,203,202,203,214,251,420,1236,0,1236,보국문로16길
2019,2,A,골목상권,1000272,278,131,147,27,35,36,35,52,93,15,18,18,16,27,37,12,17,18,19,25,56,146,0,146,동소문로6길
2019,2,A,골목상권,1000271,374,195,179,35,58,43,58,63,117,21,31,24,32,31,56,14,27,19,26,32,61,215,0,215,동소문로2길
2019,2,A,골목상권,1000270,2278,897,1381,149,708,385,299,233,504,61,198,170,142,108,218,88,510,215,157,125,286,1530,0,1530,동소문로26가길
2019,2,A,골목상권,1000269,1084,460,624,127,293,190,146,132,196,68,100,88,66,61,77,59,193,102,80,71,119,622,0,622,동소문로15길
2019,2,A,골목상권,1000268,2936,1331,1605,495,556,412,455,434,584,244,233,195,207,203,249,251,323,217,248,231,335,1299,392,907,동소문로13길
2019,2,A,골목상권,1000267,1332,676,656,144,162,159,165,267,435,76,87,83,95,133,202,68,75,76,70,134,233,628,0,628,돌곶이로8길
2019,2,A,골목상권,1000266,1915,957,958,263,243,270,293,339,507,142,127,154,141,171,222,121,116,116,152,168,285,839,0,839,돌곶이로41길
2019,2,A,골목상권,1000265,1015,553,462,120,128,118,166,210,273,67,64,60,91,124,147,53,64,58,75,86,126,488,97,391,돌곶이로28길
2019,2,A,골목상권,1000264,2740,1388,1352,303,334,311,437,513,842,157,189,168,227,264,383,146,145,143,210,249,459,1270,0,1270,돌곶이로27길
2019,2,A,골목상권,1000263,1179,587,592,144,186,160,181,210,298,66,89,91,87,103,151,78,97,69,94,107,147,606,0,606,돌곶이로22길
2019,2,A,골목상권,1000262,1295,651,644,155,170,150,201,241,378,92,74,76,108,126,175,63,96,74,93,115,203,587,0,587,돌곶이로14길
2019,2,A,골목상권,1000261,275,139,136,15,22,25,33,44,136,8,11,14,19,25,62,7,11,11,14,19,74,172,0,172,길음로7길
2019,2,A,골목상권,1000260,2611,1315,1296,312,353,380,428,494,644,155,177,206,226,251,300,157,176,174,202,243,344,1290,82,1208,중랑천로10길
2019,2,A,골목상권,1000259,3451,1778,1673,438,492,447,501,693,880,213,273,254,273,340,425,225,219,193,228,353,455,1590,107,1483,용마산로94길
2019,2,A,골목상권,1000258,1978,1036,942,171,228,225,283,439,632,84,115,132,153,245,307,87,113,93,130,194,325,1187,0,1187,용마산로118길
2019,2,A,골목상권,1000257,2287,1161,1126,272,321,270,316,455,653,127,171,148,163,240,312,145,150,122,153,215,341,1070,30,1040,용마산로112길
2019,2,A,골목상권,1000256,3066,1549,1517,456,421,417,494,553,725,229,224,216,235,310,335,227,197,201,259,243,390,1396,0,1396,용마산로100길
2019,2,A,골목상권,1000255,3756,1826,1930,777,521,571,508,645,734,399,263,260,276,295,333,378,258,311,232,350,401,1350,484,866,신내로7가길
2019,2,A,골목상권,1000254,3180,1581,1599,304,505,551,501,525,794,174,245,291,278,244,349,130,260,260,223,281,445,1751,0,1751,사가정로54길
2019,2,A,골목상권,1000253,3131,1534,1597,426,438,452,456,567,792,203,228,219,235,261,388,223,210,233,221,306,404,1341,535,806,사가정로42길
2019,2,A,골목상권,1000252,3893,1907,1986,691,512,557,632,676,825,348,274,291,312,320,362,343,238,266,320,356,463,1458,399,1059,봉화산로56길
2019,2,A,골목상권,1000251,4652,2474,2178,442,613,687,707,954,1249,246,322,380,395,523,608,196,291,307,312,431,641,2410,0,2410,봉화산로4길
2019,2,A,골목상권,1000250,3219,1629,1590,421,522,547,453,555,721,228,257,291,237,286,330,193,265,256,216,269,391,1537,0,1537,봉화산로30길
2019,2,A,골목상권,1000249,2159,1037,1122,174,454,511,272,324,424,81,188,275,140,151,202,93,266,236,132,173,222,1222,0,1222,봉우재로33길
2019,2,A,골목상권,1000248,5399,2673,2726,648,808,814,790,1001,1338,320,404,456,408,495,590,328,404,358,382,506,748,2640,22,2618,면목로78길
2019,2,A,골목상권,1000247,2848,1448,1400,324,429,391,428,609,667,171,238,218,214,295,312,153,191,173,214,314,355,1367,0,1367,면목로56길
2019,2,A,골목상권,1000246,1994,1014,980,298,283,301,339,366,407,151,143,151,185,190,194,147,140,150,154,176,213,940,0,940,면목로55길
2019,2,A,골목상권,1000245,2887,1455,1432,284,353,503,467,509,771,166,157,277,257,244,354,118,196,226,210,265,417,1614,0,1614,면목로49길
2019,2,A,골목상권,1000244,3095,1490,1605,373,485,551,473,531,682,187,222,288,243,247,303,186,263,263,230,284,379,1529,0,1529,면목로48길
2019,2,A,골목상권,1000243,1356,684,672,114,224,190,217,251,360,55,117,95,119,136,162,59,107,95,98,115,198,728,0,728,면목로45길
2019,2,A,골목상권,1000242,2668,1356,1312,410,357,381,451,447,622,220,181,199,233,248,275,190,176,182,218,199,347,1231,0,1231,면목로33길
2019,2,A,골목상권,1000241,1920,971,949,252,271,295,327,334,441,132,146,151,179,167,196,120,125,144,148,167,245,884,0,884,면목로21길
2019,2,A,골목상권,1000240,1447,780,667,170,186,154,222,292,423,86,114,87,123,153,217,84,72,67,99,139,206,739,0,739,망우로73길
2019,2,A,골목상권,1000239,2371,1219,1152,289,355,339,325,473,590,151,194,186,163,232,293,138,161,153,162,241,297,1154,0,1154,망우로68길
2019,2,A,골목상권,1000238,3673,1839,1834,480,528,698,535,636,796,239,254,392,263,324,367,241,274,306,272,312,429,1838,0,1838,동일로163길
2019,2,A,골목상권,1000237,2697,1341,1356,261,467,500,392,460,617,132,212,277,212,237,271,129,255,223,180,223,346,1470,0,1470,동일로157길
2019,2,A,골목상권,1000236,3015,1486,1529,438,446,512,465,506,648,229,224,268,232,247,286,209,222,244,233,259,362,1362,0,1362,동일로149길
2019,2,A,골목상권,1000235,2426,1269,1157,322,354,421,330,428,571,189,198,219,187,219,257,133,156,202,143,209,314,1089,0,1089,동일로140길
2019,2,A,골목상권,1000234,2839,1444,1395,232,365,386,414,618,824,115,182,209,216,326,396,117,183,177,198,292,428,1555,0,1555,동일로139길
2019,2,A,골목상권,1000233,1752,897,855,222,264,259,234,354,419,115,135,139,123,179,206,107,129,120,111,175,213,762,110,652,동일로139가길
2019,2,A,골목상권,1000232,3433,1649,1784,480,552,547,471,635,748,228,282,271,240,297,331,252,270,276,231,338,417,1547,0,1547,동일로130길
2019,2,A,골목상권,1000231,2694,1353,1341,263,400,376,379,581,695,151,200,195,189,297,321,112,200,181,190,284,374,1422,0,1422,동일로123길
2019,2,A,골목상권,1000230,4319,2131,2188,389,786,836,615,784,909,212,373,420,323,377,426,177,413,416,292,407,483,2378,0,2378,동일로112길
2019,2,A,골목상권,1000229,3029,1496,1533,460,401,365,534,574,695,204,201,197,276,298,320,256,200,168,258,276,375,1366,146,1220,동일로101길
2019,2,A,골목상권,1000228,5044,2557,2487,612,787,762,699,988,1196,316,393,422,357,497,572,296,394,340,342,491,624,2339,59,2280,동일로100길
2019,2,A,골목상권,1000227,1960,969,991,258,288,302,301,386,425,132,136,166,146,198,191,126,152,136,155,188,234,917,19,898,답십리로75길
2019,2,A,골목상권,1000226,4220,2043,2177,503,624,775,642,624,1052,259,307,384,327,289,477,244,317,391,315,335,575,2034,364,1670,공릉로2길
2019,2,A,골목상권,1000225,1419,708,711,298,183,201,249,213,275,155,106,102,122,101,122,143,77,99,127,112,153,565,127,438,공릉로12가길
2019,2,A,골목상권,1000224,5220,2623,2597,671,823,877,792,967,1090,342,434,459,409,479,500,329,389,418,383,488,590,2377,109,2268,겸재로54길
2019,2,A,골목상권,1000223,4285,2092,2193,450,633,660,709,793,1040,228,291,340,352,398,483,222,342,320,357,395,557,2387,0,2387,겸재로36길
2019,2,A,골목상권,1000222,2290,1175,1115,233,356,368,343,430,560,121,184,195,192,224,259,112,172,173,151,206,301,1242,196,1046,겸재로29길
2019,2,A,골목상권,1000221,2597,1285,1312,231,463,392,383,468,660,115,230,208,211,246,275,116,233,184,172,222,385,1442,0,1442,휘경로3길
2019,2,A,골목상권,1000220,1304,673,631,113,374,206,162,174,275,52,187,129,94,88,123,61,187,77,68,86,152,788,0,788,휘경로2길
2019,2,A,골목상권,1000219,2534,1247,1287,222,310,350,436,414,802,106,171,190,237,222,321,116,139,160,199,192,481,1491,0,1491,휘경로23길
2019,2,A,골목상권,1000218,1974,1025,949,151,299,253,313,382,576,78,164,140,181,198,264,73,135,113,132,184,312,1099,0,1099,휘경로14길
2019,2,A,골목상권,1000217,2386,1150,1236,429,278,315,429,391,544,213,127,175,193,195,247,216,151,140,236,196,297,922,421,501,한천로46길
2019,2,A,골목상권,1000216,1844,926,918,187,240,208,293,348,568,90,130,110,155,185,256,97,110,98,138,163,312,985,0,985,한천로40길
2019,2,A,골목상권,1000215,872,424,448,123,122,121,153,161,192,64,54,55,83,78,90,59,68,66,70,83,102,390,0,390,한천로33길
2019,2,A,골목상권,1000214,3130,1634,1496,318,368,415,493,649,887,170,191,221,275,354,423,148,177,194,218,295,464,1674,44,1630,한천로14길
2019,2,A,골목상권,1000213,2761,1420,1341,409,429,507,470,393,553,216,216,270,251,190,277,193,213,237,219,203,276,1224,418,806,천호대로97길
2019,2,A,골목상권,1000212,2360,1225,1135,288,356,379,364,423,550,149,195,212,184,203,282,139,161,167,180,220,268,1023,93,930,천호대로77길
2019,2,A,골목상권,1000211,2583,1359,1224,240,398,389,337,421,798,124,217,223,196,219,380,116,181,166,141,202,418,1346,0,1346,천호대로45길
2019,2,A,골목상권,1000210,2859,1413,1446,243,606,564,416,433,597,130,274,303,222,229,255,113,332,261,194,204,342,1712,35,1677,천호대로17길
2019,2,A,골목상권,1000209,207,117,90,26,25,23,37,45,51,13,14,13,25,25,27,13,11,10,12,20,24,104,0,104,천호대로12길
2019,2,A,골목상권,1000208,1387,700,687,131,764,146,92,83,171,53,403,82,46,37,79,78,361,64,46,46,92,1051,0,1051,천장산로7길
2019,2,A,골목상권,1000207,1016,559,457,62,214,155,140,155,290,35,122,97,85,90,130,27,92,58,55,65,160,656,0,656,제기로5길
2019,2,A,골목상권,1000206,3144,1599,1545,279,310,330,409,546,1270,137,172,201,219,287,583,142,138,129,190,259,687,1832,0,1832,제기로21길
2019,2,A,골목상권,1000205,1473,768,705,119,183,145,242,322,462,68,103,76,134,176,211,51,80,69,108,146,251,872,0,872,전농로4길
2019,2,A,골목상권,1000204,1649,830,819,212,244,172,263,311,447,116,129,94,126,155,210,96,115,78,137,156,237,776,0,776,전농로3길
2019,2,A,골목상권,1000203,1970,978,992,231,278,225,284,379,573,116,162,129,142,186,243,115,116,96,142,193,330,972,0,972,전농로29길
2019,2,A,골목상권,1000202,2291,1145,1146,320,334,400,336,398,503,170,171,201,163,191,249,150,163,199,173,207,254,960,162,798,장한로8길
2019,2,A,골목상권,1000201,2085,1041,1044,298,304,349,309,357,468,161,147,185,164,171,213,137,157,164,145,186,255,910,305,605,장한로5길
2019,2,A,골목상권,1000200,932,501,431,101,110,146,155,187,233,55,62,78,87,100,119,46,48,68,68,87,114,497,25,472,장한로27길
2019,2,A,골목상권,1000199,974,476,498,121,131,124,152,173,273,55,71,59,76,92,123,66,60,65,76,81,150,446,0,446,장한로27가길
2019,2,A,골목상권,1000198,2624,1290,1334,505,287,371,512,359,590,258,145,165,272,175,275,247,142,206,240,184,315,981,293,688,장한로26길
2019,2,A,골목상권,1000197,1417,703,714,203,210,298,221,200,285,97,93,156,120,93,144,106,117,142,101,107,141,674,313,361,장한로26가길
2019,2,A,골목상권,1000196,602,307,295,77,80,113,77,114,141,42,46,64,39,53,63,35,34,49,38,61,78,271,0,271,장한로25길
2019,2,A,골목상권,1000195,1457,746,711,252,168,233,243,199,362,135,90,120,134,97,170,117,78,113,109,102,192,538,140,398,장한로14길
2019,2,A,골목상권,1000194,3339,1700,1639,384,552,453,488,549,913,208,275,263,254,283,417,176,277,190,234,266,496,1676,0,1676,이문로42길
2019,2,A,골목상권,1000193,3473,1786,1687,360,398,457,521,666,1071,187,224,243,296,365,471,173,174,214,225,301,600,1898,310,1588,왕산로43길
2019,2,A,골목상권,1000192,627,313,314,40,65,67,73,105,277,17,32,37,39,57,131,23,33,30,34,48,146,363,0,363,왕산로33길
2019,2,A,골목상권,1000191,1076,566,510,68,185,160,138,188,337,31,98,86,87,107,157,37,87,74,51,81,180,632,0,632,왕산로32길
2019,2,A,골목상권,1000190,1564,820,744,98,183,173,197,286,627,54,97,100,124,168,277,44,86,73,73,118,350,927,0,927,약령시로17길
2019,2,A,골목상권,1000189,2393,1211,1182,384,303,428,402,348,528,208,142,223,213,184,241,176,161,205,189,164,287,1115,114,1001,서울시립대로4길
2019,2,A,골목상권,1000188,4149,2109,2040,425,1124,622,440,551,987,228,601,359,248,254,419,197,523,263,192,297,568,2336,0,2336,서울시립대로29길
2019,2,A,골목상권,1000187,3392,1662,1730,413,561,382,501,667,868,208,284,217,258,316,379,205,277,165,243,351,489,1494,437,1057,서울시립대로16길
2019,2,A,골목상권,1000186,1821,891,930,249,253,282,293,316,428,123,139,137,148,160,184,126,114,145,145,156,244,860,155,705,사가정로2길
2019,2,A,골목상권,1000185,2021,977,1044,318,282,272,324,352,473,156,145,143,155,159,219,162,137,129,169,193,254,780,150,630,사가정로23가길
2019,2,A,골목상권,1000184,2001,978,1023,205,275,252,254,405,610,98,148,136,129,202,265,107,127,116,125,203,345,1006,0,1006,사가정로13길
2019,2,A,골목상권,1000183,1054,620,434,94,326,178,117,135,204,46,219,118,66,76,95,48,107,60,51,59,109,667,0,667,무학로45길
2019,2,A,골목상권,1000182,1368,702,666,158,184,186,205,267,368,76,112,105,112,125,172,82,72,81,93,142,196,635,0,635,무학로16길
2019,2,A,골목상권,1000181,559,285,274,76,87,73,72,90,161,39,41,43,35,43,84,37,46,30,37,47,77,252,107,145,망우로21길
2019,2,A,골목상권,1000180,1556,765,791,163,550,216,187,163,277,78,270,115,100,80,122,85,280,101,87,83,155,955,0,955,망우로18길
2019,2,A,골목상권,1000179,2586,1346,1240,228,890,331,256,317,564,115,504,195,137,140,255,113,386,136,119,177,309,1557,0,1557,망우로18가길
2019,2,A,골목상권,1000178,1142,558,584,156,161,223,168,192,242,76,82,106,89,90,115,80,79,117,79,102,127,530,22,508,답십리로72길
2019,2,A,골목상권,1000177,1795,946,849,309,195,314,292,275,410,172,107,165,157,136,209,137,88,149,135,139,201,711,267,444,답십리로69길
2019,2,A,골목상권,1000176,3318,1714,1604,385,485,730,579,557,582,223,246,400,304,276,265,162,239,330,275,281,317,1652,0,1652,답십리로68길
2019,2,A,골목상권,1000175,2831,1412,1419,352,366,449,451,538,675,178,185,249,236,270,294,174,181,200,215,268,381,1384,35,1349,답십리로64길
2019,2,A,골목상권,1000174,1374,706,668,153,191,188,217,248,377,70,103,115,115,125,178,83,88,73,102,123,199,656,0,656,답십리로63길
2019,2,A,골목상권,1000173,1715,880,835,203,233,225,246,332,476,104,122,127,133,167,227,99,111,98,113,165,249,790,140,650,답십리로60길
2019,2,A,골목상권,1000172,3636,1799,1837,416,455,466,574,670,1055,201,249,253,299,332,465,215,206,213,275,338,590,1729,451,1278,답십리로56길
2019,2,A,골목상권,1000171,2334,1151,1183,300,366,335,344,407,582,172,178,163,182,196,260,128,188,172,162,211,322,1113,89,1024,답십리로23길
2019,2,A,골목상권,1000170,214,127,87,20,29,32,35,31,67,13,15,20,20,18,41,7,14,12,15,13,26,111,0,111,난계로30길
2019,2,A,골목상권,1000169,1245,634,611,119,429,169,155,142,231,55,228,97,79,70,105,64,201,72,76,72,126,779,0,779,경희대로4길
2019,2,A,골목상권,1000168,601,283,318,42,228,108,61,57,105,19,99,56,28,34,47,23,129,52,33,23,58,414,0,414,경희대로3길
2019,2,A,골목상권,1000167,3330,1600,1730,485,503,549,513,558,722,247,246,275,255,254,323,238,257,274,258,304,399,1369,22,1347,천호대로129길
2019,2,A,골목상권,1000166,3065,1474,1591,454,489,536,460,545,581,241,233,262,227,248,263,213,256,274,233,297,318,1315,0,1315,천호대로123길
2019,2,A,골목상권,1000165,3559,1663,1896,408,688,729,502,554,678,207,281,344,242,267,322,201,407,385,260,287,356,1769,214,1555,천호대로109길
2019,2,A,골목상권,1000164,3711,1870,1841,552,549,513,597,693,807,285,305,247,310,350,373,267,244,266,287,343,434,1626,150,1476,자양번영로3길
2019,2,A,골목상권,1000163,2772,1340,1432,397,374,457,386,508,650,208,174,222,187,246,303,189,200,235,199,262,347,1174,0,1174,자양로53길
2019,2,A,골목상권,1000162,4521,2199,2322,666,621,696,697,763,1078,356,330,356,337,344,476,310,291,340,360,419,602,1924,17,1907,자양로50길
2019,2,A,골목상권,1000161,2530,1204,1326,283,406,431,387,465,558,155,190,196,193,215,255,128,216,235,194,250,303,1140,0,1140,자양로45길
2019,2,A,골목상권,1000160,3052,1455,1597,365,626,550,494,495,522,187,277,273,239,239,240,178,349,277,255,256,282,1482,58,1424,자양로26길
2019,2,A,골목상권,1000159,1886,846,1040,209,351,316,269,301,440,106,151,133,118,145,193,103,200,183,151,156,247,968,0,968,자양로15길
2019,2,A,골목상권,1000158,3832,1873,1959,399,619,701,552,671,890,194,309,369,279,321,401,205,310,332,273,350,489,2055,0,2055,자양로11길
2019,2,A,골목상권,1000157,3903,1902,2001,642,619,773,592,583,694,357,305,366,291,271,312,285,314,407,301,312,382,1715,39,1676,용마산로3길
2019,2,A,골목상권,1000156,5416,2681,2735,701,879,989,772,981,1094,349,438,525,376,484,509,352,441,464,396,497,585,2408,38,2370,용마산로21길
2019,2,A,골목상권,1000155,1476,708,768,215,198,331,216,211,305,112,95,151,109,98,143,103,103,180,107,113,162,639,201,438,아차산로78길
2019,2,A,골목상권,1000154,3001,1415,1586,593,445,457,541,433,532,274,220,217,255,207,242,319,225,240,286,226,290,1246,70,1176,아차산로65길
2019,2,A,골목상권,1000153,2877,1344,1533,248,639,636,387,403,564,132,305,310,198,160,239,116,334,326,189,243,325,1517,0,1517,아차산로55길
2019,2,A,골목상권,1000152,1779,832,947,167,472,396,216,257,271,85,199,192,101,131,124,82,273,204,115,126,147,1013,0,1013,아차산로51길
2019,2,A,골목상권,1000151,3042,1494,1548,398,561,533,444,493,613,206,274,263,226,252,273,192,287,270,218,241,340,1406,46,1360,아차산로40길
2019,2,A,골목상권,1000150,4210,2099,2111,429,614,743,598,799,1027,215,321,401,297,390,475,214,293,342,301,409,552,2155,0,2155,면목로17길
2019,2,A,골목상권,1000149,2935,1471,1464,407,507,475,435,503,608,223,251,252,208,241,296,184,256,223,227,262,312,1293,0,1293,뚝섬로64길
2019,2,A,골목상권,1000148,3603,1730,1873,609,532,642,592,538,690,311,254,324,271,256,314,298,278,318,321,282,376,1455,33,1422,뚝섬로58길
2019,2,A,골목상권,1000147,3665,1805,1860,664,526,665,665,567,578,344,270,337,313,273,268,320,256,328,352,294,310,1461,30,1431,뚝섬로54길
2019,2,A,골목상권,1000146,3659,1781,1878,475,580,718,589,582,715,244,281,352,299,279,326,231,299,366,290,303,389,1696,0,1696,뚝섬로48길
2019,2,A,골목상권,1000145,2990,1508,1482,328,419,489,451,564,739,165,216,275,223,288,341,163,203,214,228,276,398,1476,0,1476,뚝섬로24길
2019,2,A,골목상권,1000144,1914,941,973,218,264,295,286,354,497,103,133,154,156,179,216,115,131,141,130,175,281,989,88,901,뚝섬로23길
2019,2,A,골목상권,1000143,2973,1440,1533,233,928,608,354,348,502,124,399,319,196,171,231,109,529,289,158,177,271,1849,169,1680,동일로24길
2019,2,A,골목상권,1000142,1845,958,887,154,326,320,267,335,443,77,165,177,144,191,204,77,161,143,123,144,239,1058,0,1058,동일로18길
2019,2,A,골목상권,1000141,3013,1483,1530,639,399,471,543,502,459,329,199,218,267,246,224,310,200,253,276,256,235,1071,389,682,능동로4길
2019,2,A,골목상권,1000140,3639,1812,1827,348,460,523,516,724,1068,167,242,263,278,367,495,181,218,260,238,357,573,1901,205,1696,능동로3길
2019,2,A,골목상권,1000139,5108,2347,2761,579,941,1245,747,653,943,301,388,563,374,303,418,278,553,682,373,350,525,2702,0,2702,능동로34길
2019,2,A,골목상권,1000138,2317,1125,1192,96,887,399,241,274,420,35,383,208,142,168,189,61,504,191,99,106,231,1847,0,1847,능동로19길
2019,2,A,골목상권,1000137,3647,1728,1919,217,1418,717,352,387,556,112,615,373,186,201,241,105,803,344,166,186,315,2530,0,2530,능동로13길
2019,2,A,골목상권,1000136,2083,1048,1035,246,339,368,305,354,471,133,161,197,161,175,221,113,178,171,144,179,250,986,0,986,긴고랑로9길
2019,2,A,골목상권,1000135,4150,2091,2059,408,684,870,596,695,897,236,327,455,315,334,424,172,357,415,281,361,473,2086,20,2066,긴고랑로8길
2019,2,A,골목상권,1000134,4756,2316,2440,668,701,723,794,837,1033,338,338,365,398,407,470,330,363,358,396,430,563,2222,31,2191,긴고랑로7길
2019,2,A,골목상권,1000133,4137,1973,2164,518,675,736,620,707,881,272,316,359,304,320,402,246,359,377,316,387,479,1997,0,1997,긴고랑로20길
2019,2,A,골목상권,1000132,4356,2072,2284,586,734,831,712,661,832,275,361,408,353,312,363,311,373,423,359,349,469,2061,0,2061,광나루로52길
2019,2,A,골목상권,1000131,3897,1941,1956,425,700,802,612,532,826,205,343,429,317,283,364,220,357,373,295,249,462,1953,0,1953,광나루로40길
2019,2,A,골목상권,1000130,679,329,350,104,100,102,96,118,159,52,48,51,50,62,66,52,52,51,46,56,93,316,0,316,광나루로37길
2019,2,A,골목상권,1000129,2665,1284,1381,340,423,487,420,420,575,155,212,233,221,212,251,185,211,254,199,208,324,1367,0,1367,광나루로36길
2019,2,A,골목상권,1000128,1289,684,605,89,439,213,151,157,240,44,246,120,91,77,106,45,193,93,60,80,134,826,0,826,광나루로24길
2019,2,A,골목상권,1000127,2765,1353,1412,128,1460,607,220,167,183,57,636,338,132,95,95,71,824,269,88,72,88,2316,41,2275,광나루로12길
2019,2,A,골목상권,1000126,2107,976,1131,203,278,352,306,387,581,89,123,172,154,203,235,114,155,180,152,184,346,1019,700,319,한림말길
2019,2,A,골목상권,1000125,922,437,485,117,133,175,149,119,229,58,58,84,77,58,102,59,75,91,72,61,127,488,57,431,한림말3길
2019,2,A,골목상권,1000124,2624,1338,1286,307,419,356,393,498,651,163,227,193,199,263,293,144,192,163,194,235,358,1221,0,1221,청계천로10나길
2019,2,A,골목상권,1000123,1949,943,1006,199,255,293,307,319,576,109,129,148,157,154,246,90,126,145,150,165,330,988,0,988,장터길
2019,2,A,골목상권,1000122,2613,1350,1263,295,419,327,429,477,666,157,222,180,228,243,320,138,197,147,201,234,346,1232,0,1232,용답중앙길
2019,2,A,골목상권,1000121,3063,1536,1527,313,478,453,476,571,772,155,228,239,252,308,354,158,250,214,224,263,418,1613,0,1613,용답29길
2019,2,A,골목상권,1000120,2259,1143,1116,310,344,385,405,315,500,173,174,192,202,159,243,137,170,193,203,156,257,1073,175,898,왕십리로6길
2019,2,A,골목상권,1000119,2870,1363,1507,319,528,488,446,421,668,149,231,249,233,209,292,170,297,239,213,212,376,1480,94,1386,왕십리로31길
2019,2,A,골목상권,1000118,2882,1438,1444,353,591,427,446,498,567,184,273,220,232,273,256,169,318,207,214,225,311,1485,0,1485,왕십리로26길
2019,2,A,골목상권,1000117,2417,1131,1286,306,478,368,398,380,487,150,216,188,194,178,205,156,262,180,204,202,282,1186,0,1186,왕십리로21길
2019,2,A,골목상권,1000116,1831,945,886,216,331,298,273,316,397,123,165,144,138,167,208,93,166,154,135,149,189,899,77,822,왕십리로14길
2019,2,A,골목상권,1000115,1820,953,867,184,384,341,259,315,337,109,187,190,138,170,159,75,197,151,121,145,178,918,0,918,아차산로5길
2019,2,A,골목상권,1000114,429,249,180,7,149,161,52,31,29,3,56,104,43,24,19,4,93,57,9,7,10,397,0,397,아차산로15길
2019,2,A,골목상권,1000113,355,206,149,38,47,62,71,72,65,18,24,33,45,44,42,20,23,29,26,28,23,197,0,197,아차산로11길
2019,2,A,골목상권,1000112,2678,1440,1238,276,473,382,368,553,626,140,256,207,213,311,313,136,217,175,155,242,313,1414,0,1414,송정4가길
2019,2,A,골목상권,1000111,1292,693,599,151,200,187,194,242,318,85,109,100,115,132,152,66,91,87,79,110,166,661,0,661,송정12라길
2019,2,A,골목상권,1000110,624,355,269,69,120,84,110,127,114,32,64,45,63,84,67,37,56,39,47,43,47,370,0,370,성수일로6길
2019,2,A,골목상권,1000109,1289,695,594,107,300,236,172,223,251,56,137,141,98,128,135,51,163,95,74,95,116,778,26,752,성수이로7길
2019,2,A,골목상권,1000108,259,150,109,31,36,25,51,61,55,15,18,18,33,42,24,16,18,7,18,19,31,146,0,146,성수이로18길
2019,2,A,골목상권,1000107,3209,1669,1540,390,540,417,491,702,669,203,299,232,243,397,295,187,241,185,248,305,374,1559,0,1559,성덕정길
2019,2,A,골목상권,1000106,3526,1880,1646,377,481,476,528,762,902,194,255,259,297,445,430,183,226,217,231,317,472,1813,0,1813,성덕정17길
2019,2,A,골목상권,1000105,1793,895,898,233,287,355,286,278,354,113,158,181,152,137,154,120,129,174,134,141,200,880,54,826,서울숲2길
2019,2,A,골목상권,1000104,1128,576,552,131,206,217,195,176,203,64,102,113,105,97,95,67,104,104,90,79,108,611,0,611,상원길
2019,2,A,골목상권,1000103,2392,1211,1181,331,415,440,362,401,443,170,205,234,197,204,201,161,210,206,165,197,242,1131,442,689,상원12길
2019,2,A,골목상권,1000102,2405,1346,1059,169,967,304,213,252,500,82,614,185,119,124,222,87,353,119,94,128,278,1645,0,1645,사근동길
2019,2,A,골목상권,1000101,2274,1137,1137,364,385,330,371,368,456,195,205,170,180,181,206,169,180,160,191,187,250,1002,251,751,무학봉길
2019,2,A,골목상권,1000100,1004,463,541,77,225,158,145,177,222,35,96,77,76,92,87,42,129,81,69,85,135,596,0,596,무학봉28길
2019,2,A,골목상권,1000099,1814,892,922,191,322,313,280,302,406,103,151,154,151,153,180,88,171,159,129,149,226,950,111,839,무학로6길
2019,2,A,골목상권,1000098,2199,1053,1146,265,263,325,383,376,587,127,117,165,202,193,249,138,146,160,181,183,338,1175,0,1175,무수막길
2019,2,A,골목상권,1000097,5859,2768,3091,976,726,1508,953,808,888,501,353,675,475,368,396,475,373,833,478,440,492,2373,0,2373,매봉길
2019,2,A,골목상권,1000096,1219,570,649,76,587,208,78,109,161,37,266,99,36,53,79,39,321,109,42,56,82,897,0,897,마조로1길
2019,2,A,골목상권,1000095,2709,1352,1357,317,409,336,395,462,790,169,195,169,211,241,367,148,214,167,184,221,423,1378,302,1076,마조로16길
2019,2,A,골목상권,1000094,1329,653,676,238,197,199,238,217,240,124,97,105,113,100,114,114,100,94,125,117,126,483,35,448,마장로39길
2019,2,A,골목상권,1000093,1827,916,911,230,300,288,254,302,453,131,152,143,141,146,203,99,148,145,113,156,250,875,0,875,마장로27길
2019,2,A,골목상권,1000092,1831,889,942,266,286,351,301,304,323,119,141,166,145,175,143,147,145,185,156,129,180,914,87,827,뚝섬로5길
2019,2,A,골목상권,1000091,2877,1548,1329,301,445,379,439,644,669,154,243,218,241,371,321,147,202,161,198,273,348,1502,0,1502,둘레9길
2019,2,A,골목상권,1000090,3321,1647,1674,443,464,443,516,593,862,248,237,235,256,296,375,195,227,208,260,297,487,1433,109,1324,금호산길
2019,2,A,골목상권,1000089,2321,1168,1153,291,363,320,326,401,620,162,207,173,165,196,265,129,156,147,161,205,355,1064,0,1064,금호산2길
2019,2,A,골목상권,1000088,4112,1971,2141,235,687,841,381,1008,960,124,481,322,203,384,457,111,206,519,178,624,503,2059,14,2045,고산자로6길
2019,2,A,골목상권,1000087,5621,2687,2934,873,785,927,950,868,1218,461,392,449,470,401,514,412,393,478,480,467,704,2665,12,2653,후암로28길
2019,2,A,골목상권,1000086,3151,1495,1656,442,475,568,489,460,717,223,232,292,230,226,292,219,243,276,259,234,425,1496,48,1448,효창원로39길
2019,2,A,골목상권,1000085,2228,987,1241,189,272,337,351,353,726,96,144,155,165,152,275,93,128,182,186,201,451,1316,0,1316,회나무로13길
2019,2,A,골목상권,1000084,566,257,309,42,94,130,88,73,139,20,32,68,42,36,59,22,62,62,46,37,80,362,0,362,한남대로20길
2019,2,A,골목상권,1000083,109,84,25,3,6,11,24,28,37,2,4,8,17,26,27,1,2,3,7,2,10,101,0,101,한강대로88길
2019,2,A,골목상권,1000082,751,407,344,59,66,105,101,134,286,38,38,58,62,78,133,21,28,47,39,56,153,433,0,433,한강대로7길
2019,2,A,골목상권,1000081,901,457,444,81,123,148,111,167,271,49,64,80,58,87,119,32,59,68,53,80,152,542,0,542,한강대로62길
2019,2,A,골목상권,1000080,666,337,329,33,99,147,99,71,217,18,56,82,50,50,81,15,43,65,49,21,136,464,0,464,한강대로52길
2019,2,A,골목상권,1000079,1590,753,837,115,295,507,227,197,249,63,113,228,116,102,131,52,182,279,111,95,118,1025,0,1025,한강대로43길
2019,2,A,골목상권,1000078,474,253,221,32,55,68,78,84,157,16,35,45,47,43,67,16,20,23,31,41,90,279,0,279,한강대로15길
2019,2,A,골목상권,1000077,2701,1474,1227,277,363,408,431,539,683,155,176,200,263,338,342,122,187,208,168,201,341,1603,0,1603,한강대로104길
2019,2,A,골목상권,1000076,2495,1272,1223,264,418,360,401,453,599,148,235,200,208,226,255,116,183,160,193,227,344,1309,0,1309,청파로73길
2019,2,A,골목상권,1000075,4221,2138,2083,546,753,693,671,687,871,286,407,393,337,329,386,260,346,300,334,358,485,1945,9,1936,청파로71길
2019,2,A,골목상권,1000074,3109,1469,1640,374,729,651,451,391,513,204,266,342,225,196,236,170,463,309,226,195,277,1672,15,1657,청파로47나길
2019,2,A,골목상권,1000073,1678,654,1024,146,580,272,198,170,312,69,153,122,81,89,140,77,427,150,117,81,172,1100,0,1100,청파로47길
2019,2,A,골목상권,1000072,2928,1394,1534,306,451,472,444,494,761,167,231,247,217,214,318,139,220,225,227,280,443,1421,0,1421,장문로45길
2019,2,A,골목상권,1000071,2351,1033,1318,135,256,420,386,389,765,69,93,210,200,180,281,66,163,210,186,209,484,1633,0,1633,이태원로54길
2019,2,A,골목상권,1000070,636,314,322,52,106,125,93,81,179,24,53,75,48,40,74,28,53,50,45,41,105,339,0,339,이태원로27길
2019,2,A,골목상권,1000069,1812,866,946,180,178,224,276,333,621,100,91,125,149,164,237,80,87,99,127,169,384,936,228,708,이촌로22길
2019,2,A,골목상권,1000068,1019,493,526,81,190,187,174,153,234,42,67,101,92,84,107,39,123,86,82,69,127,601,0,601,원효로89길
2019,2,A,골목상권,1000067,2331,1166,1165,238,398,489,325,333,548,122,203,266,179,167,229,116,195,223,146,166,319,1223,0,1223,원효로53길
2019,2,A,골목상권,1000066,1491,724,767,219,183,198,263,219,409,95,102,109,143,101,174,124,81,89,120,118,235,688,0,688,원효로41길
2019,2,A,골목상권,1000065,1866,903,963,256,325,312,287,283,403,130,158,155,143,136,181,126,167,157,144,147,222,834,38,796,원효로19길
2019,2,A,골목상권,1000064,2302,1154,1148,220,412,373,338,380,579,119,241,205,168,176,245,101,171,168,170,204,334,1252,0,1252,우사단로4길
2019,2,A,골목상권,1000063,1235,631,604,111,162,273,210,183,296,58,84,153,115,86,135,53,78,120,95,97,161,717,46,671,우사단로14길
2019,2,A,골목상권,1000062,2666,1423,1243,223,429,492,409,451,662,126,264,290,224,244,275,97,165,202,185,207,387,1537,0,1537,우사단로10길
2019,2,A,골목상권,1000061,2708,1319,1389,379,376,446,419,397,691,202,192,239,212,181,293,177,184,207,207,216,398,1253,0,1253,신흥로20길
2019,2,A,골목상권,1000060,2227,1069,1158,233,328,428,298,346,594,117,173,223,135,159,262,116,155,205,163,187,332,1120,0,1120,소월로20길
2019,2,A,골목상권,1000059,2522,1200,1322,284,318,286,391,460,783,141,154,150,201,235,319,143,164,136,190,225,464,1255,0,1255,서빙고로71길
2019,2,A,골목상권,1000058,4152,1979,2173,619,630,1076,694,530,603,314,237,505,361,252,310,305,393,571,333,278,293,2091,303,1788,백범로90길
2019,2,A,골목상권,1000057,4401,2058,2343,595,778,888,674,639,827,305,329,458,327,299,340,290,449,430,347,340,487,2001,16,1985,백범로79길
2019,2,A,골목상권,1000056,3185,1705,1480,283,439,435,480,565,983,148,243,230,263,334,487,135,196,205,217,231,496,1926,0,1926,두텁바위로1길
2019,2,A,골목상권,1000055,1423,684,739,141,273,264,179,232,334,70,140,135,88,108,143,71,133,129,91,124,191,739,0,739,대사관로34길
2019,2,A,골목상권,1000054,850,432,418,99,151,166,128,102,204,52,96,80,65,52,87,47,55,86,63,50,117,455,0,455,녹사평대로46길
2019,2,A,골목상권,1000053,771,358,413,101,125,144,121,89,191,41,55,76,64,41,81,60,70,68,57,48,110,394,0,394,녹사평대로40나길
2019,2,A,골목상권,1000052,534,272,262,49,81,123,74,61,146,30,45,63,42,27,65,19,36,60,32,34,81,289,0,289,녹사평대로32길
2019,2,A,골목상권,1000051,955,449,506,82,161,199,127,145,241,45,84,107,54,69,90,37,77,92,73,76,151,519,0,519,녹사평대로26길
2019,2,A,골목상권,1000050,418,204,214,44,51,79,72,58,114,23,26,39,33,38,45,21,25,40,39,20,69,213,0,213,녹사평대로11길
2019,2,A,골목상권,1000049,3440,1717,1723,355,546,411,584,661,883,184,269,207,308,362,387,171,277,204,276,299,496,1838,0,1838,퇴계로90길
2019,2,A,골목상권,1000048,1491,762,729,83,142,145,190,245,686,34,60,88,94,133,353,49,82,57,96,112,333,1036,0,1036,퇴계로8길
2019,2,A,골목상권,1000047,1130,580,550,92,182,132,157,199,368,50,104,74,90,101,161,42,78,58,67,98,207,623,0,623,퇴계로56길
2019,2,A,골목상권,1000046,618,322,296,84,136,108,79,63,148,46,64,59,48,34,71,38,72,49,31,29,77,366,0,366,퇴계로46길
2019,2,A,골목상권,1000045,706,350,356,93,94,126,113,87,193,46,55,69,55,42,83,47,39,57,58,45,110,406,0,406,퇴계로18길
2019,2,A,골목상권,1000044,935,457,478,83,111,119,153,149,320,50,58,67,87,73,122,33,53,52,66,76,198,491,113,378,퇴계로12길
2019,2,A,골목상권,1000043,2037,952,1085,221,286,247,328,392,563,103,134,136,162,203,214,118,152,111,166,189,349,1071,0,1071,청구로1길
2019,2,A,골목상권,1000042,1792,890,902,206,311,272,257,311,435,108,146,152,125,157,202,98,165,120,132,154,233,896,0,896,청구로17길
2019,2,A,골목상권,1000041,1480,746,734,143,279,234,227,235,362,73,145,122,125,115,166,70,134,112,102,120,196,796,0,796,장충단로8길
2019,2,A,골목상권,1000040,107,63,44,29,10,28,16,13,11,19,5,16,8,8,7,10,5,12,8,5,4,46,0,46,삼일대로4길
2019,2,A,골목상권,1000039,531,36,495,0,9,48,113,104,257,0,1,4,9,14,8,0,8,44,104,90,249,23,0,23,명동길
2019,2,A,골목상권,1000038,697,329,368,93,132,128,107,85,152,45,62,64,54,45,59,48,70,64,53,40,93,347,0,347,동호로8길
2019,2,A,골목상권,1000037,2114,1003,1111,288,359,345,341,328,453,149,174,179,157,148,196,139,185,166,184,180,257,963,0,963,동호로20길
2019,2,A,골목상권,1000036,1877,906,971,175,274,229,303,320,576,96,132,116,150,177,235,79,142,113,153,143,341,958,0,958,동호로15길
2019,2,A,골목상권,1000035,4601,2259,2342,526,730,741,757,731,1116,291,381,392,371,349,475,235,349,349,386,382,641,2026,102,1924,동호로11길
2019,2,A,골목상권,1000034,2072,986,1086,234,417,445,289,303,384,119,188,208,143,149,179,115,229,237,146,154,205,1122,0,1122,동호로10길
2019,2,A,골목상권,1000033,875,492,383,45,102,87,129,221,291,17,56,48,85,125,161,28,46,39,44,96,130,591,0,591,다산로39길
2019,2,A,골목상권,1000032,1436,685,751,205,232,221,228,232,318,96,112,100,120,119,138,109,120,121,108,113,180,650,230,420,다산로38길
2019,2,A,골목상권,1000031,2022,993,1029,222,283,243,344,401,529,115,141,129,185,202,221,107,142,114,159,199,308,961,153,808,다산로36길
2019,2,A,골목상권,1000030,3551,1783,1768,343,606,483,566,662,891,177,311,282,300,331,382,166,295,201,266,331,509,1835,0,1835,다산로33길
2019,2,A,골목상권,1000029,1076,531,545,77,251,308,132,133,175,42,118,150,72,74,75,35,133,158,60,59,100,633,0,633,난계로21길
2019,2,A,골목상권,1000028,3351,1566,1785,285,736,710,493,508,619,135,279,339,253,263,297,150,457,371,240,245,322,1949,50,1899,난계로11길
2019,2,A,골목상권,1000027,722,323,399,137,84,89,160,93,159,62,44,41,66,47,63,75,40,48,94,46,96,326,0,326,필운대로1길
2019,2,A,골목상권,1000026,1787,882,905,307,366,173,224,264,453,182,190,85,101,120,204,125,176,88,123,144,249,865,0,865,평창길
2019,2,A,골목상권,1000025,925,433,492,127,102,97,200,128,271,68,42,49,99,62,113,59,60,48,101,66,158,449,0,449,통일로12길
2019,2,A,골목상권,1000024,2347,1180,1167,281,364,251,379,512,560,133,190,139,192,267,259,148,174,112,187,245,301,1040,63,977,창신길
2019,2,A,골목상권,1000023,1293,695,598,93,153,122,183,309,433,48,96,73,91,177,210,45,57,49,92,132,223,782,0,782,창신5길
2019,2,A,골목상권,1000022,802,414,388,69,105,83,114,188,243,32,58,49,68,93,114,37,47,34,46,95,129,407,0,407,창신2길
2019,2,A,골목상권,1000021,924,413,511,65,196,114,151,128,270,29,95,55,72,56,106,36,101,59,79,72,164,650,0,650,창경궁로35길
2019,2,A,골목상권,1000020,2307,1163,1144,231,307,283,368,452,666,122,161,162,202,224,292,109,146,121,166,228,374,1170,0,1170,지봉로8길
2019,2,A,골목상권,1000019,3627,1873,1754,313,502,456,538,806,1012,165,242,260,279,434,493,148,260,196,259,372,519,2025,62,1963,종로65길
2019,2,A,골목상권,1000018,461,246,215,19,130,122,56,58,76,5,58,71,35,34,43,14,72,51,21,24,33,370,0,370,종로58가길
2019,2,A,골목상권,1000017,45,32,13,2,1,4,7,10,21,0,1,3,7,7,14,2,0,1,0,3,7,37,0,37,종로24길
2019,2,A,골목상권,1000016,699,319,380,115,80,103,114,85,202,61,39,46,53,36,84,54,41,57,61,49,118,347,0,347,자하문로7길
2019,2,A,골목상권,1000015,1644,801,843,197,356,299,217,233,342,98,167,150,102,120,164,99,189,149,115,113,178,879,0,879,이화장길
2019,2,A,골목상권,1000014,469,251,218,44,74,80,69,88,114,29,39,48,39,43,53,15,35,32,30,45,61,253,0,253,율곡로16길
2019,2,A,골목상권,1000013,249,147,102,8,23,30,36,51,101,5,13,19,27,32,51,3,10,11,9,19,50,166,0,166,율곡로10길
2019,2,A,골목상권,1000012,2586,1163,1423,468,281,429,517,380,511,223,128,198,231,167,216,245,153,231,286,213,295,1087,111,976,옥인길
2019,2,A,골목상권,1000011,1770,886,884,169,285,262,273,334,447,90,150,133,138,170,205,79,135,129,135,164,242,916,0,916,숭인동길
2019,2,A,골목상권,1000010,947,458,489,84,329,145,110,109,170,42,165,77,57,46,71,42,164,68,53,63,99,600,0,600,성균관로5길
2019,2,A,골목상권,1000009,759,340,419,69,73,116,91,124,286,32,33,53,48,52,122,37,40,63,43,72,164,408,0,408,삼청로5길
2019,2,A,골목상권,1000008,682,324,358,104,84,110,115,104,165,61,39,55,60,42,67,43,45,55,55,62,98,326,0,326,북촌로5나길
2019,2,A,골목상권,1000007,451,209,242,60,60,59,55,69,148,37,23,26,29,33,61,23,37,33,26,36,87,214,0,214,북촌로5길
2019,2,A,골목상권,1000006,663,301,362,59,64,75,101,132,232,30,35,35,52,62,87,29,29,40,49,70,145,368,0,368,북촌로11길
2019,2,A,골목상권,1000005,1694,826,868,239,238,249,292,301,375,128,141,111,136,135,175,111,97,138,156,166,200,725,0,725,백석동길
2019,2,A,골목상권,1000004,1453,711,742,149,482,186,149,161,326,67,241,114,81,67,141,82,241,72,68,94,185,884,0,884,명륜길
2019,2,A,골목상권,1000003,1214,682,532,110,178,204,222,190,310,56,102,131,123,116,154,54,76,73,99,74,156,805,0,805,돈화문로11가길
2019,2,A,골목상권,1000002,841,383,458,19,369,234,82,54,83,11,111,110,50,43,58,8,258,124,32,11,25,775,8,767,난계로27길
2019,2,A,골목상권,1000001,1806,851,955,257,203,238,341,276,491,126,98,114,157,135,221,131,105,124,184,141,270,785,0,785,계동길
2019,1,U,관광특구,1001496,26,17,9,7,2,2,5,5,5,5,1,1,2,4,4,2,1,1,3,1,1,15,0,15,강남 마이스 관광특구
2019,1,U,관광특구,1001495,7083,3291,3792,734,1228,1752,992,963,1414,376,500,771,488,467,689,358,728,981,504,496,725,3958,52,3906,잠실 관광특구
2019,1,U,관광특구,1001494,1930,1293,637,51,209,197,221,456,796,26,146,144,155,323,499,25,63,53,66,133,297,1500,180,1320,종로?청계 관광특구
2019,1,U,관광특구,1001493,2012,1008,1004,177,345,404,283,363,440,84,147,216,145,179,237,93,198,188,138,184,203,1134,28,1106,동대문패션타운 관광특구
2019,1,U,관광특구,1001492,1118,404,714,15,60,121,202,242,478,4,26,61,66,100,147,11,34,60,136,142,331,497,0,497,명동 남대문 북창동 다동 무교동 관광특구
2019,1,U,관광특구,1001491,5396,2573,2823,395,750,1017,824,856,1554,202,372,535,429,408,627,193,378,482,395,448,927,3366,0,3366,이태원 관광특구
2019,1,R,전통시장,1001490,3178,1582,1596,463,387,486,488,510,844,266,198,250,258,225,385,197,189,236,230,285,459,1312,171,1141,길동복조리시장
2019,1,R,전통시장,1001489,613,311,302,98,88,73,102,118,134,50,51,33,49,68,60,48,37,40,53,50,74,261,97,164,둔촌역전통시장
2019,1,R,전통시장,1001488,954,498,456,96,131,163,145,168,251,39,65,96,78,88,132,57,66,67,67,80,119,490,33,457,성내골목시장
2019,1,R,전통시장,1001487,139,71,68,3,9,16,25,35,51,1,5,4,15,21,25,2,4,12,10,14,26,117,0,117,천호시장
2019,1,R,전통시장,1001486,180,89,91,11,12,18,33,40,66,4,5,13,19,24,24,7,7,5,14,16,42,110,0,110,동서울시장
2019,1,R,전통시장,1001485,351,183,168,33,63,38,38,85,94,13,39,24,25,41,41,20,24,14,13,44,53,179,0,179,고분다리골목시장
2019,1,R,전통시장,1001484,843,427,416,144,119,173,144,120,143,69,71,93,75,51,68,75,48,80,69,69,75,347,0,347,양지골목시장
2019,1,R,전통시장,1001483,887,460,427,72,163,167,151,139,195,42,76,93,88,66,95,30,87,74,63,73,100,496,0,496,암사종합시장
2019,1,R,전통시장,1001482,316,162,154,34,36,37,48,72,89,26,21,18,26,37,34,8,15,19,22,35,55,158,0,158,고덕전통시장
2019,1,R,전통시장,1001481,2011,1000,1011,419,246,273,367,312,394,207,135,126,194,146,192,212,111,147,173,166,202,700,521,179,명일골목시장
2019,1,R,전통시장,1001480,2387,1162,1225,211,392,534,325,350,575,116,193,255,168,170,260,95,199,279,157,180,315,1300,0,1300,새마을시장
2019,1,R,전통시장,1001479,839,421,418,101,136,132,137,158,175,46,69,64,74,86,82,55,67,68,63,72,93,421,0,421,석촌시장
2019,1,R,전통시장,1001478,5244,2503,2741,652,886,1102,747,826,1031,348,422,543,366,363,461,304,464,559,381,463,570,2547,112,2435,방이시장
2019,1,R,전통시장,1001477,958,502,456,109,109,103,138,189,310,42,66,61,79,106,148,67,43,42,59,83,162,463,0,463,마천시장
2019,1,R,전통시장,1001476,2267,1126,1141,226,281,314,354,413,679,117,149,176,182,205,297,109,132,138,172,208,382,1132,0,1132,풍납시장
2019,1,R,전통시장,1001475,8,4,4,2,3,0,1,0,2,1,2,0,0,0,1,1,1,0,1,0,1,8,0,8,강남개포시장
2019,1,R,전통시장,1001474,235,109,126,61,22,40,54,35,23,37,6,16,24,16,10,24,16,24,30,19,13,87,74,13,도곡시장
2019,1,R,전통시장,1001473,167,82,85,28,20,24,16,27,52,17,8,11,9,11,26,11,12,13,7,16,26,55,55,0,청담삼익시장
2019,1,R,전통시장,1001472,85,38,47,11,3,15,18,7,31,4,1,6,8,5,14,7,2,9,10,2,17,43,0,43,논현종합시장
2019,1,R,전통시장,1001471,1171,547,624,93,223,302,191,150,212,42,102,140,93,75,95,51,121,162,98,75,117,722,0,722,영동전통시장
2019,1,R,전통시장,1001470,287,131,156,39,35,52,45,34,82,21,14,25,21,16,34,18,21,27,24,18,48,108,108,0,강남시장_강남
2019,1,R,전통시장,1001469,94,54,40,6,16,20,16,14,22,5,11,10,9,9,10,1,5,10,7,5,12,62,0,62,양재시장
2019,1,R,전통시장,1001468,177,86,91,35,26,14,36,27,39,19,12,6,16,13,20,16,14,8,20,14,19,73,0,73,남부종합시장
2019,1,R,전통시장,1001467,75,32,43,13,4,17,9,9,23,5,3,5,3,6,10,8,1,12,6,3,13,30,0,30,우림시장
2019,1,R,전통시장,1001466,649,305,344,56,96,76,93,102,226,28,42,38,46,56,95,28,54,38,47,46,131,308,44,264,미성동도깨비시장
2019,1,R,전통시장,1001465,49,22,27,4,6,3,6,6,24,2,2,0,4,5,9,2,4,3,2,1,15,35,0,35,신신림시장
2019,1,R,전통시장,1001464,174,105,69,8,17,16,21,36,76,5,13,9,14,20,44,3,4,7,7,16,32,121,0,121,삼성동시장
2019,1,R,전통시장,1001463,53,31,22,4,17,14,4,3,11,2,5,11,4,1,8,2,12,3,0,2,3,42,0,42,신림중앙시장
2019,1,R,전통시장,1001462,587,304,283,38,137,133,64,94,121,13,73,77,33,48,60,25,64,56,31,46,61,374,0,374,강남골목시장
2019,1,R,전통시장,1001461,3,2,1,0,0,0,2,0,1,0,0,0,1,0,1,0,0,0,1,0,0,1,0,1,신림종합시장
2019,1,R,전통시장,1001460,2249,1123,1126,222,454,392,345,344,492,120,208,211,181,181,222,102,246,181,164,163,270,1322,0,1322,관악신사시장
2019,1,R,전통시장,1001459,418,243,175,36,78,53,54,76,121,19,41,32,34,47,70,17,37,21,20,29,51,273,0,273,신원시장
2019,1,R,전통시장,1001458,1476,720,756,107,298,304,207,222,338,62,122,162,102,122,150,45,176,142,105,100,188,965,0,965,인헌시장
2019,1,R,전통시장,1001457,449,214,235,21,197,112,46,39,34,5,87,59,25,20,18,16,110,53,21,19,16,336,0,336,봉천중앙시장
2019,1,R,전통시장,1001456,13,5,8,1,3,0,2,4,3,1,1,0,1,2,0,0,2,0,1,2,3,7,0,7,봉천현대시장
2019,1,R,전통시장,1001455,100,50,50,1,44,22,4,8,21,0,21,13,2,4,10,1,23,9,2,4,11,75,0,75,봉일시장
2019,1,R,전통시장,1001454,427,192,235,12,166,67,37,62,83,6,55,37,19,41,34,6,111,30,18,21,49,339,0,339,봉천제일종합시장
2019,1,R,전통시장,1001453,613,289,324,37,252,140,58,51,75,21,98,78,32,22,38,16,154,62,26,29,37,441,0,441,낙성대시장
2019,1,R,전통시장,1001452,649,301,348,49,188,136,70,63,143,24,64,77,38,36,62,25,124,59,32,27,81,422,0,422,중부시장
2019,1,R,전통시장,1001451,7,4,3,0,3,0,0,3,1,0,2,0,0,1,1,0,1,0,0,2,0,2,0,2,사당시장
2019,1,R,전통시장,1001450,563,240,323,46,114,81,74,78,170,24,44,36,31,39,66,22,70,45,43,39,104,313,0,313,남성역골목시장
2019,1,R,전통시장,1001449,572,275,297,35,96,97,77,85,182,16,43,48,45,45,78,19,53,49,32,40,104,354,0,354,남성사계시장
2019,1,R,전통시장,1001448,1055,492,563,155,159,127,168,170,276,80,82,60,82,85,103,75,77,67,86,85,173,481,0,481,흑석시장
2019,1,R,전통시장,1001447,1920,939,981,153,280,299,263,308,617,80,143,171,139,141,265,73,137,128,124,167,352,1084,0,1084,상도4동도깨비골목시장
2019,1,R,전통시장,1001446,178,84,94,11,62,30,20,34,21,6,19,19,8,19,13,5,43,11,12,15,8,111,0,111,성대시장
2019,1,R,전통시장,1001445,56,26,30,1,8,6,9,13,19,0,5,3,6,5,7,1,3,3,3,8,12,40,0,40,영도시장
2019,1,R,전통시장,1001444,1623,780,843,130,333,240,214,237,469,75,169,127,99,121,189,55,164,113,115,116,280,945,0,945,상도전통시장
2019,1,R,전통시장,1001443,120,46,74,7,25,22,17,9,40,4,7,9,7,2,17,3,18,13,10,7,23,70,70,0,강남시장_동작
2019,1,R,전통시장,1001442,16,8,8,0,4,1,3,5,3,0,1,1,1,3,2,0,3,0,2,2,1,10,0,10,신노량진시장
2019,1,R,전통시장,1001441,442,241,201,33,85,65,70,77,112,18,55,38,45,40,45,15,30,27,25,37,67,268,0,268,본동인정시장
2019,1,R,전통시장,1001440,165,100,65,7,64,40,11,15,28,2,37,32,8,11,10,5,27,8,3,4,18,130,0,130,노량진중앙시장
2019,1,R,전통시장,1001439,402,197,205,30,48,48,59,79,138,17,27,30,28,35,60,13,21,18,31,44,78,216,0,216,대림중앙시장
2019,1,R,전통시장,1001438,333,164,169,29,36,43,37,63,125,16,20,22,19,33,54,13,16,21,18,30,71,164,0,164,우리시장
2019,1,R,전통시장,1001437,123,60,63,17,19,12,17,20,38,8,7,6,6,10,23,9,12,6,11,10,15,51,51,0,영진시장A동
2019,1,R,전통시장,1001436,91,40,51,12,10,2,21,15,31,8,4,0,10,5,13,4,6,2,11,10,18,45,0,45,사러가시장
2019,1,R,전통시장,1001435,107,51,56,8,11,10,18,14,46,4,7,4,8,6,22,4,4,6,10,8,24,41,0,41,대신시장
2019,1,R,전통시장,1001433,721,373,348,74,119,144,108,91,185,41,58,85,60,55,74,33,61,59,48,36,111,396,122,274,영일시장
2019,1,R,전통시장,1001432,67,32,35,5,31,7,4,7,13,2,15,6,2,3,4,3,16,1,2,4,9,47,0,47,도림시장
2019,1,R,전통시장,1001431,287,155,132,23,44,40,44,46,90,14,19,26,27,27,42,9,25,14,17,19,48,157,0,157,영등포청과시장
2019,1,R,전통시장,1001430,2332,1456,876,81,323,436,361,431,700,51,144,271,255,321,414,30,179,165,106,110,286,1803,500,1303,영등포전통시장
2019,1,R,전통시장,1001429,403,199,204,44,42,61,71,61,124,23,22,38,38,33,45,21,20,23,33,28,79,186,0,186,은행나무시장
2019,1,R,전통시장,1001428,287,150,137,20,29,27,60,48,103,15,14,14,27,28,52,5,15,13,33,20,51,175,0,175,박미시장
2019,1,R,전통시장,1001427,2195,1058,1137,203,312,278,289,455,658,103,153,151,135,225,291,100,159,127,154,230,367,1189,0,1189,현대시장
2019,1,R,전통시장,1001426,10,5,5,0,2,1,0,2,5,0,1,0,0,2,2,0,1,1,0,0,3,7,0,7,대명시장
2019,1,R,전통시장,1001425,43,24,19,6,1,14,6,4,12,4,0,9,3,2,6,2,1,5,3,2,6,18,0,18,푸른터시장
2019,1,R,전통시장,1001424,1682,834,848,179,228,183,247,416,429,87,111,98,116,229,193,92,117,85,131,187,236,831,0,831,남문시장
2019,1,R,전통시장,1001423,86,47,39,0,31,18,15,11,11,0,5,14,12,9,7,0,26,4,3,2,4,77,0,77,독산동 우시장
2019,1,R,전통시장,1001422,159,85,74,10,14,19,17,34,65,5,9,11,13,20,27,5,5,8,4,14,38,95,0,95,오류시장
2019,1,R,전통시장,1001421,370,170,200,48,61,52,62,66,81,21,27,34,25,30,33,27,34,18,37,36,48,158,0,158,개봉중앙시장
2019,1,R,전통시장,1001420,611,303,308,73,67,74,92,108,197,38,27,45,47,58,88,35,40,29,45,50,109,272,61,211,고척근린시장
2019,1,R,전통시장,1001419,256,133,123,25,29,22,34,58,88,11,13,15,17,36,41,14,16,7,17,22,47,154,0,154,가리봉시장
2019,1,R,전통시장,1001418,657,364,293,66,46,66,108,147,224,25,24,37,69,95,114,41,22,29,39,52,110,389,0,389,남구로시장
2019,1,R,전통시장,1001417,123,64,59,12,11,13,16,32,39,3,6,7,10,20,18,9,5,6,6,12,21,76,0,76,구로시장
2019,1,R,전통시장,1001416,172,80,92,2,85,41,20,10,14,2,23,22,14,8,11,0,62,19,6,2,3,157,0,157,공항시장
2019,1,R,전통시장,1001415,588,291,297,72,81,76,94,106,159,33,41,37,53,57,70,39,40,39,41,49,89,262,92,170,방신전통시장
2019,1,R,전통시장,1001414,522,257,265,90,73,78,84,93,104,46,33,37,33,57,51,44,40,41,51,36,53,230,0,230,송화골목시장
2019,1,R,전통시장,1001413,1150,530,620,141,166,231,163,161,288,70,70,119,82,73,116,71,96,112,81,88,172,571,28,543,까치산시장
2019,1,R,전통시장,1001412,353,158,195,43,44,76,55,40,95,20,16,37,25,15,45,23,28,39,30,25,50,173,0,173,화곡본동시장
2019,1,R,전통시장,1001411,1877,904,973,197,243,286,271,345,535,103,131,141,138,168,223,94,112,145,133,177,312,866,0,866,남부골목시장
2019,1,R,전통시장,1001409,1056,514,542,183,133,189,158,176,217,80,60,108,84,78,104,103,73,81,74,98,113,453,0,453,화곡중앙골목시장
2019,1,R,전통시장,1001408,70,40,30,12,13,14,10,6,15,5,10,8,6,4,7,7,3,6,4,2,8,39,0,39,신월중앙시장
2019,1,R,전통시장,1001407,4,3,1,0,1,0,0,2,1,0,1,0,0,2,0,0,0,0,0,0,1,4,0,4,등마루시장
2019,1,R,전통시장,1001406,263,161,102,27,23,28,42,65,78,13,12,16,33,49,38,14,11,12,9,16,40,168,0,168,신정3동골목시장
2019,1,R,전통시장,1001405,473,235,238,62,55,70,90,65,131,32,24,41,44,35,59,30,31,29,46,30,72,222,0,222,신정2동골목시장
2019,1,R,전통시장,1001404,169,71,98,20,17,16,23,34,59,6,4,9,11,16,25,14,13,7,12,18,34,87,0,87,신정제일시장
2019,1,R,전통시장,1001403,127,61,66,13,24,15,18,23,34,5,12,8,12,10,14,8,12,7,6,13,20,46,0,46,신월7동골목시장
2019,1,R,전통시장,1001402,168,93,75,16,21,16,24,36,55,10,16,10,13,20,24,6,5,6,11,16,31,82,0,82,신월6동골목시장
2019,1,R,전통시장,1001401,62,30,32,16,4,16,15,4,7,9,2,5,8,3,3,7,2,11,7,1,4,23,22,1,신곡종합시장
2019,1,R,전통시장,1001400,342,187,155,31,43,26,53,77,112,17,21,14,32,47,56,14,22,12,21,30,56,187,0,187,신월3동골목시장
2019,1,R,전통시장,1001399,365,171,194,68,36,49,57,52,103,33,18,23,29,25,43,35,18,26,28,27,60,133,0,133,경창시장
2019,1,R,전통시장,1001398,1666,840,826,215,194,218,247,330,462,116,97,118,117,175,217,99,97,100,130,155,245,766,45,721,월정로시장
2019,1,R,전통시장,1001397,1199,589,610,170,155,138,210,225,301,79,83,62,121,109,135,91,72,76,89,116,166,563,0,563,신영시장
2019,1,R,전통시장,1001396,1159,583,576,162,210,124,180,235,248,95,129,54,79,112,114,67,81,70,101,123,134,452,46,406,목4동시장
2019,1,R,전통시장,1001395,1169,585,584,142,188,243,186,171,239,68,82,142,106,81,106,74,106,101,80,90,133,585,105,480,목3동시장
2019,1,R,전통시장,1001394,1213,615,598,101,181,250,154,193,334,48,86,139,80,98,164,53,95,111,74,95,170,728,73,655,목2동시장
2019,1,R,전통시장,1001392,36,20,16,4,6,7,5,4,10,3,3,2,4,2,6,1,3,5,1,2,4,18,0,18,동진시장
2019,1,R,전통시장,1001391,807,365,442,129,114,143,137,105,179,63,45,63,67,46,81,66,69,80,70,59,98,357,0,357,망원월드컵시장
2019,1,R,전통시장,1001390,1975,936,1039,225,264,380,327,291,488,123,131,182,158,138,204,102,133,198,169,153,284,1039,0,1039,망원시장
2019,1,R,전통시장,1001389,87,35,52,7,15,27,10,11,17,4,7,11,4,5,4,3,8,16,6,6,13,40,40,0,합정시장
2019,1,R,전통시장,1001388,250,108,142,36,33,60,31,34,56,17,14,25,16,13,23,19,19,35,15,21,33,125,125,0,영진시장
2019,1,R,전통시장,1001387,25,18,7,1,4,10,1,2,7,1,3,7,1,2,4,0,1,3,0,0,3,23,0,23,서교시장
2019,1,R,전통시장,1001386,68,29,39,7,7,16,9,8,21,3,5,7,4,3,7,4,2,9,5,5,14,35,0,35,신수시장
2019,1,R,전통시장,1001385,406,191,215,50,58,40,72,53,133,30,25,21,35,25,55,20,33,19,37,28,78,213,0,213,아현시장
2019,1,R,전통시장,1001384,9,3,6,3,0,0,0,1,5,1,0,0,0,1,1,2,0,0,0,0,4,6,0,6,마포시장
2019,1,R,전통시장,1001383,12,7,5,0,3,1,1,5,2,0,2,0,1,3,1,0,1,1,0,2,1,5,0,5,공덕시장
2019,1,R,전통시장,1001382,155,70,85,14,16,27,22,25,51,9,9,7,13,12,20,5,7,20,9,13,31,68,68,0,백련시장
2019,1,R,전통시장,1001381,384,195,189,20,39,32,42,75,176,9,19,19,26,46,76,11,20,13,16,29,100,233,0,233,모래내시장
2019,1,R,전통시장,1001380,510,255,255,61,65,63,79,91,151,30,39,34,40,51,61,31,26,29,39,40,90,250,0,250,포방터시장
2019,1,R,전통시장,1001379,308,153,155,27,39,33,45,65,99,16,14,22,24,36,41,11,25,11,21,29,58,160,45,115,인왕시장
2019,1,R,전통시장,1001378,128,69,59,5,26,14,17,26,40,4,17,9,8,12,19,1,9,5,9,14,21,74,0,74,아현가구거리상점가
2019,1,R,전통시장,1001377,360,186,174,27,48,36,64,73,112,13,26,22,41,37,47,14,22,14,23,36,65,229,0,229,영천시장
2019,1,R,전통시장,1001376,114,53,61,4,10,11,10,22,57,1,5,8,5,10,24,3,5,3,5,12,33,70,0,70,수일시장
2019,1,R,전통시장,1001375,164,72,92,28,19,22,22,35,38,14,6,11,12,14,15,14,13,11,10,21,23,70,0,70,증산종합시장
2019,1,R,전통시장,1001374,606,300,306,67,64,80,80,115,200,34,40,38,44,66,78,33,24,42,36,49,122,299,0,299,대림골목시장
2019,1,R,전통시장,1001373,210,108,102,40,26,31,37,29,47,20,13,17,20,17,21,20,13,14,17,12,26,85,0,85,신응암시장
2019,1,R,전통시장,1001372,15,10,5,3,2,0,3,2,5,3,1,0,1,2,3,0,1,0,2,0,2,7,0,7,녹번시장
2019,1,R,전통시장,1001371,482,239,243,62,69,78,86,70,117,30,38,41,46,37,47,32,31,37,40,33,70,240,0,240,대조시장
2019,1,R,전통시장,1001370,11,8,3,0,0,0,2,5,4,0,0,0,0,5,3,0,0,0,2,0,1,11,0,11,역촌중앙시장
2019,1,R,전통시장,1001369,177,87,90,10,65,51,16,12,23,4,28,26,13,5,11,6,37,25,3,7,12,133,0,133,갈현시장
2019,1,R,전통시장,1001368,256,125,131,21,27,34,33,43,98,12,13,21,19,19,41,9,14,13,14,24,57,130,0,130,연서시장
2019,1,R,전통시장,1001367,1972,961,1011,246,336,182,330,361,517,118,169,101,170,176,227,128,167,81,160,185,290,880,129,751,상계중앙시장
2019,1,R,전통시장,1001365,1582,788,794,166,343,302,184,240,347,71,162,164,98,121,172,95,181,138,86,119,175,802,0,802,공릉동도깨비시장
2019,1,R,전통시장,1001364,1000,502,498,104,156,103,154,193,290,56,95,53,77,94,127,48,61,50,77,99,163,473,0,473,방학동도깨비시장
2019,1,R,전통시장,1001363,763,366,397,68,142,109,109,100,235,33,64,61,52,43,113,35,78,48,57,57,122,399,0,399,쌍문역골목시장
2019,1,R,전통시장,1001362,374,176,198,48,60,47,63,54,102,23,28,22,32,26,45,25,32,25,31,28,57,183,0,183,백운시장
2019,1,R,전통시장,1001361,174,89,85,9,35,18,24,39,49,1,20,13,8,23,24,8,15,5,16,16,25,82,0,82,신도봉시장
2019,1,R,전통시장,1001360,1245,605,640,136,162,155,187,230,375,68,82,82,92,121,160,68,80,73,95,109,215,617,0,617,창동골목시장
2019,1,R,전통시장,1001359,2295,1126,1169,303,338,350,364,424,516,143,173,177,194,197,242,160,165,173,170,227,274,956,0,956,창동신창시장
2019,1,R,전통시장,1001358,63,33,30,4,7,5,11,6,30,3,4,2,8,2,14,1,3,3,3,4,16,29,0,29,수유북부시장
2019,1,R,전통시장,1001357,1479,719,760,215,210,232,208,243,371,117,107,131,92,126,146,98,103,101,116,117,225,638,0,638,장미원골목시장
2019,1,R,전통시장,1001356,49,29,20,6,11,4,8,12,8,5,7,2,6,7,2,1,4,2,2,5,6,19,0,19,수유중앙시장
2019,1,R,전통시장,1001355,734,381,353,57,121,106,99,154,197,30,51,59,61,86,94,27,70,47,38,68,103,427,0,427,강북종합시장
2019,1,R,전통시장,1001354,1669,821,848,232,225,199,275,299,439,114,123,117,135,147,185,118,102,82,140,152,254,725,0,725,우이시장
2019,1,R,전통시장,1001353,628,306,322,59,103,85,93,110,178,28,50,43,48,55,82,31,53,42,45,55,96,317,87,230,수유전통시장
2019,1,R,전통시장,1001352,1164,575,589,155,181,190,208,169,261,78,91,96,110,83,117,77,90,94,98,86,144,539,101,438,번동북부골목시장
2019,1,R,전통시장,1001351,138,68,70,10,20,16,19,25,48,4,10,10,10,12,22,6,10,6,9,13,26,73,0,73,솔샘시장
2019,1,R,전통시장,1001350,232,124,108,19,22,34,44,52,61,8,10,16,28,33,29,11,12,18,16,19,32,142,0,142,숭인시장
2019,1,R,전통시장,1001349,1530,760,770,131,278,191,242,272,416,72,133,107,126,127,195,59,145,84,116,145,221,861,0,861,방천골목시장
2019,1,R,전통시장,1001348,30,15,15,5,2,3,3,3,14,2,2,1,2,1,7,3,0,2,1,2,7,15,0,15,동북시장
2019,1,R,전통시장,1001347,1847,959,888,194,250,224,291,345,543,95,145,130,158,188,243,99,105,94,133,157,300,903,0,903,석관황금시장
2019,1,R,전통시장,1001346,158,88,70,17,23,17,29,28,44,10,13,10,21,15,19,7,10,7,8,13,25,85,0,85,석관시장
2019,1,R,전통시장,1001345,80,42,38,5,10,9,9,18,29,4,4,5,7,10,12,1,6,4,2,8,17,47,0,47,새석관시장
2019,1,R,전통시장,1001344,30,16,14,7,3,2,5,6,7,5,1,1,2,3,4,2,2,1,3,3,3,12,0,12,번동시장
2019,1,R,전통시장,1001343,1115,542,573,139,123,125,163,214,351,69,66,65,93,98,151,70,57,60,70,116,200,493,0,493,장위전통시장
2019,1,R,전통시장,1001342,236,114,122,34,20,37,31,42,72,20,8,21,16,20,29,14,12,16,15,22,43,112,0,112,밤나무골시장
2019,1,R,전통시장,1001341,17,13,4,0,2,2,4,4,5,0,2,1,4,2,4,0,0,1,0,2,1,17,0,17,길음시장
2019,1,R,전통시장,1001340,1419,730,689,167,261,202,189,215,385,90,148,115,103,99,175,77,113,87,86,116,210,665,0,665,정릉시장
2019,1,R,전통시장,1001339,1058,517,541,185,133,158,208,153,221,98,62,91,104,73,89,87,71,67,104,80,132,432,136,296,정릉아리랑시장
2019,1,R,전통시장,1001338,218,96,122,22,30,37,19,27,83,9,12,22,12,10,31,13,18,15,7,17,52,120,0,120,돈암제일시장
2019,1,R,전통시장,1001337,116,60,56,18,13,11,26,21,27,9,9,6,12,11,13,9,4,5,14,10,14,52,0,52,유영시장
2019,1,R,전통시장,1001336,2088,1079,1009,222,258,284,288,426,610,112,133,165,161,223,285,110,125,119,127,203,325,1054,40,1014,우림골목시장
2019,1,R,전통시장,1001335,1448,727,721,254,165,266,240,192,331,126,89,134,137,86,155,128,76,132,103,106,176,587,0,587,묵1동도깨비시장
2019,1,R,전통시장,1001334,967,496,471,114,131,132,121,207,262,57,70,73,59,107,130,57,61,59,62,100,132,444,0,444,태능시장
2019,1,R,전통시장,1001333,1890,949,941,226,294,254,315,350,451,123,145,140,157,173,211,103,149,114,158,177,240,913,0,913,중화제일시장
2019,1,R,전통시장,1001332,1864,929,935,156,307,279,262,331,529,77,166,162,129,156,239,79,141,117,133,175,290,960,0,960,사가정시장
2019,1,R,전통시장,1001331,1289,672,617,174,179,171,220,226,319,97,98,89,122,117,149,77,81,82,98,109,170,626,0,626,면목골목시장
2019,1,R,전통시장,1001330,2118,1046,1072,233,308,295,294,393,595,114,158,164,158,193,259,119,150,131,136,200,336,1048,0,1048,동원시장
2019,1,R,전통시장,1001329,1529,789,740,143,268,322,217,252,327,72,126,183,113,140,155,71,142,139,104,112,172,876,0,876,동부골목시장
2019,1,R,전통시장,1001328,73,33,40,13,10,4,12,18,16,4,5,2,5,10,7,9,5,2,7,8,9,30,0,30,이문제일시장
2019,1,R,전통시장,1001327,235,122,113,15,29,22,32,46,91,10,15,9,18,28,42,5,14,13,14,18,49,113,0,113,이경시장
2019,1,R,전통시장,1001326,1222,527,695,81,519,204,104,104,210,25,225,97,44,47,89,56,294,107,60,57,121,949,0,949,회기시장
2019,1,R,전통시장,1001325,58,41,17,2,5,5,9,15,22,1,1,5,7,12,15,1,4,0,2,3,7,46,0,46,청량리청과물시장
2019,1,R,전통시장,1001324,237,114,123,36,19,24,51,34,73,17,9,16,24,12,36,19,10,8,27,22,37,114,0,114,전곡시장
2019,1,R,전통시장,1001323,438,204,234,52,58,66,66,74,122,20,27,31,33,36,57,32,31,35,33,38,65,211,0,211,답십리시장
2019,1,R,전통시장,1001321,322,164,158,32,32,33,43,60,122,19,14,23,28,35,45,13,18,10,15,25,77,173,0,173,답십리현대시장
2019,1,R,전통시장,1001320,92,56,36,3,12,7,16,22,32,2,10,5,11,11,17,1,2,2,5,11,15,56,0,56,전농로터리시장
2019,1,R,전통시장,1001319,96,53,43,0,8,12,12,15,49,0,4,6,10,9,24,0,4,6,2,6,25,54,0,54,청량리종합시장
2019,1,R,전통시장,1001318,167,130,37,1,7,11,17,45,86,1,5,8,16,37,63,0,2,3,1,8,23,140,0,140,청량리전통시장
2019,1,R,전통시장,1001317,177,86,91,27,30,18,19,42,41,20,16,10,8,13,19,7,14,8,11,29,22,77,0,77,청량리농수산물시장
2019,1,R,전통시장,1001316,2074,1106,968,125,249,270,299,378,753,73,132,154,178,211,358,52,117,116,121,167,395,1376,0,1376,서울약령시장
2019,1,R,전통시장,1001315,3,3,0,0,0,0,0,3,0,0,0,0,0,3,0,0,0,0,0,0,0,3,0,3,동서시장
2019,1,R,전통시장,1001314,8,4,4,0,0,0,1,1,6,0,0,0,1,1,2,0,0,0,0,0,4,6,0,6,경동시장
2019,1,R,전통시장,1001313,479,257,222,34,79,93,69,62,142,20,37,53,44,34,69,14,42,40,25,28,73,313,0,313,청량리수산시장
2019,1,R,전통시장,1001312,22,15,7,1,1,1,3,5,11,0,1,1,2,4,7,1,0,0,1,1,4,14,0,14,용두시장
2019,1,R,전통시장,1001310,158,78,80,23,32,26,19,20,38,10,15,16,8,12,17,13,17,10,11,8,21,72,0,72,구의시장
2019,1,R,전통시장,1001309,78,36,42,3,28,15,6,7,19,2,13,7,1,6,7,1,15,8,5,1,12,51,0,51,조양시장
2019,1,R,전통시장,1001308,954,476,478,73,141,111,137,188,304,40,69,59,79,98,131,33,72,52,58,90,173,527,0,527,영동교골목시장
2019,1,R,전통시장,1001307,368,197,171,35,50,49,41,75,118,18,28,24,23,42,62,17,22,25,18,33,56,197,0,197,능동로골목시장
2019,1,R,전통시장,1001306,194,95,99,10,19,35,23,37,70,7,12,19,12,21,24,3,7,16,11,16,46,125,0,125,노룬산골목시장
2019,1,R,전통시장,1001305,59,31,28,13,7,13,9,11,6,6,3,8,5,5,4,7,4,5,4,6,2,19,0,19,자양종합시장
2019,1,R,전통시장,1001304,2013,972,1041,265,332,387,283,317,429,151,167,191,143,140,180,114,165,196,140,177,249,950,0,950,자양골목시장
2019,1,R,전통시장,1001303,99,47,52,12,14,13,12,19,29,7,6,9,6,7,12,5,8,4,6,12,17,42,0,42,신성골목시장
2019,1,R,전통시장,1001302,452,237,215,45,73,72,66,102,94,28,35,35,37,57,45,17,38,37,29,45,49,222,0,222,면곡골목시장
2019,1,R,전통시장,1001301,802,411,391,116,118,111,114,165,178,59,61,70,53,80,88,57,57,41,61,85,90,356,0,356,중곡제일시장
2019,1,R,전통시장,1001300,928,401,527,49,375,196,99,76,133,27,127,102,48,39,58,22,248,94,51,37,75,679,0,679,화양제일골목시장
2019,1,R,전통시장,1001299,12,10,2,0,6,2,1,1,2,0,4,2,1,1,2,0,2,0,0,0,0,12,0,12,한아름시장
2019,1,R,전통시장,1001298,1990,1009,981,217,285,267,316,382,523,117,146,145,156,197,248,100,139,122,160,185,275,962,0,962,성동용답상가시장
2019,1,R,전통시장,1001297,572,315,257,52,83,67,80,130,160,28,52,43,48,67,77,24,31,24,32,63,83,307,80,227,뚝도시장
2019,1,R,전통시장,1001296,255,130,125,19,24,31,45,47,89,12,12,17,27,27,35,7,12,14,18,20,54,148,0,148,금남시장
2019,1,R,전통시장,1001295,1537,764,773,148,348,226,216,275,324,79,156,128,106,138,157,69,192,98,110,137,167,881,0,881,행당시장
2019,1,R,전통시장,1001294,335,184,151,41,41,36,60,50,107,25,24,19,37,30,49,16,17,17,23,20,58,181,1,180,마장축산물시장
2019,1,R,전통시장,1001293,4,1,3,0,0,0,1,0,3,0,0,0,0,0,1,0,0,0,1,0,2,3,0,3,보광시장
2019,1,R,전통시장,1001292,45,20,25,4,4,9,9,4,15,3,2,3,7,0,5,1,2,6,2,4,10,28,0,28,이태원제일시장
2019,1,R,전통시장,1001291,63,30,33,7,6,12,7,15,16,4,2,6,6,7,5,3,4,6,1,8,11,32,0,32,이태원시장
2019,1,R,전통시장,1001290,99,56,43,9,14,10,18,22,26,2,11,6,10,13,14,7,3,4,8,9,12,53,5,48,이촌종합시장
2019,1,R,전통시장,1001289,466,239,227,51,70,90,62,63,130,23,39,62,32,33,50,28,31,28,30,30,80,252,0,252,용문전통시장
2019,1,R,전통시장,1001288,32,19,13,2,2,0,3,7,18,1,2,0,2,5,9,1,0,0,1,2,9,19,0,19,만리시장
2019,1,R,전통시장,1001287,97,54,43,6,8,22,8,19,34,0,7,14,5,13,15,6,1,8,3,6,19,61,0,61,신흥시장
2019,1,R,전통시장,1001286,285,148,137,23,44,46,32,65,75,8,27,26,20,34,33,15,17,20,12,31,42,158,81,77,후암시장
2019,1,R,전통시장,1001285,93,74,19,6,5,9,16,23,34,3,4,5,13,22,27,3,1,4,3,1,7,84,0,84,합동(새벽)시장
2019,1,R,전통시장,1001284,1014,543,471,75,120,116,128,200,375,44,70,71,67,113,178,31,50,45,61,87,197,589,0,589,서울중앙시장
2019,1,R,전통시장,1001283,829,444,385,79,103,100,122,182,243,40,69,55,73,93,114,39,34,45,49,89,129,413,0,413,백학시장
2019,1,R,전통시장,1001282,927,432,495,117,141,127,134,146,262,65,61,52,69,73,112,52,80,75,65,73,150,475,0,475,약수시장
2019,1,R,전통시장,1001281,1,1,0,0,0,0,1,0,0,0,0,0,1,0,0,0,0,0,0,0,0,1,0,1,청평화시장
2019,1,R,전통시장,1001279,54,24,30,3,5,7,2,19,18,3,3,1,1,8,8,0,2,6,1,11,10,35,28,7,동평화시장
2019,1,R,전통시장,1001277,289,195,94,9,36,35,28,65,116,7,22,21,20,48,77,2,14,14,8,17,39,214,0,214,방산종합시장
2019,1,R,전통시장,1001276,5,4,1,0,0,2,1,0,2,0,0,2,0,0,2,0,0,0,1,0,0,5,0,5,평화시장
2019,1,R,전통시장,1001275,143,81,62,10,16,12,17,32,56,7,7,6,12,22,27,3,9,6,5,10,29,83,0,83,인현시장
2019,1,R,전통시장,1001274,272,190,82,7,17,24,31,75,118,6,11,15,23,59,76,1,6,9,8,16,42,212,0,212,신중부시장
2019,1,R,전통시장,1001273,79,49,30,0,3,7,14,22,33,0,1,6,9,15,18,0,2,1,5,7,15,62,0,62,남대문시장
2019,1,R,전통시장,1001272,13,11,2,0,1,2,1,5,4,0,1,2,1,4,3,0,0,0,0,1,1,10,0,10,신설종합시장
2019,1,R,전통시장,1001271,781,433,348,29,202,131,94,114,211,15,94,67,57,76,124,14,108,64,37,38,87,602,63,539,동묘시장
2019,1,R,전통시장,1001270,372,187,185,27,37,34,59,64,151,8,22,23,34,39,61,19,15,11,25,25,90,230,0,230,창신골목시장
2019,1,R,전통시장,1001269,63,33,30,4,8,8,11,9,23,2,4,7,2,6,12,2,4,1,9,3,11,36,0,36,동문시장
2019,1,R,전통시장,1001268,171,89,82,17,21,14,30,34,55,8,13,11,14,17,26,9,8,3,16,17,29,84,0,84,충신시장
2019,1,R,전통시장,1001267,110,76,34,1,7,8,15,32,47,1,2,5,14,21,33,0,5,3,1,11,14,89,0,89,종로신진시장
2019,1,R,전통시장,1001266,2,2,0,0,0,0,1,1,0,0,0,0,1,1,0,0,0,0,0,0,0,2,0,2,동대문종합시장
2019,1,R,전통시장,1001265,61,30,31,1,9,2,5,21,23,1,6,0,2,12,9,0,3,2,3,9,14,47,0,47,광장시장
2019,1,R,전통시장,1001264,688,305,383,89,90,89,114,109,197,41,36,39,52,56,81,48,54,50,62,53,116,325,44,281,통인시장
2019,1,D,발달상권,1001263,258,164,94,5,49,37,41,48,78,2,20,23,25,36,58,3,29,14,16,12,20,213,0,213,서울 노원구 노원역_3
2019,1,D,발달상권,1001262,18,15,3,0,1,1,3,4,9,0,1,1,3,4,6,0,0,0,0,0,3,16,0,16,서울 노원구 노원역_2
2019,1,D,발달상권,1001261,690,309,381,112,90,94,100,143,151,47,43,42,45,65,67,65,47,52,55,78,84,280,278,2,서울 노원구 노원역_1
2019,1,D,발달상권,1001260,627,377,250,46,105,105,128,124,119,19,47,65,84,87,75,27,58,40,44,37,44,483,0,483,창동역
2019,1,D,발달상권,1001259,730,427,303,47,160,110,103,127,183,22,85,58,65,85,112,25,75,52,38,42,71,510,0,510,서울 강북구 수유역_3
2019,1,D,발달상권,1001258,191,81,110,27,22,48,53,25,16,10,9,21,25,10,6,17,13,27,28,15,10,107,0,107,등나무근린공원 주변
2019,1,D,발달상권,1001257,2128,1050,1078,124,364,409,350,374,507,58,155,220,189,198,230,66,209,189,161,176,277,1424,0,1424,서울 강북구 수유역_2
2019,1,D,발달상권,1001256,795,394,401,59,176,157,122,124,157,31,76,83,66,61,77,28,100,74,56,63,80,462,0,462,서울 강북구 수유역_1
2019,1,D,발달상권,1001255,112,59,53,3,27,15,23,22,22,2,10,5,14,12,16,1,17,10,9,10,6,97,0,97,서울 은평구 연신내역_3
2019,1,D,발달상권,1001254,1059,520,539,88,218,188,169,169,227,44,98,98,93,89,98,44,120,90,76,80,129,619,0,619,서울 은평구 연신내역_2
2019,1,D,발달상권,1001253,221,95,126,17,56,39,39,29,41,11,22,16,15,10,21,6,34,23,24,19,20,140,0,140,서울 은평구 연신내역_1
2019,1,D,발달상권,1001252,452,248,204,28,70,64,57,91,142,14,39,38,28,53,76,14,31,26,29,38,66,259,0,259,서울 성북구 미아삼거리역_2
2019,1,D,발달상권,1001251,368,201,167,24,41,48,65,64,126,17,25,25,39,33,62,7,16,23,26,31,64,218,0,218,서울 강북구 미아삼거리역_1
2019,1,D,발달상권,1001250,775,334,441,54,245,250,79,67,80,20,79,124,37,34,40,34,166,126,42,33,40,552,173,379,서울 은평구 불광역_3
2019,1,D,발달상권,1001249,668,328,340,38,178,139,93,82,138,17,87,71,44,41,68,21,91,68,49,41,70,454,0,454,서울 은평구 불광역_2
2019,1,D,발달상권,1001248,537,268,269,35,98,99,58,92,155,22,46,49,31,48,72,13,52,50,27,44,83,337,0,337,서울 은평구 불광역_1
2019,1,D,발달상권,1001247,90,44,46,8,8,13,12,16,33,3,7,5,7,7,15,5,1,8,5,9,18,56,0,56,미아사거리_2
2019,1,D,발달상권,1001246,914,438,476,144,165,139,157,144,165,81,64,65,78,65,85,63,101,74,79,79,80,417,239,178,미아사거리_1
2019,1,D,발달상권,1001245,1091,500,591,72,272,238,148,157,204,35,103,108,73,88,93,37,169,130,75,69,111,758,0,758,서울 성북구 성신여대입구역
2019,1,D,발달상권,1001244,370,160,210,33,137,53,39,30,78,10,49,26,24,15,36,23,88,27,15,15,42,257,0,257,경희대학교
2019,1,D,발달상권,1001243,371,183,188,25,174,50,25,34,63,15,79,28,16,19,26,10,95,22,9,15,37,265,0,265,서울 성북구 안암역
2019,1,D,발달상권,1001242,628,298,330,35,208,112,64,82,127,18,92,52,35,44,57,17,116,60,29,38,70,439,0,439,혜화역 대학로_3
2019,1,D,발달상권,1001241,804,396,408,66,313,135,76,94,120,36,148,74,44,41,53,30,165,61,32,53,67,537,0,537,혜화역 대학로_2
2019,1,D,발달상권,1001240,486,236,250,47,112,87,65,63,112,27,57,41,35,32,44,20,55,46,30,31,68,294,0,294,혜화역 대학로_1
2019,1,D,발달상권,1001239,1576,707,869,216,459,356,303,158,84,106,164,161,155,84,37,110,295,195,148,74,47,974,102,872,디지털미디어시티
2019,1,D,발달상권,1001238,2803,1414,1389,280,392,351,344,541,895,125,176,183,181,292,457,155,216,168,163,249,438,1361,697,664,서울 동대문구 청량리역
2019,1,D,발달상권,1001237,308,140,168,32,53,66,50,42,65,18,28,35,18,12,29,14,25,31,32,30,36,182,0,182,서울 종로구 경복궁역_2
2019,1,D,발달상권,1001236,280,130,150,28,36,33,36,55,92,16,20,15,13,27,39,12,16,18,23,28,53,151,0,151,서울 종로구 안국역_2
2019,1,D,발달상권,1001235,116,47,69,13,10,15,23,15,40,6,4,4,11,9,13,7,6,11,12,6,27,68,0,68,서울 종로구 안국역_1
2019,1,D,발달상권,1001234,582,283,299,55,71,84,95,96,181,29,37,48,46,43,80,26,34,36,49,53,101,304,0,304,서울 종로구 경복궁역_1
2019,1,D,발달상권,1001233,147,118,29,6,11,10,17,45,58,2,8,9,14,38,47,4,3,1,3,7,11,115,0,115,서울 종로구 종로3가역_3
2019,1,D,발달상권,1001232,2251,1543,708,41,83,125,234,567,1201,23,54,74,173,443,776,18,29,51,61,124,425,1971,0,1971,서울 종로구 종로3가역_2
2019,1,D,발달상권,1001231,418,256,162,16,97,92,55,70,88,7,45,52,42,51,59,9,52,40,13,19,29,340,0,340,서울 동대문구 신설동역_2
2019,1,D,발달상권,1001230,769,410,359,64,78,98,110,120,299,44,41,44,61,69,151,20,37,54,49,51,148,491,150,341,인사동
2019,1,D,발달상권,1001229,290,171,119,18,45,35,38,53,101,10,30,22,25,38,46,8,15,13,13,15,55,193,0,193,서울 종로구 종로5가역_4
2019,1,D,발달상권,1001228,715,432,283,45,40,63,110,158,299,25,26,40,71,102,168,20,14,23,39,56,131,501,0,501,서울 종로구 종로5가역_3
2019,1,D,발달상권,1001227,550,310,240,42,76,77,89,111,155,26,42,45,43,65,89,16,34,32,46,46,66,372,39,333,종로구청
2019,1,D,발달상권,1001226,2044,1021,1023,196,523,414,227,284,400,91,247,207,119,145,212,105,276,207,108,139,188,1222,0,1222,서울 종로구 종로5가역_2
2019,1,D,발달상권,1001225,424,261,163,11,121,88,52,73,79,7,47,54,35,58,60,4,74,34,17,15,19,359,0,359,신설동역
2019,1,D,발달상권,1001224,306,180,126,13,79,58,42,50,64,5,31,31,27,39,47,8,48,27,15,11,17,267,0,267,서울 동대문구 신설동역_1
2019,1,D,발달상권,1001223,2467,1088,1379,352,303,447,410,346,609,175,137,182,162,163,269,177,166,265,248,183,340,1234,120,1114,서울 종로구 광화문역_2
2019,1,D,발달상권,1001222,873,424,449,114,130,109,120,158,242,55,72,62,61,73,101,59,58,47,59,85,141,346,250,96,동묘앞역
2019,1,D,발달상권,1001221,4026,1984,2042,462,788,955,680,517,624,246,330,504,355,253,296,216,458,451,325,264,328,2240,482,1758,장안동사거리
2019,1,D,발달상권,1001220,584,392,192,15,44,61,55,142,267,9,24,44,38,107,170,6,20,17,17,35,97,442,0,442,서울 종로구 동대문역_2
2019,1,D,발달상권,1001219,124,64,60,10,19,11,13,28,43,3,11,3,7,16,24,7,8,8,6,12,19,67,0,67,서울 종로구 동대문역_1
2019,1,D,발달상권,1001218,27,14,13,2,1,3,4,4,13,1,0,2,2,2,7,1,1,1,2,2,6,23,0,23,동대문시장_2
2019,1,D,발달상권,1001217,23,5,18,0,1,1,1,5,15,0,1,0,0,1,3,0,0,1,1,4,12,20,0,20,서울 종로구 종로5가역_1
2019,1,D,발달상권,1001216,193,155,38,6,39,22,25,49,52,3,31,17,19,43,42,3,8,5,6,6,10,175,0,175,서울 종로구 종로3가역_1
2019,1,D,발달상권,1001215,12,7,5,1,1,0,2,5,3,0,0,0,1,4,2,1,1,0,1,1,1,9,0,9,서울 종로구 광화문역_1
2019,1,D,발달상권,1001214,3,2,1,0,0,1,1,1,0,0,0,0,1,1,0,0,0,1,0,0,0,3,0,3,종각역
2019,1,D,발달상권,1001213,164,120,44,4,53,33,23,21,30,2,39,25,16,15,23,2,14,8,7,6,7,141,0,141,종각역 젊음의 거리
2019,1,D,발달상권,1001212,1425,695,730,332,128,310,264,176,215,162,53,133,148,96,103,170,75,177,116,80,112,548,0,548,서대문구 서대문역_1
2019,1,D,발달상권,1001211,32,16,16,0,7,10,2,6,7,0,0,8,1,4,3,0,7,2,1,2,4,30,0,30,동대문시장_1
2019,1,D,발달상권,1001210,289,131,158,53,24,92,59,26,35,20,8,49,26,14,14,33,16,43,33,12,21,159,82,77,시청역_2
2019,1,D,발달상권,1001209,73,45,28,6,0,7,10,18,32,2,0,5,6,10,22,4,0,2,4,8,10,52,0,52,서울시청
2019,1,D,발달상권,1001208,487,305,182,5,34,28,59,115,246,2,17,16,45,83,142,3,17,12,14,32,104,386,79,307,서울 중구 을지로3가역_2
2019,1,D,발달상권,1001207,286,143,143,14,59,63,37,50,63,8,19,33,21,26,36,6,40,30,16,24,27,202,0,202,서울 중구 신당역_2
2019,1,D,발달상권,1001206,878,434,444,63,207,201,107,139,161,32,81,108,57,72,84,31,126,93,50,67,77,587,0,587,서대문구 서대문역_2
2019,1,D,발달상권,1001205,433,265,168,12,48,55,51,102,165,4,25,39,28,70,99,8,23,16,23,32,66,322,0,322,동대문역사문화공원역
2019,1,D,발달상권,1001204,325,191,134,6,67,54,39,53,106,1,26,29,24,38,73,5,41,25,15,15,33,273,0,273,서울 중구 을지로3가역_1
2019,1,D,발달상권,1001203,139,81,58,6,17,19,26,34,37,2,7,13,16,20,23,4,10,6,10,14,14,102,0,102,명동거리
2019,1,D,발달상권,1001201,870,482,388,77,106,107,132,201,247,32,60,64,78,119,129,45,46,43,54,82,118,504,0,504,서울 중구 신당역_1
2019,1,D,발달상권,1001200,250,158,92,3,24,37,36,51,99,0,12,30,24,30,62,3,12,7,12,21,37,221,0,221,북창동
2019,1,D,발달상권,1001199,1434,757,677,132,184,182,181,263,492,70,88,94,108,152,245,62,96,88,73,111,247,761,158,603,서울 중구 충무로역_2
2019,1,D,발달상권,1001198,2167,1074,1093,147,446,398,250,363,563,76,221,202,131,179,265,71,225,196,119,184,298,1417,21,1396,서울 강서구 송정역
2019,1,D,발달상권,1001197,1406,735,671,128,254,312,218,226,268,68,102,165,122,132,146,60,152,147,96,94,122,810,0,810,장한평역_2
2019,1,D,발달상권,1001196,360,188,172,57,32,87,74,43,67,34,14,39,46,22,33,23,18,48,28,21,34,161,0,161,시청역_1
2019,1,D,발달상권,1001195,531,252,279,41,164,86,68,72,100,15,73,41,41,38,44,26,91,45,27,34,56,330,0,330,왕십리역_2
2019,1,D,발달상권,1001194,107,57,50,2,24,34,21,17,9,2,11,19,12,7,6,0,13,15,9,10,3,84,0,84,서울 강서구 발산역
2019,1,D,발달상권,1001193,206,142,64,10,25,26,37,64,44,7,13,17,32,48,25,3,12,9,5,16,19,151,0,151,장한평역_1
2019,1,D,발달상권,1001192,773,383,390,40,127,119,93,134,260,18,52,67,59,71,116,22,75,52,34,63,144,528,0,528,서울 중구 충무로역_1
2019,1,D,발달상권,1001190,1232,884,348,38,215,254,257,285,183,19,89,164,210,253,149,19,126,90,47,32,34,1031,0,1031,장한평역
2019,1,D,발달상권,1001189,1257,601,656,120,140,170,199,215,413,59,61,77,102,111,191,61,79,93,97,104,222,707,0,707,서울 중구 명동역
2019,1,D,발달상권,1001188,298,154,144,41,74,35,41,32,75,19,38,18,25,22,32,22,36,17,16,10,43,196,92,104,장충동 족발거리
2019,1,D,발달상권,1001187,1037,484,553,45,601,164,53,45,129,14,269,91,32,24,54,31,332,73,21,21,75,870,0,870,한양시장
2019,1,D,발달상권,1001186,1753,548,1205,63,770,222,184,179,335,20,124,90,92,85,137,43,646,132,92,94,198,1424,73,1351,서울 서대문구 이대역
2019,1,D,발달상권,1001185,2715,1395,1320,119,1165,466,243,268,454,59,570,270,129,156,211,60,595,196,114,112,243,2069,62,2007,서울 서대문구 신촌역
2019,1,D,발달상권,1001184,191,88,103,12,40,53,38,28,20,6,17,24,19,13,9,6,23,29,19,15,11,143,0,143,서울 마포구 홍대입구역_3
2019,1,D,발달상권,1001183,504,246,258,61,86,107,72,52,126,33,47,47,41,20,58,28,39,60,31,32,68,259,0,259,서울 마포구 홍대입구역_2
2019,1,D,발달상권,1001182,4775,2278,2497,387,1239,1099,650,488,912,205,561,531,334,237,410,182,678,568,316,251,502,3054,133,2921,홍익대학교 주변
2019,1,D,발달상권,1001181,1740,794,946,131,499,407,178,213,312,69,204,185,86,107,143,62,295,222,92,106,169,1098,0,1098,서울 광진구 군자역
2019,1,D,발달상권,1001180,1175,607,568,65,379,255,141,102,233,35,175,139,82,61,115,30,204,116,59,41,118,898,0,898,신촌역
2019,1,D,발달상권,1001179,2954,1456,1498,318,626,691,440,406,473,163,251,353,250,216,223,155,375,338,190,190,250,1848,105,1743,강서구청
2019,1,D,발달상권,1001178,657,317,340,63,131,141,106,71,145,36,53,75,52,34,67,27,78,66,54,37,78,395,0,395,서울 마포구 홍대입구역_1
2019,1,D,발달상권,1001177,53,28,25,6,6,7,12,4,18,5,2,2,9,2,8,1,4,5,3,2,10,24,0,24,서울 중구 약수역_2
2019,1,D,발달상권,1001176,10,6,4,0,0,3,2,1,4,0,0,2,1,1,2,0,0,1,1,0,2,7,0,7,서울 중구 약수역_1
2019,1,D,발달상권,1001175,2715,1358,1357,585,394,315,503,497,421,329,211,147,216,246,209,256,183,168,287,251,212,886,423,463,서울 강동구 고덕역
2019,1,D,발달상권,1001174,1292,580,712,108,275,455,160,130,164,55,90,224,83,63,65,53,185,231,77,67,99,737,403,334,등촌역
2019,1,D,발달상권,1001173,1999,992,1007,289,267,284,355,311,493,146,135,150,169,151,241,143,132,134,186,160,252,975,0,975,서울 강동구 명일역
2019,1,D,발달상권,1001172,537,309,228,60,112,79,79,99,108,36,63,42,47,62,59,24,49,37,32,37,49,287,85,202,어린이대공원역
2019,1,D,발달상권,1001171,22,11,11,1,3,0,3,8,7,0,1,0,3,4,3,1,2,0,0,4,4,15,0,15,서울 마포구 공덕역_2
2019,1,D,발달상권,1001170,43,32,11,0,2,4,12,12,13,0,2,1,10,9,10,0,0,3,2,3,3,35,0,35,공덕역
2019,1,D,발달상권,1001169,487,278,209,35,72,55,92,96,137,20,37,33,62,62,64,15,35,22,30,34,73,309,0,309,서울 용산구 숙대입구역
2019,1,D,발달상권,1001168,238,103,135,8,76,75,32,23,24,4,19,36,19,16,9,4,57,39,13,7,15,191,0,191,남영역
2019,1,D,발달상권,1001167,599,279,320,80,121,87,99,129,83,39,60,40,38,61,41,41,61,47,61,68,42,238,0,238,서울 마포구 공덕역_1
2019,1,D,발달상권,1001166,3534,1619,1915,511,450,919,730,457,467,249,175,438,321,225,211,262,275,481,409,232,256,1885,412,1473,서울 마포구 마포역_2
2019,1,D,발달상권,1001165,2009,905,1104,98,796,404,205,171,335,43,326,188,106,88,154,55,470,216,99,83,181,1455,0,1455,서울 광진구 건대입구역_2
2019,1,D,발달상권,1001164,844,445,399,73,125,151,143,127,225,42,68,79,75,72,109,31,57,72,68,55,116,498,0,498,서울 마포구 마포역_1
2019,1,D,발달상권,1001163,4607,2227,2380,311,814,1123,724,742,893,156,322,530,394,415,410,155,492,593,330,327,483,2962,399,2563,서울 강동구 천호역_2
2019,1,D,발달상권,1001162,1027,491,536,66,230,179,133,167,252,30,95,87,72,83,124,36,135,92,61,84,128,619,0,619,서울 광진구 건대입구역_1
2019,1,D,발달상권,1001161,530,224,306,21,12,9,25,25,438,12,4,1,10,11,186,9,8,8,15,14,252,289,0,289,건대입구역
2019,1,D,발달상권,1001160,1871,844,1027,106,479,468,271,245,302,51,174,223,143,113,140,55,305,245,128,132,162,1258,0,1258,서울 광진구 구의역
2019,1,D,발달상권,1001159,279,133,146,19,44,58,45,39,74,7,18,33,24,15,36,12,26,25,21,24,38,162,0,162,서울 강동구 천호역
2019,1,D,발달상권,1001158,723,310,413,23,304,218,68,43,67,16,84,116,38,23,33,7,220,102,30,20,34,562,0,562,당산역_2
2019,1,D,발달상권,1001157,388,199,189,22,82,73,63,69,79,8,42,47,33,34,35,14,40,26,30,35,44,222,0,222,서울 강동구 천호역_1
2019,1,D,발달상권,1001156,3041,1468,1573,144,869,739,417,433,439,64,305,381,243,231,244,80,564,358,174,202,195,2190,0,2190,서울 강동구 길동역
2019,1,D,발달상권,1001155,629,367,262,37,101,163,105,70,153,16,63,102,70,42,74,21,38,61,35,28,79,394,50,344,용산 전자상가_5
2019,1,D,발달상권,1001154,346,182,164,65,35,69,64,41,72,31,19,39,40,26,27,34,16,30,24,15,45,175,0,175,용산 전자상가_4
2019,1,D,발달상권,1001153,1061,475,586,64,310,350,108,109,120,29,112,169,53,54,58,35,198,181,55,55,62,700,113,587,당산역_1
2019,1,D,발달상권,1001152,198,89,109,27,24,29,14,31,73,13,11,8,6,14,37,14,13,21,8,17,36,64,60,4,서울 광진구 강변역
2019,1,D,발달상권,1001151,249,122,127,21,34,65,24,41,64,9,18,35,15,19,26,12,16,30,9,22,38,129,72,57,용산 전자상가_3
2019,1,D,발달상권,1001150,876,482,394,54,172,152,138,152,208,32,102,83,74,86,105,22,70,69,64,66,103,572,0,572,서울 용산구 이태원역
2019,1,D,발달상권,1001149,157,79,78,9,28,18,24,20,58,5,17,8,12,11,26,4,11,10,12,9,32,110,0,110,한남오거리
2019,1,D,발달상권,1001148,59,35,24,2,11,16,11,8,11,0,3,6,10,6,10,2,8,10,1,2,1,55,0,55,목동사거리
2019,1,D,발달상권,1001147,178,98,80,29,24,34,26,31,34,21,14,15,15,17,16,8,10,19,11,14,18,66,0,66,용산 전자상가_2
2019,1,D,발달상권,1001146,107,47,60,11,14,21,20,10,31,3,7,6,14,2,15,8,7,15,6,8,16,55,0,55,용산구청
2019,1,D,발달상권,1001145,1447,671,776,127,304,418,251,207,140,57,122,193,132,94,73,70,182,225,119,113,67,846,0,846,용산 전자상가_1
2019,1,D,발달상권,1001144,721,368,353,25,128,233,138,96,101,13,61,116,69,56,53,12,67,117,69,40,48,582,0,582,국회의사당역_2
2019,1,D,발달상권,1001143,390,195,195,29,26,51,58,79,147,15,14,32,40,39,55,14,12,19,18,40,92,310,0,310,서울 용산구 신용산역
2019,1,D,발달상권,1001142,145,80,65,2,51,64,18,6,4,2,29,34,10,4,1,0,22,30,8,2,3,128,0,128,국회의사당역_1
2019,1,D,발달상권,1001141,1313,635,678,191,153,255,259,165,290,89,68,134,135,83,126,102,85,121,124,82,164,668,245,423,압구정 로데오거리_2
2019,1,D,발달상권,1001140,1865,851,1014,237,292,360,339,225,412,121,145,142,155,106,182,116,147,218,184,119,230,974,0,974,서울 강남구 압구정역
2019,1,D,발달상권,1001139,1287,666,621,68,249,252,182,200,336,33,120,131,102,119,161,35,129,121,80,81,175,901,0,901,서울 영등포구 영등포구청역
2019,1,D,발달상권,1001138,604,280,324,92,73,83,95,75,186,41,38,36,45,33,87,51,35,47,50,42,99,240,0,240,압구정 로데오거리_1
2019,1,D,발달상권,1001137,800,425,375,98,121,109,132,136,204,61,68,56,67,72,101,37,53,53,65,64,103,384,11,373,서울 강동구 둔촌동역
2019,1,D,발달상권,1001136,869,429,440,220,94,109,197,119,130,117,44,45,103,52,68,103,50,64,94,67,62,271,102,169,오목교역
2019,1,D,발달상권,1001135,3852,1799,2053,468,632,775,700,495,782,244,283,342,352,247,331,224,349,433,348,248,451,2157,0,2157,신사동 가로수길
2019,1,D,발달상권,1001134,18,15,3,1,2,3,3,7,2,0,2,3,3,5,2,1,0,0,0,2,0,15,0,15,서울 영등포구 여의도역_2
2019,1,D,발달상권,1001133,922,426,496,61,75,111,170,156,349,26,40,52,84,75,149,35,35,59,86,81,200,622,0,622,청담사거리_3
2019,1,D,발달상권,1001132,518,283,235,32,119,94,71,69,133,16,59,61,45,40,62,16,60,33,26,29,71,322,0,322,영등포유통상가
2019,1,D,발달상권,1001131,1060,495,565,171,150,234,190,155,160,93,65,100,88,76,73,78,85,134,102,79,87,492,355,137,청담역_2
2019,1,D,발달상권,1001130,213,101,112,35,25,37,28,32,56,13,17,14,13,15,29,22,8,23,15,17,27,74,0,74,청담역_1
2019,1,D,발달상권,1001129,373,181,192,56,50,61,63,49,94,23,28,29,32,22,47,33,22,32,31,27,47,137,0,137,청담사거리_2
2019,1,D,발달상권,1001128,255,114,141,36,32,50,65,32,40,16,11,20,32,16,19,20,21,30,33,16,21,147,0,147,청담사거리_1
2019,1,D,발달상권,1001127,1359,655,704,246,147,187,225,219,335,130,65,78,103,117,162,116,82,109,122,102,173,509,461,48,서울 영등포구 여의도역_1
2019,1,D,발달상권,1001126,288,146,142,26,51,35,47,48,81,17,27,20,26,24,32,9,24,15,21,24,49,154,0,154,서울 양천구 신정네거리역_2
2019,1,D,발달상권,1001125,447,221,226,72,65,67,84,70,89,44,32,34,36,36,39,28,33,33,48,34,50,172,116,56,학동사거리_2
2019,1,D,발달상권,1001124,1593,1023,570,49,152,179,229,399,585,24,74,117,159,304,345,25,78,62,70,95,240,1284,0,1284,서울 영등포구 영등포시장역
2019,1,D,발달상권,1001123,415,205,210,40,69,84,81,49,92,23,26,41,45,28,42,17,43,43,36,21,50,261,46,215,학동사거리_1
2019,1,D,발달상권,1001122,1445,685,760,216,159,189,224,239,418,113,77,82,108,115,190,103,82,107,116,124,228,597,119,478,여의도 시범아파트앞
2019,1,D,발달상권,1001121,484,292,192,12,136,99,70,83,84,8,57,57,46,64,60,4,79,42,24,19,24,420,0,420,영등포역_3
2019,1,D,발달상권,1001120,274,129,145,20,60,86,36,21,51,11,30,43,16,9,20,9,30,43,20,12,31,180,25,155,도산공원사거리_1
2019,1,D,발달상권,1001119,789,577,212,19,155,112,139,199,165,10,62,80,124,175,126,9,93,32,15,24,39,729,0,729,영등포역_2
2019,1,D,발달상권,1001118,1488,735,753,221,145,224,225,257,416,112,74,110,112,131,196,109,71,114,113,126,220,719,574,145,문래동 주민센터
2019,1,D,발달상권,1001117,1041,451,590,73,201,286,166,117,198,33,74,118,85,52,89,40,127,168,81,65,109,644,0,644,강남구 신사역_2
2019,1,D,발달상권,1001116,323,178,145,10,130,96,33,33,21,6,51,59,23,23,16,4,79,37,10,10,5,283,0,283,영등포역_1
2019,1,D,발달상권,1001115,757,377,380,31,61,143,178,130,214,15,22,73,91,82,94,16,39,70,87,48,120,569,0,569,서울 강남구 강남구청역_2
2019,1,D,발달상권,1001114,766,411,355,40,159,175,134,111,147,23,74,94,82,63,75,17,85,81,52,48,72,537,0,537,강남구 신사역_1
2019,1,D,발달상권,1001113,12,8,4,1,1,3,2,2,3,1,0,3,2,2,0,0,1,0,0,0,3,12,0,12,서울 동작구 노량진1동_1
2019,1,D,발달상권,1001112,113,64,49,3,28,29,21,16,16,3,13,15,13,10,10,0,15,14,8,6,6,88,0,88,서울 강남구 학동역_3
2019,1,D,발달상권,1001111,565,285,280,44,118,146,101,76,80,23,57,67,47,46,45,21,61,79,54,30,35,383,67,316,서울 강남구 강남구청역_1
2019,1,D,발달상권,1001110,1787,838,949,248,243,243,215,306,532,126,117,99,85,144,267,122,126,144,130,162,265,615,216,399,잠실역
2019,1,D,발달상권,1001109,1932,971,961,154,355,479,361,261,322,81,163,232,185,149,161,73,192,247,176,112,161,1232,10,1222,강남구 논현역_4
2019,1,D,발달상권,1001108,532,220,312,36,96,169,92,70,69,18,38,71,31,32,30,18,58,98,61,38,39,360,0,360,학동역
2019,1,D,발달상권,1001107,1418,759,659,89,275,347,214,230,263,44,137,184,129,123,142,45,138,163,85,107,121,939,0,939,방이동 먹자골목
2019,1,D,발달상권,1001106,105,49,56,4,19,39,23,11,9,2,6,19,11,7,4,2,13,20,12,4,5,83,0,83,서울 강남구 학동역_2
2019,1,D,발달상권,1001105,1129,564,565,50,578,214,101,72,114,21,253,143,59,37,51,29,325,71,42,35,63,937,0,937,서울 동작구 노량진역
2019,1,D,발달상권,1001104,65,49,16,0,11,17,6,13,18,0,10,12,6,6,15,0,1,5,0,7,3,50,0,50,삼성역_3
2019,1,D,발달상권,1001103,26,17,9,7,2,2,5,5,5,5,1,1,2,4,4,2,1,1,3,1,1,15,0,15,코엑스
2019,1,D,발달상권,1001102,896,424,472,70,189,230,155,93,159,30,90,113,71,51,69,40,99,117,84,42,90,550,0,550,서울 강남구 학동역_1
2019,1,D,발달상권,1001101,3129,1429,1700,380,497,705,605,403,539,193,223,305,286,198,224,187,274,400,319,205,315,1881,135,1746,선정릉역_2
2019,1,D,발달상권,1001100,78,28,50,7,14,16,13,13,15,2,4,3,7,6,6,5,10,13,6,7,9,42,0,42,강남구 논현역_3
2019,1,D,발달상권,1001099,700,363,337,70,143,158,112,110,107,35,76,86,54,63,49,35,67,72,58,47,58,406,0,406,포스코사거리_2
2019,1,D,발달상권,1001098,2118,1036,1082,219,364,471,381,301,382,120,178,206,205,151,176,99,186,265,176,150,206,1195,75,1120,포스코사거리_1
2019,1,D,발달상권,1001096,3227,1551,1676,601,425,687,528,518,468,285,200,341,255,238,232,316,225,346,273,280,236,1148,548,600,신도림역
2019,1,D,발달상권,1001095,3931,1886,2045,253,865,1063,622,444,684,133,385,503,326,225,314,120,480,560,296,219,370,2516,0,2516,강남구 논현역_2
2019,1,D,발달상권,1001094,643,281,362,83,124,142,112,86,96,39,51,56,50,36,49,44,73,86,62,50,47,340,0,340,선정릉역_1
2019,1,D,발달상권,1001093,2803,1369,1434,251,483,671,463,400,535,130,220,333,240,193,253,121,263,338,223,207,282,1693,0,1693,신천역
2019,1,D,발달상권,1001092,1973,1023,950,97,408,473,337,295,363,52,187,231,204,174,175,45,221,242,133,121,188,1396,0,1396,강남구 논현역_1
2019,1,D,발달상권,1001091,9,6,3,0,1,2,1,1,4,0,0,2,1,0,3,0,1,0,0,1,1,5,0,5,삼성역_2
2019,1,D,발달상권,1001090,686,332,354,56,113,182,112,96,127,31,54,82,57,45,63,25,59,100,55,51,64,436,0,436,삼정역_2
2019,1,D,발달상권,1001089,86,37,49,6,14,18,11,15,22,3,4,11,3,6,10,3,10,7,8,9,12,45,0,45,삼정역_1
2019,1,D,발달상권,1001088,1511,740,771,213,298,354,260,193,193,125,119,164,130,103,99,88,179,190,130,90,94,856,0,856,삼성역_1
2019,1,D,발달상권,1001087,2167,1065,1102,130,457,630,359,259,332,63,205,314,204,125,154,67,252,316,155,134,178,1394,0,1394,서울 강남구 선릉역_2
2019,1,D,발달상권,1001085,3214,1631,1583,187,799,943,458,379,448,90,364,489,255,209,224,97,435,454,203,170,224,2307,45,2262,서울 서초구 강남역
2019,1,D,발달상권,1001084,676,329,347,40,92,207,163,86,88,24,44,93,77,49,42,16,48,114,86,37,46,501,0,501,서울 강남구 선릉역_1
2019,1,D,발달상권,1001083,594,295,299,81,85,156,89,71,112,45,40,72,40,39,59,36,45,84,49,32,53,299,0,299,서울 송파구 석촌역_2
2019,1,D,발달상권,1001082,4251,1937,2314,445,785,1173,870,500,478,213,311,493,413,278,229,232,474,680,457,222,249,2684,113,2571,선릉역_2
2019,1,D,발달상권,1001081,1035,519,516,74,244,266,141,148,162,39,118,131,74,75,82,35,126,135,67,73,80,661,0,661,서울 강남구 역삼역_2
2019,1,D,발달상권,1001080,201,87,114,20,40,44,42,25,30,12,10,20,21,9,15,8,30,24,21,16,15,111,0,111,서울 송파구 석촌역_1
2019,1,D,발달상권,1001079,3,2,1,0,0,1,0,1,1,0,0,1,0,1,0,0,0,0,0,0,1,2,0,2,석촌역
2019,1,D,발달상권,1001078,3089,1390,1699,346,574,593,596,419,561,156,216,262,286,216,254,190,358,331,310,203,307,1795,670,1125,서울 강남구 강남역_2
2019,1,D,발달상권,1001077,1337,590,747,291,155,255,352,142,142,118,65,100,158,84,65,173,90,155,194,58,77,599,289,310,선릉역_1
2019,1,D,발달상권,1001076,690,332,358,106,107,170,109,98,100,57,37,84,62,48,44,49,70,86,47,50,56,317,167,150,구로역
2019,1,D,발달상권,1001075,393,265,128,289,23,43,15,12,11,203,10,26,8,11,7,86,13,17,7,1,4,91,0,91,역삼역_2
2019,1,D,발달상권,1001074,2626,1238,1388,254,707,696,433,296,240,132,246,329,242,176,113,122,461,367,191,120,127,1831,0,1831,대림역_2
2019,1,D,발달상권,1001073,5470,2800,2670,332,1124,1460,970,726,858,176,483,767,541,428,405,156,641,693,429,298,453,3884,55,3829,서울 강남구 역삼역_1
2019,1,D,발달상권,1001072,1243,590,653,113,271,286,183,151,239,53,91,136,107,85,118,60,180,150,76,66,121,821,35,786,신대방삼거리역
2019,1,D,발달상권,1001071,2102,994,1108,398,328,272,429,349,326,209,153,130,186,171,145,189,175,142,243,178,181,926,0,926,서울 강남구 한티역
2019,1,D,발달상권,1001070,370,195,175,95,40,36,97,62,40,66,21,16,40,35,17,29,19,20,57,27,23,127,86,41,은마아파트입구사거리_4
2019,1,D,발달상권,1001069,303,152,151,49,53,35,55,55,56,24,25,22,20,31,30,25,28,13,35,24,26,132,0,132,은마아파트입구사거리_3
2019,1,D,발달상권,1001068,17,9,8,0,3,1,2,6,5,0,1,0,2,2,4,0,2,1,0,4,1,8,0,8,은마아파트입구사거리_2
2019,1,D,발달상권,1001067,3851,1843,2008,244,973,1113,587,374,560,117,347,579,333,198,269,127,626,534,254,176,291,2803,0,2803,오류동역
2019,1,D,발달상권,1001066,2548,1191,1357,266,688,710,353,263,268,132,292,326,184,131,126,134,396,384,169,132,142,1851,103,1748,서울 강남구 강남역
2019,1,D,발달상권,1001065,188,97,91,39,32,16,36,43,22,22,18,11,18,21,7,17,14,5,18,22,15,62,0,62,은마아파트입구사거리_1
2019,1,D,발달상권,1001064,1754,788,966,74,656,570,231,122,101,38,204,291,126,84,45,36,452,279,105,38,56,1481,0,1481,대림역_1
2019,1,D,발달상권,1001063,1002,499,503,225,154,114,215,149,145,118,76,54,94,89,68,107,78,60,121,60,77,429,39,390,교대역_4
2019,1,D,발달상권,1001062,3012,1440,1572,559,406,676,537,384,450,264,204,304,273,184,211,295,202,372,264,200,239,1311,156,1155,서울 강남구 강남역_1
2019,1,D,발달상권,1001061,2604,1234,1370,622,270,368,560,349,435,308,128,161,262,184,191,314,142,207,298,165,244,956,482,474,방배동카페골목
2019,1,D,발달상권,1001059,24,11,13,4,2,6,3,6,3,1,2,2,0,4,2,3,0,4,3,2,1,12,0,12,교대역_3
2019,1,D,발달상권,1001058,2795,1349,1446,296,547,779,449,338,386,141,260,387,227,147,187,155,287,392,222,191,199,1603,14,1589,역삼역_1
2019,1,D,발달상권,1001057,1758,850,908,224,341,384,292,239,278,119,176,172,150,106,127,105,165,212,142,133,151,1033,280,753,교대역_2
2019,1,D,발달상권,1001056,570,301,269,38,83,130,97,104,118,16,32,59,55,74,65,22,51,71,42,30,53,402,0,402,서울 송파구 가락시장역
2019,1,D,발달상권,1001055,55,31,24,6,11,7,3,14,14,4,9,3,1,6,8,2,2,4,2,8,6,25,0,25,서울 서초구 서초역
2019,1,D,발달상권,1001054,642,306,336,208,67,63,145,97,62,99,35,25,63,53,31,109,32,38,82,44,31,204,106,98,서울 강남구 대치역_2
2019,1,D,발달상권,1001053,519,260,259,165,53,33,148,66,54,84,28,13,70,40,25,81,25,20,78,26,29,145,145,0,서울 강남구 대치역_1
2019,1,D,발달상권,1001052,2197,964,1233,136,570,709,342,221,219,74,225,318,148,105,94,62,345,391,194,116,125,1635,249,1386,뱅뱅사거리_2
2019,1,D,발달상권,1001051,5095,2411,2684,887,614,808,839,595,1352,440,288,370,406,285,622,447,326,438,433,310,730,2020,399,1621,보라매공원
2019,1,D,발달상권,1001050,2611,1321,1290,265,521,521,354,438,512,141,263,249,189,218,261,124,258,272,165,220,251,1363,199,1164,교대역_1
2019,1,D,발달상권,1001049,2655,1325,1330,309,345,362,371,516,752,161,188,197,190,251,338,148,157,165,181,265,414,1225,0,1225,개봉동 현대아파트 인근
2019,1,D,발달상권,1001048,1759,755,1004,97,517,652,261,123,109,51,163,312,118,54,57,46,354,340,143,69,52,1359,1,1358,뱅뱅사거리
2019,1,D,발달상권,1001047,1069,546,523,118,221,308,158,120,144,58,99,163,91,65,70,60,122,145,67,55,74,667,0,667,뱅뱅사거리_1
2019,1,D,발달상권,1001046,3147,1589,1558,118,1258,928,365,223,255,71,548,510,216,110,134,47,710,418,149,113,121,2577,85,2492,서울 관악구 신림역_4
2019,1,D,발달상권,1001045,1176,554,622,91,239,214,164,174,294,44,111,103,85,81,130,47,128,111,79,93,164,678,0,678,동작구 총신대입구역_1
2019,1,D,발달상권,1001044,1858,886,972,223,306,447,311,235,336,103,146,216,142,119,160,120,160,231,169,116,176,977,0,977,양재역_3
2019,1,D,발달상권,1001043,1812,779,1033,353,272,328,415,247,197,150,94,139,181,129,86,203,178,189,234,118,111,851,18,833,동작구 총신대입구역_2
2019,1,D,발달상권,1001042,575,249,326,64,112,135,106,53,105,29,37,59,55,25,44,35,75,76,51,28,61,319,0,319,서울 서초구 남부터미널역_3
2019,1,D,발달상권,1001041,1480,683,797,99,134,229,220,227,571,44,56,106,126,128,223,55,78,123,94,99,348,928,511,417,서울 강남구 수서역
2019,1,D,발달상권,1001040,1168,634,534,23,512,340,109,86,98,11,234,203,76,54,56,12,278,137,33,32,42,999,0,999,서울 관악구 신림역_3
2019,1,D,발달상권,1001039,1764,868,896,99,373,519,327,261,185,55,121,251,172,164,105,44,252,268,155,97,80,1361,0,1361,서울 서초구 남부터미널역_2
2019,1,D,발달상권,1001038,125,68,57,10,8,23,14,28,42,4,6,11,10,17,20,6,2,12,4,11,22,74,0,74,구로디지탈1단지
2019,1,D,발달상권,1001037,1698,762,936,237,334,338,309,234,246,106,139,149,151,107,110,131,195,189,158,127,136,862,136,726,양재역
2019,1,D,발달상권,1001036,406,223,183,58,74,77,72,59,66,35,43,45,39,29,32,23,31,32,33,30,34,198,0,198,문정역
2019,1,D,발달상권,1001035,572,290,282,78,114,93,88,91,108,46,48,46,49,45,56,32,66,47,39,46,52,294,0,294,매봉역
2019,1,D,발달상권,1001034,1227,583,644,165,175,258,231,169,229,88,76,122,118,78,101,77,99,136,113,91,128,639,0,639,서울 서초구 방배역
2019,1,D,발달상권,1001033,1204,578,626,194,170,202,191,218,229,107,86,84,91,97,113,87,84,118,100,121,116,483,0,483,서울 서초구 남부터미널역_1
2019,1,D,발달상권,1001032,1647,858,789,82,620,365,169,159,252,50,318,212,90,63,125,32,302,153,79,96,127,1132,0,1132,서울 관악구 신림역_2
2019,1,D,발달상권,1001031,687,300,387,21,311,190,71,47,47,10,106,93,41,24,26,11,205,97,30,23,21,582,0,582,서울 관악구 신림역_1
2019,1,D,발달상권,1001030,910,425,485,100,168,198,148,133,163,48,70,99,72,64,72,52,98,99,76,69,91,478,0,478,양재역_2
2019,1,D,발달상권,1001029,8,5,3,0,2,0,0,5,1,0,2,0,0,3,0,0,0,0,0,2,1,4,0,4,양재역_1
2019,1,D,발달상권,1001028,560,293,267,17,235,141,59,42,66,10,113,75,41,21,33,7,122,66,18,21,33,449,0,449,서울 관악구 서울대입구역_2
2019,1,D,발달상권,1001027,1748,971,777,30,526,416,263,276,237,13,189,238,179,209,143,17,337,178,84,67,94,1584,13,1571,가산디지털단지역_3
2019,1,D,발달상권,1001026,358,206,152,20,49,32,52,94,111,14,28,22,29,63,50,6,21,10,23,31,61,234,0,234,구로디지털단지역
2019,1,D,발달상권,1001025,6715,3076,3639,256,3162,1591,588,514,604,119,1250,791,311,279,326,137,1912,800,277,235,278,5444,0,5444,서울 관악구 서울대입구역_1
2019,1,D,발달상권,1001024,929,446,483,147,161,143,165,147,166,71,73,68,77,68,89,76,88,75,88,79,77,417,82,335,관악구 사당역_1
2019,1,D,발달상권,1001023,681,362,319,48,173,163,93,72,132,23,82,94,57,46,60,25,91,69,36,26,72,432,160,272,가산디지털단지역_2
2019,1,D,발달상권,1001022,924,440,484,34,250,207,101,119,213,18,97,106,49,63,107,16,153,101,52,56,106,633,0,633,관악구 사당역_2
2019,1,D,발달상권,1001021,27,16,11,0,6,6,4,5,6,0,1,2,3,5,5,0,5,4,1,0,1,25,0,25,가산디지털단지역_1
2019,1,D,발달상권,1001019,93,51,42,8,17,35,18,9,6,3,11,18,12,4,3,5,6,17,6,5,3,60,0,60,포이사거리_1
2019,1,D,발달상권,1001018,1856,1011,845,172,317,458,317,290,302,90,155,253,186,164,163,82,162,205,131,126,139,1141,0,1141,포이사거리_2
2019,1,D,발달상권,1001017,307,148,159,12,83,100,37,25,50,6,25,61,20,7,29,6,58,39,17,18,21,230,0,230,관악구 사당역_3
2019,1,D,발달상권,1001016,1689,1025,664,100,726,339,189,130,205,55,444,236,127,72,91,45,282,103,62,58,114,1318,0,1318,서울 관악구 대학동_1
2019,1,D,발달상권,1001015,1199,658,541,54,233,323,205,188,196,24,118,197,118,114,87,30,115,126,87,74,109,868,0,868,서울 금천구 독산1동_1
2019,1,D,발달상권,1001013,1656,813,843,462,164,243,333,198,256,256,77,109,174,90,107,206,87,134,159,108,149,526,0,526,양재 화물트럭터미널앞_2
2019,1,D,발달상권,1001012,2,2,0,0,0,0,0,1,1,0,0,0,0,1,1,0,0,0,0,0,0,2,0,2,양재 화물트럭터미널앞_1
2019,1,D,발달상권,1001011,1566,815,751,107,183,218,240,305,513,56,87,119,141,178,234,51,96,99,99,127,279,1027,0,1027,서울 금천구 시흥1동_4
2019,1,A,골목상권,1001010,3088,1526,1562,332,420,519,498,575,744,173,209,276,256,278,334,159,211,243,242,297,410,1601,0,1601,풍성로37가길
2019,1,A,골목상권,1001009,4032,2056,1976,414,590,703,599,703,1023,217,280,392,330,355,482,197,310,311,269,348,541,2067,39,2028,천호옛길
2019,1,A,골목상권,1001008,2323,1114,1209,188,454,481,316,358,526,95,191,269,156,164,239,93,263,212,160,194,287,1261,0,1261,천호옛14길
2019,1,A,골목상권,1001007,2208,1105,1103,308,303,273,329,434,561,157,156,143,169,227,253,151,147,130,160,207,308,980,0,980,천호대로219길
2019,1,A,골목상권,1001006,4523,2227,2296,739,653,692,673,818,948,383,332,347,333,378,454,356,321,345,340,440,494,1738,531,1207,천호대로197길
2019,1,A,골목상권,1001005,2777,1375,1402,366,371,500,405,468,667,185,194,273,194,222,307,181,177,227,211,246,360,1270,96,1174,천호대로187길
2019,1,A,골목상권,1001004,4152,2078,2074,504,637,844,622,689,856,258,315,449,324,321,411,246,322,395,298,368,445,1944,302,1642,천호대로170길
2019,1,A,골목상권,1001003,2704,1346,1358,364,407,470,391,459,613,184,208,227,215,215,297,180,199,243,176,244,316,1185,114,1071,천호대로162길
2019,1,A,골목상권,1001002,4505,2182,2323,629,674,702,665,760,1075,327,325,360,335,351,484,302,349,342,330,409,591,1858,127,1731,천중로51길
2019,1,A,골목상권,1001001,6690,3286,3404,969,974,1105,1024,1097,1521,501,475,591,508,487,724,468,499,514,516,610,797,2798,481,2317,천중로39길
2019,1,A,골목상권,1001000,1801,887,914,187,274,363,256,313,408,108,126,187,141,132,193,79,148,176,115,181,215,895,0,895,진황도로47길
2019,1,A,골목상권,1000999,7755,3899,3856,826,1139,1570,1085,1226,1909,415,549,817,600,601,917,411,590,753,485,625,992,3952,684,3268,진황도로27길
2019,1,A,골목상권,1000998,3215,1576,1639,341,438,599,464,585,788,173,215,319,240,287,342,168,223,280,224,298,446,1650,116,1534,올림픽로98길
2019,1,A,골목상권,1000997,2047,1053,994,215,250,258,316,406,602,121,128,142,179,212,271,94,122,116,137,194,331,1067,0,1067,올림픽로80길
2019,1,A,골목상권,1000996,1738,905,833,120,176,205,276,399,562,59,89,117,149,231,260,61,87,88,127,168,302,1070,75,995,올림픽로78길
2019,1,A,골목상권,1000995,2618,1338,1280,276,367,530,373,457,615,138,174,299,206,227,294,138,193,231,167,230,321,1320,0,1320,올림픽로77길
2019,1,A,골목상권,1000994,2561,1321,1240,210,368,425,341,494,723,114,196,236,188,254,333,96,172,189,153,240,390,1401,0,1401,올림픽로71길
2019,1,A,골목상권,1000993,1562,752,810,258,194,300,258,210,342,133,93,135,126,108,157,125,101,165,132,102,185,687,47,640,올림픽로48길
2019,1,A,골목상권,1000992,3526,1756,1770,706,429,565,600,487,739,377,213,288,295,239,344,329,216,277,305,248,395,1328,652,676,양재대로96길
2019,1,A,골목상권,1000991,3619,1783,1836,507,559,614,550,639,750,291,293,319,264,295,321,216,266,295,286,344,429,1550,146,1404,양재대로95길
2019,1,A,골목상권,1000990,4192,2055,2137,668,634,596,665,739,890,368,339,304,325,354,365,300,295,292,340,385,525,1695,429,1266,양재대로91길
2019,1,A,골목상권,1000989,4987,2457,2530,679,751,783,679,902,1193,337,387,410,354,417,552,342,364,373,325,485,641,2111,189,1922,양재대로133길
2019,1,A,골목상권,1000988,4519,2261,2258,586,674,694,707,803,1055,305,365,374,338,386,493,281,309,320,369,417,562,1978,109,1869,양재대로124길
2019,1,A,골목상권,1000987,1521,733,788,204,251,257,213,257,339,107,111,133,112,120,150,97,140,124,101,137,189,675,137,538,양재대로116길
2019,1,A,골목상권,1000986,4732,2277,2455,526,784,1065,668,751,938,267,380,530,344,317,439,259,404,535,324,434,499,2355,114,2241,양재대로101길
2019,1,A,골목상권,1000985,7132,3599,3533,995,1020,1192,1086,1242,1597,516,540,626,562,624,731,479,480,566,524,618,866,3184,302,2882,암사길
2019,1,A,골목상권,1000984,4757,2342,2415,810,662,763,832,765,925,452,327,381,396,360,426,358,335,382,436,405,499,1841,44,1797,성안로3길
2019,1,A,골목상권,1000983,3614,1751,1863,696,488,562,599,550,719,344,248,261,314,252,332,352,240,301,285,298,387,1351,454,897,성내로5길
2019,1,A,골목상권,1000982,1274,643,631,196,205,166,174,275,258,100,119,81,86,133,124,96,86,85,88,142,134,509,0,509,상일로5길
2019,1,A,골목상권,1000981,1937,966,971,251,263,365,317,263,478,130,137,193,157,129,220,121,126,172,160,134,258,966,284,682,상암로5길
2019,1,A,골목상권,1000980,3008,1447,1561,472,418,431,475,510,702,238,214,220,232,225,318,234,204,211,243,285,384,1208,368,840,상암로51길
2019,1,A,골목상권,1000979,3269,1651,1618,425,473,693,509,545,624,211,229,354,270,278,309,214,244,339,239,267,315,1656,122,1534,상암로4길
2019,1,A,골목상권,1000978,3651,1791,1860,490,514,666,551,621,809,254,258,337,265,298,379,236,256,329,286,323,430,1599,333,1266,상암로14길
2019,1,A,골목상권,1000977,2767,1379,1388,410,436,410,424,476,611,226,222,214,213,240,264,184,214,196,211,236,347,1274,114,1160,명일로13길
2019,1,A,골목상권,1000976,2914,1498,1416,416,418,342,440,577,721,221,229,187,226,297,338,195,189,155,214,280,383,1274,0,1274,동남로85길
2019,1,A,골목상권,1000975,1694,915,779,192,238,201,235,380,448,106,140,120,123,205,221,86,98,81,112,175,227,821,0,821,동남로82길
2019,1,A,골목상권,1000974,2695,1318,1377,569,345,307,484,462,528,305,185,160,220,231,217,264,160,147,264,231,311,1071,0,1071,동남로65길
2019,1,A,골목상권,1000973,4286,2169,2117,504,585,646,680,836,1035,259,304,346,369,409,482,245,281,300,311,427,553,2174,107,2067,구천면로42길
2019,1,A,골목상권,1000972,5439,2715,2724,697,752,888,815,988,1299,365,393,471,431,461,594,332,359,417,384,527,705,2458,334,2124,구천면로41길
2019,1,A,골목상권,1000971,2602,1347,1255,314,382,347,380,531,648,172,184,196,201,284,310,142,198,151,179,247,338,1214,0,1214,구천면로36길
2019,1,A,골목상권,1000970,1602,821,781,315,201,256,278,245,307,166,112,128,149,129,137,149,89,128,129,116,170,623,0,623,고덕로61길
2019,1,A,골목상권,1000969,1531,763,768,302,180,264,219,240,326,149,105,131,117,112,149,153,75,133,102,128,177,559,136,423,고덕로25길
2019,1,A,골목상권,1000968,2111,1053,1058,307,314,363,352,345,430,166,154,196,179,160,198,141,160,167,173,185,232,1011,70,941,고덕로10길
2019,1,A,골목상권,1000967,4215,2140,2075,787,587,582,715,722,822,482,315,301,344,327,371,305,272,281,371,395,451,1622,254,1368,강동대로53길
2019,1,A,골목상권,1000966,1920,941,979,215,223,293,265,341,583,116,115,165,141,143,261,99,108,128,124,198,322,927,0,927,풍성로25길
2019,1,A,골목상권,1000965,2594,1296,1298,503,393,383,412,427,476,262,205,197,202,201,229,241,188,186,210,226,247,1021,74,947,오금로46길
2019,1,A,골목상권,1000964,2964,1456,1508,389,558,606,432,453,526,207,270,329,198,202,250,182,288,277,234,251,276,1347,51,1296,오금로36길
2019,1,A,골목상권,1000963,4808,2327,2481,504,807,1152,681,705,959,262,394,602,352,289,428,242,413,550,329,416,531,2498,22,2476,오금로11길
2019,1,A,골목상권,1000962,2715,1321,1394,434,431,340,428,518,564,224,226,162,196,248,265,210,205,178,232,270,299,1031,415,616,양재대로72길
2019,1,A,골목상권,1000961,1517,720,797,253,232,243,241,261,287,127,107,120,113,116,137,126,125,123,128,145,150,605,21,584,양재대로71길
2019,1,A,골목상권,1000960,3669,1878,1791,522,584,651,562,679,671,267,313,322,293,346,337,255,271,329,269,333,334,1520,10,1510,양재대로64길
2019,1,A,골목상권,1000959,1587,822,765,231,207,345,266,241,297,131,104,181,139,127,140,100,103,164,127,114,157,760,285,475,양재대로62길
2019,1,A,골목상권,1000958,1584,867,717,136,234,262,272,326,354,74,118,150,153,184,188,62,116,112,119,142,166,976,0,976,송파대로30길
2019,1,A,골목상권,1000957,3364,1702,1662,497,537,748,502,512,568,271,279,395,257,237,263,226,258,353,245,275,305,1421,305,1116,송이로36길
2019,1,A,골목상권,1000956,5600,2803,2797,829,963,1171,853,934,850,421,484,633,431,443,391,408,479,538,422,491,459,2442,399,2043,송이로32길
2019,1,A,골목상권,1000955,4454,2183,2271,600,753,910,684,669,838,323,377,448,338,311,386,277,376,462,346,358,452,2037,41,1996,송이로23길
2019,1,A,골목상권,1000954,6562,3101,3461,750,1248,1568,1019,923,1054,405,540,753,498,422,483,345,708,815,521,501,571,3534,0,3534,삼전로13길
2019,1,A,골목상권,1000953,8436,4124,4312,1245,1309,1609,1261,1357,1655,688,643,812,615,604,762,557,666,797,646,753,893,3604,201,3403,백제고분로50길
2019,1,A,골목상권,1000952,3217,1520,1697,427,559,718,457,504,552,208,273,352,210,223,254,219,286,366,247,281,298,1494,17,1477,백제고분로46길
2019,1,A,골목상권,1000951,4794,2292,2502,614,835,1175,666,690,814,296,385,561,343,311,396,318,450,614,323,379,418,2276,253,2023,백제고분로45길
2019,1,A,골목상권,1000950,4194,2011,2183,480,802,1058,577,610,667,261,374,504,272,292,308,219,428,554,305,318,359,2092,0,2092,백제고분로42길
2019,1,A,골목상권,1000949,3380,1551,1829,361,671,838,475,466,569,200,257,397,241,197,259,161,414,441,234,269,310,1760,0,1760,백제고분로39길
2019,1,A,골목상권,1000948,7777,3812,3965,1047,1197,1744,1243,1126,1420,567,581,892,605,532,635,480,616,852,638,594,785,3698,18,3680,백제고분로34길
2019,1,A,골목상권,1000947,6311,2980,3331,682,1163,1652,963,846,1005,334,503,802,493,394,454,348,660,850,470,452,551,3415,0,3415,백제고분로33길
2019,1,A,골목상권,1000946,6454,3067,3387,998,950,1415,1106,892,1093,518,449,684,539,387,490,480,501,731,567,505,603,2998,36,2962,백제고분로32길
2019,1,A,골목상권,1000945,6266,2886,3380,842,1003,1399,1053,889,1080,409,448,650,514,396,469,433,555,749,539,493,611,3121,0,3121,백제고분로31길
2019,1,A,골목상권,1000944,6884,3301,3583,909,1117,1607,1125,1041,1085,471,525,784,565,458,498,438,592,823,560,583,587,3375,0,3375,백제고분로22길
2019,1,A,골목상권,1000943,2499,1241,1258,251,442,625,422,370,389,136,207,300,220,205,173,115,235,325,202,165,216,1397,0,1397,백제고분로21길
2019,1,A,골목상권,1000942,3999,2059,1940,537,448,502,640,756,1116,272,248,273,345,405,516,265,200,229,295,351,600,1907,90,1817,마천로51길
2019,1,A,골목상권,1000941,3571,1709,1862,630,545,555,614,595,632,319,257,280,279,290,284,311,288,275,335,305,348,1332,380,952,동남로20길
2019,1,A,골목상권,1000940,3303,1666,1637,426,350,387,553,631,956,205,205,206,299,332,419,221,145,181,254,299,537,1655,0,1655,거마로20길
2019,1,A,골목상권,1000939,3038,1440,1598,624,356,582,615,347,514,378,158,228,275,169,232,246,198,354,340,178,282,1148,640,508,학동로77길
2019,1,A,골목상권,1000938,1604,734,870,133,343,427,272,164,265,73,150,196,127,75,113,60,193,231,145,89,152,987,0,987,학동로6길
2019,1,A,골목상권,1000937,1007,465,542,171,154,182,181,135,184,71,82,83,77,64,88,100,72,99,104,71,96,439,124,315,학동로56길
2019,1,A,골목상권,1000936,1519,705,814,166,297,413,250,162,231,74,135,200,130,71,95,92,162,213,120,91,136,842,102,740,학동로38길
2019,1,A,골목상권,1000935,415,202,213,35,67,95,53,52,113,26,33,47,27,22,47,9,34,48,26,30,66,226,0,226,테헤란로81길
2019,1,A,골목상권,1000934,3439,1654,1785,555,650,542,526,538,628,295,321,254,255,244,285,260,329,288,271,294,343,1566,0,1566,일원로9길
2019,1,A,골목상권,1000933,2386,1193,1193,446,387,362,390,366,435,246,204,184,183,174,202,200,183,178,207,192,233,1011,83,928,일원로3길
2019,1,A,골목상권,1000932,2065,1041,1024,302,305,247,348,350,513,178,182,123,154,176,228,124,123,124,194,174,285,1004,0,1004,영동대로65길
2019,1,A,골목상권,1000931,2663,1315,1348,466,381,457,487,390,482,278,205,220,214,178,220,188,176,237,273,212,262,1052,480,572,영동대로112길
2019,1,A,골목상권,1000930,3491,1735,1756,354,655,917,627,475,463,177,297,464,333,257,207,177,358,453,294,218,256,2051,180,1871,언주로81길
2019,1,A,골목상권,1000929,1001,467,534,149,155,224,189,121,163,81,67,95,94,60,70,68,88,129,95,61,93,497,64,433,압구정로2길
2019,1,A,골목상권,1000928,1733,865,868,272,229,220,275,315,422,145,128,119,123,161,189,127,101,101,152,154,233,740,35,705,선릉로18길
2019,1,A,골목상권,1000927,2058,912,1146,254,382,434,358,276,354,122,141,188,181,128,152,132,241,246,177,148,202,1117,0,1117,선릉로146길
2019,1,A,골목상권,1000926,1549,668,881,183,290,342,260,187,287,96,101,146,123,86,116,87,189,196,137,101,171,801,107,694,선릉로133길
2019,1,A,골목상권,1000925,2042,937,1105,400,311,372,370,278,311,209,123,150,172,143,140,191,188,222,198,135,171,844,120,724,선릉로132길
2019,1,A,골목상권,1000924,846,396,450,82,136,214,161,114,139,45,69,94,78,53,57,37,67,120,83,61,82,470,0,470,선릉로121길
2019,1,A,골목상권,1000923,2533,1236,1297,447,410,453,513,368,342,249,203,218,216,192,158,198,207,235,297,176,184,1183,237,946,삼성로75길
2019,1,A,골목상권,1000922,3460,1699,1761,680,591,523,724,489,453,401,294,260,317,233,194,279,297,263,407,256,259,1579,0,1579,삼성로69길
2019,1,A,골목상권,1000921,2924,1554,1370,820,349,162,814,498,281,543,191,74,348,269,129,277,158,88,466,229,152,934,718,216,삼성로64길
2019,1,A,골목상권,1000920,4355,2070,2285,773,755,631,889,758,549,437,358,297,377,362,239,336,397,334,512,396,310,2059,19,2040,삼성로63길
2019,1,A,골목상권,1000919,1730,904,826,506,216,102,447,308,151,317,104,47,188,177,71,189,112,55,259,131,80,522,394,128,삼성로57길
2019,1,A,골목상권,1000918,1246,554,692,173,253,269,188,162,201,85,113,105,92,77,82,88,140,164,96,85,119,651,26,625,삼성로147길
2019,1,A,골목상권,1000917,2821,1312,1509,548,380,595,558,320,420,312,191,239,247,150,173,236,189,356,311,170,247,1269,130,1139,삼성로115길
2019,1,A,골목상권,1000916,1490,697,793,156,255,419,283,145,232,85,116,177,146,78,95,71,139,242,137,67,137,883,0,883,봉은사로68길
2019,1,A,골목상권,1000915,1646,735,911,240,305,358,310,186,247,135,126,152,128,97,97,105,179,206,182,89,150,836,0,836,봉은사로57길
2019,1,A,골목상권,1000914,3259,1536,1723,500,474,708,594,404,579,263,227,322,275,192,257,237,247,386,319,212,322,1513,330,1183,봉은사로43길
2019,1,A,골목상권,1000913,1239,581,658,111,234,351,223,139,181,51,110,157,114,64,85,60,124,194,109,75,96,761,0,761,봉은사로29길
2019,1,A,골목상권,1000912,2173,1037,1136,416,300,343,369,324,421,210,159,153,172,150,193,206,141,190,197,174,228,806,146,660,봉은사로109길
2019,1,A,골목상권,1000911,1944,895,1049,281,316,351,347,307,342,155,136,168,154,134,148,126,180,183,193,173,194,842,165,677,도산대로89길
2019,1,A,골목상권,1000910,941,419,522,159,142,133,152,134,221,72,62,55,68,59,103,87,80,78,84,75,118,378,0,378,도산대로81길
2019,1,A,골목상권,1000909,2275,1052,1223,323,314,466,358,290,524,170,146,195,182,133,226,153,168,271,176,157,298,1013,396,617,도산대로50길
2019,1,A,골목상권,1000908,1051,484,567,91,203,315,169,110,163,50,87,149,90,43,65,41,116,166,79,67,98,661,0,661,도산대로38길
2019,1,A,골목상권,1000907,905,420,485,64,180,219,164,97,181,29,72,109,80,43,87,35,108,110,84,54,94,541,27,514,도산대로30길
2019,1,A,골목상권,1000906,1506,661,845,175,284,349,261,180,257,90,116,152,123,69,111,85,168,197,138,111,146,817,31,786,도산대로23길
2019,1,A,골목상권,1000905,694,309,385,79,143,154,119,73,126,34,53,72,54,36,60,45,90,82,65,37,66,375,0,375,도산대로15길
2019,1,A,골목상권,1000904,6062,2806,3256,750,1068,1396,1028,788,1032,371,472,642,484,376,461,379,596,754,544,412,571,3117,0,3117,도곡로37길
2019,1,A,골목상권,1000903,3622,1776,1846,584,544,631,628,602,633,307,279,327,293,296,274,277,265,304,335,306,359,1613,0,1613,논현로8길
2019,1,A,골목상권,1000902,2571,1243,1328,324,424,593,431,353,446,164,205,270,223,173,208,160,219,323,208,180,238,1277,222,1055,논현로63길
2019,1,A,골목상권,1000901,77,46,31,10,8,12,7,12,28,7,5,7,4,5,18,3,3,5,3,7,10,37,0,37,논현로28길
2019,1,A,골목상권,1000900,1247,570,677,133,210,194,208,206,296,68,99,79,102,88,134,65,111,115,106,118,162,655,0,655,논현로26길
2019,1,A,골목상권,1000899,423,186,237,54,68,100,67,54,80,27,25,43,32,23,36,27,43,57,35,31,44,206,0,206,논현로159길
2019,1,A,골목상권,1000898,1378,655,723,149,206,320,221,186,296,78,88,147,115,86,141,71,118,173,106,100,155,692,0,692,논현로139길
2019,1,A,골목상권,1000897,2084,990,1094,126,388,531,441,278,320,68,185,239,213,154,131,58,203,292,228,124,189,1504,0,1504,논현로123길
2019,1,A,골목상권,1000896,3224,1527,1697,245,720,897,483,385,494,106,333,419,260,185,224,139,387,478,223,200,270,1936,55,1881,논현로115길
2019,1,A,골목상권,1000895,1575,786,789,275,208,272,305,258,257,148,111,136,140,131,120,127,97,136,165,127,137,661,0,661,논현로10길
2019,1,A,골목상권,1000894,2107,924,1183,147,418,724,333,206,279,62,168,310,163,93,128,85,250,414,170,113,151,1353,0,1353,논현로106길
2019,1,A,골목상권,1000893,2859,1378,1481,621,337,483,575,416,427,298,171,241,275,203,190,323,166,242,300,213,237,1124,681,443,남부순환로365길
2019,1,A,골목상권,1000892,28,18,10,0,4,2,3,6,13,0,2,2,3,4,7,0,2,0,0,2,6,25,0,25,개포로82길
2019,1,A,골목상권,1000891,2068,994,1074,370,329,314,395,352,308,183,166,159,179,171,136,187,163,155,216,181,172,820,105,715,개포로28길
2019,1,A,골목상권,1000890,2405,1170,1235,331,409,452,379,415,419,162,195,235,203,179,196,169,214,217,176,236,223,1073,0,1073,개포로20길
2019,1,A,골목상권,1000889,3678,1792,1886,594,537,600,641,613,693,313,267,296,305,301,310,281,270,304,336,312,383,1590,81,1509,개포로17길
2019,1,A,골목상권,1000888,1863,846,1017,185,311,453,272,294,348,98,129,212,128,127,152,87,182,241,144,167,196,968,552,416,강남대로140길
2019,1,A,골목상권,1000887,1263,572,691,148,183,247,212,175,298,66,80,104,97,75,150,82,103,143,115,100,148,558,0,558,강남대로136길
2019,1,A,골목상권,1000886,1463,630,833,110,333,412,241,147,220,61,129,170,124,56,90,49,204,242,117,91,130,902,17,885,강남대로118길
2019,1,A,골목상권,1000885,2653,1312,1341,451,364,492,474,342,530,234,189,236,237,161,255,217,175,256,237,181,275,1115,143,972,서초중앙로8길
2019,1,A,골목상권,1000884,2768,1261,1507,564,392,350,510,481,471,242,180,151,223,243,222,322,212,199,287,238,249,1041,152,889,방배중앙로21길
2019,1,A,골목상권,1000883,2091,1023,1068,396,254,414,394,290,343,212,118,178,210,145,160,184,136,236,184,145,183,908,335,573,효령로72길
2019,1,A,골목상권,1000882,1562,747,815,266,198,285,253,241,319,146,95,135,118,114,139,120,103,150,135,127,180,618,300,318,효령로34길
2019,1,A,골목상권,1000881,1842,861,981,237,260,364,317,258,406,120,123,176,144,121,177,117,137,188,173,137,229,929,0,929,효령로31길
2019,1,A,골목상권,1000880,4664,2146,2518,710,786,893,771,653,851,380,350,404,350,289,373,330,436,489,421,364,478,2015,140,1875,효령로23길
2019,1,A,골목상권,1000879,3991,1881,2110,603,605,689,639,565,890,319,270,330,303,254,405,284,335,359,336,311,485,1807,0,1807,청두곶길
2019,1,A,골목상권,1000878,3994,1942,2052,218,925,1170,643,458,580,112,413,567,357,238,255,106,512,603,286,220,325,2725,0,2725,주흥길
2019,1,A,골목상권,1000877,2694,1241,1453,203,530,734,477,283,467,99,226,332,255,141,188,104,304,402,222,142,279,1711,0,1711,주흥15길
2019,1,A,골목상권,1000876,2091,1054,1037,275,335,459,359,316,347,142,170,231,188,159,164,133,165,228,171,157,183,980,0,980,언남길
2019,1,A,골목상권,1000875,2627,1270,1357,325,467,563,426,345,501,165,228,277,207,170,223,160,239,286,219,175,278,1360,87,1273,신반포로45길
2019,1,A,골목상권,1000874,1545,766,779,189,196,224,215,227,494,107,87,118,118,102,234,82,109,106,97,125,260,681,0,681,서초대로8길
2019,1,A,골목상권,1000873,1759,848,911,389,219,267,362,259,263,199,109,112,180,126,122,190,110,155,182,133,141,603,480,123,서초대로64길
2019,1,A,골목상권,1000872,3519,1586,1933,548,521,605,546,524,775,255,243,277,239,237,335,293,278,328,307,287,440,1504,117,1387,서초대로4길
2019,1,A,골목상권,1000871,1261,597,664,195,196,250,195,191,234,101,87,120,95,81,113,94,109,130,100,110,121,537,0,537,서초대로25길
2019,1,A,골목상권,1000870,2408,1149,1259,346,304,435,449,354,520,181,150,200,227,170,221,165,154,235,222,184,299,1185,116,1069,서초대로23길
2019,1,A,골목상권,1000869,2418,1099,1319,379,363,523,420,304,429,184,162,230,188,150,185,195,201,293,232,154,244,1139,0,1139,서초대로15길
2019,1,A,골목상권,1000868,1219,542,677,51,295,329,188,139,217,25,124,143,96,62,92,26,171,186,92,77,125,817,0,817,사평대로57길
2019,1,A,골목상권,1000867,173,71,102,24,40,17,24,24,44,10,17,7,8,9,20,14,23,10,16,15,24,74,0,74,사평대로26길
2019,1,A,골목상권,1000866,1568,713,855,325,199,229,311,231,273,174,86,95,134,103,121,151,113,134,177,128,152,600,83,517,사평대로22길
2019,1,A,골목상권,1000865,1089,536,553,160,194,217,160,155,203,84,103,111,83,68,87,76,91,106,77,87,116,554,38,516,사임당로17길
2019,1,A,골목상권,1000864,1130,528,602,275,135,158,224,159,179,132,73,75,107,67,74,143,62,83,117,92,105,427,0,427,방배로42길
2019,1,A,골목상권,1000863,1599,754,845,314,212,213,311,237,312,153,103,88,143,122,145,161,109,125,168,115,167,638,0,638,방배로35길
2019,1,A,골목상권,1000862,1646,762,884,204,290,409,236,201,306,115,117,194,108,82,146,89,173,215,128,119,160,830,0,830,방배로18길
2019,1,A,골목상권,1000861,1630,786,844,267,260,235,264,280,324,146,134,123,117,132,134,121,126,112,147,148,190,691,75,616,반포대로9길
2019,1,A,골목상권,1000860,2791,1339,1452,332,457,582,395,418,607,170,221,307,176,190,275,162,236,275,219,228,332,1312,77,1235,바우뫼로39길
2019,1,A,골목상권,1000859,1505,750,755,219,215,325,262,201,283,113,110,172,142,90,123,106,105,153,120,111,160,682,0,682,마방로2길
2019,1,A,골목상권,1000858,1197,528,669,166,215,232,191,175,218,81,70,102,104,66,105,85,145,130,87,109,113,598,0,598,방배천로4안길
2019,1,A,골목상권,1000857,2075,1047,1028,305,303,487,372,276,332,152,159,257,191,133,155,153,144,230,181,143,177,964,0,964,동산로19길
2019,1,A,골목상권,1000856,3519,1748,1771,552,517,723,567,536,624,304,259,366,285,254,280,248,258,357,282,282,344,1514,31,1483,동산로10길
2019,1,A,골목상권,1000855,1674,754,920,295,205,271,302,252,349,150,89,117,130,125,143,145,116,154,172,127,206,740,0,740,동광로39길
2019,1,A,골목상권,1000854,3406,1575,1831,601,515,556,647,544,543,298,245,269,284,249,230,303,270,287,363,295,313,1453,0,1453,동광로1길
2019,1,A,골목상권,1000853,1371,630,741,255,190,189,259,192,286,107,85,91,124,96,127,148,105,98,135,96,159,557,0,557,동광로12길
2019,1,A,골목상권,1000852,1813,866,947,168,275,378,346,265,381,87,142,180,166,125,166,81,133,198,180,140,215,1033,152,881,논현로27길
2019,1,A,골목상권,1000851,3209,1549,1660,535,455,671,593,494,461,263,226,338,286,242,194,272,229,333,307,252,267,1364,0,1364,논현로1길
2019,1,A,골목상권,1000850,1541,764,777,272,194,336,287,201,251,134,95,171,144,103,117,138,99,165,143,98,134,716,0,716,남부순환로339길
2019,1,A,골목상권,1000849,2444,1203,1241,339,369,342,388,440,566,184,188,168,185,219,259,155,181,174,203,221,307,1081,223,858,남부순환로325길
2019,1,A,골목상권,1000848,1741,848,893,349,269,273,310,266,274,190,135,125,149,119,130,159,134,148,161,147,144,669,98,571,남부순환로317길
2019,1,A,골목상권,1000847,1968,925,1043,425,218,308,352,267,398,216,103,139,165,127,175,209,115,169,187,140,223,716,48,668,고무래로8길
2019,1,A,골목상권,1000846,3665,1843,1822,469,618,856,552,520,650,237,314,450,288,245,309,232,304,406,264,275,341,1826,91,1735,강남대로8길
2019,1,A,골목상권,1000845,2613,1245,1368,262,442,679,343,367,520,134,203,364,159,166,219,128,239,315,184,201,301,1357,0,1357,강남대로34길
2019,1,A,골목상권,1000844,1101,545,556,126,176,252,151,152,244,70,83,123,86,62,121,56,93,129,65,90,123,537,0,537,강남대로23길
2019,1,A,골목상권,1000843,709,385,324,31,61,85,141,148,243,22,25,47,82,95,114,9,36,38,59,53,129,523,0,523,소담길
2019,1,A,골목상권,1000842,1352,684,668,154,153,193,188,255,409,77,74,116,110,128,179,77,79,77,78,127,230,660,155,505,원신길
2019,1,A,골목상권,1000841,1787,894,893,183,198,214,262,337,593,89,107,136,143,176,243,94,91,78,119,161,350,900,0,900,양지길
2019,1,A,골목상권,1000840,1578,809,769,126,274,301,252,239,386,65,147,182,146,106,163,61,127,119,106,133,223,901,284,617,양산길
2019,1,A,골목상권,1000839,2712,1682,1030,93,892,697,412,266,352,42,505,486,302,186,161,51,387,211,110,80,191,2211,0,2211,호암로24길
2019,1,A,골목상권,1000838,3095,1978,1117,145,966,726,495,345,418,80,587,510,386,209,206,65,379,216,109,136,212,2317,0,2317,호암로20길
2019,1,A,골목상권,1000837,4876,2395,2481,320,1594,1229,563,449,721,162,730,664,307,209,323,158,864,565,256,240,398,3312,0,3312,행운길
2019,1,A,골목상권,1000836,3312,1668,1644,276,758,635,394,438,811,150,349,341,212,233,383,126,409,294,182,205,428,2037,0,2037,행운1길
2019,1,A,골목상권,1000835,4202,2075,2127,513,526,568,620,703,1272,264,299,306,338,343,525,249,227,262,282,360,747,2091,382,1709,청림3길
2019,1,A,골목상권,1000834,3526,1673,1853,208,1296,757,353,351,561,103,531,412,189,160,278,105,765,345,164,191,283,2530,23,2507,청룡길
2019,1,A,골목상권,1000833,1945,939,1006,193,597,383,231,191,350,97,256,211,123,90,162,96,341,172,108,101,188,1224,0,1224,청룡8길
2019,1,A,골목상권,1000832,3241,1602,1639,305,760,605,432,397,742,160,366,320,238,207,311,145,394,285,194,190,431,1808,143,1665,중앙길
2019,1,A,골목상권,1000831,4364,2209,2155,492,755,748,633,742,994,259,343,422,332,387,466,233,412,326,301,355,528,2389,47,2342,조원중앙로2길
2019,1,A,골목상권,1000830,1778,888,890,135,508,412,216,193,314,69,220,233,128,94,144,66,288,179,88,99,170,1158,0,1158,조원로18길
2019,1,A,골목상권,1000829,1754,907,847,160,295,331,249,291,428,87,134,182,144,159,201,73,161,149,105,132,227,1004,0,1004,조원로10길
2019,1,A,골목상권,1000828,1757,873,884,144,465,380,207,182,379,76,215,208,119,89,166,68,250,172,88,93,213,1094,0,1094,장군봉2길
2019,1,A,골목상권,1000827,857,403,454,86,134,133,96,131,277,49,55,64,53,67,115,37,79,69,43,64,162,525,30,495,장군봉1길
2019,1,A,골목상권,1000826,3008,1435,1573,358,492,563,481,442,672,175,237,278,238,215,292,183,255,285,243,227,380,1409,0,1409,인헌길
2019,1,A,골목상권,1000825,1485,726,759,278,170,258,255,203,321,134,92,125,138,103,134,144,78,133,117,100,187,578,0,578,은천로25길
2019,1,A,골목상권,1000824,4600,2233,2367,358,1190,898,526,610,1018,198,510,482,282,294,467,160,680,416,244,316,551,2698,80,2618,양녕로6길
2019,1,A,골목상권,1000823,2830,1390,1440,207,630,531,351,388,723,98,291,315,204,170,312,109,339,216,147,218,411,1742,0,1742,신원로3길
2019,1,A,골목상권,1000822,1872,952,920,143,494,410,253,207,365,85,227,225,132,111,172,58,267,185,121,96,193,1201,0,1201,신사로20길
2019,1,A,골목상권,1000821,1967,941,1026,56,899,509,178,137,188,28,395,277,91,69,81,28,504,232,87,68,107,1574,0,1574,신림로65길
2019,1,A,골목상권,1000820,1651,887,764,56,620,466,189,154,166,35,276,269,120,100,87,21,344,197,69,54,79,1351,0,1351,신림로64길
2019,1,A,골목상권,1000819,2604,1367,1237,211,674,536,328,386,469,117,350,329,179,181,211,94,324,207,149,205,258,1504,0,1504,신림로48길
2019,1,A,골목상권,1000818,2009,1048,961,187,463,376,287,285,411,100,243,215,170,137,183,87,220,161,117,148,228,1141,0,1141,신림로38길
2019,1,A,골목상권,1000817,2973,1751,1222,244,825,666,428,358,452,131,468,443,275,216,218,113,357,223,153,142,234,2020,56,1964,신림로28길
2019,1,A,골목상권,1000816,4647,2745,1902,335,1310,984,643,607,768,169,775,660,429,355,357,166,535,324,214,252,411,3135,0,3135,신림로11길
2019,1,A,골목상권,1000815,4207,2164,2043,134,1607,1235,494,298,439,65,761,684,301,164,189,69,846,551,193,134,250,3412,0,3412,신림동길
2019,1,A,골목상권,1000814,3158,1503,1655,218,860,864,322,402,492,110,362,455,165,163,248,108,498,409,157,239,244,1849,20,1829,승방길
2019,1,A,골목상권,1000813,4104,2699,1405,220,1467,1036,544,347,490,130,963,737,410,230,229,90,504,299,134,117,261,3181,0,3181,서림7길
2019,1,A,골목상권,1000812,3995,1966,2029,422,745,740,556,544,988,221,352,389,307,258,439,201,393,351,249,286,549,2115,454,1661,봉천로33길
2019,1,A,골목상권,1000811,3807,1892,1915,513,706,638,534,525,891,285,360,341,270,249,387,228,346,297,264,276,504,1830,0,1830,봉천로13길
2019,1,A,골목상권,1000810,4138,2249,1889,394,1011,819,566,555,793,198,557,511,329,289,365,196,454,308,237,266,428,2428,0,2428,복은길
2019,1,A,골목상권,1000809,1325,638,687,196,204,163,205,246,311,96,98,93,98,115,138,100,106,70,107,131,173,601,0,601,법원단지길
2019,1,A,골목상권,1000808,5210,2605,2605,764,810,673,841,951,1171,415,424,356,423,447,540,349,386,317,418,504,631,2139,0,2139,법원단지9길
2019,1,A,골목상권,1000807,4365,2147,2218,608,685,609,670,773,1020,310,337,324,337,363,476,298,348,285,333,410,544,1896,264,1632,미성5길
2019,1,A,골목상권,1000806,1773,1108,665,102,589,360,259,185,278,49,373,252,189,121,124,53,216,108,70,64,154,1317,0,1317,대학길
2019,1,A,골목상권,1000805,2996,2075,921,176,876,602,537,396,409,94,590,445,413,307,226,82,286,157,124,89,183,2356,0,2356,대학14길
2019,1,A,골목상권,1000804,1818,881,937,189,351,288,290,282,418,95,156,159,135,139,197,94,195,129,155,143,221,1000,0,1000,당곡길
2019,1,A,골목상권,1000803,1976,922,1054,240,396,390,269,261,420,111,178,200,126,118,189,129,218,190,143,143,231,968,152,816,남현길
2019,1,A,골목상권,1000802,1610,750,860,113,376,415,198,193,315,56,161,203,100,86,144,57,215,212,98,107,171,998,26,972,남현3길
2019,1,A,골목상권,1000801,2797,1324,1473,241,612,638,350,385,571,126,259,336,188,165,250,115,353,302,162,220,321,1521,0,1521,남현2길
2019,1,A,골목상권,1000800,1646,769,877,159,373,298,228,226,362,76,172,143,114,109,155,83,201,155,114,117,207,899,44,855,남부순환로248길
2019,1,A,골목상권,1000799,1832,920,912,170,458,384,250,188,382,82,232,211,134,89,172,88,226,173,116,99,210,1148,24,1124,남부순환로234길
2019,1,A,골목상권,1000798,2670,1327,1343,288,625,459,388,400,510,144,313,252,188,192,238,144,312,207,200,208,272,1418,153,1265,남부순환로172길
2019,1,A,골목상권,1000797,3899,1968,1931,428,813,673,582,657,746,227,400,378,290,335,338,201,413,295,292,322,408,2063,0,2063,남부순환로161길
2019,1,A,골목상권,1000796,3382,1677,1705,336,804,653,494,481,614,176,380,360,251,224,286,160,424,293,243,257,328,1868,0,1868,남부순환로151길
2019,1,A,골목상권,1000795,3445,1702,1743,402,672,692,485,507,687,187,315,384,258,254,304,215,357,308,227,253,383,1838,274,1564,남부순환로142길
2019,1,A,골목상권,1000794,2621,1375,1246,302,309,269,452,441,848,156,174,157,247,239,402,146,135,112,205,202,446,1351,0,1351,난향길
2019,1,A,골목상권,1000793,2409,1190,1219,394,322,322,384,408,579,188,162,171,192,206,271,206,160,151,192,202,308,1033,0,1033,난우길
2019,1,A,골목상권,1000792,1853,871,982,146,485,397,232,221,372,78,198,210,117,101,167,68,287,187,115,120,205,1170,0,1170,난곡로74길
2019,1,A,골목상권,1000791,2567,1303,1264,334,376,396,387,495,579,187,186,207,206,244,273,147,190,189,181,251,306,1140,0,1140,난곡로34길
2019,1,A,골목상권,1000790,3307,1680,1627,378,506,401,509,646,867,198,253,242,281,325,381,180,253,159,228,321,486,1644,0,1644,난곡로26길
2019,1,A,골목상권,1000789,2463,1296,1167,304,285,323,375,427,749,161,171,179,215,224,346,143,114,144,160,203,403,1159,0,1159,난곡로24길
2019,1,A,골목상권,1000788,5278,2608,2670,523,1592,1218,664,491,790,250,741,666,362,232,357,273,851,552,302,259,433,3333,0,3333,낙성대역길
2019,1,A,골목상권,1000787,5533,2762,2771,817,760,880,905,882,1289,418,403,466,484,405,586,399,357,414,421,477,703,2363,0,2363,국회단지길
2019,1,A,골목상권,1000786,2935,1465,1470,430,316,304,514,480,891,228,164,153,280,240,400,202,152,151,234,240,491,1402,0,1402,구암길
2019,1,A,골목상권,1000785,4339,2127,2212,386,1119,962,549,494,829,180,556,503,296,225,367,206,563,459,253,269,462,2550,0,2550,관천로22길
2019,1,A,골목상권,1000784,4588,2312,2276,549,991,814,677,694,863,280,490,463,360,326,393,269,501,351,317,368,470,2398,0,2398,관천로15길
2019,1,A,골목상권,1000783,2739,1365,1374,440,407,432,420,420,620,220,220,223,205,212,285,220,187,209,215,208,335,1019,290,729,관악로30길
2019,1,A,골목상권,1000782,3096,1532,1564,500,434,453,505,505,699,254,228,225,253,243,329,246,206,228,252,262,370,1116,163,953,관악로28길
2019,1,A,골목상권,1000781,1415,670,745,104,545,283,138,116,229,53,241,143,74,61,98,51,304,140,64,55,131,980,0,980,관악로14길
2019,1,A,골목상권,1000780,4471,2220,2251,505,1331,875,581,469,710,258,612,502,316,222,310,247,719,373,265,247,400,2650,120,2530,관악로10길
2019,1,A,골목상권,1000779,2030,1033,997,195,647,302,228,248,410,101,372,159,114,116,171,94,275,143,114,132,239,1198,230,968,흑석로9길
2019,1,A,골목상권,1000778,655,331,324,77,150,96,82,108,142,33,75,64,42,55,62,44,75,32,40,53,80,329,0,329,흑석로13길
2019,1,A,골목상권,1000777,2335,1233,1102,162,462,364,300,412,635,96,252,221,179,205,280,66,210,143,121,207,355,1386,0,1386,장승배기로27길
2019,1,A,골목상권,1000776,2448,1242,1206,193,344,346,326,470,769,95,178,205,173,245,346,98,166,141,153,225,423,1324,0,1324,장승배기로19길
2019,1,A,골목상권,1000775,383,206,177,36,75,44,54,73,101,19,41,29,25,41,51,17,34,15,29,32,50,212,22,190,장승배기로10길
2019,1,A,골목상권,1000774,2872,1334,1538,686,436,369,625,397,359,291,188,181,303,209,162,395,248,188,322,188,197,1117,171,946,여의대방로46길
2019,1,A,골목상권,1000773,2873,1347,1526,391,520,553,467,407,535,194,223,265,219,202,244,197,297,288,248,205,291,1447,71,1376,여의대방로24길
2019,1,A,골목상권,1000772,3185,1556,1629,354,754,602,460,426,589,191,342,311,217,219,276,163,412,291,243,207,313,1721,0,1721,여의대방로22카길
2019,1,A,골목상권,1000771,2494,1200,1294,377,350,430,417,367,553,195,169,208,211,181,236,182,181,222,206,186,317,1099,198,901,여의대방로22나길
2019,1,A,골목상권,1000770,2387,1170,1217,280,468,468,360,352,459,153,217,241,187,167,205,127,251,227,173,185,254,1262,177,1085,여의대방로22길
2019,1,A,골목상권,1000769,1926,934,992,320,264,297,328,313,404,172,123,147,164,143,185,148,141,150,164,170,219,769,142,627,양녕로26길
2019,1,A,골목상권,1000768,3860,1858,2002,428,560,567,603,657,1045,224,277,296,285,327,449,204,283,271,318,330,596,2197,0,2197,신대방길
2019,1,A,골목상권,1000767,2051,988,1063,266,341,325,330,311,478,139,180,162,166,151,190,127,161,163,164,160,288,975,0,975,성대로29길
2019,1,A,골목상권,1000766,1125,554,571,95,247,250,127,174,232,46,115,121,69,99,104,49,132,129,58,75,128,713,0,713,성대로1길
2019,1,A,골목상권,1000765,630,305,325,68,106,61,85,111,199,31,57,33,44,61,79,37,49,28,41,50,120,333,0,333,서달로8가길
2019,1,A,골목상권,1000764,363,191,172,31,54,53,43,57,125,14,30,32,30,31,54,17,24,21,13,26,71,228,0,228,서달로15길
2019,1,A,골목상권,1000763,380,176,204,37,65,47,36,77,118,16,33,22,22,35,48,21,32,25,14,42,70,200,0,200,서달로14길
2019,1,A,골목상권,1000762,1747,829,918,183,273,237,251,310,493,93,133,118,137,152,196,90,140,119,114,158,297,866,0,866,서달로10길
2019,1,A,골목상권,1000761,2947,1430,1517,363,909,561,376,288,450,178,446,267,192,141,206,185,463,294,184,147,244,1702,130,1572,상도로62길
2019,1,A,골목상권,1000760,2305,1191,1114,234,724,385,278,267,417,121,421,200,140,117,192,113,303,185,138,150,225,1287,274,1013,상도로61길
2019,1,A,골목상권,1000759,3944,1988,1956,488,1231,559,485,440,741,242,710,286,228,198,324,246,521,273,257,242,417,2157,49,2108,상도로47길
2019,1,A,골목상권,1000758,1330,639,691,176,362,241,160,146,245,81,175,127,84,66,106,95,187,114,76,80,139,713,0,713,상도로37길
2019,1,A,골목상권,1000757,3901,1890,2011,356,881,804,504,548,808,175,431,412,259,268,345,181,450,392,245,280,463,2191,0,2191,상도로15길
2019,1,A,골목상권,1000756,2608,1233,1375,258,488,514,378,397,573,134,222,261,192,185,239,124,266,253,186,212,334,1295,0,1295,사당로8길
2019,1,A,골목상권,1000755,1022,484,538,60,231,247,131,115,238,39,107,122,73,46,97,21,124,125,58,69,141,628,0,628,사당로30길
2019,1,A,골목상권,1000754,3211,1554,1657,471,505,553,518,465,699,261,232,276,254,213,318,210,273,277,264,252,381,1531,230,1301,사당로2차길
2019,1,A,골목상권,1000753,2570,1227,1343,239,508,453,350,441,579,115,255,223,173,218,243,124,253,230,177,223,336,1363,0,1363,사당로29길
2019,1,A,골목상권,1000752,2886,1392,1494,274,630,638,343,391,610,146,298,334,159,184,271,128,332,304,184,207,339,1600,0,1600,사당로26길
2019,1,A,골목상권,1000751,1000,497,503,113,143,145,157,165,277,59,72,82,86,78,120,54,71,63,71,87,157,476,0,476,사당로23나길
2019,1,A,골목상권,1000750,1509,721,788,307,178,281,242,224,277,162,74,126,125,107,127,145,104,155,117,117,150,512,503,9,사당로23길
2019,1,A,골목상권,1000749,2722,1296,1426,258,575,563,377,367,582,122,267,301,194,158,254,136,308,262,183,209,328,1476,0,1476,사당로20길
2019,1,A,골목상권,1000748,3461,1649,1812,378,499,584,552,490,958,182,237,307,293,221,409,196,262,277,259,269,549,1703,68,1635,사당로16길
2019,1,A,골목상권,1000747,2263,1079,1184,237,475,404,318,310,519,113,214,208,168,147,229,124,261,196,150,163,290,1140,0,1140,사당로16가길
2019,1,A,골목상권,1000746,3617,1847,1770,520,711,639,463,486,798,270,405,368,240,208,356,250,306,271,223,278,442,1719,593,1126,만양로8길
2019,1,A,골목상권,1000745,921,559,362,38,379,201,87,70,146,22,247,141,63,32,54,16,132,60,24,38,92,711,0,711,만양로14길
2019,1,A,골목상권,1000744,1918,967,951,195,332,325,245,328,493,105,181,176,131,160,214,90,151,149,114,168,279,1008,133,875,등용로14길
2019,1,A,골목상권,1000743,3443,1644,1799,216,893,745,384,474,731,117,389,364,208,227,339,99,504,381,176,247,392,2078,64,2014,동작대로7길
2019,1,A,골목상권,1000742,2600,1304,1296,315,344,433,391,418,699,170,177,234,208,197,318,145,167,199,183,221,381,1149,24,1125,동작대로35길
2019,1,A,골목상권,1000741,2635,1255,1380,229,422,456,387,394,747,125,203,227,190,170,340,104,219,229,197,224,407,1427,18,1409,동작대로33길
2019,1,A,골목상권,1000740,860,427,433,98,144,136,106,128,248,52,80,71,53,58,113,46,64,65,53,70,135,350,148,202,동작대로29길
2019,1,A,골목상권,1000739,2411,1122,1289,177,471,505,343,336,579,89,199,223,182,153,276,88,272,282,161,183,303,1492,0,1492,동작대로17길
2019,1,A,골목상권,1000738,3564,1596,1968,476,847,672,520,469,580,257,336,281,249,213,260,219,511,391,271,256,320,1805,0,1805,대방동2길
2019,1,A,골목상권,1000737,4113,2061,2052,749,746,692,757,564,605,409,360,354,376,293,269,340,386,338,381,271,336,1902,0,1902,대방동27길
2019,1,A,골목상권,1000736,3231,1625,1606,311,547,442,445,676,810,163,273,257,238,324,370,148,274,185,207,352,440,1619,18,1601,노량진로6길
2019,1,A,골목상권,1000735,3937,1880,2057,511,716,792,552,522,844,249,326,410,292,241,362,262,390,382,260,281,482,1993,0,1993,국사봉길
2019,1,A,골목상권,1000734,1413,632,781,140,366,324,194,151,238,79,137,145,84,77,110,61,229,179,110,74,128,828,0,828,국사봉2길
2019,1,A,골목상권,1000733,3340,1573,1767,321,591,624,503,505,796,158,263,322,247,234,349,163,328,302,256,271,447,1851,0,1851,국사봉1길
2019,1,A,골목상권,1000732,2590,1342,1248,219,339,442,347,502,741,109,191,236,184,257,365,110,148,206,163,245,376,1456,69,1387,영신로9길
2019,1,A,골목상권,1000731,2665,1348,1317,191,570,496,394,405,609,95,259,285,215,220,274,96,311,211,179,185,335,1740,14,1726,영등포로84길
2019,1,A,골목상권,1000730,2232,1160,1072,209,377,353,324,382,587,117,185,212,183,210,253,92,192,141,141,172,334,1270,0,1270,영등포로80길
2019,1,A,골목상권,1000729,1623,849,774,134,266,341,236,240,406,62,147,198,135,120,187,72,119,143,101,120,219,955,21,934,영등포로62길
2019,1,A,골목상권,1000728,1332,764,568,76,323,285,167,197,284,40,159,169,107,128,161,36,164,116,60,69,123,957,0,957,영등포로35길
2019,1,A,골목상권,1000727,1825,1003,822,147,327,373,254,299,425,74,165,233,152,173,206,73,162,140,102,126,219,1120,0,1120,영등포로27길
2019,1,A,골목상권,1000726,1829,930,899,131,394,370,229,283,422,63,191,201,138,144,193,68,203,169,91,139,229,1125,0,1125,영등포로25길
2019,1,A,골목상권,1000725,2311,1165,1146,219,324,444,362,376,586,104,160,259,182,200,260,115,164,185,180,176,326,1248,411,837,여의대방로61길
2019,1,A,골목상권,1000724,3542,1773,1769,436,514,519,530,641,902,241,264,280,272,313,403,195,250,239,258,328,499,1643,746,897,여의대방로43나길
2019,1,A,골목상권,1000723,371,173,198,28,74,64,43,61,101,15,29,30,21,31,47,13,45,34,22,30,54,222,0,222,여의대방로39길
2019,1,A,골목상권,1000722,1533,795,738,173,242,218,241,243,416,90,123,119,130,128,205,83,119,99,111,115,211,766,0,766,여의대방로35길
2019,1,A,골목상권,1000721,4135,2106,2029,593,690,1103,610,509,630,310,323,602,315,250,306,283,367,501,295,259,324,1877,631,1246,양평로28길
2019,1,A,골목상권,1000720,1552,760,792,204,265,486,245,154,198,117,98,257,133,75,80,87,167,229,112,79,118,825,165,660,양평로22라길
2019,1,A,골목상권,1000719,3234,1627,1607,567,466,620,530,455,596,297,229,324,278,230,269,270,237,296,252,225,327,1251,626,625,양평로19길
2019,1,A,골목상권,1000718,2997,1487,1510,318,364,403,449,532,931,166,173,216,231,275,426,152,191,187,218,257,505,1474,0,1474,신길로60길
2019,1,A,골목상권,1000717,2737,1382,1355,297,366,304,418,536,816,152,192,175,227,278,358,145,174,129,191,258,458,1292,80,1212,신길로42길
2019,1,A,골목상권,1000716,3964,1929,2035,503,539,445,642,732,1103,265,280,243,320,348,473,238,259,202,322,384,630,1902,250,1652,신길로42가길
2019,1,A,골목상권,1000715,1984,1008,976,236,257,213,318,396,564,125,147,119,167,201,249,111,110,94,151,195,315,1060,0,1060,신길로39길
2019,1,A,골목상권,1000714,2428,1173,1255,211,383,315,344,458,717,106,210,176,162,213,306,105,173,139,182,245,411,1263,0,1263,신길로17길
2019,1,A,골목상권,1000713,982,506,476,130,117,158,150,150,277,73,60,87,87,70,129,57,57,71,63,80,148,442,0,442,선유서로28길
2019,1,A,골목상권,1000712,3395,1761,1634,385,556,817,519,457,661,202,271,450,293,251,294,183,285,367,226,206,367,1810,591,1219,선유서로25길
2019,1,A,골목상권,1000711,1294,670,624,114,134,148,175,237,486,58,87,93,101,127,204,56,47,55,74,110,282,735,0,735,선유서로24길
2019,1,A,골목상권,1000710,2921,1438,1483,208,719,756,357,354,527,107,282,400,193,206,250,101,437,356,164,148,277,1881,20,1861,선유로55길
2019,1,A,골목상권,1000709,81,74,7,61,4,4,5,2,5,60,3,3,4,0,4,1,1,1,1,2,1,13,0,13,디지털로74길
2019,1,A,골목상권,1000708,1463,703,760,133,143,165,256,276,490,73,72,80,125,146,207,60,71,85,131,130,283,868,0,868,디지털로57길
2019,1,A,골목상권,1000707,1343,649,694,141,121,128,218,244,491,72,65,63,105,123,221,69,56,65,113,121,270,725,0,725,디지털로37길
2019,1,A,골목상권,1000706,1876,927,949,231,278,270,288,291,518,115,154,148,141,136,233,116,124,122,147,155,285,910,0,910,도신로62길
2019,1,A,골목상권,1000705,800,408,392,87,118,108,108,131,248,46,65,60,57,61,119,41,53,48,51,70,129,433,0,433,도신로60길
2019,1,A,골목상권,1000704,1619,818,801,205,217,243,265,292,397,118,109,132,129,154,176,87,108,111,136,138,221,748,84,664,도신로29길
2019,1,A,골목상권,1000703,3610,1795,1815,332,680,728,514,567,789,180,304,379,275,290,367,152,376,349,239,277,422,1865,12,1853,도신로15길
2019,1,A,골목상권,1000702,2485,1224,1261,244,434,466,338,403,600,107,216,259,163,197,282,137,218,207,175,206,318,1362,0,1362,도림천로21길
2019,1,A,골목상권,1000701,602,306,296,89,76,80,98,115,144,39,43,44,50,58,72,50,33,36,48,57,72,270,0,270,도림로63길
2019,1,A,골목상권,1000700,341,187,154,15,42,50,34,58,142,9,25,23,26,34,70,6,17,27,8,24,72,203,0,203,도림로147길
2019,1,A,골목상권,1000699,2249,1171,1078,233,271,307,355,431,652,127,150,165,195,236,298,106,121,142,160,195,354,1134,0,1134,도림로112길
2019,1,A,골목상권,1000698,3025,1503,1522,299,492,388,464,496,886,159,235,212,234,258,405,140,257,176,230,238,481,1630,0,1630,대림로8길
2019,1,A,골목상권,1000697,1057,512,545,100,140,130,149,211,327,53,61,76,68,104,150,47,79,54,81,107,177,566,0,566,대림로7길
2019,1,A,골목상권,1000696,2339,1224,1115,338,341,292,402,473,493,185,187,161,206,251,234,153,154,131,196,222,259,1017,58,959,대림로44길
2019,1,A,골목상권,1000695,2843,1458,1385,418,404,320,451,560,690,221,216,184,224,285,328,197,188,136,227,275,362,1214,134,1080,대림로34길
2019,1,A,골목상권,1000694,2369,1214,1155,242,282,317,421,467,640,133,130,175,233,250,293,109,152,142,188,217,347,1262,172,1090,대림로31길
2019,1,A,골목상권,1000693,1876,974,902,156,243,257,310,358,552,82,130,148,169,200,245,74,113,109,141,158,307,1137,0,1137,대림로29길
2019,1,A,골목상권,1000692,4346,2194,2152,522,626,482,676,846,1194,274,336,261,336,440,547,248,290,221,340,406,647,1939,791,1148,대림로22길
2019,1,A,골목상권,1000691,2217,1111,1106,143,580,510,261,288,435,70,261,288,140,153,199,73,319,222,121,135,236,1374,0,1374,당산로46길
2019,1,A,골목상권,1000690,1801,818,983,134,603,491,196,175,202,57,231,272,93,75,90,77,372,219,103,100,112,1253,0,1253,당산로38길
2019,1,A,골목상권,1000689,1331,628,703,130,177,244,183,214,383,62,78,118,100,116,154,68,99,126,83,98,229,786,587,199,당산로37길
2019,1,A,골목상권,1000688,981,503,478,99,196,236,130,129,191,57,91,120,72,71,92,42,105,116,58,58,99,571,95,476,당산로31길
2019,1,A,골목상권,1000687,2712,1612,1100,108,839,947,298,212,308,53,431,632,200,139,157,55,408,315,98,73,151,2129,270,1859,국회대로56길
2019,1,A,골목상권,1000686,141,108,33,1,7,8,19,37,69,0,4,5,18,30,51,1,3,3,1,7,18,126,0,126,경인로90길
2019,1,A,골목상권,1000685,152,88,64,6,11,25,24,28,58,2,8,19,18,16,25,4,3,6,6,12,33,74,0,74,경인로80길
2019,1,A,골목상권,1000684,269,163,106,7,48,47,28,52,87,3,32,30,20,34,44,4,16,17,8,18,43,198,0,198,경인로77길
2019,1,A,골목상권,1000683,1912,971,941,218,275,207,292,377,543,118,147,114,152,196,244,100,128,93,140,181,299,896,0,896,가마산로61길
2019,1,A,골목상권,1000682,3748,1915,1833,459,598,567,539,733,852,230,324,323,261,367,410,229,274,244,278,366,442,1825,19,1806,시흥대로94길
2019,1,A,골목상권,1000681,5951,3031,2920,717,908,828,867,1225,1406,399,483,445,438,599,667,318,425,383,429,626,739,2696,68,2628,시흥대로84길
2019,1,A,골목상권,1000680,2653,1364,1289,313,374,341,405,525,695,172,201,197,216,263,315,141,173,144,189,262,380,1288,0,1288,시흥대로68길
2019,1,A,골목상권,1000679,1584,783,801,176,219,273,239,296,381,84,111,141,125,141,181,92,108,132,114,155,200,801,390,411,시흥대로63길
2019,1,A,골목상권,1000678,3026,1521,1505,374,411,386,471,611,773,196,231,212,240,300,342,178,180,174,231,311,431,1456,0,1456,시흥대로62가길
2019,1,A,골목상권,1000677,1984,1017,967,280,253,299,299,368,485,141,134,169,165,188,220,139,119,130,134,180,265,841,71,770,시흥대로36길
2019,1,A,골목상권,1000676,3530,1762,1768,503,477,509,521,598,922,251,250,285,270,286,420,252,227,224,251,312,502,1347,205,1142,시흥대로22길
2019,1,A,골목상권,1000675,1824,1020,804,144,418,407,209,303,343,76,233,250,121,164,176,68,185,157,88,139,167,1154,66,1088,시흥대로153길
2019,1,A,골목상권,1000674,4814,2437,2377,574,731,777,701,866,1165,297,372,423,355,444,546,277,359,354,346,422,619,2229,344,1885,시흥대로150길
2019,1,A,골목상권,1000673,2252,1241,1011,148,533,427,288,398,458,70,267,255,171,235,243,78,266,172,117,163,215,1536,0,1536,시흥대로141길
2019,1,A,골목상권,1000672,576,310,266,61,55,78,86,118,178,35,35,49,41,60,90,26,20,29,45,58,88,298,25,273,시흥대로138길
2019,1,A,골목상권,1000671,3305,1662,1643,371,512,447,485,698,792,195,258,239,247,357,366,176,254,208,238,341,426,1552,34,1518,시흥대로120길
2019,1,A,골목상권,1000670,1055,573,482,73,152,176,150,209,295,41,83,106,86,118,139,32,69,70,64,91,156,649,0,649,벚꽃로56길
2019,1,A,골목상권,1000669,1258,674,584,118,229,270,211,193,237,62,115,164,118,101,114,56,114,106,93,92,123,688,190,498,범안로17길
2019,1,A,골목상권,1000668,1269,724,545,73,392,425,157,104,118,31,203,266,101,61,62,42,189,159,56,43,56,970,154,816,범안로11길
2019,1,A,골목상권,1000667,3269,1649,1620,333,519,506,488,622,801,160,262,282,267,297,381,173,257,224,221,325,420,1632,53,1579,문성로5길
2019,1,A,골목상권,1000666,649,318,331,80,89,86,107,140,147,35,53,46,55,69,60,45,36,40,52,71,87,307,0,307,독산로85길
2019,1,A,골목상권,1000665,3279,1656,1623,426,479,410,493,648,823,212,259,226,244,327,388,214,220,184,249,321,435,1472,56,1416,독산로78다길
2019,1,A,골목상권,1000664,2598,1316,1282,261,317,300,450,601,669,128,159,168,221,338,302,133,158,132,229,263,367,1452,0,1452,독산로70길
2019,1,A,골목상권,1000663,2243,1139,1104,263,317,281,350,489,543,135,177,149,184,252,242,128,140,132,166,237,301,1057,0,1057,독산로64길
2019,1,A,골목상권,1000662,2130,1070,1060,323,315,278,317,384,513,173,165,141,156,185,250,150,150,137,161,199,263,760,246,514,독산로50길
2019,1,A,골목상권,1000661,2632,1302,1330,393,321,385,408,486,639,191,180,209,207,224,291,202,141,176,201,262,348,1149,69,1080,독산로40길
2019,1,A,골목상권,1000660,1910,988,922,190,322,300,305,392,401,101,156,182,148,210,191,89,166,118,157,182,210,1012,12,1000,독산로108길
2019,1,A,골목상권,1000659,2288,1372,916,96,694,499,290,355,354,42,377,331,199,219,204,54,317,168,91,136,150,1748,0,1748,남부순환로112길
2019,1,A,골목상권,1000658,4338,2190,2148,574,576,463,696,828,1201,287,318,257,361,430,537,287,258,206,335,398,664,2010,0,2010,금하로24길
2019,1,A,골목상권,1000657,1965,991,974,272,273,245,345,360,470,133,138,147,171,184,218,139,135,98,174,176,252,956,0,956,금하로1길
2019,1,A,골목상권,1000656,1753,865,888,215,264,249,262,311,452,97,131,139,129,157,212,118,133,110,133,154,240,836,123,713,금하로14길
2019,1,A,골목상권,1000655,3281,1909,1372,275,846,886,422,391,461,148,460,564,265,230,242,127,386,322,157,161,219,2154,214,1940,가산로5길
2019,1,A,골목상권,1000654,1060,668,392,62,287,322,146,133,110,27,168,227,108,82,56,35,119,95,38,51,54,776,0,776,가산로3길
2019,1,A,골목상권,1000653,1102,568,534,156,184,168,159,180,255,88,99,87,88,88,118,68,85,81,71,92,137,461,181,280,중앙로1길
2019,1,A,골목상권,1000652,1606,819,787,241,211,251,224,263,416,123,124,132,131,123,186,118,87,119,93,140,230,643,98,545,중앙로15길
2019,1,A,골목상권,1000651,830,469,361,50,102,67,105,242,264,24,57,37,67,141,143,26,45,30,38,101,121,514,0,514,우마길
2019,1,A,골목상권,1000650,2099,1053,1046,257,281,261,293,332,675,142,151,155,152,171,282,115,130,106,141,161,393,1065,0,1065,오류로8길
2019,1,A,골목상권,1000649,517,258,259,50,64,54,72,107,170,15,37,26,41,57,82,35,27,28,31,50,88,259,0,259,신도림로13길
2019,1,A,골목상권,1000648,2823,1373,1450,358,436,608,374,402,645,184,200,299,190,191,309,174,236,309,184,211,336,1324,305,1019,새말로18길
2019,1,A,골목상권,1000647,1428,716,712,188,166,266,219,206,383,110,76,126,126,103,175,78,90,140,93,103,208,601,64,537,부일로1길
2019,1,A,골목상권,1000646,1686,825,861,265,225,223,301,262,410,130,117,105,162,130,181,135,108,118,139,132,229,734,9,725,부일로15길
2019,1,A,골목상권,1000645,2639,1349,1290,411,374,333,433,474,614,234,211,176,201,229,298,177,163,157,232,245,316,1067,0,1067,부일로11길
2019,1,A,골목상권,1000644,1500,822,678,40,482,527,207,131,113,19,203,323,129,85,63,21,279,204,78,46,50,1293,0,1293,디지털로32길
2019,1,A,골목상권,1000643,4723,2583,2140,107,1823,1708,499,266,320,54,850,1026,331,161,161,53,973,682,168,105,159,4074,94,3980,디지털로32가길
2019,1,A,골목상권,1000642,1190,637,553,128,108,140,191,231,392,59,57,81,113,141,186,69,51,59,78,90,206,629,0,629,디지털로27길
2019,1,A,골목상권,1000641,1410,727,683,154,166,170,218,281,421,79,91,99,128,148,182,75,75,71,90,133,239,701,0,701,도림로6길
2019,1,A,골목상권,1000640,2165,1027,1138,279,258,287,344,379,618,141,133,142,175,177,259,138,125,145,169,202,359,971,0,971,도림로12길
2019,1,A,골목상권,1000639,1287,608,679,206,126,220,175,163,397,95,64,110,87,60,192,111,62,110,88,103,205,480,448,32,남부순환로97길
2019,1,A,골목상권,1000638,2694,1307,1387,274,311,345,392,530,842,137,155,173,198,246,398,137,156,172,194,284,444,1282,0,1282,구로중앙로8길
2019,1,A,골목상권,1000637,673,350,323,63,47,76,96,123,268,38,25,37,58,64,128,25,22,39,38,59,140,356,0,356,구로중앙로7길
2019,1,A,골목상권,1000636,922,500,422,113,123,127,147,158,254,53,79,77,86,87,118,60,44,50,61,71,136,430,0,430,구로중앙로42길
2019,1,A,골목상권,1000635,1131,586,545,115,166,133,167,226,324,56,97,88,80,116,149,59,69,45,87,110,175,566,21,545,구로중앙로34길
2019,1,A,골목상권,1000634,3257,1612,1645,387,503,555,523,574,715,176,213,299,281,307,336,211,290,256,242,267,379,1701,322,1379,구로중앙로28길
2019,1,A,골목상권,1000633,870,412,458,107,96,107,135,168,257,53,40,56,65,88,110,54,56,51,70,80,147,438,0,438,구로중앙로19길
2019,1,A,골목상권,1000632,6114,3070,3044,690,804,691,945,1179,1805,364,491,376,478,550,811,326,313,315,467,629,994,2689,0,2689,구로동로8길
2019,1,A,골목상권,1000631,2646,1414,1232,264,330,290,408,537,817,150,203,161,227,295,378,114,127,129,181,242,439,1327,0,1327,구로동로7길
2019,1,A,골목상권,1000630,1936,948,988,238,229,204,324,364,577,119,109,101,171,201,247,119,120,103,153,163,330,920,0,920,구로동로42길
2019,1,A,골목상권,1000629,2508,1301,1207,319,315,309,407,486,672,162,172,174,220,265,308,157,143,135,187,221,364,1205,0,1205,구로동로41길
2019,1,A,골목상권,1000628,1903,940,963,215,224,191,282,388,603,100,125,102,146,208,259,115,99,89,136,180,344,948,0,948,구로동로38길
2019,1,A,골목상권,1000627,2031,1023,1008,221,238,210,350,377,635,115,121,113,175,208,291,106,117,97,175,169,344,1125,43,1082,구로동로28길
2019,1,A,골목상권,1000626,982,507,475,96,110,99,126,215,336,48,69,59,62,112,157,48,41,40,64,103,179,527,0,527,구로동로15길
2019,1,A,골목상권,1000625,2119,931,1188,187,637,521,254,224,296,89,204,252,133,115,138,98,433,269,121,109,158,1380,110,1270,공원로6가길
2019,1,A,골목상권,1000624,3170,1579,1591,527,412,471,513,551,696,263,217,245,259,270,325,264,195,226,254,281,371,1272,636,636,고척로52길
2019,1,A,골목상권,1000623,4462,2211,2251,646,659,534,708,855,1060,323,356,267,345,424,496,323,303,267,363,431,564,1971,0,1971,고척로27다길
2019,1,A,골목상권,1000622,2513,1286,1227,341,353,332,384,460,643,171,197,172,197,246,303,170,156,160,187,214,340,1147,0,1147,고척로27길
2019,1,A,골목상권,1000621,2594,1345,1249,364,324,332,423,467,684,190,185,182,231,242,315,174,139,150,192,225,369,1211,0,1211,고척로21나길
2019,1,A,골목상권,1000620,2030,1002,1028,288,311,270,301,358,502,126,160,138,161,179,238,162,151,132,140,179,264,858,362,496,경인로47길
2019,1,A,골목상권,1000619,3027,1562,1465,321,395,337,423,599,952,167,199,185,237,307,467,154,196,152,186,292,485,1470,0,1470,경인로35길
2019,1,A,골목상권,1000618,1833,957,876,167,229,217,284,403,533,76,125,119,175,217,245,91,104,98,109,186,288,1043,0,1043,경인로31길
2019,1,A,골목상권,1000617,3435,1716,1719,439,457,492,529,576,942,215,241,259,284,273,444,224,216,233,245,303,498,1527,0,1527,경인로15길
2019,1,A,골목상권,1000616,2996,1467,1529,421,405,479,494,497,700,206,209,261,252,238,301,215,196,218,242,259,399,1292,245,1047,개봉로3길
2019,1,A,골목상권,1000615,2287,1086,1201,367,286,409,363,339,523,175,138,211,175,158,229,192,148,198,188,181,294,986,0,986,개봉로2길
2019,1,A,골목상권,1000614,2487,1224,1263,308,278,485,377,352,687,139,134,258,211,163,319,169,144,227,166,189,368,1117,366,751,개봉로23가길
2019,1,A,골목상권,1000613,3693,1760,1933,623,450,610,543,556,911,309,215,277,280,244,435,314,235,333,263,312,476,1312,781,531,개봉로20길
2019,1,A,골목상권,1000612,2206,1109,1097,312,291,372,364,338,529,160,152,204,183,168,242,152,139,168,181,170,287,926,134,792,개봉로1길
2019,1,A,골목상권,1000611,3350,1670,1680,449,478,533,497,561,832,220,270,262,254,281,383,229,208,271,243,280,449,1500,189,1311,개봉로17다길
2019,1,A,골목상권,1000610,5679,2781,2898,868,820,860,916,999,1216,463,419,427,470,474,528,405,401,433,446,525,688,2272,0,2272,개봉로17길
2019,1,A,골목상권,1000609,5293,2602,2691,775,757,767,834,896,1264,399,388,393,420,421,581,376,369,374,414,475,683,2179,0,2179,개봉로11길
2019,1,A,골목상권,1000608,4287,2046,2241,510,917,1060,596,532,672,288,339,533,299,273,314,222,578,527,297,259,358,2362,485,1877,화곡로64길
2019,1,A,골목상권,1000607,2633,1276,1357,406,414,437,410,496,470,214,220,206,185,239,212,192,194,231,225,257,258,1001,414,587,화곡로59길
2019,1,A,골목상권,1000606,3088,1543,1545,439,473,607,490,484,595,235,222,330,253,215,288,204,251,277,237,269,307,1487,42,1445,화곡로44나길
2019,1,A,골목상권,1000605,3946,1901,2045,392,641,719,520,643,1031,202,324,375,245,285,470,190,317,344,275,358,561,1897,22,1875,화곡로31길
2019,1,A,골목상권,1000604,3353,1684,1669,476,455,613,506,532,771,247,230,318,284,244,361,229,225,295,222,288,410,1473,89,1384,화곡로20길
2019,1,A,골목상권,1000603,3440,1659,1781,545,499,549,584,535,728,287,250,273,277,256,316,258,249,276,307,279,412,1411,115,1296,화곡로13길
2019,1,A,골목상권,1000602,3533,1798,1735,422,522,489,474,634,992,225,272,273,256,299,473,197,250,216,218,335,519,1627,22,1605,초원로16길
2019,1,A,골목상권,1000601,4948,2440,2508,934,700,948,863,686,817,498,356,496,434,307,349,436,344,452,429,379,468,2025,95,1930,초록마을로8길
2019,1,A,골목상권,1000600,2874,1476,1398,219,627,772,474,330,452,101,305,440,264,171,195,118,322,332,210,159,257,1869,0,1869,초록마을로3길
2019,1,A,골목상권,1000599,2545,1333,1212,175,526,720,375,331,418,78,246,408,229,170,202,97,280,312,146,161,216,1588,43,1545,월정로20길
2019,1,A,골목상권,1000598,5368,2557,2811,1272,714,690,1117,795,780,596,346,326,523,399,367,676,368,364,594,396,413,1869,478,1391,우장산로6길
2019,1,A,골목상권,1000597,2749,1426,1323,708,319,493,583,331,315,400,156,244,295,178,153,308,163,249,288,153,162,1005,322,683,양천로73가길
2019,1,A,골목상권,1000596,6658,3249,3409,1750,753,928,1430,919,878,852,398,418,720,451,410,898,355,510,710,468,468,2069,1949,120,양천로71길
2019,1,A,골목상권,1000595,1311,677,634,152,246,346,172,173,222,88,100,205,97,84,103,64,146,141,75,89,119,635,0,635,양천로49길
2019,1,A,골목상권,1000594,2015,967,1048,417,217,355,354,294,378,203,116,165,173,149,161,214,101,190,181,145,217,720,238,482,양천로26길
2019,1,A,골목상권,1000593,3790,1931,1859,574,497,680,529,567,943,327,260,348,289,263,444,247,237,332,240,304,499,1583,450,1133,양천로24길
2019,1,A,골목상권,1000592,2885,1440,1445,480,367,455,491,460,632,244,191,237,249,231,288,236,176,218,242,229,344,1180,217,963,양천로24가길
2019,1,A,골목상권,1000591,4264,2097,2167,743,567,648,638,696,972,386,290,335,333,310,443,357,277,313,305,386,529,1574,556,1018,양천로14길
2019,1,A,골목상권,1000590,2362,1221,1141,305,304,369,457,383,544,168,143,204,253,207,246,137,161,165,204,176,298,1137,0,1137,방화대로6라길
2019,1,A,골목상권,1000589,2475,1257,1218,308,395,397,317,432,626,160,192,242,160,214,289,148,203,155,157,218,337,1224,44,1180,방화대로21길
2019,1,A,골목상권,1000588,1439,677,762,173,214,267,194,242,349,90,104,130,97,102,154,83,110,137,97,140,195,634,49,585,등촌로5길
2019,1,A,골목상권,1000587,2958,1423,1535,419,505,740,445,379,470,219,230,386,213,160,215,200,275,354,232,219,255,1353,0,1353,등촌로55길
2019,1,A,골목상권,1000586,2072,1030,1042,310,345,310,283,356,468,160,197,150,135,164,224,150,148,160,148,192,244,776,236,540,등촌로51길
2019,1,A,골목상권,1000585,3389,1696,1693,565,519,620,509,554,622,297,263,335,255,270,276,268,256,285,254,284,346,1358,100,1258,등촌로39길
2019,1,A,골목상권,1000584,3936,1944,1992,554,553,787,609,636,797,290,280,424,292,300,358,264,273,363,317,336,439,1668,159,1509,등촌로13길
2019,1,A,골목상권,1000583,4071,2135,1936,607,537,820,694,630,783,320,273,454,387,338,363,287,264,366,307,292,420,1950,109,1841,남부순환로11길
2019,1,A,골목상권,1000582,4286,2071,2215,767,585,789,753,590,802,403,280,411,376,268,333,364,305,378,377,322,469,1737,0,1737,까치산로4길
2019,1,A,골목상권,1000581,2331,1124,1207,249,310,433,325,402,612,108,176,230,168,175,267,141,134,203,157,227,345,1055,108,947,국회대로7길
2019,1,A,골목상권,1000580,3118,1603,1515,360,559,549,451,451,748,184,295,303,255,212,354,176,264,246,196,239,394,1633,0,1633,공항대로8길
2019,1,A,골목상권,1000579,2010,994,1016,377,275,395,375,266,322,191,141,193,193,130,146,186,134,202,182,136,176,796,338,458,공항대로61길
2019,1,A,골목상권,1000578,3109,1524,1585,499,516,579,470,484,561,274,247,277,221,238,267,225,269,302,249,246,294,1314,464,850,공항대로59다길
2019,1,A,골목상권,1000577,2216,1033,1183,175,502,586,311,295,347,88,195,282,161,147,160,87,307,304,150,148,187,1314,0,1314,공항대로59길
2019,1,A,골목상권,1000576,1756,879,877,274,274,323,244,285,356,151,133,176,119,139,161,123,141,147,125,146,195,745,0,745,공항대로55길
2019,1,A,골목상권,1000575,1139,564,575,236,143,173,229,177,181,118,75,94,100,93,84,118,68,79,129,84,97,434,18,416,공항대로42길
2019,1,A,골목상권,1000574,382,182,200,63,61,80,62,63,53,32,28,41,32,29,20,31,33,39,30,34,33,176,0,176,공항대로38길
2019,1,A,골목상권,1000573,1988,980,1008,177,303,406,274,333,495,96,165,207,140,144,228,81,138,199,134,189,267,1028,0,1028,곰달래로60길
2019,1,A,골목상권,1000572,3732,1840,1892,605,508,583,673,591,772,306,263,317,324,296,334,299,245,266,349,295,438,1527,106,1421,곰달래로53길
2019,1,A,골목상권,1000571,4075,1989,2086,714,552,712,733,626,738,336,295,373,363,290,332,378,257,339,370,336,406,1645,20,1625,곰달래로47길
2019,1,A,골목상권,1000570,3131,1483,1648,646,406,582,556,398,543,336,196,266,274,167,244,310,210,316,282,231,299,1217,21,1196,곰달래로31길
2019,1,A,골목상권,1000569,2962,1390,1572,398,384,526,490,461,703,190,183,253,255,202,307,208,201,273,235,259,396,1402,0,1402,곰달래로25길
2019,1,A,골목상권,1000568,2386,1207,1179,186,657,467,301,317,458,90,293,277,171,164,212,96,364,190,130,153,246,1499,27,1472,개화동로25길
2019,1,A,골목상권,1000567,3884,1937,1947,451,452,507,583,745,1146,232,236,274,298,369,528,219,216,233,285,376,618,1934,0,1934,개화동로23길
2019,1,A,골목상권,1000566,3410,1686,1724,445,447,633,543,471,871,226,209,347,281,213,410,219,238,286,262,258,461,1583,148,1435,강서로8길
2019,1,A,골목상권,1000565,2805,1383,1422,419,358,529,438,439,622,215,175,288,231,200,274,204,183,241,207,239,348,1243,56,1187,강서로5라길
2019,1,A,골목상권,1000564,2911,1452,1459,208,681,783,379,328,532,101,300,428,213,154,256,107,381,355,166,174,276,1840,342,1498,강서로5나길
2019,1,A,골목상권,1000563,2094,1055,1039,167,396,517,307,268,439,90,167,281,172,126,219,77,229,236,135,142,220,1219,581,638,강서로5가길
2019,1,A,골목상권,1000562,3802,1771,2031,866,564,458,734,634,546,389,266,231,340,309,236,477,298,227,394,325,310,1351,162,1189,강서로47라길
2019,1,A,골목상권,1000561,4329,2077,2252,953,576,547,868,702,683,436,286,276,414,373,292,517,290,271,454,329,391,1590,515,1075,강서로47길
2019,1,A,골목상권,1000560,2720,1321,1399,422,396,468,435,398,601,216,191,241,224,179,270,206,205,227,211,219,331,1137,151,986,강서로45다길
2019,1,A,골목상권,1000559,908,437,471,172,121,135,164,126,190,75,49,71,81,59,102,97,72,64,83,67,88,356,99,257,강서로45길
2019,1,A,골목상권,1000558,3923,1880,2043,451,610,708,552,704,898,223,277,369,272,326,413,228,333,339,280,378,485,1859,37,1822,강서로35길
2019,1,A,골목상권,1000557,3091,1503,1588,386,503,762,431,438,571,194,231,400,219,191,268,192,272,362,212,247,303,1476,90,1386,강서로29길
2019,1,A,골목상권,1000556,6868,3311,3557,970,999,1348,1055,1012,1484,495,472,708,526,466,644,475,527,640,529,546,840,2941,15,2926,강서로18길
2019,1,A,골목상권,1000555,3205,1609,1596,357,508,675,440,513,712,188,266,354,241,227,333,169,242,321,199,286,379,1411,129,1282,강서로17가길
2019,1,A,골목상권,1000554,5446,2684,2762,562,774,1063,813,945,1289,271,395,566,425,486,541,291,379,497,388,459,748,2803,79,2724,강서로15길
2019,1,A,골목상권,1000553,2881,1451,1430,420,409,527,451,457,617,224,211,279,239,211,287,196,198,248,212,246,330,1221,0,1221,가로공원로80길
2019,1,A,골목상권,1000552,3221,1551,1670,427,456,652,509,473,704,207,228,344,247,212,313,220,228,308,262,261,391,1425,161,1264,가로공원로76가길
2019,1,A,골목상권,1000551,1593,793,800,212,191,219,237,311,423,109,99,122,107,151,205,103,92,97,130,160,218,747,31,716,화곡로4길
2019,1,A,골목상권,1000550,3208,1599,1609,632,437,493,501,550,595,344,235,237,243,267,273,288,202,256,258,283,322,1201,411,790,화곡로3길
2019,1,A,골목상권,1000549,3276,1616,1660,425,407,443,453,583,965,208,224,253,234,267,430,217,183,190,219,316,535,1400,0,1400,지양로7길
2019,1,A,골목상권,1000548,3733,1841,1892,578,470,534,581,643,927,309,240,276,276,312,428,269,230,258,305,331,499,1520,208,1312,중앙로55길
2019,1,A,골목상권,1000547,4174,2059,2115,743,532,650,648,637,964,349,285,346,317,319,443,394,247,304,331,318,521,1554,273,1281,중앙로51길
2019,1,A,골목상권,1000546,1901,982,919,211,226,225,306,393,540,114,126,128,163,190,261,97,100,97,143,203,279,904,0,904,중앙로47길
2019,1,A,골목상권,1000545,1960,953,1007,279,268,274,310,337,492,149,130,138,161,151,224,130,138,136,149,186,268,900,57,843,중앙로45길
2019,1,A,골목상권,1000544,914,452,462,168,101,108,177,129,231,97,46,57,81,73,98,71,55,51,96,56,133,408,0,408,중앙로36길
2019,1,A,골목상권,1000543,1107,543,564,241,135,120,223,182,206,120,74,61,101,101,86,121,61,59,122,81,120,449,69,380,중앙로32길
2019,1,A,골목상권,1000542,1915,1019,896,186,204,257,326,381,561,99,117,154,183,209,257,87,87,103,143,172,304,1047,41,1006,중앙로25길
2019,1,A,골목상권,1000541,3339,1641,1698,513,455,514,547,528,782,260,232,257,281,248,363,253,223,257,266,280,419,1432,97,1335,은행정로7길
2019,1,A,골목상권,1000540,793,430,363,124,83,93,129,146,218,63,46,56,65,89,111,61,37,37,64,57,107,398,0,398,은행정로5길
2019,1,A,골목상권,1000539,4021,1969,2052,796,434,650,635,635,871,411,223,297,324,317,397,385,211,353,311,318,474,1477,814,663,오목로5길
2019,1,A,골목상권,1000538,3610,1805,1805,737,402,587,629,545,710,380,215,289,325,264,332,357,187,298,304,281,378,1264,524,740,오목로3길
2019,1,A,골목상권,1000537,3628,1785,1843,393,581,571,560,620,903,215,276,310,274,294,416,178,305,261,286,326,487,1705,0,1705,오목로30길
2019,1,A,골목상권,1000536,4491,2264,2227,632,691,860,718,668,922,322,355,457,366,321,443,310,336,403,352,347,479,2093,0,2093,오목로23길
2019,1,A,골목상권,1000535,1968,995,973,391,215,354,328,280,400,204,121,181,162,129,198,187,94,173,166,151,202,692,575,117,신월로20길
2019,1,A,골목상권,1000534,5742,2847,2895,987,749,757,935,970,1344,532,390,376,464,478,607,455,359,381,471,492,737,2045,635,1410,신월로15길
2019,1,A,골목상권,1000533,2411,1160,1251,441,354,310,451,386,469,230,189,143,203,197,198,211,165,167,248,189,271,976,36,940,신목로6길
2019,1,A,골목상권,1000532,2171,1073,1098,541,311,202,463,367,287,274,165,89,217,199,129,267,146,113,246,168,158,691,116,575,신목로5길
2019,1,A,골목상권,1000531,2072,1020,1052,375,354,185,350,440,368,196,190,95,158,216,165,179,164,90,192,224,203,725,158,567,신목로2길
2019,1,A,골목상권,1000530,1394,677,717,192,218,250,193,223,318,109,108,125,99,102,134,83,110,125,94,121,184,637,0,637,목동중앙서로8가길
2019,1,A,골목상권,1000529,3793,1848,1945,605,601,621,647,617,702,325,298,326,305,291,303,280,303,295,342,326,399,1651,0,1651,목동중앙서로7길
2019,1,A,골목상권,1000528,2135,973,1162,246,335,413,298,343,500,128,163,205,138,144,195,118,172,208,160,199,305,1052,185,867,목동중앙북로8길
2019,1,A,골목상권,1000527,3495,1690,1805,422,601,910,467,458,637,221,255,467,240,212,295,201,346,443,227,246,342,1673,0,1673,목동중앙북로16길
2019,1,A,골목상권,1000526,2932,1476,1456,504,460,419,461,534,554,298,255,211,201,262,249,206,205,208,260,272,305,1156,0,1156,목동중앙본로7길
2019,1,A,골목상권,1000525,2412,1162,1250,533,354,284,445,410,386,260,182,136,201,215,168,273,172,148,244,195,218,855,56,799,목동중앙로3길
2019,1,A,골목상권,1000524,1074,557,517,170,161,257,157,154,175,92,68,140,79,89,89,78,93,117,78,65,86,528,0,528,목동중앙로13나길
2019,1,A,골목상권,1000523,2743,1374,1369,498,434,432,447,459,473,283,240,204,212,218,217,215,194,228,235,241,256,1019,201,818,목동중앙남로3가길
2019,1,A,골목상권,1000522,3483,1659,1824,561,578,540,582,587,635,287,279,248,285,254,306,274,299,292,297,333,329,1418,130,1288,목동로9길
2019,1,A,골목상권,1000521,2288,1072,1216,355,347,357,369,390,470,175,169,164,169,185,210,180,178,193,200,205,260,976,37,939,목동로19길
2019,1,A,골목상권,1000520,1574,757,817,397,195,159,367,265,191,197,95,75,174,136,80,200,100,84,193,129,111,534,144,390,목동동로8길
2019,1,A,골목상권,1000519,2273,1083,1190,502,312,242,449,371,397,258,147,110,199,195,174,244,165,132,250,176,223,800,275,525,목동동로12길
2019,1,A,골목상권,1000518,1263,604,659,277,175,161,236,180,234,129,83,81,109,99,103,148,92,80,127,81,131,420,187,233,목동남로4길
2019,1,A,골목상권,1000517,1859,905,954,494,203,229,405,265,263,244,96,111,189,139,126,250,107,118,216,126,137,575,545,30,남부순환로88길
2019,1,A,골목상권,1000516,710,358,352,86,78,93,90,154,209,45,45,55,38,78,97,41,33,38,52,76,112,333,96,237,남부순환로79길
2019,1,A,골목상권,1000515,4823,2378,2445,560,681,566,713,901,1402,270,367,297,379,457,608,290,314,269,334,444,794,2162,0,2162,남부순환로70길
2019,1,A,골목상권,1000514,2060,1059,1001,289,287,302,298,372,512,158,144,174,157,188,238,131,143,128,141,184,274,995,0,995,남부순환로58길
2019,1,A,골목상권,1000513,2424,1333,1091,219,280,304,388,512,721,104,147,189,238,295,360,115,133,115,150,217,361,1367,96,1271,남부순환로40길
2019,1,A,골목상권,1000512,3691,1808,1883,452,531,562,533,691,922,215,270,308,256,327,432,237,261,254,277,364,490,1625,48,1577,남부순환로33길
2019,1,A,골목상권,1000511,3724,1921,1803,389,565,477,536,741,1016,204,297,264,283,383,490,185,268,213,253,358,526,1720,184,1536,곰달래로5길
2019,1,A,골목상권,1000510,3853,2012,1841,485,497,497,637,769,968,258,282,272,330,418,452,227,215,225,307,351,516,1794,276,1518,곰달래로3길
2019,1,A,골목상권,1000509,3492,1787,1705,514,465,524,545,651,793,263,234,290,289,335,376,251,231,234,256,316,417,1465,103,1362,곰달래로2길
2019,1,A,골목상권,1000508,3379,1747,1632,451,410,580,548,579,811,228,235,305,290,298,391,223,175,275,258,281,420,1640,14,1626,곰달래로10길
2019,1,A,골목상권,1000507,2349,1297,1052,208,304,228,388,508,713,106,165,135,235,304,352,102,139,93,153,204,361,1322,0,1322,가로공원로58길
2019,1,A,골목상권,1000506,2764,1320,1444,328,452,374,457,524,629,152,223,196,211,252,286,176,229,178,246,272,343,1265,49,1216,효창원로93길
2019,1,A,골목상권,1000505,2607,1255,1352,646,257,398,617,335,354,315,121,173,319,171,156,331,136,225,298,164,198,956,830,126,토정로37길
2019,1,A,골목상권,1000504,1609,721,888,150,304,370,271,201,313,77,133,161,127,90,133,73,171,209,144,111,180,861,0,861,월드컵로8길
2019,1,A,골목상권,1000503,1873,854,1019,213,360,439,271,258,332,110,153,200,123,122,146,103,207,239,148,136,186,976,0,976,월드컵로7길
2019,1,A,골목상권,1000502,3832,1709,2123,443,782,753,635,516,703,218,286,330,317,247,311,225,496,423,318,269,392,2092,152,1940,월드컵로36길
2019,1,A,골목상권,1000501,3070,1483,1587,493,463,535,553,422,604,250,228,259,276,216,254,243,235,276,277,206,350,1315,282,1033,월드컵로25길
2019,1,A,골목상권,1000500,1615,748,867,164,307,291,260,213,380,82,143,146,129,103,145,82,164,145,131,110,235,855,0,855,월드컵로19길
2019,1,A,골목상권,1000499,2463,1144,1319,307,458,519,397,336,446,159,202,236,182,171,194,148,256,283,215,165,252,1216,32,1184,월드컵로16길
2019,1,A,골목상권,1000498,2423,1122,1301,271,429,552,370,304,497,135,185,257,187,151,207,136,244,295,183,153,290,1311,19,1292,월드컵로11길
2019,1,A,골목상권,1000497,2393,1111,1282,219,357,481,426,331,579,114,137,220,207,171,262,105,220,261,219,160,317,1399,16,1383,월드컵로10길
2019,1,A,골목상권,1000496,1757,828,929,153,366,414,238,254,332,76,165,207,119,122,139,77,201,207,119,132,193,982,0,982,와우산로3길
2019,1,A,골목상권,1000495,786,367,419,72,146,177,131,95,165,38,62,86,68,40,73,34,84,91,63,55,92,442,48,394,와우산로29길
2019,1,A,골목상권,1000494,502,229,273,28,195,122,46,40,71,15,87,57,20,20,30,13,108,65,26,20,41,348,0,348,와우산로29가길
2019,1,A,골목상권,1000493,1294,593,701,119,201,299,191,182,302,73,84,149,98,73,116,46,117,150,93,109,186,691,11,680,양화진길
2019,1,A,골목상권,1000492,2663,1208,1455,317,498,549,429,340,530,150,212,254,212,153,227,167,286,295,217,187,303,1280,35,1245,양화로1길
2019,1,A,골목상권,1000491,759,327,432,80,152,173,120,81,153,41,63,73,50,34,66,39,89,100,70,47,87,401,0,401,양화로11길
2019,1,A,골목상권,1000490,515,256,259,39,55,59,64,94,204,19,28,35,41,47,86,20,27,24,23,47,118,325,0,325,신촌로30길
2019,1,A,골목상권,1000489,190,100,90,11,15,23,26,50,65,1,7,13,16,31,32,10,8,10,10,19,33,131,0,131,신촌로28가길
2019,1,A,골목상권,1000488,1917,931,986,112,565,433,230,219,358,62,286,219,112,100,152,50,279,214,118,119,206,1305,0,1305,신촌로12길
2019,1,A,골목상권,1000487,2779,1377,1402,331,417,314,428,489,800,176,215,171,220,252,343,155,202,143,208,237,457,1452,21,1431,숭문길
2019,1,A,골목상권,1000486,790,376,414,143,85,171,128,105,158,64,42,88,72,43,67,79,43,83,56,62,91,339,207,132,숭문8길
2019,1,A,골목상권,1000485,1008,463,545,100,198,230,124,144,212,52,80,118,65,66,82,48,118,112,59,78,130,523,0,523,성지3길
2019,1,A,골목상권,1000484,3416,1678,1738,454,518,571,578,530,765,237,247,286,293,268,347,217,271,285,285,262,418,1644,0,1644,성산로4길
2019,1,A,골목상권,1000483,1174,534,640,86,257,308,156,164,203,46,107,140,77,81,83,40,150,168,79,83,120,671,0,671,성미산로32길
2019,1,A,골목상권,1000482,3142,1469,1673,471,471,596,604,412,588,255,218,274,271,196,255,216,253,322,333,216,333,1442,0,1442,성미산로1길
2019,1,A,골목상권,1000481,3658,1734,1924,507,554,700,661,507,729,272,264,343,305,242,308,235,290,357,356,265,421,1660,0,1660,성미산로11길
2019,1,A,골목상권,1000480,1705,824,881,244,238,304,297,227,395,124,109,144,159,115,173,120,129,160,138,112,222,843,248,595,백범로16길
2019,1,A,골목상권,1000479,5548,2681,2867,931,748,985,967,818,1099,453,375,454,501,407,491,478,373,531,466,411,608,2340,612,1728,방울내로9안길
2019,1,A,골목상권,1000478,2027,1005,1022,294,326,306,351,310,440,163,164,160,181,151,186,131,162,146,170,159,254,902,86,816,모래내로7길
2019,1,A,골목상권,1000477,2835,1443,1392,351,544,564,418,375,583,182,244,313,235,206,263,169,300,251,183,169,320,1578,0,1578,매봉산로2길
2019,1,A,골목상권,1000476,4381,2081,2300,591,684,891,708,629,878,302,328,419,353,301,378,289,356,472,355,328,500,2111,162,1949,망원로2길
2019,1,A,골목상권,1000475,2171,1020,1151,323,316,322,395,322,493,152,142,168,199,161,198,171,174,154,196,161,295,966,178,788,망원로11길
2019,1,A,골목상권,1000474,3048,1452,1596,353,513,522,484,473,703,176,218,269,248,238,303,177,295,253,236,235,400,1578,33,1545,만리재옛길
2019,1,A,골목상권,1000473,836,392,444,94,144,187,113,122,176,50,74,90,57,55,66,44,70,97,56,67,110,421,190,231,마포대로4길
2019,1,A,골목상권,1000472,2121,1015,1106,271,353,456,349,320,372,134,157,208,182,165,169,137,196,248,167,155,203,1194,218,976,마포대로20길
2019,1,A,골목상권,1000471,860,387,473,69,172,273,121,87,138,38,61,124,58,45,61,31,111,149,63,42,77,586,45,541,마포대로12길
2019,1,A,골목상권,1000470,1141,574,567,68,295,283,145,125,225,42,143,143,87,72,87,26,152,140,58,53,138,743,0,743,동교로38길
2019,1,A,골목상권,1000469,2480,1133,1347,257,552,572,376,254,469,116,264,252,171,117,213,141,288,320,205,137,256,1397,0,1397,동교로27길
2019,1,A,골목상권,1000468,1292,565,727,108,305,297,175,177,230,43,126,124,88,79,105,65,179,173,87,98,125,711,0,711,동교로25길
2019,1,A,골목상권,1000467,1803,841,962,202,288,402,353,260,298,97,138,194,168,124,120,105,150,208,185,136,178,973,77,896,동교로19길
2019,1,A,골목상권,1000466,1852,861,991,220,367,402,334,229,300,117,161,181,169,105,128,103,206,221,165,124,172,995,0,995,동교로17길
2019,1,A,골목상권,1000465,1353,626,727,141,276,322,188,183,243,76,118,146,93,86,107,65,158,176,95,97,136,722,97,625,독막로8길
2019,1,A,골목상권,1000464,2812,1385,1427,369,397,449,446,449,702,188,212,228,225,229,303,181,185,221,221,220,399,1316,104,1212,독막로32길
2019,1,A,골목상권,1000463,1024,476,548,169,142,196,189,129,199,89,67,83,83,62,92,80,75,113,106,67,107,444,134,310,독막로22길
2019,1,A,골목상권,1000462,1081,462,619,123,223,252,156,138,189,58,72,107,72,77,76,65,151,145,84,61,113,655,145,510,도화길
2019,1,A,골목상권,1000461,3546,1677,1869,568,381,572,570,592,863,282,191,270,292,283,359,286,190,302,278,309,504,1548,913,635,도화4길
2019,1,A,골목상권,1000460,1418,687,731,80,418,177,174,228,341,34,193,83,93,123,161,46,225,94,81,105,180,979,0,979,대흥로28길
2019,1,A,골목상권,1000459,3399,1760,1639,268,808,507,454,516,846,150,447,276,245,288,354,118,361,231,209,228,492,2095,0,2095,대흥로21길
2019,1,A,골목상권,1000458,2022,1087,935,230,540,263,306,290,393,128,336,150,154,154,165,102,204,113,152,136,228,1110,70,1040,광성로6길
2019,1,A,골목상권,1000457,3308,1536,1772,488,419,442,557,503,899,238,210,221,264,242,361,250,209,221,293,261,538,1403,26,1377,홍제내길
2019,1,A,골목상권,1000456,1084,563,521,123,141,143,145,187,345,67,79,78,84,100,155,56,62,65,61,87,190,497,35,462,홍연길
2019,1,A,골목상권,1000455,1597,791,806,192,229,180,241,283,472,111,109,95,135,125,216,81,120,85,106,158,256,748,52,696,통일로39길
2019,1,A,골목상권,1000454,1624,739,885,151,191,209,240,310,523,72,93,103,117,136,218,79,98,106,123,174,305,873,18,855,통일로37길
2019,1,A,골목상권,1000453,288,158,130,20,39,39,29,41,120,11,24,19,18,28,58,9,15,20,11,13,62,193,0,193,통일로11길
2019,1,A,골목상권,1000452,688,362,326,35,116,171,83,108,175,20,58,84,53,64,83,15,58,87,30,44,92,484,104,380,충정로6길
2019,1,A,골목상권,1000451,499,248,251,30,84,125,69,61,130,13,43,59,39,32,62,17,41,66,30,29,68,315,0,315,충정로4길
2019,1,A,골목상권,1000450,3064,1515,1549,371,518,446,464,488,777,192,265,241,242,239,336,179,253,205,222,249,441,1458,11,1447,증가로6길
2019,1,A,골목상권,1000449,5204,2497,2707,724,735,760,818,874,1293,353,358,391,400,422,573,371,377,369,418,452,720,2374,0,2374,증가로23나길
2019,1,A,골목상권,1000448,3592,1793,1799,590,644,461,627,573,697,305,345,246,312,274,311,285,299,215,315,299,386,1512,22,1490,증가로20가길
2019,1,A,골목상권,1000447,3875,1875,2000,392,748,509,578,636,1012,195,347,278,293,305,457,197,401,231,285,331,555,2151,0,2151,증가로10길
2019,1,A,골목상권,1000446,3845,1875,1970,472,480,634,619,607,1033,241,235,319,321,278,481,231,245,315,298,329,552,1846,0,1846,응암로1길
2019,1,A,골목상권,1000445,3359,1842,1517,269,1414,618,333,285,440,151,860,347,160,130,194,118,554,271,173,155,246,2314,0,2314,연희로10길
2019,1,A,골목상권,1000444,795,449,346,57,123,108,123,166,218,31,68,63,72,99,116,26,55,45,51,67,102,477,0,477,신촌로37길
2019,1,A,골목상권,1000443,3660,1779,1881,522,446,592,528,589,983,253,231,304,270,282,439,269,215,288,258,307,544,1514,267,1247,수색로8길
2019,1,A,골목상권,1000442,2406,1168,1238,247,347,301,333,422,756,130,183,159,175,210,311,117,164,142,158,212,445,1183,0,1183,세무서길
2019,1,A,골목상권,1000441,1455,706,749,157,204,191,232,228,443,79,106,102,120,122,177,78,98,89,112,106,266,710,0,710,세무서2길
2019,1,A,골목상권,1000440,1162,558,604,165,126,133,185,178,375,85,57,60,95,103,158,80,69,73,90,75,217,534,125,409,세검정로1길
2019,1,A,골목상권,1000439,3522,1692,1830,323,527,456,559,639,1018,167,260,264,265,314,422,156,267,192,294,325,596,1887,0,1887,북아현로4길
2019,1,A,골목상권,1000438,10755,5182,5573,2518,1112,1616,2066,1456,1987,1242,569,710,1070,718,873,1276,543,906,996,738,1114,3712,3674,38,모래내로15길
2019,1,A,골목상권,1000437,2429,1168,1261,309,574,365,328,343,510,161,276,180,155,167,229,148,298,185,173,176,281,1329,0,1329,명지대길
2019,1,A,골목상권,1000436,4172,1958,2214,676,552,614,709,582,1039,330,254,323,351,289,411,346,298,291,358,293,628,1957,281,1676,독립문로8길
2019,1,A,골목상권,1000435,2757,1351,1406,367,370,387,454,402,777,187,179,190,244,216,335,180,191,197,210,186,442,1327,0,1327,가재울로6길
2019,1,A,골목상권,1000434,5780,2880,2900,678,947,953,803,1050,1349,354,481,532,415,484,614,324,466,421,388,566,735,2688,21,2667,통일로92길
2019,1,A,골목상권,1000433,1816,873,943,236,292,318,291,243,436,115,135,173,148,114,188,121,157,145,143,129,248,858,39,819,통일로87길
2019,1,A,골목상권,1000432,4505,2164,2341,553,702,716,667,760,1107,285,368,373,309,346,483,268,334,343,358,414,624,2069,24,2045,통일로78길
2019,1,A,골목상권,1000431,1750,845,905,225,238,264,273,282,468,116,115,139,140,133,202,109,123,125,133,149,266,743,0,743,통일로69길
2019,1,A,골목상권,1000430,4156,1998,2158,689,547,647,706,672,895,352,271,310,356,315,394,337,276,337,350,357,501,1665,40,1625,진흥로1길
2019,1,A,골목상권,1000429,5827,2861,2966,694,800,906,907,977,1543,353,410,483,484,470,661,341,390,423,423,507,882,2851,0,2851,진흥로12길
2019,1,A,골목상권,1000428,820,426,394,123,100,117,125,131,224,64,58,62,74,66,102,59,42,55,51,65,122,337,107,230,증산서길
2019,1,A,골목상권,1000427,2718,1329,1389,369,359,393,416,456,725,187,179,208,208,215,332,182,180,185,208,241,393,1146,40,1106,증산로9길
2019,1,A,골목상권,1000426,2741,1332,1409,373,342,325,417,467,817,189,184,160,198,223,378,184,158,165,219,244,439,1215,82,1133,증산로5길
2019,1,A,골목상권,1000425,5296,2567,2729,723,780,880,828,832,1253,361,400,463,412,380,551,362,380,417,416,452,702,2292,155,2137,증산로21길
2019,1,A,골목상권,1000424,2058,984,1074,267,287,308,311,322,563,134,134,161,157,152,246,133,153,147,154,170,317,937,57,880,증산로17길
2019,1,A,골목상권,1000423,2500,1250,1250,314,302,354,412,427,691,164,154,181,227,216,308,150,148,173,185,211,383,1156,151,1005,증산로15길
2019,1,A,골목상권,1000422,1994,1013,981,208,268,226,283,418,591,107,136,121,150,215,284,101,132,105,133,203,307,931,0,931,증산로13길
2019,1,A,골목상권,1000421,2889,1410,1479,504,354,424,515,446,646,268,174,202,267,214,285,236,180,222,248,232,361,1210,0,1210,응암로34길
2019,1,A,골목상권,1000420,1922,935,987,228,238,227,287,343,599,114,137,113,154,168,249,114,101,114,133,175,350,936,19,917,응암로22길
2019,1,A,골목상권,1000419,2596,1320,1276,361,296,405,444,414,676,189,166,210,236,233,286,172,130,195,208,181,390,1175,0,1175,응암로14길
2019,1,A,골목상권,1000418,1836,895,941,186,278,324,285,273,490,99,135,172,134,138,217,87,143,152,151,135,273,977,0,977,응암로13길
2019,1,A,골목상권,1000417,1496,753,743,183,193,135,218,280,487,101,106,77,117,130,222,82,87,58,101,150,265,723,0,723,응암로12길
2019,1,A,골목상권,1000416,3512,1689,1823,629,450,679,620,446,688,329,219,321,311,205,304,300,231,358,309,241,384,1579,103,1476,은평로8길
2019,1,A,골목상권,1000415,2300,1073,1227,364,305,371,382,359,519,185,144,183,187,163,211,179,161,188,195,196,308,993,0,993,은평로3길
2019,1,A,골목상권,1000414,295,141,154,28,39,35,48,63,82,17,24,15,22,30,33,11,15,20,26,33,49,136,0,136,은평로20길
2019,1,A,골목상권,1000413,3276,1560,1716,512,371,496,559,523,815,251,185,247,258,250,369,261,186,249,301,273,446,1400,0,1400,은평로13길
2019,1,A,골목상권,1000412,2950,1467,1483,476,358,412,508,494,702,268,189,218,253,238,301,208,169,194,255,256,401,1239,65,1174,은평로10길
2019,1,A,골목상권,1000411,2643,1234,1409,427,368,413,452,428,555,206,160,214,208,203,243,221,208,199,244,225,312,1114,61,1053,연서로5길
2019,1,A,골목상권,1000410,3959,1922,2037,493,489,527,670,689,1091,247,248,269,351,322,485,246,241,258,319,367,606,1854,41,1813,연서로41길
2019,1,A,골목상권,1000409,3678,1723,1955,636,509,639,585,550,759,305,249,298,298,250,323,331,260,341,287,300,436,1517,31,1486,연서로3길
2019,1,A,골목상권,1000408,3000,1421,1579,392,395,487,420,488,818,188,199,260,211,220,343,204,196,227,209,268,475,1347,0,1347,연서로34길
2019,1,A,골목상권,1000407,2073,1005,1068,209,282,264,287,339,692,109,144,149,139,160,304,100,138,115,148,179,388,999,0,999,연서로33길
2019,1,A,골목상권,1000406,1065,498,567,128,180,216,160,151,230,71,69,112,74,70,102,57,111,104,86,81,128,508,0,508,연서로29길
2019,1,A,골목상권,1000405,3669,1727,1942,380,664,648,534,566,877,174,320,326,258,262,387,206,344,322,276,304,490,1927,28,1899,연서로28길
2019,1,A,골목상권,1000404,2937,1375,1562,338,446,463,488,496,706,164,200,244,230,231,306,174,246,219,258,265,400,1437,0,1437,연서로27길
2019,1,A,골목상권,1000403,4250,2017,2233,703,601,692,734,627,893,351,283,355,351,279,398,352,318,337,383,348,495,1782,0,1782,연서로21길
2019,1,A,골목상권,1000402,2252,1068,1184,315,325,334,372,402,504,152,152,172,175,192,225,163,173,162,197,210,279,990,0,990,연서로17길
2019,1,A,골목상권,1000401,4663,2203,2460,698,632,684,786,772,1091,344,307,333,388,349,482,354,325,351,398,423,609,1996,21,1975,연서로16길
2019,1,A,골목상권,1000400,3952,1860,2092,621,583,589,663,642,854,307,275,297,309,300,372,314,308,292,354,342,482,1601,0,1601,연서로13길
2019,1,A,골목상권,1000399,3920,1858,2062,664,561,654,630,618,793,330,262,328,285,294,359,334,299,326,345,324,434,1507,31,1476,연서로11길
2019,1,A,골목상권,1000398,5545,2660,2885,789,727,864,932,901,1332,383,356,442,473,430,576,406,371,422,459,471,756,2523,0,2523,역말로9길
2019,1,A,골목상권,1000397,1060,528,532,106,135,108,164,202,345,62,69,62,86,106,143,44,66,46,78,96,202,530,25,505,수색로18길
2019,1,A,골목상권,1000396,2650,1243,1407,296,381,388,396,451,738,143,185,186,201,227,301,153,196,202,195,224,437,1316,0,1316,서오릉로8길
2019,1,A,골목상권,1000395,3994,1908,2086,617,536,572,635,650,984,301,273,299,306,290,439,316,263,273,329,360,545,1584,253,1331,서오릉로21길
2019,1,A,골목상권,1000394,5214,2531,2683,623,700,775,850,858,1408,301,361,417,442,426,584,322,339,358,408,432,824,2632,36,2596,불광천길
2019,1,A,골목상권,1000393,2471,1196,1275,379,312,371,416,408,585,205,164,174,207,180,266,174,148,197,209,228,319,1018,18,1000,갈현로7길
2019,1,A,골목상권,1000392,3187,1564,1623,354,443,386,493,598,913,186,249,201,240,290,398,168,194,185,253,308,515,1526,0,1526,갈현로41길
2019,1,A,골목상권,1000391,3678,1769,1909,620,571,520,596,614,757,317,292,271,267,278,344,303,279,249,329,336,413,1546,192,1354,갈현로33길
2019,1,A,골목상권,1000390,2845,1379,1466,507,380,518,481,433,526,265,173,268,227,220,226,242,207,250,254,213,300,1094,157,937,갈현로1길
2019,1,A,골목상권,1000389,3671,1824,1847,496,501,450,548,678,998,270,264,252,262,339,437,226,237,198,286,339,561,1668,0,1668,가좌로7길
2019,1,A,골목상권,1000388,3932,1969,1963,500,524,429,664,658,1157,247,286,243,339,329,525,253,238,186,325,329,632,1890,0,1890,한글비석로44길
2019,1,A,골목상권,1000387,2465,1255,1210,273,353,304,317,464,754,143,196,180,158,237,341,130,157,124,159,227,413,1208,0,1208,한글비석로24길
2019,1,A,골목상권,1000386,1815,926,889,327,251,193,304,328,412,164,135,92,155,173,207,163,116,101,149,155,205,715,442,273,한글비석로22길
2019,1,A,골목상권,1000385,2084,1078,1006,244,259,262,343,331,645,126,144,152,177,179,300,118,115,110,166,152,345,1005,254,751,석계로1길
2019,1,A,골목상권,1000384,2597,1341,1256,295,362,324,394,466,756,166,177,189,210,245,354,129,185,135,184,221,402,1315,0,1315,상계로9가길
2019,1,A,골목상권,1000383,1199,608,591,205,180,178,201,204,231,108,97,91,101,95,116,97,83,87,100,109,115,453,186,267,상계로1길
2019,1,A,골목상권,1000382,3570,1774,1796,423,631,408,539,660,909,217,313,236,285,322,401,206,318,172,254,338,508,1680,255,1425,상계로12길
2019,1,A,골목상권,1000381,2506,1237,1269,315,413,306,318,456,698,169,218,155,156,220,319,146,195,151,162,236,379,1044,75,969,동일로242길
2019,1,A,골목상권,1000380,2866,1493,1373,276,924,385,300,384,597,136,495,208,165,200,289,140,429,177,135,184,308,1736,63,1673,동일로192길
2019,1,A,골목상권,1000379,3676,1852,1824,550,553,586,536,591,860,290,281,303,291,272,415,260,272,283,245,319,445,1528,447,1081,동일로173가길
2019,1,A,골목상권,1000378,1523,759,764,258,330,161,227,264,283,145,171,83,98,123,139,113,159,78,129,141,144,673,18,655,공릉로58길
2019,1,A,골목상권,1000377,2245,1084,1161,316,356,296,342,445,490,165,181,150,154,203,231,151,175,146,188,242,259,943,322,621,해등로16길
2019,1,A,골목상권,1000376,2296,1156,1140,327,325,277,334,436,597,179,177,147,155,232,266,148,148,130,179,204,331,1047,64,983,우이천로4다길
2019,1,A,골목상권,1000375,3035,1444,1591,497,404,413,517,469,735,244,201,202,252,224,321,253,203,211,265,245,414,1243,264,979,우이천로32길
2019,1,A,골목상권,1000374,3560,1846,1714,381,484,393,549,700,1053,215,259,221,296,351,504,166,225,172,253,349,549,1684,0,1684,시루봉로23길
2019,1,A,골목상권,1000373,972,455,517,130,192,126,143,133,248,77,56,64,74,69,115,53,136,62,69,64,133,506,0,506,삼양로144길
2019,1,A,골목상권,1000372,2117,1059,1058,230,298,248,320,450,571,111,154,134,170,234,256,119,144,114,150,216,315,1019,34,985,방학로6가길
2019,1,A,골목상권,1000371,3932,1979,1953,546,526,584,538,694,1044,297,265,324,287,336,470,249,261,260,251,358,574,1793,40,1753,방학로5길
2019,1,A,골목상권,1000370,3828,1896,1932,812,502,435,704,671,704,409,272,217,322,332,344,403,230,218,382,339,360,1194,1086,108,방학로15길
2019,1,A,골목상권,1000369,1970,964,1006,288,265,256,314,363,484,148,139,138,152,174,213,140,126,118,162,189,271,820,0,820,방학로10길
2019,1,A,골목상권,1000368,1714,880,834,171,223,202,252,321,545,85,124,108,141,168,254,86,99,94,111,153,291,772,170,602,도봉산길
2019,1,A,골목상권,1000367,373,197,176,20,45,54,49,83,122,11,24,33,30,49,50,9,21,21,19,34,72,215,0,215,도봉산4길
2019,1,A,골목상권,1000366,1957,995,962,236,239,229,270,353,630,121,136,138,142,174,284,115,103,91,128,179,346,881,0,881,도봉로181길
2019,1,A,골목상권,1000365,3054,1550,1504,311,319,440,444,535,1005,166,152,245,243,259,485,145,167,195,201,276,520,1477,247,1230,도봉로169나길
2019,1,A,골목상권,1000364,1411,761,650,144,169,153,207,294,444,62,89,91,128,169,222,82,80,62,79,125,222,721,0,721,도봉로156길
2019,1,A,골목상권,1000363,692,370,322,47,88,80,65,166,246,24,57,50,38,90,111,23,31,30,27,76,135,381,0,381,도봉로152가길
2019,1,A,골목상권,1000362,3517,1732,1785,400,489,420,492,686,1030,193,248,207,267,358,459,207,241,213,225,328,571,1795,0,1795,도봉로147길
2019,1,A,골목상권,1000361,1867,926,941,202,276,216,266,375,532,111,137,113,134,183,248,91,139,103,132,192,284,819,87,732,도봉로143길
2019,1,A,골목상권,1000360,4840,2323,2517,439,794,715,739,890,1263,205,389,360,380,433,556,234,405,355,359,457,707,2543,155,2388,도봉로114길
2019,1,A,골목상권,1000359,2315,1125,1190,274,353,391,340,349,608,134,182,197,174,163,275,140,171,194,166,186,333,1116,179,937,도봉로109길
2019,1,A,골목상권,1000358,2901,1461,1440,298,396,353,455,511,888,144,207,186,237,265,422,154,189,167,218,246,466,1400,0,1400,도당로29길
2019,1,A,골목상권,1000357,3890,2034,1856,480,524,416,628,697,1145,263,292,226,332,392,529,217,232,190,296,305,616,1838,0,1838,도당로19길
2019,1,A,골목상권,1000356,3472,1750,1722,507,497,432,544,652,840,271,263,241,266,332,377,236,234,191,278,320,463,1528,0,1528,도당로13바길
2019,1,A,골목상권,1000355,1613,835,778,160,209,186,256,330,472,89,108,111,135,166,226,71,101,75,121,164,246,782,0,782,도당로13가길
2019,1,A,골목상권,1000354,2419,1196,1223,338,349,343,343,431,615,170,179,189,179,202,277,168,170,154,164,229,338,1102,0,1102,덕릉로60길
2019,1,A,골목상권,1000353,1912,949,963,276,259,278,285,337,477,152,122,141,146,155,233,124,137,137,139,182,244,770,378,392,노해로63다길
2019,1,A,골목상권,1000352,1796,871,925,151,338,336,254,303,414,80,140,172,134,143,202,71,198,164,120,160,212,992,125,867,노해로60길
2019,1,A,골목상권,1000351,1767,867,900,144,369,307,234,300,413,84,173,172,118,149,171,60,196,135,116,151,242,1012,0,1012,한천로140길
2019,1,A,골목상권,1000350,1543,733,810,133,287,246,205,255,417,62,132,129,111,112,187,71,155,117,94,143,230,846,0,846,한천로139가길
2019,1,A,골목상권,1000349,1823,897,926,186,356,322,281,252,426,95,167,173,137,119,206,91,189,149,144,133,220,1020,0,1020,한천로132길
2019,1,A,골목상권,1000348,3203,1627,1576,379,527,464,525,555,753,224,278,236,266,293,330,155,249,228,259,262,423,1630,0,1630,한천로130길
2019,1,A,골목상권,1000347,1841,905,936,220,315,301,271,286,448,111,146,168,150,150,180,109,169,133,121,136,268,936,0,936,한천로124나길
2019,1,A,골목상권,1000346,2984,1438,1546,541,402,372,513,491,665,278,205,182,244,213,316,263,197,190,269,278,349,1045,587,458,한천로109길
2019,1,A,골목상권,1000345,2696,1361,1335,368,330,311,435,509,743,191,168,173,225,254,350,177,162,138,210,255,393,1281,0,1281,인수봉로79길
2019,1,A,골목상권,1000344,3721,1786,1935,528,495,518,506,628,1046,255,253,281,240,296,461,273,242,237,266,332,585,1501,243,1258,인수봉로72길
2019,1,A,골목상권,1000343,1885,899,986,272,274,238,304,316,481,139,138,127,158,135,202,133,136,111,146,181,279,835,0,835,인수봉로56길
2019,1,A,골목상권,1000342,2046,1008,1038,174,343,391,344,346,448,86,149,209,178,178,208,88,194,182,166,168,240,1192,29,1163,오패산로67길
2019,1,A,골목상권,1000341,2884,1425,1459,358,402,367,425,489,843,190,220,203,227,221,364,168,182,164,198,268,479,1269,0,1269,오패산로52길
2019,1,A,골목상권,1000340,1428,700,728,197,228,187,228,217,371,105,112,99,120,103,161,92,116,88,108,114,210,679,0,679,오패산로30길
2019,1,A,골목상권,1000339,3271,1596,1675,319,613,532,468,508,831,161,272,291,254,244,374,158,341,241,214,264,457,1746,19,1727,수유로12길
2019,1,A,골목상권,1000338,2984,1461,1523,376,442,424,443,547,752,189,214,223,223,264,348,187,228,201,220,283,404,1336,0,1336,솔샘로65길
2019,1,A,골목상권,1000337,2334,1086,1248,279,344,338,391,418,564,147,158,184,188,170,239,132,186,154,203,248,325,1096,0,1096,솔매로50길
2019,1,A,골목상권,1000336,2059,998,1061,213,334,269,294,382,567,126,143,137,148,185,259,87,191,132,146,197,308,1057,0,1057,솔매로45길
2019,1,A,골목상권,1000335,3089,1494,1595,338,482,430,439,557,843,179,233,237,219,262,364,159,249,193,220,295,479,1506,0,1506,솔매로41길
2019,1,A,골목상권,1000334,3209,1594,1615,457,422,403,492,563,872,249,213,222,248,266,396,208,209,181,244,297,476,1416,0,1416,삼양로93길
2019,1,A,골목상권,1000333,3122,1597,1525,407,406,445,440,523,901,217,237,239,235,260,409,190,169,206,205,263,492,1387,0,1387,삼양로77길
2019,1,A,골목상권,1000332,3768,1866,1902,431,513,559,563,701,1001,229,254,290,294,356,443,202,259,269,269,345,558,1795,0,1795,삼양로54길
2019,1,A,골목상권,1000331,4172,2091,2081,438,538,465,600,824,1307,222,279,260,323,441,566,216,259,205,277,383,741,2073,0,2073,삼양로41길
2019,1,A,골목상권,1000330,1343,656,687,309,129,219,295,186,205,158,64,101,148,94,91,151,65,118,147,92,114,483,394,89,삼양로27길
2019,1,A,골목상권,1000329,3069,1535,1534,285,344,369,408,589,1074,141,178,210,214,300,492,144,166,159,194,289,582,1582,158,1424,삼양로24길
2019,1,A,골목상권,1000328,2128,1084,1044,243,315,220,319,426,605,129,183,125,167,211,269,114,132,95,152,215,336,1032,0,1032,삼양로20길
2019,1,A,골목상권,1000327,3869,1859,2010,406,691,645,543,650,934,205,335,340,270,300,409,201,356,305,273,350,525,1851,0,1851,삼각산로28길
2019,1,A,골목상권,1000326,2302,1140,1162,214,429,355,336,414,554,108,223,198,171,204,236,106,206,157,165,210,318,1179,0,1179,도봉로99길
2019,1,A,골목상권,1000325,250,126,124,17,28,42,50,48,65,8,16,25,29,26,22,9,12,17,21,22,43,150,0,150,도봉로8길
2019,1,A,골목상권,1000324,3459,1559,1900,307,734,542,468,552,856,132,237,292,239,271,388,175,497,250,229,281,468,2035,84,1951,도봉로76길
2019,1,A,골목상권,1000323,1692,823,869,182,239,246,222,285,518,97,113,134,114,136,229,85,126,112,108,149,289,876,0,876,도봉로67길
2019,1,A,골목상권,1000322,3419,1668,1751,378,543,522,558,571,847,186,254,282,290,259,397,192,289,240,268,312,450,1733,0,1733,도봉로45길
2019,1,A,골목상권,1000321,2954,1458,1496,342,368,411,448,550,835,171,183,243,228,267,366,171,185,168,220,283,469,1357,0,1357,도봉로18길
2019,1,A,골목상권,1000320,1658,830,828,173,243,203,226,314,499,86,141,118,115,156,214,87,102,85,111,158,285,796,0,796,도봉로13길
2019,1,A,골목상권,1000319,2702,1312,1390,185,536,427,425,436,693,91,235,224,227,221,314,94,301,203,198,215,379,1624,0,1624,덕릉로41길
2019,1,A,골목상권,1000318,2213,1098,1115,323,321,311,366,380,512,181,145,148,202,188,234,142,176,163,164,192,278,949,0,949,덕릉로40길
2019,1,A,골목상권,1000317,2646,1298,1348,334,355,384,401,450,722,177,198,201,200,215,307,157,157,183,201,235,415,1198,0,1198,노해로33길
2019,1,A,골목상권,1000316,1392,674,718,199,193,200,232,241,327,99,100,106,121,96,152,100,93,94,111,145,175,593,0,593,노해로23길
2019,1,A,골목상권,1000315,2608,1309,1299,292,421,356,402,476,661,146,215,199,212,239,298,146,206,157,190,237,363,1222,0,1222,노해로17길
2019,1,A,골목상권,1000314,2099,1076,1023,246,279,306,367,397,504,126,141,168,190,209,242,120,138,138,177,188,262,1092,0,1092,화랑로40길
2019,1,A,골목상권,1000313,3330,1655,1675,366,526,414,515,592,917,204,268,211,272,291,409,162,258,203,243,301,508,1662,0,1662,화랑로32길
2019,1,A,골목상권,1000312,2928,1490,1438,366,365,421,481,482,813,201,174,228,265,251,371,165,191,193,216,231,442,1319,41,1278,화랑로1길
2019,1,A,골목상권,1000311,2315,1175,1140,288,287,269,350,445,676,148,156,142,182,230,317,140,131,127,168,215,359,1010,0,1010,화랑로19길
2019,1,A,골목상권,1000310,1356,692,664,131,318,201,191,214,301,64,172,115,112,104,125,67,146,86,79,110,176,715,0,715,화랑로14길
2019,1,A,골목상권,1000309,1269,550,719,128,342,189,148,184,278,62,105,95,70,89,129,66,237,94,78,95,149,693,0,693,화랑로13길
2019,1,A,골목상권,1000308,2191,1065,1126,266,327,305,317,419,557,132,163,153,164,194,259,134,164,152,153,225,298,1003,114,889,한천로76길
2019,1,A,골목상권,1000307,1210,609,601,264,133,152,233,204,224,122,76,77,116,112,106,142,57,75,117,92,118,446,209,237,한천로101가길
2019,1,A,골목상권,1000306,1304,587,717,131,326,250,168,186,243,61,151,110,82,87,96,70,175,140,86,99,147,760,0,760,창경궁로43길
2019,1,A,골목상권,1000305,2763,1395,1368,290,507,447,424,458,637,152,254,250,224,230,285,138,253,197,200,228,352,1387,0,1387,지봉로20길
2019,1,A,골목상권,1000304,2400,1321,1079,247,784,403,264,261,441,119,486,238,141,144,193,128,298,165,123,117,248,1461,84,1377,종암로5길
2019,1,A,골목상권,1000303,2236,1105,1131,386,248,402,356,329,515,196,140,198,182,169,220,190,108,204,174,160,295,922,452,470,종암로24가길
2019,1,A,골목상권,1000302,1689,831,858,293,260,268,289,245,334,147,130,131,154,120,149,146,130,137,135,125,185,712,212,500,종암로21길
2019,1,A,골목상권,1000301,1938,949,989,271,277,291,301,322,476,130,148,152,145,161,213,141,129,139,156,161,263,849,165,684,종암로19길
2019,1,A,골목상권,1000300,3335,1600,1735,368,409,403,477,572,1106,223,201,206,224,285,461,145,208,197,253,287,645,1818,85,1733,종암로16길
2019,1,A,골목상권,1000299,1799,950,849,204,393,249,218,258,477,115,235,144,118,138,200,89,158,105,100,120,277,994,62,932,정릉로8길
2019,1,A,골목상권,1000298,3472,1704,1768,541,448,482,542,536,923,294,235,253,253,271,398,247,213,229,289,265,525,1466,0,1466,정릉로27길
2019,1,A,골목상권,1000297,1872,913,959,289,189,228,343,286,537,144,102,114,171,144,238,145,87,114,172,142,299,826,0,826,정릉로26길
2019,1,A,골목상권,1000296,267,142,125,30,28,28,49,55,77,13,12,15,29,33,40,17,16,13,20,22,37,153,0,153,장위로50길
2019,1,A,골목상권,1000295,2053,952,1101,229,459,266,261,305,533,106,170,144,142,158,232,123,289,122,119,147,301,1121,268,853,장월로1길
2019,1,A,골목상권,1000294,987,496,491,155,145,157,184,138,208,80,81,78,93,69,95,75,64,79,91,69,113,443,0,443,인촌로6길
2019,1,A,골목상권,1000293,1509,668,841,126,522,245,171,163,282,62,199,122,81,82,122,64,323,123,90,81,160,938,0,938,인촌로5길
2019,1,A,골목상권,1000292,701,410,291,49,285,104,73,70,120,24,173,68,46,40,59,25,112,36,27,30,61,504,0,504,인촌로24길
2019,1,A,골목상권,1000291,1012,491,521,74,554,123,68,62,131,39,268,73,31,31,49,35,286,50,37,31,82,789,0,789,개운사길
2019,1,A,골목상권,1000290,991,477,514,78,229,160,135,154,235,37,99,79,79,81,102,41,130,81,56,73,133,605,0,605,인촌로1길
2019,1,A,골목상권,1000289,1621,824,797,155,541,232,216,185,292,84,300,113,108,92,127,71,241,119,108,93,165,983,0,983,인촌로17가길
2019,1,A,골목상권,1000288,3008,1454,1554,341,607,377,430,490,763,154,264,205,237,251,343,187,343,172,193,239,420,1497,0,1497,오패산로4길
2019,1,A,골목상권,1000287,3327,1631,1696,454,392,436,470,556,1019,215,204,241,257,253,461,239,188,195,213,303,558,1439,342,1097,오패산로3길
2019,1,A,골목상권,1000286,1677,834,843,164,217,198,265,304,529,83,116,101,136,159,239,81,101,97,129,145,290,838,0,838,오패산로19길
2019,1,A,골목상권,1000285,2233,1124,1109,248,450,390,358,340,447,133,242,210,185,169,185,115,208,180,173,171,262,1174,0,1174,안암로5길
2019,1,A,골목상권,1000284,3084,1370,1714,267,833,610,374,364,636,135,323,289,174,175,274,132,510,321,200,189,362,1811,0,1811,아리랑로4길
2019,1,A,골목상권,1000283,1989,988,1001,263,340,259,276,298,553,141,182,136,133,159,237,122,158,123,143,139,316,893,0,893,솔샘로6길
2019,1,A,골목상권,1000282,1640,802,838,283,234,257,279,266,321,151,119,126,134,133,139,132,115,131,145,133,182,644,95,549,성북로8길
2019,1,A,골목상권,1000281,742,349,393,83,86,97,115,122,239,40,41,48,59,64,97,43,45,49,56,58,142,374,0,374,삼양로8길
2019,1,A,골목상권,1000280,1760,890,870,237,267,236,264,302,454,123,150,133,136,152,196,114,117,103,128,150,258,847,0,847,삼선교로16가길
2019,1,A,골목상권,1000279,2290,1144,1146,234,422,352,340,361,581,118,227,192,177,169,261,116,195,160,163,192,320,1198,0,1198,삼선교로10다길
2019,1,A,골목상권,1000278,2342,1083,1259,260,486,378,328,327,563,129,234,181,156,138,245,131,252,197,172,189,318,1207,0,1207,삼선교로10길
2019,1,A,골목상권,1000277,1295,433,862,71,515,294,128,107,180,26,104,128,57,44,74,45,411,166,71,63,106,927,0,927,보문로32길
2019,1,A,골목상권,1000276,2921,1328,1593,358,647,518,414,392,592,183,280,244,195,182,244,175,367,274,219,210,348,1578,0,1578,보문로31길
2019,1,A,골목상권,1000275,1517,731,786,125,403,235,181,223,350,69,191,121,93,118,139,56,212,114,88,105,211,947,0,947,보문로26길
2019,1,A,골목상권,1000274,2355,1144,1211,213,392,365,372,401,612,113,193,200,185,180,273,100,199,165,187,221,339,1264,0,1264,보문로13길
2019,1,A,골목상권,1000273,2961,1468,1493,437,423,421,459,482,739,234,221,218,245,231,319,203,202,203,214,251,420,1236,0,1236,보국문로16길
2019,1,A,골목상권,1000272,278,131,147,27,35,36,35,52,93,15,18,18,16,27,37,12,17,18,19,25,56,146,0,146,동소문로6길
2019,1,A,골목상권,1000271,374,195,179,35,58,43,58,63,117,21,31,24,32,31,56,14,27,19,26,32,61,215,0,215,동소문로2길
2019,1,A,골목상권,1000270,2278,897,1381,149,708,385,299,233,504,61,198,170,142,108,218,88,510,215,157,125,286,1530,0,1530,동소문로26가길
2019,1,A,골목상권,1000269,1084,460,624,127,293,190,146,132,196,68,100,88,66,61,77,59,193,102,80,71,119,622,0,622,동소문로15길
2019,1,A,골목상권,1000268,2936,1331,1605,495,556,412,455,434,584,244,233,195,207,203,249,251,323,217,248,231,335,1299,392,907,동소문로13길
2019,1,A,골목상권,1000267,1332,676,656,144,162,159,165,267,435,76,87,83,95,133,202,68,75,76,70,134,233,628,0,628,돌곶이로8길
2019,1,A,골목상권,1000266,1915,957,958,263,243,270,293,339,507,142,127,154,141,171,222,121,116,116,152,168,285,839,0,839,돌곶이로41길
2019,1,A,골목상권,1000265,1015,553,462,120,128,118,166,210,273,67,64,60,91,124,147,53,64,58,75,86,126,488,97,391,돌곶이로28길
2019,1,A,골목상권,1000264,2740,1388,1352,303,334,311,437,513,842,157,189,168,227,264,383,146,145,143,210,249,459,1270,0,1270,돌곶이로27길
2019,1,A,골목상권,1000263,1179,587,592,144,186,160,181,210,298,66,89,91,87,103,151,78,97,69,94,107,147,606,0,606,돌곶이로22길
2019,1,A,골목상권,1000262,1295,651,644,155,170,150,201,241,378,92,74,76,108,126,175,63,96,74,93,115,203,587,0,587,돌곶이로14길
2019,1,A,골목상권,1000261,275,139,136,15,22,25,33,44,136,8,11,14,19,25,62,7,11,11,14,19,74,172,0,172,길음로7길
2019,1,A,골목상권,1000260,2611,1315,1296,312,353,380,428,494,644,155,177,206,226,251,300,157,176,174,202,243,344,1290,82,1208,중랑천로10길
2019,1,A,골목상권,1000259,3451,1778,1673,438,492,447,501,693,880,213,273,254,273,340,425,225,219,193,228,353,455,1590,107,1483,용마산로94길
2019,1,A,골목상권,1000258,1978,1036,942,171,228,225,283,439,632,84,115,132,153,245,307,87,113,93,130,194,325,1187,0,1187,용마산로118길
2019,1,A,골목상권,1000257,2287,1161,1126,272,321,270,316,455,653,127,171,148,163,240,312,145,150,122,153,215,341,1070,30,1040,용마산로112길
2019,1,A,골목상권,1000256,3066,1549,1517,456,421,417,494,553,725,229,224,216,235,310,335,227,197,201,259,243,390,1396,0,1396,용마산로100길
2019,1,A,골목상권,1000255,3756,1826,1930,777,521,571,508,645,734,399,263,260,276,295,333,378,258,311,232,350,401,1350,484,866,신내로7가길
2019,1,A,골목상권,1000254,3180,1581,1599,304,505,551,501,525,794,174,245,291,278,244,349,130,260,260,223,281,445,1751,0,1751,사가정로54길
2019,1,A,골목상권,1000253,3131,1534,1597,426,438,452,456,567,792,203,228,219,235,261,388,223,210,233,221,306,404,1341,535,806,사가정로42길
2019,1,A,골목상권,1000252,3893,1907,1986,691,512,557,632,676,825,348,274,291,312,320,362,343,238,266,320,356,463,1458,399,1059,봉화산로56길
2019,1,A,골목상권,1000251,4652,2474,2178,442,613,687,707,954,1249,246,322,380,395,523,608,196,291,307,312,431,641,2410,0,2410,봉화산로4길
2019,1,A,골목상권,1000250,3219,1629,1590,421,522,547,453,555,721,228,257,291,237,286,330,193,265,256,216,269,391,1537,0,1537,봉화산로30길
2019,1,A,골목상권,1000249,2159,1037,1122,174,454,511,272,324,424,81,188,275,140,151,202,93,266,236,132,173,222,1222,0,1222,봉우재로33길
2019,1,A,골목상권,1000248,5399,2673,2726,648,808,814,790,1001,1338,320,404,456,408,495,590,328,404,358,382,506,748,2640,22,2618,면목로78길
2019,1,A,골목상권,1000247,2848,1448,1400,324,429,391,428,609,667,171,238,218,214,295,312,153,191,173,214,314,355,1367,0,1367,면목로56길
2019,1,A,골목상권,1000246,1994,1014,980,298,283,301,339,366,407,151,143,151,185,190,194,147,140,150,154,176,213,940,0,940,면목로55길
2019,1,A,골목상권,1000245,2887,1455,1432,284,353,503,467,509,771,166,157,277,257,244,354,118,196,226,210,265,417,1614,0,1614,면목로49길
2019,1,A,골목상권,1000244,3095,1490,1605,373,485,551,473,531,682,187,222,288,243,247,303,186,263,263,230,284,379,1529,0,1529,면목로48길
2019,1,A,골목상권,1000243,1356,684,672,114,224,190,217,251,360,55,117,95,119,136,162,59,107,95,98,115,198,728,0,728,면목로45길
2019,1,A,골목상권,1000242,2668,1356,1312,410,357,381,451,447,622,220,181,199,233,248,275,190,176,182,218,199,347,1231,0,1231,면목로33길
2019,1,A,골목상권,1000241,1920,971,949,252,271,295,327,334,441,132,146,151,179,167,196,120,125,144,148,167,245,884,0,884,면목로21길
2019,1,A,골목상권,1000240,1447,780,667,170,186,154,222,292,423,86,114,87,123,153,217,84,72,67,99,139,206,739,0,739,망우로73길
2019,1,A,골목상권,1000239,2371,1219,1152,289,355,339,325,473,590,151,194,186,163,232,293,138,161,153,162,241,297,1154,0,1154,망우로68길
2019,1,A,골목상권,1000238,3673,1839,1834,480,528,698,535,636,796,239,254,392,263,324,367,241,274,306,272,312,429,1838,0,1838,동일로163길
2019,1,A,골목상권,1000237,2697,1341,1356,261,467,500,392,460,617,132,212,277,212,237,271,129,255,223,180,223,346,1470,0,1470,동일로157길
2019,1,A,골목상권,1000236,3015,1486,1529,438,446,512,465,506,648,229,224,268,232,247,286,209,222,244,233,259,362,1362,0,1362,동일로149길
2019,1,A,골목상권,1000235,2426,1269,1157,322,354,421,330,428,571,189,198,219,187,219,257,133,156,202,143,209,314,1089,0,1089,동일로140길
2019,1,A,골목상권,1000234,2839,1444,1395,232,365,386,414,618,824,115,182,209,216,326,396,117,183,177,198,292,428,1555,0,1555,동일로139길
2019,1,A,골목상권,1000233,1752,897,855,222,264,259,234,354,419,115,135,139,123,179,206,107,129,120,111,175,213,762,110,652,동일로139가길
2019,1,A,골목상권,1000232,3433,1649,1784,480,552,547,471,635,748,228,282,271,240,297,331,252,270,276,231,338,417,1547,0,1547,동일로130길
2019,1,A,골목상권,1000231,2694,1353,1341,263,400,376,379,581,695,151,200,195,189,297,321,112,200,181,190,284,374,1422,0,1422,동일로123길
2019,1,A,골목상권,1000230,4319,2131,2188,389,786,836,615,784,909,212,373,420,323,377,426,177,413,416,292,407,483,2378,0,2378,동일로112길
2019,1,A,골목상권,1000229,3029,1496,1533,460,401,365,534,574,695,204,201,197,276,298,320,256,200,168,258,276,375,1366,146,1220,동일로101길
2019,1,A,골목상권,1000228,5044,2557,2487,612,787,762,699,988,1196,316,393,422,357,497,572,296,394,340,342,491,624,2339,59,2280,동일로100길
2019,1,A,골목상권,1000227,1960,969,991,258,288,302,301,386,425,132,136,166,146,198,191,126,152,136,155,188,234,917,19,898,답십리로75길
2019,1,A,골목상권,1000226,4220,2043,2177,503,624,775,642,624,1052,259,307,384,327,289,477,244,317,391,315,335,575,2034,364,1670,공릉로2길
2019,1,A,골목상권,1000225,1419,708,711,298,183,201,249,213,275,155,106,102,122,101,122,143,77,99,127,112,153,565,127,438,공릉로12가길
2019,1,A,골목상권,1000224,5220,2623,2597,671,823,877,792,967,1090,342,434,459,409,479,500,329,389,418,383,488,590,2377,109,2268,겸재로54길
2019,1,A,골목상권,1000223,4285,2092,2193,450,633,660,709,793,1040,228,291,340,352,398,483,222,342,320,357,395,557,2387,0,2387,겸재로36길
2019,1,A,골목상권,1000222,2290,1175,1115,233,356,368,343,430,560,121,184,195,192,224,259,112,172,173,151,206,301,1242,196,1046,겸재로29길
2019,1,A,골목상권,1000221,2597,1285,1312,231,463,392,383,468,660,115,230,208,211,246,275,116,233,184,172,222,385,1442,0,1442,휘경로3길
2019,1,A,골목상권,1000220,1304,673,631,113,374,206,162,174,275,52,187,129,94,88,123,61,187,77,68,86,152,788,0,788,휘경로2길
2019,1,A,골목상권,1000219,2534,1247,1287,222,310,350,436,414,802,106,171,190,237,222,321,116,139,160,199,192,481,1491,0,1491,휘경로23길
2019,1,A,골목상권,1000218,1974,1025,949,151,299,253,313,382,576,78,164,140,181,198,264,73,135,113,132,184,312,1099,0,1099,휘경로14길
2019,1,A,골목상권,1000217,2386,1150,1236,429,278,315,429,391,544,213,127,175,193,195,247,216,151,140,236,196,297,922,421,501,한천로46길
2019,1,A,골목상권,1000216,1844,926,918,187,240,208,293,348,568,90,130,110,155,185,256,97,110,98,138,163,312,985,0,985,한천로40길
2019,1,A,골목상권,1000215,872,424,448,123,122,121,153,161,192,64,54,55,83,78,90,59,68,66,70,83,102,390,0,390,한천로33길
2019,1,A,골목상권,1000214,3130,1634,1496,318,368,415,493,649,887,170,191,221,275,354,423,148,177,194,218,295,464,1674,44,1630,한천로14길
2019,1,A,골목상권,1000213,2761,1420,1341,409,429,507,470,393,553,216,216,270,251,190,277,193,213,237,219,203,276,1224,418,806,천호대로97길
2019,1,A,골목상권,1000212,2360,1225,1135,288,356,379,364,423,550,149,195,212,184,203,282,139,161,167,180,220,268,1023,93,930,천호대로77길
2019,1,A,골목상권,1000211,2583,1359,1224,240,398,389,337,421,798,124,217,223,196,219,380,116,181,166,141,202,418,1346,0,1346,천호대로45길
2019,1,A,골목상권,1000210,2859,1413,1446,243,606,564,416,433,597,130,274,303,222,229,255,113,332,261,194,204,342,1712,35,1677,천호대로17길
2019,1,A,골목상권,1000209,207,117,90,26,25,23,37,45,51,13,14,13,25,25,27,13,11,10,12,20,24,104,0,104,천호대로12길
2019,1,A,골목상권,1000208,1387,700,687,131,764,146,92,83,171,53,403,82,46,37,79,78,361,64,46,46,92,1051,0,1051,천장산로7길
2019,1,A,골목상권,1000207,1016,559,457,62,214,155,140,155,290,35,122,97,85,90,130,27,92,58,55,65,160,656,0,656,제기로5길
2019,1,A,골목상권,1000206,3144,1599,1545,279,310,330,409,546,1270,137,172,201,219,287,583,142,138,129,190,259,687,1832,0,1832,제기로21길
2019,1,A,골목상권,1000205,1473,768,705,119,183,145,242,322,462,68,103,76,134,176,211,51,80,69,108,146,251,872,0,872,전농로4길
2019,1,A,골목상권,1000204,1649,830,819,212,244,172,263,311,447,116,129,94,126,155,210,96,115,78,137,156,237,776,0,776,전농로3길
2019,1,A,골목상권,1000203,1970,978,992,231,278,225,284,379,573,116,162,129,142,186,243,115,116,96,142,193,330,972,0,972,전농로29길
2019,1,A,골목상권,1000202,2291,1145,1146,320,334,400,336,398,503,170,171,201,163,191,249,150,163,199,173,207,254,960,162,798,장한로8길
2019,1,A,골목상권,1000201,2085,1041,1044,298,304,349,309,357,468,161,147,185,164,171,213,137,157,164,145,186,255,910,305,605,장한로5길
2019,1,A,골목상권,1000200,932,501,431,101,110,146,155,187,233,55,62,78,87,100,119,46,48,68,68,87,114,497,25,472,장한로27길
2019,1,A,골목상권,1000199,974,476,498,121,131,124,152,173,273,55,71,59,76,92,123,66,60,65,76,81,150,446,0,446,장한로27가길
2019,1,A,골목상권,1000198,2624,1290,1334,505,287,371,512,359,590,258,145,165,272,175,275,247,142,206,240,184,315,981,293,688,장한로26길
2019,1,A,골목상권,1000197,1417,703,714,203,210,298,221,200,285,97,93,156,120,93,144,106,117,142,101,107,141,674,313,361,장한로26가길
2019,1,A,골목상권,1000196,602,307,295,77,80,113,77,114,141,42,46,64,39,53,63,35,34,49,38,61,78,271,0,271,장한로25길
2019,1,A,골목상권,1000195,1457,746,711,252,168,233,243,199,362,135,90,120,134,97,170,117,78,113,109,102,192,538,140,398,장한로14길
2019,1,A,골목상권,1000194,3339,1700,1639,384,552,453,488,549,913,208,275,263,254,283,417,176,277,190,234,266,496,1676,0,1676,이문로42길
2019,1,A,골목상권,1000193,3473,1786,1687,360,398,457,521,666,1071,187,224,243,296,365,471,173,174,214,225,301,600,1898,310,1588,왕산로43길
2019,1,A,골목상권,1000192,627,313,314,40,65,67,73,105,277,17,32,37,39,57,131,23,33,30,34,48,146,363,0,363,왕산로33길
2019,1,A,골목상권,1000191,1076,566,510,68,185,160,138,188,337,31,98,86,87,107,157,37,87,74,51,81,180,632,0,632,왕산로32길
2019,1,A,골목상권,1000190,1564,820,744,98,183,173,197,286,627,54,97,100,124,168,277,44,86,73,73,118,350,927,0,927,약령시로17길
2019,1,A,골목상권,1000189,2393,1211,1182,384,303,428,402,348,528,208,142,223,213,184,241,176,161,205,189,164,287,1115,114,1001,서울시립대로4길
2019,1,A,골목상권,1000188,4149,2109,2040,425,1124,622,440,551,987,228,601,359,248,254,419,197,523,263,192,297,568,2336,0,2336,서울시립대로29길
2019,1,A,골목상권,1000187,3392,1662,1730,413,561,382,501,667,868,208,284,217,258,316,379,205,277,165,243,351,489,1494,437,1057,서울시립대로16길
2019,1,A,골목상권,1000186,1821,891,930,249,253,282,293,316,428,123,139,137,148,160,184,126,114,145,145,156,244,860,155,705,사가정로2길
2019,1,A,골목상권,1000185,2021,977,1044,318,282,272,324,352,473,156,145,143,155,159,219,162,137,129,169,193,254,780,150,630,사가정로23가길
2019,1,A,골목상권,1000184,2001,978,1023,205,275,252,254,405,610,98,148,136,129,202,265,107,127,116,125,203,345,1006,0,1006,사가정로13길
2019,1,A,골목상권,1000183,1054,620,434,94,326,178,117,135,204,46,219,118,66,76,95,48,107,60,51,59,109,667,0,667,무학로45길
2019,1,A,골목상권,1000182,1368,702,666,158,184,186,205,267,368,76,112,105,112,125,172,82,72,81,93,142,196,635,0,635,무학로16길
2019,1,A,골목상권,1000181,559,285,274,76,87,73,72,90,161,39,41,43,35,43,84,37,46,30,37,47,77,252,107,145,망우로21길
2019,1,A,골목상권,1000180,1556,765,791,163,550,216,187,163,277,78,270,115,100,80,122,85,280,101,87,83,155,955,0,955,망우로18길
2019,1,A,골목상권,1000179,2586,1346,1240,228,890,331,256,317,564,115,504,195,137,140,255,113,386,136,119,177,309,1557,0,1557,망우로18가길
2019,1,A,골목상권,1000178,1142,558,584,156,161,223,168,192,242,76,82,106,89,90,115,80,79,117,79,102,127,530,22,508,답십리로72길
2019,1,A,골목상권,1000177,1795,946,849,309,195,314,292,275,410,172,107,165,157,136,209,137,88,149,135,139,201,711,267,444,답십리로69길
2019,1,A,골목상권,1000176,3318,1714,1604,385,485,730,579,557,582,223,246,400,304,276,265,162,239,330,275,281,317,1652,0,1652,답십리로68길
2019,1,A,골목상권,1000175,2831,1412,1419,352,366,449,451,538,675,178,185,249,236,270,294,174,181,200,215,268,381,1384,35,1349,답십리로64길
2019,1,A,골목상권,1000174,1374,706,668,153,191,188,217,248,377,70,103,115,115,125,178,83,88,73,102,123,199,656,0,656,답십리로63길
2019,1,A,골목상권,1000173,1715,880,835,203,233,225,246,332,476,104,122,127,133,167,227,99,111,98,113,165,249,790,140,650,답십리로60길
2019,1,A,골목상권,1000172,3636,1799,1837,416,455,466,574,670,1055,201,249,253,299,332,465,215,206,213,275,338,590,1729,451,1278,답십리로56길
2019,1,A,골목상권,1000171,2334,1151,1183,300,366,335,344,407,582,172,178,163,182,196,260,128,188,172,162,211,322,1113,89,1024,답십리로23길
2019,1,A,골목상권,1000170,214,127,87,20,29,32,35,31,67,13,15,20,20,18,41,7,14,12,15,13,26,111,0,111,난계로30길
2019,1,A,골목상권,1000169,1245,634,611,119,429,169,155,142,231,55,228,97,79,70,105,64,201,72,76,72,126,779,0,779,경희대로4길
2019,1,A,골목상권,1000168,601,283,318,42,228,108,61,57,105,19,99,56,28,34,47,23,129,52,33,23,58,414,0,414,경희대로3길
2019,1,A,골목상권,1000167,3330,1600,1730,485,503,549,513,558,722,247,246,275,255,254,323,238,257,274,258,304,399,1369,22,1347,천호대로129길
2019,1,A,골목상권,1000166,3065,1474,1591,454,489,536,460,545,581,241,233,262,227,248,263,213,256,274,233,297,318,1315,0,1315,천호대로123길
2019,1,A,골목상권,1000165,3559,1663,1896,408,688,729,502,554,678,207,281,344,242,267,322,201,407,385,260,287,356,1769,214,1555,천호대로109길
2019,1,A,골목상권,1000164,3711,1870,1841,552,549,513,597,693,807,285,305,247,310,350,373,267,244,266,287,343,434,1626,150,1476,자양번영로3길
2019,1,A,골목상권,1000163,2772,1340,1432,397,374,457,386,508,650,208,174,222,187,246,303,189,200,235,199,262,347,1174,0,1174,자양로53길
2019,1,A,골목상권,1000162,4521,2199,2322,666,621,696,697,763,1078,356,330,356,337,344,476,310,291,340,360,419,602,1924,17,1907,자양로50길
2019,1,A,골목상권,1000161,2530,1204,1326,283,406,431,387,465,558,155,190,196,193,215,255,128,216,235,194,250,303,1140,0,1140,자양로45길
2019,1,A,골목상권,1000160,3052,1455,1597,365,626,550,494,495,522,187,277,273,239,239,240,178,349,277,255,256,282,1482,58,1424,자양로26길
2019,1,A,골목상권,1000159,1886,846,1040,209,351,316,269,301,440,106,151,133,118,145,193,103,200,183,151,156,247,968,0,968,자양로15길
2019,1,A,골목상권,1000158,3832,1873,1959,399,619,701,552,671,890,194,309,369,279,321,401,205,310,332,273,350,489,2055,0,2055,자양로11길
2019,1,A,골목상권,1000157,3903,1902,2001,642,619,773,592,583,694,357,305,366,291,271,312,285,314,407,301,312,382,1715,39,1676,용마산로3길
2019,1,A,골목상권,1000156,5416,2681,2735,701,879,989,772,981,1094,349,438,525,376,484,509,352,441,464,396,497,585,2408,38,2370,용마산로21길
2019,1,A,골목상권,1000155,1476,708,768,215,198,331,216,211,305,112,95,151,109,98,143,103,103,180,107,113,162,639,201,438,아차산로78길
2019,1,A,골목상권,1000154,3001,1415,1586,593,445,457,541,433,532,274,220,217,255,207,242,319,225,240,286,226,290,1246,70,1176,아차산로65길
2019,1,A,골목상권,1000153,2877,1344,1533,248,639,636,387,403,564,132,305,310,198,160,239,116,334,326,189,243,325,1517,0,1517,아차산로55길
2019,1,A,골목상권,1000152,1779,832,947,167,472,396,216,257,271,85,199,192,101,131,124,82,273,204,115,126,147,1013,0,1013,아차산로51길
2019,1,A,골목상권,1000151,3042,1494,1548,398,561,533,444,493,613,206,274,263,226,252,273,192,287,270,218,241,340,1406,46,1360,아차산로40길
2019,1,A,골목상권,1000150,4210,2099,2111,429,614,743,598,799,1027,215,321,401,297,390,475,214,293,342,301,409,552,2155,0,2155,면목로17길
2019,1,A,골목상권,1000149,2935,1471,1464,407,507,475,435,503,608,223,251,252,208,241,296,184,256,223,227,262,312,1293,0,1293,뚝섬로64길
2019,1,A,골목상권,1000148,3603,1730,1873,609,532,642,592,538,690,311,254,324,271,256,314,298,278,318,321,282,376,1455,33,1422,뚝섬로58길
2019,1,A,골목상권,1000147,3665,1805,1860,664,526,665,665,567,578,344,270,337,313,273,268,320,256,328,352,294,310,1461,30,1431,뚝섬로54길
2019,1,A,골목상권,1000146,3659,1781,1878,475,580,718,589,582,715,244,281,352,299,279,326,231,299,366,290,303,389,1696,0,1696,뚝섬로48길
2019,1,A,골목상권,1000145,2990,1508,1482,328,419,489,451,564,739,165,216,275,223,288,341,163,203,214,228,276,398,1476,0,1476,뚝섬로24길
2019,1,A,골목상권,1000144,1914,941,973,218,264,295,286,354,497,103,133,154,156,179,216,115,131,141,130,175,281,989,88,901,뚝섬로23길
2019,1,A,골목상권,1000143,2973,1440,1533,233,928,608,354,348,502,124,399,319,196,171,231,109,529,289,158,177,271,1849,169,1680,동일로24길
2019,1,A,골목상권,1000142,1845,958,887,154,326,320,267,335,443,77,165,177,144,191,204,77,161,143,123,144,239,1058,0,1058,동일로18길
2019,1,A,골목상권,1000141,3013,1483,1530,639,399,471,543,502,459,329,199,218,267,246,224,310,200,253,276,256,235,1071,389,682,능동로4길
2019,1,A,골목상권,1000140,3639,1812,1827,348,460,523,516,724,1068,167,242,263,278,367,495,181,218,260,238,357,573,1901,205,1696,능동로3길
2019,1,A,골목상권,1000139,5108,2347,2761,579,941,1245,747,653,943,301,388,563,374,303,418,278,553,682,373,350,525,2702,0,2702,능동로34길
2019,1,A,골목상권,1000138,2317,1125,1192,96,887,399,241,274,420,35,383,208,142,168,189,61,504,191,99,106,231,1847,0,1847,능동로19길
2019,1,A,골목상권,1000137,3647,1728,1919,217,1418,717,352,387,556,112,615,373,186,201,241,105,803,344,166,186,315,2530,0,2530,능동로13길
2019,1,A,골목상권,1000136,2083,1048,1035,246,339,368,305,354,471,133,161,197,161,175,221,113,178,171,144,179,250,986,0,986,긴고랑로9길
2019,1,A,골목상권,1000135,4150,2091,2059,408,684,870,596,695,897,236,327,455,315,334,424,172,357,415,281,361,473,2086,20,2066,긴고랑로8길
2019,1,A,골목상권,1000134,4756,2316,2440,668,701,723,794,837,1033,338,338,365,398,407,470,330,363,358,396,430,563,2222,31,2191,긴고랑로7길
2019,1,A,골목상권,1000133,4137,1973,2164,518,675,736,620,707,881,272,316,359,304,320,402,246,359,377,316,387,479,1997,0,1997,긴고랑로20길
2019,1,A,골목상권,1000132,4356,2072,2284,586,734,831,712,661,832,275,361,408,353,312,363,311,373,423,359,349,469,2061,0,2061,광나루로52길
2019,1,A,골목상권,1000131,3897,1941,1956,425,700,802,612,532,826,205,343,429,317,283,364,220,357,373,295,249,462,1953,0,1953,광나루로40길
2019,1,A,골목상권,1000130,679,329,350,104,100,102,96,118,159,52,48,51,50,62,66,52,52,51,46,56,93,316,0,316,광나루로37길
2019,1,A,골목상권,1000129,2665,1284,1381,340,423,487,420,420,575,155,212,233,221,212,251,185,211,254,199,208,324,1367,0,1367,광나루로36길
2019,1,A,골목상권,1000128,1289,684,605,89,439,213,151,157,240,44,246,120,91,77,106,45,193,93,60,80,134,826,0,826,광나루로24길
2019,1,A,골목상권,1000127,2765,1353,1412,128,1460,607,220,167,183,57,636,338,132,95,95,71,824,269,88,72,88,2316,41,2275,광나루로12길
2019,1,A,골목상권,1000126,2107,976,1131,203,278,352,306,387,581,89,123,172,154,203,235,114,155,180,152,184,346,1019,700,319,한림말길
2019,1,A,골목상권,1000125,922,437,485,117,133,175,149,119,229,58,58,84,77,58,102,59,75,91,72,61,127,488,57,431,한림말3길
2019,1,A,골목상권,1000124,2624,1338,1286,307,419,356,393,498,651,163,227,193,199,263,293,144,192,163,194,235,358,1221,0,1221,청계천로10나길
2019,1,A,골목상권,1000123,1949,943,1006,199,255,293,307,319,576,109,129,148,157,154,246,90,126,145,150,165,330,988,0,988,장터길
2019,1,A,골목상권,1000122,2613,1350,1263,295,419,327,429,477,666,157,222,180,228,243,320,138,197,147,201,234,346,1232,0,1232,용답중앙길
2019,1,A,골목상권,1000121,3063,1536,1527,313,478,453,476,571,772,155,228,239,252,308,354,158,250,214,224,263,418,1613,0,1613,용답29길
2019,1,A,골목상권,1000120,2259,1143,1116,310,344,385,405,315,500,173,174,192,202,159,243,137,170,193,203,156,257,1073,175,898,왕십리로6길
2019,1,A,골목상권,1000119,2870,1363,1507,319,528,488,446,421,668,149,231,249,233,209,292,170,297,239,213,212,376,1480,94,1386,왕십리로31길
2019,1,A,골목상권,1000118,2882,1438,1444,353,591,427,446,498,567,184,273,220,232,273,256,169,318,207,214,225,311,1485,0,1485,왕십리로26길
2019,1,A,골목상권,1000117,2417,1131,1286,306,478,368,398,380,487,150,216,188,194,178,205,156,262,180,204,202,282,1186,0,1186,왕십리로21길
2019,1,A,골목상권,1000116,1831,945,886,216,331,298,273,316,397,123,165,144,138,167,208,93,166,154,135,149,189,899,77,822,왕십리로14길
2019,1,A,골목상권,1000115,1820,953,867,184,384,341,259,315,337,109,187,190,138,170,159,75,197,151,121,145,178,918,0,918,아차산로5길
2019,1,A,골목상권,1000114,429,249,180,7,149,161,52,31,29,3,56,104,43,24,19,4,93,57,9,7,10,397,0,397,아차산로15길
2019,1,A,골목상권,1000113,355,206,149,38,47,62,71,72,65,18,24,33,45,44,42,20,23,29,26,28,23,197,0,197,아차산로11길
2019,1,A,골목상권,1000112,2678,1440,1238,276,473,382,368,553,626,140,256,207,213,311,313,136,217,175,155,242,313,1414,0,1414,송정4가길
2019,1,A,골목상권,1000111,1292,693,599,151,200,187,194,242,318,85,109,100,115,132,152,66,91,87,79,110,166,661,0,661,송정12라길
2019,1,A,골목상권,1000110,624,355,269,69,120,84,110,127,114,32,64,45,63,84,67,37,56,39,47,43,47,370,0,370,성수일로6길
2019,1,A,골목상권,1000109,1289,695,594,107,300,236,172,223,251,56,137,141,98,128,135,51,163,95,74,95,116,778,26,752,성수이로7길
2019,1,A,골목상권,1000108,259,150,109,31,36,25,51,61,55,15,18,18,33,42,24,16,18,7,18,19,31,146,0,146,성수이로18길
2019,1,A,골목상권,1000107,3209,1669,1540,390,540,417,491,702,669,203,299,232,243,397,295,187,241,185,248,305,374,1559,0,1559,성덕정길
2019,1,A,골목상권,1000106,3526,1880,1646,377,481,476,528,762,902,194,255,259,297,445,430,183,226,217,231,317,472,1813,0,1813,성덕정17길
2019,1,A,골목상권,1000105,1793,895,898,233,287,355,286,278,354,113,158,181,152,137,154,120,129,174,134,141,200,880,54,826,서울숲2길
2019,1,A,골목상권,1000104,1128,576,552,131,206,217,195,176,203,64,102,113,105,97,95,67,104,104,90,79,108,611,0,611,상원길
2019,1,A,골목상권,1000103,2392,1211,1181,331,415,440,362,401,443,170,205,234,197,204,201,161,210,206,165,197,242,1131,442,689,상원12길
2019,1,A,골목상권,1000102,2405,1346,1059,169,967,304,213,252,500,82,614,185,119,124,222,87,353,119,94,128,278,1645,0,1645,사근동길
2019,1,A,골목상권,1000101,2274,1137,1137,364,385,330,371,368,456,195,205,170,180,181,206,169,180,160,191,187,250,1002,251,751,무학봉길
2019,1,A,골목상권,1000100,1004,463,541,77,225,158,145,177,222,35,96,77,76,92,87,42,129,81,69,85,135,596,0,596,무학봉28길
2019,1,A,골목상권,1000099,1814,892,922,191,322,313,280,302,406,103,151,154,151,153,180,88,171,159,129,149,226,950,111,839,무학로6길
2019,1,A,골목상권,1000098,2199,1053,1146,265,263,325,383,376,587,127,117,165,202,193,249,138,146,160,181,183,338,1175,0,1175,무수막길
2019,1,A,골목상권,1000097,5859,2768,3091,976,726,1508,953,808,888,501,353,675,475,368,396,475,373,833,478,440,492,2373,0,2373,매봉길
2019,1,A,골목상권,1000096,1219,570,649,76,587,208,78,109,161,37,266,99,36,53,79,39,321,109,42,56,82,897,0,897,마조로1길
2019,1,A,골목상권,1000095,2709,1352,1357,317,409,336,395,462,790,169,195,169,211,241,367,148,214,167,184,221,423,1378,302,1076,마조로16길
2019,1,A,골목상권,1000094,1329,653,676,238,197,199,238,217,240,124,97,105,113,100,114,114,100,94,125,117,126,483,35,448,마장로39길
2019,1,A,골목상권,1000093,1827,916,911,230,300,288,254,302,453,131,152,143,141,146,203,99,148,145,113,156,250,875,0,875,마장로27길
2019,1,A,골목상권,1000092,1831,889,942,266,286,351,301,304,323,119,141,166,145,175,143,147,145,185,156,129,180,914,87,827,뚝섬로5길
2019,1,A,골목상권,1000091,2877,1548,1329,301,445,379,439,644,669,154,243,218,241,371,321,147,202,161,198,273,348,1502,0,1502,둘레9길
2019,1,A,골목상권,1000090,3321,1647,1674,443,464,443,516,593,862,248,237,235,256,296,375,195,227,208,260,297,487,1433,109,1324,금호산길
2019,1,A,골목상권,1000089,2321,1168,1153,291,363,320,326,401,620,162,207,173,165,196,265,129,156,147,161,205,355,1064,0,1064,금호산2길
2019,1,A,골목상권,1000088,4112,1971,2141,235,687,841,381,1008,960,124,481,322,203,384,457,111,206,519,178,624,503,2059,14,2045,고산자로6길
2019,1,A,골목상권,1000087,5621,2687,2934,873,785,927,950,868,1218,461,392,449,470,401,514,412,393,478,480,467,704,2665,12,2653,후암로28길
2019,1,A,골목상권,1000086,3151,1495,1656,442,475,568,489,460,717,223,232,292,230,226,292,219,243,276,259,234,425,1496,48,1448,효창원로39길
2019,1,A,골목상권,1000085,2228,987,1241,189,272,337,351,353,726,96,144,155,165,152,275,93,128,182,186,201,451,1316,0,1316,회나무로13길
2019,1,A,골목상권,1000084,566,257,309,42,94,130,88,73,139,20,32,68,42,36,59,22,62,62,46,37,80,362,0,362,한남대로20길
2019,1,A,골목상권,1000083,109,84,25,3,6,11,24,28,37,2,4,8,17,26,27,1,2,3,7,2,10,101,0,101,한강대로88길
2019,1,A,골목상권,1000082,751,407,344,59,66,105,101,134,286,38,38,58,62,78,133,21,28,47,39,56,153,433,0,433,한강대로7길
2019,1,A,골목상권,1000081,901,457,444,81,123,148,111,167,271,49,64,80,58,87,119,32,59,68,53,80,152,542,0,542,한강대로62길
2019,1,A,골목상권,1000080,666,337,329,33,99,147,99,71,217,18,56,82,50,50,81,15,43,65,49,21,136,464,0,464,한강대로52길
2019,1,A,골목상권,1000079,1590,753,837,115,295,507,227,197,249,63,113,228,116,102,131,52,182,279,111,95,118,1025,0,1025,한강대로43길
2019,1,A,골목상권,1000078,474,253,221,32,55,68,78,84,157,16,35,45,47,43,67,16,20,23,31,41,90,279,0,279,한강대로15길
2019,1,A,골목상권,1000077,2701,1474,1227,277,363,408,431,539,683,155,176,200,263,338,342,122,187,208,168,201,341,1603,0,1603,한강대로104길
2019,1,A,골목상권,1000076,2495,1272,1223,264,418,360,401,453,599,148,235,200,208,226,255,116,183,160,193,227,344,1309,0,1309,청파로73길
2019,1,A,골목상권,1000075,4221,2138,2083,546,753,693,671,687,871,286,407,393,337,329,386,260,346,300,334,358,485,1945,9,1936,청파로71길
2019,1,A,골목상권,1000074,3109,1469,1640,374,729,651,451,391,513,204,266,342,225,196,236,170,463,309,226,195,277,1672,15,1657,청파로47나길
2019,1,A,골목상권,1000073,1678,654,1024,146,580,272,198,170,312,69,153,122,81,89,140,77,427,150,117,81,172,1100,0,1100,청파로47길
2019,1,A,골목상권,1000072,2928,1394,1534,306,451,472,444,494,761,167,231,247,217,214,318,139,220,225,227,280,443,1421,0,1421,장문로45길
2019,1,A,골목상권,1000071,2351,1033,1318,135,256,420,386,389,765,69,93,210,200,180,281,66,163,210,186,209,484,1633,0,1633,이태원로54길
2019,1,A,골목상권,1000070,636,314,322,52,106,125,93,81,179,24,53,75,48,40,74,28,53,50,45,41,105,339,0,339,이태원로27길
2019,1,A,골목상권,1000069,1812,866,946,180,178,224,276,333,621,100,91,125,149,164,237,80,87,99,127,169,384,936,228,708,이촌로22길
2019,1,A,골목상권,1000068,1019,493,526,81,190,187,174,153,234,42,67,101,92,84,107,39,123,86,82,69,127,601,0,601,원효로89길
2019,1,A,골목상권,1000067,2331,1166,1165,238,398,489,325,333,548,122,203,266,179,167,229,116,195,223,146,166,319,1223,0,1223,원효로53길
2019,1,A,골목상권,1000066,1491,724,767,219,183,198,263,219,409,95,102,109,143,101,174,124,81,89,120,118,235,688,0,688,원효로41길
2019,1,A,골목상권,1000065,1866,903,963,256,325,312,287,283,403,130,158,155,143,136,181,126,167,157,144,147,222,834,38,796,원효로19길
2019,1,A,골목상권,1000064,2302,1154,1148,220,412,373,338,380,579,119,241,205,168,176,245,101,171,168,170,204,334,1252,0,1252,우사단로4길
2019,1,A,골목상권,1000063,1235,631,604,111,162,273,210,183,296,58,84,153,115,86,135,53,78,120,95,97,161,717,46,671,우사단로14길
2019,1,A,골목상권,1000062,2666,1423,1243,223,429,492,409,451,662,126,264,290,224,244,275,97,165,202,185,207,387,1537,0,1537,우사단로10길
2019,1,A,골목상권,1000061,2708,1319,1389,379,376,446,419,397,691,202,192,239,212,181,293,177,184,207,207,216,398,1253,0,1253,신흥로20길
2019,1,A,골목상권,1000060,2227,1069,1158,233,328,428,298,346,594,117,173,223,135,159,262,116,155,205,163,187,332,1120,0,1120,소월로20길
2019,1,A,골목상권,1000059,2522,1200,1322,284,318,286,391,460,783,141,154,150,201,235,319,143,164,136,190,225,464,1255,0,1255,서빙고로71길
2019,1,A,골목상권,1000058,4152,1979,2173,619,630,1076,694,530,603,314,237,505,361,252,310,305,393,571,333,278,293,2091,303,1788,백범로90길
2019,1,A,골목상권,1000057,4401,2058,2343,595,778,888,674,639,827,305,329,458,327,299,340,290,449,430,347,340,487,2001,16,1985,백범로79길
2019,1,A,골목상권,1000056,3185,1705,1480,283,439,435,480,565,983,148,243,230,263,334,487,135,196,205,217,231,496,1926,0,1926,두텁바위로1길
2019,1,A,골목상권,1000055,1423,684,739,141,273,264,179,232,334,70,140,135,88,108,143,71,133,129,91,124,191,739,0,739,대사관로34길
2019,1,A,골목상권,1000054,850,432,418,99,151,166,128,102,204,52,96,80,65,52,87,47,55,86,63,50,117,455,0,455,녹사평대로46길
2019,1,A,골목상권,1000053,771,358,413,101,125,144,121,89,191,41,55,76,64,41,81,60,70,68,57,48,110,394,0,394,녹사평대로40나길
2019,1,A,골목상권,1000052,534,272,262,49,81,123,74,61,146,30,45,63,42,27,65,19,36,60,32,34,81,289,0,289,녹사평대로32길
2019,1,A,골목상권,1000051,955,449,506,82,161,199,127,145,241,45,84,107,54,69,90,37,77,92,73,76,151,519,0,519,녹사평대로26길
2019,1,A,골목상권,1000050,418,204,214,44,51,79,72,58,114,23,26,39,33,38,45,21,25,40,39,20,69,213,0,213,녹사평대로11길
2019,1,A,골목상권,1000049,3440,1717,1723,355,546,411,584,661,883,184,269,207,308,362,387,171,277,204,276,299,496,1838,0,1838,퇴계로90길
2019,1,A,골목상권,1000048,1491,762,729,83,142,145,190,245,686,34,60,88,94,133,353,49,82,57,96,112,333,1036,0,1036,퇴계로8길
2019,1,A,골목상권,1000047,1130,580,550,92,182,132,157,199,368,50,104,74,90,101,161,42,78,58,67,98,207,623,0,623,퇴계로56길
2019,1,A,골목상권,1000046,618,322,296,84,136,108,79,63,148,46,64,59,48,34,71,38,72,49,31,29,77,366,0,366,퇴계로46길
2019,1,A,골목상권,1000045,706,350,356,93,94,126,113,87,193,46,55,69,55,42,83,47,39,57,58,45,110,406,0,406,퇴계로18길
2019,1,A,골목상권,1000044,935,457,478,83,111,119,153,149,320,50,58,67,87,73,122,33,53,52,66,76,198,491,113,378,퇴계로12길
2019,1,A,골목상권,1000043,2037,952,1085,221,286,247,328,392,563,103,134,136,162,203,214,118,152,111,166,189,349,1071,0,1071,청구로1길
2019,1,A,골목상권,1000042,1792,890,902,206,311,272,257,311,435,108,146,152,125,157,202,98,165,120,132,154,233,896,0,896,청구로17길
2019,1,A,골목상권,1000041,1480,746,734,143,279,234,227,235,362,73,145,122,125,115,166,70,134,112,102,120,196,796,0,796,장충단로8길
2019,1,A,골목상권,1000040,107,63,44,29,10,28,16,13,11,19,5,16,8,8,7,10,5,12,8,5,4,46,0,46,삼일대로4길
2019,1,A,골목상권,1000039,531,36,495,0,9,48,113,104,257,0,1,4,9,14,8,0,8,44,104,90,249,23,0,23,명동길
2019,1,A,골목상권,1000038,697,329,368,93,132,128,107,85,152,45,62,64,54,45,59,48,70,64,53,40,93,347,0,347,동호로8길
2019,1,A,골목상권,1000037,2114,1003,1111,288,359,345,341,328,453,149,174,179,157,148,196,139,185,166,184,180,257,963,0,963,동호로20길
2019,1,A,골목상권,1000036,1877,906,971,175,274,229,303,320,576,96,132,116,150,177,235,79,142,113,153,143,341,958,0,958,동호로15길
2019,1,A,골목상권,1000035,4601,2259,2342,526,730,741,757,731,1116,291,381,392,371,349,475,235,349,349,386,382,641,2026,102,1924,동호로11길
2019,1,A,골목상권,1000034,2072,986,1086,234,417,445,289,303,384,119,188,208,143,149,179,115,229,237,146,154,205,1122,0,1122,동호로10길
2019,1,A,골목상권,1000033,875,492,383,45,102,87,129,221,291,17,56,48,85,125,161,28,46,39,44,96,130,591,0,591,다산로39길
2019,1,A,골목상권,1000032,1436,685,751,205,232,221,228,232,318,96,112,100,120,119,138,109,120,121,108,113,180,650,230,420,다산로38길
2019,1,A,골목상권,1000031,2022,993,1029,222,283,243,344,401,529,115,141,129,185,202,221,107,142,114,159,199,308,961,153,808,다산로36길
2019,1,A,골목상권,1000030,3551,1783,1768,343,606,483,566,662,891,177,311,282,300,331,382,166,295,201,266,331,509,1835,0,1835,다산로33길
2019,1,A,골목상권,1000029,1076,531,545,77,251,308,132,133,175,42,118,150,72,74,75,35,133,158,60,59,100,633,0,633,난계로21길
2019,1,A,골목상권,1000028,3351,1566,1785,285,736,710,493,508,619,135,279,339,253,263,297,150,457,371,240,245,322,1949,50,1899,난계로11길
2019,1,A,골목상권,1000027,722,323,399,137,84,89,160,93,159,62,44,41,66,47,63,75,40,48,94,46,96,326,0,326,필운대로1길
2019,1,A,골목상권,1000026,1787,882,905,307,366,173,224,264,453,182,190,85,101,120,204,125,176,88,123,144,249,865,0,865,평창길
2019,1,A,골목상권,1000025,925,433,492,127,102,97,200,128,271,68,42,49,99,62,113,59,60,48,101,66,158,449,0,449,통일로12길
2019,1,A,골목상권,1000024,2347,1180,1167,281,364,251,379,512,560,133,190,139,192,267,259,148,174,112,187,245,301,1040,63,977,창신길
2019,1,A,골목상권,1000023,1293,695,598,93,153,122,183,309,433,48,96,73,91,177,210,45,57,49,92,132,223,782,0,782,창신5길
2019,1,A,골목상권,1000022,802,414,388,69,105,83,114,188,243,32,58,49,68,93,114,37,47,34,46,95,129,407,0,407,창신2길
2019,1,A,골목상권,1000021,924,413,511,65,196,114,151,128,270,29,95,55,72,56,106,36,101,59,79,72,164,650,0,650,창경궁로35길
2019,1,A,골목상권,1000020,2307,1163,1144,231,307,283,368,452,666,122,161,162,202,224,292,109,146,121,166,228,374,1170,0,1170,지봉로8길
2019,1,A,골목상권,1000019,3627,1873,1754,313,502,456,538,806,1012,165,242,260,279,434,493,148,260,196,259,372,519,2025,62,1963,종로65길
2019,1,A,골목상권,1000018,461,246,215,19,130,122,56,58,76,5,58,71,35,34,43,14,72,51,21,24,33,370,0,370,종로58가길
2019,1,A,골목상권,1000017,45,32,13,2,1,4,7,10,21,0,1,3,7,7,14,2,0,1,0,3,7,37,0,37,종로24길
2019,1,A,골목상권,1000016,699,319,380,115,80,103,114,85,202,61,39,46,53,36,84,54,41,57,61,49,118,347,0,347,자하문로7길
2019,1,A,골목상권,1000015,1644,801,843,197,356,299,217,233,342,98,167,150,102,120,164,99,189,149,115,113,178,879,0,879,이화장길
2019,1,A,골목상권,1000014,469,251,218,44,74,80,69,88,114,29,39,48,39,43,53,15,35,32,30,45,61,253,0,253,율곡로16길
2019,1,A,골목상권,1000013,249,147,102,8,23,30,36,51,101,5,13,19,27,32,51,3,10,11,9,19,50,166,0,166,율곡로10길
2019,1,A,골목상권,1000012,2586,1163,1423,468,281,429,517,380,511,223,128,198,231,167,216,245,153,231,286,213,295,1087,111,976,옥인길
2019,1,A,골목상권,1000011,1770,886,884,169,285,262,273,334,447,90,150,133,138,170,205,79,135,129,135,164,242,916,0,916,숭인동길
2019,1,A,골목상권,1000010,947,458,489,84,329,145,110,109,170,42,165,77,57,46,71,42,164,68,53,63,99,600,0,600,성균관로5길
2019,1,A,골목상권,1000009,759,340,419,69,73,116,91,124,286,32,33,53,48,52,122,37,40,63,43,72,164,408,0,408,삼청로5길
2019,1,A,골목상권,1000008,682,324,358,104,84,110,115,104,165,61,39,55,60,42,67,43,45,55,55,62,98,326,0,326,북촌로5나길
2019,1,A,골목상권,1000007,451,209,242,60,60,59,55,69,148,37,23,26,29,33,61,23,37,33,26,36,87,214,0,214,북촌로5길
2019,1,A,골목상권,1000006,663,301,362,59,64,75,101,132,232,30,35,35,52,62,87,29,29,40,49,70,145,368,0,368,북촌로11길
2019,1,A,골목상권,1000005,1694,826,868,239,238,249,292,301,375,128,141,111,136,135,175,111,97,138,156,166,200,725,0,725,백석동길
2019,1,A,골목상권,1000004,1453,711,742,149,482,186,149,161,326,67,241,114,81,67,141,82,241,72,68,94,185,884,0,884,명륜길
2019,1,A,골목상권,1000003,1214,682,532,110,178,204,222,190,310,56,102,131,123,116,154,54,76,73,99,74,156,805,0,805,돈화문로11가길
2019,1,A,골목상권,1000002,841,383,458,19,369,234,82,54,83,11,111,110,50,43,58,8,258,124,32,11,25,775,8,767,난계로27길
2019,1,A,골목상권,1000001,1806,851,955,257,203,238,341,276,491,126,98,114,157,135,221,131,105,124,184,141,270,785,0,785,계동길
